client_id,clnt_tenure_yr,clnt_tenure_mnth,clnt_age,gender,num_accts,clnt_balance,calls_6_mnth,logons_6_mnth
836976,6.0,73.0,60.5,Unknown,2.0,45105.3,6.0,9.0
2304905,7.0,94.0,58.0,Unknown,2.0,110860.3,6.0,9.0
1439522,5.0,64.0,32.0,Unknown,2.0,52467.78999999999,6.0,9.0
1562045,16.0,198.0,49.0,Male,2.0,67454.65,3.0,6.0
5126305,12.0,145.0,33.0,Female,2.0,103671.75,0.0,3.0
3727881,5.0,71.0,30.5,Unknown,2.0,23915.6,0.0,3.0
272934,5.0,66.0,58.5,Unknown,2.0,27021.42,2.0,5.0
388801,30.0,361.0,57.5,Male,5.0,522498.72,1.0,4.0
285619,30.0,369.0,67.5,Male,2.0,299388.72,3.0,6.0
8198645,15.0,189.0,54.5,Female,2.0,382303.83,6.0,9.0
8368822,8.0,100.0,34.5,Unknown,2.0,75578.54000000001,0.0,3.0
2537139,8.0,99.0,51.5,Unknown,2.0,135940.68,6.0,9.0
2208717,5.0,67.0,33.0,Unknown,2.0,29782.96,6.0,9.0
2214073,16.0,193.0,62.5,Male,3.0,136818.03,6.0,9.0
2368987,5.0,71.0,54.5,Unknown,2.0,44408.87,2.0,5.0
2892152,4.0,58.0,36.0,Unknown,2.0,46815.48,5.0,8.0
4536541,3.0,47.0,74.0,Unknown,2.0,47804.5,1.0,4.0
3788589,10.0,122.0,32.5,Male,2.0,30750.76,0.0,3.0
719792,11.0,136.0,31.0,Female,2.0,111736.78,5.0,8.0
5904035,8.0,101.0,25.5,Unknown,2.0,27848.76,3.0,6.0
1502049,8.0,100.0,31.0,Unknown,2.0,28952.15,0.0,3.0
6590646,8.0,103.0,42.5,Female,3.0,2768726.87,5.0,8.0
7585111,5.0,70.0,42.0,Unknown,3.0,36621.41,1.0,4.0
3638336,12.0,152.0,30.5,Male,3.0,54296.67,3.0,6.0
9520009,13.0,160.0,30.0,Male,2.0,61062.57,6.0,9.0
1508759,6.0,80.0,58.5,Unknown,2.0,66514.85,4.0,7.0
9381346,7.0,88.0,62.5,Unknown,2.0,272252.76,0.0,3.0
7035604,7.0,86.0,30.5,Unknown,2.0,28175.92,1.0,4.0
3055315,5.0,65.0,34.5,Female,2.0,66560.69,1.0,5.0
3350906,5.0,68.0,55.0,Unknown,2.0,88627.18,2.0,5.0
2109862,7.0,93.0,38.0,Unknown,2.0,35917.29,2.0,5.0
1549737,7.0,94.0,68.5,Unknown,2.0,35608.94,1.0,4.0
7474517,6.0,73.0,52.5,Unknown,2.0,53993.47,4.0,7.0
6448014,7.0,85.0,57.5,Unknown,2.0,82787.45999999999,6.0,9.0
6651826,8.0,103.0,34.5,Unknown,2.0,44696.97,0.0,3.0
2305285,14.0,168.0,54.0,Male,2.0,132347.89,6.0,9.0
5889920,11.0,142.0,33.0,Male,2.0,106249.03,1.0,4.0
3065089,19.0,228.0,63.0,Male,2.0,439723.43,6.0,9.0
313570,18.0,223.0,48.0,Female,2.0,75124.07,2.0,5.0
9721424,12.0,152.0,32.0,Female,2.0,29667.6,0.0,3.0
3753796,25.0,305.0,66.5,Female,2.0,214661.75,6.0,9.0
6647577,23.0,286.0,68.0,Female,3.0,86005.57,2.0,5.0
6341488,23.0,285.0,65.0,Female,2.0,116534.46,5.0,8.0
838619,23.0,280.0,60.5,Female,2.0,131309.81,0.0,3.0
2000151,21.0,254.0,38.0,Female,2.0,136515.53999999998,6.0,9.0
6579978,21.0,253.0,74.0,Male,2.0,71192.58,1.0,4.0
8475126,23.0,278.0,51.0,Male,3.0,327091.02,3.0,6.0
7419744,18.0,221.0,49.0,Unknown,2.0,162233.71000000002,0.0,3.0
9796602,18.0,216.0,46.0,Female,2.0,25827.39,0.0,3.0
1329260,17.0,212.0,63.5,Female,2.0,666138.27,5.0,8.0
4821014,17.0,204.0,62.5,Male,2.0,45073.26,1.0,4.0
7906602,21.0,260.0,54.5,Female,2.0,39725.28,2.0,5.0
2671231,5.0,68.0,23.0,Unknown,2.0,43062.3,1.0,4.0
9587439,5.0,66.0,26.5,Unknown,2.0,28875.65,6.0,9.0
5542798,9.0,116.0,56.5,Male,2.0,79888.68,5.0,8.0
5977906,10.0,130.0,76.5,Female,2.0,82916.93,3.0,6.0
7928244,14.0,177.0,33.0,Female,2.0,105416.69,6.0,9.0
4906392,13.0,159.0,27.5,Female,2.0,52600.87,2.0,5.0
3939684,15.0,190.0,60.5,Female,2.0,48166.13,1.0,4.0
3731320,7.0,89.0,39.5,Unknown,2.0,34487.99,6.0,9.0
9055726,5.0,70.0,25.0,Unknown,3.0,33261.64,6.0,9.0
5808972,5.0,66.0,23.0,Unknown,2.0,29898.98,0.0,3.0
7414763,7.0,91.0,27.0,Unknown,2.0,53219.65,6.0,9.0
1531616,10.0,129.0,60.0,Male,2.0,100777.88,6.0,9.0
8387066,27.0,329.0,66.0,Male,2.0,406190.96,6.0,9.0
3402999,7.0,92.0,39.0,Unknown,2.0,56527.9,0.0,3.0
8593187,14.0,168.0,56.0,Male,3.0,207559.95,6.0,9.0
5908339,15.0,190.0,40.0,Female,2.0,205785.55,5.0,8.0
4442018,6.0,82.0,33.0,Unknown,2.0,65264.87,6.0,9.0
5727622,6.0,73.0,52.0,Unknown,3.0,109130.47,4.0,7.0
3284361,12.0,152.0,31.5,Female,2.0,28085.99,1.0,4.0
6666515,14.0,169.0,38.0,Unknown,2.0,59526.37,2.0,5.0
9150149,5.0,66.0,43.5,Unknown,2.0,104179.39,2.0,5.0
7176877,5.0,66.0,35.0,Unknown,2.0,75279.47,2.0,5.0
410752,11.0,142.0,19.0,Male,2.0,25640.01,2.0,5.0
3979917,19.0,239.0,63.0,Male,2.0,374919.6,4.0,7.0
7759130,5.0,69.0,64.5,Unknown,2.0,78278.56,6.0,9.0
5587497,7.0,91.0,64.0,Unknown,2.0,410277.5,5.0,8.0
4264493,5.0,67.0,22.5,Unknown,3.0,36298.01,6.0,9.0
9492169,4.0,58.0,42.0,Unknown,2.0,98181.16,0.0,3.0
5816825,14.0,178.0,54.5,Female,2.0,32873.33,3.0,6.0
9692048,11.0,142.0,38.0,Male,2.0,87935.1,4.0,7.0
9250552,7.0,95.0,33.5,Unknown,2.0,77674.34,2.0,5.0
1730954,5.0,63.0,36.5,Female,2.0,58456.9,0.0,3.0
2264903,15.0,187.0,61.0,Male,2.0,63368.8,2.0,5.0
7321667,7.0,95.0,39.5,Unknown,2.0,68761.48999999999,6.0,9.0
1460648,24.0,288.0,40.5,Female,5.0,121700.66,5.0,8.0
2942135,21.0,261.0,68.5,Unknown,3.0,417847.47,6.0,9.0
1459001,20.0,251.0,72.0,Male,3.0,166623.2,1.0,4.0
6398341,20.0,250.0,33.5,Female,3.0,109127.33,6.0,9.0
5531076,19.0,228.0,44.5,Male,2.0,67727.62,2.0,5.0
3162487,8.0,101.0,40.0,Unknown,2.0,259691.04,0.0,3.0
2570380,4.0,56.0,52.5,Unknown,2.0,51670.67999999999,2.0,5.0
5449775,4.0,56.0,28.5,Unknown,2.0,46749.74,2.0,5.0
8415669,14.0,178.0,59.5,Male,2.0,43793.82,0.0,3.0
6810931,5.0,60.0,23.0,Unknown,2.0,45780.6,5.0,8.0
8096768,10.0,123.0,60.0,Female,2.0,91761.22,0.0,3.0
6737425,15.0,190.0,59.5,Male,2.0,83778.79000000001,5.0,8.0
7949341,14.0,175.0,48.0,Unknown,2.0,25253.27,0.0,3.0
7458635,7.0,94.0,26.5,Unknown,3.0,158434.49,6.0,9.0
3322068,15.0,188.0,45.0,Female,2.0,140687.41,6.0,9.0
1643775,4.0,59.0,18.0,Unknown,2.0,25270.36,1.0,4.0
934609,14.0,169.0,54.0,Female,2.0,136573.63,1.0,4.0
2408879,4.0,58.0,49.0,Unknown,2.0,208004.65,5.0,8.0
1596507,28.0,336.0,78.0,Female,3.0,175883.31,6.0,9.0
8763719,12.0,149.0,40.0,Male,3.0,98540.5,6.0,9.0
7702214,6.0,73.0,32.0,Unknown,2.0,43988.28,6.0,9.0
200698,13.0,156.0,31.5,Male,2.0,28559.28,2.0,5.0
7449147,27.0,330.0,26.5,Female,2.0,215247.66,3.0,6.0
2096514,14.0,175.0,59.5,Female,2.0,84419.06,1.0,4.0
5474775,14.0,175.0,40.5,Female,2.0,95855.61,0.0,3.0
6226205,12.0,155.0,68.5,Female,2.0,45294.1,4.0,7.0
2069824,13.0,167.0,50.5,Female,2.0,52157.46,6.0,9.0
7045562,7.0,96.0,33.5,Unknown,3.0,73644.53,1.0,4.0
8501949,7.0,93.0,27.0,Unknown,2.0,76834.13,5.0,8.0
5376149,20.0,242.0,56.5,Male,2.0,858054.38,6.0,9.0
148954,13.0,163.0,59.5,Female,2.0,89263.33,3.0,6.0
7803610,7.0,91.0,29.0,Unknown,2.0,66958.67,6.0,9.0
7772844,4.0,59.0,37.5,Unknown,3.0,43012.02,0.0,3.0
4681026,6.0,81.0,57.0,Unknown,2.0,99729.87,6.0,9.0
9242446,15.0,182.0,70.0,Male,2.0,56986.04,3.0,6.0
1905822,11.0,134.0,28.5,Female,2.0,49186.49,2.0,5.0
5586955,6.0,80.0,32.0,Unknown,2.0,30493.38,0.0,3.0
6980695,4.0,56.0,74.5,Unknown,2.0,143304.76,5.0,8.0
3097635,9.0,113.0,22.0,Male,2.0,27215.69,0.0,3.0
2559930,14.0,172.0,50.0,Female,2.0,26430.43,5.0,8.0
2693746,14.0,172.0,51.5,Male,2.0,35206.61,0.0,3.0
9073948,7.0,85.0,58.5,Unknown,2.0,175468.15000000002,6.0,9.0
9897542,6.0,82.0,23.0,Unknown,2.0,66806.76999999999,2.0,5.0
6652996,10.0,120.0,50.0,Female,2.0,48410.62,1.0,4.0
5601417,8.0,105.0,55.0,Female,2.0,23799.36,0.0,3.0
4560228,6.0,73.0,53.0,Male,2.0,98419.63,1.0,4.0
1592329,17.0,212.0,27.5,Unknown,2.0,27189.73,0.0,3.0
5115750,22.0,271.0,62.0,Female,4.0,351838.75,1.0,4.0
7885704,20.0,244.0,65.5,Female,2.0,34564.77,0.0,3.0
2876901,4.0,58.0,54.0,Unknown,2.0,47348.42999999999,0.0,3.0
2365190,5.0,66.0,29.5,Unknown,3.0,30376.22,3.0,6.0
4516383,8.0,99.0,45.0,Unknown,2.0,91159.68,6.0,9.0
730546,16.0,200.0,51.5,Female,2.0,33972.98,3.0,6.0
1860982,7.0,94.0,51.5,Unknown,2.0,98988.68,0.0,3.0
1945276,16.0,193.0,50.5,Male,2.0,91623.79,1.0,4.0
1525212,13.0,157.0,33.0,Female,2.0,72424.95999999999,6.0,9.0
7139038,6.0,78.0,39.0,Unknown,2.0,31918.65,3.0,6.0
3678422,17.0,204.0,33.0,Male,3.0,339660.53,6.0,9.0
121354,5.0,60.0,30.5,Unknown,2.0,35592.44,5.0,8.0
7597197,12.0,151.0,33.0,Female,2.0,60175.34,2.0,5.0
8806527,10.0,121.0,28.0,Unknown,2.0,55742.17999999999,5.0,8.0
4561742,15.0,184.0,44.5,Male,3.0,240993.69,3.0,6.0
8011247,5.0,60.0,59.5,Male,2.0,31921.91,6.0,9.0
6689398,27.0,335.0,68.0,Male,2.0,89224.4,3.0,6.0
5416822,14.0,168.0,39.0,Male,2.0,40549.95,1.0,4.0
3093790,29.0,357.0,69.5,Female,2.0,107604.36,3.0,6.0
9625688,9.0,111.0,35.5,Male,2.0,91643.57,2.0,5.0
7280817,15.0,185.0,54.0,Male,2.0,192518.99,6.0,9.0
6055529,6.0,76.0,27.5,Unknown,2.0,48601.07,2.0,5.0
6679780,5.0,68.0,71.5,Female,2.0,36978.84,3.0,6.0
2668008,6.0,73.0,34.0,Unknown,2.0,38654.73,3.0,6.0
9247669,6.0,81.0,38.5,Unknown,3.0,414323.08,6.0,9.0
7704754,12.0,148.0,25.5,Male,2.0,31514.34,5.0,8.0
3455403,8.0,99.0,55.0,Male,2.0,73520.62,4.0,7.0
3930919,10.0,129.0,35.0,Male,2.0,64113.1,0.0,3.0
2615801,5.0,60.0,27.0,Unknown,3.0,72480.08,5.0,8.0
4110312,8.0,97.0,66.0,Unknown,2.0,36933.26,4.0,7.0
7794321,12.0,152.0,28.0,Male,2.0,37879.82,3.0,6.0
1165994,5.0,63.0,69.0,Unknown,2.0,226833.77,2.0,5.0
5650730,10.0,122.0,43.0,Male,2.0,474954.32,5.0,8.0
7695537,6.0,83.0,54.5,Unknown,2.0,174976.65999999997,1.0,4.0
3545210,28.0,347.0,83.5,Female,2.0,47993.13,2.0,5.0
4149206,27.0,324.0,56.0,Female,2.0,27023.89,1.0,4.0
3431014,13.0,162.0,43.0,Male,2.0,163374.12,3.0,6.0
8972482,16.0,194.0,62.0,Male,3.0,396305.98,6.0,9.0
151444,7.0,95.0,31.0,Unknown,2.0,34814.84,5.0,8.0
3778929,13.0,156.0,59.5,Female,2.0,300637.25,5.0,8.0
9341975,8.0,97.0,26.5,Unknown,2.0,28038.0,6.0,9.0
9070908,6.0,83.0,54.5,Unknown,2.0,55787.69,0.0,3.0
3070720,6.0,74.0,29.5,Unknown,3.0,47151.82,2.0,5.0
1840230,6.0,82.0,29.0,Unknown,2.0,163702.91999999998,6.0,9.0
4761400,15.0,190.0,56.0,Female,2.0,71982.87,2.0,5.0
312094,4.0,56.0,21.5,Unknown,2.0,58108.74,3.0,6.0
9435892,17.0,204.0,47.0,Male,2.0,86797.79999999999,6.0,9.0
3270955,6.0,81.0,74.5,Unknown,2.0,37672.53,3.0,6.0
6840204,7.0,95.0,58.0,Unknown,2.0,31129.41,3.0,6.0
8971654,15.0,186.0,61.5,Female,2.0,71995.54000000001,3.0,6.0
7288041,25.0,300.0,32.5,Female,3.0,43742.87,6.0,9.0
3143881,24.0,289.0,51.0,Female,2.0,53080.91,6.0,9.0
340192,24.0,295.0,73.5,Female,2.0,321351.47,6.0,9.0
7845532,23.0,282.0,71.0,Female,2.0,187639.61,4.0,7.0
4447192,22.0,270.0,59.0,Male,2.0,40191.39,3.0,6.0
5119615,20.0,246.0,48.0,Female,2.0,243282.69,1.0,4.0
976546,19.0,229.0,38.5,Male,4.0,59503.19,5.0,8.0
4644384,17.0,206.0,57.0,Unknown,2.0,35975.52,3.0,6.0
4028430,9.0,109.0,60.0,Male,2.0,87207.53,6.0,9.0
2519481,28.0,343.0,60.0,Male,2.0,143769.09,5.0,8.0
4412954,5.0,66.0,21.0,Unknown,2.0,101928.87,6.0,9.0
9635691,4.0,59.0,46.0,Unknown,2.0,31486.81,6.0,9.0
3362778,10.0,130.0,61.0,Female,2.0,127314.89,6.0,9.0
5687972,14.0,176.0,34.5,Male,2.0,24919.16,0.0,3.0
8676893,9.0,116.0,60.5,Female,2.0,88968.26,1.0,5.0
4399072,27.0,329.0,57.5,Female,3.0,117836.94,3.0,6.0
7705023,12.0,144.0,44.0,Female,2.0,60526.87,0.0,3.0
4260236,12.0,155.0,60.0,Female,2.0,58615.38,0.0,4.0
8368220,7.0,93.0,28.5,Unknown,2.0,36539.12,1.0,4.0
6929446,28.0,347.0,83.0,Male,2.0,326957.19,0.0,3.0
1524426,8.0,99.0,36.0,Unknown,2.0,53131.28,2.0,5.0
1105924,13.0,161.0,52.0,Female,3.0,96007.87,5.0,8.0
6770720,14.0,179.0,62.5,Male,2.0,1907094.11,4.0,8.0
5572217,8.0,106.0,47.5,Female,2.0,30552.39,2.0,5.0
3604010,5.0,70.0,52.5,Unknown,2.0,32731.37,1.0,4.0
8506583,6.0,81.0,27.5,Female,2.0,51726.56,6.0,9.0
4853148,9.0,109.0,61.5,Female,2.0,190619.33,2.0,5.0
425532,5.0,67.0,42.0,Unknown,4.0,112715.89,6.0,9.0
7307378,12.0,154.0,69.5,Male,2.0,36397.41,0.0,3.0
929350,9.0,111.0,72.5,Male,3.0,190530.62,5.0,8.0
1435050,15.0,189.0,52.5,Female,2.0,1589727.12,1.0,4.0
929038,8.0,99.0,60.5,Unknown,3.0,125733.21,6.0,9.0
5205837,9.0,119.0,56.5,Male,2.0,114022.38,5.0,8.0
5754354,15.0,185.0,38.5,Female,2.0,34866.45,0.0,3.0
4231609,6.0,75.0,45.0,Unknown,2.0,39335.9,2.0,5.0
493194,6.0,75.0,57.5,Unknown,2.0,66942.64,2.0,5.0
3706067,6.0,81.0,76.0,Unknown,2.0,167990.39,3.0,6.0
5474772,8.0,106.0,66.5,Female,2.0,168966.38,4.0,7.0
3937930,5.0,66.0,66.5,Unknown,2.0,430081.07,3.0,6.0
4088467,13.0,166.0,36.0,Female,2.0,103756.74,0.0,3.0
3767937,15.0,189.0,53.0,Male,2.0,47734.69,3.0,6.0
278839,11.0,143.0,62.0,Female,2.0,33051.97,1.0,4.0
9989642,6.0,78.0,63.0,Unknown,2.0,202064.63,5.0,8.0
8789491,5.0,69.0,22.0,Unknown,2.0,40487.92999999999,2.0,5.0
692622,4.0,59.0,25.0,Unknown,2.0,31803.51,3.0,6.0
8253877,16.0,202.0,36.5,Male,2.0,120874.88,6.0,9.0
1168373,27.0,326.0,61.0,Male,3.0,57600.69,5.0,8.0
5981232,24.0,298.0,44.0,Female,2.0,26837.74,3.0,6.0
461846,24.0,290.0,78.5,Female,2.0,43246.11,4.0,7.0
9821262,23.0,285.0,65.5,Male,3.0,1141653.0499999998,3.0,6.0
416346,23.0,279.0,59.5,Female,2.0,216389.25,2.0,5.0
7185880,21.0,252.0,48.0,Male,2.0,96721.08,6.0,9.0
3460496,20.0,250.0,62.0,Female,2.0,31438.76,1.0,4.0
39968,4.0,57.0,50.0,Female,2.0,58599.55,3.0,6.0
9262445,7.0,88.0,47.0,Unknown,2.0,29672.82,1.0,4.0
171583,15.0,190.0,44.0,Female,2.0,125100.63,6.0,9.0
8730282,27.0,334.0,50.0,Female,3.0,464879.31,2.0,5.0
7412471,12.0,150.0,27.0,Female,4.0,144559.55,6.0,9.0
86877,4.0,58.0,28.0,Unknown,2.0,40308.74,1.0,4.0
7669500,3.0,46.0,58.5,Unknown,3.0,64159.92,1.0,4.0
6488984,9.0,114.0,40.0,Male,2.0,73552.72,0.0,3.0
327151,14.0,174.0,74.0,Male,5.0,214762.73,1.0,4.0
1413769,13.0,162.0,55.5,Female,3.0,48092.82,1.0,4.0
3246979,6.0,72.0,57.0,Female,2.0,264334.41,6.0,9.0
7056174,8.0,107.0,60.5,Female,2.0,433799.34,6.0,9.0
7205884,15.0,190.0,25.0,Female,2.0,34281.18,0.0,3.0
6201791,27.0,324.0,66.5,Male,2.0,51930.13,5.0,8.0
3527743,6.0,76.0,21.5,Unknown,2.0,27047.89,2.0,5.0
7018468,9.0,113.0,27.5,Male,4.0,106785.05,2.0,5.0
1949872,13.0,164.0,37.5,Male,3.0,132243.59999999998,6.0,9.0
1056722,10.0,131.0,51.5,Male,2.0,45437.91,0.0,3.0
1887639,15.0,190.0,67.0,Unknown,2.0,174510.75,3.0,6.0
7153152,6.0,75.0,44.0,Unknown,3.0,207071.7,6.0,9.0
1897278,5.0,65.0,41.5,Male,2.0,63939.61,4.0,7.0
820519,5.0,63.0,60.5,Male,2.0,384904.34,3.0,6.0
4653489,6.0,82.0,46.0,Unknown,2.0,31650.51,1.0,4.0
3660141,4.0,59.0,23.0,Unknown,2.0,37244.36,6.0,9.0
6815257,46.0,554.0,72.5,Male,2.0,92157.08,1.0,4.0
9767681,6.0,82.0,47.0,Unknown,2.0,50914.39,6.0,9.0
4474907,6.0,83.0,32.5,Unknown,2.0,31930.31,0.0,3.0
6717435,6.0,83.0,45.0,Unknown,3.0,99839.96,2.0,5.0
6958124,10.0,129.0,59.0,Male,3.0,148741.47,2.0,6.0
5869570,11.0,140.0,47.0,Male,2.0,25084.35,1.0,4.0
979208,5.0,69.0,20.5,Unknown,2.0,29760.54,0.0,3.0
681824,9.0,118.0,33.5,Female,2.0,34537.7,1.0,4.0
9006366,5.0,70.0,25.5,Male,2.0,46898.97,6.0,9.0
8274863,6.0,73.0,27.0,Unknown,2.0,31559.84,6.0,9.0
4055202,10.0,131.0,29.5,Male,2.0,118923.62,6.0,9.0
9358802,14.0,175.0,33.0,Female,2.0,109642.16,6.0,9.0
5749370,4.0,59.0,22.5,Unknown,2.0,50677.64,6.0,9.0
8333682,8.0,107.0,34.0,Female,2.0,36660.31,0.0,3.0
203223,24.0,292.0,60.5,Male,3.0,1113383.46,6.0,9.0
9153853,22.0,273.0,42.0,Male,2.0,97065.25,6.0,9.0
9546409,21.0,257.0,27.0,Male,3.0,117906.94,6.0,9.0
3544760,21.0,254.0,55.0,Male,2.0,122671.45,0.0,3.0
9308901,20.0,246.0,42.5,Female,2.0,41536.96,2.0,5.0
72395,18.0,225.0,48.0,Male,2.0,208866.05,4.0,7.0
2346575,15.0,190.0,75.0,Male,2.0,61693.2,4.0,7.0
7995744,15.0,182.0,39.0,Male,2.0,57533.84,3.0,6.0
5078188,11.0,142.0,31.0,Female,2.0,49445.67999999999,5.0,8.0
6250726,5.0,65.0,71.5,Unknown,2.0,40124.17,0.0,3.0
7434562,10.0,128.0,74.0,Female,2.0,25963.06,2.0,6.0
4877364,12.0,155.0,76.0,Male,4.0,2141137.39,0.0,3.0
3736142,7.0,86.0,43.5,Unknown,2.0,45584.19,0.0,3.0
9863604,5.0,65.0,40.5,Unknown,2.0,36436.59,3.0,6.0
8284433,10.0,131.0,63.0,Male,2.0,53551.9,6.0,9.0
7183351,8.0,96.0,28.0,Unknown,2.0,78197.01999999999,2.0,5.0
3959099,11.0,135.0,32.5,Male,2.0,48712.08,5.0,8.0
4362459,21.0,258.0,65.5,Female,2.0,35035.3,6.0,9.0
3083365,7.0,86.0,72.5,Unknown,2.0,1260146.5699999998,5.0,8.0
556698,4.0,56.0,57.0,Unknown,2.0,164270.90000000002,2.0,5.0
4333518,10.0,126.0,32.0,Male,2.0,39164.23,6.0,9.0
6540065,7.0,91.0,63.0,Unknown,2.0,52180.97,3.0,6.0
1646150,5.0,67.0,66.5,Male,2.0,361345.09,6.0,9.0
6550550,5.0,67.0,58.0,Female,2.0,32744.96,3.0,6.0
4319069,14.0,175.0,24.0,Male,3.0,55169.44,2.0,5.0
5931603,5.0,66.0,31.5,Unknown,2.0,66328.35,2.0,5.0
2938423,6.0,72.0,36.5,Unknown,2.0,25590.73,6.0,9.0
2215051,12.0,154.0,66.0,Female,3.0,122246.45,6.0,9.0
2952627,5.0,70.0,46.0,Male,2.0,34979.78,2.0,5.0
2790667,4.0,58.0,22.5,Unknown,2.0,44144.34,1.0,4.0
9027736,10.0,130.0,79.0,Female,2.0,217728.64,4.0,7.0
7240133,7.0,92.0,65.5,Male,3.0,62814.58,3.0,6.0
6196555,4.0,56.0,69.5,Unknown,3.0,310089.38,6.0,9.0
6012640,29.0,359.0,59.5,Female,2.0,89726.89,2.0,5.0
5966661,5.0,71.0,29.5,Unknown,2.0,39556.42,1.0,4.0
1820934,5.0,70.0,40.5,Unknown,2.0,40535.55,0.0,3.0
7190256,8.0,106.0,31.0,Female,2.0,53434.92999999999,6.0,9.0
9048757,15.0,190.0,60.5,Female,2.0,591058.3500000001,0.0,3.0
5937897,17.0,210.0,63.5,Male,2.0,482055.17,0.0,3.0
560810,14.0,176.0,34.5,Female,3.0,57175.22,2.0,5.0
704762,6.0,82.0,27.5,Unknown,3.0,83788.5,6.0,9.0
1350724,4.0,58.0,42.0,Unknown,2.0,38033.55,0.0,3.0
9234234,8.0,103.0,26.0,Male,2.0,65872.88,6.0,9.0
6765972,7.0,85.0,56.0,Unknown,2.0,24701.85,5.0,8.0
8037116,4.0,58.0,23.0,Unknown,2.0,30552.19,0.0,3.0
2754680,7.0,89.0,41.0,Unknown,2.0,247752.24,2.0,5.0
8984143,14.0,168.0,40.5,Male,2.0,26248.41,2.0,5.0
9797884,5.0,65.0,61.5,Unknown,3.0,77371.48999999999,6.0,9.0
7680980,13.0,159.0,23.5,Male,3.0,117685.13,6.0,9.0
4928575,25.0,305.0,60.5,Female,2.0,30975.55,0.0,3.0
2406021,23.0,286.0,49.0,Male,2.0,483324.86,4.0,7.0
1908158,21.0,263.0,66.5,Female,2.0,161959.26,2.0,5.0
881563,21.0,262.0,49.5,Male,2.0,477340.15,5.0,8.0
2653016,21.0,258.0,53.0,Female,2.0,273573.13,1.0,4.0
548340,21.0,255.0,46.5,Unknown,2.0,38001.58,2.0,5.0
2609914,17.0,214.0,45.5,Female,3.0,79648.2,0.0,3.0
3055755,17.0,212.0,44.0,Female,2.0,59154.02,6.0,9.0
8798149,16.0,198.0,50.0,Female,3.0,218582.15,0.0,3.0
4278502,10.0,131.0,23.5,Female,2.0,86769.69,2.0,5.0
5004793,25.0,310.0,59.5,Female,3.0,90540.4,1.0,6.0
1040359,5.0,63.0,47.5,Unknown,3.0,50844.64,2.0,5.0
1334827,11.0,141.0,38.5,Female,2.0,76572.53,0.0,3.0
8945610,26.0,319.0,71.5,Female,2.0,170208.0,3.0,6.0
9371037,32.0,395.0,68.0,Male,3.0,181523.87,2.0,6.0
2509909,9.0,108.0,56.0,Male,3.0,120915.34,6.0,9.0
2600705,15.0,181.0,61.5,Female,2.0,1278380.8099999998,6.0,9.0
3442959,14.0,173.0,34.5,Female,2.0,35656.28,6.0,9.0
9207047,16.0,202.0,49.5,Female,2.0,29978.94,0.0,3.0
3991847,5.0,65.0,33.0,Unknown,2.0,28189.91,2.0,5.0
2959476,9.0,119.0,59.0,Female,2.0,47887.98,6.0,9.0
973686,10.0,130.0,28.0,Male,3.0,44990.49,1.0,4.0
7988248,15.0,189.0,51.0,Male,2.0,42138.14,6.0,9.0
3158341,27.0,324.0,71.0,Male,3.0,1581691.79,6.0,9.0
9373092,5.0,68.0,39.5,Female,2.0,59201.04,5.0,8.0
7561241,5.0,71.0,55.5,Unknown,3.0,1475524.6,3.0,6.0
3590454,20.0,242.0,68.5,Female,2.0,156109.43,6.0,9.0
4374343,4.0,55.0,53.0,Female,2.0,180359.6,2.0,5.0
1025015,16.0,203.0,46.0,Male,2.0,163637.52000000002,5.0,8.0
6524861,5.0,63.0,65.5,Female,2.0,162005.72999999998,0.0,3.0
3668675,6.0,81.0,48.5,Female,2.0,48875.46,2.0,5.0
8257047,24.0,297.0,24.5,Male,2.0,34710.92,2.0,5.0
1753961,4.0,57.0,49.5,Unknown,2.0,48917.99,2.0,5.0
9432051,7.0,92.0,39.0,Unknown,2.0,99532.56,3.0,6.0
9591707,11.0,140.0,49.0,Male,2.0,34721.08,3.0,6.0
5522802,4.0,57.0,39.5,Unknown,3.0,66114.18,4.0,7.0
5319506,5.0,60.0,33.0,Unknown,2.0,44387.03999999999,3.0,6.0
6399171,19.0,239.0,58.0,Male,2.0,119445.0,5.0,8.0
7569257,4.0,59.0,54.5,Female,2.0,33294.92,2.0,5.0
547839,11.0,141.0,44.5,Female,2.0,75677.53,6.0,9.0
5781524,5.0,71.0,42.5,Unknown,3.0,55532.59,2.0,5.0
6286537,7.0,91.0,27.0,Unknown,2.0,31480.81,1.0,4.0
2529465,9.0,116.0,35.5,Male,2.0,60796.07,6.0,9.0
4937056,14.0,172.0,19.0,Male,4.0,65365.75,0.0,3.0
3132961,9.0,119.0,58.5,Female,2.0,23790.4,6.0,9.0
6248651,17.0,213.0,45.5,Male,2.0,24110.09,6.0,9.0
7187827,15.0,183.0,45.5,Female,2.0,156436.78999999998,3.0,6.0
9516559,9.0,115.0,29.5,Male,2.0,32127.71,5.0,8.0
2166490,9.0,117.0,63.5,Female,2.0,249320.51,4.0,7.0
9876315,11.0,140.0,56.5,Female,2.0,121203.96,3.0,6.0
9795687,14.0,168.0,69.5,Male,2.0,65376.95,3.0,6.0
3573589,11.0,136.0,46.5,Male,2.0,57971.45,3.0,6.0
6082639,24.0,299.0,52.0,Male,5.0,208786.33,2.0,5.0
8163796,23.0,287.0,62.5,Female,2.0,126817.43,3.0,6.0
3191374,23.0,286.0,37.5,Female,2.0,57619.25,6.0,9.0
3334174,22.0,269.0,31.5,Male,4.0,238363.85,4.0,7.0
2057447,20.0,250.0,40.0,Female,2.0,55884.24,0.0,3.0
3778920,21.0,253.0,61.5,Female,2.0,33825.009999999995,4.0,7.0
4834461,23.0,287.0,55.5,Male,2.0,522457.42,3.0,6.0
2365886,21.0,253.0,75.5,Male,3.0,234993.23,4.0,7.0
4848480,18.0,223.0,27.5,Male,2.0,34901.03,6.0,9.0
7656967,18.0,222.0,60.0,Female,3.0,458857.19,6.0,9.0
6559072,16.0,203.0,54.0,Female,2.0,54249.96,3.0,6.0
2960870,11.0,136.0,66.5,Female,2.0,190176.39,2.0,5.0
399690,16.0,195.0,80.0,Male,2.0,34994.41,4.0,7.0
3319565,10.0,127.0,48.0,Male,2.0,23985.65,6.0,9.0
470365,20.0,242.0,44.0,Male,2.0,35829.85,1.0,4.0
5769715,20.0,245.0,75.0,Male,2.0,75862.58,6.0,9.0
8336549,12.0,154.0,32.0,Female,2.0,115872.65,2.0,5.0
7313442,14.0,173.0,23.0,Male,3.0,72468.70999999999,6.0,9.0
327337,15.0,187.0,73.0,Male,2.0,699374.2300000001,6.0,9.0
4296369,4.0,57.0,24.0,Unknown,2.0,29708.73,1.0,4.0
1830058,15.0,186.0,70.0,Female,2.0,1823190.18,5.0,8.0
3337300,11.0,140.0,57.0,Female,2.0,23809.67,2.0,5.0
272484,14.0,169.0,48.0,Male,3.0,302145.66,6.0,9.0
6666419,9.0,110.0,44.5,Male,2.0,29272.36,5.0,8.0
8830618,5.0,70.0,28.0,Unknown,2.0,42213.17999999999,5.0,8.0
8306917,11.0,143.0,60.0,Female,4.0,358021.67,6.0,9.0
8068242,15.0,189.0,47.0,Unknown,2.0,123841.85,4.0,7.0
2697914,15.0,186.0,36.0,Unknown,2.0,77452.7,3.0,6.0
8730685,19.0,228.0,71.5,Male,2.0,236328.14,0.0,3.0
5894819,8.0,102.0,67.5,Unknown,2.0,88612.23,6.0,9.0
3539231,6.0,72.0,26.5,Unknown,2.0,60709.59,1.0,4.0
9484909,7.0,94.0,20.5,Unknown,2.0,51542.32,0.0,3.0
695585,15.0,184.0,46.0,Male,2.0,121101.26,2.0,5.0
2485287,17.0,204.0,60.0,Male,2.0,190218.43,4.0,7.0
736752,12.0,155.0,34.0,Male,2.0,74871.78,1.0,4.0
1597883,5.0,70.0,25.0,Unknown,2.0,48374.16,5.0,8.0
675111,7.0,93.0,29.0,Unknown,2.0,53545.22,3.0,6.0
5116128,10.0,121.0,49.0,Female,3.0,970272.0,3.0,6.0
3194104,7.0,89.0,27.5,Unknown,2.0,34921.18,6.0,9.0
7151522,9.0,111.0,67.5,Female,3.0,216668.43,6.0,9.0
3319635,7.0,88.0,52.0,Unknown,2.0,100239.82,6.0,9.0
3197890,5.0,68.0,50.5,Unknown,2.0,33357.63,6.0,9.0
28857,14.0,178.0,52.0,Male,2.0,104511.86,3.0,6.0
6334676,3.0,47.0,35.5,Unknown,3.0,175190.2,5.0,8.0
7781717,10.0,130.0,26.0,Female,2.0,77832.85,1.0,4.0
1465714,11.0,143.0,63.5,Female,2.0,867380.8300000001,0.0,3.0
6020962,13.0,167.0,28.5,Male,2.0,98550.05,3.0,6.0
2472976,4.0,54.0,67.5,Female,2.0,661718.3400000001,5.0,8.0
7020609,28.0,347.0,60.5,Female,3.0,333574.56,1.0,4.0
2956739,4.0,59.0,53.0,Unknown,2.0,28462.57,2.0,5.0
5517122,14.0,174.0,57.5,Male,2.0,132760.77000000002,6.0,9.0
1241733,8.0,105.0,31.5,Female,3.0,36977.48,0.0,3.0
4458772,12.0,144.0,62.5,Unknown,2.0,34751.19,1.0,4.0
242235,23.0,287.0,44.0,Male,2.0,205171.12,5.0,8.0
8544599,23.0,277.0,56.0,Female,2.0,36103.57,1.0,4.0
793692,23.0,276.0,59.0,Male,2.0,62786.71,4.0,7.0
595241,22.0,274.0,49.0,Female,2.0,27579.24,2.0,5.0
9590571,21.0,253.0,72.0,Male,2.0,265461.39,0.0,4.0
6206582,21.0,252.0,43.0,Female,2.0,129093.94,2.0,5.0
5954855,20.0,250.0,35.5,Male,4.0,264983.04,2.0,5.0
5076263,20.0,249.0,39.0,Male,2.0,116576.29,3.0,6.0
9957845,24.0,297.0,61.0,Female,2.0,110140.17,4.0,7.0
509544,19.0,228.0,52.5,Female,2.0,27084.14,1.0,4.0
8969191,18.0,222.0,49.5,Male,2.0,132946.55,2.0,5.0
1288843,18.0,221.0,62.5,Unknown,2.0,163709.74,1.0,4.0
4319222,5.0,66.0,31.5,Female,3.0,33047.84,0.0,3.0
9092174,9.0,116.0,28.0,Male,2.0,67734.59,4.0,7.0
3086399,16.0,194.0,48.5,Male,2.0,166456.55,6.0,9.0
730801,12.0,147.0,51.5,Male,2.0,47511.33,3.0,6.0
5552968,6.0,81.0,46.5,Unknown,2.0,24268.41,4.0,7.0
4366496,11.0,140.0,26.5,Male,3.0,315341.78,6.0,9.0
6615925,11.0,140.0,32.0,Male,2.0,38937.73,2.0,5.0
9493249,21.0,257.0,73.0,Female,2.0,89903.73,2.0,5.0
3290004,12.0,153.0,30.5,Female,2.0,81594.69,1.0,4.0
4866771,6.0,78.0,87.0,Unknown,2.0,41797.76,6.0,9.0
9517536,5.0,60.0,27.5,Unknown,2.0,56202.07,6.0,9.0
5293569,7.0,84.0,46.0,Unknown,2.0,29224.47,1.0,4.0
9754728,7.0,86.0,40.0,Unknown,2.0,128306.51,4.0,7.0
3777909,4.0,57.0,54.5,Unknown,3.0,48953.17999999999,0.0,3.0
2515665,10.0,121.0,63.0,Female,2.0,46489.4,2.0,5.0
198935,4.0,56.0,65.5,Unknown,2.0,61573.14,3.0,6.0
2449759,9.0,116.0,61.5,Female,2.0,117408.12,1.0,4.0
6641855,8.0,97.0,33.0,Unknown,2.0,81186.79000000001,4.0,7.0
3874169,11.0,132.0,37.5,Female,2.0,63217.28,3.0,6.0
392459,26.0,312.0,57.0,Unknown,3.0,172748.2,6.0,9.0
3806151,9.0,109.0,43.0,Male,2.0,157278.14,1.0,4.0
7414306,6.0,79.0,66.5,Unknown,2.0,65259.08,1.0,4.0
9295772,5.0,64.0,51.5,Male,2.0,26280.29,4.0,7.0
3887490,5.0,71.0,39.5,Unknown,2.0,59466.35,2.0,5.0
9138140,6.0,73.0,32.0,Unknown,2.0,45754.98,1.0,4.0
1346,14.0,177.0,46.0,Female,2.0,822512.91,3.0,6.0
1814940,7.0,94.0,48.0,Unknown,2.0,69194.14,2.0,5.0
9075393,12.0,146.0,48.5,Male,4.0,484570.93,6.0,9.0
16095,6.0,76.0,30.0,Unknown,2.0,81652.98,1.0,4.0
533553,24.0,289.0,67.5,Unknown,2.0,147539.34,2.0,5.0
7452449,23.0,287.0,68.0,Female,3.0,131965.16,4.0,7.0
5142178,23.0,277.0,58.0,Male,2.0,69415.56,5.0,8.0
9081837,20.0,251.0,21.0,Female,2.0,54398.53999999999,5.0,8.0
3022895,28.0,346.0,76.5,Male,2.0,104042.72,2.0,5.0
6768127,7.0,94.0,31.5,Unknown,2.0,32021.98,4.0,7.0
7244004,15.0,190.0,52.5,Female,2.0,755138.4700000001,1.0,4.0
4405688,9.0,118.0,53.0,Male,2.0,47707.67,0.0,3.0
2658149,21.0,262.0,57.5,Male,3.0,432275.28,3.0,6.0
6373368,16.0,194.0,55.5,Male,2.0,42066.73,1.0,4.0
1007748,29.0,348.0,65.5,Male,4.0,1423149.03,6.0,9.0
5092651,9.0,114.0,32.0,Male,3.0,80859.04000000001,6.0,9.0
9449889,14.0,176.0,26.0,Female,2.0,28841.06,6.0,9.0
8088920,7.0,95.0,62.5,Female,2.0,112148.91,2.0,5.0
4153564,7.0,91.0,30.0,Unknown,2.0,30792.02,6.0,9.0
1805954,20.0,251.0,65.0,Male,2.0,116484.7,1.0,4.0
1990964,15.0,184.0,50.0,Female,2.0,27152.18,2.0,5.0
811242,27.0,332.0,68.0,Female,2.0,79386.39,5.0,8.0
6380474,14.0,170.0,46.0,Male,2.0,159277.65000000002,1.0,4.0
5690823,9.0,119.0,45.5,Female,2.0,95056.95,2.0,5.0
9105369,22.0,267.0,27.0,Female,2.0,31407.18,2.0,5.0
4494336,5.0,71.0,66.0,Female,3.0,403398.69,1.0,4.0
7198363,15.0,191.0,54.5,Female,2.0,47997.07,1.0,4.0
5644663,9.0,108.0,70.0,Female,2.0,117064.95,0.0,3.0
1695407,8.0,99.0,55.0,Unknown,2.0,61656.99,0.0,3.0
2948165,7.0,89.0,61.5,Unknown,2.0,291652.19,2.0,5.0
9714140,6.0,78.0,65.5,Unknown,3.0,476097.95,0.0,3.0
2826516,12.0,144.0,40.0,Male,3.0,63922.21,2.0,5.0
6877738,3.0,38.0,19.5,Unknown,2.0,29156.86,3.0,6.0
9040967,4.0,56.0,24.0,Male,2.0,28705.23,3.0,6.0
3367073,12.0,153.0,32.5,Female,2.0,36534.7,2.0,5.0
943015,5.0,71.0,56.0,Unknown,2.0,45776.16,5.0,8.0
1020634,4.0,58.0,40.5,Unknown,2.0,26795.08,4.0,7.0
7718817,4.0,59.0,29.0,Unknown,2.0,30028.77,6.0,9.0
1829130,7.0,84.0,53.0,Female,2.0,24154.48,2.0,5.0
9336495,5.0,65.0,29.0,Unknown,2.0,56490.0,6.0,9.0
8722759,18.0,222.0,46.0,Male,2.0,46500.72,2.0,5.0
4952288,5.0,66.0,42.5,Unknown,2.0,49821.15,2.0,5.0
7953367,5.0,60.0,66.5,Unknown,2.0,160537.77999999997,6.0,9.0
5870441,25.0,310.0,25.5,Female,2.0,97090.46,6.0,9.0
3233554,16.0,203.0,66.5,Male,2.0,314901.35,2.0,5.0
4787368,13.0,156.0,31.0,Male,2.0,97061.72,0.0,3.0
6930182,6.0,79.0,59.5,Unknown,3.0,631622.26,6.0,9.0
4738519,13.0,160.0,48.5,Male,2.0,440046.52,1.0,4.0
6604463,6.0,83.0,58.5,Unknown,2.0,30971.3,1.0,4.0
6050973,9.0,116.0,32.0,Female,2.0,54681.51,1.0,4.0
5579672,17.0,205.0,53.5,Female,2.0,26031.52,2.0,5.0
1290934,13.0,159.0,55.5,Male,2.0,27826.43,2.0,6.0
7024366,4.0,58.0,57.5,Unknown,2.0,35832.59,1.0,4.0
663941,24.0,295.0,47.0,Female,2.0,168467.46999999997,6.0,9.0
1196376,23.0,287.0,46.5,Unknown,2.0,270343.52,2.0,6.0
9229226,22.0,265.0,72.0,Unknown,2.0,352199.83,0.0,4.0
2985233,22.0,264.0,72.0,Male,2.0,307725.49,6.0,9.0
2186143,20.0,251.0,55.5,Female,2.0,519393.29,4.0,7.0
6567268,19.0,234.0,35.5,Male,2.0,68955.82,0.0,3.0
8732389,19.0,233.0,54.5,Female,2.0,100531.17,6.0,9.0
7038187,17.0,214.0,34.5,Male,2.0,123618.14,5.0,8.0
8047484,17.0,208.0,69.0,Female,2.0,47198.83,6.0,9.0
5101399,7.0,85.0,41.0,Male,3.0,247864.61,4.0,7.0
8381127,8.0,101.0,50.0,Male,3.0,135540.13,3.0,6.0
7396309,13.0,156.0,31.0,Female,3.0,49312.45,4.0,7.0
1792552,13.0,162.0,50.5,Male,2.0,51534.08,6.0,9.0
848570,10.0,131.0,34.5,Female,3.0,137937.4,4.0,7.0
3452850,12.0,146.0,42.0,Male,2.0,35081.79,0.0,3.0
4786414,6.0,72.0,44.0,Unknown,2.0,75595.38,6.0,9.0
9598074,4.0,53.0,52.0,Unknown,2.0,155403.84999999998,6.0,9.0
2968201,10.0,129.0,35.5,Male,2.0,85169.31,6.0,9.0
8169732,4.0,59.0,18.5,Unknown,2.0,37222.41,1.0,4.0
5156720,11.0,143.0,33.5,Female,2.0,59922.95,1.0,4.0
4333852,27.0,329.0,56.5,Male,3.0,1854093.26,2.0,5.0
83683,5.0,68.0,31.0,Unknown,2.0,62792.96,6.0,9.0
7236024,33.0,399.0,65.0,Female,2.0,75865.33,0.0,3.0
3953921,5.0,67.0,41.5,Unknown,2.0,170372.15999999997,6.0,9.0
3899785,5.0,70.0,20.5,Unknown,2.0,30797.96,0.0,3.0
8060496,8.0,96.0,48.5,Unknown,3.0,269663.73,1.0,4.0
8682039,10.0,121.0,34.5,Female,3.0,97404.34,6.0,9.0
5798572,16.0,197.0,53.0,Female,2.0,45618.71,5.0,8.0
4656898,5.0,66.0,29.5,Unknown,2.0,183651.1,6.0,9.0
2865677,12.0,145.0,38.0,Female,2.0,35881.649999999994,1.0,4.0
8832236,4.0,57.0,47.0,Unknown,2.0,88742.26999999999,4.0,7.0
2691632,8.0,106.0,59.0,Male,2.0,63662.29,3.0,6.0
6842137,6.0,82.0,48.0,Unknown,2.0,67474.85,6.0,9.0
3041776,5.0,65.0,60.5,Unknown,2.0,418391.2,2.0,5.0
3167061,7.0,95.0,64.0,Unknown,2.0,73866.65,6.0,9.0
6514104,5.0,65.0,30.5,Unknown,3.0,32871.29,2.0,5.0
2839247,13.0,157.0,39.5,Male,2.0,89199.12,1.0,4.0
1903850,4.0,58.0,60.0,Male,2.0,89803.44,2.0,5.0
3992853,11.0,135.0,25.5,Male,2.0,28687.18,6.0,9.0
187901,11.0,139.0,66.0,Male,2.0,166577.95,3.0,6.0
6331923,5.0,61.0,29.5,Female,2.0,49355.78999999999,1.0,4.0
2941394,15.0,189.0,67.0,Female,2.0,84883.79999999999,1.0,5.0
2663775,12.0,154.0,35.0,Female,2.0,125507.31,1.0,4.0
5337525,8.0,106.0,70.0,Female,2.0,36330.36,2.0,5.0
967593,10.0,124.0,48.0,Female,2.0,177660.76,4.0,7.0
1667795,7.0,86.0,46.5,Unknown,2.0,42911.97,5.0,8.0
6991948,13.0,161.0,47.0,Female,2.0,475881.98,0.0,3.0
1391630,7.0,94.0,43.0,Male,3.0,64239.83,4.0,7.0
5085938,4.0,57.0,33.5,Unknown,2.0,58761.43,6.0,9.0
9844262,5.0,68.0,42.5,Unknown,2.0,48165.26,1.0,4.0
2013867,13.0,165.0,50.5,Female,2.0,248229.05,6.0,9.0
8538985,6.0,72.0,64.5,Unknown,3.0,120754.36,6.0,9.0
8444793,5.0,65.0,27.5,Unknown,4.0,60750.63,6.0,9.0
2833480,24.0,292.0,65.0,Male,5.0,1932983.22,3.0,6.0
5829248,23.0,282.0,46.5,Female,2.0,150492.49,3.0,6.0
7891259,21.0,261.0,45.0,Male,3.0,140554.9,6.0,9.0
6603420,22.0,264.0,55.0,Male,4.0,234991.91,2.0,5.0
8847388,19.0,236.0,47.5,Unknown,3.0,418289.21,1.0,4.0
945109,18.0,222.0,31.0,Female,3.0,66514.32,2.0,5.0
930596,18.0,219.0,53.5,Male,2.0,125320.25,2.0,5.0
7158443,17.0,215.0,47.0,Male,3.0,51518.19,5.0,8.0
7521207,14.0,175.0,70.5,Female,2.0,198599.66,2.0,6.0
1098398,15.0,188.0,51.0,Male,2.0,55343.77,6.0,9.0
6885626,7.0,89.0,42.5,Unknown,4.0,81127.64,4.0,7.0
4409593,10.0,130.0,59.0,Male,2.0,42102.63,4.0,7.0
7213148,13.0,167.0,67.5,Female,2.0,147492.47999999998,1.0,4.0
6772022,4.0,57.0,29.5,Unknown,3.0,43808.15,6.0,9.0
6004537,17.0,208.0,44.0,Male,2.0,32038.37,1.0,4.0
5357266,6.0,74.0,62.5,Female,2.0,284882.52,1.0,5.0
3749858,5.0,70.0,43.0,Unknown,2.0,65648.85,1.0,4.0
1152607,11.0,132.0,49.0,Female,2.0,30683.73,1.0,4.0
2029226,12.0,150.0,43.5,Female,2.0,58747.31,6.0,9.0
7570180,12.0,154.0,28.0,Female,2.0,65175.41,0.0,3.0
7972854,6.0,80.0,36.0,Unknown,3.0,65002.97,5.0,8.0
5559456,14.0,178.0,32.5,Female,2.0,105998.2,0.0,3.0
3329950,15.0,191.0,38.5,Female,2.0,35280.3,0.0,3.0
1972780,14.0,176.0,30.5,Male,3.0,173597.47999999998,4.0,7.0
2050426,12.0,154.0,52.0,Male,2.0,30218.54,5.0,8.0
2475990,13.0,166.0,61.0,Female,3.0,124658.62,3.0,6.0
6511554,5.0,67.0,21.5,Unknown,3.0,76809.93,6.0,9.0
5961178,10.0,121.0,33.0,Male,2.0,23801.27,6.0,9.0
4238252,10.0,131.0,33.0,Male,2.0,42379.63,1.0,4.0
3999026,17.0,204.0,65.5,Female,2.0,148948.62,4.0,7.0
8074391,6.0,78.0,23.0,Male,2.0,68527.78,4.0,7.0
1505011,15.0,191.0,35.5,Female,2.0,61272.25,0.0,3.0
8363051,12.0,145.0,80.5,Female,2.0,144614.84,6.0,9.0
3966756,8.0,96.0,34.0,Unknown,2.0,65445.58,6.0,9.0
7627270,15.0,181.0,55.5,Female,2.0,67746.65,0.0,3.0
2111761,8.0,106.0,60.0,Female,2.0,68534.83,0.0,3.0
6080815,11.0,139.0,53.0,Female,2.0,565649.5700000001,6.0,9.0
2211630,5.0,60.0,23.5,Unknown,4.0,129516.76,6.0,9.0
6005237,10.0,121.0,25.5,Male,4.0,316819.46,6.0,9.0
8404715,5.0,60.0,49.0,Unknown,2.0,72998.16,5.0,8.0
1672032,5.0,65.0,54.5,Unknown,2.0,25412.61,4.0,7.0
8803272,6.0,82.0,51.5,Unknown,2.0,43071.9,0.0,3.0
3603649,27.0,326.0,86.0,Female,2.0,108788.41,5.0,8.0
8004671,10.0,131.0,62.5,Male,2.0,489905.71,3.0,6.0
3695599,6.0,83.0,35.5,Female,2.0,38943.26,2.0,5.0
7861570,5.0,66.0,61.0,Unknown,2.0,24459.55,5.0,8.0
643544,5.0,68.0,23.5,Unknown,2.0,33326.94,2.0,5.0
8128275,14.0,168.0,57.5,Unknown,2.0,55248.32,0.0,3.0
7542559,10.0,121.0,24.5,Male,2.0,32030.79,6.0,9.0
3145774,7.0,94.0,40.5,Unknown,2.0,69513.07,0.0,3.0
2608155,9.0,109.0,47.5,Female,2.0,39502.38,1.0,4.0
9224876,23.0,278.0,37.0,Male,2.0,53436.64,0.0,3.0
6746595,20.0,251.0,52.5,Male,3.0,509591.35,5.0,8.0
7176632,18.0,226.0,59.5,Female,2.0,29811.11,0.0,3.0
9409347,5.0,66.0,57.5,Female,2.0,168566.90999999997,6.0,9.0
9963117,5.0,70.0,58.5,Male,2.0,80979.41,2.0,5.0
2769229,5.0,65.0,28.0,Unknown,2.0,53172.03,3.0,6.0
4508825,5.0,71.0,26.5,Unknown,2.0,42367.95,0.0,3.0
6865229,13.0,157.0,65.0,Male,3.0,322464.82,6.0,9.0
5447175,6.0,72.0,26.0,Unknown,4.0,88442.37,3.0,6.0
918538,14.0,179.0,45.5,Male,2.0,118367.28,5.0,8.0
4244298,32.0,388.0,66.5,Female,2.0,153623.34,6.0,9.0
1002041,6.0,81.0,61.5,Unknown,2.0,43898.35,1.0,4.0
8057539,13.0,164.0,74.0,Female,2.0,68261.79999999999,3.0,6.0
9436140,4.0,58.0,27.0,Unknown,2.0,31870.51,1.0,4.0
3240177,12.0,152.0,31.5,Male,5.0,1848983.11,6.0,9.0
3388462,5.0,69.0,66.5,Female,2.0,111566.5,5.0,8.0
5334594,15.0,187.0,35.5,Male,2.0,26278.23,4.0,7.0
2765161,4.0,58.0,62.0,Unknown,2.0,30880.06,2.0,5.0
1473236,6.0,78.0,36.5,Female,3.0,65235.97,6.0,9.0
8058142,10.0,126.0,52.0,Female,2.0,30796.32,2.0,5.0
5751427,11.0,142.0,38.5,Female,2.0,105952.34,5.0,8.0
2455070,12.0,155.0,30.5,Male,2.0,44355.99,2.0,5.0
1088201,35.0,421.0,54.5,Male,2.0,23926.17,1.0,4.0
5283980,13.0,157.0,30.5,Male,2.0,66645.01999999999,0.0,4.0
1687262,6.0,82.0,60.0,Unknown,2.0,43817.08,6.0,9.0
3010146,16.0,202.0,56.0,Female,2.0,61579.65,0.0,3.0
9121026,8.0,106.0,48.5,Female,2.0,36726.06,0.0,3.0
7447069,6.0,76.0,51.5,Unknown,2.0,134579.89,1.0,4.0
3782508,5.0,71.0,25.0,Unknown,3.0,61363.22,5.0,8.0
9068680,7.0,95.0,26.0,Unknown,2.0,79433.7,6.0,9.0
5518659,5.0,70.0,71.0,Unknown,2.0,68826.08,0.0,3.0
9861727,11.0,143.0,54.0,Male,2.0,198388.62,4.0,7.0
1396964,10.0,129.0,71.0,Female,2.0,33255.119999999995,2.0,5.0
7245855,9.0,119.0,29.0,Female,3.0,312255.83,1.0,4.0
8248476,6.0,82.0,56.5,Unknown,2.0,46581.51,2.0,5.0
2258357,16.0,192.0,65.5,Male,3.0,60793.74,6.0,9.0
1111086,13.0,157.0,36.0,Male,2.0,106835.81,2.0,5.0
5572873,6.0,76.0,28.0,Unknown,3.0,117205.3,5.0,8.0
6299914,11.0,136.0,30.0,Male,2.0,69681.22,3.0,6.0
4690774,6.0,82.0,35.5,Unknown,2.0,32927.7,1.0,4.0
3990599,5.0,71.0,54.5,Unknown,2.0,59692.11,6.0,9.0
4919508,25.0,306.0,85.0,Female,3.0,301361.51,6.0,9.0
3058849,24.0,292.0,54.5,Female,5.0,325994.23,4.0,7.0
6941992,24.0,290.0,65.5,Male,4.0,1168561.36,6.0,9.0
5336299,23.0,285.0,65.5,Male,3.0,2827886.48,3.0,6.0
7082310,22.0,266.0,61.5,Male,3.0,200227.17,5.0,8.0
8950411,21.0,255.0,73.0,Female,3.0,504238.21,6.0,9.0
1879312,20.0,251.0,63.0,Male,2.0,31770.84,5.0,8.0
3959519,20.0,249.0,52.5,Male,3.0,100537.57,3.0,6.0
8610616,21.0,257.0,40.5,Female,2.0,41331.41,2.0,5.0
6102903,20.0,242.0,59.0,Male,2.0,130502.19,2.0,5.0
6669765,20.0,240.0,54.5,Female,2.0,69038.94,0.0,3.0
1180546,19.0,231.0,50.5,Female,3.0,490488.38,6.0,9.0
1721941,12.0,145.0,67.0,Female,2.0,199023.82,6.0,9.0
700784,11.0,139.0,41.0,Female,2.0,161893.45,3.0,6.0
9552319,5.0,70.0,62.0,Unknown,3.0,61765.28,6.0,9.0
9255104,15.0,180.0,52.5,Female,2.0,129102.47,2.0,5.0
3149079,12.0,149.0,50.5,Male,2.0,45682.95,0.0,3.0
5153501,12.0,148.0,30.0,Male,2.0,64424.54,1.0,4.0
2122736,10.0,123.0,51.5,Female,2.0,34972.71,1.0,4.0
1275733,9.0,113.0,44.5,Female,2.0,386433.71,2.0,5.0
6711443,11.0,140.0,55.0,Male,2.0,24835.42,0.0,3.0
8422642,15.0,181.0,60.5,Male,2.0,85844.09,5.0,8.0
4863224,8.0,97.0,30.0,Unknown,2.0,36137.51,1.0,4.0
546337,12.0,149.0,47.0,Male,2.0,74903.9,2.0,5.0
3537735,15.0,181.0,37.5,Male,2.0,32973.43,6.0,9.0
9218358,15.0,184.0,59.0,Unknown,2.0,427649.23,2.0,5.0
8343009,4.0,59.0,31.0,Unknown,2.0,33781.57,6.0,9.0
7191234,4.0,56.0,49.0,Unknown,2.0,42091.15,6.0,9.0
8794039,4.0,58.0,53.5,Female,4.0,31003.7,5.0,8.0
9795049,24.0,296.0,75.0,Male,2.0,120995.79,6.0,9.0
8170143,12.0,155.0,69.5,Male,3.0,409420.35,3.0,6.0
4012328,13.0,166.0,40.0,Male,2.0,31865.22,6.0,9.0
5623848,6.0,79.0,51.5,Unknown,2.0,83589.41,4.0,7.0
8680964,12.0,154.0,57.5,Female,3.0,57932.1,6.0,9.0
5255030,6.0,82.0,51.5,Female,4.0,701200.8200000001,6.0,9.0
4856097,7.0,94.0,50.0,Unknown,2.0,40126.76,1.0,4.0
4066207,7.0,87.0,66.0,Unknown,2.0,157781.96000000002,2.0,5.0
4978709,9.0,111.0,35.5,Male,2.0,73011.66,1.0,4.0
5258581,5.0,67.0,37.5,Female,2.0,109165.37,3.0,6.0
144678,5.0,60.0,46.5,Unknown,2.0,51078.88,6.0,9.0
8215989,8.0,103.0,69.0,Unknown,3.0,180906.83,3.0,6.0
1363737,6.0,82.0,31.0,Unknown,2.0,30145.64,2.0,5.0
3151112,8.0,107.0,60.0,Male,2.0,37665.89,4.0,7.0
8588068,8.0,97.0,25.5,Unknown,2.0,63304.54,2.0,5.0
2226478,9.0,108.0,67.0,Male,2.0,228373.35,2.0,5.0
5081402,12.0,152.0,44.5,Male,2.0,77654.37,1.0,4.0
3172746,15.0,191.0,48.5,Female,3.0,104267.92,5.0,8.0
267391,13.0,158.0,59.5,Male,2.0,31776.62,5.0,8.0
3450766,14.0,169.0,27.0,Female,2.0,34345.88,6.0,9.0
250645,15.0,191.0,52.5,Female,3.0,194063.35,6.0,9.0
1866820,15.0,188.0,46.0,Male,2.0,38470.2,6.0,9.0
6904931,4.0,59.0,52.5,Unknown,2.0,108348.24,1.0,4.0
5041971,17.0,212.0,37.0,Male,2.0,103611.59,4.0,7.0
5761113,7.0,84.0,31.0,Unknown,2.0,31656.64,1.0,4.0
6103153,14.0,173.0,37.0,Female,2.0,49852.96,1.0,4.0
7022761,5.0,69.0,59.5,Female,2.0,96779.0,6.0,9.0
4580091,24.0,296.0,52.5,Male,2.0,68303.2,6.0,9.0
4529371,24.0,296.0,24.5,Female,2.0,30209.87,6.0,9.0
6173581,23.0,286.0,75.5,Male,3.0,159439.26,5.0,8.0
191300,21.0,253.0,64.0,Male,3.0,190549.46,3.0,6.0
6195253,21.0,253.0,80.0,Male,2.0,79056.17,1.0,4.0
8505452,18.0,227.0,36.0,Male,2.0,33051.88,1.0,4.0
6478662,18.0,216.0,48.5,Female,3.0,288017.65,6.0,9.0
8962369,6.0,79.0,33.0,Unknown,2.0,69426.35,6.0,9.0
5910608,5.0,65.0,30.5,Unknown,2.0,26220.95,2.0,5.0
1858800,8.0,101.0,43.0,Unknown,2.0,25124.13,0.0,3.0
2549185,5.0,66.0,35.5,Unknown,2.0,42019.73,5.0,8.0
9516166,6.0,81.0,70.5,Unknown,2.0,25854.83,0.0,3.0
6280963,11.0,139.0,50.0,Female,2.0,61509.96,5.0,8.0
3875133,16.0,196.0,65.0,Female,2.0,425306.23,3.0,6.0
2420905,7.0,88.0,26.0,Unknown,2.0,48504.82,6.0,9.0
7651432,8.0,97.0,26.5,Unknown,2.0,54478.61,0.0,3.0
6652360,13.0,167.0,53.5,Unknown,2.0,427613.28,4.0,7.0
9182143,16.0,199.0,32.5,Male,2.0,27976.03,3.0,6.0
8229804,5.0,70.0,60.5,Male,2.0,46090.62,1.0,4.0
5283242,6.0,73.0,30.5,Unknown,3.0,58727.15,6.0,9.0
7631819,2.0,34.0,46.5,Unknown,2.0,30155.6,1.0,4.0
2601202,6.0,79.0,29.5,Unknown,2.0,32670.64,1.0,4.0
8486666,4.0,59.0,50.0,Unknown,2.0,43043.86,5.0,8.0
5141416,4.0,58.0,54.5,Unknown,2.0,29947.92,3.0,6.0
3484978,4.0,58.0,23.0,Unknown,2.0,27510.48,2.0,5.0
8928774,14.0,168.0,34.5,Female,6.0,153527.82,5.0,8.0
8017188,33.0,397.0,54.5,Male,3.0,213134.63,3.0,6.0
2096040,4.0,58.0,32.0,Female,2.0,45520.0,1.0,4.0
4744361,28.0,347.0,63.0,Male,2.0,74261.23999999999,5.0,8.0
1671477,11.0,143.0,34.5,Male,2.0,124442.02,1.0,4.0
595657,7.0,90.0,48.0,Unknown,2.0,35527.99,2.0,6.0
8048935,15.0,185.0,60.0,Male,2.0,38417.78,6.0,9.0
7146195,9.0,118.0,40.5,Female,5.0,184917.41,5.0,8.0
4647478,23.0,285.0,75.5,Unknown,2.0,494775.64,0.0,4.0
5464721,5.0,70.0,53.0,Unknown,2.0,40701.12,0.0,3.0
3882086,4.0,59.0,48.5,Unknown,2.0,30599.44,0.0,3.0
4385232,8.0,107.0,37.0,Female,2.0,62260.69,2.0,6.0
5490056,12.0,148.0,37.0,Male,3.0,319613.26,5.0,8.0
7188669,29.0,349.0,49.5,Unknown,2.0,110013.69,4.0,7.0
9656424,12.0,146.0,60.5,Male,2.0,162354.71000000002,3.0,6.0
329574,7.0,94.0,28.5,Unknown,4.0,219452.46,6.0,9.0
2636198,16.0,199.0,67.0,Female,2.0,386739.93,3.0,6.0
2495355,4.0,58.0,64.0,Unknown,2.0,28789.68,1.0,4.0
7726175,3.0,42.0,25.5,Male,2.0,24082.78,1.0,4.0
737881,22.0,270.0,51.0,Female,2.0,68296.29999999999,4.0,7.0
1237163,21.0,262.0,62.5,Female,2.0,49823.86,1.0,4.0
3369137,21.0,253.0,62.5,Male,2.0,366632.27,5.0,8.0
9395390,17.0,215.0,61.0,Unknown,2.0,28285.71,3.0,6.0
432789,17.0,215.0,47.5,Female,2.0,145384.99,6.0,9.0
5249795,17.0,208.0,17.5,Male,3.0,43042.88,3.0,6.0
9408869,35.0,424.0,69.0,Male,3.0,583833.7200000001,4.0,7.0
7872084,16.0,197.0,76.0,Male,2.0,107636.71,6.0,9.0
1024268,28.0,337.0,49.5,Female,2.0,2000736.92,6.0,9.0
8644435,4.0,58.0,44.5,Unknown,2.0,39481.56,1.0,4.0
4446759,6.0,83.0,50.5,Unknown,2.0,48272.53,3.0,6.0
6571403,17.0,207.0,82.0,Male,2.0,346694.53,6.0,9.0
6208259,6.0,73.0,59.0,Male,2.0,495793.84,5.0,8.0
8094167,7.0,91.0,22.0,Unknown,3.0,31669.99,3.0,6.0
2271164,11.0,143.0,52.0,Female,2.0,116911.74,4.0,7.0
9243700,6.0,81.0,27.0,Female,3.0,48410.83,3.0,6.0
2354204,16.0,194.0,52.5,Male,2.0,48254.03999999999,2.0,5.0
6449098,8.0,104.0,63.5,Male,2.0,34221.83,3.0,6.0
409787,14.0,170.0,60.5,Male,2.0,45683.88,0.0,3.0
7871271,10.0,129.0,27.0,Female,2.0,103195.78,1.0,4.0
3737834,16.0,197.0,57.5,Male,2.0,25147.89,2.0,5.0
3394004,14.0,169.0,30.5,Male,2.0,37200.7,6.0,9.0
7096317,16.0,198.0,42.5,Female,2.0,30111.95,0.0,3.0
7494176,28.0,338.0,71.5,Female,2.0,58093.48,3.0,6.0
9268374,4.0,55.0,57.0,Male,3.0,71504.88,6.0,9.0
3127831,5.0,71.0,46.0,Unknown,3.0,113530.7,1.0,5.0
7045882,7.0,86.0,31.5,Unknown,3.0,131458.44,5.0,8.0
7044362,9.0,118.0,58.5,Male,2.0,138193.41999999998,0.0,3.0
6672315,12.0,149.0,54.5,Female,2.0,74295.6,3.0,6.0
2240256,15.0,189.0,50.0,Female,2.0,23801.34,4.0,7.0
3694585,15.0,190.0,40.0,Female,2.0,49254.42,4.0,7.0
3221598,4.0,55.0,22.5,Unknown,2.0,26490.75,5.0,8.0
7149854,5.0,66.0,63.5,Unknown,2.0,272508.42,6.0,9.0
848688,13.0,160.0,36.5,Male,4.0,163074.97999999998,4.0,7.0
1374292,15.0,191.0,60.5,Female,2.0,62159.14,6.0,9.0
7394783,11.0,140.0,63.5,Male,2.0,1083099.37,6.0,9.0
8752868,7.0,84.0,72.5,Unknown,2.0,153703.12,1.0,4.0
3479816,15.0,189.0,36.0,Male,2.0,139104.71,5.0,8.0
7203736,8.0,104.0,39.5,Male,2.0,85030.36,0.0,3.0
1108090,11.0,137.0,46.5,Female,2.0,106110.66,4.0,7.0
1260653,12.0,154.0,28.5,Male,2.0,27319.26,0.0,3.0
1112343,14.0,169.0,43.5,Male,4.0,441813.21,6.0,9.0
73453,16.0,201.0,56.5,Male,2.0,1194883.41,6.0,9.0
6095280,6.0,75.0,49.0,Male,2.0,50251.66,3.0,7.0
598705,5.0,70.0,29.0,Unknown,2.0,34099.2,1.0,4.0
7337453,12.0,152.0,62.5,Male,2.0,674815.6000000001,6.0,9.0
2680334,15.0,189.0,46.5,Male,2.0,55883.24,2.0,5.0
6697221,12.0,151.0,28.5,Female,2.0,24869.36,3.0,6.0
3813623,14.0,169.0,31.5,Female,4.0,122693.36,3.0,6.0
1978167,15.0,191.0,51.5,Female,2.0,124991.06,1.0,4.0
4765026,8.0,97.0,31.5,Unknown,4.0,99015.19,6.0,9.0
3305322,4.0,58.0,57.0,Female,2.0,115998.6,3.0,6.0
6112197,5.0,62.0,24.5,Male,3.0,173609.19,6.0,9.0
9117250,6.0,82.0,24.0,Unknown,2.0,64362.39,1.0,5.0
5314587,24.0,289.0,50.5,Female,2.0,183228.79,2.0,5.0
3198093,24.0,294.0,54.5,Female,3.0,86944.87,4.0,7.0
1357384,21.0,254.0,41.0,Female,2.0,37396.7,2.0,5.0
4472571,19.0,230.0,61.0,Male,2.0,55602.23,6.0,9.0
6721172,19.0,230.0,53.5,Male,2.0,182748.02,2.0,5.0
769765,18.0,220.0,27.0,Female,2.0,53402.89,2.0,5.0
4630971,17.0,210.0,46.5,Male,2.0,114591.12,3.0,6.0
8537217,17.0,205.0,21.5,Female,2.0,27691.64,0.0,4.0
5036404,10.0,123.0,27.5,Male,2.0,25316.19,0.0,3.0
37423,17.0,209.0,48.5,Unknown,2.0,66037.22,6.0,9.0
4251068,6.0,81.0,56.5,Unknown,2.0,446659.24,2.0,5.0
7864632,5.0,70.0,24.0,Unknown,3.0,47719.26,6.0,9.0
574728,4.0,56.0,60.5,Male,2.0,1263840.5499999998,6.0,9.0
782399,8.0,99.0,63.0,Unknown,2.0,48875.67,0.0,3.0
699117,5.0,71.0,44.5,Unknown,2.0,27831.84,2.0,6.0
4890753,5.0,60.0,34.5,Unknown,2.0,26866.36,3.0,6.0
5340999,6.0,72.0,20.5,Unknown,2.0,38777.01,4.0,7.0
4807789,5.0,71.0,31.5,Unknown,2.0,55345.46,4.0,7.0
9068866,7.0,95.0,56.5,Unknown,2.0,46623.95,2.0,5.0
4246602,15.0,190.0,38.0,Male,2.0,58206.07,6.0,9.0
8071131,9.0,115.0,64.5,Female,2.0,29894.84,0.0,3.0
4089005,7.0,85.0,61.0,Unknown,2.0,193896.98,6.0,9.0
9410507,5.0,71.0,50.0,Unknown,3.0,41362.11,2.0,5.0
6885624,15.0,182.0,70.5,Male,3.0,166029.21000000002,4.0,7.0
9354633,6.0,83.0,26.5,Unknown,2.0,45745.19,0.0,3.0
9763536,4.0,49.0,20.0,Unknown,2.0,26542.92,1.0,4.0
2621982,8.0,101.0,40.5,Unknown,2.0,50779.36,4.0,7.0
4743648,6.0,81.0,29.0,Unknown,2.0,33080.5,1.0,4.0
15050,26.0,321.0,52.5,Female,3.0,65688.56,6.0,9.0
4267612,28.0,345.0,28.0,Female,2.0,32358.76,3.0,6.0
9397973,11.0,138.0,42.5,Male,2.0,60850.09,0.0,3.0
9815599,5.0,64.0,51.5,Unknown,2.0,213472.78,6.0,9.0
7467039,6.0,73.0,63.0,Unknown,2.0,57190.09,0.0,3.0
9359463,14.0,177.0,49.0,Male,2.0,29529.85,1.0,4.0
1954630,2.0,33.0,33.5,Unknown,2.0,30233.68,4.0,7.0
1200050,14.0,179.0,57.0,Male,2.0,53907.24,6.0,9.0
473920,5.0,71.0,69.5,Unknown,3.0,78615.69,6.0,9.0
9547634,15.0,191.0,37.0,Female,2.0,76213.56,0.0,3.0
3781768,22.0,274.0,47.0,Female,3.0,367348.12,2.0,5.0
1446469,19.0,238.0,25.5,Male,3.0,66412.48999999999,6.0,9.0
4542413,19.0,231.0,73.5,Female,2.0,62789.43,3.0,6.0
227805,18.0,226.0,36.5,Unknown,3.0,91905.05,5.0,8.0
2560691,18.0,226.0,58.5,Unknown,4.0,198155.42,2.0,5.0
4952273,18.0,216.0,34.0,Female,2.0,41129.12,4.0,7.0
7697945,17.0,215.0,41.0,Male,3.0,295784.56,5.0,8.0
7154717,16.0,198.0,43.0,Male,3.0,639231.29,6.0,9.0
822123,13.0,162.0,65.0,Male,2.0,51220.01,6.0,9.0
8062119,15.0,181.0,44.5,Male,2.0,132776.43,1.0,4.0
4799453,21.0,253.0,63.0,Male,2.0,87891.91,6.0,9.0
3647252,23.0,280.0,61.0,Male,3.0,2014415.91,0.0,3.0
1433566,7.0,95.0,55.0,Unknown,2.0,156901.27000000002,2.0,5.0
3918261,38.0,459.0,62.5,Female,2.0,102279.14,6.0,9.0
5044560,5.0,71.0,58.0,Unknown,3.0,68020.14,4.0,7.0
2341792,16.0,197.0,74.0,Male,2.0,53054.89,2.0,5.0
3597484,8.0,103.0,46.0,Unknown,2.0,62269.47,3.0,6.0
6093544,7.0,90.0,25.0,Unknown,2.0,27706.99,0.0,3.0
4056801,16.0,193.0,60.5,Female,2.0,83270.08,5.0,8.0
431627,4.0,59.0,36.5,Unknown,3.0,122212.9,6.0,9.0
4417192,12.0,154.0,30.5,Female,2.0,66626.95,3.0,6.0
5120012,14.0,178.0,37.5,Male,3.0,260405.54,6.0,9.0
3652385,28.0,347.0,79.0,Male,3.0,264162.82,6.0,9.0
3333348,5.0,71.0,41.0,Male,3.0,225023.34000000003,6.0,9.0
6909039,4.0,58.0,33.5,Unknown,2.0,51527.45,0.0,3.0
4977984,12.0,154.0,28.0,Male,2.0,36280.49,1.0,4.0
2261819,4.0,57.0,22.0,Unknown,2.0,48105.94,1.0,4.0
1198944,14.0,171.0,30.5,Male,2.0,43874.49,5.0,8.0
2023072,15.0,187.0,55.0,Male,2.0,32097.86,2.0,6.0
1678234,7.0,84.0,52.0,Unknown,3.0,291797.7,4.0,7.0
8257803,26.0,321.0,67.0,Male,2.0,215062.87,3.0,6.0
5031199,5.0,60.0,55.0,Unknown,3.0,75760.51,4.0,7.0
3790249,6.0,73.0,26.0,Unknown,2.0,48670.34,3.0,6.0
4379730,9.0,116.0,63.5,Male,2.0,189544.61,1.0,4.0
6358660,11.0,137.0,51.0,Male,2.0,27521.3,6.0,9.0
7253866,29.0,355.0,68.5,Male,2.0,250799.33,1.0,4.0
927516,10.0,128.0,30.5,Male,2.0,132528.76,2.0,5.0
8063233,4.0,58.0,37.0,Unknown,2.0,40474.58,4.0,7.0
2550200,4.0,59.0,36.0,Unknown,2.0,59840.59,2.0,5.0
297472,5.0,70.0,61.0,Unknown,2.0,34598.48,1.0,4.0
8646291,8.0,98.0,51.0,Female,2.0,96467.35,1.0,4.0
8259583,4.0,58.0,34.5,Unknown,2.0,50308.87,0.0,3.0
9750016,5.0,67.0,28.5,Female,2.0,26083.83,0.0,3.0
1677722,5.0,65.0,32.5,Unknown,2.0,84063.18,2.0,5.0
960724,10.0,129.0,33.0,Female,2.0,46098.71,0.0,3.0
4060334,6.0,73.0,25.5,Unknown,3.0,66534.88,3.0,6.0
8568326,15.0,183.0,63.5,Male,2.0,71278.33,4.0,7.0
6427526,16.0,203.0,80.5,Male,2.0,55464.17999999999,3.0,6.0
2122912,12.0,145.0,47.0,Female,2.0,27522.26,1.0,4.0
2923342,5.0,69.0,68.0,Female,2.0,190637.3,0.0,3.0
7534819,22.0,274.0,59.5,Male,2.0,184131.66,3.0,6.0
1256690,22.0,270.0,35.5,Male,3.0,155796.11,6.0,9.0
2971820,22.0,264.0,52.0,Male,3.0,107474.26,4.0,7.0
4431185,22.0,273.0,57.0,Unknown,2.0,445375.51,4.0,7.0
2909102,21.0,254.0,48.5,Male,3.0,367249.46,4.0,7.0
3468813,20.0,240.0,71.5,Male,3.0,187583.54,3.0,6.0
5211432,19.0,237.0,43.0,Female,2.0,50746.25,4.0,7.0
6953767,19.0,235.0,57.0,Unknown,3.0,117905.18,1.0,4.0
8213521,18.0,227.0,46.0,Female,2.0,140899.28,4.0,7.0
3425096,10.0,129.0,41.5,Male,3.0,158526.65000000002,6.0,9.0
8007865,15.0,185.0,75.0,Male,2.0,189216.48,5.0,8.0
2735635,13.0,157.0,49.5,Male,2.0,81537.09,1.0,5.0
4204839,5.0,69.0,25.5,Unknown,2.0,53699.05,5.0,8.0
4315514,20.0,242.0,67.5,Male,2.0,140620.7,5.0,8.0
1263455,7.0,94.0,27.5,Unknown,2.0,28953.97,2.0,5.0
1194237,30.0,370.0,30.5,Male,3.0,150899.01,6.0,9.0
8103106,6.0,81.0,25.0,Unknown,2.0,60968.28,6.0,9.0
5711578,13.0,157.0,36.5,Male,2.0,30330.24,0.0,3.0
5308409,9.0,110.0,49.5,Female,2.0,40015.63,6.0,9.0
4885697,29.0,352.0,52.0,Female,2.0,96886.78,2.0,5.0
1393168,5.0,67.0,33.5,Female,2.0,49925.72,1.0,4.0
3816563,7.0,86.0,24.5,Unknown,2.0,44467.87,2.0,5.0
4876132,10.0,120.0,39.5,Female,3.0,87829.34,2.0,5.0
3154747,4.0,48.0,54.5,Unknown,2.0,28756.45,0.0,3.0
4575326,12.0,155.0,67.0,Male,2.0,37381.48,0.0,3.0
7065655,8.0,96.0,34.5,Unknown,3.0,106932.42,0.0,3.0
2785387,7.0,85.0,48.0,Male,2.0,321776.2,6.0,9.0
8479157,9.0,118.0,63.5,Male,3.0,24800.83,6.0,9.0
9485851,13.0,167.0,40.0,Male,2.0,52000.51,4.0,7.0
5955812,13.0,159.0,68.5,Male,2.0,462653.5,6.0,9.0
2506177,15.0,189.0,37.0,Female,2.0,91379.2,1.0,4.0
8400843,6.0,83.0,34.5,Unknown,2.0,61219.46,6.0,9.0
2116239,4.0,56.0,18.0,Unknown,2.0,36727.74,3.0,6.0
6270117,7.0,84.0,33.0,Unknown,2.0,85270.79999999999,5.0,8.0
8699610,7.0,92.0,32.0,Unknown,2.0,53779.94,6.0,9.0
1482272,6.0,79.0,47.5,Unknown,2.0,40788.05,6.0,9.0
5449569,12.0,154.0,71.5,Female,2.0,34365.619999999995,2.0,5.0
8836494,7.0,86.0,62.5,Unknown,2.0,235446.95,3.0,6.0
9587960,9.0,115.0,66.0,Female,2.0,192057.94,5.0,9.0
4023749,6.0,78.0,67.0,Male,2.0,177683.26,6.0,9.0
1278647,5.0,71.0,26.5,Unknown,3.0,114020.3,6.0,9.0
5644420,10.0,126.0,25.0,Male,2.0,70888.56,1.0,4.0
55448,9.0,110.0,58.5,Female,2.0,41450.38,3.0,6.0
6066023,14.0,174.0,32.0,Male,2.0,44028.6,6.0,9.0
6841726,10.0,131.0,37.0,Female,2.0,45237.83,0.0,3.0
2566517,25.0,303.0,75.0,Male,2.0,47815.23,6.0,9.0
782609,22.0,267.0,51.5,Female,4.0,130030.28,5.0,8.0
8650703,21.0,260.0,46.0,Female,2.0,157729.66999999998,1.0,4.0
5369253,21.0,259.0,71.5,Female,2.0,64089.05,4.0,7.0
5929312,21.0,253.0,48.5,Male,3.0,263539.35,5.0,8.0
3954242,21.0,253.0,46.5,Female,2.0,67027.51999999999,0.0,3.0
1360394,19.0,238.0,82.0,Female,2.0,43806.41,5.0,8.0
3182538,18.0,225.0,22.0,Unknown,4.0,83865.11,0.0,3.0
4953806,18.0,222.0,42.5,Male,2.0,83329.88,1.0,4.0
9744723,18.0,218.0,28.5,Female,3.0,80612.65,6.0,9.0
3198496,17.0,214.0,52.5,Female,2.0,166141.27000000002,6.0,9.0
2138772,17.0,213.0,54.5,Female,2.0,192836.94,5.0,8.0
3597029,4.0,56.0,26.0,Female,3.0,43839.69,1.0,4.0
2061626,13.0,159.0,56.5,Male,2.0,118233.74,4.0,7.0
2837561,4.0,58.0,33.5,Unknown,2.0,37582.3,2.0,5.0
2478041,9.0,116.0,62.0,Female,2.0,56100.1,2.0,5.0
719113,5.0,71.0,60.5,Female,2.0,26948.71,0.0,3.0
2313292,6.0,73.0,60.5,Unknown,4.0,836797.5700000001,3.0,6.0
4129281,14.0,168.0,44.5,Male,2.0,43846.77,0.0,3.0
3639173,26.0,322.0,63.5,Unknown,3.0,822716.5,5.0,8.0
4955883,29.0,349.0,26.0,Female,2.0,37122.69,2.0,5.0
293284,6.0,83.0,44.0,Unknown,3.0,54494.37,6.0,9.0
3823935,6.0,75.0,62.0,Male,3.0,253090.22,6.0,9.0
64871,15.0,182.0,47.0,Male,2.0,59767.83,2.0,5.0
7068283,4.0,59.0,51.5,Male,4.0,94098.37,6.0,9.0
631016,12.0,144.0,62.0,Female,2.0,68757.42,6.0,9.0
6662779,13.0,164.0,30.5,Female,3.0,167640.52999999997,6.0,9.0
5107674,7.0,91.0,46.5,Unknown,2.0,155454.87,6.0,9.0
4520186,9.0,114.0,53.0,Female,2.0,57748.3,4.0,7.0
7897592,14.0,171.0,55.5,Male,2.0,54303.03,4.0,7.0
4015423,7.0,86.0,40.0,Unknown,2.0,47195.66,3.0,6.0
8180878,9.0,115.0,24.0,Female,2.0,57571.95,2.0,5.0
1263597,6.0,73.0,32.0,Unknown,2.0,58671.19,6.0,9.0
3047293,6.0,76.0,29.5,Unknown,3.0,84280.26,4.0,7.0
108335,4.0,58.0,25.0,Unknown,2.0,29973.03,6.0,9.0
8371066,7.0,95.0,26.0,Male,4.0,134680.05,6.0,9.0
1981739,5.0,63.0,55.0,Female,2.0,128772.61,3.0,6.0
4094092,10.0,124.0,40.5,Female,2.0,91387.21,2.0,5.0
7791817,18.0,216.0,38.0,Female,2.0,152106.76,0.0,3.0
5299317,4.0,49.0,38.5,Unknown,3.0,312395.41,2.0,5.0
746892,6.0,82.0,60.5,Unknown,2.0,32321.97,2.0,5.0
7140331,11.0,143.0,35.5,Female,2.0,29309.98,2.0,5.0
2906540,8.0,103.0,31.0,Unknown,2.0,69465.23999999999,3.0,6.0
4791137,5.0,65.0,64.5,Unknown,2.0,366776.94,6.0,9.0
6088700,5.0,65.0,26.0,Unknown,2.0,44267.28999999999,3.0,6.0
8292253,35.0,428.0,52.5,Female,2.0,541888.77,1.0,4.0
1157434,24.0,290.0,61.0,Female,2.0,32099.14,6.0,9.0
5333922,23.0,287.0,48.5,Male,3.0,880558.67,5.0,8.0
8897392,23.0,278.0,41.5,Female,2.0,44628.67,0.0,3.0
9151225,22.0,271.0,28.0,Unknown,4.0,171802.14,6.0,9.0
8404765,21.0,253.0,29.5,Male,3.0,79533.68,2.0,5.0
1827753,20.0,247.0,55.5,Female,3.0,109958.87,3.0,6.0
2297521,20.0,251.0,60.5,Male,2.0,105265.84,0.0,3.0
6454869,19.0,231.0,53.0,Female,3.0,216386.62,1.0,4.0
5463895,17.0,209.0,48.0,Female,2.0,163319.09999999998,3.0,6.0
2688470,4.0,58.0,22.5,Unknown,2.0,39351.91,3.0,6.0
4578710,13.0,162.0,63.5,Female,2.0,45883.03999999999,1.0,4.0
4701250,15.0,189.0,61.0,Male,2.0,120255.34,6.0,9.0
2434945,14.0,178.0,36.5,Male,2.0,77731.45999999999,0.0,3.0
6352249,5.0,71.0,63.0,Unknown,2.0,91887.37,3.0,6.0
5621250,26.0,321.0,69.0,Female,2.0,97562.19,0.0,3.0
4351510,8.0,98.0,60.5,Unknown,2.0,109918.15,5.0,8.0
2857106,9.0,116.0,63.5,Male,3.0,55346.34,6.0,9.0
5629464,5.0,60.0,54.5,Unknown,2.0,84489.34,1.0,4.0
6061814,16.0,192.0,46.0,Female,2.0,31293.3,0.0,3.0
9188669,4.0,58.0,55.0,Unknown,2.0,31484.64,4.0,7.0
5047201,4.0,58.0,22.5,Unknown,2.0,44827.57,0.0,3.0
8627399,20.0,241.0,58.5,Unknown,2.0,256239.03,1.0,4.0
6371350,8.0,103.0,43.5,Unknown,2.0,40954.39,1.0,4.0
8031718,28.0,341.0,64.5,Male,3.0,156040.27000000002,3.0,6.0
1939550,13.0,156.0,50.5,Male,2.0,45599.37,1.0,4.0
7352107,12.0,151.0,29.0,Female,2.0,50801.39,6.0,9.0
2687712,8.0,107.0,60.5,Female,2.0,51092.17999999999,1.0,4.0
7992942,15.0,185.0,55.0,Male,2.0,141331.59999999998,6.0,9.0
2937341,16.0,193.0,41.5,Female,2.0,108300.62,1.0,4.0
643862,5.0,70.0,19.0,Unknown,2.0,34433.35,0.0,3.0
4418447,14.0,177.0,50.5,Female,2.0,35251.22,0.0,3.0
7331194,13.0,163.0,77.5,Female,2.0,36861.96,1.0,4.0
371162,5.0,60.0,53.5,Unknown,2.0,762899.89,3.0,6.0
2495100,4.0,57.0,36.5,Unknown,3.0,27930.15,6.0,9.0
4534151,6.0,81.0,27.0,Unknown,2.0,60506.61,6.0,9.0
6375858,5.0,61.0,36.0,Unknown,4.0,82309.45999999999,4.0,8.0
6602220,13.0,156.0,33.0,Female,3.0,123715.52,6.0,9.0
2131692,11.0,132.0,32.0,Male,3.0,702659.88,3.0,6.0
3994586,15.0,186.0,31.0,Male,2.0,93469.42,0.0,3.0
6895833,7.0,96.0,58.5,Unknown,2.0,42811.36,2.0,5.0
1314809,6.0,82.0,44.5,Unknown,2.0,75278.48,1.0,4.0
2153015,9.0,117.0,38.0,Female,2.0,62099.32,6.0,9.0
6180572,7.0,88.0,59.5,Unknown,2.0,106131.33,1.0,4.0
747959,4.0,56.0,25.5,Unknown,3.0,36866.6,1.0,4.0
8778575,12.0,151.0,51.5,Female,2.0,153524.66,6.0,9.0
3879152,12.0,147.0,74.5,Male,2.0,66247.85,6.0,9.0
7392118,9.0,118.0,59.5,Female,3.0,84616.32,1.0,4.0
2735502,8.0,107.0,38.0,Female,2.0,88983.29999999999,2.0,5.0
5297874,9.0,114.0,30.0,Male,2.0,42964.47,0.0,3.0
846051,5.0,70.0,64.0,Male,2.0,144021.91999999998,6.0,9.0
1669101,3.0,46.0,74.5,Unknown,2.0,34772.54,2.0,6.0
3070675,6.0,73.0,50.0,Unknown,3.0,95521.2,5.0,8.0
2582853,13.0,163.0,59.0,Unknown,2.0,158633.19,3.0,6.0
7582150,14.0,179.0,32.0,Male,3.0,61924.57,4.0,7.0
7335405,4.0,57.0,69.5,Unknown,2.0,282049.14,6.0,9.0
5283991,10.0,130.0,52.0,Female,3.0,81276.25,3.0,6.0
3267960,26.0,319.0,60.5,Male,3.0,277296.68,3.0,6.0
5395585,10.0,122.0,30.5,Male,3.0,27555.87,3.0,6.0
8125499,25.0,302.0,51.5,Female,3.0,1640901.12,6.0,9.0
2321427,23.0,280.0,63.0,Female,2.0,82092.04000000001,4.0,7.0
7777699,21.0,258.0,38.0,Male,3.0,64476.1,1.0,4.0
8823513,21.0,253.0,48.0,Female,2.0,68039.73,4.0,7.0
3724060,21.0,252.0,35.0,Male,2.0,133367.95,1.0,4.0
4746162,20.0,251.0,68.0,Male,2.0,192811.29,3.0,6.0
1453854,18.0,226.0,63.0,Male,2.0,31925.57,2.0,5.0
3037751,16.0,196.0,19.0,Female,2.0,47194.02,3.0,6.0
7208557,18.0,217.0,53.0,Male,2.0,90009.18,4.0,7.0
5576912,7.0,85.0,75.5,Unknown,2.0,47460.42999999999,6.0,9.0
6716899,7.0,94.0,41.5,Unknown,2.0,49372.05,6.0,9.0
3500596,7.0,91.0,51.5,Unknown,2.0,319781.56,4.0,7.0
663694,30.0,360.0,49.0,Male,2.0,64107.99,5.0,8.0
8975499,7.0,93.0,62.0,Unknown,3.0,925292.65,5.0,8.0
7283745,13.0,160.0,66.5,Female,3.0,194524.0,5.0,9.0
9908836,15.0,182.0,38.0,Female,2.0,79345.31,6.0,9.0
2571101,13.0,166.0,23.0,Unknown,2.0,113603.62,0.0,3.0
8509031,5.0,70.0,56.5,Unknown,2.0,49262.95,3.0,6.0
4539437,12.0,146.0,54.5,Female,2.0,25128.69,0.0,3.0
3532521,4.0,59.0,18.5,Unknown,2.0,44888.28999999999,0.0,3.0
7016459,7.0,90.0,66.5,Unknown,2.0,250759.92,3.0,6.0
6576518,6.0,73.0,25.5,Unknown,2.0,42292.86,2.0,5.0
7672522,5.0,60.0,32.5,Unknown,4.0,31037.6,5.0,8.0
5713590,11.0,140.0,53.5,Male,2.0,146725.34999999998,3.0,6.0
4321055,32.0,385.0,71.0,Female,4.0,820038.28,6.0,9.0
491779,6.0,73.0,54.0,Unknown,3.0,162485.83000000002,4.0,7.0
9830820,13.0,165.0,72.5,Female,2.0,125110.74,6.0,9.0
4815206,13.0,165.0,57.5,Male,2.0,147702.47999999998,1.0,4.0
949210,29.0,355.0,54.5,Male,4.0,1219029.3099999998,4.0,7.0
5777101,6.0,79.0,73.0,Unknown,2.0,329723.45,0.0,5.0
9683640,16.0,202.0,59.0,Female,3.0,291361.37,2.0,5.0
4463047,12.0,147.0,56.5,Female,2.0,24778.28,0.0,3.0
6218926,14.0,177.0,54.5,Male,2.0,480207.9,5.0,8.0
4365782,7.0,85.0,60.5,Unknown,2.0,433254.29,6.0,9.0
1124273,4.0,59.0,57.5,Male,2.0,542726.99,6.0,9.0
3729817,14.0,174.0,59.5,Male,2.0,36449.61,2.0,5.0
5297688,15.0,188.0,68.5,Unknown,2.0,88803.67,2.0,5.0
1260635,31.0,383.0,63.5,Male,3.0,707082.16,6.0,9.0
6042231,13.0,162.0,33.5,Female,2.0,35763.55,6.0,9.0
7407505,8.0,104.0,61.0,Male,2.0,88038.04000000001,6.0,9.0
9813394,15.0,188.0,52.5,Female,2.0,116530.09,1.0,4.0
6240210,14.0,175.0,44.0,Male,2.0,320368.94,2.0,5.0
1495053,7.0,89.0,72.0,Unknown,2.0,142668.25,3.0,6.0
7956919,21.0,263.0,48.5,Female,3.0,47070.53999999999,3.0,6.0
7994112,18.0,220.0,32.5,Female,3.0,299616.14,6.0,9.0
1494066,22.0,266.0,68.0,Female,2.0,157944.03999999998,2.0,5.0
3754992,8.0,106.0,43.0,Female,2.0,66655.70999999999,1.0,4.0
761720,6.0,82.0,35.0,Unknown,2.0,68112.34,6.0,9.0
381660,15.0,188.0,65.5,Female,2.0,224315.59000000003,4.0,7.0
5618380,9.0,110.0,34.0,Female,2.0,59913.74,0.0,3.0
6679090,15.0,182.0,70.5,Male,2.0,135827.47,2.0,5.0
1756570,6.0,73.0,22.5,Unknown,2.0,28063.52,3.0,6.0
6188893,14.0,177.0,68.0,Female,2.0,44530.1,3.0,6.0
9720345,7.0,84.0,58.0,Unknown,2.0,39945.94,0.0,3.0
2895726,10.0,121.0,33.5,Female,2.0,149338.68,1.0,4.0
3678586,8.0,96.0,26.5,Unknown,2.0,71347.44,6.0,9.0
4079311,7.0,85.0,48.0,Unknown,3.0,154486.95,4.0,7.0
5191995,28.0,336.0,67.5,Female,3.0,285217.68,5.0,8.0
3143682,17.0,205.0,64.5,Male,2.0,80550.29999999999,1.0,4.0
5958284,5.0,66.0,26.5,Unknown,2.0,31005.04,1.0,4.0
9337989,5.0,66.0,52.5,Unknown,2.0,72844.61,0.0,3.0
2217601,8.0,96.0,27.5,Unknown,3.0,42622.82,1.0,4.0
446547,14.0,178.0,60.5,Male,2.0,195119.96,1.0,4.0
2395301,5.0,71.0,61.5,Unknown,2.0,65982.41,1.0,4.0
9219098,14.0,170.0,75.0,Male,2.0,290540.99,4.0,7.0
6571183,11.0,137.0,56.0,Male,2.0,248725.62,6.0,9.0
4374192,5.0,66.0,34.5,Unknown,2.0,26734.49,5.0,8.0
3833983,11.0,141.0,40.5,Male,2.0,67014.87,0.0,3.0
8053344,15.0,182.0,51.0,Female,4.0,195083.52,3.0,6.0
8207265,48.0,576.0,77.0,Female,2.0,114365.15,1.0,4.0
9500922,7.0,91.0,52.5,Unknown,2.0,32782.5,4.0,7.0
4308718,14.0,168.0,60.5,Male,3.0,173606.53999999998,4.0,7.0
3160757,9.0,109.0,27.5,Male,2.0,27990.49,6.0,9.0
6147316,15.0,181.0,56.0,Male,2.0,314794.07,3.0,7.0
4998418,15.0,189.0,55.0,Female,2.0,149404.69,0.0,3.0
1387501,7.0,88.0,48.5,Unknown,2.0,47609.53999999999,5.0,8.0
2106310,5.0,71.0,49.0,Unknown,2.0,46723.89,2.0,5.0
1547183,4.0,59.0,22.5,Unknown,3.0,119714.16,4.0,8.0
4639557,6.0,73.0,57.5,Unknown,2.0,62112.46,2.0,5.0
3862223,8.0,99.0,27.0,Male,2.0,79305.45,6.0,9.0
655871,11.0,143.0,67.0,Female,2.0,24644.39,3.0,6.0
4911800,9.0,108.0,42.0,Female,2.0,25663.79,2.0,5.0
2760021,24.0,298.0,52.0,Female,2.0,26882.91,4.0,7.0
3634758,24.0,293.0,53.0,Male,4.0,469366.35,6.0,9.0
1330615,23.0,285.0,18.5,Male,2.0,35553.33,3.0,6.0
8004609,21.0,260.0,40.0,Female,2.0,38574.85,3.0,6.0
2323407,21.0,254.0,72.0,Male,2.0,46977.35,0.0,3.0
627525,20.0,243.0,51.0,Female,2.0,335694.77,1.0,4.0
2339348,18.0,222.0,85.0,Female,2.0,101211.05,2.0,5.0
1982897,18.0,216.0,40.5,Male,2.0,88933.29000000001,6.0,9.0
3058053,17.0,206.0,63.5,Female,2.0,862784.9500000001,1.0,4.0
3222523,16.0,198.0,74.0,Unknown,2.0,229753.09000000003,6.0,9.0
9609929,5.0,70.0,39.5,Unknown,2.0,31968.26,1.0,4.0
3836344,6.0,80.0,34.5,Unknown,2.0,31832.87,6.0,9.0
3708082,15.0,189.0,39.0,Male,2.0,236323.11,6.0,9.0
7821417,8.0,96.0,39.5,Unknown,2.0,39387.3,1.0,4.0
4659938,8.0,103.0,42.5,Unknown,3.0,251195.51,6.0,9.0
1208645,12.0,154.0,54.0,Male,3.0,88732.47,2.0,5.0
5937217,29.0,350.0,60.0,Female,2.0,34035.22,0.0,3.0
6247455,14.0,178.0,63.0,Male,2.0,29867.55,1.0,4.0
460269,15.0,181.0,35.0,Male,2.0,28123.83,1.0,4.0
1493662,6.0,79.0,28.0,Unknown,3.0,67119.26,6.0,9.0
9943578,6.0,83.0,45.0,Unknown,2.0,55665.07,2.0,5.0
415987,2.0,34.0,24.5,Unknown,3.0,44484.44,6.0,9.0
7230520,10.0,123.0,35.5,Male,2.0,44046.78999999999,2.0,5.0
6247193,10.0,127.0,27.5,Male,2.0,26513.85,1.0,4.0
2380192,28.0,340.0,52.0,Male,3.0,828492.81,1.0,4.0
5681335,16.0,195.0,18.5,Female,2.0,26318.12,1.0,4.0
1257351,5.0,70.0,32.5,Unknown,2.0,98648.18,6.0,9.0
8196637,15.0,190.0,30.5,Male,2.0,36576.01,1.0,4.0
8900388,7.0,86.0,26.5,Unknown,2.0,62780.79,0.0,3.0
8212764,9.0,110.0,69.0,Female,2.0,67931.72,6.0,9.0
7812434,15.0,180.0,49.5,Male,2.0,40220.11,1.0,4.0
3128149,12.0,146.0,51.0,Female,3.0,110412.63,6.0,9.0
9593338,10.0,123.0,74.5,Female,2.0,28638.71,0.0,3.0
4730148,8.0,103.0,29.0,Male,2.0,77864.44,4.0,7.0
8720975,13.0,158.0,63.5,Male,2.0,849957.89,6.0,9.0
44995,11.0,139.0,75.0,Male,2.0,30987.82,1.0,4.0
5756352,8.0,107.0,24.5,Female,2.0,41860.03999999999,0.0,3.0
7788831,5.0,65.0,22.5,Unknown,2.0,48806.16,3.0,6.0
9885283,8.0,106.0,56.5,Male,3.0,407192.35,4.0,7.0
2628355,5.0,61.0,21.0,Unknown,2.0,31100.2,1.0,4.0
5512095,7.0,88.0,30.5,Unknown,2.0,30870.68,4.0,7.0
4414915,3.0,36.0,52.0,Unknown,2.0,35106.58,3.0,6.0
1432192,5.0,65.0,41.5,Unknown,2.0,31621.52,5.0,8.0
6815832,11.0,142.0,67.5,Male,2.0,60514.56,2.0,5.0
3057486,9.0,115.0,32.0,Female,2.0,37768.61,0.0,3.0
2969219,13.0,156.0,36.0,Male,2.0,79003.42,3.0,6.0
2041298,10.0,129.0,35.0,Female,2.0,34303.2,3.0,6.0
9194619,15.0,189.0,39.5,Male,2.0,24801.6,1.0,4.0
9605067,16.0,199.0,70.0,Female,2.0,35260.3,1.0,4.0
9157635,27.0,324.0,60.0,Female,3.0,115610.72,5.0,8.0
1109597,11.0,141.0,70.5,Male,2.0,98492.59,2.0,5.0
511906,6.0,79.0,23.5,Male,2.0,74598.78,5.0,8.0
3813598,21.0,253.0,53.5,Male,3.0,171684.96999999997,6.0,9.0
7608061,15.0,184.0,24.5,Male,2.0,28609.78,0.0,3.0
5584449,24.0,299.0,48.0,Male,3.0,139730.94,0.0,3.0
8413740,23.0,279.0,67.0,Female,2.0,27378.06,5.0,8.0
9639863,23.0,276.0,72.5,Male,2.0,341986.13,0.0,3.0
535999,22.0,273.0,56.5,Female,2.0,127493.82,1.0,4.0
4286237,21.0,257.0,17.5,Female,2.0,32577.78,5.0,8.0
169620,21.0,256.0,49.5,Male,4.0,71357.01999999999,4.0,7.0
6930466,19.0,230.0,60.0,Female,3.0,45693.21,6.0,9.0
8420369,17.0,209.0,54.5,Male,2.0,160804.86,1.0,4.0
8667436,17.0,208.0,70.5,Male,2.0,162365.02999999997,3.0,6.0
4245543,9.0,108.0,64.5,Female,2.0,52818.09,6.0,9.0
4719350,16.0,193.0,53.5,Male,3.0,104434.68,5.0,8.0
3827180,26.0,323.0,56.0,Male,3.0,2631231.57,4.0,7.0
965832,12.0,147.0,27.0,Female,2.0,44131.88,6.0,9.0
2763758,11.0,142.0,59.5,Female,2.0,29182.97,0.0,3.0
9677140,7.0,95.0,33.0,Unknown,2.0,82583.98999999999,6.0,9.0
6032992,16.0,203.0,67.5,Female,2.0,54914.5,3.0,6.0
1983405,9.0,119.0,60.5,Female,2.0,62774.51,1.0,4.0
8968789,15.0,180.0,45.5,Unknown,2.0,151035.38,1.0,4.0
6934164,13.0,164.0,30.0,Female,2.0,71725.22,2.0,5.0
3710401,29.0,354.0,52.5,Male,3.0,845281.67,4.0,7.0
7670792,4.0,55.0,28.5,Unknown,3.0,50061.7,3.0,6.0
1236099,7.0,94.0,42.5,Unknown,2.0,65227.04,0.0,3.0
2846274,10.0,121.0,28.0,Female,2.0,68943.85,4.0,7.0
3875884,7.0,94.0,39.5,Unknown,2.0,48809.88,6.0,9.0
8496594,12.0,145.0,69.5,Male,2.0,367516.61,1.0,4.0
135254,16.0,194.0,62.0,Female,2.0,94161.15,6.0,9.0
4371396,8.0,101.0,33.5,Female,3.0,80321.47,5.0,8.0
7313502,18.0,218.0,63.5,Male,3.0,126297.02,6.0,9.0
2128476,15.0,187.0,60.0,Female,2.0,109020.27,2.0,5.0
8051726,7.0,93.0,55.0,Unknown,2.0,202919.62,0.0,3.0
59860,8.0,106.0,52.0,Female,2.0,99777.08,3.0,6.0
1304236,11.0,142.0,51.5,Female,2.0,51384.65,2.0,5.0
600711,13.0,157.0,61.0,Female,2.0,115979.91,4.0,7.0
9983426,14.0,178.0,44.5,Male,2.0,147826.76,6.0,9.0
8757410,6.0,82.0,40.0,Unknown,3.0,49148.38,4.0,7.0
6702347,5.0,66.0,65.5,Unknown,2.0,319497.5,6.0,9.0
3688039,14.0,170.0,61.5,Female,2.0,28236.92,2.0,5.0
672908,5.0,71.0,26.0,Unknown,2.0,49400.94,1.0,4.0
3777319,6.0,82.0,41.0,Unknown,2.0,56690.37,1.0,4.0
1990675,9.0,110.0,57.5,Female,2.0,30763.12,0.0,3.0
8908476,5.0,61.0,32.5,Male,2.0,24891.38,2.0,5.0
9777569,5.0,67.0,51.5,Unknown,3.0,139142.39,6.0,9.0
4609176,12.0,155.0,45.0,Female,3.0,181794.67,6.0,9.0
4264468,5.0,67.0,37.5,Male,2.0,55374.32,6.0,9.0
7013272,12.0,155.0,30.0,Female,3.0,132927.4,1.0,4.0
3688173,6.0,80.0,62.0,Unknown,2.0,35965.17,1.0,4.0
1051166,7.0,85.0,36.5,Unknown,2.0,35799.32,1.0,4.0
929741,21.0,262.0,49.5,Male,3.0,210612.14,6.0,9.0
4216889,21.0,252.0,74.0,Female,2.0,102647.6,1.0,4.0
293082,19.0,239.0,63.0,Male,3.0,168636.90999999997,0.0,3.0
5716726,19.0,232.0,41.5,Female,2.0,107930.1,6.0,9.0
4966474,19.0,229.0,85.0,Male,4.0,515053.79,6.0,9.0
7021345,18.0,226.0,57.0,Female,2.0,65245.97,0.0,3.0
4717410,17.0,210.0,68.0,Male,2.0,91475.84,6.0,9.0
347328,16.0,201.0,50.5,Unknown,2.0,34682.89,1.0,4.0
779244,26.0,318.0,37.0,Female,2.0,104185.49,0.0,3.0
4825433,14.0,179.0,33.5,Female,2.0,106251.3,2.0,5.0
2235488,7.0,87.0,30.0,Unknown,2.0,46774.26,0.0,3.0
8389512,12.0,153.0,79.5,Male,2.0,996535.6,6.0,9.0
2120274,5.0,71.0,63.5,Unknown,3.0,57649.9,6.0,9.0
7479732,14.0,179.0,67.0,Female,2.0,80856.58,6.0,9.0
318831,10.0,122.0,65.0,Female,2.0,65693.7,4.0,7.0
2243728,8.0,96.0,28.0,Unknown,2.0,89661.45999999999,1.0,4.0
2933864,16.0,192.0,51.0,Male,2.0,118360.38,0.0,3.0
9405780,6.0,74.0,41.0,Unknown,2.0,56128.44,0.0,3.0
545824,4.0,59.0,18.5,Unknown,3.0,51606.4,2.0,5.0
2305813,13.0,159.0,63.5,Unknown,2.0,77522.61,4.0,7.0
6824369,13.0,166.0,25.0,Female,2.0,49377.17999999999,6.0,9.0
1240218,9.0,117.0,27.5,Male,2.0,77830.67,6.0,9.0
1712416,27.0,330.0,51.5,Male,3.0,492282.74,6.0,9.0
5593754,10.0,123.0,34.5,Male,3.0,47316.31,1.0,4.0
6604868,14.0,168.0,31.5,Female,3.0,111701.9,3.0,6.0
7630828,5.0,67.0,22.5,Unknown,2.0,41541.44,3.0,6.0
2907270,12.0,149.0,39.0,Female,2.0,64206.97,0.0,3.0
7369782,5.0,67.0,65.0,Unknown,2.0,223227.66,5.0,8.0
9760523,6.0,75.0,25.5,Unknown,3.0,54508.78999999999,6.0,9.0
5026800,11.0,141.0,68.0,Male,2.0,80832.62,2.0,5.0
3025280,26.0,313.0,44.5,Male,2.0,108110.69,0.0,3.0
5242916,9.0,116.0,24.5,Male,3.0,54368.62,1.0,4.0
6853601,4.0,57.0,27.5,Unknown,2.0,36002.1,6.0,9.0
6110143,10.0,131.0,34.5,Male,2.0,99554.43,0.0,3.0
4986682,6.0,82.0,39.0,Unknown,2.0,33379.25,1.0,4.0
8297953,4.0,58.0,58.5,Unknown,2.0,31398.74,1.0,4.0
4006775,9.0,113.0,71.5,Female,2.0,62676.19,0.0,3.0
1762647,13.0,161.0,33.0,Male,2.0,126361.1,6.0,9.0
5463569,13.0,166.0,59.0,Male,5.0,339033.49,4.0,8.0
8585280,4.0,51.0,37.5,Unknown,2.0,51178.64,1.0,4.0
9319758,24.0,294.0,44.5,Male,2.0,24021.34,0.0,3.0
858693,21.0,263.0,49.5,Female,3.0,1435686.12,5.0,8.0
5199600,21.0,261.0,50.0,Male,2.0,594473.5900000001,5.0,8.0
84596,21.0,253.0,44.0,Female,2.0,45777.19,6.0,9.0
6947960,18.0,225.0,64.5,Female,2.0,60641.35,3.0,6.0
4684538,18.0,216.0,67.5,Male,2.0,318341.93,5.0,8.0
7151270,17.0,207.0,53.5,Female,3.0,1753480.39,6.0,9.0
6683919,8.0,97.0,46.0,Unknown,2.0,61563.86,2.0,5.0
8500004,18.0,223.0,54.5,Male,3.0,193655.0,5.0,8.0
1225744,26.0,321.0,25.5,Female,2.0,35739.29,0.0,3.0
777859,5.0,70.0,26.5,Unknown,2.0,46243.91,5.0,8.0
6412875,11.0,136.0,57.5,Male,2.0,72745.53,3.0,6.0
7889081,5.0,65.0,60.0,Unknown,2.0,297565.88,2.0,5.0
9253375,14.0,178.0,44.5,Male,2.0,88704.07,1.0,4.0
9221804,8.0,98.0,52.5,Male,2.0,127530.58,6.0,9.0
4104497,4.0,57.0,18.5,Unknown,2.0,38818.93,1.0,4.0
7180399,23.0,276.0,25.0,Male,2.0,89558.31,1.0,4.0
663711,5.0,70.0,23.5,Male,3.0,42491.23,6.0,9.0
1029090,13.0,161.0,48.5,Female,2.0,36568.94,6.0,9.0
6764525,7.0,91.0,44.0,Unknown,2.0,39753.77,1.0,4.0
5483892,11.0,132.0,60.5,Male,2.0,23825.02,0.0,3.0
6439183,5.0,70.0,23.5,Male,2.0,57533.83,6.0,9.0
3509370,21.0,253.0,57.0,Male,2.0,38756.6,5.0,8.0
7726525,12.0,144.0,43.5,Male,2.0,58059.29,6.0,9.0
6157552,6.0,78.0,65.0,Unknown,2.0,172201.03999999998,1.0,4.0
8345554,6.0,77.0,28.0,Unknown,3.0,116144.35,6.0,9.0
8868557,14.0,173.0,66.5,Male,2.0,35305.2,5.0,8.0
2163368,5.0,60.0,54.5,Male,3.0,505364.26,5.0,8.0
1201969,26.0,323.0,60.5,Female,2.0,1838033.06,4.0,7.0
9340301,6.0,74.0,61.5,Unknown,2.0,166376.45,3.0,6.0
7515052,4.0,58.0,44.5,Unknown,2.0,437426.12,0.0,3.0
2297738,8.0,107.0,28.5,Male,2.0,56043.66,6.0,9.0
4850992,9.0,119.0,37.0,Female,2.0,59464.4,1.0,4.0
7107125,14.0,176.0,30.0,Male,2.0,616896.66,6.0,9.0
1960844,10.0,123.0,55.0,Female,2.0,65893.04000000001,1.0,4.0
9510333,20.0,251.0,26.5,Female,2.0,78559.76,6.0,9.0
7879149,6.0,73.0,30.5,Unknown,3.0,33320.68,1.0,4.0
3252729,4.0,59.0,68.5,Male,2.0,142980.31,1.0,4.0
7112350,9.0,119.0,68.0,Female,2.0,276021.08,2.0,5.0
6874863,11.0,139.0,18.0,Male,3.0,30819.82,1.0,4.0
5156595,10.0,123.0,61.5,Female,2.0,98263.33,6.0,9.0
8571857,5.0,65.0,27.5,Unknown,2.0,28141.67,1.0,4.0
1068345,7.0,88.0,42.0,Female,7.0,268060.3,1.0,4.0
6168433,5.0,66.0,59.5,Unknown,2.0,268163.63,3.0,6.0
2343009,15.0,181.0,52.0,Male,2.0,92849.25,0.0,3.0
7013769,10.0,122.0,35.5,Unknown,2.0,30364.4,1.0,4.0
6960009,14.0,179.0,65.5,Male,2.0,162234.59000000003,3.0,6.0
1591332,5.0,70.0,65.0,Male,2.0,102503.44,1.0,6.0
6683515,11.0,140.0,41.5,Female,2.0,41900.17999999999,1.0,4.0
5056314,8.0,98.0,35.0,Female,2.0,24698.77,4.0,7.0
828854,23.0,287.0,63.0,Unknown,4.0,623179.8,3.0,6.0
6397357,23.0,277.0,67.5,Male,4.0,865797.76,6.0,9.0
9415635,23.0,276.0,43.0,Male,3.0,680325.7100000001,4.0,7.0
2918922,21.0,262.0,60.5,Male,2.0,33523.52,3.0,6.0
5602040,19.0,228.0,58.5,Male,2.0,49298.32,6.0,9.0
997518,18.0,222.0,55.0,Unknown,2.0,110210.8,2.0,5.0
8156691,6.0,72.0,28.0,Unknown,3.0,114673.91,6.0,9.0
82772,6.0,73.0,46.5,Unknown,2.0,77769.58,0.0,3.0
6518238,24.0,289.0,59.5,Female,3.0,396702.59,4.0,7.0
2753318,16.0,196.0,52.0,Female,2.0,176357.63,3.0,6.0
508099,5.0,63.0,55.0,Male,4.0,258203.29,5.0,8.0
9919802,15.0,189.0,62.5,Male,2.0,55012.42999999999,0.0,3.0
2415180,14.0,169.0,55.5,Female,2.0,47185.46,2.0,5.0
5487813,5.0,65.0,21.5,Unknown,3.0,49846.61,5.0,8.0
4740618,8.0,106.0,68.5,Male,4.0,768476.6900000001,6.0,9.0
3247468,9.0,116.0,31.0,Female,2.0,30068.64,0.0,3.0
3329846,7.0,94.0,62.0,Unknown,3.0,918901.11,0.0,3.0
2067551,10.0,123.0,38.0,Female,2.0,105490.14,2.0,5.0
8835580,14.0,177.0,37.5,Female,2.0,192818.36,1.0,4.0
8738868,8.0,96.0,28.0,Unknown,3.0,79110.38,6.0,9.0
2434294,6.0,72.0,26.0,Unknown,2.0,52158.78999999999,1.0,4.0
7468065,4.0,58.0,25.0,Unknown,2.0,30684.16,3.0,6.0
3060305,14.0,177.0,58.5,Male,2.0,273703.29,0.0,3.0
9127278,6.0,81.0,27.5,Unknown,2.0,58369.28,2.0,5.0
3199195,8.0,107.0,52.5,Female,2.0,159928.89,6.0,9.0
9056874,6.0,73.0,62.5,Male,2.0,207001.6,6.0,9.0
9606503,25.0,300.0,53.0,Male,2.0,441813.53,2.0,5.0
7444718,7.0,93.0,62.0,Unknown,2.0,29552.32,3.0,6.0
5820267,9.0,109.0,47.5,Female,2.0,53608.5,6.0,9.0
6979219,35.0,430.0,70.0,Male,3.0,105169.87,6.0,9.0
4280794,15.0,189.0,67.5,Male,2.0,998064.73,6.0,9.0
5044281,17.0,205.0,42.5,Female,2.0,596959.76,5.0,8.0
9045073,15.0,187.0,67.5,Male,2.0,83861.28,2.0,5.0
5556586,15.0,191.0,35.0,Female,2.0,35704.54,0.0,3.0
7592164,14.0,175.0,32.5,Male,2.0,27883.13,3.0,6.0
8423502,7.0,95.0,57.5,Unknown,2.0,133281.19,2.0,5.0
6909769,6.0,76.0,26.5,Unknown,3.0,72721.19,4.0,7.0
9519007,5.0,68.0,32.5,Male,3.0,111485.9,6.0,9.0
2614394,5.0,70.0,64.5,Unknown,3.0,43270.03999999999,2.0,5.0
8273493,9.0,108.0,24.5,Female,2.0,39413.06,6.0,9.0
3832843,9.0,109.0,32.5,Female,3.0,38543.1,2.0,6.0
9868692,12.0,154.0,30.5,Female,3.0,345265.69,4.0,7.0
8276370,22.0,271.0,38.0,Male,3.0,35657.259999999995,6.0,9.0
9728732,21.0,252.0,51.5,Male,4.0,1237420.6,6.0,9.0
2952415,21.0,252.0,54.0,Male,3.0,316174.53,5.0,8.0
8366482,20.0,241.0,44.0,Male,2.0,551983.6000000001,2.0,5.0
8865940,17.0,215.0,53.0,Male,2.0,30284.94,1.0,5.0
2619480,11.0,141.0,58.0,Male,2.0,165842.02999999997,1.0,4.0
1337604,27.0,330.0,68.5,Male,3.0,284014.76,5.0,8.0
9985559,7.0,84.0,44.0,Unknown,2.0,77608.48,0.0,3.0
8778444,5.0,69.0,77.0,Unknown,2.0,246259.65,3.0,6.0
447087,15.0,191.0,56.0,Male,2.0,52209.27,3.0,6.0
1919420,6.0,72.0,33.5,Unknown,2.0,49719.44,2.0,5.0
5950496,5.0,71.0,65.0,Unknown,2.0,39427.5,6.0,9.0
8755578,35.0,420.0,63.5,Female,2.0,33657.63,3.0,6.0
8516565,20.0,243.0,49.5,Male,2.0,81702.37,6.0,9.0
7477039,6.0,75.0,47.5,Male,2.0,107751.68,2.0,5.0
1503317,14.0,171.0,45.0,Female,2.0,40883.99,2.0,5.0
8646319,9.0,108.0,53.0,Female,2.0,128786.68,4.0,7.0
9343590,8.0,100.0,46.5,Unknown,2.0,239752.63,5.0,8.0
6690242,6.0,72.0,32.0,Unknown,3.0,100567.0,6.0,9.0
429189,13.0,159.0,57.5,Male,2.0,83343.97,2.0,5.0
9606793,16.0,202.0,45.0,Male,4.0,45074.66,0.0,3.0
2281740,12.0,155.0,64.5,Male,2.0,117394.67,6.0,9.0
8852099,9.0,111.0,31.5,Female,2.0,72945.11,1.0,4.0
4227478,16.0,194.0,57.5,Male,2.0,203506.84000000003,2.0,5.0
6977190,16.0,198.0,48.5,Female,2.0,30448.29,0.0,3.0
3118535,8.0,106.0,49.5,Female,2.0,61264.56,0.0,3.0
5269385,13.0,157.0,31.5,Female,2.0,40936.95,2.0,5.0
4460396,14.0,171.0,39.0,Female,2.0,51575.44,0.0,3.0
9489931,8.0,99.0,54.0,Male,2.0,28501.07,1.0,4.0
6985473,15.0,189.0,49.0,Male,3.0,305565.4,3.0,6.0
4306244,16.0,192.0,30.0,Male,2.0,48264.22,2.0,5.0
9623251,11.0,141.0,27.5,Male,2.0,40150.04,1.0,4.0
2885193,16.0,196.0,43.0,Male,2.0,190093.83,5.0,8.0
5836504,6.0,83.0,55.5,Unknown,2.0,79456.51999999999,3.0,6.0
6084682,10.0,130.0,38.5,Male,2.0,115807.39,0.0,3.0
4954450,11.0,143.0,27.0,Male,2.0,37965.16,4.0,7.0
3069127,4.0,58.0,63.5,Unknown,2.0,31699.97,1.0,4.0
4196018,5.0,68.0,59.5,Male,2.0,120469.57,6.0,9.0
3382940,11.0,142.0,54.0,Female,2.0,32123.93,4.0,7.0
9175519,12.0,154.0,58.5,Male,2.0,42696.33,0.0,3.0
932489,4.0,59.0,29.0,Unknown,2.0,27418.97,6.0,9.0
8398698,6.0,75.0,55.5,Unknown,2.0,68112.29000000001,4.0,7.0
9077107,7.0,89.0,23.0,Unknown,3.0,40501.46,6.0,9.0
2521253,5.0,68.0,62.5,Unknown,2.0,47351.92,6.0,9.0
1951762,12.0,152.0,51.0,Female,3.0,794275.68,2.0,5.0
5349768,14.0,175.0,53.0,Male,2.0,62790.21,5.0,8.0
3916251,8.0,106.0,49.5,Male,2.0,234238.56,2.0,5.0
6938297,23.0,280.0,63.0,Female,3.0,382683.0,4.0,7.0
860831,10.0,130.0,52.0,Male,2.0,137498.4,2.0,5.0
6511853,6.0,82.0,57.5,Unknown,2.0,43043.99,1.0,4.0
8402909,5.0,60.0,63.5,Unknown,2.0,410440.46,3.0,6.0
1465875,12.0,147.0,58.0,Female,2.0,49800.94,6.0,9.0
991869,13.0,157.0,32.5,Female,2.0,126183.14,6.0,9.0
5020216,13.0,156.0,41.0,Female,4.0,59283.11,4.0,7.0
9798472,24.0,296.0,59.5,Female,2.0,49711.84,6.0,9.0
4861358,23.0,277.0,43.5,Female,2.0,66313.75,1.0,4.0
5118403,22.0,268.0,26.0,Female,2.0,103914.01,2.0,5.0
1463659,22.0,265.0,70.0,Female,2.0,71589.53,2.0,5.0
3021965,22.0,275.0,65.5,Female,2.0,178467.56,2.0,5.0
4434932,21.0,263.0,25.0,Male,2.0,25040.07,4.0,7.0
4670573,21.0,252.0,40.0,Female,3.0,108611.64,0.0,3.0
7546968,20.0,250.0,71.0,Female,2.0,72982.29000000001,3.0,6.0
3063658,19.0,232.0,70.0,Male,3.0,418883.8,6.0,9.0
4977043,18.0,226.0,30.5,Female,2.0,150631.87,5.0,8.0
6015716,18.0,218.0,59.5,Male,3.0,66945.9,6.0,9.0
5829295,8.0,107.0,39.0,Male,3.0,62741.65,4.0,7.0
8781195,8.0,107.0,44.0,Female,2.0,31950.96,6.0,9.0
1872195,9.0,109.0,36.5,Male,2.0,110524.02,6.0,9.0
2593399,12.0,154.0,60.5,Male,3.0,156258.74,6.0,9.0
9219212,14.0,173.0,52.5,Male,2.0,75570.6,2.0,5.0
6886569,6.0,77.0,57.0,Unknown,2.0,32882.14,3.0,7.0
9542338,30.0,370.0,57.5,Female,2.0,49864.28999999999,6.0,9.0
6773537,8.0,96.0,40.0,Unknown,2.0,82651.75,2.0,5.0
5570251,15.0,190.0,49.0,Female,2.0,66189.44,1.0,4.0
6178111,26.0,317.0,70.5,Male,2.0,180137.53999999998,1.0,4.0
669787,13.0,167.0,69.0,Male,2.0,127869.2,3.0,6.0
8006175,4.0,59.0,62.5,Unknown,2.0,96416.38,0.0,3.0
8090826,12.0,151.0,31.5,Female,2.0,47189.26,2.0,5.0
2848710,4.0,59.0,65.0,Unknown,2.0,31492.91,3.0,6.0
4739127,13.0,166.0,37.0,Male,2.0,40122.4,1.0,5.0
2876027,21.0,253.0,49.0,Female,4.0,186813.27,1.0,4.0
3037310,5.0,62.0,64.0,Male,2.0,26736.07,0.0,3.0
8673125,7.0,85.0,28.5,Unknown,2.0,45898.46,0.0,3.0
8699056,9.0,109.0,53.5,Female,2.0,29528.3,2.0,5.0
269529,9.0,118.0,50.5,Male,2.0,67568.92,1.0,4.0
2422435,7.0,95.0,69.5,Unknown,2.0,155242.86,6.0,9.0
2957115,14.0,172.0,60.5,Female,2.0,33103.0,2.0,5.0
8543146,5.0,67.0,43.0,Unknown,2.0,50304.44,1.0,4.0
2561640,6.0,79.0,56.5,Unknown,2.0,535674.81,4.0,7.0
9942122,7.0,95.0,21.0,Unknown,2.0,36466.24,0.0,3.0
1643648,5.0,69.0,48.5,Unknown,4.0,121494.34,2.0,5.0
3268387,12.0,155.0,57.5,Male,2.0,127199.39,2.0,5.0
2858890,11.0,132.0,23.0,Male,2.0,32840.2,0.0,3.0
2725837,16.0,193.0,50.0,Male,2.0,485463.95,6.0,9.0
6425496,15.0,187.0,63.0,Male,2.0,86333.54000000001,0.0,3.0
8137187,9.0,118.0,30.5,Female,2.0,47527.71,6.0,9.0
2713154,7.0,92.0,55.0,Male,2.0,544728.83,4.0,7.0
4355873,23.0,285.0,26.0,Female,2.0,55169.2,2.0,5.0
1876212,21.0,260.0,45.0,Male,3.0,343998.9,6.0,9.0
8931195,21.0,253.0,57.0,Male,3.0,33825.36,6.0,9.0
638651,20.0,251.0,59.0,Male,3.0,451875.19,4.0,7.0
309480,19.0,232.0,45.0,Female,3.0,245879.23,4.0,7.0
2111468,18.0,221.0,56.5,Male,3.0,42225.32,5.0,8.0
1619736,18.0,218.0,58.0,Unknown,3.0,122394.29,0.0,3.0
8673328,17.0,215.0,66.0,Female,2.0,147440.02000000002,4.0,7.0
3943115,30.0,360.0,67.5,Unknown,3.0,225750.77,6.0,9.0
2309038,15.0,190.0,46.0,Male,2.0,52943.89,5.0,8.0
1658052,4.0,54.0,33.0,Unknown,3.0,46948.36,1.0,4.0
7485730,12.0,147.0,66.0,Male,2.0,47446.92999999999,2.0,5.0
3677235,28.0,339.0,51.0,Female,2.0,58715.63,1.0,5.0
7999974,12.0,153.0,50.5,Unknown,2.0,46395.27,4.0,7.0
9545231,5.0,64.0,57.5,Unknown,2.0,38808.4,1.0,4.0
6579408,6.0,76.0,29.5,Unknown,2.0,38825.96,0.0,3.0
4300142,2.0,35.0,48.0,Female,2.0,425519.13,4.0,7.0
3347209,4.0,59.0,45.0,Unknown,2.0,42619.8,0.0,3.0
8729183,5.0,67.0,56.5,Unknown,2.0,35601.95,1.0,4.0
2732841,9.0,114.0,28.5,Male,3.0,81075.28,5.0,8.0
1963327,8.0,107.0,62.0,Female,2.0,253306.68,6.0,9.0
197793,5.0,65.0,31.0,Unknown,2.0,105799.72,4.0,7.0
8482024,5.0,70.0,25.5,Unknown,2.0,36825.74,2.0,5.0
2442931,4.0,55.0,26.5,Male,2.0,29072.56,6.0,9.0
6638493,6.0,79.0,23.5,Unknown,2.0,30097.69,6.0,9.0
5951379,7.0,89.0,27.0,Unknown,2.0,34807.48,6.0,9.0
9044094,11.0,142.0,34.5,Female,2.0,41799.08,2.0,5.0
5036234,14.0,177.0,40.5,Female,2.0,106146.0,4.0,7.0
2606116,15.0,189.0,58.0,Male,2.0,62001.79,6.0,9.0
7196374,6.0,74.0,60.0,Unknown,2.0,45260.41,2.0,5.0
7340414,15.0,183.0,67.0,Female,2.0,268170.91,5.0,8.0
6867529,9.0,118.0,58.5,Male,2.0,42159.69,1.0,4.0
1842336,6.0,80.0,26.0,Male,2.0,113239.45,6.0,9.0
1940213,13.0,163.0,44.5,Female,2.0,40233.44,0.0,3.0
4410485,7.0,95.0,34.5,Unknown,3.0,49487.85,4.0,7.0
2775837,4.0,59.0,23.5,Unknown,3.0,27070.78,0.0,3.0
9058648,5.0,70.0,47.0,Male,2.0,45044.07,4.0,7.0
2304358,6.0,79.0,65.5,Male,2.0,545723.29,3.0,7.0
432402,5.0,70.0,39.0,Unknown,2.0,28495.71,0.0,3.0
8307073,9.0,113.0,36.0,Unknown,2.0,47812.67,6.0,9.0
4913236,4.0,58.0,41.5,Female,3.0,99744.8,0.0,4.0
7491468,13.0,166.0,37.5,Male,2.0,43971.57,1.0,4.0
3695486,8.0,97.0,46.5,Unknown,2.0,698411.11,3.0,6.0
9015448,4.0,57.0,26.0,Unknown,2.0,33385.79,1.0,4.0
9911061,4.0,59.0,57.5,Unknown,2.0,246188.1,6.0,9.0
29595,5.0,68.0,37.0,Unknown,2.0,46514.58,3.0,6.0
2731088,6.0,82.0,57.5,Unknown,2.0,62953.7,2.0,5.0
7448926,7.0,91.0,30.5,Unknown,2.0,30367.17,1.0,4.0
4351664,27.0,327.0,50.0,Female,4.0,567793.0700000001,6.0,9.0
3027610,6.0,83.0,36.5,Unknown,2.0,64631.42,5.0,8.0
3018496,16.0,192.0,42.0,Female,2.0,87486.38,1.0,4.0
1914434,6.0,78.0,71.5,Unknown,2.0,82581.67,0.0,3.0
2951899,9.0,109.0,50.5,Male,2.0,49887.72,1.0,4.0
298590,11.0,142.0,82.0,Male,3.0,588428.6000000001,6.0,9.0
5961844,25.0,300.0,31.5,Male,2.0,32477.18,0.0,3.0
3303111,24.0,292.0,55.5,Female,3.0,428812.9,5.0,8.0
406992,23.0,286.0,47.5,Male,2.0,60408.25,1.0,4.0
4868973,22.0,273.0,52.5,Male,2.0,35250.67,1.0,4.0
2735156,22.0,264.0,41.5,Male,3.0,78341.72,2.0,5.0
7196406,21.0,253.0,66.5,Female,2.0,54251.36,3.0,6.0
5268068,21.0,252.0,61.5,Female,2.0,159400.32,2.0,5.0
8159879,33.0,407.0,61.0,Male,2.0,83209.98999999999,0.0,3.0
8962371,16.0,202.0,64.0,Female,2.0,130030.65,1.0,4.0
6915261,11.0,144.0,46.0,Female,2.0,136775.03999999998,6.0,9.0
7862568,6.0,80.0,24.5,Unknown,2.0,24036.52,3.0,6.0
4295629,6.0,78.0,71.5,Unknown,2.0,422613.91,3.0,6.0
647,12.0,151.0,57.5,Male,2.0,30525.8,0.0,4.0
9703250,9.0,118.0,32.0,Male,2.0,27980.24,1.0,4.0
5382590,7.0,94.0,48.5,Unknown,3.0,152795.22999999998,1.0,4.0
8189269,5.0,62.0,21.0,Unknown,2.0,76373.45,5.0,8.0
7263864,14.0,175.0,31.5,Male,2.0,76126.34,5.0,8.0
4118752,6.0,82.0,38.5,Unknown,2.0,63575.75,3.0,7.0
675622,25.0,301.0,62.0,Female,3.0,38296.52,5.0,8.0
6953596,5.0,70.0,25.5,Unknown,2.0,40654.98,1.0,4.0
3116809,7.0,95.0,51.5,Unknown,2.0,72919.17,1.0,4.0
7698544,4.0,57.0,31.0,Unknown,2.0,30679.34,0.0,3.0
6548727,6.0,81.0,30.0,Unknown,2.0,64088.58,6.0,9.0
3606181,8.0,97.0,25.0,Unknown,2.0,40282.45,0.0,3.0
2894471,14.0,168.0,45.5,Male,2.0,67030.97,0.0,3.0
8727501,12.0,147.0,65.5,Male,2.0,28306.99,2.0,5.0
7204197,15.0,191.0,40.5,Female,2.0,26562.86,1.0,4.0
5956882,13.0,167.0,36.0,Male,3.0,242488.79,4.0,7.0
5771032,6.0,79.0,62.0,Unknown,2.0,52306.85,1.0,4.0
7781517,7.0,95.0,66.5,Unknown,2.0,152877.28,4.0,7.0
8403024,11.0,133.0,36.5,Male,2.0,67850.54000000001,1.0,4.0
7107324,12.0,154.0,62.5,Female,3.0,193120.35,6.0,9.0
5230466,11.0,139.0,58.5,Female,2.0,39904.39,5.0,8.0
4698803,11.0,143.0,31.5,Male,2.0,51770.52,0.0,3.0
394456,14.0,174.0,77.0,Male,2.0,36029.96,2.0,5.0
7359051,15.0,184.0,45.0,Female,2.0,161947.0,0.0,3.0
2156083,8.0,106.0,33.0,Male,2.0,63232.29,3.0,6.0
9466957,10.0,131.0,30.0,Male,2.0,53102.71,0.0,3.0
178214,7.0,95.0,45.5,Unknown,3.0,64536.45,3.0,6.0
8211265,6.0,83.0,58.5,Unknown,2.0,351869.46,1.0,4.0
8521495,27.0,330.0,58.0,Female,5.0,590778.4400000001,6.0,9.0
5132280,11.0,133.0,24.0,Female,3.0,41658.84,5.0,8.0
292370,27.0,335.0,49.0,Male,3.0,352807.96,6.0,9.0
1871802,16.0,192.0,65.5,Female,2.0,73596.62,3.0,6.0
6800922,11.0,140.0,57.0,Female,3.0,73417.23,6.0,9.0
1135521,12.0,154.0,52.0,Male,2.0,76533.26999999999,5.0,8.0
3621553,18.0,225.0,39.0,Male,2.0,69665.72,0.0,3.0
4851295,9.0,113.0,23.5,Male,3.0,202975.13,6.0,9.0
7677234,13.0,160.0,40.5,Female,3.0,31222.35,2.0,5.0
8094276,6.0,82.0,43.5,Unknown,2.0,32840.6,1.0,4.0
3901105,14.0,179.0,34.5,Female,2.0,46623.95,0.0,3.0
7967678,5.0,70.0,57.5,Unknown,2.0,43363.89,1.0,5.0
4563768,14.0,170.0,79.0,Unknown,2.0,128924.24,6.0,9.0
1612946,4.0,57.0,30.0,Unknown,2.0,71496.09,6.0,9.0
1037427,4.0,58.0,51.5,Unknown,2.0,40132.76,0.0,3.0
3775738,8.0,96.0,59.0,Unknown,2.0,44380.92,0.0,3.0
84464,8.0,97.0,41.5,Unknown,2.0,30395.72,1.0,4.0
5025952,14.0,168.0,57.0,Female,3.0,110632.21,0.0,3.0
9349474,12.0,148.0,34.0,Female,2.0,112722.95,6.0,9.0
2318024,9.0,108.0,61.0,Male,2.0,238801.56,6.0,9.0
5957203,23.0,276.0,47.5,Male,2.0,45124.98,5.0,8.0
6882236,21.0,257.0,56.5,Female,3.0,136818.72,1.0,6.0
8758404,19.0,234.0,56.5,Unknown,2.0,46069.9,0.0,3.0
9134161,19.0,231.0,67.0,Female,2.0,276621.64,0.0,3.0
1872006,17.0,211.0,53.0,Male,2.0,98017.02,3.0,6.0
7142697,16.0,203.0,72.5,Male,2.0,2150461.07,6.0,9.0
8430470,7.0,84.0,33.5,Unknown,2.0,36166.78,0.0,3.0
7045297,10.0,120.0,51.0,Male,2.0,44072.25,1.0,5.0
8537506,3.0,36.0,23.0,Unknown,3.0,44758.58,5.0,8.0
172858,4.0,58.0,30.5,Unknown,2.0,42714.58,6.0,9.0
3542428,9.0,114.0,44.0,Unknown,2.0,35357.88,1.0,4.0
8859689,10.0,127.0,39.0,Male,2.0,104281.75,3.0,6.0
1612012,13.0,166.0,58.0,Female,2.0,32120.31,0.0,3.0
9895603,10.0,125.0,31.0,Female,2.0,30646.61,6.0,9.0
7229553,6.0,82.0,40.5,Unknown,4.0,173337.74,2.0,5.0
5290689,4.0,56.0,28.0,Unknown,3.0,51213.1,5.0,8.0
2061194,6.0,81.0,40.5,Unknown,2.0,48601.28999999999,5.0,8.0
4259193,12.0,155.0,31.0,Female,2.0,26795.36,1.0,4.0
6352581,6.0,82.0,45.0,Unknown,2.0,168664.11,0.0,3.0
9852814,10.0,126.0,71.0,Male,2.0,53955.97,3.0,6.0
1602655,10.0,125.0,48.0,Male,2.0,49956.8,5.0,8.0
1967377,7.0,86.0,58.0,Unknown,2.0,39105.24,6.0,9.0
1855518,29.0,355.0,64.0,Female,2.0,31673.55,2.0,5.0
4409389,6.0,75.0,34.5,Female,2.0,31550.4,0.0,3.0
6934228,9.0,112.0,45.5,Female,2.0,91281.99,3.0,6.0
7240424,8.0,107.0,41.5,Male,2.0,29446.08,2.0,5.0
3571114,5.0,65.0,27.5,Unknown,2.0,36888.6,6.0,9.0
6251557,13.0,167.0,45.5,Female,2.0,61724.23,4.0,7.0
9237252,3.0,43.0,53.5,Female,2.0,78212.2,4.0,7.0
2097722,11.0,134.0,33.5,Female,2.0,43516.37,2.0,5.0
4894413,13.0,156.0,44.5,Male,2.0,35766.58,4.0,7.0
8135457,11.0,142.0,38.5,Unknown,2.0,35501.7,1.0,4.0
2206697,5.0,65.0,27.5,Unknown,3.0,93422.11,5.0,8.0
6636581,5.0,70.0,25.5,Unknown,2.0,50662.63,6.0,9.0
3938559,6.0,80.0,43.5,Unknown,2.0,38670.93,0.0,3.0
5837127,6.0,73.0,50.5,Unknown,4.0,73035.6,4.0,7.0
7209107,14.0,179.0,63.0,Male,2.0,58485.13,1.0,4.0
4303984,13.0,157.0,45.5,Male,2.0,163773.82,2.0,5.0
4768543,13.0,159.0,44.0,Male,3.0,70169.61,2.0,5.0
4440552,6.0,83.0,77.5,Unknown,2.0,151374.32,2.0,5.0
2426653,7.0,89.0,70.0,Unknown,2.0,38011.68,0.0,3.0
7158923,13.0,161.0,36.5,Male,2.0,29803.38,6.0,9.0
6633500,15.0,186.0,35.0,Male,2.0,28700.36,1.0,4.0
8621825,7.0,94.0,61.0,Unknown,2.0,28897.49,4.0,7.0
1145098,7.0,85.0,43.5,Unknown,2.0,290657.55,1.0,4.0
3003906,17.0,214.0,49.0,Female,2.0,139584.39,1.0,4.0
3142533,23.0,287.0,49.0,Male,2.0,29195.88,0.0,3.0
6458249,21.0,258.0,50.5,Female,4.0,356455.89,6.0,9.0
292954,21.0,253.0,56.5,Male,3.0,336824.38,5.0,8.0
1742323,18.0,217.0,34.0,Female,3.0,56999.39,6.0,9.0
1983300,9.0,119.0,32.0,Female,2.0,41521.3,0.0,3.0
7397258,8.0,107.0,48.0,Male,3.0,112099.7,6.0,9.0
2062493,11.0,133.0,60.5,Female,2.0,72110.29000000001,3.0,6.0
8905187,12.0,150.0,50.5,Male,2.0,54465.88,1.0,4.0
7506303,12.0,144.0,32.0,Female,2.0,55748.39,6.0,9.0
3279914,5.0,66.0,29.5,Unknown,2.0,36730.91,6.0,9.0
1076354,9.0,112.0,73.5,Female,2.0,44334.52,6.0,9.0
4688123,8.0,97.0,31.0,Unknown,4.0,180891.14,6.0,9.0
5990216,6.0,76.0,23.5,Unknown,2.0,58577.2,4.0,7.0
5780655,12.0,146.0,28.0,Female,3.0,105386.73,3.0,6.0
7839898,9.0,109.0,39.0,Male,2.0,48266.42999999999,0.0,3.0
2998988,3.0,42.0,60.5,Unknown,2.0,126971.3,6.0,9.0
4056772,6.0,81.0,69.0,Unknown,2.0,61769.77,0.0,3.0
5416455,15.0,191.0,45.0,Female,3.0,23959.3,2.0,6.0
4459390,9.0,108.0,69.0,Male,2.0,192744.06,6.0,9.0
8893466,6.0,72.0,71.0,Unknown,4.0,458996.0,1.0,4.0
2206536,6.0,75.0,47.0,Unknown,2.0,39638.66,2.0,5.0
6279904,6.0,76.0,45.0,Male,2.0,42964.37,2.0,5.0
911208,11.0,144.0,34.5,Male,2.0,23953.68,5.0,8.0
4334336,12.0,154.0,32.5,Male,2.0,70944.73999999999,3.0,6.0
3993117,15.0,183.0,62.0,Female,2.0,133003.03,6.0,9.0
3292271,7.0,85.0,44.5,Unknown,2.0,30232.85,0.0,3.0
1527623,20.0,249.0,24.0,Male,2.0,33721.369999999995,6.0,9.0
7382711,9.0,111.0,73.0,Female,2.0,328292.02,2.0,5.0
8374942,8.0,96.0,55.0,Unknown,2.0,677829.36,0.0,3.0
5325969,9.0,112.0,34.5,Female,2.0,83338.54000000001,6.0,9.0
550276,5.0,69.0,23.5,Unknown,2.0,31289.56,1.0,4.0
3411960,6.0,76.0,32.0,Unknown,2.0,31528.15,0.0,3.0
5951286,27.0,327.0,61.5,Male,3.0,400768.99,4.0,7.0
1977277,7.0,84.0,56.0,Unknown,2.0,736427.4800000001,4.0,7.0
3648550,9.0,111.0,27.0,Male,2.0,37415.01,2.0,5.0
7389701,14.0,174.0,67.5,Male,2.0,135827.97999999998,5.0,8.0
9438507,12.0,146.0,24.5,Male,3.0,52865.32,2.0,5.0
5900143,10.0,130.0,23.5,Male,2.0,26323.32,1.0,4.0
6257564,10.0,120.0,57.0,Male,3.0,71104.57,6.0,9.0
8876038,3.0,46.0,20.5,Female,2.0,25562.67,1.0,4.0
194329,17.0,205.0,55.5,Male,2.0,43246.92,4.0,7.0
6746507,26.0,317.0,57.0,Female,3.0,698686.2200000001,4.0,7.0
7679428,26.0,322.0,56.5,Male,2.0,250144.02,6.0,9.0
7065355,15.0,184.0,64.5,Female,2.0,104396.07,3.0,6.0
8368543,7.0,84.0,68.5,Unknown,2.0,25422.11,2.0,5.0
5475948,14.0,176.0,28.5,Male,2.0,60942.98,5.0,8.0
5842296,4.0,57.0,40.5,Unknown,2.0,30106.21,6.0,9.0
3370612,6.0,82.0,29.5,Unknown,2.0,48012.4,0.0,3.0
3986696,4.0,59.0,28.5,Unknown,2.0,35563.29,0.0,3.0
4525690,26.0,312.0,75.5,Male,2.0,30679.61,3.0,6.0
3154922,7.0,94.0,67.0,Unknown,2.0,70283.76,3.0,6.0
3458242,6.0,74.0,31.0,Unknown,2.0,35229.69,3.0,6.0
4765130,23.0,276.0,56.5,Female,2.0,123894.7,5.0,8.0
7370663,22.0,275.0,53.0,Male,3.0,363604.71,4.0,7.0
6949668,22.0,271.0,61.0,Male,3.0,947918.36,4.0,7.0
4653174,22.0,265.0,67.5,Male,3.0,44894.81,3.0,6.0
6994789,18.0,226.0,34.5,Female,2.0,26665.64,0.0,3.0
7503479,17.0,214.0,39.0,Male,5.0,809369.36,6.0,9.0
2482966,12.0,152.0,34.0,Male,2.0,32325.07,0.0,3.0
7654435,4.0,56.0,62.5,Unknown,2.0,372112.17,4.0,7.0
6462912,12.0,153.0,23.0,Female,2.0,29692.03,1.0,4.0
251727,4.0,59.0,32.0,Unknown,2.0,171891.95,3.0,6.0
2313632,13.0,159.0,24.0,Male,2.0,44721.86,0.0,4.0
1975168,15.0,189.0,35.0,Male,2.0,30438.47,4.0,7.0
8070976,11.0,136.0,31.0,Male,2.0,33827.06,2.0,5.0
3885108,15.0,185.0,23.5,Male,2.0,29514.3,5.0,8.0
2632937,10.0,129.0,54.5,Male,2.0,502112.75,3.0,6.0
4904819,24.0,294.0,67.5,Male,2.0,84733.86,6.0,9.0
8623810,6.0,74.0,24.0,Unknown,3.0,100511.56,5.0,8.0
7490372,21.0,252.0,69.0,Female,2.0,59490.79,1.0,4.0
2550598,7.0,94.0,37.5,Unknown,2.0,41207.5,6.0,9.0
9626198,14.0,169.0,67.0,Female,2.0,94298.92,1.0,4.0
4630942,5.0,65.0,77.5,Unknown,2.0,52412.85,2.0,5.0
6008322,15.0,189.0,65.0,Female,2.0,69737.63,1.0,4.0
777766,9.0,118.0,34.5,Female,4.0,73385.81,6.0,9.0
2946292,15.0,188.0,86.0,Female,2.0,299630.95,5.0,8.0
9094459,5.0,60.0,54.0,Unknown,4.0,203244.7,5.0,8.0
346409,15.0,192.0,48.5,Male,2.0,383551.0,2.0,5.0
9846467,15.0,189.0,52.5,Male,2.0,125946.22,3.0,6.0
3313674,5.0,70.0,44.0,Unknown,2.0,43306.69,2.0,5.0
2677410,14.0,168.0,50.5,Female,2.0,182935.67,0.0,3.0
848037,8.0,105.0,53.0,Male,2.0,25814.45,5.0,8.0
9839402,5.0,71.0,63.0,Unknown,2.0,246177.06,1.0,4.0
5659775,5.0,65.0,41.5,Male,3.0,51462.74,6.0,9.0
2143189,5.0,65.0,52.0,Male,2.0,80179.91,6.0,9.0
6947986,6.0,77.0,55.5,Unknown,2.0,58393.12,0.0,3.0
3942070,4.0,57.0,19.0,Unknown,2.0,78942.01999999999,6.0,9.0
8786042,6.0,80.0,40.5,Unknown,2.0,1616569.04,5.0,8.0
7986738,8.0,100.0,60.5,Unknown,2.0,260514.85,6.0,9.0
1373405,8.0,107.0,64.5,Male,2.0,102157.94,1.0,4.0
465525,14.0,173.0,67.0,Unknown,2.0,150179.46,5.0,8.0
512883,4.0,58.0,21.5,Unknown,2.0,30315.11,6.0,9.0
6209195,14.0,173.0,55.0,Male,2.0,198310.38,3.0,6.0
9146002,9.0,108.0,25.0,Male,2.0,135718.81,6.0,9.0
975800,15.0,180.0,43.5,Female,2.0,50328.08,4.0,7.0
6066538,6.0,80.0,67.0,Unknown,2.0,45726.67999999999,2.0,5.0
931686,21.0,253.0,60.0,Male,2.0,26660.52,6.0,9.0
5098915,14.0,175.0,39.5,Female,2.0,26232.54,1.0,4.0
3402183,5.0,70.0,45.5,Unknown,2.0,37124.26,0.0,3.0
3800272,5.0,67.0,54.5,Unknown,2.0,169585.15000000002,4.0,7.0
8999521,6.0,82.0,43.0,Unknown,2.0,59067.58,3.0,6.0
4475357,6.0,72.0,86.0,Unknown,2.0,696169.99,4.0,7.0
8228558,5.0,71.0,28.0,Male,3.0,199762.27,5.0,8.0
3273469,6.0,82.0,31.0,Unknown,2.0,25293.79,0.0,3.0
8230834,5.0,66.0,44.5,Unknown,2.0,117884.18,4.0,8.0
7052899,5.0,65.0,52.5,Female,2.0,26209.98,2.0,5.0
8747629,8.0,107.0,42.5,Male,2.0,85659.04000000001,0.0,3.0
7572631,5.0,67.0,66.5,Female,2.0,38860.33,6.0,9.0
9019381,5.0,63.0,57.0,Male,3.0,58177.7,6.0,9.0
1823844,6.0,73.0,63.5,Unknown,2.0,52968.17999999999,5.0,8.0
6542956,15.0,181.0,44.5,Female,2.0,85881.20999999999,1.0,4.0
8883167,7.0,92.0,28.5,Unknown,2.0,67967.04000000001,2.0,5.0
3839635,23.0,281.0,33.5,Female,2.0,40748.74,1.0,4.0
9416381,20.0,250.0,60.0,Female,2.0,49010.03999999999,3.0,6.0
5971139,20.0,247.0,41.5,Female,2.0,224986.2,4.0,7.0
7585765,18.0,227.0,43.0,Male,3.0,132006.95,1.0,4.0
7049106,17.0,206.0,64.0,Female,3.0,237685.57,4.0,7.0
8645540,15.0,185.0,34.0,Female,2.0,47288.92999999999,6.0,9.0
347452,10.0,120.0,43.5,Male,2.0,160340.77999999997,6.0,9.0
9046844,6.0,72.0,36.0,Unknown,2.0,37389.75,2.0,5.0
6283100,12.0,153.0,75.0,Male,2.0,200498.74,6.0,9.0
2562491,3.0,45.0,64.5,Unknown,2.0,270711.31,6.0,9.0
459610,6.0,82.0,38.0,Unknown,2.0,40405.11,0.0,3.0
3722295,15.0,189.0,66.0,Male,2.0,625264.7100000001,5.0,8.0
6255524,5.0,66.0,18.5,Unknown,2.0,25261.95,1.0,4.0
2463388,14.0,177.0,25.5,Male,3.0,47710.17999999999,5.0,8.0
2079235,6.0,74.0,26.0,Unknown,2.0,33087.82,1.0,4.0
7425144,26.0,316.0,29.5,Male,2.0,211072.78,6.0,9.0
5755447,27.0,327.0,88.5,Male,3.0,491006.57,6.0,9.0
7539703,8.0,101.0,36.5,Unknown,2.0,82529.61,0.0,3.0
9202242,5.0,65.0,51.0,Unknown,2.0,25268.06,1.0,4.0
3610632,12.0,148.0,32.0,Female,2.0,52127.97,6.0,9.0
4672667,8.0,105.0,44.0,Female,2.0,87134.63,3.0,6.0
5310113,14.0,178.0,51.0,Female,2.0,38333.35,1.0,4.0
7998436,12.0,154.0,26.0,Female,3.0,84038.14,4.0,7.0
1120449,6.0,73.0,35.5,Unknown,4.0,529921.97,6.0,9.0
6160592,28.0,346.0,62.0,Male,3.0,395498.05,6.0,9.0
532183,3.0,40.0,53.0,Unknown,2.0,117352.35,6.0,9.0
2414386,5.0,65.0,23.0,Unknown,2.0,40421.8,3.0,6.0
2458299,9.0,119.0,55.0,Female,2.0,63059.54,2.0,5.0
9583832,4.0,58.0,47.5,Unknown,2.0,28900.77,3.0,6.0
352497,5.0,67.0,35.0,Unknown,2.0,50761.55,6.0,9.0
8211143,6.0,75.0,59.0,Unknown,2.0,129486.19,6.0,9.0
2934470,9.0,109.0,62.5,Male,2.0,1361457.94,6.0,9.0
6252758,14.0,171.0,52.5,Male,2.0,299806.62,2.0,5.0
1533053,10.0,120.0,52.0,Male,2.0,84989.98999999999,6.0,9.0
4530050,4.0,59.0,18.0,Unknown,2.0,27468.02,4.0,7.0
2804455,10.0,122.0,29.5,Female,3.0,136025.19,6.0,9.0
2639664,15.0,185.0,43.0,Male,2.0,178567.72999999998,2.0,5.0
6442338,10.0,125.0,67.0,Female,2.0,34747.5,2.0,5.0
7509925,12.0,155.0,37.5,Female,2.0,24268.77,0.0,3.0
6948978,6.0,83.0,59.5,Unknown,3.0,73755.47,1.0,4.0
9300749,18.0,226.0,39.0,Female,2.0,28836.93,1.0,4.0
3184980,12.0,153.0,51.5,Female,2.0,42194.67,1.0,4.0
6149311,13.0,156.0,56.5,Female,2.0,60867.16,2.0,5.0
9623489,9.0,108.0,60.5,Male,2.0,628935.75,1.0,4.0
4574884,5.0,71.0,24.0,Unknown,2.0,36536.17,0.0,3.0
2495191,7.0,94.0,62.0,Unknown,2.0,556260.66,6.0,9.0
7172011,5.0,71.0,37.0,Female,3.0,91321.59,4.0,7.0
269373,16.0,200.0,44.5,Female,2.0,61059.33,3.0,6.0
4252737,4.0,59.0,56.0,Unknown,2.0,35139.28,2.0,5.0
1401322,7.0,92.0,28.0,Unknown,4.0,275859.02,6.0,9.0
2417819,12.0,144.0,29.5,Female,2.0,74259.23999999999,0.0,3.0
8284480,9.0,108.0,68.5,Male,2.0,318305.29,3.0,6.0
1762503,7.0,94.0,62.0,Unknown,2.0,61132.05,6.0,9.0
4646583,5.0,70.0,49.0,Unknown,2.0,43734.17999999999,0.0,3.0
4516606,13.0,162.0,53.5,Female,2.0,63632.72,4.0,7.0
1575877,12.0,155.0,49.5,Male,2.0,87084.89,0.0,3.0
8710693,6.0,75.0,59.5,Unknown,2.0,95173.51,0.0,4.0
8688968,5.0,71.0,27.0,Unknown,2.0,48675.92999999999,2.0,5.0
774703,35.0,420.0,60.5,Female,2.0,27427.05,3.0,6.0
1758566,5.0,69.0,31.0,Unknown,2.0,53818.62,6.0,9.0
2183135,27.0,325.0,58.5,Female,3.0,127494.95,5.0,8.0
9831016,15.0,181.0,54.0,Unknown,2.0,49888.24,2.0,5.0
9739798,25.0,300.0,70.0,Female,2.0,236728.53,5.0,8.0
3799645,14.0,178.0,31.0,Male,2.0,89760.70999999999,6.0,9.0
2951480,21.0,260.0,23.0,Male,2.0,53294.19,6.0,9.0
9282426,21.0,254.0,50.0,Male,3.0,559130.7200000001,6.0,9.0
728887,17.0,209.0,66.0,Male,3.0,474477.23,5.0,8.0
5512547,4.0,59.0,25.5,Unknown,2.0,48206.86,4.0,7.0
3098485,8.0,103.0,59.0,Unknown,2.0,58969.01,2.0,5.0
9364005,5.0,71.0,35.5,Unknown,2.0,65889.68,2.0,5.0
8394478,27.0,330.0,54.5,Female,2.0,55864.78999999999,0.0,3.0
836164,9.0,109.0,24.5,Female,3.0,50730.77,2.0,5.0
917269,5.0,60.0,53.0,Unknown,2.0,62103.59,2.0,5.0
375418,13.0,157.0,70.0,Male,2.0,3164276.19,6.0,9.0
6197527,4.0,58.0,27.0,Unknown,3.0,41231.59,6.0,9.0
3515394,7.0,94.0,66.5,Unknown,2.0,296490.24,2.0,5.0
8630577,14.0,172.0,67.0,Male,2.0,123176.24,1.0,4.0
2571980,14.0,179.0,50.0,Male,2.0,146743.28,6.0,9.0
9706109,5.0,60.0,25.5,Unknown,2.0,27628.86,5.0,8.0
670774,5.0,70.0,47.5,Male,2.0,67126.39,2.0,5.0
5694283,4.0,58.0,51.5,Unknown,2.0,40190.53,5.0,8.0
2725562,11.0,138.0,28.0,Male,2.0,47445.5,6.0,9.0
9930063,7.0,94.0,28.5,Unknown,2.0,40087.09,6.0,9.0
1509726,15.0,187.0,23.0,Female,2.0,170268.96000000002,4.0,7.0
4597538,13.0,166.0,24.5,Male,2.0,44002.46,6.0,9.0
7679903,9.0,112.0,66.5,Male,2.0,27212.55,4.0,7.0
9520667,24.0,291.0,85.0,Female,2.0,212508.45,0.0,3.0
5180590,15.0,188.0,42.5,Male,2.0,74459.9,1.0,4.0
765467,8.0,100.0,34.5,Female,2.0,41747.2,2.0,5.0
2585555,6.0,76.0,70.5,Unknown,2.0,68064.94,6.0,9.0
8943527,15.0,180.0,32.0,Female,2.0,39503.45,4.0,7.0
6976946,7.0,90.0,20.5,Unknown,2.0,35055.45,2.0,5.0
3692447,16.0,197.0,52.0,Female,2.0,122273.06,4.0,7.0
5398722,5.0,60.0,32.5,Unknown,2.0,58698.6,2.0,5.0
963427,6.0,72.0,42.5,Unknown,2.0,40112.65,1.0,4.0
794844,14.0,179.0,60.5,Female,2.0,216642.81,2.0,5.0
930347,13.0,166.0,52.5,Male,2.0,156977.34000000003,5.0,8.0
6579471,16.0,192.0,56.5,Male,3.0,263595.76,6.0,9.0
269636,6.0,72.0,36.5,Unknown,2.0,56125.13,6.0,9.0
6763479,4.0,56.0,20.5,Female,2.0,38009.86,6.0,9.0
9136712,5.0,70.0,31.5,Male,2.0,56797.27,2.0,5.0
3701076,25.0,303.0,54.5,Male,2.0,38661.79,5.0,8.0
6435592,23.0,285.0,20.5,Female,2.0,33384.66,4.0,7.0
8903537,23.0,276.0,83.0,Unknown,2.0,276667.27,6.0,9.0
7812267,22.0,275.0,33.5,Male,4.0,344561.38,2.0,5.0
7430374,22.0,274.0,72.0,Female,2.0,176106.52000000002,6.0,9.0
2686877,22.0,271.0,61.5,Female,3.0,247199.37,4.0,7.0
1673179,20.0,251.0,83.0,Unknown,2.0,34368.33,6.0,9.0
797005,20.0,250.0,43.5,Female,3.0,174009.28999999998,6.0,9.0
6308806,21.0,253.0,50.0,Male,3.0,44173.59,5.0,8.0
4176901,21.0,253.0,57.0,Male,3.0,458783.93,3.0,6.0
8295759,14.0,179.0,49.5,Female,2.0,563771.5,0.0,3.0
7351291,11.0,143.0,28.0,Male,2.0,38775.83,1.0,4.0
9206649,6.0,78.0,96.0,Unknown,2.0,94240.29,1.0,4.0
6273143,10.0,130.0,24.0,Male,2.0,32422.38,0.0,3.0
6671465,7.0,92.0,29.0,Unknown,2.0,63636.72,1.0,4.0
9256349,13.0,163.0,64.5,Female,2.0,31573.29,0.0,3.0
5845598,13.0,167.0,79.0,Female,2.0,38716.67,5.0,8.0
8586525,6.0,77.0,30.0,Unknown,2.0,35475.649999999994,0.0,3.0
3089722,25.0,305.0,55.0,Male,2.0,899009.4,1.0,4.0
4125085,8.0,106.0,55.5,Female,2.0,47757.76,4.0,7.0
7530428,15.0,187.0,43.0,Male,2.0,67561.59,6.0,9.0
7972813,12.0,149.0,67.0,Female,2.0,169305.09000000003,0.0,3.0
8225975,30.0,368.0,64.5,Male,2.0,162578.51,6.0,9.0
490194,15.0,180.0,56.0,Female,2.0,59769.99,4.0,7.0
2896984,13.0,163.0,58.5,Female,2.0,735598.03,0.0,6.0
9358682,13.0,166.0,43.5,Female,2.0,85290.22,0.0,3.0
550876,15.0,190.0,61.5,Female,2.0,54090.41,1.0,4.0
1488055,13.0,165.0,31.0,Female,2.0,118664.17,5.0,8.0
1185864,32.0,384.0,58.5,Unknown,3.0,121023.93,1.0,4.0
2235419,15.0,183.0,67.5,Female,2.0,63958.3,2.0,5.0
8231827,29.0,348.0,65.5,Female,2.0,33502.149999999994,5.0,8.0
4766116,6.0,75.0,50.5,Unknown,2.0,137832.99,6.0,9.0
7521309,21.0,253.0,47.5,Male,2.0,45132.87,6.0,9.0
5143272,13.0,161.0,51.0,Female,2.0,29044.29,0.0,3.0
7926251,8.0,103.0,27.0,Unknown,2.0,71504.18,2.0,5.0
1928166,6.0,74.0,23.0,Unknown,2.0,56191.86,1.0,4.0
9117843,16.0,193.0,46.5,Male,2.0,176059.82,6.0,9.0
3425653,11.0,132.0,68.0,Female,2.0,37248.26,4.0,7.0
6178546,4.0,49.0,56.0,Unknown,2.0,44086.16,2.0,5.0
7350365,5.0,71.0,62.5,Unknown,2.0,54260.75,3.0,6.0
6155976,10.0,121.0,30.5,Female,2.0,30993.79,3.0,6.0
48431,12.0,150.0,54.5,Female,2.0,82479.58,4.0,7.0
2918728,12.0,145.0,30.5,Female,2.0,44734.4,1.0,4.0
4307607,16.0,193.0,34.5,Female,3.0,78652.47,1.0,4.0
4943084,4.0,58.0,48.5,Unknown,2.0,141080.39,0.0,3.0
3661101,23.0,277.0,37.5,Male,3.0,148348.59,4.0,7.0
866292,21.0,259.0,38.5,Male,3.0,136983.66999999998,1.0,4.0
9050748,20.0,250.0,46.0,Female,3.0,150744.84999999998,2.0,5.0
7995259,20.0,248.0,48.5,Female,2.0,146790.71,2.0,5.0
6365047,20.0,247.0,56.5,Male,2.0,25001.16,0.0,3.0
84624,20.0,243.0,46.5,Unknown,2.0,86439.87,1.0,4.0
3414716,10.0,131.0,51.0,Female,2.0,63699.85,1.0,4.0
1113707,6.0,80.0,57.5,Unknown,2.0,98965.21,1.0,5.0
6734943,14.0,172.0,47.0,Male,2.0,32647.03,0.0,3.0
1718808,5.0,67.0,21.0,Unknown,3.0,71357.82,6.0,9.0
9654101,13.0,157.0,33.0,Female,2.0,66682.31,0.0,3.0
883350,6.0,77.0,40.0,Unknown,2.0,42880.75,2.0,5.0
9285608,11.0,132.0,36.5,Male,2.0,23803.85,3.0,6.0
2654891,6.0,78.0,24.5,Unknown,2.0,34886.0,6.0,9.0
2985789,9.0,119.0,37.0,Female,2.0,27435.23,3.0,6.0
4839425,22.0,267.0,72.5,Male,2.0,36113.19,6.0,9.0
8570045,4.0,57.0,25.0,Unknown,2.0,32102.71,0.0,3.0
3787914,14.0,178.0,30.5,Female,2.0,117892.97,0.0,3.0
8605475,5.0,71.0,25.0,Unknown,3.0,117833.42,3.0,6.0
2779701,7.0,92.0,70.0,Female,2.0,318595.6,2.0,5.0
196286,16.0,195.0,65.0,Male,2.0,35480.69,3.0,6.0
5524988,12.0,152.0,58.0,Male,2.0,780885.2000000001,5.0,8.0
6705041,13.0,160.0,49.5,Female,2.0,26503.06,4.0,7.0
4014201,14.0,178.0,53.5,Female,2.0,40639.09,1.0,4.0
4652522,13.0,157.0,59.5,Male,2.0,29340.64,1.0,4.0
5233819,7.0,94.0,53.0,Unknown,2.0,46396.7,2.0,5.0
2666616,13.0,157.0,53.0,Male,3.0,632080.17,6.0,9.0
91110,5.0,68.0,69.5,Unknown,2.0,25168.1,3.0,6.0
5899458,15.0,181.0,48.5,Male,2.0,56138.66,1.0,4.0
434526,13.0,161.0,42.0,Female,2.0,58573.3,0.0,3.0
6399633,13.0,158.0,68.5,Female,2.0,485743.06,2.0,5.0
3354201,11.0,142.0,34.5,Male,2.0,42276.35,0.0,3.0
3242609,5.0,71.0,61.0,Unknown,2.0,31034.89,3.0,6.0
7795722,13.0,159.0,65.5,Male,2.0,40976.99,0.0,3.0
861316,7.0,92.0,61.5,Unknown,2.0,102737.92,1.0,4.0
1107063,12.0,145.0,28.0,Male,2.0,84718.44,2.0,5.0
4926581,31.0,382.0,61.5,Male,2.0,375835.88,3.0,6.0
5247002,13.0,156.0,46.5,Male,2.0,62959.65,5.0,8.0
7770587,5.0,61.0,34.5,Female,2.0,388107.67,1.0,4.0
9937888,10.0,130.0,27.0,Female,3.0,99331.8,5.0,8.0
3263400,28.0,336.0,31.5,Male,3.0,32627.32,3.0,6.0
4451169,8.0,106.0,27.0,Male,2.0,68565.29000000001,3.0,6.0
2201895,11.0,142.0,52.0,Female,2.0,59785.3,1.0,4.0
9642462,26.0,314.0,28.0,Female,2.0,222002.78,5.0,8.0
2829245,6.0,81.0,40.0,Unknown,2.0,33531.04,0.0,3.0
8684871,5.0,60.0,45.0,Unknown,3.0,136300.33000000002,2.0,5.0
4184757,5.0,64.0,46.5,Unknown,2.0,48630.32,1.0,4.0
9341180,6.0,72.0,58.5,Unknown,3.0,228647.68,5.0,8.0
2212057,4.0,57.0,44.5,Unknown,2.0,34232.11,5.0,8.0
7073358,8.0,102.0,32.0,Unknown,2.0,40279.8,2.0,5.0
4862909,26.0,312.0,30.5,Female,4.0,30800.16,5.0,8.0
9898377,23.0,276.0,49.0,Male,2.0,108963.69,4.0,7.0
7740183,21.0,263.0,24.0,Male,2.0,53296.42,6.0,9.0
5323656,21.0,260.0,45.5,Male,2.0,24318.41,0.0,3.0
4424366,21.0,252.0,50.5,Male,2.0,53814.2,2.0,5.0
9016104,21.0,253.0,48.0,Male,3.0,185297.45,6.0,9.0
9638116,20.0,249.0,20.0,Female,2.0,36839.3,0.0,3.0
333744,20.0,243.0,42.0,Female,4.0,236298.52,1.0,5.0
6286632,13.0,160.0,28.5,Male,2.0,47500.86,1.0,4.0
8244532,12.0,144.0,71.5,Female,2.0,108392.08,1.0,4.0
9409779,14.0,169.0,33.0,Male,2.0,54929.48,5.0,8.0
4835770,8.0,106.0,43.0,Male,2.0,78499.28,5.0,8.0
6013275,15.0,190.0,43.0,Male,3.0,88569.14,4.0,7.0
2644661,13.0,158.0,76.5,Female,2.0,61979.76,0.0,3.0
5451021,6.0,75.0,62.0,Unknown,2.0,184974.34000000003,5.0,8.0
8968223,9.0,109.0,27.5,Female,2.0,78187.68,1.0,4.0
5220040,11.0,140.0,51.0,Female,2.0,309779.66,0.0,3.0
5340728,7.0,90.0,31.5,Unknown,2.0,38727.82,1.0,4.0
7196862,12.0,153.0,76.0,Male,2.0,594379.63,6.0,9.0
7215123,6.0,74.0,52.0,Unknown,2.0,112343.23,6.0,9.0
5931788,8.0,106.0,37.0,Female,2.0,60466.93,1.0,4.0
8553989,12.0,154.0,62.5,Female,2.0,31812.19,0.0,3.0
6170447,9.0,110.0,32.5,Male,2.0,83086.82,5.0,8.0
1983898,6.0,81.0,63.0,Unknown,3.0,105111.11,1.0,4.0
5423497,13.0,167.0,52.0,Male,2.0,113020.04,5.0,8.0
9221324,11.0,138.0,29.5,Female,3.0,61842.71,0.0,3.0
747601,16.0,192.0,33.5,Male,2.0,61929.09,0.0,3.0
8921195,9.0,111.0,18.0,Male,2.0,28940.87,0.0,3.0
2530020,9.0,108.0,31.0,Female,2.0,55188.78999999999,6.0,9.0
4309097,5.0,62.0,26.0,Unknown,2.0,34871.88,0.0,3.0
2970159,5.0,69.0,59.5,Unknown,3.0,67833.58,5.0,8.0
3766006,14.0,168.0,70.5,Unknown,2.0,78344.97,6.0,9.0
5467264,9.0,114.0,48.0,Female,4.0,257016.05,5.0,8.0
7853881,6.0,72.0,34.0,Unknown,2.0,53458.86,0.0,3.0
8295735,20.0,248.0,48.0,Female,2.0,77751.5,4.0,7.0
677546,12.0,144.0,49.5,Male,2.0,31303.73,0.0,3.0
5628326,6.0,81.0,61.5,Unknown,2.0,43738.75,0.0,3.0
1623042,4.0,53.0,22.5,Unknown,3.0,42578.7,5.0,9.0
2169790,5.0,61.0,52.5,Male,2.0,390341.51,1.0,4.0
614170,11.0,139.0,62.0,Male,2.0,70395.22,1.0,4.0
7696999,11.0,135.0,32.5,Unknown,2.0,75827.98999999999,2.0,5.0
2508150,8.0,107.0,35.5,Female,2.0,106950.45,0.0,3.0
6230352,13.0,167.0,42.5,Female,2.0,30869.45,2.0,6.0
1105355,7.0,84.0,39.5,Unknown,2.0,31919.77,5.0,8.0
959075,7.0,93.0,31.0,Male,2.0,58957.4,4.0,7.0
4151322,10.0,126.0,42.0,Male,2.0,35725.36,3.0,6.0
2458866,5.0,68.0,56.5,Male,2.0,654826.64,5.0,8.0
1574972,5.0,67.0,64.5,Unknown,2.0,41523.27,5.0,8.0
944052,14.0,170.0,33.5,Male,2.0,54162.39,6.0,9.0
1884372,7.0,92.0,62.0,Unknown,2.0,139732.59,6.0,9.0
4122503,5.0,67.0,38.0,Female,2.0,56609.79,1.0,4.0
84108,6.0,80.0,60.0,Unknown,2.0,269677.92,4.0,7.0
1867217,22.0,264.0,47.5,Male,3.0,39617.81,2.0,5.0
9516885,5.0,70.0,45.5,Unknown,2.0,52671.51,1.0,4.0
7010205,8.0,97.0,55.5,Unknown,2.0,78048.78,2.0,5.0
6680845,13.0,156.0,36.0,Female,2.0,75559.01999999999,6.0,9.0
8422352,7.0,88.0,29.5,Male,2.0,83656.39,3.0,6.0
294956,11.0,136.0,60.0,Male,2.0,74913.6,2.0,5.0
8739676,6.0,79.0,31.0,Unknown,3.0,55634.37,4.0,7.0
4631704,5.0,60.0,51.5,Male,2.0,135425.44,6.0,9.0
9866595,15.0,180.0,48.5,Female,2.0,70066.04000000001,3.0,6.0
9640247,14.0,176.0,57.0,Male,2.0,95509.36,3.0,6.0
794649,9.0,117.0,68.5,Male,2.0,29627.8,2.0,5.0
7310724,8.0,96.0,68.0,Male,2.0,672296.13,6.0,9.0
9898407,10.0,127.0,44.0,Female,2.0,40561.53999999999,4.0,7.0
7985423,7.0,84.0,36.0,Unknown,2.0,39051.11,0.0,3.0
9616541,10.0,129.0,43.5,Unknown,2.0,202516.31,2.0,5.0
7198598,7.0,85.0,59.0,Male,2.0,31287.41,5.0,8.0
4847719,9.0,108.0,45.0,Unknown,2.0,98984.26,0.0,3.0
619573,12.0,144.0,56.5,Female,2.0,65158.45,1.0,4.0
1160897,8.0,107.0,56.5,Female,3.0,68134.67,2.0,5.0
4670854,12.0,154.0,66.5,Unknown,2.0,85645.09,3.0,6.0
9191937,6.0,83.0,27.0,Unknown,2.0,52119.65,4.0,7.0
4160742,15.0,189.0,43.5,Male,2.0,27728.78,2.0,5.0
8518108,15.0,189.0,63.0,Male,2.0,92844.59,5.0,8.0
4738135,2.0,33.0,57.0,Unknown,2.0,771748.76,6.0,9.0
953375,6.0,82.0,69.5,Unknown,2.0,241797.91,6.0,9.0
8580825,5.0,70.0,82.0,Unknown,2.0,68905.84,1.0,4.0
1072831,5.0,60.0,57.0,Unknown,2.0,48040.6,6.0,9.0
562592,8.0,98.0,30.0,Unknown,2.0,84519.78,6.0,9.0
600087,9.0,116.0,47.5,Female,3.0,72101.95999999999,4.0,7.0
4818522,16.0,198.0,53.0,Male,2.0,23948.58,1.0,4.0
3114225,6.0,78.0,60.5,Unknown,2.0,45433.58,1.0,4.0
8642798,5.0,67.0,40.0,Unknown,2.0,24839.86,2.0,5.0
7511167,9.0,111.0,62.5,Male,2.0,453602.38,1.0,4.0
7275502,5.0,70.0,29.0,Unknown,2.0,60759.01,5.0,8.0
7523598,12.0,154.0,47.5,Male,3.0,54004.99,1.0,4.0
3145026,8.0,103.0,72.5,Female,2.0,184425.33,5.0,8.0
9935303,6.0,76.0,32.0,Unknown,2.0,66272.95,1.0,4.0
5127750,7.0,95.0,22.0,Male,3.0,25239.55,3.0,6.0
1026177,7.0,86.0,32.0,Female,2.0,84812.11,3.0,6.0
5557680,8.0,100.0,39.5,Unknown,2.0,28966.87,2.0,5.0
8406200,16.0,202.0,60.0,Female,2.0,43194.05,3.0,6.0
6444330,11.0,142.0,58.5,Female,2.0,28882.7,2.0,5.0
7875052,6.0,82.0,39.0,Male,2.0,57559.47,1.0,4.0
7535494,16.0,194.0,56.5,Male,2.0,24400.04,6.0,9.0
8211160,22.0,271.0,72.5,Female,2.0,91814.28,1.0,5.0
4219831,22.0,265.0,62.0,Female,2.0,290930.33,6.0,9.0
1948870,21.0,263.0,46.0,Male,3.0,201937.71,6.0,9.0
3948974,21.0,263.0,72.0,Male,2.0,73621.39,6.0,9.0
7115036,20.0,248.0,55.5,Male,3.0,78350.63,6.0,9.0
8165778,9.0,118.0,51.5,Female,2.0,29672.99,2.0,5.0
2593346,6.0,75.0,23.5,Unknown,2.0,31717.78,3.0,6.0
3475858,26.0,322.0,75.0,Unknown,2.0,93132.13,5.0,8.0
3521638,4.0,58.0,61.5,Unknown,2.0,41820.65,4.0,7.0
4965189,15.0,180.0,33.5,Male,2.0,129258.69,4.0,7.0
3430468,11.0,134.0,58.0,Female,2.0,397081.63,3.0,7.0
2636270,11.0,142.0,60.0,Female,2.0,162086.31,1.0,4.0
2459355,8.0,97.0,41.5,Unknown,2.0,191648.87,2.0,5.0
4940584,8.0,97.0,54.0,Unknown,2.0,35688.99,6.0,9.0
636219,7.0,88.0,34.0,Female,2.0,27517.36,0.0,3.0
6018574,7.0,90.0,29.5,Unknown,2.0,68082.47,6.0,9.0
5202350,14.0,171.0,31.0,Male,2.0,25019.94,1.0,4.0
8129250,7.0,86.0,36.0,Unknown,4.0,121920.13,6.0,9.0
3460226,9.0,109.0,52.5,Female,2.0,105722.6,5.0,8.0
1555809,6.0,74.0,57.0,Male,2.0,30807.32,2.0,5.0
9409062,13.0,160.0,64.0,Unknown,3.0,248664.0,3.0,6.0
1102877,9.0,108.0,42.5,Female,2.0,466096.93,6.0,9.0
3293764,11.0,142.0,55.5,Male,2.0,434771.82,3.0,6.0
5245476,14.0,176.0,32.0,Male,2.0,40798.57,6.0,9.0
3651283,14.0,173.0,55.0,Female,4.0,790393.7200000001,6.0,9.0
4059624,11.0,141.0,58.5,Female,2.0,343434.6,3.0,7.0
4126756,6.0,73.0,42.0,Unknown,3.0,81099.69,5.0,8.0
4298977,5.0,68.0,34.5,Unknown,2.0,36110.51,0.0,3.0
5922473,8.0,107.0,53.0,Unknown,2.0,27285.23,1.0,4.0
5959759,12.0,153.0,39.0,Male,2.0,448189.53,6.0,9.0
7197684,9.0,114.0,44.5,Male,3.0,42151.92999999999,4.0,7.0
3098610,16.0,192.0,54.5,Female,2.0,115715.16,6.0,9.0
1612982,32.0,388.0,62.0,Female,2.0,175246.34999999998,4.0,7.0
996857,8.0,98.0,23.5,Unknown,2.0,27738.49,0.0,3.0
4966830,6.0,81.0,57.5,Unknown,2.0,66132.69,6.0,9.0
7601230,15.0,190.0,61.5,Female,2.0,31632.16,0.0,3.0
7302980,14.0,168.0,43.5,Female,2.0,144826.26,2.0,5.0
4792556,10.0,126.0,56.5,Male,2.0,41316.88,0.0,3.0
9786601,7.0,91.0,31.0,Unknown,2.0,37065.06,4.0,7.0
6697652,7.0,85.0,53.5,Unknown,2.0,37403.06,1.0,4.0
2079465,4.0,59.0,18.0,Unknown,2.0,25022.78,1.0,4.0
1690835,6.0,74.0,56.0,Unknown,2.0,94795.31,6.0,9.0
3983357,13.0,158.0,45.0,Female,3.0,77079.43,6.0,9.0
1562697,9.0,111.0,49.0,Female,2.0,117883.63,6.0,9.0
8975579,7.0,91.0,22.0,Unknown,2.0,33508.79,1.0,4.0
3826012,15.0,191.0,42.5,Male,2.0,281741.65,1.0,4.0
4138511,6.0,75.0,32.5,Unknown,2.0,52809.14,0.0,3.0
9274697,11.0,135.0,30.0,Male,2.0,132228.66999999998,6.0,9.0
6832718,4.0,59.0,28.0,Unknown,2.0,61471.32,6.0,9.0
81102,34.0,408.0,58.5,Male,3.0,135623.99,6.0,9.0
7298730,6.0,77.0,50.0,Unknown,2.0,428570.74,2.0,5.0
1036271,11.0,142.0,29.0,Female,2.0,31330.26,3.0,6.0
2290080,9.0,118.0,35.5,Male,2.0,76673.14,0.0,3.0
5859315,12.0,145.0,41.5,Male,2.0,48417.77,0.0,3.0
1687330,9.0,114.0,25.5,Female,2.0,75674.25,6.0,9.0
3639755,7.0,88.0,25.0,Unknown,2.0,71481.76,4.0,7.0
3330070,8.0,106.0,55.5,Female,2.0,130096.02,3.0,6.0
8720702,23.0,284.0,42.0,Unknown,2.0,48683.28999999999,6.0,9.0
1541765,23.0,283.0,63.5,Male,6.0,927057.66,5.0,8.0
126090,23.0,280.0,73.0,Male,3.0,551843.62,6.0,9.0
114459,22.0,264.0,49.0,Unknown,2.0,35746.35,5.0,8.0
408180,31.0,376.0,49.5,Female,3.0,118107.88,4.0,7.0
3699706,16.0,203.0,81.0,Female,2.0,200604.2,0.0,3.0
2508266,16.0,198.0,29.0,Male,3.0,89841.06,6.0,9.0
3078430,13.0,163.0,49.0,Female,2.0,175836.14,0.0,4.0
2840579,10.0,120.0,31.0,Female,2.0,35424.29,1.0,4.0
486643,12.0,155.0,25.5,Male,3.0,142836.19,6.0,9.0
5086721,11.0,142.0,36.5,Male,2.0,86168.0,6.0,9.0
5005636,7.0,85.0,66.0,Unknown,2.0,93358.24,0.0,3.0
9695798,10.0,122.0,51.0,Female,2.0,50044.32,2.0,5.0
7043670,28.0,343.0,22.5,Female,3.0,69571.1,1.0,4.0
3619773,8.0,106.0,43.5,Female,2.0,61508.99,6.0,9.0
6211179,13.0,162.0,41.5,Female,2.0,23932.3,2.0,5.0
6505524,5.0,67.0,57.5,Unknown,2.0,48564.92,6.0,9.0
2020919,13.0,164.0,41.5,Male,2.0,29496.39,3.0,6.0
4691601,10.0,121.0,52.0,Male,2.0,44912.97,4.0,7.0
7882288,15.0,180.0,53.0,Female,2.0,131922.89,4.0,7.0
4850631,33.0,407.0,80.0,Male,3.0,1656725.37,6.0,9.0
1354915,7.0,84.0,29.0,Unknown,2.0,34727.369999999995,2.0,5.0
9459952,7.0,91.0,59.0,Unknown,3.0,172918.55,6.0,9.0
370651,7.0,95.0,56.0,Unknown,2.0,80524.2,5.0,8.0
967923,8.0,96.0,54.0,Unknown,2.0,54985.77,1.0,4.0
1261353,7.0,95.0,50.5,Unknown,2.0,38670.31,3.0,6.0
4708780,13.0,166.0,35.0,Male,2.0,37251.63,1.0,4.0
1500353,8.0,96.0,56.0,Unknown,2.0,49219.72,3.0,6.0
6807398,11.0,142.0,72.0,Male,2.0,65021.64,5.0,8.0
4719146,22.0,273.0,41.5,Female,2.0,44399.13,3.0,6.0
453288,6.0,74.0,42.0,Unknown,2.0,39005.83,2.0,5.0
407061,9.0,116.0,45.0,Male,2.0,263860.73,3.0,6.0
5693416,6.0,72.0,25.0,Unknown,2.0,27652.2,0.0,3.0
4161643,4.0,49.0,60.0,Unknown,2.0,36507.49,0.0,3.0
1780871,5.0,71.0,63.5,Male,2.0,42369.98,0.0,3.0
3339110,5.0,66.0,27.0,Unknown,2.0,38059.73,2.0,5.0
44860,4.0,57.0,31.5,Unknown,2.0,59942.13,2.0,5.0
48724,4.0,57.0,38.5,Unknown,2.0,53276.8,4.0,7.0
5458849,11.0,142.0,24.5,Female,2.0,35847.28,1.0,4.0
9749944,4.0,59.0,30.5,Unknown,2.0,30747.34,1.0,4.0
8824053,12.0,144.0,46.5,Male,2.0,417710.9,5.0,8.0
7159582,15.0,180.0,67.5,Male,2.0,38852.23,6.0,9.0
2125543,4.0,59.0,31.5,Unknown,2.0,35901.64,2.0,5.0
2362248,6.0,72.0,52.0,Unknown,2.0,34504.25,6.0,9.0
7291872,15.0,180.0,63.5,Female,3.0,112133.79,6.0,9.0
6979480,9.0,109.0,62.0,Female,2.0,477339.85,0.0,3.0
357583,13.0,162.0,44.0,Female,3.0,105628.6,6.0,9.0
2727788,7.0,93.0,57.5,Female,2.0,61774.02,1.0,4.0
947825,27.0,334.0,52.0,Male,3.0,161626.81,1.0,4.0
3948349,10.0,128.0,34.5,Male,3.0,70474.94,4.0,7.0
7469877,12.0,150.0,61.5,Male,2.0,28853.26,0.0,3.0
7733500,21.0,253.0,46.0,Female,2.0,123422.73,6.0,9.0
1126073,13.0,157.0,68.0,Male,2.0,42957.34,3.0,6.0
3622154,10.0,131.0,43.0,Male,2.0,52171.75,0.0,3.0
2475423,6.0,75.0,71.0,Unknown,2.0,385727.75,4.0,7.0
9275029,12.0,154.0,54.0,Male,2.0,162807.05,6.0,9.0
9172571,10.0,125.0,30.5,Female,2.0,95438.1,6.0,9.0
6639053,9.0,117.0,37.0,Male,2.0,41683.78999999999,1.0,4.0
6504620,25.0,304.0,63.5,Male,2.0,72819.45,1.0,4.0
9166923,22.0,270.0,61.5,Female,2.0,79049.63,0.0,3.0
2458407,24.0,292.0,73.5,Female,2.0,93879.81,1.0,4.0
8591740,20.0,241.0,64.5,Female,2.0,204542.96,6.0,9.0
1873161,18.0,222.0,49.5,Male,3.0,123489.95,1.0,4.0
5102939,7.0,85.0,29.0,Unknown,2.0,58392.84,4.0,7.0
4005695,7.0,84.0,33.0,Unknown,3.0,133435.19,2.0,5.0
7643558,7.0,88.0,51.0,Unknown,2.0,116675.4,1.0,4.0
722623,29.0,354.0,34.5,Female,3.0,89589.53,5.0,8.0
5878089,8.0,106.0,23.0,Male,2.0,29591.95,1.0,4.0
9963517,7.0,90.0,64.0,Unknown,2.0,63688.18,2.0,5.0
6937048,16.0,196.0,34.0,Male,2.0,378698.63,3.0,6.0
8675285,15.0,186.0,64.5,Female,2.0,27759.98,2.0,5.0
1245225,14.0,175.0,36.0,Female,2.0,91436.13,0.0,3.0
4693609,10.0,130.0,34.0,Male,2.0,24106.19,6.0,9.0
3976151,4.0,58.0,39.5,Unknown,2.0,50521.35,0.0,3.0
546110,5.0,68.0,53.5,Male,2.0,35677.32,0.0,3.0
8454706,6.0,78.0,34.0,Unknown,2.0,42796.45,4.0,7.0
8899445,14.0,173.0,39.5,Female,2.0,118790.17,1.0,4.0
5900806,11.0,138.0,41.5,Male,2.0,25790.08,0.0,3.0
7180376,15.0,180.0,55.5,Male,2.0,41755.21,2.0,5.0
134829,7.0,84.0,61.5,Female,2.0,378090.54,1.0,4.0
1547321,7.0,88.0,25.0,Female,3.0,27750.41,4.0,7.0
9221282,13.0,163.0,56.5,Male,2.0,248838.71,3.0,6.0
1079175,15.0,181.0,35.5,Female,2.0,44854.81,0.0,3.0
6263948,9.0,110.0,23.0,Female,2.0,33758.23,2.0,5.0
2291985,7.0,85.0,41.0,Male,2.0,8247729.97,1.0,4.0
380857,13.0,165.0,53.0,Male,2.0,102283.26,0.0,3.0
4555946,12.0,146.0,24.5,Female,2.0,60410.01,0.0,3.0
6970475,7.0,84.0,29.5,Unknown,2.0,80177.95,0.0,3.0
1685052,8.0,107.0,32.5,Female,2.0,31760.71,1.0,4.0
149593,6.0,73.0,30.0,Unknown,2.0,57234.46,1.0,4.0
2289446,13.0,166.0,31.0,Male,4.0,162051.47999999998,3.0,6.0
2513481,14.0,169.0,36.0,Female,2.0,88337.75,0.0,3.0
9230971,13.0,156.0,43.0,Female,2.0,39736.93,4.0,7.0
7543252,8.0,104.0,26.0,Female,2.0,104350.93,4.0,7.0
70863,12.0,144.0,85.0,Female,2.0,157602.71000000002,6.0,9.0
3004381,16.0,192.0,81.5,Female,2.0,45190.01,1.0,4.0
1036960,5.0,71.0,49.0,Unknown,2.0,27803.08,0.0,3.0
9091354,5.0,69.0,49.0,Unknown,2.0,44929.9,1.0,4.0
273319,8.0,104.0,56.5,Male,4.0,145400.8,6.0,9.0
4716805,12.0,152.0,23.0,Unknown,2.0,37448.16,3.0,6.0
7371217,14.0,173.0,24.5,Female,2.0,31770.18,5.0,8.0
6527738,12.0,151.0,33.0,Female,2.0,90905.42,1.0,4.0
3344232,7.0,86.0,19.5,Unknown,2.0,28235.68,3.0,6.0
7123934,7.0,94.0,63.5,Unknown,2.0,137554.41,5.0,8.0
4249316,11.0,136.0,63.5,Female,2.0,58566.6,1.0,4.0
8223810,21.0,258.0,41.5,Female,2.0,184595.94,1.0,4.0
9792293,6.0,72.0,24.0,Unknown,2.0,56991.42,6.0,9.0
4667506,8.0,99.0,69.0,Unknown,3.0,135580.32,6.0,9.0
3205867,5.0,61.0,51.5,Unknown,3.0,105443.62,6.0,9.0
3071537,3.0,48.0,31.5,Unknown,2.0,31307.52,4.0,7.0
9970320,22.0,264.0,44.0,Male,2.0,31401.72,0.0,3.0
3045527,20.0,243.0,46.5,Female,3.0,88989.43,2.0,6.0
730714,20.0,242.0,42.5,Female,3.0,129905.09,6.0,9.0
3741118,20.0,241.0,61.5,Female,3.0,41242.26,5.0,8.0
2007654,15.0,191.0,25.5,Female,2.0,32923.3,1.0,4.0
7816862,12.0,154.0,80.5,Female,2.0,97624.16,0.0,3.0
9957176,6.0,77.0,68.5,Unknown,2.0,75888.84,6.0,9.0
1192577,4.0,53.0,32.5,Male,5.0,249434.37,6.0,9.0
7557189,16.0,193.0,54.5,Female,2.0,27265.81,1.0,4.0
8934873,11.0,143.0,29.0,Male,2.0,113991.58,4.0,7.0
2338344,9.0,109.0,29.5,Female,2.0,83767.2,2.0,5.0
2837165,15.0,189.0,41.0,Female,2.0,44888.97,6.0,9.0
2509466,28.0,343.0,64.5,Male,2.0,394664.53,4.0,7.0
2757419,13.0,160.0,32.5,Male,2.0,39427.25,1.0,4.0
9225615,5.0,70.0,31.0,Unknown,2.0,36005.02,5.0,8.0
1378028,15.0,190.0,60.0,Female,2.0,125990.26,3.0,6.0
1661130,27.0,329.0,53.5,Male,2.0,48612.3,0.0,3.0
146390,14.0,177.0,34.5,Female,2.0,54308.07,6.0,9.0
6928012,11.0,133.0,29.5,Male,3.0,78671.14,6.0,9.0
789860,9.0,119.0,46.0,Unknown,2.0,73871.89,0.0,3.0
7058363,7.0,87.0,54.0,Unknown,2.0,71198.19,4.0,8.0
6579345,10.0,124.0,69.5,Female,2.0,97817.92,5.0,8.0
4773082,11.0,142.0,43.0,Female,2.0,47644.36,2.0,5.0
3513137,11.0,140.0,24.5,Male,2.0,63089.69,6.0,9.0
8778087,7.0,89.0,30.0,Unknown,2.0,75185.84,6.0,9.0
9608866,7.0,91.0,26.5,Male,2.0,54924.31,5.0,8.0
5445197,12.0,154.0,69.0,Male,2.0,32049.2,1.0,4.0
9888237,9.0,118.0,65.0,Male,2.0,222586.27,6.0,9.0
3361877,7.0,93.0,27.5,Male,2.0,116171.25,4.0,7.0
5832478,12.0,153.0,42.0,Female,2.0,65933.63,5.0,8.0
2221190,4.0,56.0,41.0,Unknown,2.0,422297.84,5.0,8.0
115973,9.0,113.0,30.5,Male,2.0,60878.64,1.0,4.0
9135444,8.0,98.0,43.5,Unknown,3.0,85934.29000000001,4.0,7.0
8136342,5.0,67.0,74.0,Unknown,2.0,116249.25,5.0,8.0
4978123,17.0,205.0,58.5,Male,2.0,422344.37,6.0,9.0
5316428,12.0,151.0,38.5,Female,2.0,42621.01,2.0,5.0
9895888,14.0,169.0,47.5,Female,2.0,61807.99,0.0,3.0
1878058,6.0,82.0,66.5,Unknown,2.0,151348.21,3.0,6.0
8838831,6.0,82.0,25.0,Unknown,2.0,26029.74,0.0,3.0
388395,14.0,170.0,62.5,Male,2.0,64938.51,2.0,5.0
9682711,15.0,191.0,45.5,Female,2.0,29213.82,0.0,3.0
4637244,10.0,125.0,45.0,Female,2.0,44345.08,0.0,3.0
3425202,5.0,69.0,49.5,Male,2.0,119038.84,2.0,5.0
4846872,7.0,95.0,42.0,Unknown,2.0,51555.19,0.0,3.0
2663673,5.0,70.0,24.5,Unknown,2.0,46943.53,3.0,6.0
5260532,24.0,289.0,62.0,Female,2.0,51180.45,2.0,5.0
6512725,22.0,270.0,22.5,Male,2.0,162081.32,6.0,9.0
8316253,22.0,264.0,49.0,Female,3.0,263026.63,6.0,9.0
8099672,4.0,56.0,21.5,Unknown,2.0,107034.52,2.0,5.0
704508,6.0,73.0,25.5,Unknown,2.0,26080.85,1.0,4.0
7717331,7.0,88.0,25.0,Male,2.0,26220.05,1.0,4.0
4844940,15.0,188.0,72.0,Male,2.0,45902.55,0.0,3.0
3272906,5.0,65.0,19.5,Unknown,2.0,40810.78,6.0,9.0
4397575,15.0,186.0,65.5,Female,2.0,123878.01,3.0,6.0
1839924,7.0,94.0,63.5,Female,2.0,158526.77000000002,2.0,5.0
463459,9.0,108.0,24.5,Male,2.0,55073.67999999999,5.0,8.0
5180395,15.0,191.0,52.0,Female,2.0,99788.65,1.0,4.0
8695761,14.0,168.0,35.0,Female,2.0,58868.78,3.0,6.0
1674728,15.0,189.0,21.0,Male,3.0,139523.59,4.0,7.0
9050287,6.0,78.0,33.5,Unknown,3.0,38783.82,4.0,7.0
5851688,16.0,202.0,54.5,Male,3.0,149296.15,1.0,4.0
9335990,8.0,106.0,31.5,Male,2.0,43857.56,3.0,6.0
2579694,5.0,70.0,44.5,Unknown,2.0,30826.63,2.0,5.0
4177659,7.0,95.0,34.0,Unknown,2.0,56893.64,1.0,4.0
6809644,12.0,153.0,65.5,Female,2.0,46993.03,1.0,4.0
174800,12.0,154.0,51.5,Female,3.0,243961.1,0.0,3.0
6225944,7.0,95.0,32.0,Unknown,2.0,36795.49,0.0,3.0
9969431,7.0,94.0,42.5,Unknown,2.0,77363.06,1.0,4.0
1573977,5.0,63.0,58.0,Female,2.0,333223.65,6.0,9.0
6421088,14.0,178.0,22.0,Unknown,2.0,65264.8,6.0,9.0
8006386,11.0,135.0,38.5,Female,2.0,118404.61,3.0,6.0
917800,12.0,152.0,31.5,Male,3.0,144061.53,6.0,9.0
3128288,8.0,105.0,69.5,Female,2.0,38318.13,0.0,5.0
330035,4.0,49.0,59.5,Male,2.0,930987.39,4.0,7.0
2986194,4.0,56.0,30.5,Unknown,3.0,66316.4,6.0,9.0
8327879,10.0,123.0,72.5,Female,2.0,184688.82,1.0,4.0
6856615,6.0,76.0,67.5,Unknown,2.0,41634.35,2.0,5.0
5535892,10.0,120.0,25.5,Female,3.0,81821.07,6.0,9.0
2515293,14.0,168.0,39.5,Female,2.0,23869.57,0.0,3.0
1956921,28.0,339.0,53.5,Female,2.0,72111.73999999999,0.0,3.0
6464202,10.0,131.0,52.5,Male,2.0,66552.41,6.0,9.0
633140,5.0,71.0,43.5,Unknown,2.0,34707.259999999995,4.0,7.0
1206120,6.0,72.0,43.5,Unknown,3.0,66774.11,1.0,4.0
830129,9.0,118.0,63.5,Male,2.0,145574.22,6.0,9.0
5129604,4.0,54.0,18.5,Male,2.0,27567.73,2.0,5.0
2448867,9.0,119.0,43.5,Female,2.0,24853.4,0.0,3.0
5269888,20.0,243.0,17.5,Female,2.0,39631.34,6.0,9.0
9272592,12.0,154.0,29.0,Male,2.0,25834.45,2.0,5.0
4028331,26.0,318.0,56.5,Female,2.0,57626.63,1.0,4.0
4259386,4.0,59.0,30.5,Unknown,3.0,78270.67,6.0,9.0
7706526,14.0,172.0,59.5,Unknown,3.0,238086.89,6.0,9.0
6442302,8.0,106.0,60.0,Female,2.0,49443.17,0.0,3.0
3112649,25.0,309.0,27.0,Female,3.0,59454.97,6.0,9.0
1586517,25.0,302.0,57.5,Male,3.0,534155.8,6.0,9.0
4230904,23.0,280.0,22.5,Male,2.0,54602.13,0.0,3.0
1948555,22.0,265.0,76.5,Female,2.0,150558.14,2.0,5.0
370201,22.0,264.0,47.5,Female,2.0,68492.48,2.0,5.0
5589818,21.0,262.0,57.0,Male,3.0,193086.02,6.0,9.0
4840427,18.0,222.0,55.0,Female,2.0,218137.83,3.0,6.0
7174639,17.0,215.0,48.5,Female,2.0,346116.05,5.0,8.0
9951296,15.0,189.0,43.5,Male,2.0,97792.02,3.0,6.0
1779464,12.0,147.0,30.5,Male,2.0,35112.32,2.0,5.0
6165948,10.0,130.0,61.5,Male,2.0,1134769.98,5.0,8.0
6738523,4.0,58.0,42.0,Unknown,2.0,37276.47,1.0,4.0
2048565,12.0,149.0,72.0,Female,2.0,58596.58,1.0,5.0
5023798,5.0,64.0,68.0,Unknown,3.0,51183.91,4.0,7.0
6368257,6.0,79.0,24.5,Unknown,3.0,55166.37,5.0,8.0
5068244,15.0,190.0,59.5,Female,2.0,143838.94,4.0,7.0
6094468,16.0,192.0,30.5,Female,2.0,67550.68,2.0,5.0
8543746,5.0,60.0,32.5,Unknown,3.0,61206.88,0.0,3.0
7956518,14.0,169.0,70.0,Male,2.0,372835.34,3.0,6.0
810930,7.0,86.0,59.5,Unknown,5.0,543723.5,5.0,8.0
9821959,14.0,168.0,49.5,Unknown,2.0,44209.36,2.0,5.0
4983457,10.0,124.0,63.0,Male,3.0,55212.96,5.0,8.0
6209041,5.0,70.0,42.0,Unknown,2.0,31221.57,6.0,9.0
88723,3.0,46.0,66.5,Female,3.0,196777.77,5.0,9.0
2777442,14.0,178.0,51.0,Male,2.0,136948.53999999998,6.0,9.0
1421689,5.0,65.0,52.5,Male,2.0,444351.67,6.0,9.0
127825,7.0,94.0,46.5,Unknown,2.0,49371.3,6.0,9.0
869577,15.0,191.0,42.0,Female,2.0,60530.26,6.0,9.0
2805354,14.0,175.0,48.5,Male,2.0,27650.58,1.0,4.0
5418315,8.0,104.0,47.0,Female,2.0,25234.52,2.0,5.0
8940713,12.0,150.0,45.5,Male,2.0,69944.93,6.0,9.0
8890723,15.0,187.0,58.0,Unknown,2.0,110647.12,5.0,8.0
4658640,7.0,85.0,25.0,Unknown,2.0,33702.85,0.0,3.0
6751640,7.0,94.0,60.5,Unknown,2.0,63569.08,1.0,4.0
4361106,12.0,152.0,60.5,Male,2.0,40017.13,5.0,8.0
1631869,7.0,92.0,25.0,Unknown,2.0,46325.24,1.0,4.0
4318140,14.0,170.0,50.0,Female,2.0,71233.54000000001,2.0,5.0
4552390,12.0,155.0,49.5,Male,2.0,78111.13,0.0,3.0
6059924,5.0,71.0,61.0,Unknown,2.0,92425.13,3.0,6.0
8624993,29.0,356.0,64.0,Female,2.0,54251.51,0.0,3.0
6321074,6.0,78.0,47.0,Unknown,2.0,47381.8,2.0,6.0
5288149,19.0,230.0,50.0,Male,2.0,443447.42,6.0,9.0
8576987,8.0,97.0,28.0,Unknown,2.0,25460.13,1.0,4.0
9600414,12.0,145.0,30.0,Female,2.0,45729.03,6.0,9.0
9000762,15.0,182.0,57.5,Male,2.0,24411.48,3.0,6.0
2884298,4.0,58.0,44.5,Unknown,2.0,45561.2,6.0,9.0
2544481,23.0,284.0,69.0,Male,2.0,58523.62,2.0,5.0
9135395,23.0,277.0,58.5,Unknown,2.0,481552.73,4.0,7.0
2882250,22.0,268.0,68.5,Male,3.0,314719.7,5.0,8.0
114542,22.0,267.0,26.5,Male,2.0,35817.09,6.0,9.0
7485810,20.0,250.0,64.5,Male,3.0,1194247.66,6.0,9.0
5339816,19.0,238.0,30.0,Male,2.0,26006.41,0.0,3.0
1098615,19.0,230.0,31.0,Male,2.0,84556.72,2.0,5.0
7136705,19.0,229.0,61.5,Male,2.0,879987.2200000001,2.0,5.0
8757456,18.0,226.0,22.5,Female,3.0,50876.88,5.0,8.0
311296,18.0,218.0,68.0,Female,3.0,34243.91,2.0,5.0
2659237,5.0,71.0,43.5,Male,3.0,284972.72,2.0,5.0
6330052,17.0,214.0,56.0,Male,2.0,73951.85,4.0,7.0
2156378,5.0,70.0,27.0,Unknown,2.0,38977.62,6.0,9.0
517547,5.0,60.0,59.0,Unknown,2.0,31253.24,0.0,3.0
1046915,8.0,97.0,57.5,Male,2.0,61468.74,2.0,5.0
4577672,9.0,114.0,68.0,Male,2.0,450932.68,6.0,9.0
297511,5.0,70.0,51.5,Unknown,2.0,43543.27,0.0,3.0
1352216,8.0,104.0,45.0,Female,2.0,130115.49,6.0,9.0
9107799,20.0,245.0,28.0,Female,2.0,43719.66,6.0,9.0
4535115,23.0,285.0,62.0,Female,2.0,77303.81,1.0,6.0
7681842,4.0,54.0,44.5,Unknown,2.0,111534.12,4.0,8.0
3940326,13.0,166.0,62.5,Male,2.0,58245.09,0.0,3.0
3604951,14.0,171.0,35.0,Male,2.0,58968.38,0.0,3.0
6838834,4.0,57.0,43.5,Unknown,2.0,45770.56,0.0,3.0
9486310,12.0,151.0,58.5,Male,2.0,1861080.5,1.0,4.0
7020801,6.0,73.0,25.0,Female,2.0,41388.89,2.0,5.0
3431620,5.0,65.0,68.5,Unknown,2.0,49478.07,6.0,9.0
1543785,10.0,130.0,26.5,Male,2.0,42863.27,4.0,7.0
8549364,13.0,164.0,28.5,Female,2.0,87704.51999999999,1.0,4.0
8783704,5.0,70.0,55.0,Unknown,2.0,24996.94,1.0,4.0
3394078,13.0,156.0,21.0,Unknown,2.0,114847.7,2.0,5.0
8101023,15.0,181.0,49.5,Male,2.0,73708.4,2.0,5.0
795509,32.0,394.0,56.0,Male,2.0,234950.11,3.0,6.0
931714,6.0,74.0,63.0,Unknown,2.0,83398.07,2.0,6.0
1752366,6.0,76.0,25.0,Unknown,4.0,64715.26,6.0,9.0
1503196,18.0,226.0,58.0,Male,2.0,39420.37,2.0,5.0
3192881,7.0,94.0,30.5,Unknown,2.0,36977.99,1.0,5.0
359266,8.0,106.0,23.0,Male,2.0,55906.11,4.0,7.0
4224797,12.0,155.0,53.0,Female,2.0,76061.68,6.0,9.0
3948817,13.0,156.0,48.5,Unknown,2.0,41752.77,1.0,4.0
8386504,13.0,163.0,42.5,Female,2.0,51561.22,1.0,4.0
8885339,7.0,94.0,44.5,Male,2.0,24866.9,2.0,5.0
3514119,10.0,131.0,38.0,Male,2.0,112585.8,2.0,5.0
4636037,15.0,182.0,69.0,Unknown,2.0,66123.34,5.0,8.0
8522060,12.0,146.0,35.5,Female,3.0,38446.1,3.0,6.0
6947535,16.0,199.0,55.5,Male,2.0,28273.24,3.0,6.0
3397622,6.0,83.0,38.5,Unknown,2.0,78051.66,5.0,8.0
1476956,15.0,191.0,32.5,Female,2.0,41441.89,1.0,4.0
2076382,16.0,196.0,53.5,Male,2.0,47007.11,6.0,9.0
6393896,12.0,147.0,31.5,Female,2.0,71575.2,1.0,4.0
3789829,7.0,85.0,31.5,Unknown,3.0,70827.5,3.0,6.0
5997162,15.0,186.0,50.5,Male,2.0,293854.57,2.0,5.0
4150418,21.0,258.0,67.0,Female,3.0,1353228.92,4.0,7.0
160654,20.0,242.0,53.5,Female,2.0,75572.14,0.0,3.0
5175617,7.0,91.0,40.5,Male,2.0,41932.05,0.0,3.0
3233398,4.0,56.0,62.0,Female,2.0,173831.02999999997,3.0,6.0
5269746,7.0,88.0,34.5,Male,2.0,30304.97,0.0,3.0
1621556,13.0,166.0,69.0,Female,3.0,178922.88,6.0,9.0
9491692,22.0,274.0,63.0,Male,3.0,74448.61,1.0,4.0
9623027,21.0,262.0,19.0,Female,2.0,34105.32,4.0,8.0
340120,21.0,262.0,42.0,Female,2.0,37752.15,5.0,8.0
8444602,15.0,181.0,46.5,Male,3.0,73590.84,6.0,9.0
2256055,32.0,386.0,27.0,Female,2.0,32657.3,0.0,3.0
5092873,19.0,238.0,62.5,Male,2.0,221613.71,2.0,5.0
5276044,5.0,71.0,50.0,Unknown,2.0,34089.6,4.0,7.0
1532881,13.0,164.0,50.5,Male,2.0,675930.16,6.0,9.0
6294034,12.0,152.0,48.0,Female,4.0,212326.26,0.0,3.0
2592191,17.0,206.0,43.5,Male,4.0,504409.35,5.0,8.0
3250135,4.0,58.0,47.5,Unknown,3.0,41575.83,2.0,5.0
180142,4.0,56.0,53.5,Unknown,2.0,56365.02,2.0,5.0
7170156,12.0,154.0,58.5,Male,2.0,42740.27,3.0,6.0
4699897,9.0,113.0,49.5,Female,2.0,492282.66,4.0,7.0
5484362,23.0,277.0,58.5,Female,2.0,77802.29999999999,0.0,5.0
1863349,15.0,190.0,56.5,Male,2.0,24707.35,3.0,6.0
6651029,10.0,124.0,47.5,Male,2.0,409450.13,4.0,7.0
9489571,27.0,327.0,24.5,Male,3.0,151050.3,6.0,9.0
5061461,16.0,193.0,39.0,Male,2.0,92650.99,6.0,9.0
1989042,5.0,70.0,61.5,Unknown,3.0,54906.0,6.0,9.0
5818516,6.0,82.0,37.0,Unknown,2.0,49739.92999999999,6.0,9.0
314209,6.0,76.0,47.5,Unknown,2.0,258913.82,6.0,9.0
8103992,13.0,158.0,37.0,Male,3.0,59721.02,6.0,9.0
2237790,5.0,71.0,39.0,Unknown,2.0,42929.17999999999,3.0,6.0
9504886,11.0,141.0,26.5,Female,2.0,31973.46,3.0,6.0
8191705,6.0,76.0,28.5,Unknown,2.0,28158.36,6.0,9.0
3624461,7.0,94.0,58.5,Unknown,2.0,50197.44,0.0,3.0
2246870,13.0,163.0,53.0,Female,2.0,58469.28,6.0,9.0
3818147,9.0,111.0,25.5,Female,3.0,118629.13,6.0,9.0
9842865,15.0,181.0,47.0,Male,2.0,102723.94,2.0,5.0
4015993,6.0,77.0,30.5,Unknown,2.0,46027.83,6.0,9.0
3109965,16.0,201.0,61.5,Male,3.0,102651.12,5.0,8.0
2275598,5.0,64.0,27.0,Unknown,2.0,31427.64,5.0,8.0
100888,7.0,92.0,40.5,Unknown,2.0,224604.12,3.0,6.0
7395705,26.0,319.0,75.0,Unknown,2.0,34262.34,5.0,8.0
2528628,6.0,81.0,41.5,Unknown,3.0,42179.69,6.0,9.0
9282767,5.0,68.0,28.5,Unknown,5.0,123828.68,6.0,9.0
4548780,27.0,325.0,54.5,Female,2.0,34189.32,2.0,5.0
4308109,13.0,156.0,60.5,Female,2.0,31688.22,3.0,6.0
4999703,10.0,125.0,48.0,Male,2.0,123440.42,6.0,9.0
5546052,15.0,189.0,65.5,Male,2.0,105969.66,4.0,7.0
785135,5.0,60.0,51.5,Unknown,2.0,25003.74,1.0,4.0
2786535,8.0,105.0,58.5,Female,2.0,29125.13,1.0,4.0
7434001,6.0,74.0,50.0,Unknown,2.0,31782.89,3.0,6.0
3250123,15.0,190.0,66.5,Female,2.0,100964.02,6.0,9.0
9239505,6.0,74.0,44.5,Female,2.0,47413.99,5.0,8.0
4633166,12.0,148.0,60.0,Female,2.0,509847.1,6.0,9.0
4277313,4.0,59.0,26.5,Unknown,2.0,39644.61,6.0,9.0
1988797,12.0,147.0,68.0,Female,2.0,143589.58000000002,0.0,3.0
6785480,12.0,154.0,57.0,Female,2.0,132595.19,6.0,9.0
9869697,16.0,197.0,18.0,Unknown,2.0,25668.41,6.0,9.0
6655084,24.0,298.0,42.5,Male,3.0,52355.56,3.0,6.0
8492564,24.0,290.0,67.0,Male,2.0,58916.32,6.0,9.0
8482048,23.0,280.0,63.5,Female,2.0,48948.71,6.0,9.0
1246287,20.0,241.0,74.5,Male,3.0,73335.79999999999,5.0,8.0
9570137,18.0,219.0,40.0,Female,2.0,100936.57,0.0,3.0
5109760,17.0,209.0,62.0,Male,3.0,1574700.2999999998,3.0,6.0
908893,19.0,230.0,62.0,Male,2.0,383130.4,0.0,3.0
3017094,6.0,72.0,43.5,Unknown,2.0,93747.52,3.0,6.0
6247321,14.0,169.0,25.0,Female,2.0,59610.09,0.0,3.0
2560592,14.0,178.0,65.0,Female,2.0,39845.25,6.0,9.0
3572,15.0,189.0,54.5,Male,2.0,84673.58,0.0,3.0
4840318,4.0,58.0,58.5,Unknown,2.0,335886.4,2.0,5.0
1286989,4.0,57.0,42.5,Unknown,2.0,35871.63,2.0,5.0
8245264,13.0,156.0,65.5,Female,2.0,464842.02,6.0,9.0
1192082,11.0,138.0,28.5,Female,2.0,109093.79,6.0,9.0
4724956,5.0,71.0,37.5,Unknown,2.0,29971.09,1.0,4.0
6569413,5.0,61.0,37.0,Unknown,2.0,105829.09,1.0,4.0
8548975,7.0,88.0,62.5,Unknown,2.0,67736.41,2.0,5.0
5713256,15.0,189.0,37.5,Female,2.0,30195.47,6.0,9.0
2951968,5.0,71.0,26.0,Unknown,2.0,81593.0,6.0,9.0
2339127,14.0,170.0,45.0,Male,2.0,727960.03,6.0,9.0
8533714,5.0,71.0,27.5,Unknown,4.0,89784.06,6.0,9.0
5073934,10.0,123.0,22.0,Female,2.0,34684.69,2.0,5.0
5395227,7.0,93.0,32.5,Unknown,2.0,23789.44,0.0,3.0
6926552,5.0,67.0,24.0,Unknown,2.0,28887.88,2.0,5.0
5134688,6.0,72.0,35.5,Unknown,2.0,64005.49,1.0,4.0
3845443,6.0,80.0,59.0,Unknown,2.0,45075.85,3.0,6.0
6730712,24.0,293.0,54.0,Male,2.0,698195.41,6.0,9.0
4246419,7.0,86.0,35.5,Unknown,2.0,69662.03,3.0,6.0
7818968,10.0,122.0,49.5,Male,2.0,58189.94,5.0,8.0
7082132,9.0,119.0,39.0,Male,2.0,152128.24,0.0,3.0
4829813,14.0,176.0,41.0,Female,2.0,78792.5,1.0,4.0
7431054,9.0,117.0,42.0,Female,2.0,36461.97,0.0,3.0
8233638,14.0,168.0,66.0,Female,2.0,47038.31,2.0,5.0
6610231,4.0,58.0,35.0,Unknown,2.0,96541.97,6.0,9.0
1917368,25.0,311.0,88.0,Male,2.0,472362.12,0.0,3.0
5830544,11.0,138.0,52.5,Female,2.0,34731.31,2.0,5.0
8847941,8.0,106.0,42.5,Male,2.0,81098.09,0.0,3.0
2002054,10.0,121.0,31.5,Female,2.0,35987.63,6.0,9.0
9114930,7.0,94.0,39.5,Unknown,2.0,33013.69,0.0,3.0
1701038,4.0,59.0,49.0,Unknown,2.0,46892.31,1.0,4.0
7708829,8.0,99.0,54.5,Unknown,2.0,74872.97,0.0,3.0
4028896,6.0,73.0,53.5,Unknown,3.0,96725.28,5.0,8.0
20898,4.0,58.0,27.0,Unknown,2.0,44859.81,3.0,6.0
1919955,5.0,68.0,56.0,Unknown,2.0,57677.59,0.0,3.0
2743993,5.0,68.0,49.0,Unknown,2.0,69241.95,6.0,9.0
9046715,14.0,179.0,43.0,Male,2.0,50288.82,4.0,7.0
4209572,14.0,178.0,57.0,Male,3.0,817773.68,6.0,9.0
9382277,16.0,202.0,42.0,Male,2.0,28390.29,0.0,3.0
517707,6.0,78.0,57.0,Unknown,2.0,69354.2,2.0,5.0
6788229,24.0,293.0,71.0,Male,2.0,41045.26,0.0,3.0
7554368,22.0,270.0,55.5,Male,2.0,74507.65,6.0,9.0
2660839,22.0,270.0,47.0,Female,2.0,28692.92,1.0,4.0
2656602,22.0,266.0,60.0,Female,2.0,226605.06,1.0,4.0
4481563,22.0,265.0,60.0,Male,3.0,73624.72,6.0,9.0
4531392,21.0,255.0,20.0,Male,3.0,31215.12,2.0,5.0
1376476,21.0,252.0,49.0,Female,3.0,84609.63,3.0,6.0
4495887,17.0,212.0,65.5,Male,3.0,220425.96,5.0,9.0
8009380,16.0,202.0,35.5,Female,3.0,110191.02,6.0,9.0
1899154,6.0,74.0,27.0,Unknown,2.0,65169.42,4.0,7.0
8939988,14.0,178.0,61.5,Male,3.0,352394.82,5.0,8.0
898960,11.0,137.0,55.5,Male,2.0,329683.21,6.0,9.0
7507544,5.0,67.0,41.5,Male,2.0,276795.81,0.0,3.0
6551109,5.0,70.0,61.5,Unknown,2.0,63743.59,6.0,9.0
8672996,4.0,58.0,57.0,Unknown,2.0,45631.78999999999,3.0,6.0
7351468,6.0,72.0,46.0,Male,2.0,42877.42999999999,0.0,3.0
889260,7.0,94.0,37.5,Unknown,3.0,82061.26,1.0,4.0
8550901,15.0,187.0,43.5,Male,2.0,474162.66,6.0,9.0
831738,8.0,106.0,41.5,Male,2.0,40094.1,3.0,6.0
2606925,17.0,209.0,64.0,Female,2.0,74720.32,3.0,6.0
3189956,4.0,59.0,28.0,Unknown,2.0,25707.94,0.0,3.0
3306820,6.0,76.0,34.0,Unknown,2.0,30642.84,0.0,3.0
9227906,12.0,155.0,33.5,Male,2.0,44273.67,6.0,9.0
4895382,14.0,168.0,31.5,Male,2.0,289155.54,4.0,7.0
7747447,5.0,71.0,29.5,Unknown,2.0,29115.22,5.0,8.0
6564909,4.0,58.0,55.0,Unknown,2.0,65362.74,6.0,9.0
4325889,8.0,103.0,88.5,Female,2.0,419202.83,2.0,5.0
2335870,14.0,168.0,72.5,Female,2.0,45863.73,0.0,3.0
1448725,13.0,156.0,27.5,Female,2.0,51881.51,6.0,9.0
5823627,12.0,146.0,30.0,Male,2.0,25699.96,0.0,3.0
3045158,34.0,419.0,60.5,Male,3.0,620316.9700000001,6.0,9.0
3212145,6.0,73.0,43.0,Unknown,2.0,93065.46,5.0,8.0
7157738,10.0,126.0,59.0,Female,2.0,91179.15,6.0,9.0
8150031,4.0,56.0,24.5,Unknown,2.0,34126.259999999995,6.0,9.0
5906907,2.0,34.0,22.0,Unknown,3.0,43786.95,1.0,4.0
6191242,15.0,180.0,53.5,Female,2.0,70006.76,1.0,4.0
2637045,6.0,73.0,58.0,Unknown,2.0,232071.36,0.0,3.0
8492366,22.0,268.0,61.5,Female,3.0,414416.95,5.0,8.0
6648952,6.0,82.0,38.5,Unknown,2.0,35899.57,1.0,4.0
4288814,12.0,152.0,57.0,Female,2.0,40127.22,3.0,6.0
3651623,6.0,83.0,65.0,Unknown,2.0,35517.54,5.0,8.0
8511576,12.0,147.0,36.0,Female,2.0,52639.03,6.0,9.0
5457087,4.0,57.0,38.0,Female,3.0,49576.99,6.0,9.0
3449388,9.0,111.0,63.5,Female,2.0,162734.01,5.0,8.0
1977311,15.0,189.0,76.0,Female,2.0,359532.75,0.0,4.0
1851161,15.0,189.0,65.0,Female,2.0,46668.1,2.0,5.0
1567246,13.0,166.0,30.0,Male,3.0,119294.83,1.0,4.0
683558,4.0,58.0,26.0,Unknown,2.0,31228.18,3.0,6.0
9882516,4.0,56.0,53.5,Female,2.0,237505.63,6.0,9.0
5863395,9.0,119.0,56.0,Female,2.0,29568.98,0.0,3.0
3634423,24.0,296.0,55.5,Female,4.0,481087.82,2.0,5.0
1724424,24.0,290.0,58.0,Male,2.0,47474.95,2.0,5.0
670680,23.0,283.0,57.5,Male,3.0,34282.55,4.0,7.0
1354950,22.0,273.0,49.0,Male,2.0,257187.54,5.0,8.0
421223,22.0,265.0,46.0,Female,3.0,91559.29,6.0,9.0
863704,22.0,264.0,53.0,Unknown,2.0,333201.12,3.0,6.0
1325678,21.0,253.0,77.5,Male,3.0,1497953.3199999998,6.0,9.0
7769344,18.0,226.0,65.5,Female,2.0,27101.71,6.0,9.0
591597,18.0,217.0,74.5,Male,3.0,119633.31,6.0,9.0
557311,16.0,200.0,66.5,Male,2.0,101618.37,6.0,9.0
5545428,6.0,76.0,22.5,Unknown,2.0,40257.92,4.0,7.0
3440836,6.0,73.0,31.0,Unknown,2.0,62185.13,3.0,6.0
4027459,13.0,158.0,59.5,Male,2.0,114282.31,1.0,4.0
6598485,13.0,167.0,59.0,Male,2.0,139973.75,6.0,9.0
383141,34.0,411.0,57.5,Female,3.0,312161.94,0.0,5.0
5395498,14.0,175.0,36.5,Female,2.0,112101.93,5.0,8.0
4422650,16.0,197.0,48.0,Female,2.0,69937.35,1.0,4.0
6909361,33.0,407.0,66.5,Female,3.0,278082.86,5.0,8.0
9728696,10.0,122.0,54.0,Male,2.0,780581.04,0.0,3.0
1949624,5.0,71.0,48.0,Unknown,2.0,43539.16,6.0,9.0
7976343,15.0,181.0,33.0,Male,2.0,61761.56,1.0,4.0
5620972,4.0,59.0,23.5,Unknown,2.0,26630.77,6.0,9.0
7550662,4.0,58.0,24.0,Unknown,2.0,27446.24,0.0,3.0
6188944,16.0,195.0,66.0,Male,2.0,143517.08000000002,6.0,9.0
4711787,13.0,166.0,50.0,Male,2.0,78844.25,5.0,8.0
5001615,15.0,190.0,44.0,Female,2.0,46665.23,3.0,6.0
2342766,15.0,183.0,63.5,Female,2.0,38319.57,0.0,3.0
4423720,6.0,81.0,32.5,Unknown,2.0,29726.66,1.0,4.0
2391912,5.0,68.0,55.0,Unknown,2.0,47595.76,4.0,7.0
9493338,4.0,58.0,58.0,Unknown,2.0,24869.62,4.0,7.0
8982741,33.0,406.0,80.5,Female,4.0,193841.5,3.0,6.0
9163772,6.0,79.0,62.5,Unknown,2.0,51177.77,6.0,9.0
9059192,15.0,181.0,56.5,Male,3.0,623054.27,3.0,6.0
3751049,5.0,68.0,28.0,Unknown,2.0,31050.95,5.0,8.0
8612264,24.0,299.0,63.5,Male,2.0,54522.13,0.0,3.0
5640846,15.0,181.0,54.5,Female,2.0,125049.17,0.0,3.0
4011125,24.0,294.0,69.0,Male,2.0,524175.14,3.0,6.0
8235834,11.0,133.0,33.5,Female,2.0,59976.48,4.0,7.0
4740742,7.0,94.0,77.5,Unknown,2.0,123228.06,0.0,3.0
3553394,35.0,430.0,60.0,Male,2.0,618693.3400000001,6.0,9.0
6095222,23.0,277.0,60.5,Male,3.0,867495.2200000001,3.0,6.0
3161390,21.0,263.0,48.5,Male,3.0,531821.9500000001,3.0,6.0
4046775,21.0,260.0,55.5,Male,2.0,48188.85,2.0,5.0
2577355,21.0,256.0,26.0,Male,3.0,51640.97,5.0,8.0
8652897,8.0,107.0,56.5,Male,2.0,31767.16,3.0,6.0
484134,16.0,201.0,58.0,Male,2.0,44388.37,4.0,7.0
2191017,10.0,125.0,77.0,Female,2.0,104686.89,0.0,3.0
2650979,24.0,295.0,26.0,Female,2.0,49481.88,6.0,9.0
450752,19.0,234.0,62.5,Male,2.0,394276.61,6.0,9.0
1763424,8.0,96.0,71.0,Unknown,2.0,590130.5,3.0,6.0
5369787,6.0,80.0,65.5,Unknown,2.0,405071.87,0.0,3.0
4086613,6.0,81.0,58.5,Unknown,2.0,224085.47,6.0,9.0
785447,6.0,81.0,69.0,Male,3.0,267109.41,1.0,4.0
4926147,6.0,72.0,25.0,Unknown,2.0,37345.94,4.0,7.0
2369775,5.0,66.0,27.5,Unknown,2.0,29898.16,2.0,5.0
2124322,7.0,85.0,27.0,Unknown,2.0,34606.34,4.0,7.0
2962019,15.0,180.0,39.5,Female,2.0,25604.88,0.0,3.0
6395301,7.0,84.0,36.5,Unknown,2.0,50552.56,5.0,8.0
5504559,11.0,143.0,42.5,Male,2.0,57364.52,1.0,4.0
5765093,6.0,73.0,27.5,Unknown,2.0,54356.26,6.0,9.0
6684040,3.0,47.0,42.5,Unknown,2.0,72950.39,2.0,5.0
1835129,14.0,174.0,30.5,Male,2.0,37629.88,1.0,4.0
6923519,4.0,56.0,31.5,Unknown,4.0,527754.36,4.0,7.0
4674528,15.0,188.0,39.0,Unknown,2.0,228279.53,2.0,5.0
1344028,4.0,59.0,27.5,Female,2.0,30897.01,0.0,3.0
5152356,14.0,178.0,33.5,Male,2.0,66143.37,6.0,9.0
5380872,4.0,58.0,19.0,Unknown,2.0,26901.69,2.0,5.0
3141263,5.0,63.0,55.0,Unknown,2.0,238256.57,0.0,3.0
3355848,8.0,99.0,54.5,Unknown,2.0,72215.86,0.0,3.0
7632776,16.0,192.0,42.5,Male,2.0,33051.73,6.0,9.0
9761555,6.0,75.0,60.0,Female,2.0,99148.59,6.0,9.0
1974610,20.0,246.0,21.5,Female,3.0,56721.84,4.0,7.0
1338852,27.0,335.0,37.0,Female,2.0,113312.32,6.0,9.0
9970398,9.0,114.0,64.0,Female,2.0,27312.1,1.0,4.0
4514754,19.0,238.0,46.0,Male,2.0,80170.36,2.0,5.0
6276310,15.0,190.0,60.0,Male,2.0,41726.96,2.0,5.0
9306176,7.0,95.0,28.0,Unknown,2.0,57130.58,5.0,8.0
704777,4.0,58.0,32.5,Unknown,2.0,41537.42999999999,1.0,4.0
6335806,16.0,198.0,67.5,Female,3.0,185716.98,3.0,6.0
2758215,9.0,116.0,30.5,Male,2.0,27776.73,2.0,5.0
7177492,13.0,158.0,42.5,Male,2.0,65271.62,1.0,4.0
4881930,14.0,175.0,77.5,Female,2.0,51659.67999999999,2.0,5.0
1101382,21.0,261.0,32.0,Male,3.0,87362.59,6.0,9.0
7954714,15.0,180.0,46.0,Female,2.0,50837.96,1.0,4.0
8099259,6.0,77.0,60.0,Unknown,2.0,47280.58,0.0,3.0
6883743,3.0,47.0,48.5,Male,2.0,49426.74,1.0,4.0
2634487,6.0,74.0,31.0,Unknown,2.0,56496.98,1.0,4.0
3206768,14.0,171.0,66.5,Male,3.0,151947.97999999998,3.0,6.0
178493,16.0,193.0,62.5,Female,2.0,53574.67999999999,6.0,9.0
716144,10.0,130.0,67.5,Male,2.0,185246.6,2.0,5.0
1702090,10.0,123.0,45.0,Male,3.0,80668.56,6.0,9.0
2751460,23.0,286.0,80.0,Female,3.0,200480.05,4.0,7.0
1109236,24.0,288.0,53.5,Male,4.0,540573.53,1.0,4.0
7477079,23.0,279.0,76.5,Male,2.0,118381.49,6.0,9.0
7996731,23.0,277.0,29.5,Male,2.0,39697.75,1.0,4.0
259228,21.0,253.0,46.5,Female,3.0,447757.63,0.0,3.0
3593571,20.0,250.0,26.5,Female,2.0,26335.39,3.0,6.0
796524,20.0,246.0,50.0,Female,3.0,558066.7100000001,4.0,7.0
3881605,22.0,270.0,73.0,Female,2.0,169745.27000000002,6.0,9.0
64964,28.0,343.0,64.5,Female,2.0,309748.62,0.0,3.0
4473962,4.0,59.0,63.5,Unknown,2.0,54852.71,4.0,7.0
1919322,4.0,58.0,21.5,Female,2.0,39883.96,1.0,4.0
6891129,34.0,409.0,57.5,Female,3.0,209324.57,5.0,8.0
3510869,6.0,76.0,43.0,Unknown,2.0,134500.52000000002,1.0,4.0
2707834,8.0,103.0,23.0,Unknown,2.0,43429.01,0.0,3.0
119006,6.0,75.0,25.0,Unknown,2.0,36554.67,1.0,5.0
1338332,12.0,154.0,55.0,Female,2.0,39985.1,3.0,6.0
2188746,10.0,121.0,28.5,Male,2.0,36665.81,5.0,8.0
718700,10.0,131.0,55.5,Male,2.0,56098.23,6.0,9.0
6215911,15.0,189.0,54.0,Female,3.0,408124.91,3.0,6.0
2586690,12.0,150.0,24.5,Male,2.0,39064.9,1.0,4.0
7909219,11.0,133.0,52.5,Female,2.0,72623.36,0.0,3.0
3092850,8.0,98.0,26.0,Unknown,2.0,36372.67,1.0,4.0
4853359,5.0,61.0,33.0,Unknown,3.0,63966.93,1.0,4.0
2788940,5.0,60.0,57.0,Unknown,2.0,55527.37,3.0,6.0
597136,13.0,166.0,57.5,Female,2.0,93105.4,4.0,7.0
58917,14.0,170.0,73.0,Male,2.0,135903.59,4.0,7.0
6111738,15.0,180.0,36.0,Female,2.0,57976.45,2.0,5.0
8294857,7.0,94.0,42.0,Unknown,2.0,65945.84,6.0,9.0
9328726,6.0,82.0,27.0,Male,3.0,56128.62,6.0,9.0
937991,4.0,58.0,31.0,Unknown,2.0,37661.91,0.0,3.0
2797397,6.0,80.0,59.0,Unknown,2.0,277156.01,3.0,6.0
5274015,5.0,68.0,28.0,Unknown,2.0,156465.45,6.0,9.0
750370,38.0,464.0,61.0,Female,4.0,184845.54,3.0,6.0
1806140,15.0,183.0,30.0,Female,2.0,31747.56,0.0,4.0
7767378,13.0,160.0,33.5,Female,3.0,123737.57,4.0,7.0
9820512,5.0,71.0,24.0,Unknown,2.0,45407.14,2.0,5.0
4795586,9.0,119.0,68.0,Female,2.0,53465.59,1.0,4.0
8826016,3.0,46.0,30.5,Unknown,2.0,42893.01,6.0,9.0
9388615,10.0,129.0,66.0,Female,2.0,74033.04999999999,3.0,6.0
5751088,3.0,42.0,51.5,Male,2.0,72005.57,0.0,3.0
947529,7.0,95.0,34.5,Female,3.0,48245.67999999999,3.0,6.0
9092998,5.0,66.0,53.0,Female,2.0,269921.42,0.0,3.0
1404893,12.0,145.0,36.0,Female,3.0,115973.16,6.0,9.0
9944190,13.0,156.0,34.5,Female,2.0,54703.53,0.0,3.0
350165,9.0,112.0,33.0,Unknown,2.0,71362.64,0.0,3.0
3646922,4.0,58.0,47.5,Unknown,2.0,34033.7,1.0,4.0
7650516,9.0,119.0,41.0,Male,2.0,45285.14,6.0,9.0
9246780,15.0,190.0,41.5,Female,2.0,32248.68,0.0,3.0
7594059,12.0,146.0,27.0,Male,3.0,61395.23,6.0,9.0
8308042,11.0,133.0,32.0,Male,2.0,701951.65,6.0,9.0
6554362,13.0,160.0,33.0,Female,2.0,52602.98,6.0,9.0
6759484,19.0,236.0,33.0,Male,2.0,121465.05,5.0,8.0
9602386,5.0,68.0,23.5,Unknown,3.0,37188.34,6.0,9.0
6452935,8.0,98.0,57.5,Male,2.0,339991.7,0.0,3.0
6330488,7.0,92.0,28.0,Unknown,3.0,43737.78,2.0,5.0
5544875,24.0,295.0,49.5,Male,2.0,121154.75,6.0,9.0
5317278,23.0,287.0,69.5,Male,3.0,346406.18,6.0,9.0
6056366,22.0,274.0,46.5,Female,2.0,68650.29999999999,0.0,3.0
3992683,22.0,270.0,43.5,Female,3.0,413416.0,2.0,5.0
7003089,23.0,280.0,75.0,Male,3.0,83741.29999999999,1.0,5.0
4135603,21.0,263.0,65.0,Female,3.0,218626.69,0.0,3.0
3754373,20.0,246.0,42.0,Female,3.0,174630.40000000002,2.0,5.0
2866503,18.0,224.0,64.5,Male,3.0,605715.62,1.0,4.0
2574803,7.0,84.0,58.0,Unknown,2.0,197253.43,5.0,8.0
1061543,6.0,73.0,65.0,Unknown,2.0,37209.5,5.0,8.0
8742449,14.0,169.0,32.0,Male,2.0,81715.23,4.0,7.0
6842977,4.0,58.0,52.0,Unknown,2.0,42267.71,5.0,8.0
9151407,7.0,89.0,55.0,Unknown,2.0,591951.04,6.0,9.0
5450661,9.0,118.0,51.0,Female,2.0,72303.5,0.0,3.0
77071,5.0,69.0,46.5,Unknown,2.0,35284.29,1.0,4.0
3331643,19.0,231.0,39.5,Male,2.0,77582.18,6.0,9.0
4776021,6.0,72.0,27.5,Unknown,2.0,58997.31,1.0,4.0
6051158,6.0,79.0,79.0,Female,2.0,135113.34999999998,4.0,7.0
9965963,6.0,82.0,31.5,Unknown,3.0,94982.52,6.0,9.0
8535461,11.0,135.0,88.0,Female,2.0,77166.16,4.0,7.0
7751717,10.0,121.0,25.5,Male,2.0,54637.83,0.0,3.0
605076,5.0,65.0,28.0,Unknown,2.0,48045.95,3.0,6.0
1266731,26.0,314.0,58.5,Male,2.0,370955.74,2.0,5.0
7205145,16.0,193.0,74.0,Male,2.0,197538.42,1.0,4.0
1674824,4.0,59.0,22.5,Unknown,2.0,35491.35,6.0,9.0
4399785,5.0,67.0,35.5,Unknown,2.0,57979.57,1.0,4.0
6516140,5.0,66.0,17.5,Unknown,2.0,74939.63,6.0,9.0
6683529,15.0,189.0,55.5,Male,2.0,25085.51,2.0,5.0
7267330,6.0,75.0,30.0,Unknown,2.0,37530.14,5.0,8.0
7232983,4.0,51.0,22.5,Unknown,3.0,56071.27,2.0,5.0
9632177,15.0,190.0,54.0,Unknown,3.0,361107.72,6.0,9.0
1227277,14.0,176.0,30.5,Female,2.0,27613.26,3.0,6.0
3004927,20.0,241.0,26.0,Male,2.0,80927.33,6.0,9.0
7576316,14.0,176.0,73.5,Female,2.0,118186.95,2.0,5.0
148850,4.0,57.0,32.0,Male,3.0,119219.67,3.0,6.0
608061,6.0,81.0,73.0,Unknown,2.0,61489.1,2.0,5.0
3897297,27.0,326.0,59.5,Male,2.0,218923.9,6.0,9.0
2332019,5.0,66.0,65.0,Unknown,4.0,171687.56,6.0,9.0
9860478,27.0,329.0,63.0,Male,2.0,136737.69,2.0,5.0
4927272,16.0,197.0,62.0,Female,2.0,105558.54,0.0,3.0
1723024,15.0,181.0,41.5,Male,2.0,141158.28,0.0,3.0
3361320,17.0,205.0,59.0,Male,2.0,734381.92,6.0,9.0
544420,12.0,146.0,30.5,Female,2.0,57091.04,6.0,9.0
8165113,27.0,333.0,39.5,Male,2.0,42675.87,0.0,3.0
4071532,13.0,163.0,65.5,Male,3.0,44071.13,0.0,3.0
7123695,7.0,86.0,25.0,Unknown,3.0,83825.7,5.0,8.0
7313456,14.0,168.0,43.5,Male,2.0,59981.04,0.0,3.0
1120421,23.0,277.0,74.5,Female,2.0,55800.94,1.0,4.0
2576852,20.0,249.0,40.5,Male,4.0,200382.17,6.0,9.0
3640838,21.0,256.0,71.5,Unknown,2.0,358230.36,3.0,6.0
5896427,18.0,218.0,19.0,Female,2.0,44138.05,0.0,3.0
2435985,15.0,184.0,62.0,Male,2.0,43105.17,6.0,9.0
669111,5.0,68.0,44.0,Female,2.0,52581.69,4.0,7.0
3064392,5.0,70.0,40.0,Unknown,2.0,59292.11,0.0,3.0
286117,14.0,178.0,64.0,Male,2.0,34608.59,2.0,5.0
2715671,13.0,159.0,51.0,Female,4.0,197317.53,2.0,5.0
5233962,13.0,156.0,67.5,Male,2.0,356628.91,1.0,4.0
2533218,12.0,147.0,29.5,Male,2.0,94140.95,3.0,6.0
9939253,10.0,121.0,65.5,Male,2.0,456385.6,2.0,5.0
969338,7.0,94.0,51.0,Unknown,2.0,33935.18,1.0,4.0
2437813,12.0,152.0,41.5,Female,3.0,128571.24,3.0,6.0
5291423,6.0,83.0,28.5,Unknown,2.0,27061.57,0.0,3.0
2906578,5.0,64.0,28.5,Female,2.0,50462.22,5.0,8.0
1324064,6.0,81.0,57.5,Unknown,2.0,59401.75,1.0,4.0
9243681,6.0,73.0,54.5,Female,2.0,138108.06,0.0,3.0
8841408,10.0,129.0,26.5,Female,2.0,26201.52,1.0,4.0
7924466,6.0,75.0,36.5,Unknown,2.0,31657.41,3.0,6.0
9029171,18.0,223.0,41.5,Female,2.0,38168.39,6.0,9.0
72388,5.0,70.0,54.0,Unknown,2.0,35943.57,1.0,4.0
5545133,6.0,82.0,51.5,Unknown,3.0,426363.31,5.0,8.0
511272,6.0,73.0,63.5,Unknown,2.0,126200.06,3.0,6.0
3543667,5.0,60.0,78.5,Unknown,2.0,78375.87,5.0,8.0
7525715,6.0,77.0,66.5,Unknown,2.0,113985.95,3.0,6.0
2104456,5.0,70.0,40.5,Unknown,3.0,49842.95,6.0,9.0
5473913,3.0,42.0,73.5,Unknown,3.0,175760.09999999998,6.0,9.0
6980355,10.0,121.0,35.5,Male,2.0,69695.34,6.0,9.0
3109397,27.0,334.0,63.5,Male,2.0,124957.64,1.0,4.0
8034861,12.0,151.0,73.5,Female,2.0,26619.2,2.0,5.0
5877689,5.0,70.0,63.0,Female,2.0,148103.66999999998,2.0,6.0
6601330,7.0,90.0,56.5,Unknown,2.0,36403.68,4.0,7.0
1318165,5.0,60.0,86.0,Unknown,2.0,71842.95999999999,1.0,4.0
6837412,5.0,70.0,63.5,Unknown,2.0,95749.05,1.0,4.0
9286722,6.0,72.0,20.0,Unknown,2.0,34988.6,2.0,5.0
7322359,13.0,167.0,64.0,Female,2.0,32476.24,2.0,5.0
9166062,20.0,243.0,55.5,Male,2.0,94207.83,4.0,7.0
1096936,22.0,275.0,66.5,Female,2.0,48619.08,3.0,6.0
2740441,22.0,270.0,42.0,Female,2.0,177030.37,2.0,5.0
4899808,21.0,257.0,47.0,Unknown,2.0,63301.27,6.0,9.0
3275853,21.0,252.0,22.0,Female,2.0,45799.62,0.0,3.0
71296,30.0,371.0,72.5,Female,3.0,122614.26,3.0,6.0
796031,15.0,182.0,65.0,Female,2.0,333542.79,6.0,9.0
4222194,9.0,112.0,21.0,Female,4.0,53009.07,6.0,9.0
5470143,6.0,78.0,23.0,Unknown,3.0,135291.75,4.0,7.0
6054693,29.0,358.0,49.5,Female,2.0,198802.6,3.0,6.0
1256759,15.0,190.0,53.5,Female,2.0,104165.07,1.0,4.0
3084989,6.0,83.0,26.5,Unknown,2.0,76095.57,2.0,5.0
6795686,7.0,90.0,66.0,Unknown,2.0,100410.83,1.0,4.0
6341510,4.0,56.0,64.0,Female,2.0,30131.7,2.0,5.0
4245137,4.0,56.0,30.0,Unknown,2.0,33396.07,1.0,4.0
9941169,5.0,60.0,21.0,Unknown,2.0,63509.99,2.0,5.0
6472960,4.0,56.0,27.5,Unknown,3.0,89364.27,6.0,9.0
8253718,11.0,136.0,66.0,Male,2.0,264287.32,6.0,9.0
8753284,13.0,161.0,41.0,Male,2.0,42174.84,0.0,3.0
7991318,13.0,167.0,58.0,Female,2.0,71463.0,4.0,7.0
1987491,15.0,189.0,72.0,Female,2.0,46911.27,3.0,6.0
5545517,12.0,146.0,31.0,Male,2.0,44731.91,2.0,5.0
9615064,7.0,87.0,41.0,Unknown,2.0,36626.3,3.0,6.0
1611504,11.0,138.0,23.5,Male,2.0,49603.06,2.0,5.0
4928062,13.0,166.0,64.0,Female,2.0,48602.98,0.0,3.0
6551602,6.0,76.0,25.5,Unknown,3.0,71057.07,6.0,9.0
5485000,4.0,59.0,29.5,Unknown,2.0,30848.09,2.0,5.0
6216106,6.0,72.0,62.5,Unknown,2.0,220453.89,1.0,4.0
7163306,14.0,178.0,63.5,Female,2.0,81252.66,0.0,5.0
9424931,5.0,71.0,24.0,Unknown,2.0,30796.83,0.0,3.0
7223732,5.0,60.0,66.5,Unknown,2.0,35409.56,3.0,6.0
4336858,6.0,75.0,33.0,Unknown,3.0,248719.01,3.0,6.0
5105149,21.0,258.0,27.5,Female,2.0,25712.16,0.0,3.0
6776360,4.0,59.0,61.5,Unknown,2.0,587422.52,1.0,4.0
9173795,13.0,160.0,37.5,Male,2.0,298969.12,3.0,6.0
5299415,11.0,136.0,25.5,Unknown,2.0,101916.6,3.0,6.0
4159731,6.0,82.0,24.5,Unknown,2.0,32718.2,3.0,6.0
7102674,8.0,96.0,31.5,Unknown,2.0,32071.37,6.0,9.0
3667191,11.0,140.0,44.5,Female,3.0,282886.28,2.0,5.0
805150,7.0,87.0,51.5,Unknown,3.0,673410.87,6.0,9.0
8274363,8.0,106.0,53.0,Female,2.0,83657.63,1.0,4.0
1976107,15.0,181.0,45.5,Female,2.0,31549.14,2.0,5.0
7770838,11.0,139.0,76.0,Male,2.0,23810.85,0.0,3.0
1052179,10.0,129.0,40.5,Male,2.0,122925.89,0.0,3.0
3876347,27.0,333.0,68.5,Female,2.0,112801.12,4.0,7.0
3199354,8.0,105.0,30.5,Female,2.0,44228.78999999999,6.0,9.0
8901859,16.0,197.0,49.5,Male,4.0,40147.71,3.0,6.0
7736447,16.0,201.0,59.0,Female,2.0,120999.99,3.0,6.0
5076208,8.0,98.0,71.0,Unknown,2.0,221368.34000000003,3.0,6.0
2515588,27.0,325.0,61.5,Male,4.0,594467.7200000001,0.0,3.0
6258296,24.0,289.0,49.5,Female,3.0,91659.48,1.0,4.0
5390890,24.0,289.0,56.5,Female,3.0,36218.67,6.0,9.0
5904217,23.0,281.0,47.5,Unknown,3.0,136218.26,1.0,4.0
9379303,21.0,253.0,57.5,Male,2.0,41677.67999999999,2.0,5.0
8796890,20.0,248.0,58.5,Male,2.0,47200.86,1.0,4.0
4882812,19.0,236.0,35.0,Unknown,2.0,54113.78,5.0,8.0
3635906,16.0,202.0,49.5,Female,2.0,56437.6,2.0,5.0
1175845,16.0,195.0,40.5,Female,2.0,89939.81999999999,4.0,7.0
6564341,6.0,76.0,62.5,Unknown,2.0,69668.89,5.0,8.0
3541892,10.0,122.0,57.0,Female,2.0,67810.35,0.0,3.0
6776358,11.0,142.0,70.0,Male,2.0,29635.22,4.0,7.0
9250170,5.0,66.0,24.0,Unknown,2.0,41396.6,0.0,3.0
8677207,33.0,401.0,73.5,Female,2.0,193580.09000000003,6.0,9.0
1506608,7.0,87.0,70.5,Unknown,2.0,62744.57,5.0,8.0
8046380,16.0,199.0,72.5,Female,2.0,98763.23,2.0,5.0
3334875,12.0,153.0,63.0,Female,2.0,41981.5,6.0,9.0
3069269,15.0,190.0,31.5,Male,2.0,115004.11,6.0,9.0
1638971,10.0,130.0,65.0,Female,2.0,65648.53,5.0,8.0
5971632,11.0,142.0,68.0,Male,2.0,175802.27000000002,5.0,8.0
8455732,10.0,121.0,55.0,Female,2.0,220025.55,6.0,9.0
9956593,15.0,190.0,61.5,Female,3.0,26576.08,5.0,8.0
3422908,11.0,134.0,41.5,Unknown,3.0,24231.5,0.0,3.0
5114008,4.0,57.0,17.5,Unknown,2.0,30585.96,1.0,4.0
9294027,5.0,70.0,61.5,Unknown,2.0,30407.19,1.0,4.0
2000326,5.0,71.0,23.5,Unknown,2.0,95070.17,6.0,9.0
9149605,8.0,98.0,29.0,Male,2.0,31580.77,6.0,9.0
6670049,10.0,130.0,23.5,Female,3.0,73034.61,2.0,5.0
738215,27.0,324.0,71.0,Female,3.0,593464.03,4.0,7.0
7229160,7.0,89.0,56.5,Unknown,2.0,128439.18,3.0,6.0
5575801,7.0,86.0,55.0,Female,2.0,139804.91999999998,2.0,5.0
3649658,26.0,314.0,60.5,Male,3.0,85502.84,6.0,9.0
9522528,16.0,192.0,39.5,Male,3.0,95056.78,2.0,5.0
6069792,16.0,194.0,58.0,Male,2.0,481808.64,1.0,4.0
4701664,10.0,129.0,76.5,Male,3.0,1242495.2,5.0,9.0
2672446,4.0,56.0,32.0,Female,2.0,43441.28999999999,1.0,4.0
8587126,23.0,285.0,26.5,Female,2.0,39125.47,0.0,3.0
9552811,27.0,330.0,47.5,Female,3.0,197928.42,4.0,7.0
421209,14.0,169.0,29.5,Male,2.0,130069.35,5.0,8.0
5197524,8.0,102.0,66.5,Unknown,2.0,52720.24,3.0,6.0
1164659,26.0,314.0,47.5,Female,2.0,76382.20999999999,5.0,8.0
9669255,7.0,88.0,52.5,Unknown,2.0,52510.19,1.0,4.0
955836,5.0,62.0,34.0,Female,3.0,80242.97,6.0,9.0
5152409,6.0,72.0,25.5,Unknown,2.0,25481.13,4.0,7.0
1993947,8.0,97.0,58.5,Unknown,2.0,35026.03,0.0,3.0
1969889,16.0,195.0,42.0,Male,3.0,263403.57,5.0,8.0
7155672,14.0,171.0,63.5,Female,3.0,54932.77,1.0,4.0
5746657,6.0,72.0,63.5,Unknown,2.0,78943.16,3.0,6.0
9353417,11.0,143.0,36.5,Female,2.0,138839.51,2.0,5.0
2384232,13.0,159.0,45.0,Unknown,2.0,105902.69,0.0,3.0
8985747,4.0,57.0,36.5,Unknown,2.0,30549.13,1.0,4.0
7784210,22.0,274.0,21.5,Female,2.0,63103.91,4.0,7.0
9328539,21.0,253.0,40.5,Male,3.0,65867.31,4.0,8.0
4504614,19.0,231.0,62.5,Male,3.0,2496867.17,1.0,4.0
9939021,18.0,219.0,35.5,Female,3.0,93060.92,3.0,7.0
2131562,18.0,218.0,72.0,Male,3.0,114105.44,2.0,5.0
8840854,15.0,180.0,65.0,Female,2.0,30305.97,0.0,3.0
4577049,5.0,68.0,36.0,Unknown,2.0,29903.25,6.0,9.0
8592710,5.0,70.0,23.0,Unknown,2.0,49887.49,2.0,5.0
74169,4.0,57.0,35.5,Unknown,4.0,56079.66,6.0,9.0
7810991,9.0,110.0,71.5,Female,2.0,72735.43,1.0,4.0
9844979,7.0,84.0,37.0,Unknown,2.0,30596.1,0.0,3.0
1969872,6.0,73.0,55.5,Unknown,2.0,126641.11,6.0,9.0
5714962,7.0,94.0,45.0,Unknown,2.0,66876.54999999999,1.0,4.0
3031356,16.0,194.0,61.0,Female,2.0,87972.28,6.0,9.0
6571762,17.0,205.0,71.0,Male,2.0,58645.14,0.0,3.0
7295110,6.0,80.0,46.0,Unknown,2.0,24823.6,2.0,5.0
7569020,13.0,156.0,36.0,Female,2.0,74170.58,0.0,3.0
3313072,12.0,151.0,36.5,Female,3.0,213096.67,6.0,9.0
2006775,16.0,197.0,56.5,Male,2.0,246592.48,6.0,9.0
9764903,5.0,70.0,34.0,Unknown,2.0,37914.91,0.0,3.0
2149499,27.0,324.0,68.5,Male,3.0,610341.2300000001,6.0,9.0
6901308,5.0,70.0,26.5,Unknown,2.0,58662.88,2.0,5.0
2653167,12.0,151.0,37.5,Female,2.0,37620.52,2.0,5.0
7296342,11.0,133.0,28.5,Male,4.0,162685.16999999998,4.0,7.0
7019589,16.0,195.0,71.0,Male,2.0,151655.41,6.0,9.0
4252494,16.0,195.0,48.0,Female,2.0,130643.23,6.0,9.0
2696301,7.0,87.0,67.5,Unknown,2.0,155243.49,2.0,5.0
604915,5.0,65.0,33.5,Male,3.0,164194.52999999997,6.0,9.0
3408606,11.0,142.0,44.0,Male,5.0,188136.04,4.0,7.0
9826642,12.0,153.0,70.0,Male,2.0,3089355.94,2.0,5.0
610338,14.0,178.0,35.5,Female,2.0,40921.22,2.0,5.0
7663245,15.0,181.0,39.0,Female,4.0,93591.11,6.0,9.0
1682543,5.0,62.0,41.5,Female,2.0,256538.84000000003,2.0,5.0
2040881,4.0,59.0,34.5,Unknown,3.0,157263.01,5.0,8.0
8412195,4.0,58.0,58.5,Unknown,2.0,30761.69,0.0,3.0
8716565,5.0,66.0,24.5,Male,3.0,96995.23,4.0,7.0
3239922,12.0,145.0,21.5,Male,2.0,28424.66,6.0,9.0
4842605,7.0,89.0,26.5,Unknown,2.0,35768.509999999995,5.0,8.0
1417850,8.0,107.0,46.5,Female,2.0,29714.45,0.0,3.0
4423162,14.0,176.0,37.5,Male,2.0,39866.81,6.0,9.0
8409890,9.0,118.0,43.5,Male,2.0,226672.48,0.0,3.0
6832799,27.0,326.0,51.5,Female,3.0,118349.16,6.0,9.0
1928906,8.0,107.0,62.0,Female,2.0,224068.55,4.0,7.0
1633998,10.0,121.0,43.5,Male,2.0,43258.38,3.0,6.0
3764694,5.0,60.0,48.0,Unknown,2.0,99167.58,3.0,6.0
9214877,15.0,189.0,55.5,Female,2.0,120163.48,0.0,3.0
3590118,8.0,97.0,47.0,Female,3.0,66339.17,6.0,9.0
1438075,21.0,258.0,63.0,Female,2.0,37681.69,1.0,4.0
1946252,20.0,251.0,55.5,Male,3.0,78570.18,6.0,9.0
9748860,21.0,253.0,60.0,Female,2.0,213872.66,2.0,5.0
6635695,24.0,297.0,64.0,Female,2.0,32875.259999999995,1.0,4.0
3615947,7.0,84.0,40.0,Unknown,2.0,95319.99,3.0,6.0
4004030,6.0,79.0,27.5,Unknown,2.0,51687.36,0.0,3.0
6438911,16.0,193.0,45.0,Male,2.0,31445.18,6.0,9.0
5701502,13.0,160.0,56.0,Female,2.0,39897.41,1.0,4.0
4218088,4.0,58.0,24.0,Unknown,3.0,70602.35,6.0,9.0
4843735,12.0,148.0,34.5,Male,2.0,168179.89,1.0,4.0
6556384,15.0,183.0,49.5,Male,2.0,27224.47,0.0,3.0
5625895,6.0,82.0,33.5,Unknown,2.0,48880.84,1.0,4.0
6124081,12.0,148.0,40.5,Female,2.0,65365.34,0.0,3.0
2475916,6.0,78.0,56.5,Unknown,2.0,63226.7,4.0,7.0
2820848,16.0,195.0,53.0,Female,2.0,27605.05,1.0,4.0
5480007,4.0,56.0,57.5,Female,2.0,174648.71999999997,1.0,4.0
7301267,11.0,132.0,66.5,Female,2.0,219064.57,6.0,9.0
821422,5.0,70.0,58.5,Unknown,2.0,38560.0,1.0,4.0
8037866,13.0,167.0,54.0,Male,5.0,154361.09,6.0,9.0
7526512,7.0,84.0,29.5,Unknown,2.0,69950.47,6.0,9.0
7769865,13.0,157.0,65.0,Female,2.0,54719.0,4.0,7.0
6956977,15.0,191.0,62.5,Male,2.0,34825.13,3.0,6.0
1271683,9.0,111.0,35.5,Male,2.0,109960.65,6.0,9.0
8980847,10.0,123.0,32.5,Male,2.0,43672.31,6.0,9.0
9307092,8.0,102.0,34.0,Unknown,2.0,46571.41,1.0,4.0
6913104,11.0,140.0,72.0,Male,2.0,632279.39,1.0,4.0
7810151,7.0,89.0,58.0,Unknown,2.0,27439.64,1.0,4.0
3332621,27.0,324.0,25.5,Female,2.0,45313.34,5.0,8.0
9772582,9.0,111.0,37.5,Female,2.0,77811.70999999999,2.0,5.0
4414336,7.0,85.0,27.0,Unknown,2.0,63661.12,6.0,9.0
7721667,6.0,76.0,20.0,Unknown,4.0,71970.09,6.0,9.0
1497401,13.0,163.0,28.0,Male,2.0,28742.25,0.0,3.0
7524332,23.0,282.0,20.0,Male,3.0,107459.11,4.0,7.0
1926672,24.0,295.0,52.0,Female,2.0,110027.18,0.0,3.0
4143163,21.0,263.0,32.0,Male,2.0,30645.57,4.0,7.0
2262081,21.0,255.0,51.5,Male,5.0,900771.28,5.0,8.0
2487872,15.0,181.0,45.0,Male,2.0,99624.17,2.0,5.0
1652959,5.0,67.0,30.5,Unknown,2.0,27691.6,1.0,4.0
4061878,8.0,106.0,65.5,Female,2.0,99926.53,3.0,6.0
5088758,6.0,82.0,52.0,Unknown,2.0,58076.88,4.0,7.0
1564135,7.0,94.0,59.0,Unknown,2.0,33427.06,4.0,7.0
8160451,26.0,319.0,68.0,Female,2.0,64384.78,1.0,4.0
296402,6.0,72.0,30.0,Unknown,2.0,38867.18,1.0,4.0
2606054,8.0,106.0,42.0,Male,3.0,378427.15,5.0,8.0
7693596,4.0,59.0,28.5,Unknown,2.0,31881.36,6.0,9.0
3745695,8.0,105.0,53.5,Female,2.0,41836.31,2.0,5.0
9385756,11.0,143.0,66.5,Male,3.0,42114.65,2.0,5.0
2663352,6.0,82.0,29.5,Unknown,2.0,52348.58,1.0,4.0
7441341,7.0,84.0,78.5,Unknown,3.0,130004.93,6.0,9.0
3596285,16.0,192.0,44.5,Female,2.0,36149.21,1.0,4.0
2987187,7.0,89.0,54.0,Unknown,2.0,26717.42,2.0,5.0
7038132,15.0,191.0,47.0,Male,3.0,677792.2300000001,5.0,8.0
1722501,6.0,75.0,28.0,Unknown,2.0,71490.92,4.0,7.0
7893913,7.0,92.0,24.5,Unknown,3.0,42050.69,4.0,7.0
6700604,7.0,94.0,48.5,Unknown,2.0,41241.61,0.0,3.0
3886052,26.0,320.0,29.0,Female,3.0,89339.89,5.0,8.0
5521246,15.0,191.0,34.5,Male,2.0,128426.5,1.0,4.0
9348257,7.0,85.0,27.0,Unknown,2.0,31445.0,1.0,4.0
4744435,16.0,194.0,19.5,Unknown,2.0,28977.63,5.0,8.0
2719973,4.0,58.0,52.0,Female,2.0,661390.99,0.0,3.0
1106643,15.0,180.0,54.5,Male,2.0,80664.39,0.0,3.0
7245702,5.0,71.0,64.0,Unknown,2.0,43040.21,3.0,6.0
501426,5.0,68.0,22.5,Unknown,3.0,49497.42999999999,6.0,9.0
7846757,6.0,76.0,59.5,Female,2.0,587697.5900000001,6.0,9.0
8989119,5.0,64.0,28.0,Male,3.0,59578.2,6.0,9.0
1324191,7.0,94.0,48.0,Unknown,2.0,36123.89,1.0,4.0
5226216,8.0,100.0,63.0,Unknown,2.0,81871.43,0.0,3.0
9342781,12.0,147.0,70.0,Female,2.0,32064.33,0.0,3.0
4549261,5.0,60.0,58.5,Male,2.0,150569.66,5.0,8.0
113852,8.0,104.0,25.5,Male,2.0,49981.74,4.0,7.0
3284406,7.0,94.0,47.5,Unknown,2.0,35434.17,6.0,9.0
9257964,15.0,190.0,54.5,Female,2.0,109198.11,1.0,4.0
1265496,12.0,155.0,49.5,Male,2.0,23884.32,0.0,3.0
6610721,5.0,70.0,56.0,Unknown,2.0,54526.42,6.0,9.0
4472004,16.0,195.0,69.0,Male,4.0,192115.65,3.0,6.0
7958815,12.0,150.0,62.5,Female,2.0,28076.67,3.0,6.0
9295710,15.0,191.0,66.0,Male,2.0,64165.73,3.0,6.0
6474150,23.0,283.0,52.5,Male,3.0,109293.63,3.0,6.0
4811074,23.0,279.0,60.0,Female,3.0,732443.3500000001,3.0,6.0
656481,22.0,275.0,67.0,Male,2.0,139001.11,1.0,4.0
1595883,22.0,265.0,50.0,Female,3.0,54838.75,0.0,3.0
3287210,22.0,270.0,67.5,Male,3.0,367488.94,5.0,8.0
4227154,21.0,253.0,47.5,Male,4.0,2235957.94,6.0,9.0
3963528,25.0,303.0,73.0,Female,2.0,305938.68,1.0,4.0
7391835,20.0,244.0,88.0,Male,2.0,95558.39,6.0,9.0
6444715,20.0,243.0,57.5,Female,3.0,270766.48,2.0,5.0
4412837,20.0,240.0,61.0,Female,2.0,39068.64,1.0,4.0
6357156,34.0,413.0,64.0,Female,4.0,516394.39,6.0,9.0
6675679,4.0,58.0,53.5,Unknown,2.0,46834.81,0.0,3.0
6829804,15.0,184.0,42.5,Male,2.0,29206.8,3.0,6.0
684639,12.0,147.0,48.0,Female,2.0,43988.83,6.0,9.0
2273671,15.0,191.0,74.0,Male,2.0,143790.96,1.0,4.0
8852160,7.0,84.0,58.5,Unknown,4.0,154088.4,3.0,6.0
3049191,7.0,85.0,30.5,Unknown,2.0,73721.15,3.0,6.0
6724190,12.0,150.0,31.5,Male,2.0,69098.98999999999,1.0,4.0
7811491,5.0,68.0,32.5,Unknown,2.0,116682.82,6.0,9.0
9812753,6.0,77.0,41.5,Unknown,2.0,27568.66,5.0,8.0
69598,8.0,106.0,58.0,Female,2.0,27306.32,3.0,6.0
929152,4.0,56.0,73.0,Unknown,2.0,38076.02,2.0,5.0
4873357,12.0,144.0,35.0,Male,2.0,44666.26,0.0,3.0
2014716,10.0,124.0,30.0,Female,2.0,103118.88,0.0,3.0
6213118,18.0,226.0,53.5,Female,2.0,47366.25,4.0,7.0
3834217,13.0,166.0,41.5,Unknown,2.0,31859.99,0.0,3.0
9838801,26.0,322.0,58.0,Male,3.0,120216.82,5.0,8.0
7120519,8.0,100.0,30.0,Unknown,2.0,36929.93,4.0,7.0
5891447,2.0,35.0,22.5,Unknown,2.0,27397.75,6.0,9.0
3415077,9.0,113.0,31.0,Male,2.0,74915.63,2.0,5.0
3638761,4.0,59.0,51.5,Unknown,2.0,32780.36,2.0,5.0
7650855,15.0,189.0,65.0,Female,2.0,383932.86,6.0,9.0
4077516,13.0,164.0,47.5,Male,2.0,82908.63,4.0,7.0
9654726,13.0,160.0,56.0,Male,2.0,54789.41,4.0,7.0
8310807,6.0,78.0,20.5,Unknown,2.0,27223.53,3.0,6.0
7531183,13.0,163.0,46.0,Male,2.0,23817.0,3.0,6.0
9943260,4.0,59.0,57.0,Female,2.0,71481.83,1.0,4.0
9735397,19.0,237.0,57.0,Male,2.0,199958.41,6.0,9.0
5348797,4.0,59.0,20.5,Unknown,2.0,27680.49,0.0,3.0
5065328,15.0,181.0,80.0,Female,2.0,33789.369999999995,1.0,4.0
4252909,5.0,67.0,33.0,Unknown,2.0,50751.55,1.0,4.0
5736976,12.0,145.0,36.5,Female,2.0,51848.51,0.0,3.0
8378593,33.0,406.0,59.0,Female,2.0,68165.31,3.0,6.0
1257529,15.0,187.0,65.0,Male,2.0,48706.75,2.0,5.0
672407,8.0,101.0,58.5,Female,2.0,37825.98,3.0,6.0
2196035,4.0,58.0,53.5,Unknown,2.0,47515.03,0.0,3.0
8704516,4.0,59.0,31.5,Unknown,2.0,27638.11,2.0,5.0
3751009,6.0,74.0,64.0,Unknown,2.0,28661.82,0.0,3.0
2078711,12.0,155.0,48.5,Female,2.0,86016.72,1.0,4.0
3209032,31.0,375.0,51.0,Female,2.0,125226.89,3.0,6.0
1659843,4.0,59.0,30.5,Unknown,4.0,134738.91,4.0,7.0
8811641,12.0,153.0,28.0,Male,2.0,33262.92,3.0,6.0
4832926,13.0,161.0,39.0,Female,2.0,34928.14,0.0,3.0
9341828,6.0,82.0,42.0,Female,4.0,90504.78,1.0,4.0
8601616,34.0,409.0,61.5,Unknown,3.0,235990.64,2.0,5.0
3798677,8.0,101.0,42.5,Unknown,4.0,202319.3,5.0,8.0
9640127,5.0,67.0,38.5,Unknown,3.0,122040.55,5.0,8.0
9550257,11.0,140.0,56.5,Female,2.0,38808.18,0.0,3.0
8621093,9.0,110.0,38.5,Female,2.0,25359.27,0.0,3.0
2015629,15.0,189.0,49.5,Female,2.0,53013.22,3.0,6.0
1321300,8.0,105.0,52.5,Female,2.0,30597.15,3.0,6.0
6290066,15.0,182.0,53.5,Female,2.0,23839.6,1.0,4.0
2834681,23.0,287.0,34.0,Female,2.0,45328.01,5.0,8.0
6363396,23.0,276.0,59.0,Male,2.0,34770.0,3.0,6.0
571941,22.0,269.0,33.0,Male,3.0,314365.55,5.0,8.0
2343695,21.0,262.0,21.5,Male,2.0,31534.07,1.0,4.0
5259513,20.0,240.0,57.0,Male,3.0,993445.66,6.0,9.0
4079367,19.0,231.0,68.5,Female,2.0,951824.78,6.0,9.0
983062,35.0,422.0,60.5,Female,2.0,326276.32,2.0,5.0
6362594,17.0,204.0,64.0,Male,2.0,290376.91,6.0,9.0
6327246,16.0,201.0,55.0,Female,3.0,118482.91,2.0,5.0
2097904,6.0,72.0,64.5,Female,2.0,214370.6,2.0,5.0
9969821,5.0,70.0,88.0,Unknown,2.0,316640.55,3.0,6.0
1183663,17.0,214.0,59.0,Male,2.0,34135.84,0.0,3.0
3128351,4.0,49.0,27.5,Unknown,3.0,48556.65,2.0,5.0
8827881,4.0,57.0,49.5,Unknown,3.0,70826.42,5.0,8.0
1220970,22.0,272.0,47.0,Female,3.0,680253.39,6.0,9.0
3149933,5.0,67.0,55.5,Male,2.0,43816.88,3.0,6.0
568718,5.0,63.0,69.0,Unknown,2.0,335000.34,6.0,9.0
1435852,6.0,80.0,29.0,Unknown,2.0,24073.06,2.0,5.0
9663138,16.0,200.0,40.5,Male,2.0,101137.25,3.0,6.0
5045965,8.0,106.0,49.5,Male,2.0,42579.14,0.0,3.0
9220017,16.0,197.0,74.0,Male,2.0,260836.76,2.0,5.0
8948070,8.0,101.0,44.0,Unknown,2.0,32892.23,5.0,8.0
8827174,9.0,110.0,32.0,Female,2.0,56341.41,3.0,6.0
5316776,15.0,188.0,41.5,Male,3.0,165798.75,6.0,9.0
5467090,5.0,65.0,27.5,Unknown,2.0,41600.82,4.0,7.0
9419326,6.0,73.0,34.0,Unknown,2.0,47049.03,1.0,4.0
6536391,4.0,57.0,52.5,Unknown,2.0,37577.88,2.0,5.0
1559596,6.0,75.0,44.0,Male,2.0,39699.15,0.0,3.0
2546096,6.0,80.0,60.5,Unknown,2.0,25037.31,0.0,3.0
2376505,7.0,86.0,72.0,Unknown,2.0,45556.02,4.0,7.0
7441156,5.0,66.0,35.0,Unknown,3.0,78547.84,1.0,4.0
8413855,15.0,188.0,55.0,Male,2.0,43300.34,2.0,5.0
4110011,10.0,122.0,43.0,Male,2.0,34561.55,5.0,8.0
3775302,4.0,58.0,27.0,Unknown,2.0,34959.91,0.0,3.0
1537702,4.0,58.0,57.5,Unknown,3.0,65934.1,6.0,9.0
9044013,12.0,154.0,58.5,Male,2.0,28699.77,3.0,6.0
5281064,15.0,187.0,67.5,Female,2.0,29252.31,2.0,5.0
3394851,4.0,56.0,25.5,Unknown,2.0,25051.41,1.0,4.0
9173025,11.0,138.0,38.5,Male,2.0,107162.34,6.0,9.0
9210764,4.0,57.0,25.5,Unknown,2.0,29251.99,4.0,7.0
8097910,12.0,149.0,58.5,Female,2.0,158700.94,5.0,8.0
477029,4.0,58.0,27.0,Unknown,2.0,43026.08,6.0,9.0
8685018,5.0,61.0,34.5,Female,3.0,25366.23,1.0,4.0
4411577,10.0,131.0,52.5,Female,2.0,88091.09,1.0,4.0
2652105,5.0,64.0,27.5,Unknown,2.0,46046.07,3.0,7.0
3300476,14.0,173.0,28.0,Male,2.0,88678.78,3.0,6.0
3024162,13.0,157.0,43.5,Female,2.0,29596.94,4.0,7.0
2010755,14.0,173.0,64.5,Male,2.0,23789.96,0.0,3.0
3076584,10.0,124.0,66.5,Female,2.0,61166.33,6.0,9.0
9092791,5.0,71.0,55.0,Unknown,2.0,57909.07,1.0,4.0
2113915,5.0,65.0,38.5,Unknown,2.0,36537.63,5.0,8.0
4928966,27.0,325.0,65.5,Male,2.0,343547.37,6.0,9.0
728102,13.0,166.0,62.5,Female,2.0,318843.1,4.0,7.0
9801271,12.0,150.0,46.5,Female,2.0,29179.08,2.0,5.0
1400233,11.0,139.0,31.0,Male,3.0,63186.74,6.0,9.0
8322930,13.0,165.0,74.0,Female,2.0,120352.69,6.0,9.0
5887227,6.0,79.0,32.5,Unknown,2.0,60274.39,1.0,4.0
8504929,13.0,161.0,32.5,Male,2.0,92186.15,2.0,5.0
8771478,23.0,284.0,51.0,Female,2.0,46780.42,0.0,3.0
9875262,21.0,254.0,44.5,Female,2.0,154686.68,4.0,7.0
8345634,19.0,232.0,47.0,Female,2.0,40432.77,2.0,5.0
2977468,18.0,227.0,22.5,Female,2.0,28411.8,1.0,5.0
8357092,6.0,75.0,52.5,Unknown,2.0,40974.63,1.0,4.0
1185501,12.0,147.0,53.5,Female,2.0,27969.57,3.0,6.0
651801,11.0,142.0,47.5,Female,2.0,54697.23,6.0,9.0
8062240,5.0,70.0,66.5,Unknown,2.0,99822.68,3.0,6.0
7166801,16.0,196.0,51.5,Female,2.0,811377.29,6.0,9.0
2180052,5.0,68.0,43.5,Unknown,2.0,165086.88,2.0,5.0
4195754,12.0,145.0,30.5,Female,2.0,33091.68,1.0,4.0
8310105,11.0,137.0,77.0,Unknown,2.0,42614.73,3.0,6.0
9097791,16.0,196.0,51.0,Female,2.0,39626.0,2.0,5.0
2001063,10.0,126.0,35.0,Unknown,2.0,93131.97,3.0,6.0
6439467,5.0,69.0,30.5,Unknown,2.0,26549.96,1.0,4.0
1309444,9.0,108.0,72.0,Female,2.0,114455.31,4.0,7.0
1338762,7.0,86.0,39.0,Unknown,2.0,52246.73,2.0,5.0
6163115,10.0,130.0,33.0,Male,2.0,35832.44,1.0,4.0
5154317,15.0,189.0,48.0,Male,2.0,113279.64,5.0,8.0
2177579,14.0,177.0,46.5,Female,2.0,147366.15,4.0,7.0
4700003,13.0,160.0,39.0,Female,2.0,109582.56,5.0,8.0
9500168,20.0,247.0,23.5,Female,2.0,44147.55,0.0,3.0
9541159,7.0,84.0,34.5,Unknown,2.0,29828.42,2.0,5.0
3892026,18.0,219.0,39.5,Male,2.0,36137.27,0.0,3.0
8192130,5.0,70.0,25.0,Unknown,2.0,27649.04,1.0,4.0
9765226,8.0,101.0,28.0,Unknown,2.0,26809.27,1.0,4.0
6585563,5.0,71.0,47.5,Female,2.0,639861.1000000001,4.0,7.0
1769222,26.0,318.0,21.5,Male,2.0,71205.54000000001,4.0,7.0
987843,8.0,106.0,59.5,Female,2.0,41906.08,0.0,3.0
4287944,6.0,76.0,22.5,Unknown,3.0,39554.41,4.0,7.0
5052588,7.0,90.0,30.0,Unknown,2.0,53657.72,6.0,9.0
7236544,15.0,185.0,56.0,Male,2.0,70783.73,6.0,9.0
4885619,10.0,131.0,31.0,Male,2.0,81541.48,2.0,5.0
3404682,13.0,161.0,76.5,Female,2.0,31058.89,3.0,6.0
8905979,10.0,124.0,58.0,Female,3.0,159295.15999999997,4.0,7.0
6464365,7.0,88.0,33.5,Unknown,2.0,70796.47,0.0,3.0
8442995,26.0,320.0,56.5,Male,3.0,191691.33,2.0,5.0
7159995,11.0,140.0,25.5,Male,3.0,89679.95,6.0,9.0
5471058,11.0,142.0,53.5,Female,2.0,45590.0,0.0,3.0
7033655,15.0,190.0,72.5,Male,2.0,85563.54999999999,1.0,4.0
2591463,10.0,125.0,22.5,Male,2.0,52663.26,3.0,6.0
5269752,23.0,280.0,73.5,Female,2.0,35601.55,0.0,3.0
3734426,22.0,275.0,76.0,Male,3.0,603152.05,6.0,9.0
7138212,19.0,235.0,71.5,Female,2.0,41470.3,2.0,5.0
2188558,22.0,266.0,57.5,Male,2.0,24941.42,6.0,9.0
7305586,18.0,221.0,26.0,Female,3.0,106857.45,1.0,4.0
3919386,17.0,214.0,53.5,Male,3.0,104501.97,6.0,9.0
8900562,17.0,210.0,36.5,Male,4.0,174183.24,6.0,9.0
4535988,15.0,190.0,52.0,Female,2.0,321308.79,6.0,9.0
1244241,5.0,67.0,50.5,Unknown,2.0,225586.05,3.0,6.0
3613404,30.0,361.0,34.5,Male,3.0,201282.43,6.0,9.0
6023550,15.0,190.0,46.5,Female,2.0,30065.42,2.0,5.0
561544,5.0,71.0,67.5,Unknown,2.0,31027.82,1.0,4.0
9848611,8.0,107.0,30.0,Male,2.0,33551.86,5.0,8.0
4554482,14.0,174.0,32.5,Male,3.0,199414.21,6.0,9.0
528622,4.0,59.0,58.5,Male,2.0,72634.91,6.0,9.0
2111947,4.0,54.0,28.5,Unknown,2.0,53479.66,6.0,9.0
7473321,10.0,130.0,34.5,Female,2.0,82405.98,6.0,9.0
4144091,21.0,252.0,25.0,Female,3.0,329412.53,6.0,9.0
3199307,5.0,66.0,57.0,Female,2.0,40197.52,2.0,5.0
4834790,15.0,186.0,55.0,Male,2.0,64186.09,3.0,6.0
2536813,21.0,253.0,84.0,Female,2.0,47572.47,2.0,6.0
1143145,16.0,198.0,45.0,Male,2.0,30369.55,1.0,4.0
2218715,13.0,162.0,59.5,Female,2.0,186303.82,6.0,9.0
8746468,13.0,160.0,57.0,Female,2.0,52757.16,6.0,9.0
8019542,29.0,354.0,51.0,Female,2.0,33058.02,2.0,5.0
1327977,12.0,154.0,36.0,Male,2.0,71040.4,5.0,8.0
4515949,4.0,57.0,65.5,Unknown,2.0,90400.96,2.0,5.0
2733486,4.0,59.0,26.0,Unknown,3.0,56654.9,6.0,9.0
3246483,16.0,195.0,56.0,Male,3.0,57522.45,5.0,8.0
9062208,16.0,192.0,76.5,Female,2.0,47284.19,2.0,5.0
3176838,5.0,70.0,29.0,Unknown,2.0,41979.11,4.0,7.0
1150259,7.0,94.0,59.0,Unknown,2.0,80853.91,3.0,6.0
9180317,6.0,74.0,52.5,Female,2.0,28519.26,5.0,8.0
6004361,8.0,107.0,23.5,Female,2.0,58914.36,3.0,6.0
4129537,35.0,428.0,58.5,Female,5.0,518147.73,6.0,9.0
7888406,9.0,117.0,47.5,Male,2.0,184360.76,2.0,5.0
5747508,5.0,66.0,17.5,Unknown,2.0,42447.47,6.0,9.0
7334704,7.0,94.0,42.5,Unknown,2.0,25546.06,6.0,9.0
4796345,6.0,81.0,45.0,Female,2.0,40118.37,6.0,9.0
7380697,9.0,115.0,57.5,Male,2.0,44160.48,1.0,4.0
7849272,8.0,107.0,63.0,Male,2.0,81753.9,3.0,6.0
4465268,11.0,137.0,39.0,Female,2.0,56444.06,0.0,3.0
1752343,15.0,189.0,64.0,Female,2.0,600560.3400000001,4.0,7.0
9268841,9.0,119.0,50.0,Female,2.0,151145.41,2.0,5.0
5328856,4.0,58.0,46.5,Unknown,4.0,41816.61,6.0,9.0
4933730,12.0,147.0,31.5,Female,2.0,36664.16,2.0,5.0
6021910,10.0,121.0,55.0,Female,2.0,52803.78999999999,0.0,3.0
9697625,15.0,184.0,39.0,Male,3.0,100608.65,6.0,9.0
8240028,13.0,167.0,59.5,Male,2.0,563027.39,5.0,8.0
8943789,16.0,202.0,31.5,Male,2.0,50293.94,0.0,3.0
2223198,24.0,288.0,30.0,Male,2.0,29639.8,0.0,3.0
6104987,23.0,284.0,63.0,Female,2.0,80513.79999999999,0.0,3.0
1848842,23.0,283.0,72.5,Female,2.0,44198.92999999999,4.0,7.0
1790963,22.0,265.0,45.0,Female,2.0,41769.6,0.0,3.0
48241,21.0,262.0,58.0,Male,2.0,51519.06,6.0,9.0
3160385,20.0,250.0,69.0,Male,3.0,350408.89,3.0,6.0
261857,20.0,250.0,57.0,Female,3.0,1193209.88,6.0,9.0
9720380,19.0,228.0,76.0,Male,2.0,87267.78,4.0,7.0
8557337,12.0,154.0,29.0,Male,3.0,111241.0,5.0,8.0
7397134,13.0,158.0,54.5,Female,3.0,416963.37,6.0,9.0
7267276,14.0,179.0,52.5,Female,2.0,29751.72,1.0,4.0
2025734,6.0,74.0,37.5,Unknown,2.0,54248.33,1.0,4.0
2966471,6.0,81.0,27.0,Unknown,2.0,54410.67999999999,1.0,4.0
5932906,14.0,179.0,57.0,Male,2.0,39672.02,0.0,3.0
5260155,9.0,111.0,67.5,Female,2.0,48870.05,2.0,5.0
526971,4.0,58.0,53.0,Unknown,2.0,52656.82,0.0,3.0
233965,7.0,94.0,21.5,Female,2.0,25034.4,1.0,4.0
4101933,16.0,196.0,60.5,Female,2.0,94976.83,2.0,5.0
5512199,10.0,131.0,47.0,Female,2.0,116516.53,6.0,9.0
9999626,9.0,113.0,35.0,Male,2.0,36642.88,6.0,9.0
1272344,9.0,113.0,62.5,Male,5.0,377169.29,6.0,9.0
6762071,4.0,57.0,29.0,Unknown,2.0,31566.27,0.0,3.0
2177769,8.0,97.0,44.5,Unknown,2.0,75858.93,6.0,9.0
7893818,6.0,72.0,31.0,Unknown,3.0,72232.82,6.0,9.0
1402721,13.0,157.0,60.0,Female,2.0,157810.97999999998,6.0,9.0
467409,7.0,94.0,46.5,Unknown,2.0,29316.15,0.0,3.0
6547498,11.0,134.0,29.5,Male,2.0,317627.11,1.0,4.0
727303,11.0,138.0,35.0,Female,2.0,31235.14,0.0,3.0
7074966,11.0,136.0,32.5,Male,2.0,25254.87,6.0,9.0
9023601,5.0,68.0,64.5,Unknown,2.0,32392.32,2.0,5.0
3059947,27.0,327.0,62.0,Female,3.0,220999.5,1.0,5.0
2898532,16.0,202.0,39.5,Male,2.0,69367.43,6.0,9.0
5604350,8.0,96.0,57.5,Unknown,2.0,26095.69,3.0,6.0
6938735,16.0,199.0,76.5,Female,2.0,103562.58,0.0,3.0
2946707,17.0,206.0,35.5,Male,2.0,54774.98,0.0,3.0
1625758,15.0,189.0,61.0,Male,2.0,155282.90999999997,4.0,7.0
4742814,10.0,127.0,40.0,Unknown,2.0,168582.52999999997,5.0,8.0
5446896,14.0,172.0,31.0,Female,2.0,113520.97,2.0,5.0
8699444,10.0,128.0,48.5,Male,2.0,33134.399999999994,0.0,3.0
9769690,4.0,57.0,32.5,Male,2.0,26303.05,5.0,8.0
9296587,13.0,162.0,27.0,Female,2.0,60959.1,6.0,9.0
9245469,15.0,189.0,48.0,Female,2.0,24917.23,3.0,6.0
8267138,4.0,58.0,28.0,Unknown,2.0,29679.8,2.0,5.0
8837677,11.0,140.0,68.5,Female,2.0,239186.28,3.0,7.0
4551586,14.0,178.0,33.0,Female,2.0,71581.69,1.0,4.0
2736584,14.0,172.0,50.0,Male,2.0,196352.56,6.0,9.0
8420487,5.0,67.0,29.5,Unknown,2.0,32015.67,6.0,9.0
5252040,5.0,68.0,34.5,Unknown,2.0,30552.37,6.0,9.0
8655291,9.0,111.0,77.0,Female,2.0,125567.48,6.0,9.0
2836104,11.0,139.0,62.5,Female,2.0,36907.57,3.0,6.0
1284972,13.0,167.0,62.5,Unknown,2.0,67820.39,4.0,7.0
1869478,4.0,58.0,19.0,Unknown,2.0,36772.35,0.0,3.0
452274,16.0,193.0,32.5,Female,2.0,141815.5,1.0,4.0
952673,14.0,174.0,50.0,Female,2.0,29527.58,1.0,4.0
5526741,15.0,189.0,41.0,Female,2.0,47477.48,1.0,4.0
799503,5.0,69.0,57.0,Unknown,2.0,32554.41,3.0,6.0
5796197,7.0,88.0,61.5,Unknown,2.0,27985.6,0.0,3.0
1788187,3.0,45.0,23.5,Unknown,2.0,169218.19,2.0,5.0
3311618,24.0,289.0,46.5,Male,2.0,128437.81,0.0,3.0
1998440,21.0,259.0,46.5,Female,2.0,29127.04,0.0,3.0
9246756,21.0,257.0,43.0,Female,2.0,314555.11,2.0,5.0
3875281,24.0,290.0,57.0,Male,2.0,451319.35,3.0,6.0
7041913,18.0,219.0,57.0,Female,2.0,52433.94,1.0,4.0
8529372,17.0,213.0,41.5,Male,2.0,123012.59,1.0,4.0
8861365,5.0,71.0,32.0,Unknown,2.0,51056.06,6.0,9.0
5826232,13.0,166.0,34.0,Male,2.0,34619.97,0.0,3.0
1053587,8.0,97.0,27.0,Male,2.0,44991.0,1.0,4.0
6859092,12.0,154.0,32.5,Female,2.0,111086.03,6.0,9.0
5016978,12.0,151.0,30.0,Male,3.0,97942.02,1.0,4.0
1506121,5.0,69.0,22.0,Unknown,2.0,28581.65,6.0,9.0
2850940,26.0,319.0,58.5,Male,3.0,286836.36,6.0,9.0
9847675,7.0,94.0,66.0,Unknown,2.0,63935.79,6.0,9.0
7594710,5.0,67.0,33.5,Unknown,2.0,98420.94,0.0,3.0
3890873,7.0,92.0,34.5,Unknown,2.0,82866.65,0.0,3.0
2580200,13.0,160.0,33.0,Female,2.0,31135.29,2.0,5.0
1417290,12.0,148.0,47.0,Female,2.0,90899.75,5.0,8.0
3240957,5.0,64.0,65.0,Unknown,2.0,39994.36,0.0,3.0
1503995,7.0,85.0,50.0,Unknown,2.0,99506.37,6.0,9.0
3341070,8.0,103.0,37.0,Unknown,2.0,29784.35,0.0,3.0
1293634,7.0,92.0,28.5,Unknown,2.0,61830.97,6.0,9.0
6241575,32.0,388.0,61.5,Male,4.0,1211293.59,6.0,9.0
6110525,3.0,42.0,58.0,Male,2.0,567313.04,2.0,5.0
7160104,4.0,52.0,43.0,Unknown,2.0,30794.83,4.0,7.0
2152611,11.0,138.0,65.5,Male,3.0,67812.01999999999,6.0,9.0
5022038,15.0,189.0,51.5,Female,2.0,36994.94,0.0,3.0
4145746,10.0,122.0,54.0,Male,2.0,24296.43,5.0,8.0
4194127,6.0,82.0,49.5,Unknown,2.0,29148.04,1.0,4.0
8538371,15.0,185.0,60.0,Male,2.0,99464.45,1.0,4.0
1409164,9.0,109.0,59.5,Unknown,3.0,611990.67,6.0,9.0
5812236,16.0,193.0,66.5,Female,2.0,168560.38,0.0,3.0
3594779,9.0,110.0,67.5,Female,2.0,144559.02000000002,6.0,9.0
8938661,7.0,94.0,27.0,Unknown,2.0,54287.0,6.0,9.0
1179872,4.0,59.0,21.5,Unknown,2.0,25075.9,0.0,3.0
9487294,14.0,168.0,40.0,Male,2.0,41453.94,1.0,4.0
8555514,8.0,106.0,27.5,Female,2.0,65015.79,1.0,4.0
2791463,8.0,105.0,71.5,Male,2.0,88535.33,5.0,8.0
983454,7.0,91.0,65.0,Male,3.0,84612.95,5.0,8.0
3324615,5.0,67.0,28.5,Female,2.0,32772.43,1.0,4.0
3495757,13.0,166.0,58.0,Male,2.0,38947.81,3.0,6.0
6887071,6.0,72.0,40.0,Unknown,2.0,52029.83,3.0,6.0
3550308,11.0,139.0,51.5,Male,2.0,412040.97,2.0,5.0
7218744,16.0,195.0,38.5,Female,2.0,36211.08,1.0,4.0
7449386,17.0,209.0,47.5,Male,2.0,66894.95999999999,6.0,9.0
7595038,5.0,71.0,59.5,Unknown,2.0,46536.56,1.0,4.0
6943784,18.0,227.0,56.5,Male,2.0,28091.07,4.0,7.0
4208578,6.0,72.0,25.5,Unknown,3.0,121879.36,6.0,9.0
13735,11.0,143.0,27.5,Male,2.0,119530.99,5.0,8.0
1118533,9.0,117.0,58.5,Female,2.0,28314.57,6.0,9.0
954858,6.0,83.0,31.0,Male,3.0,104007.09,6.0,9.0
2236448,6.0,83.0,20.0,Unknown,2.0,37061.81,0.0,3.0
4681050,6.0,73.0,45.5,Unknown,2.0,66131.86,1.0,4.0
3966534,5.0,60.0,25.0,Unknown,2.0,26296.6,3.0,6.0
2684169,10.0,130.0,59.0,Male,2.0,46956.75,1.0,4.0
8987178,5.0,70.0,23.5,Unknown,2.0,39308.24,3.0,6.0
7906167,7.0,87.0,54.5,Unknown,2.0,43277.05,2.0,5.0
6424307,24.0,290.0,55.0,Female,2.0,33680.11,0.0,4.0
4080806,21.0,263.0,27.0,Female,3.0,88197.98,6.0,9.0
4374194,24.0,294.0,63.5,Female,2.0,970332.61,6.0,9.0
1175592,19.0,231.0,62.5,Male,3.0,689397.78,5.0,8.0
16744,18.0,224.0,62.0,Female,2.0,117267.04,1.0,4.0
1062828,17.0,214.0,36.5,Female,2.0,26884.31,3.0,6.0
1979389,7.0,95.0,70.5,Unknown,2.0,1190869.14,6.0,9.0
8180590,7.0,86.0,57.0,Unknown,3.0,114407.48,3.0,6.0
628431,13.0,166.0,57.5,Male,2.0,170562.2,6.0,9.0
2497235,15.0,191.0,50.5,Female,3.0,83080.45,2.0,5.0
7342059,4.0,57.0,73.0,Unknown,2.0,245806.69,3.0,6.0
7443147,5.0,71.0,60.5,Unknown,2.0,34475.34,1.0,4.0
8644721,5.0,69.0,26.0,Unknown,2.0,44795.48,2.0,5.0
9716423,30.0,360.0,60.0,Male,4.0,615110.16,0.0,3.0
4704745,6.0,83.0,38.0,Unknown,2.0,40068.39,1.0,4.0
6805654,11.0,141.0,66.0,Male,2.0,299533.0,2.0,5.0
2200335,3.0,46.0,33.5,Unknown,2.0,37727.94,1.0,4.0
8190057,7.0,84.0,60.5,Unknown,2.0,99263.17,3.0,6.0
1078850,6.0,76.0,31.5,Unknown,2.0,49345.32,3.0,6.0
3986891,5.0,71.0,55.5,Male,2.0,70347.45,4.0,7.0
6299026,8.0,102.0,33.0,Unknown,3.0,51817.38,2.0,5.0
1118126,16.0,193.0,38.5,Male,2.0,204497.55,1.0,4.0
3134144,8.0,106.0,34.5,Unknown,2.0,29845.08,0.0,3.0
8144018,7.0,95.0,32.5,Unknown,2.0,97692.54,2.0,5.0
4496335,4.0,56.0,61.5,Male,4.0,634087.1900000001,5.0,8.0
7859178,15.0,190.0,50.0,Female,2.0,157257.19,6.0,9.0
9339716,7.0,88.0,66.5,Unknown,2.0,34575.399999999994,1.0,4.0
8254071,5.0,71.0,69.5,Female,2.0,28739.31,6.0,9.0
4456021,13.0,156.0,69.0,Female,2.0,38713.56,2.0,5.0
5048059,7.0,85.0,46.5,Unknown,2.0,104070.58,0.0,3.0
9290249,8.0,106.0,36.5,Male,2.0,89563.66,1.0,4.0
7252695,7.0,90.0,25.0,Unknown,2.0,30559.14,1.0,4.0
2660822,6.0,72.0,23.5,Unknown,3.0,40339.03,6.0,9.0
8260202,8.0,96.0,68.5,Male,2.0,320771.34,4.0,7.0
6335357,5.0,70.0,21.5,Unknown,2.0,27924.93,1.0,4.0
9202893,22.0,274.0,52.0,Male,2.0,81759.76,6.0,9.0
3884737,6.0,73.0,26.5,Unknown,2.0,27566.0,1.0,4.0
3638678,15.0,191.0,36.0,Female,5.0,317784.92,6.0,9.0
8560277,19.0,230.0,47.0,Female,2.0,31002.65,1.0,4.0
7565697,15.0,186.0,67.5,Female,3.0,168129.88,1.0,4.0
4324676,5.0,69.0,45.0,Male,2.0,392701.56,5.0,8.0
9808929,6.0,73.0,47.5,Unknown,3.0,155545.34999999998,6.0,9.0
6985890,12.0,144.0,62.5,Male,2.0,120143.5,4.0,7.0
3901956,28.0,342.0,70.5,Male,2.0,110226.18,4.0,7.0
1550027,15.0,185.0,57.5,Female,2.0,62975.23,4.0,7.0
4365422,27.0,327.0,50.0,Female,3.0,3459338.21,3.0,6.0
9942064,20.0,251.0,42.0,Female,2.0,80620.43,1.0,4.0
2203738,12.0,144.0,44.0,Male,2.0,60266.25,1.0,4.0
6774181,24.0,295.0,46.5,Female,2.0,49152.73,0.0,3.0
7710207,23.0,286.0,54.5,Male,2.0,70048.16,1.0,4.0
2331081,21.0,252.0,66.5,Female,3.0,393652.46,4.0,7.0
9770521,20.0,251.0,44.0,Male,2.0,195710.87,6.0,9.0
2237173,25.0,307.0,69.0,Male,2.0,112043.9,6.0,9.0
634434,18.0,226.0,68.5,Male,3.0,210176.21,3.0,6.0
1247961,6.0,74.0,59.5,Unknown,2.0,76862.68,2.0,5.0
3638086,7.0,93.0,34.0,Unknown,2.0,31013.73,4.0,7.0
626894,12.0,154.0,32.0,Male,3.0,54234.27,2.0,5.0
5008443,16.0,202.0,52.5,Female,2.0,304284.45,6.0,9.0
5950896,7.0,85.0,36.5,Unknown,2.0,124580.96,3.0,6.0
9624739,4.0,58.0,46.0,Unknown,3.0,35046.61,0.0,3.0
1340512,5.0,71.0,34.5,Unknown,2.0,44176.5,0.0,3.0
5762401,7.0,85.0,54.0,Unknown,2.0,29719.31,2.0,5.0
9058953,26.0,312.0,52.5,Male,4.0,554469.79,4.0,7.0
552124,22.0,268.0,33.0,Male,2.0,52342.64,6.0,9.0
7171199,7.0,94.0,25.5,Unknown,2.0,34719.119999999995,0.0,3.0
1016171,12.0,145.0,47.0,Male,2.0,49198.7,1.0,4.0
3626121,9.0,108.0,43.0,Male,2.0,49903.3,5.0,8.0
9647114,6.0,83.0,68.5,Unknown,3.0,273742.27,6.0,9.0
2707257,6.0,73.0,29.0,Unknown,2.0,82147.66,3.0,7.0
3979168,4.0,49.0,55.0,Unknown,2.0,57929.73,2.0,5.0
5952269,13.0,161.0,66.0,Male,2.0,32735.2,3.0,6.0
3479493,11.0,142.0,63.0,Male,2.0,53733.3,2.0,5.0
4170491,7.0,94.0,42.0,Unknown,2.0,55839.76,0.0,3.0
2512607,6.0,79.0,57.0,Unknown,2.0,55422.24,6.0,9.0
6617119,15.0,182.0,31.0,Male,3.0,58479.4,6.0,9.0
6930961,12.0,147.0,32.0,Male,2.0,47686.32,6.0,9.0
5391755,27.0,324.0,26.0,Female,2.0,34278.11,4.0,7.0
9363715,15.0,191.0,45.5,Female,2.0,151451.41999999998,2.0,5.0
7659249,5.0,65.0,66.0,Unknown,2.0,190885.26,4.0,7.0
5951709,13.0,160.0,44.5,Female,2.0,39052.24,4.0,7.0
2663347,4.0,58.0,21.0,Male,2.0,51545.05,6.0,9.0
6330735,15.0,184.0,56.0,Male,2.0,89467.0,0.0,4.0
3314852,4.0,58.0,23.0,Unknown,3.0,38090.33,3.0,6.0
5804408,24.0,298.0,52.0,Male,3.0,371056.84,2.0,5.0
2973312,22.0,267.0,57.0,Male,3.0,563627.5,1.0,4.0
8134938,22.0,265.0,28.5,Male,2.0,23802.32,1.0,5.0
8642933,21.0,263.0,56.5,Male,2.0,617348.42,2.0,5.0
651763,21.0,256.0,59.0,Male,2.0,65014.5,6.0,9.0
2805504,20.0,250.0,53.5,Female,2.0,57223.51,2.0,5.0
5943882,19.0,237.0,50.5,Male,5.0,328370.38,6.0,9.0
5986644,18.0,216.0,74.0,Male,4.0,3220673.11,6.0,9.0
5045588,28.0,336.0,64.5,Male,2.0,219283.97,6.0,9.0
822119,17.0,210.0,39.5,Male,3.0,300982.22,6.0,9.0
3247787,9.0,109.0,68.0,Female,3.0,117904.45,6.0,9.0
8088930,7.0,84.0,69.0,Unknown,2.0,129378.41,1.0,4.0
6642,12.0,149.0,35.5,Male,2.0,34987.23,0.0,3.0
1445649,15.0,189.0,53.5,Male,2.0,114009.93,1.0,4.0
5223510,26.0,319.0,71.5,Male,3.0,53272.61,2.0,6.0
5315941,9.0,114.0,30.5,Female,2.0,27834.26,0.0,3.0
7477632,5.0,67.0,68.0,Unknown,2.0,541705.43,4.0,8.0
6457443,15.0,191.0,33.0,Male,2.0,27624.95,2.0,5.0
2269341,5.0,66.0,50.5,Unknown,2.0,31977.66,1.0,4.0
3283879,10.0,121.0,29.5,Male,2.0,93921.21,6.0,9.0
9413683,8.0,99.0,42.0,Unknown,2.0,49823.14,2.0,5.0
5761217,30.0,361.0,70.0,Female,3.0,642489.3500000001,6.0,9.0
735178,4.0,59.0,37.0,Unknown,2.0,27789.78,6.0,9.0
2341060,12.0,144.0,31.5,Male,2.0,39123.96,2.0,5.0
3716792,17.0,211.0,45.0,Male,6.0,286983.21,3.0,6.0
7749406,5.0,71.0,54.0,Unknown,2.0,41799.13,4.0,7.0
9621695,6.0,73.0,66.5,Unknown,2.0,40338.51,4.0,7.0
2001275,5.0,60.0,19.0,Unknown,2.0,31699.12,0.0,3.0
2322348,23.0,281.0,65.5,Female,3.0,623946.52,1.0,5.0
1459231,9.0,117.0,59.5,Male,2.0,76560.16,3.0,6.0
5677014,12.0,145.0,35.0,Female,4.0,485126.63,6.0,9.0
3971621,7.0,94.0,64.5,Unknown,2.0,42640.39,1.0,4.0
4308154,5.0,68.0,44.0,Unknown,3.0,182614.35,6.0,9.0
5245124,13.0,164.0,37.0,Male,2.0,33820.61,0.0,3.0
7008109,8.0,106.0,72.5,Male,4.0,465726.82,4.0,7.0
217761,4.0,58.0,22.0,Unknown,2.0,34647.69,5.0,8.0
8266748,15.0,185.0,33.5,Female,2.0,74124.98999999999,2.0,5.0
4066934,15.0,189.0,66.0,Male,2.0,179934.59000000003,2.0,6.0
1789128,27.0,328.0,50.5,Female,3.0,235208.91,6.0,9.0
5146401,16.0,194.0,58.5,Female,2.0,218322.18,6.0,9.0
6032872,7.0,91.0,43.5,Unknown,2.0,65236.61,2.0,5.0
5794543,12.0,146.0,53.5,Male,2.0,90094.5,2.0,5.0
8287199,22.0,275.0,60.5,Female,2.0,63323.38,0.0,3.0
664466,13.0,164.0,39.0,Male,2.0,38806.15,1.0,4.0
9912935,12.0,149.0,47.5,Female,2.0,128161.97,5.0,8.0
1127989,9.0,109.0,30.0,Male,2.0,31434.4,1.0,4.0
2312741,7.0,87.0,79.0,Unknown,2.0,56299.83,6.0,9.0
9456922,6.0,74.0,46.5,Unknown,2.0,144903.57,6.0,9.0
3875021,9.0,118.0,58.0,Male,2.0,347827.35,6.0,9.0
9227720,5.0,66.0,49.0,Unknown,2.0,40283.42,0.0,3.0
165900,5.0,63.0,62.5,Unknown,3.0,150167.51,0.0,4.0
5358303,13.0,159.0,53.5,Female,2.0,67998.15,1.0,4.0
6856821,33.0,406.0,59.5,Female,3.0,118709.95,4.0,7.0
4676984,14.0,177.0,39.0,Male,3.0,139904.02000000002,6.0,9.0
6351716,5.0,65.0,51.5,Unknown,2.0,29538.26,2.0,5.0
2912521,15.0,183.0,67.0,Male,2.0,29041.53,4.0,7.0
540589,8.0,106.0,66.5,Male,2.0,697541.54,5.0,8.0
4945469,15.0,190.0,56.5,Female,3.0,297626.83,3.0,6.0
5550553,11.0,143.0,54.0,Male,2.0,237506.79,2.0,5.0
3536773,16.0,195.0,55.5,Male,3.0,2970000.46,6.0,9.0
4075251,14.0,168.0,50.5,Male,3.0,37719.17,3.0,6.0
7146571,5.0,70.0,48.5,Unknown,2.0,190161.22,2.0,5.0
8018499,24.0,297.0,31.5,Male,3.0,143225.99,6.0,9.0
2963704,23.0,281.0,56.0,Female,2.0,23789.49,0.0,3.0
8320017,22.0,274.0,34.5,Male,2.0,36001.899999999994,5.0,8.0
339004,22.0,273.0,31.0,Male,2.0,45460.23,1.0,4.0
9964234,22.0,264.0,54.0,Female,2.0,310337.92,6.0,9.0
66539,21.0,260.0,31.5,Male,2.0,30098.62,0.0,3.0
8486606,21.0,259.0,25.0,Female,2.0,51878.51,6.0,9.0
9442227,21.0,259.0,65.0,Unknown,2.0,124596.23,3.0,6.0
9260966,21.0,254.0,29.5,Female,2.0,36986.59,5.0,9.0
6642237,18.0,216.0,52.0,Female,2.0,180424.22,6.0,9.0
4868943,17.0,214.0,39.5,Unknown,3.0,78887.29999999999,1.0,4.0
4400106,17.0,207.0,65.5,Female,2.0,83082.98999999999,6.0,9.0
4280389,16.0,199.0,33.0,Male,2.0,44274.35,6.0,9.0
8521482,31.0,381.0,67.5,Male,5.0,1175828.49,6.0,9.0
6090109,11.0,132.0,64.0,Female,2.0,128259.36,1.0,4.0
8685525,8.0,106.0,42.0,Female,3.0,564801.43,6.0,9.0
3689881,4.0,51.0,67.5,Unknown,2.0,406583.22,5.0,8.0
2119078,10.0,125.0,60.0,Male,2.0,38546.74,3.0,6.0
8509827,12.0,146.0,47.5,Male,2.0,290105.37,6.0,9.0
5908066,14.0,174.0,49.5,Female,2.0,126912.21,1.0,4.0
2511411,6.0,81.0,50.0,Unknown,2.0,33708.78,6.0,9.0
3576276,6.0,81.0,23.0,Unknown,2.0,40794.95,5.0,8.0
5742352,15.0,183.0,28.5,Male,2.0,28388.17,3.0,6.0
9456594,12.0,152.0,42.0,Male,3.0,266677.68,0.0,3.0
7877574,5.0,70.0,62.0,Female,2.0,213034.89,4.0,7.0
4435512,5.0,71.0,29.0,Unknown,2.0,27519.06,3.0,6.0
3662008,13.0,165.0,49.5,Male,2.0,121002.49,2.0,5.0
116345,14.0,176.0,51.5,Female,2.0,99985.54,0.0,3.0
1234545,10.0,130.0,67.5,Male,2.0,91539.47,2.0,5.0
4795946,9.0,113.0,56.5,Male,2.0,156361.25,1.0,4.0
9097207,15.0,190.0,43.5,Female,2.0,98672.98,0.0,3.0
3403556,4.0,56.0,54.5,Male,3.0,171575.32,5.0,8.0
9927319,13.0,165.0,47.5,Male,2.0,74062.5,2.0,5.0
2041796,16.0,192.0,53.0,Female,2.0,38283.57,1.0,4.0
5516984,13.0,157.0,75.0,Male,2.0,196179.85,5.0,8.0
5289052,13.0,157.0,46.5,Male,3.0,67397.81,4.0,7.0
7225623,5.0,62.0,44.5,Female,2.0,138671.63,2.0,5.0
4094805,15.0,186.0,32.0,Male,2.0,44920.22,6.0,9.0
27907,4.0,59.0,52.5,Unknown,2.0,29550.08,0.0,3.0
5889685,15.0,189.0,60.0,Male,2.0,99578.89,4.0,7.0
4175200,6.0,73.0,24.0,Female,2.0,27029.73,1.0,4.0
8408200,8.0,98.0,28.5,Male,2.0,34176.18,2.0,5.0
6444310,12.0,154.0,51.0,Female,2.0,32403.21,1.0,4.0
7387776,15.0,191.0,65.0,Female,2.0,123679.02,1.0,4.0
6338026,8.0,106.0,56.5,Female,2.0,80763.16,0.0,3.0
2876118,5.0,63.0,58.5,Unknown,2.0,41133.1,3.0,6.0
6618377,15.0,181.0,38.5,Female,3.0,78383.32,2.0,5.0
270682,4.0,59.0,61.5,Unknown,2.0,84231.1,4.0,7.0
1584960,18.0,219.0,61.5,Male,3.0,369159.84,4.0,7.0
2319125,5.0,68.0,24.0,Unknown,2.0,46059.14,1.0,4.0
738040,5.0,68.0,37.0,Male,2.0,44088.51,5.0,8.0
260044,6.0,75.0,39.5,Unknown,2.0,42303.82,1.0,4.0
2227327,5.0,68.0,51.5,Male,3.0,130605.56,6.0,9.0
8954204,36.0,434.0,50.0,Male,2.0,96291.76,6.0,9.0
6525445,6.0,82.0,52.0,Unknown,2.0,84957.81,0.0,3.0
7670796,10.0,130.0,61.5,Male,2.0,53677.37,4.0,7.0
5916139,4.0,59.0,37.0,Unknown,3.0,37837.88,3.0,6.0
7105748,14.0,168.0,44.0,Unknown,3.0,75761.83,0.0,3.0
6951355,7.0,89.0,60.0,Male,3.0,174721.27000000002,6.0,9.0
6003230,8.0,106.0,56.0,Female,2.0,633912.49,4.0,7.0
3849263,15.0,180.0,63.5,Female,2.0,34297.04,6.0,9.0
2781665,7.0,90.0,44.5,Unknown,2.0,39852.18,0.0,3.0
978616,27.0,335.0,66.0,Female,2.0,58100.45,6.0,9.0
3317639,15.0,191.0,67.5,Male,2.0,130970.54,6.0,9.0
5636801,14.0,178.0,62.0,Female,2.0,89565.26,6.0,9.0
9174161,8.0,105.0,32.5,Female,2.0,229143.36,3.0,6.0
5155886,8.0,96.0,27.5,Unknown,2.0,34779.16,2.0,5.0
3652116,14.0,170.0,35.5,Male,4.0,249769.04,6.0,9.0
6140290,14.0,170.0,60.0,Female,2.0,74555.31,6.0,9.0
6195482,10.0,121.0,45.0,Male,2.0,25116.54,5.0,8.0
6617331,4.0,49.0,23.5,Unknown,2.0,40272.5,6.0,9.0
3036664,6.0,77.0,42.0,Unknown,2.0,156486.39,1.0,4.0
1522030,14.0,178.0,51.0,Female,2.0,30532.19,4.0,7.0
8077552,8.0,98.0,37.5,Unknown,3.0,67837.28,3.0,6.0
409987,6.0,80.0,65.0,Unknown,3.0,431381.86,6.0,9.0
8012388,7.0,85.0,51.5,Unknown,2.0,892073.41,4.0,7.0
2282626,15.0,188.0,67.0,Male,2.0,44000.65,6.0,9.0
2821646,8.0,100.0,32.5,Unknown,2.0,27403.84,0.0,3.0
955207,7.0,91.0,58.0,Unknown,2.0,225446.32,2.0,5.0
4848547,29.0,353.0,70.0,Male,4.0,3641889.26,6.0,9.0
1009045,4.0,57.0,66.0,Unknown,2.0,205126.97,6.0,9.0
842397,13.0,164.0,47.0,Female,3.0,123368.09,1.0,4.0
1613132,16.0,202.0,70.5,Male,2.0,177569.37,4.0,7.0
6670895,5.0,70.0,37.5,Unknown,2.0,57893.64,6.0,9.0
1564585,4.0,59.0,24.5,Unknown,2.0,51196.46,1.0,4.0
7971470,11.0,142.0,36.5,Male,3.0,41989.3,3.0,6.0
5122706,5.0,64.0,25.5,Unknown,2.0,49248.26,2.0,6.0
9878614,5.0,70.0,25.5,Male,3.0,47076.47,2.0,5.0
8161337,15.0,191.0,50.0,Male,2.0,980773.54,6.0,9.0
8291796,4.0,58.0,70.0,Female,2.0,124788.92,1.0,4.0
6122858,15.0,186.0,36.5,Male,2.0,97180.34,4.0,7.0
6483346,16.0,197.0,51.0,Male,2.0,612857.3400000001,5.0,8.0
3678087,13.0,160.0,59.5,Male,2.0,48667.72,2.0,5.0
4070558,10.0,130.0,29.5,Female,2.0,102409.46,1.0,4.0
5574306,15.0,191.0,40.5,Female,2.0,116379.73,1.0,4.0
9198537,5.0,66.0,35.0,Unknown,3.0,63210.08,6.0,9.0
9444871,25.0,304.0,58.5,Male,3.0,131982.07,1.0,4.0
5381735,23.0,278.0,53.0,Unknown,2.0,67544.79999999999,5.0,8.0
9858493,23.0,278.0,60.5,Female,3.0,176233.34000000003,0.0,3.0
6934490,23.0,276.0,24.0,Unknown,2.0,249516.75,6.0,9.0
5700177,22.0,275.0,24.0,Female,2.0,52885.19,6.0,9.0
385555,22.0,271.0,47.0,Male,3.0,364475.14,6.0,9.0
8424498,22.0,271.0,55.5,Female,3.0,136010.65,1.0,4.0
5874439,21.0,258.0,24.5,Female,3.0,33253.25,2.0,5.0
468552,17.0,207.0,72.0,Male,3.0,265110.39,3.0,6.0
3812786,21.0,252.0,58.0,Female,2.0,481651.48,6.0,9.0
4106356,20.0,248.0,30.0,Male,3.0,275690.54,5.0,8.0
3231281,16.0,193.0,67.0,Male,2.0,283468.67,4.0,7.0
5619094,21.0,261.0,78.5,Male,2.0,157616.72999999998,6.0,9.0
4805602,7.0,89.0,31.0,Unknown,2.0,46006.83,5.0,8.0
8114658,6.0,83.0,45.5,Unknown,2.0,41965.48,1.0,4.0
1891378,6.0,72.0,59.5,Male,2.0,24067.4,0.0,3.0
3322887,18.0,216.0,17.5,Male,2.0,29066.55,1.0,4.0
7596918,13.0,166.0,39.5,Unknown,2.0,167547.21000000002,1.0,4.0
6646736,13.0,166.0,61.5,Unknown,2.0,49617.47,1.0,4.0
2064675,5.0,68.0,17.5,Unknown,2.0,26645.62,3.0,7.0
5227643,6.0,78.0,49.0,Unknown,2.0,31993.5,2.0,5.0
9499259,15.0,185.0,64.5,Male,2.0,3428511.36,5.0,8.0
9628216,7.0,91.0,21.5,Unknown,2.0,71018.66,4.0,7.0
3430885,6.0,73.0,47.0,Unknown,2.0,32181.32,1.0,4.0
1667786,6.0,78.0,50.0,Unknown,2.0,209009.83,6.0,9.0
7790935,4.0,58.0,29.5,Unknown,2.0,37222.16,3.0,6.0
1088932,10.0,131.0,45.5,Male,2.0,81237.89,1.0,4.0
943955,13.0,156.0,68.5,Male,2.0,86493.2,1.0,4.0
2353620,7.0,88.0,68.5,Unknown,2.0,222838.8,6.0,9.0
5536159,33.0,397.0,62.5,Male,2.0,268401.76,6.0,9.0
8389387,13.0,162.0,35.5,Male,4.0,540875.86,6.0,9.0
7890929,6.0,74.0,50.5,Unknown,3.0,137188.39,2.0,5.0
9499078,5.0,60.0,35.0,Unknown,2.0,28983.6,2.0,5.0
7026629,15.0,182.0,46.0,Female,2.0,39981.75,0.0,3.0
6531046,9.0,113.0,62.5,Female,2.0,88060.61,4.0,7.0
2222556,7.0,94.0,61.5,Unknown,2.0,29079.76,1.0,4.0
1553394,8.0,96.0,63.5,Unknown,2.0,46087.06,3.0,6.0
5611560,17.0,213.0,63.5,Male,2.0,96958.17,3.0,6.0
478808,7.0,93.0,31.5,Unknown,3.0,233745.74,6.0,9.0
1831070,13.0,166.0,36.0,Female,2.0,47611.51,1.0,4.0
8609253,26.0,318.0,51.5,Female,3.0,1745813.15,6.0,9.0
8175407,5.0,71.0,48.5,Unknown,2.0,77226.76,1.0,4.0
2948903,8.0,98.0,65.0,Unknown,2.0,217379.55,6.0,9.0
6264472,11.0,136.0,36.5,Male,2.0,193312.06,4.0,7.0
3065805,10.0,126.0,53.0,Unknown,2.0,53230.87,3.0,6.0
9593590,4.0,58.0,52.5,Unknown,2.0,27966.09,4.0,7.0
9039291,13.0,156.0,68.0,Male,2.0,73553.01,2.0,6.0
6005427,23.0,279.0,50.0,Male,2.0,118187.95,2.0,5.0
4766855,21.0,260.0,46.5,Female,2.0,29017.57,6.0,9.0
3383807,21.0,253.0,32.5,Male,2.0,46677.89,2.0,5.0
208156,21.0,253.0,72.0,Male,3.0,1080413.04,6.0,9.0
2659593,20.0,245.0,67.5,Female,2.0,51628.88,2.0,6.0
7056103,20.0,242.0,61.0,Unknown,3.0,690735.41,4.0,7.0
3388796,20.0,242.0,51.0,Male,3.0,1159130.7,6.0,9.0
6042415,19.0,238.0,55.0,Male,2.0,58035.49,6.0,9.0
4326386,20.0,251.0,61.5,Female,2.0,29579.62,1.0,4.0
2804439,10.0,123.0,26.0,Female,2.0,35983.48,0.0,3.0
7675311,15.0,181.0,35.5,Female,2.0,59347.22,1.0,4.0
3367240,5.0,70.0,27.5,Unknown,2.0,29365.03,3.0,6.0
9673113,27.0,326.0,70.5,Male,2.0,528257.35,6.0,9.0
8341006,6.0,74.0,41.5,Male,3.0,96278.69,1.0,4.0
6043261,27.0,326.0,61.0,Female,2.0,244233.23,2.0,5.0
516409,6.0,82.0,45.0,Unknown,2.0,55798.55,6.0,9.0
2549206,12.0,144.0,43.0,Male,2.0,47166.95,2.0,5.0
6586396,6.0,76.0,30.0,Unknown,2.0,23818.79,0.0,3.0
4035115,26.0,321.0,49.0,Female,2.0,281271.63,2.0,5.0
19060,9.0,117.0,55.0,Male,2.0,70494.94,0.0,3.0
6904,12.0,155.0,64.5,Male,2.0,348285.51,6.0,9.0
8397969,13.0,158.0,55.0,Male,2.0,32714.29,4.0,7.0
2342590,11.0,137.0,54.0,Female,2.0,73888.92,2.0,5.0
7911549,6.0,80.0,65.5,Unknown,2.0,30004.25,0.0,5.0
3562505,6.0,82.0,39.5,Unknown,2.0,34049.78,1.0,4.0
3030274,6.0,79.0,65.0,Unknown,2.0,670540.11,0.0,4.0
6719942,14.0,179.0,48.5,Male,2.0,24957.83,0.0,3.0
2118101,12.0,152.0,32.0,Male,2.0,43488.61,6.0,9.0
6735538,18.0,227.0,41.0,Male,2.0,79653.13,3.0,6.0
2643269,15.0,189.0,61.5,Male,2.0,298548.63,6.0,9.0
3673546,5.0,67.0,25.0,Unknown,2.0,44674.53,6.0,9.0
8900157,13.0,161.0,27.5,Male,4.0,83997.25,5.0,8.0
8254254,22.0,273.0,42.5,Male,2.0,92066.6,6.0,9.0
4557366,5.0,69.0,44.5,Male,2.0,269663.83,5.0,8.0
3477878,13.0,167.0,32.0,Female,2.0,38073.85,1.0,4.0
9164563,9.0,108.0,22.5,Female,2.0,29524.66,0.0,3.0
2685910,12.0,149.0,57.5,Female,2.0,135363.65,6.0,9.0
7207836,28.0,337.0,24.0,Female,4.0,168481.61,3.0,6.0
3306044,9.0,119.0,58.0,Female,2.0,53948.33,0.0,3.0
9139012,9.0,110.0,30.0,Unknown,2.0,65884.33,4.0,7.0
2262697,25.0,304.0,52.0,Female,3.0,81648.26,2.0,5.0
94552,23.0,283.0,67.0,Male,4.0,1516124.85,6.0,9.0
7158238,22.0,265.0,32.5,Male,2.0,32211.49,0.0,3.0
4312637,21.0,255.0,45.5,Female,2.0,774213.3300000001,4.0,7.0
1419363,20.0,250.0,36.5,Female,3.0,56199.92999999999,2.0,5.0
7908614,20.0,242.0,59.0,Female,3.0,72034.44,4.0,7.0
9740514,20.0,241.0,36.5,Male,2.0,258686.4,3.0,6.0
1975649,20.0,241.0,50.5,Unknown,2.0,47959.8,1.0,4.0
5750349,17.0,214.0,64.0,Male,2.0,212080.84000000003,0.0,3.0
8962467,12.0,146.0,34.0,Male,2.0,65386.01,5.0,8.0
4444070,23.0,280.0,24.0,Male,2.0,30467.96,4.0,7.0
1706785,4.0,58.0,29.5,Unknown,3.0,54145.72,5.0,8.0
6775155,15.0,184.0,38.0,Female,2.0,61670.87,2.0,5.0
4490901,6.0,73.0,35.5,Unknown,2.0,44761.96,0.0,3.0
3278968,5.0,70.0,57.5,Unknown,2.0,37994.02,0.0,3.0
8163594,18.0,219.0,59.5,Male,3.0,68764.91,6.0,9.0
7367037,4.0,57.0,37.5,Unknown,2.0,30308.12,1.0,4.0
7776170,8.0,106.0,54.5,Female,2.0,42475.13,1.0,4.0
8860992,10.0,126.0,64.0,Female,2.0,30693.0,1.0,4.0
7910385,15.0,181.0,56.5,Male,2.0,195792.58,6.0,9.0
7693085,12.0,151.0,33.5,Female,4.0,192603.0,6.0,9.0
1892368,13.0,161.0,31.5,Female,2.0,248473.54,0.0,3.0
6072001,16.0,194.0,67.0,Female,2.0,34991.35,4.0,7.0
3875579,15.0,190.0,78.5,Female,2.0,34102.48,0.0,4.0
8586486,12.0,154.0,48.0,Male,2.0,36265.21,0.0,3.0
8889690,15.0,190.0,49.5,Female,3.0,99800.26,2.0,6.0
9278592,51.0,612.0,45.5,Female,2.0,24747.93,2.0,5.0
1771187,12.0,155.0,48.0,Female,2.0,118698.85,2.0,5.0
8025695,13.0,164.0,69.0,Female,3.0,132101.61,0.0,3.0
7061359,33.0,400.0,67.5,Male,3.0,176124.89,6.0,9.0
8597482,6.0,72.0,37.5,Unknown,2.0,28185.93,6.0,9.0
4663381,7.0,92.0,59.5,Unknown,2.0,44950.7,2.0,6.0
609351,22.0,274.0,35.5,Male,4.0,61135.34,4.0,7.0
849561,21.0,263.0,62.0,Male,2.0,398171.9,6.0,9.0
379788,21.0,253.0,46.5,Male,2.0,104638.13,2.0,5.0
8557245,19.0,235.0,37.0,Male,2.0,47976.38,0.0,3.0
2427690,18.0,226.0,61.5,Female,2.0,36984.21,1.0,4.0
3705725,18.0,223.0,65.5,Male,2.0,40531.73,6.0,9.0
4094897,4.0,59.0,18.0,Unknown,2.0,45462.81,0.0,3.0
568086,3.0,40.0,27.0,Unknown,2.0,25100.84,2.0,5.0
9661591,14.0,178.0,36.5,Male,3.0,160591.32,5.0,8.0
4029048,6.0,80.0,47.5,Unknown,2.0,141358.37,3.0,6.0
1202704,5.0,61.0,26.0,Female,2.0,25357.61,2.0,5.0
5673485,28.0,337.0,57.0,Male,3.0,175139.43,1.0,6.0
8643625,14.0,176.0,42.5,Male,2.0,237869.65,5.0,8.0
8016271,8.0,103.0,21.5,Unknown,2.0,67993.79999999999,1.0,4.0
4348722,15.0,182.0,75.0,Female,2.0,54851.22,1.0,4.0
2284215,6.0,72.0,33.5,Unknown,2.0,77684.45999999999,2.0,5.0
5280625,11.0,133.0,67.5,Female,2.0,561786.9800000001,6.0,9.0
2542203,8.0,102.0,43.0,Unknown,2.0,116659.2,4.0,7.0
125305,11.0,143.0,33.5,Male,2.0,74182.76999999999,6.0,9.0
1924358,8.0,101.0,25.5,Unknown,3.0,58757.24,6.0,9.0
6552948,9.0,108.0,28.0,Female,2.0,76424.67,4.0,7.0
2981422,27.0,329.0,70.5,Male,2.0,61255.95,5.0,8.0
3543954,12.0,154.0,67.0,Male,2.0,94783.18,3.0,6.0
4505692,7.0,89.0,30.5,Male,2.0,36060.31,6.0,9.0
6367624,11.0,143.0,65.0,Female,2.0,77515.58,3.0,6.0
1927579,22.0,272.0,54.5,Male,2.0,63442.7,6.0,9.0
2554940,26.0,318.0,34.0,Female,2.0,51415.02,0.0,3.0
5797199,13.0,166.0,42.0,Male,3.0,139929.57,2.0,5.0
8632972,4.0,57.0,23.0,Unknown,2.0,44828.76,6.0,9.0
8835876,7.0,85.0,28.5,Unknown,2.0,38807.22,4.0,7.0
1778976,16.0,193.0,32.5,Male,2.0,155211.59000000003,4.0,7.0
7715876,6.0,83.0,25.5,Unknown,2.0,44277.48,1.0,4.0
354470,11.0,142.0,44.0,Male,2.0,403894.16,2.0,5.0
3173760,8.0,104.0,29.5,Male,2.0,69718.07,0.0,3.0
7787484,15.0,189.0,57.0,Male,2.0,280453.15,2.0,5.0
5362874,8.0,105.0,30.0,Male,2.0,38619.81,6.0,9.0
572522,6.0,75.0,64.5,Unknown,2.0,366496.82,4.0,7.0
2833889,9.0,111.0,34.5,Male,3.0,103084.19,6.0,9.0
6944375,9.0,113.0,45.0,Male,2.0,69110.16,2.0,5.0
3768610,8.0,107.0,29.5,Female,2.0,37073.76,0.0,3.0
7607936,16.0,193.0,52.0,Female,2.0,100806.15,6.0,9.0
1356288,16.0,194.0,37.5,Male,2.0,76447.79999999999,5.0,8.0
8375573,5.0,64.0,33.5,Unknown,3.0,33334.02,6.0,9.0
2170526,17.0,210.0,65.5,Female,2.0,192016.8,2.0,5.0
3185996,9.0,111.0,50.5,Male,2.0,347268.42,2.0,5.0
8029833,6.0,73.0,23.5,Male,2.0,59318.27,3.0,6.0
5866797,24.0,288.0,46.5,Female,3.0,202755.14,2.0,5.0
5781223,22.0,274.0,41.0,Male,3.0,83841.26,5.0,8.0
7507623,21.0,260.0,66.5,Male,2.0,68031.03,0.0,3.0
3844895,21.0,252.0,54.0,Female,2.0,119776.54,4.0,7.0
8355291,20.0,251.0,45.5,Male,3.0,43893.0,3.0,6.0
1764441,20.0,247.0,49.0,Female,2.0,29736.22,1.0,4.0
1075256,5.0,68.0,60.0,Male,2.0,146869.41999999998,6.0,9.0
4061978,6.0,76.0,49.0,Unknown,2.0,26041.01,1.0,4.0
487248,10.0,123.0,27.5,Female,2.0,25838.45,6.0,9.0
8238021,11.0,142.0,32.5,Female,2.0,46242.26,1.0,4.0
9333163,13.0,166.0,61.0,Male,2.0,38548.05,2.0,5.0
971149,9.0,109.0,25.0,Female,2.0,34026.04,6.0,9.0
6463094,6.0,72.0,44.5,Unknown,2.0,126605.26,1.0,4.0
8362283,20.0,250.0,60.0,Female,2.0,74665.51999999999,0.0,3.0
7398565,13.0,161.0,46.0,Male,2.0,40956.66,3.0,6.0
1515115,13.0,161.0,38.0,Male,3.0,114923.94,6.0,9.0
444644,15.0,189.0,67.0,Male,2.0,954380.96,5.0,8.0
3850432,8.0,99.0,64.0,Unknown,2.0,33410.05,2.0,5.0
3181643,7.0,95.0,69.0,Unknown,2.0,117201.18,5.0,8.0
8039815,12.0,150.0,26.5,Female,2.0,34383.68,1.0,4.0
7163998,5.0,67.0,21.5,Unknown,2.0,35119.03,4.0,7.0
5217472,5.0,71.0,34.5,Male,3.0,54489.24,3.0,6.0
8314951,5.0,68.0,29.5,Unknown,2.0,42390.7,3.0,6.0
3291616,5.0,70.0,24.5,Unknown,3.0,44845.61,6.0,9.0
8239508,7.0,94.0,27.5,Unknown,2.0,62210.02,1.0,4.0
8991607,20.0,247.0,24.5,Female,4.0,195676.48,4.0,7.0
320094,12.0,144.0,52.5,Male,2.0,63032.72,1.0,4.0
8103192,8.0,100.0,62.0,Female,2.0,228901.18,6.0,9.0
6932901,7.0,95.0,66.5,Unknown,2.0,62001.5,6.0,9.0
5388915,5.0,65.0,27.0,Unknown,2.0,27965.15,6.0,9.0
2210348,5.0,68.0,22.5,Unknown,2.0,42745.23,0.0,3.0
6559023,4.0,58.0,46.5,Unknown,2.0,40870.49,0.0,3.0
6381407,6.0,82.0,28.5,Unknown,2.0,58078.36,2.0,5.0
9779287,4.0,58.0,39.0,Unknown,2.0,43303.25,5.0,8.0
9825607,33.0,407.0,61.5,Unknown,2.0,150640.91999999998,1.0,4.0
7535186,6.0,78.0,53.0,Unknown,2.0,269600.82,0.0,3.0
304982,14.0,178.0,44.0,Female,2.0,449433.62,0.0,3.0
1815997,16.0,193.0,32.0,Male,4.0,132709.62,5.0,8.0
6668079,12.0,152.0,74.0,Female,2.0,137396.59999999998,5.0,8.0
7228877,25.0,309.0,57.5,Female,2.0,95192.95,2.0,5.0
3764472,16.0,197.0,35.5,Male,2.0,262821.46,1.0,4.0
2290722,4.0,59.0,50.0,Unknown,2.0,26553.84,3.0,6.0
8666628,14.0,169.0,54.0,Female,2.0,87022.36,6.0,9.0
222315,10.0,121.0,32.0,Male,2.0,58714.91,4.0,7.0
808964,6.0,82.0,60.5,Unknown,2.0,65738.95,0.0,3.0
6421519,24.0,292.0,62.0,Female,2.0,414285.82,2.0,5.0
8847678,20.0,249.0,23.5,Male,2.0,55795.36,4.0,7.0
2424965,19.0,237.0,63.5,Female,2.0,218497.55,0.0,3.0
9879012,19.0,230.0,22.5,Male,3.0,45652.66,2.0,5.0
3441915,18.0,225.0,60.5,Female,2.0,29981.9,0.0,3.0
2297514,29.0,353.0,68.0,Female,2.0,341320.83,4.0,7.0
1721019,5.0,65.0,27.5,Unknown,2.0,29013.23,3.0,6.0
6362799,7.0,91.0,24.0,Unknown,3.0,93089.95,5.0,8.0
6581483,14.0,178.0,32.0,Male,2.0,26666.94,0.0,3.0
4891889,18.0,224.0,41.0,Female,2.0,36424.69,0.0,3.0
6672577,12.0,145.0,30.5,Male,2.0,46617.65,3.0,6.0
4132062,7.0,84.0,27.0,Unknown,2.0,31608.67,6.0,9.0
1541367,7.0,89.0,64.0,Unknown,2.0,95547.1,6.0,9.0
3115529,4.0,58.0,20.0,Unknown,2.0,25052.22,6.0,9.0
1388717,12.0,154.0,44.5,Male,2.0,246584.85,4.0,9.0
309362,4.0,50.0,54.5,Unknown,2.0,190885.05,3.0,6.0
2512102,18.0,221.0,62.0,Male,2.0,25275.85,5.0,8.0
7883642,4.0,49.0,56.0,Unknown,2.0,49431.82,3.0,6.0
8262941,5.0,65.0,27.5,Unknown,2.0,41186.09,5.0,8.0
7835044,7.0,92.0,61.5,Unknown,2.0,706809.2000000001,6.0,9.0
9394235,15.0,182.0,26.0,Male,3.0,90488.61,6.0,9.0
1975521,21.0,253.0,63.0,Male,2.0,1095385.42,6.0,9.0
944222,4.0,59.0,23.5,Unknown,3.0,33416.6,6.0,9.0
7257825,5.0,60.0,31.5,Unknown,3.0,235337.08,1.0,4.0
4556323,9.0,118.0,28.5,Male,2.0,67921.26,6.0,9.0
4320842,9.0,119.0,59.5,Female,2.0,504692.71,0.0,3.0
8192981,11.0,136.0,29.0,Female,4.0,56341.16,6.0,9.0
7228853,6.0,75.0,21.0,Unknown,2.0,28084.37,1.0,4.0
2437429,4.0,56.0,36.5,Female,2.0,197134.65,0.0,3.0
6499742,5.0,60.0,28.5,Unknown,2.0,36894.4,6.0,9.0
450423,8.0,106.0,64.0,Male,2.0,68449.76999999999,6.0,9.0
8974887,16.0,193.0,68.5,Male,2.0,43452.28999999999,3.0,6.0
5742450,4.0,58.0,49.0,Unknown,2.0,43294.35,5.0,8.0
4845568,9.0,118.0,51.0,Unknown,2.0,98860.13,0.0,3.0
6722169,6.0,74.0,57.0,Unknown,2.0,41886.67,1.0,4.0
5707486,8.0,104.0,56.5,Unknown,2.0,55167.09,2.0,5.0
5217337,4.0,57.0,25.5,Unknown,2.0,39665.58,1.0,4.0
6233433,28.0,347.0,50.5,Male,2.0,120522.15,2.0,5.0
679426,9.0,119.0,63.5,Male,3.0,139160.66,2.0,6.0
3855350,4.0,59.0,36.0,Unknown,2.0,38499.84,0.0,3.0
8976740,16.0,199.0,32.5,Female,2.0,46486.33,1.0,4.0
2789495,9.0,113.0,53.0,Female,2.0,60489.76,0.0,3.0
2348840,24.0,289.0,60.5,Female,2.0,63240.13,0.0,3.0
6975917,22.0,268.0,43.0,Male,2.0,47820.5,0.0,3.0
9070866,21.0,259.0,57.5,Male,3.0,401359.1,6.0,9.0
6660610,20.0,247.0,64.0,Female,3.0,138147.83000000002,3.0,6.0
3671415,20.0,245.0,35.5,Male,3.0,96705.41,6.0,9.0
6488522,19.0,233.0,56.0,Male,3.0,45355.38,4.0,7.0
9671649,18.0,226.0,68.5,Female,2.0,87513.98999999999,6.0,9.0
9094609,18.0,221.0,53.0,Male,5.0,421475.66,5.0,8.0
1657400,17.0,210.0,79.5,Male,2.0,68264.01,0.0,3.0
905532,16.0,200.0,51.5,Male,2.0,61095.04,5.0,8.0
6367708,13.0,156.0,26.0,Male,3.0,46104.52,6.0,9.0
1103375,16.0,201.0,46.5,Male,2.0,54945.25,0.0,3.0
4253810,4.0,58.0,24.5,Unknown,2.0,43636.42999999999,0.0,3.0
7368412,15.0,191.0,57.0,Male,2.0,121454.62,3.0,6.0
6637378,6.0,81.0,22.5,Unknown,2.0,315889.69,3.0,6.0
2834150,5.0,65.0,31.5,Unknown,2.0,25138.4,1.0,4.0
2999505,15.0,191.0,23.5,Male,3.0,100641.78,1.0,4.0
6918429,5.0,66.0,25.5,Unknown,2.0,27090.79,3.0,6.0
1656011,7.0,84.0,53.5,Unknown,2.0,110564.48,6.0,9.0
4007571,4.0,59.0,21.5,Unknown,2.0,45061.72,6.0,9.0
1491085,8.0,96.0,54.5,Unknown,2.0,86621.6,3.0,6.0
7848994,5.0,68.0,22.5,Unknown,4.0,44545.9,6.0,9.0
3950893,5.0,65.0,33.5,Unknown,3.0,175702.07,6.0,9.0
5453705,6.0,80.0,47.5,Unknown,4.0,292635.48,4.0,7.0
9319290,14.0,168.0,36.5,Male,2.0,56264.07,5.0,8.0
2442831,5.0,65.0,25.5,Unknown,3.0,64705.48,6.0,9.0
685752,5.0,64.0,29.5,Unknown,2.0,46971.73,2.0,5.0
9478169,7.0,89.0,64.0,Unknown,2.0,226053.58,1.0,4.0
4590672,6.0,74.0,33.5,Unknown,4.0,39783.03,6.0,9.0
1144495,14.0,179.0,55.0,Male,3.0,144028.91,1.0,4.0
5567976,14.0,171.0,42.5,Female,2.0,84900.17,6.0,9.0
7811453,6.0,72.0,30.0,Unknown,2.0,56406.32,2.0,5.0
9837067,7.0,95.0,50.0,Unknown,2.0,34233.81,1.0,4.0
6243375,4.0,58.0,26.5,Unknown,2.0,32458.77,6.0,9.0
8651045,4.0,58.0,23.0,Unknown,2.0,25031.93,6.0,9.0
480995,4.0,59.0,31.5,Unknown,2.0,77887.91,3.0,6.0
605940,4.0,58.0,81.0,Unknown,2.0,74547.79000000001,2.0,5.0
9568650,7.0,90.0,35.5,Unknown,3.0,397328.67,6.0,9.0
4483412,8.0,97.0,45.5,Unknown,2.0,68811.28,6.0,9.0
9525187,4.0,58.0,67.0,Female,2.0,42754.19,3.0,6.0
6559545,15.0,189.0,42.0,Male,2.0,27738.05,3.0,6.0
8756155,16.0,196.0,54.0,Female,2.0,66603.79000000001,6.0,9.0
4939843,13.0,167.0,55.0,Male,2.0,79239.29000000001,2.0,5.0
2678430,13.0,161.0,60.0,Male,2.0,501541.33,0.0,3.0
4925079,8.0,106.0,56.0,Female,2.0,49569.92,1.0,4.0
1308781,15.0,183.0,67.5,Male,2.0,161058.74,6.0,9.0
977939,7.0,86.0,59.5,Unknown,2.0,152864.93,3.0,6.0
5910853,10.0,131.0,68.0,Male,2.0,69400.88,1.0,4.0
3033091,10.0,120.0,56.5,Female,2.0,45425.83,3.0,6.0
9522418,5.0,70.0,53.0,Female,2.0,50676.14,0.0,3.0
3844318,14.0,174.0,52.5,Female,2.0,67793.84,3.0,6.0
2393856,11.0,142.0,54.5,Female,3.0,60640.39,0.0,3.0
4160315,4.0,58.0,60.5,Unknown,2.0,37019.62,2.0,5.0
5921420,16.0,195.0,48.0,Male,3.0,108947.77,6.0,9.0
1836254,10.0,130.0,58.5,Female,2.0,320242.15,0.0,3.0
510580,16.0,196.0,70.5,Female,2.0,82342.79000000001,0.0,3.0
6493127,12.0,152.0,51.0,Female,3.0,173742.59000000003,3.0,6.0
7573990,8.0,101.0,30.0,Unknown,2.0,28047.58,6.0,9.0
4086061,14.0,168.0,45.0,Female,2.0,123476.01,6.0,9.0
9964541,10.0,124.0,26.5,Male,2.0,63901.3,6.0,9.0
2022026,12.0,148.0,29.5,Female,3.0,99761.49,3.0,6.0
3018946,14.0,169.0,88.0,Female,2.0,42577.64,1.0,4.0
775603,23.0,287.0,53.5,Female,3.0,157280.64,3.0,6.0
6373497,20.0,250.0,73.5,Female,2.0,279370.87,6.0,9.0
702749,19.0,237.0,34.0,Male,3.0,59465.88,6.0,9.0
7875969,19.0,233.0,71.0,Male,2.0,41098.27,2.0,5.0
7355987,17.0,214.0,46.0,Female,3.0,191432.21,3.0,6.0
3090798,5.0,64.0,29.0,Unknown,4.0,53741.08,6.0,9.0
5296648,4.0,48.0,82.0,Unknown,2.0,478791.53,6.0,9.0
1215401,9.0,113.0,56.0,Male,2.0,29454.76,0.0,4.0
3148379,9.0,119.0,32.5,Male,2.0,42148.97,1.0,4.0
8309083,8.0,99.0,28.5,Unknown,2.0,41219.56,1.0,4.0
6821273,12.0,146.0,37.0,Unknown,2.0,254958.75,6.0,9.0
7622555,14.0,178.0,57.0,Female,2.0,85327.39,2.0,5.0
9343822,15.0,188.0,49.5,Female,2.0,224523.87,3.0,6.0
6372964,6.0,78.0,60.0,Female,2.0,35370.25,2.0,5.0
2565963,5.0,68.0,48.5,Unknown,2.0,26244.68,2.0,5.0
8022126,6.0,80.0,58.0,Unknown,2.0,49355.95,3.0,6.0
9920743,14.0,168.0,43.0,Male,2.0,60075.89,6.0,9.0
1830511,8.0,106.0,52.0,Female,2.0,84320.19,5.0,8.0
7831891,21.0,253.0,45.0,Male,2.0,42418.7,1.0,4.0
463414,15.0,186.0,45.5,Male,2.0,130407.24,4.0,7.0
7914621,9.0,115.0,32.5,Male,3.0,69011.29999999999,2.0,5.0
5063465,16.0,197.0,46.0,Female,2.0,73386.26999999999,0.0,3.0
9924218,18.0,217.0,33.5,Male,2.0,26961.27,6.0,9.0
4715380,28.0,344.0,73.0,Male,4.0,394421.64,6.0,9.0
9472361,15.0,190.0,63.5,Male,3.0,34688.09,6.0,9.0
9889913,15.0,182.0,42.5,Female,2.0,588721.18,3.0,6.0
1504422,8.0,98.0,26.0,Unknown,2.0,69818.01999999999,6.0,9.0
6504363,5.0,69.0,63.5,Unknown,4.0,453222.4,6.0,9.0
5347773,8.0,98.0,33.0,Unknown,2.0,70650.68,1.0,4.0
7413799,5.0,71.0,50.5,Male,2.0,467153.79,4.0,7.0
2937954,11.0,137.0,33.5,Female,2.0,78245.66,6.0,9.0
6542053,15.0,188.0,45.0,Female,2.0,189257.05,4.0,7.0
6835030,10.0,122.0,64.5,Unknown,2.0,36139.5,0.0,3.0
8201692,4.0,58.0,25.5,Unknown,2.0,44471.15,0.0,3.0
8139858,8.0,100.0,68.5,Unknown,2.0,39614.32,6.0,9.0
4592177,5.0,71.0,50.5,Unknown,2.0,27278.8,1.0,4.0
8733701,7.0,95.0,30.0,Unknown,2.0,86646.0,0.0,3.0
8432712,22.0,274.0,70.0,Male,2.0,417360.74,0.0,3.0
7479495,6.0,81.0,57.0,Unknown,2.0,158158.72999999998,4.0,7.0
6063870,6.0,79.0,18.5,Unknown,2.0,55943.36,5.0,8.0
8235049,18.0,220.0,50.5,Male,3.0,104175.92,6.0,9.0
5035892,14.0,168.0,34.5,Female,2.0,88935.26999999999,0.0,3.0
3272761,5.0,60.0,70.5,Unknown,2.0,25958.55,2.0,5.0
2404609,4.0,56.0,73.5,Unknown,2.0,35873.98,2.0,6.0
8335969,26.0,322.0,83.0,Male,3.0,121527.08,4.0,7.0
1456421,9.0,108.0,26.0,Male,2.0,30543.05,4.0,7.0
183399,5.0,70.0,53.5,Male,3.0,79553.0,5.0,8.0
5966640,7.0,91.0,56.5,Unknown,3.0,94013.76,6.0,9.0
4242794,9.0,115.0,36.0,Male,3.0,218773.7,1.0,4.0
282081,30.0,367.0,50.5,Female,2.0,260844.22,3.0,7.0
2123109,7.0,94.0,34.0,Unknown,3.0,43659.41,0.0,3.0
2111405,14.0,178.0,53.0,Female,2.0,122860.85,1.0,4.0
9825529,24.0,299.0,48.0,Female,3.0,32460.07,2.0,5.0
397150,22.0,271.0,53.0,Female,2.0,148450.99,0.0,3.0
5415276,21.0,253.0,58.5,Male,2.0,1218808.62,2.0,5.0
7373949,19.0,239.0,24.0,Male,2.0,181239.09000000003,2.0,5.0
5088541,18.0,224.0,55.0,Male,2.0,51509.4,5.0,8.0
9594106,12.0,150.0,29.5,Female,2.0,122459.52,6.0,9.0
928205,8.0,105.0,27.5,Male,2.0,33566.66,5.0,8.0
6052190,5.0,70.0,54.5,Unknown,2.0,35099.25,1.0,4.0
558676,16.0,202.0,53.0,Male,2.0,27726.51,5.0,8.0
161491,13.0,156.0,42.5,Male,2.0,125664.23,1.0,4.0
8072034,8.0,107.0,27.0,Male,2.0,67652.15,5.0,8.0
4812146,5.0,67.0,55.5,Female,2.0,57600.64,6.0,9.0
1989165,9.0,112.0,51.0,Female,2.0,68846.32,0.0,4.0
5064401,13.0,167.0,38.0,Female,2.0,33540.88,4.0,7.0
356581,5.0,71.0,64.5,Unknown,2.0,104546.65,6.0,9.0
9060189,9.0,116.0,74.5,Male,2.0,189198.25,0.0,3.0
6016244,5.0,69.0,51.0,Female,2.0,129157.81,0.0,3.0
4427193,12.0,150.0,59.0,Female,2.0,66383.64,2.0,5.0
3743,6.0,75.0,30.0,Unknown,3.0,48262.21,3.0,6.0
4932323,16.0,198.0,40.5,Male,3.0,148217.97999999998,6.0,9.0
5811120,5.0,64.0,36.0,Unknown,2.0,33615.52,6.0,9.0
8089480,5.0,71.0,45.5,Female,2.0,115971.47,1.0,4.0
4534403,6.0,74.0,24.0,Unknown,2.0,38223.01,6.0,9.0
2681090,5.0,70.0,52.0,Unknown,2.0,53199.95,3.0,6.0
5580011,7.0,86.0,23.5,Unknown,2.0,55313.3,6.0,9.0
8738260,6.0,74.0,40.5,Unknown,2.0,33369.23,2.0,5.0
3772689,34.0,415.0,66.5,Female,2.0,166823.82,2.0,5.0
6680536,14.0,178.0,68.5,Female,2.0,25025.27,0.0,3.0
1905509,16.0,197.0,44.0,Male,2.0,48043.81,1.0,4.0
1101457,5.0,65.0,63.0,Female,2.0,71498.56,2.0,5.0
422765,8.0,98.0,36.0,Unknown,2.0,150500.08000000002,5.0,8.0
5529630,28.0,336.0,55.0,Male,2.0,40753.8,1.0,4.0
6094235,11.0,143.0,46.5,Male,2.0,226074.31,2.0,5.0
1147651,8.0,97.0,34.0,Unknown,2.0,41577.8,0.0,3.0
4917405,4.0,58.0,26.5,Unknown,2.0,43311.11,4.0,7.0
6898251,5.0,68.0,32.5,Female,3.0,61323.86,3.0,6.0
7569710,5.0,71.0,33.0,Unknown,2.0,37967.1,0.0,3.0
1363528,8.0,100.0,33.0,Unknown,3.0,98556.51,6.0,9.0
9532309,2.0,35.0,25.0,Unknown,2.0,35643.93,3.0,6.0
3932987,30.0,370.0,72.5,Male,2.0,1506231.71,6.0,9.0
5541811,6.0,77.0,28.0,Unknown,2.0,72841.65,6.0,9.0
6737057,5.0,67.0,43.0,Male,2.0,86496.1,2.0,5.0
4409692,15.0,191.0,33.0,Male,2.0,105657.89,0.0,3.0
2673316,15.0,186.0,39.0,Female,2.0,48399.66,2.0,5.0
5927926,10.0,124.0,43.5,Male,3.0,83447.39,1.0,4.0
1688588,22.0,266.0,55.0,Male,3.0,300299.06,4.0,7.0
2991219,22.0,264.0,57.5,Unknown,2.0,99670.69,3.0,6.0
7779114,20.0,247.0,64.5,Male,4.0,312821.81,4.0,7.0
4933458,30.0,364.0,60.5,Female,2.0,700466.5900000001,2.0,5.0
8274871,17.0,209.0,69.5,Male,2.0,106711.29,6.0,9.0
1834244,15.0,187.0,43.5,Female,2.0,110805.53,0.0,3.0
1786154,11.0,140.0,73.0,Male,2.0,123908.28,4.0,7.0
3087957,5.0,65.0,59.5,Male,2.0,88027.47,3.0,6.0
8881992,6.0,78.0,43.0,Unknown,2.0,48879.2,2.0,5.0
5817288,7.0,94.0,66.5,Unknown,2.0,45538.96,0.0,3.0
1670773,8.0,101.0,48.5,Unknown,2.0,48921.8,5.0,8.0
9117740,10.0,131.0,46.0,Female,2.0,119753.91,0.0,3.0
7109570,12.0,152.0,31.5,Male,2.0,41812.52,1.0,4.0
3644201,5.0,60.0,70.0,Male,2.0,720785.43,6.0,9.0
2082482,8.0,106.0,50.0,Female,3.0,33375.94,3.0,6.0
4699152,6.0,72.0,20.5,Unknown,2.0,63268.94,0.0,3.0
2015049,16.0,198.0,35.5,Male,4.0,612205.31,6.0,9.0
3018065,5.0,68.0,28.0,Male,2.0,64908.84,6.0,9.0
9809166,15.0,188.0,34.5,Female,2.0,32617.83,1.0,4.0
237525,12.0,151.0,34.5,Female,2.0,87488.94,3.0,6.0
9460332,11.0,135.0,59.0,Male,2.0,37644.48,2.0,5.0
412025,6.0,83.0,35.0,Unknown,2.0,51830.57,6.0,9.0
262535,6.0,73.0,23.5,Male,2.0,64274.93,5.0,8.0
1335100,15.0,181.0,55.0,Male,2.0,47949.39,0.0,3.0
8187143,9.0,118.0,39.0,Male,3.0,130515.58,1.0,4.0
542609,10.0,124.0,67.0,Male,3.0,230338.09000000003,4.0,7.0
6763898,8.0,100.0,48.5,Unknown,2.0,56018.09,4.0,7.0
1771091,8.0,106.0,34.5,Male,3.0,171549.74,4.0,7.0
6340179,9.0,112.0,88.0,Male,2.0,989059.55,6.0,9.0
5089039,6.0,80.0,24.0,Unknown,2.0,140625.21,5.0,8.0
3519205,4.0,59.0,18.0,Unknown,2.0,33916.72,2.0,5.0
3025285,5.0,70.0,49.5,Unknown,2.0,30954.89,0.0,3.0
7388477,6.0,78.0,66.5,Unknown,2.0,62883.32,4.0,8.0
3352008,12.0,154.0,32.5,Male,2.0,31947.63,6.0,9.0
30493,15.0,184.0,49.5,Female,2.0,169561.27000000002,0.0,3.0
7465348,4.0,57.0,25.5,Male,2.0,31734.17,5.0,8.0
4015407,6.0,77.0,31.5,Unknown,3.0,60445.87,2.0,5.0
429957,11.0,132.0,69.0,Male,2.0,106844.56,3.0,6.0
716605,13.0,159.0,58.5,Female,3.0,85346.51,6.0,9.0
5782987,11.0,134.0,50.0,Male,2.0,49797.72,0.0,3.0
5080126,8.0,103.0,54.0,Unknown,2.0,44799.62,6.0,9.0
1813966,6.0,73.0,71.5,Unknown,3.0,91227.78,3.0,6.0
3313823,23.0,277.0,65.0,Male,2.0,970777.3,2.0,5.0
9566117,22.0,271.0,58.5,Male,3.0,711597.65,6.0,9.0
7428656,21.0,253.0,58.5,Female,2.0,31291.04,6.0,9.0
4894344,31.0,374.0,62.5,Female,2.0,49320.52,3.0,6.0
8024933,20.0,250.0,26.5,Female,2.0,49871.37,3.0,6.0
2737884,18.0,217.0,44.5,Male,2.0,90556.89,0.0,3.0
2759297,16.0,199.0,49.0,Male,2.0,136734.33000000002,5.0,8.0
994861,14.0,172.0,49.0,Female,2.0,31472.14,0.0,3.0
112128,10.0,124.0,28.0,Unknown,2.0,82314.39,3.0,6.0
8515299,6.0,75.0,28.0,Unknown,2.0,47626.82,6.0,9.0
3210401,6.0,75.0,20.0,Unknown,2.0,39968.65,1.0,4.0
4992306,17.0,215.0,50.5,Male,2.0,309715.42,4.0,7.0
3376210,8.0,100.0,32.0,Unknown,2.0,75645.12,2.0,5.0
6488226,6.0,81.0,66.0,Unknown,2.0,755141.56,1.0,4.0
9014287,7.0,94.0,27.0,Unknown,2.0,29342.87,2.0,5.0
7314764,6.0,82.0,46.5,Unknown,2.0,64758.11,2.0,5.0
2195277,6.0,77.0,52.5,Unknown,2.0,42947.01,0.0,3.0
1870844,7.0,86.0,44.5,Unknown,2.0,104267.67,1.0,4.0
3841536,14.0,179.0,48.5,Male,2.0,110284.39,1.0,5.0
9103394,6.0,75.0,46.0,Male,2.0,29775.36,3.0,8.0
2857405,4.0,58.0,41.0,Unknown,2.0,40534.71,4.0,7.0
612481,5.0,71.0,44.0,Unknown,3.0,213745.32,0.0,3.0
8118036,12.0,148.0,38.5,Male,2.0,97317.13,2.0,5.0
4322010,6.0,82.0,63.5,Unknown,2.0,40859.63,4.0,7.0
710837,7.0,89.0,58.5,Unknown,3.0,46714.94,4.0,7.0
2549650,10.0,121.0,45.5,Female,3.0,264108.5,2.0,5.0
6246821,4.0,59.0,47.0,Female,4.0,248352.87,6.0,9.0
7218675,7.0,84.0,41.0,Unknown,3.0,91640.66,6.0,9.0
5565881,34.0,416.0,71.5,Male,2.0,296956.77,6.0,9.0
3770237,6.0,72.0,60.5,Female,2.0,105650.6,6.0,9.0
5094401,6.0,83.0,25.5,Unknown,2.0,37866.07,1.0,4.0
924947,7.0,89.0,63.0,Unknown,2.0,176556.65999999997,0.0,3.0
3529432,25.0,309.0,25.0,Female,3.0,88194.61,3.0,6.0
5008538,9.0,111.0,52.5,Female,2.0,24676.34,1.0,4.0
7723675,17.0,209.0,62.0,Female,2.0,24328.79,4.0,7.0
6856193,12.0,147.0,66.0,Male,2.0,44517.64,5.0,8.0
6009927,12.0,154.0,57.5,Unknown,2.0,91225.46,1.0,4.0
3179230,32.0,391.0,73.5,Female,2.0,330405.05,4.0,7.0
5490654,16.0,203.0,45.0,Female,3.0,170948.34999999998,6.0,9.0
1765202,29.0,354.0,65.0,Male,2.0,851424.26,1.0,6.0
1209214,21.0,252.0,19.5,Male,2.0,28515.02,1.0,4.0
3629140,9.0,115.0,61.5,Female,2.0,66616.6,4.0,7.0
3077197,12.0,149.0,38.0,Male,2.0,145938.4,0.0,3.0
7893738,6.0,73.0,54.5,Unknown,2.0,32570.21,3.0,6.0
1256390,11.0,136.0,49.5,Male,2.0,136729.83000000002,3.0,6.0
1112209,5.0,71.0,66.5,Unknown,2.0,33529.36,1.0,4.0
1374352,4.0,59.0,29.5,Unknown,2.0,35465.7,5.0,8.0
394110,15.0,185.0,26.0,Unknown,2.0,47222.31,0.0,3.0
745986,7.0,94.0,36.5,Unknown,2.0,34379.47,1.0,4.0
3963721,13.0,158.0,51.0,Female,2.0,250803.35,0.0,3.0
6601486,24.0,291.0,68.0,Female,2.0,131721.15,6.0,9.0
4580133,5.0,70.0,24.0,Unknown,2.0,30812.68,3.0,6.0
8719542,16.0,193.0,50.5,Male,3.0,400150.01,1.0,5.0
8480271,22.0,265.0,48.5,Female,3.0,132677.41999999998,5.0,8.0
6328200,21.0,253.0,67.5,Female,3.0,1013860.16,4.0,7.0
5417250,20.0,250.0,84.0,Male,3.0,383426.25,1.0,4.0
2974324,21.0,253.0,38.0,Female,2.0,149695.06,6.0,9.0
3209230,19.0,239.0,72.0,Male,2.0,166405.32,6.0,9.0
9247136,17.0,210.0,58.5,Female,2.0,392586.18,3.0,6.0
7920394,35.0,431.0,60.5,Male,3.0,403816.79,6.0,9.0
1557768,13.0,157.0,60.0,Male,2.0,148805.32,2.0,5.0
5336866,7.0,86.0,35.5,Unknown,2.0,45964.03999999999,0.0,3.0
7640023,4.0,49.0,20.0,Unknown,2.0,25062.91,0.0,3.0
4841321,7.0,89.0,70.5,Unknown,2.0,226089.85,4.0,7.0
8854681,7.0,86.0,31.5,Unknown,2.0,39944.56,6.0,9.0
301969,4.0,58.0,61.5,Unknown,2.0,39040.04,3.0,6.0
2277821,12.0,153.0,34.0,Female,3.0,179381.53999999998,4.0,7.0
5078185,5.0,68.0,23.0,Unknown,2.0,27267.87,0.0,3.0
5646191,7.0,90.0,43.5,Unknown,2.0,28929.76,2.0,5.0
6185856,20.0,240.0,63.0,Male,2.0,120978.5,6.0,9.0
7282563,6.0,73.0,53.5,Unknown,2.0,70059.31,1.0,4.0
9303416,16.0,196.0,77.5,Female,3.0,45030.97,2.0,5.0
4151497,6.0,79.0,43.0,Unknown,2.0,89945.26,1.0,4.0
9799670,11.0,135.0,62.5,Male,4.0,2026124.65,6.0,9.0
7459485,14.0,171.0,35.5,Female,3.0,109227.14,3.0,6.0
2915635,13.0,156.0,21.5,Male,3.0,34983.119999999995,6.0,9.0
2435494,11.0,143.0,35.0,Female,2.0,62364.92,2.0,5.0
7816648,13.0,162.0,51.0,Unknown,2.0,124246.09,1.0,4.0
4151874,4.0,59.0,61.0,Unknown,2.0,133816.05,3.0,6.0
5819450,4.0,59.0,25.5,Unknown,2.0,29423.42,0.0,3.0
5848267,13.0,156.0,68.0,Male,2.0,556733.1000000001,2.0,5.0
1154402,5.0,71.0,51.0,Male,2.0,52842.37,6.0,9.0
447498,17.0,204.0,47.5,Female,3.0,125504.72,6.0,9.0
6269744,16.0,194.0,30.0,Female,3.0,38536.49,2.0,5.0
1022510,14.0,174.0,68.5,Male,2.0,151069.55,1.0,4.0
4796690,8.0,106.0,30.5,Female,2.0,30235.07,1.0,4.0
2147061,7.0,91.0,27.5,Unknown,2.0,69821.4,6.0,9.0
5638347,10.0,125.0,72.5,Female,2.0,209314.04,2.0,5.0
6108156,14.0,168.0,32.5,Female,2.0,25672.91,4.0,7.0
310380,7.0,95.0,41.0,Unknown,2.0,49225.75,0.0,3.0
585872,12.0,148.0,56.0,Female,3.0,232363.83,6.0,9.0
3575507,14.0,179.0,48.5,Male,2.0,104244.52,4.0,7.0
2527557,15.0,180.0,62.0,Male,2.0,1258139.86,4.0,7.0
3030826,6.0,77.0,60.5,Unknown,2.0,85778.28,1.0,4.0
7294595,5.0,65.0,24.5,Unknown,2.0,36268.71,1.0,4.0
6141432,5.0,60.0,36.0,Unknown,3.0,199703.92,6.0,9.0
5042070,4.0,59.0,27.5,Unknown,2.0,44593.74,1.0,4.0
1897836,5.0,70.0,52.5,Unknown,2.0,60029.46,3.0,6.0
2629185,14.0,176.0,28.5,Male,2.0,32992.0,1.0,4.0
7055464,4.0,59.0,58.5,Unknown,2.0,36401.67,5.0,8.0
7422759,5.0,71.0,26.0,Unknown,2.0,52195.41,6.0,9.0
7664935,8.0,106.0,64.5,Male,2.0,43040.23,1.0,4.0
464397,12.0,150.0,26.0,Male,2.0,35148.63,5.0,8.0
4570643,5.0,66.0,46.5,Unknown,3.0,534536.89,5.0,8.0
3783662,13.0,161.0,36.5,Male,4.0,258408.05,6.0,9.0
5902352,24.0,293.0,53.0,Female,3.0,148093.69,4.0,7.0
5306811,23.0,284.0,46.5,Female,3.0,112214.1,6.0,9.0
8990132,23.0,283.0,77.5,Male,3.0,184077.94,6.0,9.0
7411125,23.0,277.0,50.5,Male,3.0,345199.49,4.0,7.0
8417872,21.0,258.0,61.0,Male,2.0,149227.34999999998,2.0,5.0
9218453,18.0,220.0,66.5,Female,2.0,130456.75,2.0,5.0
8503272,6.0,80.0,32.0,Unknown,3.0,34173.92,5.0,8.0
4871136,7.0,85.0,45.0,Unknown,2.0,23800.14,1.0,5.0
6129967,13.0,157.0,65.5,Female,2.0,33921.69,6.0,9.0
1197,7.0,85.0,28.5,Unknown,5.0,177062.14,5.0,8.0
5031420,4.0,58.0,55.0,Unknown,2.0,39678.98,1.0,4.0
6720861,4.0,56.0,23.0,Unknown,2.0,38716.0,2.0,5.0
6440386,8.0,98.0,33.0,Unknown,2.0,33777.07,1.0,4.0
9188151,8.0,101.0,58.0,Male,3.0,264028.58,1.0,4.0
2513163,15.0,190.0,60.0,Male,2.0,74027.28,2.0,5.0
8151693,18.0,227.0,58.0,Male,2.0,30713.66,6.0,9.0
6727127,16.0,196.0,54.5,Female,2.0,27203.86,2.0,5.0
3508681,33.0,406.0,58.5,Female,2.0,361736.55,6.0,9.0
8970620,6.0,80.0,52.0,Unknown,2.0,796929.2000000001,1.0,4.0
5666357,7.0,85.0,45.5,Unknown,4.0,202305.37,6.0,9.0
8865276,5.0,60.0,26.5,Unknown,2.0,38809.33,6.0,9.0
7362110,4.0,58.0,61.5,Unknown,2.0,32534.05,0.0,3.0
8287563,10.0,124.0,81.0,Female,2.0,29565.19,2.0,6.0
8048568,11.0,143.0,38.0,Male,3.0,111895.78,6.0,9.0
1936570,16.0,197.0,65.5,Male,2.0,44129.89,6.0,9.0
2373790,24.0,298.0,62.0,Male,3.0,218304.49,3.0,6.0
6725780,5.0,68.0,71.0,Unknown,2.0,303911.68,4.0,7.0
7895961,5.0,68.0,46.5,Unknown,2.0,72860.79000000001,6.0,9.0
4599161,28.0,346.0,57.5,Female,3.0,67677.23999999999,2.0,5.0
5108244,5.0,66.0,33.5,Unknown,2.0,31554.63,0.0,3.0
590464,14.0,175.0,61.5,Male,4.0,58904.43,2.0,5.0
2105507,4.0,58.0,30.0,Unknown,2.0,48254.17999999999,4.0,7.0
6839260,8.0,103.0,28.0,Unknown,2.0,27355.24,5.0,8.0
1869973,13.0,157.0,49.5,Male,2.0,93379.88,1.0,4.0
117621,14.0,171.0,35.0,Male,2.0,102118.4,3.0,6.0
5182613,5.0,70.0,25.5,Unknown,2.0,44943.92,1.0,4.0
3183069,6.0,75.0,33.5,Unknown,2.0,58693.75,6.0,9.0
743445,10.0,126.0,52.0,Male,3.0,46521.17,6.0,9.0
4413135,10.0,127.0,38.5,Male,3.0,28266.34,6.0,9.0
573338,7.0,91.0,27.0,Unknown,2.0,75336.95999999999,6.0,9.0
7371764,10.0,123.0,67.0,Male,2.0,1645302.78,1.0,6.0
1794745,13.0,159.0,40.0,Female,4.0,436038.51,2.0,5.0
8127978,26.0,318.0,49.5,Male,2.0,543535.89,4.0,7.0
9171566,27.0,330.0,48.0,Male,5.0,391267.88,6.0,9.0
7494242,6.0,83.0,24.5,Unknown,3.0,119412.28,6.0,9.0
636947,14.0,170.0,64.5,Male,2.0,325308.86,4.0,7.0
1364580,13.0,159.0,53.5,Female,3.0,155186.44,1.0,4.0
8957177,24.0,293.0,79.5,Female,2.0,56724.65,3.0,6.0
1588162,24.0,292.0,53.0,Female,2.0,93651.06,4.0,7.0
1539303,24.0,290.0,74.0,Unknown,2.0,199183.64,0.0,3.0
9898098,23.0,282.0,77.0,Female,2.0,357605.76,5.0,8.0
4958726,21.0,262.0,67.5,Female,2.0,36409.45,1.0,4.0
6993607,21.0,258.0,49.5,Male,3.0,271156.9,5.0,8.0
5357739,21.0,258.0,49.5,Male,2.0,124059.34,0.0,3.0
4288601,21.0,263.0,67.0,Female,2.0,844380.04,0.0,3.0
3085019,16.0,198.0,67.5,Female,2.0,49404.46,5.0,8.0
2116486,5.0,64.0,23.0,Unknown,2.0,32072.1,6.0,9.0
3862904,13.0,166.0,43.0,Male,2.0,87244.95999999999,1.0,4.0
2406356,6.0,72.0,27.0,Unknown,2.0,25136.17,1.0,4.0
3818663,11.0,143.0,32.5,Female,2.0,107892.33,2.0,5.0
1648608,13.0,166.0,60.5,Male,3.0,118284.5,2.0,5.0
960388,8.0,97.0,72.5,Male,2.0,651585.8500000001,5.0,8.0
258243,6.0,79.0,19.0,Unknown,2.0,36481.05,6.0,9.0
8180494,4.0,58.0,52.0,Unknown,2.0,31705.16,2.0,6.0
939325,7.0,88.0,31.5,Unknown,2.0,45562.2,6.0,9.0
7491018,4.0,58.0,19.0,Unknown,2.0,43702.42,3.0,6.0
9270264,5.0,70.0,21.5,Unknown,3.0,107057.49,5.0,8.0
3659871,8.0,100.0,28.5,Unknown,3.0,294961.54,6.0,9.0
2325224,6.0,73.0,43.0,Unknown,3.0,103632.61,6.0,9.0
7820846,15.0,186.0,71.5,Male,2.0,67843.17,2.0,5.0
7691516,14.0,179.0,64.5,Female,2.0,95971.74,1.0,4.0
1387596,5.0,68.0,65.5,Male,2.0,28195.51,1.0,4.0
3949059,6.0,79.0,50.0,Unknown,2.0,31878.75,0.0,3.0
1820486,6.0,80.0,23.5,Unknown,3.0,63475.3,4.0,7.0
3577625,5.0,65.0,56.5,Female,2.0,98584.13,1.0,4.0
8734234,9.0,116.0,51.5,Female,2.0,58490.22,0.0,3.0
7566747,6.0,82.0,51.0,Unknown,2.0,37736.61,1.0,4.0
1703474,6.0,77.0,57.5,Unknown,3.0,48444.25,1.0,4.0
6926403,7.0,91.0,52.0,Unknown,2.0,459543.03,5.0,8.0
578735,5.0,68.0,21.5,Unknown,2.0,39934.07,0.0,3.0
406265,15.0,189.0,58.0,Male,2.0,83751.94,1.0,4.0
7431159,16.0,196.0,63.0,Male,2.0,153688.76,6.0,9.0
8262994,7.0,85.0,27.5,Female,3.0,66747.87,2.0,5.0
8127825,5.0,62.0,33.0,Unknown,2.0,58053.59,5.0,8.0
2832939,6.0,82.0,42.0,Unknown,2.0,46700.51,0.0,3.0
916018,5.0,61.0,56.0,Unknown,2.0,145335.12,6.0,9.0
3915571,4.0,58.0,23.5,Unknown,3.0,54188.03999999999,2.0,5.0
4402030,14.0,175.0,73.0,Male,2.0,44391.88,4.0,7.0
3697396,11.0,142.0,69.5,Male,2.0,176605.26,0.0,3.0
7000550,5.0,64.0,23.0,Unknown,2.0,44516.35,5.0,8.0
1424799,6.0,75.0,56.5,Male,2.0,35245.97,2.0,5.0
1190394,4.0,58.0,18.0,Unknown,2.0,30589.75,1.0,4.0
886333,6.0,80.0,24.5,Unknown,2.0,44917.85,1.0,4.0
7468402,23.0,284.0,58.5,Female,2.0,48953.84,3.0,6.0
5624999,23.0,283.0,17.5,Male,2.0,31821.52,3.0,6.0
1818546,23.0,278.0,42.5,Male,3.0,90168.11,0.0,4.0
2744648,23.0,276.0,48.0,Female,2.0,92275.33,3.0,6.0
6728139,22.0,275.0,66.5,Male,3.0,951495.12,6.0,9.0
7255648,35.0,423.0,58.0,Male,4.0,930084.7,6.0,9.0
5652053,10.0,121.0,66.0,Female,2.0,242681.75,5.0,8.0
9103258,15.0,189.0,39.5,Female,2.0,143179.16,6.0,9.0
2775822,11.0,143.0,51.5,Female,3.0,28247.97,6.0,9.0
6651108,7.0,89.0,41.5,Unknown,2.0,69014.53,2.0,5.0
5500054,23.0,281.0,51.5,Female,3.0,138882.39,1.0,4.0
585528,8.0,96.0,48.0,Unknown,2.0,120228.32,1.0,4.0
9364729,8.0,103.0,74.5,Unknown,3.0,118008.69,3.0,6.0
973942,26.0,323.0,49.0,Female,3.0,92175.01,1.0,4.0
1835674,14.0,171.0,44.5,Male,2.0,28755.66,4.0,7.0
8687545,8.0,104.0,64.5,Female,2.0,144416.53,1.0,4.0
9870533,6.0,76.0,53.0,Unknown,2.0,49697.96,4.0,7.0
2036653,5.0,64.0,55.5,Male,2.0,895985.99,2.0,5.0
7646760,5.0,70.0,42.5,Female,2.0,50113.56,0.0,3.0
4654510,8.0,105.0,22.5,Male,2.0,77181.95999999999,6.0,9.0
1000353,6.0,78.0,59.0,Unknown,2.0,127576.12,0.0,3.0
9859285,18.0,216.0,50.0,Male,2.0,372587.97,6.0,9.0
8043814,12.0,145.0,69.0,Female,2.0,164858.41999999998,2.0,6.0
6103484,4.0,54.0,59.5,Unknown,2.0,92965.46,4.0,7.0
3156612,8.0,97.0,21.0,Unknown,2.0,26934.29,0.0,3.0
191619,7.0,88.0,33.5,Unknown,2.0,27282.84,2.0,5.0
8067628,13.0,156.0,30.0,Unknown,2.0,52980.44,6.0,9.0
8694045,7.0,90.0,63.5,Unknown,2.0,272882.48,5.0,8.0
6101775,14.0,169.0,71.0,Male,2.0,388196.5,1.0,4.0
8842221,9.0,111.0,21.5,Male,2.0,32010.0,3.0,6.0
9423248,17.0,206.0,55.5,Female,4.0,481790.19,6.0,9.0
8311089,7.0,85.0,59.0,Unknown,2.0,174004.12,1.0,4.0
5970677,10.0,130.0,43.5,Male,2.0,36813.24,1.0,4.0
9588516,16.0,197.0,47.0,Female,2.0,30264.18,5.0,8.0
2524763,8.0,106.0,49.5,Unknown,3.0,224486.22,4.0,7.0
453802,30.0,360.0,53.0,Male,2.0,199233.03,3.0,6.0
1328022,11.0,138.0,46.0,Female,2.0,138766.72999999998,2.0,5.0
4485249,4.0,57.0,57.5,Female,2.0,68283.6,2.0,5.0
6080253,5.0,71.0,31.0,Unknown,3.0,33370.98,6.0,9.0
5015182,12.0,155.0,60.5,Male,2.0,176185.32,1.0,4.0
9180210,5.0,70.0,58.0,Unknown,2.0,33834.85,1.0,4.0
9998921,15.0,189.0,38.0,Female,2.0,30644.1,4.0,7.0
3073326,3.0,47.0,25.0,Female,3.0,47924.2,6.0,9.0
4823082,4.0,59.0,45.5,Unknown,2.0,298053.2,4.0,7.0
5203638,14.0,173.0,45.5,Male,2.0,50888.31,1.0,4.0
3902353,25.0,306.0,60.0,Male,2.0,83609.29000000001,5.0,8.0
4619869,24.0,296.0,54.5,Male,3.0,1340271.13,1.0,4.0
2876364,24.0,289.0,36.5,Male,2.0,27216.17,6.0,9.0
9789519,22.0,267.0,52.5,Male,4.0,136977.47,6.0,9.0
2177970,21.0,262.0,47.5,Male,3.0,314011.3,2.0,5.0
1330837,6.0,78.0,28.5,Unknown,3.0,27556.75,2.0,5.0
2344790,7.0,94.0,44.0,Unknown,2.0,53159.27,2.0,5.0
1973052,16.0,196.0,47.0,Female,2.0,28464.25,1.0,4.0
126759,14.0,177.0,22.0,Male,2.0,83487.35,6.0,9.0
7227634,5.0,64.0,23.5,Unknown,3.0,35217.0,2.0,5.0
7407692,5.0,70.0,58.0,Unknown,4.0,185487.03,5.0,8.0
9226597,31.0,381.0,67.0,Male,3.0,3552737.22,6.0,9.0
3598499,6.0,74.0,27.0,Unknown,3.0,91577.67,3.0,6.0
382734,7.0,95.0,61.5,Unknown,2.0,424352.12,5.0,8.0
6199584,29.0,358.0,59.5,Male,4.0,976666.93,6.0,9.0
9804582,5.0,69.0,23.0,Unknown,3.0,86508.61,4.0,7.0
5633126,8.0,97.0,57.0,Unknown,2.0,271752.68,6.0,9.0
1522469,5.0,66.0,26.5,Unknown,3.0,52019.15,3.0,6.0
8817106,30.0,360.0,63.0,Male,3.0,39608.43,5.0,8.0
2307094,8.0,105.0,71.0,Female,2.0,51882.64,1.0,4.0
6405849,4.0,58.0,43.5,Unknown,2.0,41837.16,3.0,6.0
1737687,28.0,338.0,63.0,Male,2.0,722032.66,6.0,9.0
9425665,11.0,138.0,60.0,Female,2.0,281519.99,2.0,6.0
6444326,12.0,154.0,29.0,Female,2.0,48712.07,0.0,3.0
805889,6.0,77.0,66.5,Male,2.0,185867.84000000003,6.0,9.0
1781498,19.0,234.0,69.5,Female,2.0,976815.83,6.0,9.0
9323420,8.0,99.0,36.5,Unknown,2.0,120446.73,5.0,8.0
9898388,13.0,161.0,33.0,Female,2.0,30523.96,6.0,9.0
2955506,14.0,176.0,56.5,Female,2.0,117306.6,1.0,4.0
6912156,32.0,395.0,69.0,Male,4.0,1395225.54,6.0,9.0
137933,10.0,128.0,40.0,Female,2.0,34500.19,6.0,9.0
6564976,8.0,105.0,37.5,Male,2.0,50050.99,1.0,4.0
8702776,6.0,77.0,34.0,Unknown,2.0,34038.21,6.0,9.0
7021213,6.0,74.0,61.5,Male,3.0,1038811.07,3.0,7.0
3745583,16.0,200.0,43.0,Female,2.0,123716.5,3.0,6.0
7077496,7.0,87.0,25.5,Unknown,2.0,44720.3,3.0,6.0
3314571,6.0,74.0,54.5,Unknown,3.0,312659.12,4.0,7.0
1508297,9.0,116.0,57.5,Male,2.0,25368.03,6.0,9.0
5120135,14.0,177.0,64.5,Male,2.0,177570.96000000002,3.0,6.0
80127,15.0,185.0,45.5,Male,4.0,178829.02999999997,6.0,9.0
7846274,5.0,66.0,29.0,Unknown,2.0,52996.81,6.0,9.0
8546711,7.0,86.0,32.0,Unknown,2.0,188437.58,5.0,8.0
7759469,15.0,184.0,62.5,Female,2.0,108248.85,3.0,6.0
6526022,23.0,285.0,71.5,Male,2.0,347299.1,6.0,9.0
478932,23.0,277.0,49.0,Female,2.0,42778.02,1.0,4.0
7378600,22.0,272.0,64.5,Male,3.0,202312.84000000003,6.0,9.0
3256364,22.0,264.0,21.5,Male,3.0,37974.98,6.0,9.0
8227073,21.0,254.0,41.5,Male,3.0,393844.92,2.0,5.0
546664,20.0,247.0,58.5,Female,3.0,37926.34,6.0,9.0
3812833,20.0,240.0,76.0,Female,2.0,31604.02,4.0,7.0
8281643,17.0,215.0,49.0,Unknown,2.0,93307.88,5.0,8.0
9552050,7.0,92.0,25.5,Unknown,3.0,83162.18,6.0,9.0
9874898,5.0,63.0,48.0,Female,2.0,62143.97,2.0,5.0
9477476,12.0,155.0,33.0,Male,3.0,123048.17,5.0,8.0
9426700,8.0,106.0,33.5,Unknown,2.0,92645.1,2.0,6.0
5189980,5.0,71.0,62.5,Female,3.0,200890.52,6.0,9.0
3351016,14.0,173.0,41.0,Female,3.0,681328.53,6.0,9.0
1229899,23.0,285.0,52.5,Female,2.0,31490.39,4.0,7.0
5152075,16.0,197.0,46.0,Male,2.0,44406.46,6.0,9.0
175196,5.0,67.0,19.0,Unknown,2.0,35618.6,2.0,5.0
2973941,5.0,70.0,27.5,Male,3.0,102133.67,2.0,5.0
2637845,5.0,70.0,25.0,Unknown,2.0,24037.17,2.0,5.0
953658,11.0,140.0,67.5,Female,2.0,26823.89,3.0,6.0
2580603,5.0,69.0,25.0,Unknown,2.0,35372.98,6.0,9.0
8600325,9.0,111.0,28.0,Male,2.0,31337.85,5.0,8.0
1137042,27.0,327.0,66.5,Female,2.0,33883.84,1.0,5.0
634557,13.0,157.0,25.5,Female,2.0,34181.97,3.0,6.0
3670754,13.0,160.0,60.0,Male,2.0,166976.41999999998,1.0,4.0
9353814,12.0,155.0,45.0,Male,2.0,40596.71,4.0,7.0
4579385,17.0,206.0,44.5,Female,2.0,53047.19,0.0,3.0
3478755,5.0,70.0,61.5,Unknown,2.0,54719.38,1.0,4.0
1412277,14.0,177.0,40.0,Male,2.0,44033.36,1.0,4.0
5490692,5.0,64.0,22.0,Female,3.0,56777.53,6.0,9.0
6266472,8.0,97.0,38.0,Unknown,2.0,29407.57,1.0,4.0
5019653,5.0,71.0,46.0,Unknown,3.0,75085.54000000001,2.0,5.0
1473602,16.0,195.0,33.5,Female,3.0,159865.95,1.0,4.0
2982062,6.0,72.0,56.0,Unknown,2.0,28228.36,0.0,3.0
8203595,5.0,61.0,58.0,Female,2.0,31804.02,1.0,4.0
9169700,19.0,238.0,65.0,Male,2.0,28305.78,6.0,9.0
9605388,7.0,88.0,34.5,Unknown,2.0,48848.32,6.0,9.0
2039070,7.0,94.0,28.5,Unknown,2.0,79315.35,6.0,9.0
5545303,4.0,56.0,35.5,Unknown,3.0,73606.83,5.0,8.0
6875538,5.0,66.0,29.5,Unknown,2.0,159610.66999999998,6.0,9.0
5408845,33.0,396.0,53.0,Male,4.0,287596.87,4.0,7.0
4618842,6.0,73.0,37.5,Unknown,2.0,56484.65,3.0,6.0
83795,15.0,188.0,71.5,Female,2.0,206570.43,6.0,9.0
7989532,4.0,58.0,29.0,Unknown,2.0,34944.759999999995,0.0,3.0
1134427,5.0,67.0,49.5,Unknown,2.0,107294.73,6.0,9.0
6621142,4.0,52.0,29.0,Female,3.0,27724.24,3.0,6.0
7574606,9.0,111.0,24.0,Female,4.0,263570.78,1.0,4.0
734952,5.0,67.0,38.5,Unknown,2.0,27663.24,3.0,6.0
3332324,6.0,83.0,26.5,Unknown,2.0,44986.42,6.0,9.0
4043662,15.0,187.0,73.5,Female,2.0,147518.9,5.0,8.0
7203213,11.0,135.0,38.0,Male,2.0,288758.87,5.0,8.0
4836678,6.0,73.0,71.0,Female,2.0,53011.75,4.0,7.0
4705546,6.0,75.0,46.0,Unknown,3.0,51124.83,2.0,5.0
5889228,24.0,288.0,54.5,Female,3.0,367714.29,4.0,7.0
9111035,23.0,282.0,56.5,Male,2.0,53377.67,1.0,4.0
1918474,23.0,279.0,44.5,Male,2.0,186805.04,4.0,7.0
5969503,22.0,275.0,61.5,Female,2.0,84313.25,4.0,7.0
6219655,21.0,255.0,54.5,Male,2.0,47656.25,6.0,9.0
904007,21.0,253.0,47.5,Female,2.0,41543.13,0.0,3.0
9248229,21.0,253.0,55.0,Unknown,2.0,66742.13,3.0,6.0
1177276,20.0,244.0,61.0,Unknown,5.0,3450821.16,6.0,9.0
2387182,16.0,199.0,67.0,Male,2.0,138950.33000000002,5.0,8.0
4449333,12.0,145.0,33.5,Male,2.0,55744.37,3.0,6.0
2980350,17.0,215.0,71.0,Female,3.0,329755.27,6.0,9.0
9677689,11.0,140.0,61.0,Male,2.0,447571.07,0.0,3.0
9710174,14.0,168.0,24.0,Male,2.0,176098.58000000002,0.0,3.0
3623805,12.0,146.0,21.0,Male,3.0,61329.9,5.0,8.0
3420433,4.0,56.0,58.5,Unknown,2.0,73741.72,3.0,6.0
9274285,6.0,72.0,53.0,Female,2.0,68841.79999999999,2.0,5.0
6968403,7.0,91.0,43.5,Unknown,2.0,127571.99,6.0,9.0
313591,6.0,75.0,37.5,Unknown,2.0,55285.77,4.0,7.0
2252744,7.0,95.0,29.0,Unknown,2.0,61757.09,3.0,6.0
1664860,12.0,155.0,31.0,Male,2.0,125448.78,1.0,4.0
6991815,7.0,85.0,33.0,Unknown,2.0,42953.61,5.0,8.0
5285771,12.0,155.0,43.0,Female,2.0,121275.86,2.0,5.0
1842343,14.0,179.0,88.0,Male,2.0,309260.68,6.0,9.0
4147030,11.0,134.0,33.5,Male,2.0,114123.49,5.0,8.0
7879141,4.0,58.0,51.5,Unknown,2.0,37014.63,0.0,3.0
4163260,11.0,139.0,58.5,Female,2.0,26303.81,1.0,4.0
9129912,14.0,175.0,32.5,Male,2.0,76009.69,1.0,4.0
125124,16.0,198.0,73.0,Female,2.0,41000.57,4.0,7.0
4285909,11.0,137.0,74.0,Female,2.0,68433.51999999999,2.0,5.0
3153010,7.0,86.0,35.5,Unknown,3.0,438026.57,6.0,9.0
1904503,5.0,68.0,24.5,Unknown,2.0,96650.39,3.0,6.0
5456658,12.0,152.0,37.0,Female,2.0,69622.75,6.0,9.0
3215110,16.0,196.0,54.5,Male,2.0,51439.73,3.0,6.0
8465223,4.0,58.0,54.5,Unknown,2.0,31003.88,1.0,4.0
9434151,5.0,69.0,38.0,Unknown,2.0,35513.759999999995,6.0,9.0
1406408,13.0,161.0,40.5,Female,2.0,227061.68,1.0,4.0
6760050,11.0,132.0,67.0,Male,2.0,298218.47,2.0,6.0
2328158,4.0,58.0,37.5,Unknown,2.0,42453.44,0.0,3.0
3712567,6.0,76.0,35.5,Unknown,3.0,37972.85,6.0,9.0
4139600,21.0,255.0,62.5,Female,2.0,29867.61,6.0,9.0
428201,10.0,130.0,23.5,Female,2.0,44532.02,5.0,8.0
1974241,13.0,156.0,67.5,Female,2.0,219404.56,3.0,6.0
8200585,15.0,186.0,94.5,Unknown,2.0,108825.59,4.0,7.0
9290967,5.0,60.0,40.5,Unknown,2.0,49129.94,5.0,8.0
3236351,11.0,140.0,48.5,Female,2.0,36113.24,4.0,7.0
9020085,9.0,119.0,57.0,Female,2.0,37650.5,1.0,4.0
3099332,7.0,84.0,57.5,Unknown,3.0,189360.75,6.0,9.0
3996455,5.0,71.0,64.5,Unknown,2.0,52240.06,3.0,6.0
3150082,12.0,152.0,52.0,Male,2.0,117649.02,2.0,5.0
6168374,4.0,58.0,54.5,Unknown,2.0,60737.98,5.0,8.0
7890172,6.0,82.0,61.0,Unknown,2.0,70048.57,2.0,5.0
3752193,21.0,260.0,29.0,Male,2.0,38334.06,6.0,9.0
1240899,18.0,224.0,28.5,Male,3.0,61207.42,2.0,5.0
3688866,12.0,146.0,59.0,Female,2.0,320467.23,6.0,9.0
8319869,8.0,107.0,37.0,Female,3.0,207793.97,5.0,8.0
242833,4.0,58.0,19.5,Unknown,2.0,37946.69,0.0,3.0
369968,12.0,150.0,32.5,Male,2.0,32718.53,4.0,7.0
4746179,11.0,136.0,69.0,Male,2.0,250621.49,6.0,9.0
3500630,4.0,57.0,22.0,Unknown,3.0,119960.21,6.0,9.0
8689010,2.0,35.0,25.0,Unknown,3.0,31481.24,5.0,8.0
7767849,12.0,154.0,62.5,Unknown,2.0,138416.28,6.0,9.0
2234198,7.0,88.0,28.5,Unknown,3.0,54433.36,1.0,4.0
2169315,7.0,85.0,57.5,Unknown,2.0,42331.14,3.0,6.0
340534,4.0,59.0,37.0,Unknown,3.0,47485.02,0.0,3.0
2545668,15.0,183.0,70.0,Female,2.0,57752.78,2.0,5.0
2105198,17.0,209.0,37.5,Male,3.0,208457.77,6.0,9.0
1203974,10.0,127.0,58.0,Female,2.0,90087.88,5.0,8.0
175625,7.0,90.0,46.0,Unknown,2.0,264828.03,6.0,9.0
1249453,18.0,222.0,59.0,Male,2.0,25323.96,5.0,8.0
3070856,4.0,57.0,20.5,Unknown,3.0,39833.51,1.0,4.0
3214086,11.0,142.0,43.5,Male,2.0,170390.83000000002,3.0,6.0
786840,14.0,179.0,66.5,Male,3.0,182406.63,6.0,9.0
2857152,4.0,59.0,54.5,Unknown,2.0,34511.36,1.0,4.0
2657062,12.0,154.0,40.5,Female,2.0,63747.49,0.0,3.0
9575051,11.0,137.0,60.0,Female,2.0,89667.89,5.0,8.0
5050830,7.0,90.0,20.0,Unknown,2.0,28972.26,0.0,3.0
7833014,15.0,180.0,46.0,Female,2.0,583761.3400000001,6.0,9.0
4631957,11.0,136.0,44.0,Male,3.0,670850.3400000001,2.0,5.0
9373265,26.0,312.0,66.5,Female,2.0,87799.38,4.0,8.0
6793424,5.0,71.0,79.0,Unknown,2.0,57033.4,5.0,9.0
2994540,10.0,126.0,64.0,Female,2.0,30284.95,4.0,7.0
7524965,16.0,192.0,36.5,Male,2.0,31870.82,3.0,6.0
8803603,14.0,178.0,55.5,Female,4.0,124950.49,6.0,9.0
4053786,15.0,189.0,50.0,Male,2.0,25372.88,5.0,8.0
1644322,6.0,83.0,38.5,Unknown,2.0,38301.25,5.0,8.0
5215088,6.0,82.0,55.5,Unknown,2.0,74890.51,3.0,6.0
1323479,14.0,172.0,51.0,Male,3.0,47390.64,4.0,7.0
2354227,13.0,156.0,45.0,Male,4.0,283907.17,6.0,9.0
5647302,13.0,167.0,70.0,Male,2.0,350993.2,3.0,7.0
3395758,6.0,79.0,29.0,Unknown,2.0,41507.69,4.0,7.0
7075079,5.0,68.0,40.5,Unknown,2.0,49515.72,3.0,6.0
484375,11.0,138.0,38.5,Unknown,2.0,147858.01,0.0,3.0
9285028,9.0,110.0,54.5,Female,2.0,147673.16999999998,3.0,6.0
8928251,6.0,77.0,31.5,Unknown,2.0,52961.67,4.0,7.0
8996677,5.0,64.0,48.5,Male,2.0,53874.64,6.0,9.0
7567116,12.0,149.0,62.5,Male,2.0,24312.32,2.0,5.0
7695539,4.0,58.0,58.5,Unknown,2.0,24953.79,4.0,7.0
4110494,24.0,296.0,58.0,Male,3.0,1683901.75,6.0,9.0
8509527,24.0,292.0,57.0,Male,2.0,35906.31,5.0,8.0
5376483,22.0,269.0,59.5,Female,2.0,24952.66,2.0,5.0
8968297,22.0,265.0,73.5,Male,3.0,1593783.04,6.0,9.0
2271187,21.0,254.0,49.5,Unknown,2.0,144422.78,1.0,5.0
4090225,19.0,235.0,53.0,Female,2.0,32718.0,3.0,6.0
4767563,11.0,138.0,62.5,Male,4.0,148308.06,2.0,5.0
7823409,7.0,94.0,47.0,Unknown,3.0,207175.1,6.0,9.0
192160,27.0,334.0,71.0,Unknown,2.0,162755.05,5.0,8.0
3193662,6.0,76.0,69.5,Unknown,2.0,80160.98999999999,3.0,6.0
8398431,13.0,162.0,62.5,Male,3.0,629047.5700000001,4.0,7.0
3036745,4.0,57.0,23.0,Unknown,2.0,25170.15,5.0,8.0
1190820,15.0,185.0,26.0,Male,2.0,62981.52,0.0,3.0
3865233,14.0,170.0,23.5,Female,2.0,52159.7,6.0,9.0
4265401,9.0,110.0,49.5,Female,2.0,126396.03,3.0,6.0
6966763,7.0,94.0,28.5,Unknown,2.0,73063.04000000001,5.0,8.0
2665162,4.0,59.0,26.0,Unknown,2.0,36607.35,5.0,8.0
7613191,10.0,122.0,30.5,Female,2.0,28047.18,6.0,9.0
3710637,5.0,71.0,42.5,Unknown,3.0,153606.31,1.0,4.0
7794766,11.0,137.0,33.5,Male,3.0,32142.95,6.0,9.0
9076190,5.0,69.0,40.5,Unknown,3.0,144272.22,5.0,8.0
1794872,14.0,178.0,64.5,Female,2.0,32562.4,3.0,6.0
4411900,15.0,184.0,56.5,Male,3.0,175843.86,4.0,7.0
3811549,26.0,320.0,53.0,Female,2.0,119488.56,0.0,3.0
8793646,16.0,194.0,51.0,Male,2.0,167512.02000000002,3.0,6.0
7852080,6.0,83.0,32.5,Unknown,2.0,35840.97,6.0,9.0
5704193,14.0,179.0,65.0,Male,2.0,166481.36,1.0,5.0
1790884,5.0,71.0,29.0,Unknown,3.0,39363.96,2.0,5.0
1008407,15.0,189.0,48.5,Male,2.0,36116.33,1.0,4.0
4681687,22.0,270.0,55.0,Male,2.0,592627.3200000001,5.0,8.0
3242204,33.0,397.0,69.0,Female,2.0,48089.3,0.0,3.0
67845,30.0,369.0,85.0,Female,2.0,160364.63,0.0,4.0
4669816,16.0,193.0,38.0,Male,2.0,163105.07,3.0,6.0
6946226,12.0,146.0,33.5,Male,2.0,32228.55,3.0,6.0
426432,10.0,121.0,58.5,Female,2.0,62440.7,1.0,4.0
6396533,6.0,72.0,30.0,Unknown,2.0,36256.7,4.0,7.0
348888,4.0,58.0,28.0,Unknown,3.0,26015.52,1.0,4.0
7628721,6.0,74.0,20.0,Unknown,2.0,38471.7,5.0,8.0
6399372,10.0,122.0,27.5,Female,4.0,55137.61,2.0,5.0
4364845,8.0,98.0,49.5,Unknown,3.0,374226.02,3.0,6.0
9481649,8.0,97.0,43.5,Unknown,2.0,40432.15,2.0,5.0
6580232,14.0,179.0,63.5,Female,2.0,34812.05,2.0,5.0
8773702,10.0,126.0,39.0,Female,2.0,128826.09,1.0,4.0
7791554,15.0,180.0,30.0,Male,2.0,64922.48,5.0,8.0
95453,6.0,72.0,34.5,Unknown,2.0,55480.7,0.0,3.0
7240649,16.0,193.0,67.5,Male,2.0,104494.57,5.0,8.0
1265178,14.0,174.0,27.5,Male,2.0,69805.06,2.0,5.0
8419270,5.0,69.0,34.0,Male,4.0,76846.04999999999,1.0,4.0
6362415,8.0,104.0,35.5,Female,2.0,79439.43,1.0,4.0
2333169,24.0,299.0,64.5,Male,3.0,128891.03,6.0,9.0
8804122,22.0,271.0,52.0,Male,3.0,55790.53,6.0,9.0
8975574,20.0,249.0,47.5,Female,2.0,68811.1,2.0,6.0
2969737,20.0,247.0,65.5,Male,2.0,28479.63,3.0,6.0
5180168,20.0,242.0,45.5,Male,2.0,26844.21,2.0,5.0
6194562,21.0,256.0,33.0,Male,3.0,121523.81,5.0,8.0
8020967,18.0,223.0,43.5,Male,2.0,92584.72,0.0,3.0
3429213,17.0,214.0,45.0,Male,3.0,103543.28,4.0,7.0
9322440,17.0,207.0,54.0,Male,2.0,32320.13,0.0,3.0
1662483,16.0,197.0,51.5,Male,2.0,278938.62,6.0,9.0
133394,6.0,81.0,30.5,Unknown,2.0,43707.92,2.0,5.0
725905,10.0,120.0,56.0,Male,2.0,97182.81,0.0,3.0
7271127,9.0,119.0,62.5,Male,2.0,81563.4,2.0,5.0
2973289,27.0,329.0,63.0,Male,3.0,471060.72,3.0,6.0
2809621,6.0,75.0,37.5,Unknown,2.0,46521.22,6.0,9.0
2278584,7.0,88.0,42.5,Unknown,2.0,105591.3,0.0,3.0
4025387,27.0,326.0,61.5,Female,2.0,427769.42,6.0,9.0
1609635,14.0,174.0,67.0,Male,3.0,32804.47,4.0,7.0
5112427,5.0,61.0,39.0,Female,2.0,55072.99,1.0,4.0
52765,8.0,98.0,26.5,Unknown,2.0,28268.31,1.0,4.0
9218577,9.0,108.0,36.5,Female,2.0,241778.25,0.0,3.0
3180864,7.0,89.0,49.0,Unknown,2.0,52568.55,6.0,9.0
4101888,7.0,86.0,21.5,Male,2.0,25202.9,3.0,6.0
159970,5.0,65.0,34.0,Unknown,2.0,63821.52,3.0,6.0
3923623,5.0,70.0,26.0,Male,2.0,36759.38,6.0,9.0
1239818,5.0,62.0,26.0,Unknown,2.0,29163.64,3.0,6.0
4720646,10.0,130.0,31.5,Female,2.0,67308.45999999999,0.0,3.0
3979590,12.0,150.0,59.0,Male,2.0,152931.69,6.0,9.0
6982913,21.0,252.0,26.5,Female,2.0,30693.27,1.0,5.0
6426623,6.0,75.0,47.0,Unknown,2.0,43854.27,5.0,8.0
1716100,9.0,109.0,28.5,Male,2.0,49239.21,6.0,9.0
2236396,8.0,106.0,57.5,Male,2.0,74856.01,6.0,9.0
4400573,34.0,419.0,89.0,Male,3.0,391390.91,3.0,6.0
2166435,13.0,166.0,46.5,Unknown,2.0,60263.43,1.0,4.0
6875260,8.0,97.0,69.0,Unknown,2.0,96164.42,4.0,7.0
6106057,26.0,315.0,57.0,Female,2.0,71591.09,2.0,5.0
5031965,15.0,187.0,36.0,Female,2.0,70141.91,1.0,4.0
6774612,6.0,80.0,35.5,Unknown,2.0,253708.16,2.0,5.0
5201743,8.0,105.0,48.0,Female,2.0,49144.64,1.0,4.0
9059926,4.0,49.0,20.0,Unknown,2.0,26632.87,3.0,6.0
1763978,23.0,284.0,58.5,Unknown,2.0,32986.66,0.0,3.0
9491552,22.0,274.0,62.5,Female,3.0,105228.16,3.0,6.0
5004515,21.0,258.0,53.5,Male,3.0,125353.73,6.0,9.0
2181092,21.0,254.0,89.0,Male,3.0,51133.76,5.0,8.0
2841010,21.0,253.0,49.5,Unknown,2.0,93292.21,6.0,9.0
5059388,20.0,241.0,56.5,Male,5.0,98586.05,6.0,9.0
6600155,20.0,240.0,19.5,Male,2.0,108540.78,6.0,9.0
1761728,6.0,83.0,45.0,Unknown,2.0,48325.89,3.0,6.0
6674314,13.0,166.0,50.0,Male,2.0,227172.4,6.0,9.0
4985930,6.0,78.0,31.0,Unknown,2.0,42022.99,2.0,5.0
3487352,5.0,71.0,21.5,Unknown,3.0,56258.51,1.0,4.0
2323408,13.0,165.0,42.5,Female,2.0,65274.74,4.0,7.0
8037764,15.0,186.0,55.5,Male,2.0,33698.25,0.0,3.0
842183,7.0,95.0,69.0,Unknown,2.0,29857.27,3.0,6.0
7330117,7.0,90.0,21.0,Unknown,2.0,28828.94,4.0,7.0
6564602,9.0,113.0,53.0,Male,2.0,83328.72,2.0,5.0
6680855,4.0,57.0,28.5,Female,2.0,69942.59,1.0,4.0
8095374,5.0,67.0,37.0,Male,2.0,25075.05,3.0,6.0
5382658,4.0,48.0,47.0,Unknown,2.0,39759.76,5.0,8.0
5611511,4.0,59.0,48.0,Unknown,2.0,56854.14,6.0,9.0
8362531,4.0,59.0,25.0,Unknown,2.0,31132.16,2.0,5.0
5969816,19.0,238.0,26.5,Female,2.0,35887.119999999995,0.0,3.0
7175764,13.0,157.0,47.5,Male,2.0,91514.62,0.0,3.0
9880179,12.0,155.0,31.0,Male,2.0,28576.2,3.0,6.0
7843741,9.0,115.0,33.5,Male,3.0,63071.32,6.0,9.0
8878848,4.0,54.0,29.0,Male,3.0,40142.08,5.0,8.0
6279427,13.0,156.0,26.5,Female,2.0,31953.53,2.0,5.0
6532430,23.0,283.0,58.0,Male,3.0,499815.7,0.0,3.0
540036,8.0,97.0,21.5,Unknown,2.0,31297.22,0.0,3.0
3644304,12.0,150.0,68.0,Female,2.0,114827.33,3.0,7.0
1741101,9.0,108.0,33.5,Unknown,2.0,41617.62,4.0,7.0
2644380,5.0,62.0,53.0,Unknown,2.0,35857.5,5.0,8.0
4267206,12.0,146.0,40.0,Male,2.0,157598.82,3.0,6.0
4026632,11.0,134.0,60.5,Male,2.0,31483.02,3.0,6.0
8409019,7.0,88.0,35.0,Unknown,2.0,28981.52,6.0,9.0
5925628,13.0,160.0,59.0,Female,2.0,85106.22,3.0,6.0
6146380,12.0,147.0,54.5,Female,2.0,40477.85,3.0,6.0
9587814,9.0,114.0,60.5,Male,2.0,26486.97,0.0,3.0
7520598,10.0,120.0,31.5,Male,2.0,35194.32,6.0,9.0
7327040,8.0,107.0,61.0,Female,2.0,47455.92,3.0,6.0
5642292,4.0,54.0,23.0,Female,2.0,28020.35,3.0,6.0
7113524,8.0,97.0,59.5,Unknown,2.0,41053.86,3.0,6.0
9839536,24.0,289.0,75.5,Female,2.0,104162.26,2.0,5.0
3155867,23.0,276.0,66.5,Female,2.0,809406.37,3.0,6.0
848198,21.0,263.0,42.0,Unknown,3.0,34661.05,0.0,3.0
7723676,30.0,370.0,75.0,Female,2.0,363105.78,0.0,4.0
7300238,22.0,269.0,53.5,Male,3.0,703012.28,0.0,5.0
4988481,17.0,214.0,57.0,Male,2.0,278126.95,3.0,6.0
5012526,17.0,207.0,35.5,Male,2.0,76251.04999999999,6.0,9.0
2286579,12.0,144.0,64.0,Male,3.0,60508.59,3.0,6.0
2854823,7.0,88.0,63.5,Unknown,2.0,65855.04999999999,3.0,7.0
6195846,5.0,67.0,26.0,Unknown,2.0,30516.67,0.0,3.0
3497097,7.0,84.0,48.0,Unknown,2.0,51883.97,0.0,3.0
5644486,10.0,130.0,76.0,Female,2.0,77892.58,4.0,7.0
9030466,5.0,62.0,51.0,Female,2.0,100304.19,0.0,3.0
3794155,7.0,85.0,41.5,Unknown,2.0,70867.9,5.0,8.0
7388500,7.0,95.0,65.5,Unknown,2.0,39388.35,5.0,8.0
9909236,6.0,77.0,58.5,Unknown,2.0,420527.84,6.0,9.0
5431148,26.0,322.0,27.0,Male,2.0,65337.89,3.0,6.0
745087,6.0,76.0,24.5,Unknown,2.0,28526.8,0.0,3.0
7551666,7.0,85.0,62.5,Unknown,2.0,61664.01,6.0,9.0
4872686,26.0,317.0,70.0,Unknown,3.0,159447.63,5.0,8.0
6219485,5.0,69.0,65.0,Unknown,2.0,90818.98,4.0,7.0
6408586,8.0,107.0,42.5,Male,2.0,112020.82,6.0,9.0
6958432,7.0,84.0,34.5,Unknown,2.0,25342.16,0.0,3.0
7094560,21.0,255.0,46.5,Female,3.0,38870.78,2.0,5.0
1294767,14.0,169.0,49.5,Male,2.0,24833.98,0.0,3.0
2908364,7.0,84.0,56.0,Unknown,3.0,40838.74,5.0,8.0
9279130,9.0,113.0,34.0,Female,2.0,69973.54000000001,1.0,4.0
3017374,31.0,378.0,26.5,Male,2.0,38323.68,3.0,6.0
4581207,26.0,314.0,47.0,Male,3.0,234765.71,3.0,6.0
9744503,14.0,176.0,62.0,Male,2.0,197720.44,6.0,9.0
8248069,16.0,192.0,49.0,Female,2.0,279769.58,2.0,5.0
6159261,16.0,202.0,65.0,Male,2.0,613614.16,4.0,7.0
8967467,10.0,126.0,60.0,Female,2.0,36864.78,5.0,8.0
9783619,17.0,214.0,61.5,Male,2.0,24996.39,1.0,4.0
1710617,8.0,101.0,38.5,Female,2.0,24217.25,1.0,4.0
6439921,13.0,159.0,43.0,Female,2.0,165144.71999999997,0.0,3.0
9224663,8.0,106.0,32.5,Unknown,2.0,41544.12,1.0,4.0
6990098,15.0,185.0,39.5,Male,2.0,219614.97,3.0,6.0
9427694,9.0,108.0,62.0,Female,2.0,178354.57,4.0,7.0
7974599,10.0,127.0,64.5,Male,2.0,28891.6,3.0,6.0
1713302,5.0,70.0,61.5,Male,2.0,377355.46,4.0,7.0
4675706,6.0,82.0,67.5,Unknown,2.0,132670.45,4.0,7.0
1535266,5.0,66.0,30.5,Male,2.0,61591.22,2.0,5.0
2431736,4.0,58.0,58.5,Unknown,2.0,26323.97,1.0,4.0
3232335,6.0,77.0,68.0,Unknown,2.0,269539.84,6.0,9.0
8505098,6.0,83.0,51.5,Unknown,2.0,64282.07,1.0,4.0
887671,13.0,158.0,29.5,Female,2.0,39387.54,1.0,4.0
9957263,12.0,155.0,30.5,Male,2.0,69151.48999999999,6.0,9.0
3314416,5.0,71.0,39.5,Unknown,2.0,30096.13,6.0,9.0
9149741,15.0,186.0,57.5,Male,2.0,155237.09000000003,6.0,9.0
8587059,4.0,58.0,33.5,Unknown,2.0,32366.18,2.0,5.0
1276796,15.0,189.0,50.0,Female,2.0,100820.45,3.0,6.0
2567834,5.0,64.0,29.0,Unknown,2.0,50391.4,2.0,5.0
2181599,9.0,119.0,42.5,Female,2.0,82058.53,6.0,9.0
2366463,15.0,188.0,82.0,Female,2.0,150940.26,4.0,7.0
9613235,14.0,169.0,55.0,Male,2.0,29556.98,1.0,4.0
1374037,10.0,127.0,48.5,Male,2.0,238516.15,6.0,9.0
5646679,6.0,81.0,29.5,Unknown,3.0,49283.24,2.0,6.0
8213456,11.0,132.0,65.0,Female,2.0,107586.89,1.0,4.0
4694039,26.0,322.0,57.0,Female,2.0,907955.19,6.0,9.0
3298633,15.0,189.0,52.5,Male,2.0,82455.17,6.0,9.0
8193155,8.0,96.0,59.0,Unknown,2.0,289823.29,6.0,9.0
149108,5.0,70.0,27.5,Unknown,2.0,49506.07,6.0,9.0
8181298,3.0,44.0,43.5,Unknown,2.0,42094.06,2.0,5.0
7878589,24.0,289.0,44.5,Male,2.0,90927.96,1.0,4.0
3845483,23.0,286.0,43.0,Male,3.0,161735.18,5.0,8.0
8081823,21.0,258.0,78.0,Female,2.0,42170.28,4.0,7.0
2218878,20.0,247.0,67.0,Male,4.0,467600.61,4.0,7.0
6450043,19.0,238.0,36.0,Male,2.0,33869.009999999995,0.0,3.0
7910959,19.0,235.0,56.0,Male,2.0,134539.97999999998,0.0,3.0
1283616,18.0,224.0,53.0,Male,2.0,92494.5,3.0,6.0
3045128,10.0,131.0,46.5,Female,2.0,58515.58,0.0,3.0
5417988,5.0,71.0,62.5,Male,2.0,28110.77,0.0,3.0
1194823,11.0,132.0,47.0,Unknown,2.0,70143.97,5.0,8.0
4328965,4.0,54.0,59.5,Unknown,2.0,233091.78,1.0,4.0
759536,18.0,216.0,52.0,Male,2.0,32374.11,6.0,9.0
7511654,6.0,74.0,51.0,Unknown,2.0,58874.31,2.0,5.0
9786636,6.0,82.0,24.5,Unknown,2.0,136660.69,5.0,8.0
4318251,5.0,60.0,62.0,Male,2.0,23839.59,5.0,8.0
4848740,14.0,168.0,35.0,Male,3.0,554819.49,6.0,9.0
623339,5.0,70.0,31.0,Unknown,3.0,69922.09,6.0,9.0
8443908,8.0,97.0,57.0,Unknown,2.0,42742.48,1.0,4.0
3867049,15.0,189.0,28.0,Female,3.0,62293.54,4.0,7.0
173084,9.0,116.0,25.0,Male,2.0,34266.399999999994,2.0,5.0
6090963,6.0,73.0,52.5,Male,2.0,32325.44,1.0,4.0
458326,7.0,94.0,49.5,Unknown,2.0,39746.09,1.0,4.0
5524463,4.0,51.0,55.5,Male,3.0,1234603.35,6.0,9.0
8310955,10.0,121.0,30.5,Female,2.0,27574.51,5.0,8.0
1119039,7.0,86.0,56.0,Unknown,2.0,99280.92,6.0,9.0
7665420,4.0,57.0,68.0,Unknown,3.0,213466.56,3.0,6.0
6304184,4.0,54.0,62.0,Unknown,2.0,60454.55,6.0,9.0
6808844,11.0,134.0,44.0,Male,2.0,74598.88,6.0,9.0
3972404,15.0,184.0,52.0,Male,2.0,52020.69,1.0,4.0
9910551,13.0,160.0,53.5,Male,3.0,71306.12,6.0,9.0
438539,7.0,86.0,31.5,Unknown,2.0,38387.02,5.0,8.0
9238891,26.0,313.0,54.0,Female,2.0,117801.03,0.0,3.0
3415699,15.0,190.0,51.5,Male,2.0,98879.26,4.0,7.0
4447602,7.0,95.0,23.5,Unknown,2.0,31367.96,1.0,4.0
7219287,14.0,169.0,57.5,Female,2.0,106858.77,3.0,6.0
7167518,9.0,108.0,67.0,Male,2.0,502588.75,0.0,3.0
6210539,4.0,57.0,26.5,Unknown,2.0,31479.29,1.0,4.0
1789967,6.0,83.0,27.0,Unknown,3.0,43570.82,6.0,9.0
4321297,7.0,86.0,59.5,Unknown,4.0,172388.90999999997,1.0,4.0
5694079,26.0,318.0,63.5,Female,2.0,59794.62,3.0,6.0
2996165,7.0,84.0,30.0,Unknown,2.0,27908.01,2.0,5.0
6355445,15.0,183.0,48.5,Male,2.0,45929.99,1.0,5.0
5806385,12.0,148.0,38.0,Female,2.0,34629.759999999995,0.0,3.0
7631517,4.0,57.0,40.0,Unknown,2.0,59056.54,6.0,9.0
8738377,15.0,185.0,45.0,Female,2.0,55635.81,6.0,9.0
8343132,7.0,88.0,63.5,Female,2.0,101816.34,2.0,5.0
8268739,10.0,127.0,57.0,Unknown,2.0,44807.76,1.0,4.0
7270902,23.0,286.0,51.0,Unknown,2.0,45622.37,3.0,6.0
6787449,21.0,260.0,51.0,Male,2.0,141088.14,6.0,9.0
8623986,21.0,257.0,49.0,Female,4.0,753447.28,6.0,9.0
9607208,21.0,253.0,49.0,Female,2.0,34234.33,2.0,5.0
1771561,20.0,240.0,42.0,Male,2.0,35627.6,3.0,6.0
9633586,18.0,223.0,68.0,Male,4.0,1351397.42,3.0,7.0
9239126,16.0,203.0,69.5,Male,3.0,153598.82,5.0,8.0
8094800,16.0,198.0,81.0,Male,3.0,159602.84000000003,0.0,4.0
8572550,16.0,192.0,55.5,Female,2.0,40168.52,1.0,4.0
6340165,7.0,95.0,54.0,Unknown,3.0,119987.5,6.0,9.0
9631077,13.0,157.0,36.0,Unknown,2.0,52324.13,3.0,6.0
7964160,9.0,116.0,25.0,Male,2.0,42899.2,4.0,7.0
9289251,16.0,192.0,59.5,Female,2.0,35145.52,6.0,9.0
3100504,10.0,125.0,56.0,Female,4.0,310695.11,6.0,9.0
696399,11.0,134.0,59.5,Unknown,2.0,46695.53,6.0,9.0
9691201,5.0,66.0,17.5,Unknown,2.0,31485.66,2.0,5.0
7565293,13.0,159.0,31.0,Female,2.0,94517.35,6.0,9.0
2839846,10.0,120.0,31.0,Female,2.0,61013.76,6.0,9.0
8864500,11.0,141.0,41.0,Unknown,2.0,93155.85,6.0,9.0
1621451,11.0,141.0,66.0,Female,2.0,63651.99,6.0,9.0
5536014,12.0,147.0,41.5,Female,2.0,120082.77,1.0,4.0
6620635,16.0,194.0,46.0,Female,2.0,44966.03,0.0,3.0
2947829,9.0,116.0,84.0,Female,3.0,293165.67,6.0,9.0
8342890,12.0,154.0,52.5,Female,2.0,56741.95,0.0,3.0
6027818,7.0,86.0,48.5,Unknown,2.0,37157.88,3.0,6.0
1523864,11.0,136.0,24.5,Male,2.0,47738.71,2.0,5.0
2528961,7.0,91.0,66.5,Male,3.0,75358.70999999999,1.0,4.0
7869060,16.0,194.0,65.5,Male,2.0,182558.76,3.0,6.0
5789058,9.0,119.0,49.5,Male,2.0,30819.81,0.0,3.0
1013676,4.0,58.0,24.5,Unknown,2.0,24935.83,6.0,9.0
4963381,6.0,78.0,31.0,Unknown,2.0,37543.16,6.0,9.0
6009565,4.0,59.0,64.0,Female,2.0,296260.05,4.0,7.0
1699231,8.0,107.0,31.5,Male,2.0,35048.3,2.0,5.0
3136865,15.0,190.0,55.0,Male,2.0,144488.84999999998,4.0,7.0
824604,8.0,97.0,53.5,Unknown,2.0,227044.61,0.0,3.0
4380529,11.0,134.0,38.5,Female,3.0,129040.72,2.0,5.0
4227953,5.0,64.0,28.5,Unknown,2.0,47849.35,2.0,5.0
1242892,6.0,77.0,40.0,Unknown,2.0,26750.48,1.0,4.0
7905924,16.0,195.0,69.5,Female,3.0,155399.82,3.0,6.0
6178903,16.0,199.0,62.5,Female,2.0,153491.22999999998,6.0,9.0
3785212,35.0,424.0,64.5,Unknown,4.0,289510.14,6.0,9.0
8855514,10.0,128.0,60.0,Female,2.0,617710.0900000001,3.0,6.0
3449157,13.0,164.0,25.5,Female,2.0,49040.81,0.0,3.0
9944948,6.0,73.0,25.5,Unknown,2.0,36390.28,2.0,5.0
6484437,15.0,190.0,29.5,Male,2.0,103781.12,6.0,9.0
297788,5.0,66.0,56.5,Unknown,2.0,325708.33,6.0,9.0
5384737,3.0,46.0,23.5,Unknown,2.0,34880.49,4.0,7.0
9510039,21.0,253.0,57.5,Female,2.0,31060.73,6.0,9.0
4400495,31.0,379.0,70.0,Female,3.0,287371.09,5.0,8.0
899327,5.0,70.0,29.5,Unknown,2.0,53930.53,6.0,9.0
279820,14.0,178.0,63.0,Female,2.0,342280.98,3.0,6.0
5034090,16.0,195.0,80.5,Male,2.0,57652.17,1.0,4.0
7464330,6.0,83.0,19.5,Unknown,2.0,44098.84,3.0,6.0
4292144,4.0,57.0,59.5,Unknown,2.0,40042.24,1.0,4.0
8133214,24.0,296.0,67.0,Male,2.0,71116.86,6.0,9.0
6434330,22.0,270.0,49.0,Female,2.0,229502.33,5.0,8.0
3998871,22.0,269.0,63.5,Male,4.0,608101.8300000001,6.0,9.0
4036051,21.0,258.0,60.5,Male,2.0,692924.24,6.0,9.0
9490302,21.0,257.0,69.0,Male,4.0,434711.67,1.0,4.0
7235780,21.0,255.0,48.5,Male,3.0,55417.42999999999,4.0,7.0
3135360,21.0,253.0,56.0,Male,4.0,516930.91,6.0,9.0
1735090,10.0,128.0,26.0,Female,2.0,45586.4,2.0,5.0
9552022,7.0,94.0,29.0,Unknown,2.0,81843.63,1.0,4.0
8870501,4.0,58.0,29.0,Unknown,2.0,42027.47,6.0,9.0
3782540,5.0,65.0,75.5,Unknown,2.0,104488.77,0.0,3.0
6329564,12.0,154.0,59.5,Female,2.0,25007.34,1.0,4.0
3519145,14.0,169.0,50.0,Male,2.0,35242.09,5.0,8.0
708333,7.0,84.0,36.0,Unknown,3.0,60250.74,3.0,6.0
8146647,8.0,101.0,26.0,Male,2.0,32975.03,3.0,6.0
8738051,5.0,70.0,56.0,Unknown,2.0,46871.78999999999,2.0,5.0
8868868,6.0,72.0,26.5,Unknown,2.0,46491.32,6.0,9.0
614865,8.0,96.0,49.0,Unknown,2.0,342575.28,5.0,8.0
4195684,5.0,70.0,30.0,Unknown,2.0,51157.94,2.0,5.0
452582,27.0,325.0,50.5,Male,2.0,723297.42,1.0,4.0
4731343,5.0,71.0,49.5,Unknown,2.0,64194.85,3.0,6.0
1882080,32.0,395.0,60.5,Female,2.0,102500.35,5.0,8.0
6192734,6.0,75.0,59.5,Unknown,2.0,1087019.37,3.0,6.0
329631,5.0,63.0,34.5,Unknown,2.0,33351.98,6.0,9.0
3671964,11.0,136.0,58.0,Male,2.0,33835.52,0.0,3.0
4441540,7.0,85.0,37.0,Unknown,2.0,39432.05,2.0,5.0
7088619,16.0,202.0,53.0,Male,2.0,40769.86,4.0,7.0
6018642,14.0,172.0,37.0,Female,2.0,82847.54000000001,2.0,5.0
2711987,10.0,128.0,52.0,Male,2.0,28648.08,0.0,3.0
8932242,14.0,169.0,31.5,Female,3.0,36286.68,1.0,4.0
6255182,13.0,156.0,70.0,Female,2.0,98106.89,6.0,9.0
589292,7.0,90.0,41.5,Unknown,2.0,37473.36,6.0,9.0
8880301,15.0,189.0,54.5,Male,2.0,106332.55,3.0,7.0
5369674,9.0,118.0,50.0,Female,2.0,154071.39,1.0,4.0
1180888,5.0,68.0,38.0,Unknown,3.0,43262.1,3.0,6.0
6079839,5.0,60.0,65.0,Female,2.0,532232.43,1.0,4.0
2263474,15.0,182.0,40.5,Male,2.0,30407.33,1.0,4.0
9545378,8.0,102.0,25.0,Unknown,3.0,108792.67,4.0,7.0
8299423,10.0,127.0,32.0,Female,2.0,83788.7,6.0,9.0
1870037,5.0,70.0,67.0,Unknown,2.0,84773.54999999999,6.0,9.0
9258598,4.0,59.0,19.0,Unknown,2.0,25094.46,1.0,4.0
5166938,4.0,56.0,70.0,Female,3.0,182066.41,3.0,6.0
8209858,11.0,134.0,33.0,Female,2.0,52974.47,0.0,3.0
9207971,8.0,104.0,40.0,Female,2.0,63970.19,1.0,5.0
9362949,11.0,142.0,37.0,Male,2.0,111899.97,2.0,5.0
8467959,14.0,175.0,52.5,Female,2.0,36498.42,4.0,7.0
4491505,26.0,322.0,24.0,Male,2.0,27561.47,0.0,3.0
6073932,16.0,202.0,36.0,Female,2.0,108250.12,0.0,3.0
8733441,12.0,154.0,64.5,Male,2.0,43649.88,0.0,3.0
149265,6.0,80.0,24.0,Female,2.0,24163.96,5.0,8.0
2211277,7.0,94.0,61.5,Unknown,2.0,51134.65,0.0,3.0
7025346,15.0,182.0,45.5,Male,2.0,144896.91999999998,2.0,5.0
1571924,23.0,284.0,71.5,Female,4.0,238989.02,5.0,8.0
8810363,23.0,279.0,74.0,Male,2.0,57366.7,1.0,4.0
5486973,22.0,270.0,60.0,Female,2.0,266337.94,3.0,6.0
9978718,21.0,256.0,64.0,Female,3.0,509141.2,6.0,9.0
170798,21.0,252.0,48.5,Male,4.0,615804.56,4.0,8.0
9524835,17.0,210.0,48.0,Female,3.0,636556.15,6.0,9.0
488565,17.0,210.0,53.0,Female,2.0,47668.06,2.0,5.0
6464132,16.0,198.0,71.5,Female,2.0,125630.35,6.0,9.0
3023031,15.0,189.0,37.5,Female,2.0,84468.13,1.0,4.0
429598,6.0,73.0,23.5,Unknown,2.0,55098.3,1.0,4.0
2177404,6.0,78.0,58.5,Female,2.0,40122.54,6.0,9.0
8924994,14.0,171.0,83.0,Male,2.0,681965.04,6.0,9.0
6823672,7.0,85.0,28.0,Unknown,2.0,33308.28,0.0,3.0
1186194,16.0,193.0,69.5,Female,2.0,111270.71,3.0,6.0
7295638,3.0,40.0,38.5,Male,2.0,99241.56,5.0,8.0
7447840,7.0,93.0,64.0,Unknown,3.0,87034.33,4.0,7.0
8570573,8.0,104.0,35.0,Male,4.0,146192.37,6.0,9.0
1796120,15.0,189.0,27.5,Female,2.0,69347.92,6.0,9.0
7285822,5.0,64.0,28.5,Female,2.0,31093.85,4.0,7.0
9477332,14.0,175.0,53.5,Male,2.0,35020.91,3.0,6.0
4240194,8.0,107.0,34.5,Male,2.0,27538.17,6.0,9.0
4224816,4.0,56.0,29.0,Unknown,2.0,28132.47,0.0,3.0
7451835,7.0,89.0,75.0,Unknown,2.0,58765.7,6.0,9.0
437728,5.0,70.0,36.5,Unknown,3.0,67777.43,1.0,4.0
2014514,7.0,95.0,59.0,Unknown,2.0,46304.87,2.0,5.0
9855803,15.0,182.0,70.0,Male,2.0,202852.01,2.0,5.0
5349284,7.0,90.0,22.0,Unknown,2.0,51967.75,6.0,9.0
5943233,9.0,109.0,59.5,Female,2.0,43530.84,0.0,3.0
8754295,16.0,196.0,39.5,Male,2.0,29090.7,1.0,4.0
5505534,9.0,112.0,56.5,Male,2.0,77508.16,0.0,3.0
3221043,8.0,103.0,25.5,Unknown,2.0,45839.07,0.0,3.0
1728222,5.0,65.0,22.5,Unknown,2.0,38364.22,1.0,4.0
9728499,12.0,149.0,58.5,Female,2.0,51402.19,0.0,3.0
9123442,6.0,78.0,46.0,Unknown,2.0,35551.64,0.0,3.0
2541030,4.0,58.0,54.0,Unknown,2.0,34049.47,3.0,6.0
5759626,5.0,67.0,35.0,Unknown,2.0,44910.82,6.0,9.0
6360074,11.0,140.0,55.5,Female,2.0,57022.99,0.0,3.0
1122709,5.0,70.0,40.5,Female,3.0,118166.23,6.0,9.0
1881381,9.0,113.0,66.0,Female,2.0,217420.48,5.0,8.0
7717405,10.0,130.0,56.0,Male,3.0,1616902.8199999998,6.0,9.0
5843202,14.0,171.0,48.5,Female,2.0,259753.21,2.0,5.0
4391277,25.0,311.0,54.5,Female,2.0,213023.14,3.0,6.0
9980622,16.0,198.0,46.5,Male,2.0,159449.24,6.0,9.0
3257649,5.0,69.0,42.0,Unknown,2.0,41314.47,6.0,9.0
6636252,12.0,153.0,33.5,Male,2.0,1571961.61,2.0,5.0
6061403,14.0,178.0,48.0,Male,2.0,141464.71,6.0,9.0
7151474,7.0,89.0,68.5,Female,2.0,128565.7,5.0,8.0
2259039,9.0,119.0,29.0,Female,2.0,72988.43,1.0,4.0
296131,18.0,216.0,21.5,Female,2.0,72301.07,1.0,4.0
8385717,14.0,175.0,42.5,Male,3.0,245327.99,6.0,9.0
6750548,7.0,85.0,48.5,Unknown,2.0,219174.36,2.0,5.0
834626,8.0,96.0,27.5,Unknown,2.0,32998.48,6.0,9.0
9637289,5.0,68.0,40.5,Unknown,3.0,41529.74,1.0,4.0
6202008,6.0,82.0,63.0,Unknown,2.0,69546.23999999999,3.0,6.0
2109472,22.0,274.0,46.0,Male,3.0,175107.91999999998,3.0,6.0
3557672,22.0,269.0,56.0,Male,2.0,117165.36,6.0,9.0
8134452,21.0,263.0,58.0,Unknown,2.0,70582.85,4.0,7.0
3458978,21.0,262.0,44.5,Male,2.0,103221.66,3.0,6.0
256277,20.0,248.0,83.0,Male,4.0,619057.99,6.0,9.0
5011535,20.0,248.0,53.0,Female,2.0,120108.69,5.0,8.0
9522922,20.0,247.0,51.0,Male,4.0,704614.9400000001,6.0,9.0
6612990,19.0,239.0,47.5,Female,3.0,236258.72,2.0,5.0
532913,19.0,228.0,52.0,Unknown,2.0,73772.73,3.0,6.0
7655590,17.0,215.0,47.5,Female,3.0,98150.92,3.0,6.0
4477919,12.0,150.0,44.5,Female,2.0,40664.44,1.0,4.0
9368520,10.0,120.0,31.5,Male,3.0,1567142.42,6.0,9.0
2159788,26.0,316.0,37.5,Female,2.0,100521.75,3.0,6.0
1633645,4.0,58.0,33.0,Male,2.0,52189.71,4.0,7.0
8438448,14.0,169.0,56.5,Female,2.0,29700.77,4.0,7.0
5987833,6.0,78.0,20.5,Unknown,2.0,34121.22,1.0,4.0
6941337,9.0,118.0,25.0,Female,3.0,111387.43,3.0,6.0
7977061,11.0,138.0,55.5,Male,2.0,174486.28999999998,5.0,8.0
3420244,7.0,95.0,40.5,Unknown,2.0,45507.53999999999,4.0,7.0
3963779,15.0,183.0,52.5,Male,2.0,25631.84,0.0,3.0
9669628,6.0,83.0,54.5,Unknown,2.0,271230.39,6.0,9.0
8763190,5.0,68.0,45.0,Female,2.0,95657.36,6.0,9.0
4557744,6.0,82.0,23.5,Unknown,3.0,77157.35,6.0,9.0
8875746,4.0,58.0,34.5,Unknown,2.0,43043.01,3.0,6.0
7516259,7.0,93.0,35.5,Unknown,2.0,34387.79,3.0,6.0
4287009,27.0,328.0,22.0,Female,2.0,304482.66,6.0,9.0
2111268,7.0,85.0,27.5,Unknown,3.0,152446.5,4.0,7.0
7248062,5.0,66.0,30.5,Unknown,2.0,26357.87,1.0,4.0
5217227,6.0,83.0,30.0,Unknown,2.0,64254.86,1.0,4.0
109662,17.0,204.0,54.5,Male,2.0,177964.89,6.0,9.0
5186923,15.0,183.0,52.0,Male,2.0,282021.79,6.0,9.0
6174475,17.0,207.0,71.5,Female,2.0,401468.89,6.0,9.0
9380579,12.0,147.0,38.0,Female,2.0,33039.45,2.0,5.0
8835625,7.0,84.0,46.0,Unknown,2.0,110766.29,6.0,9.0
1949499,15.0,182.0,48.0,Male,2.0,33869.54,0.0,3.0
9725398,5.0,68.0,40.0,Unknown,3.0,38000.44,1.0,4.0
6954695,11.0,143.0,47.5,Male,2.0,53219.61,6.0,9.0
5908431,28.0,346.0,67.5,Male,2.0,328040.12,2.0,5.0
3845216,15.0,183.0,62.5,Female,2.0,104681.99,2.0,5.0
4390760,11.0,143.0,30.0,Female,2.0,69706.25,2.0,5.0
9670706,13.0,165.0,40.0,Male,2.0,1368342.97,4.0,7.0
593044,9.0,108.0,32.5,Male,2.0,59710.35,3.0,6.0
301165,18.0,216.0,41.0,Male,2.0,42600.46,0.0,3.0
8931529,9.0,111.0,66.0,Female,2.0,53740.07,5.0,8.0
7332962,5.0,71.0,39.5,Unknown,2.0,52957.92,0.0,4.0
6587845,12.0,151.0,56.0,Female,2.0,221166.01,5.0,8.0
6186943,12.0,146.0,38.0,Male,3.0,189305.66,0.0,3.0
3475892,9.0,118.0,62.5,Male,2.0,40273.2,1.0,4.0
6242298,7.0,90.0,48.5,Unknown,2.0,646917.7100000001,3.0,6.0
8496269,13.0,167.0,61.5,Female,2.0,79318.59,3.0,6.0
4382517,5.0,69.0,50.0,Unknown,2.0,91111.91,1.0,5.0
4056123,22.0,268.0,61.5,Male,3.0,156884.97999999998,3.0,6.0
5418650,24.0,291.0,26.0,Female,3.0,47512.1,6.0,9.0
1192384,23.0,283.0,49.5,Female,3.0,49658.31,2.0,5.0
3208119,21.0,257.0,49.5,Male,3.0,110776.03,4.0,8.0
4870954,21.0,252.0,54.0,Male,2.0,121264.49,6.0,9.0
6424094,19.0,237.0,29.0,Male,2.0,96866.56,1.0,4.0
4824391,18.0,224.0,59.0,Male,2.0,31077.21,2.0,5.0
468570,15.0,185.0,37.5,Female,2.0,81922.51999999999,2.0,5.0
7622618,9.0,117.0,36.5,Male,3.0,408304.41,6.0,9.0
5238758,8.0,96.0,29.5,Unknown,2.0,43070.88,2.0,5.0
5579150,11.0,136.0,48.0,Male,2.0,85246.75,3.0,6.0
7501406,3.0,47.0,21.5,Unknown,2.0,40670.39,2.0,5.0
8742532,9.0,108.0,54.0,Female,2.0,30821.71,5.0,8.0
3726482,6.0,73.0,38.0,Unknown,2.0,25950.81,1.0,4.0
7024103,8.0,99.0,67.0,Female,2.0,118356.09,6.0,9.0
2996230,8.0,105.0,33.0,Male,2.0,79503.01,6.0,9.0
9493365,15.0,187.0,41.5,Male,2.0,94841.49,5.0,8.0
9570744,18.0,224.0,53.0,Male,2.0,64566.77,6.0,9.0
8423312,29.0,349.0,56.5,Female,2.0,32490.53,2.0,5.0
8740805,10.0,128.0,35.0,Male,2.0,37077.09,2.0,5.0
5086117,15.0,181.0,50.0,Female,2.0,110397.66,1.0,4.0
5358630,31.0,376.0,80.0,Unknown,2.0,52892.56,6.0,9.0
1908897,11.0,142.0,66.5,Male,2.0,269816.9,5.0,8.0
8053780,4.0,58.0,52.5,Unknown,2.0,51999.52,4.0,7.0
4528250,9.0,116.0,54.0,Female,2.0,49666.7,2.0,5.0
8161448,6.0,74.0,39.5,Unknown,2.0,987912.94,5.0,8.0
4838186,12.0,152.0,39.0,Male,2.0,35431.8,5.0,8.0
3115718,6.0,76.0,70.5,Unknown,2.0,35732.29,6.0,9.0
4941096,10.0,126.0,64.5,Female,2.0,50045.17999999999,2.0,5.0
4550878,16.0,192.0,81.5,Male,2.0,184904.55,5.0,8.0
444558,4.0,55.0,22.0,Unknown,2.0,39812.36,6.0,9.0
1632591,7.0,93.0,53.5,Unknown,2.0,111849.34,1.0,4.0
9124265,15.0,187.0,44.5,Male,2.0,80304.06,6.0,9.0
2932023,6.0,73.0,63.0,Unknown,2.0,35918.31,1.0,4.0
5737089,21.0,259.0,74.0,Female,2.0,116944.7,3.0,6.0
1848821,10.0,131.0,22.5,Male,2.0,30866.71,2.0,5.0
5631969,5.0,67.0,43.5,Male,4.0,262866.31,6.0,9.0
2005396,8.0,97.0,47.0,Unknown,3.0,86797.68,0.0,3.0
6555565,12.0,155.0,40.0,Male,2.0,128715.57,1.0,4.0
1789996,6.0,80.0,54.5,Unknown,2.0,242328.88,6.0,9.0
8302067,15.0,181.0,51.5,Female,2.0,113276.15,0.0,3.0
5600808,11.0,139.0,69.0,Male,2.0,42778.22,3.0,6.0
2571952,10.0,131.0,29.5,Male,3.0,92916.35,5.0,8.0
4492125,9.0,110.0,31.0,Male,2.0,29766.18,2.0,5.0
8827095,17.0,215.0,48.0,Male,2.0,325683.51,0.0,3.0
2335669,5.0,66.0,59.0,Unknown,2.0,42549.99,6.0,9.0
6023597,23.0,284.0,63.0,Male,2.0,29176.65,3.0,6.0
1420912,21.0,253.0,20.5,Male,2.0,63028.5,3.0,6.0
9726076,20.0,250.0,57.5,Male,4.0,737138.75,6.0,9.0
9737891,19.0,238.0,62.0,Female,2.0,54336.95,2.0,5.0
741912,19.0,231.0,47.0,Male,3.0,161337.46000000002,5.0,8.0
1871798,18.0,216.0,37.5,Female,3.0,135073.99,5.0,8.0
7125370,5.0,67.0,29.0,Female,2.0,33870.47,2.0,5.0
1931619,14.0,177.0,24.5,Male,2.0,33797.13,5.0,8.0
5215554,7.0,94.0,37.0,Unknown,2.0,40295.57,0.0,3.0
4287473,9.0,109.0,50.0,Female,2.0,122318.02,0.0,3.0
2735332,3.0,42.0,71.0,Unknown,2.0,238345.16,6.0,9.0
1553793,15.0,181.0,42.5,Male,2.0,256025.24,5.0,8.0
6516858,24.0,289.0,55.5,Male,3.0,92409.91,6.0,9.0
6885405,15.0,187.0,40.5,Female,2.0,37165.22,1.0,4.0
4231428,6.0,72.0,36.0,Unknown,2.0,463734.21,4.0,7.0
1255080,8.0,105.0,31.5,Male,3.0,58150.27,1.0,4.0
8844151,9.0,112.0,53.5,Female,2.0,28124.13,1.0,4.0
7758608,6.0,73.0,29.5,Unknown,2.0,31563.42,1.0,4.0
7068030,12.0,148.0,61.5,Female,2.0,185421.15,6.0,9.0
6665317,13.0,160.0,70.0,Female,2.0,37890.43,0.0,3.0
4734420,8.0,106.0,32.5,Unknown,2.0,56875.63,5.0,8.0
2166964,13.0,165.0,31.0,Male,3.0,55061.37,3.0,6.0
8934566,14.0,168.0,38.5,Male,2.0,46666.64,0.0,3.0
1802089,16.0,193.0,45.0,Female,2.0,42324.02,2.0,5.0
2794902,4.0,58.0,34.0,Unknown,2.0,32422.03,0.0,3.0
6765412,7.0,86.0,35.5,Unknown,2.0,49489.17999999999,0.0,3.0
9758508,13.0,158.0,51.0,Female,2.0,181056.5,3.0,6.0
289514,5.0,70.0,28.0,Unknown,3.0,51412.08,6.0,9.0
9851672,6.0,78.0,44.5,Unknown,3.0,53117.44,0.0,3.0
3881137,34.0,419.0,65.5,Male,2.0,343572.95,4.0,7.0
8963162,28.0,338.0,60.5,Male,2.0,465595.9,3.0,6.0
3465915,6.0,74.0,19.0,Unknown,2.0,27697.75,6.0,9.0
9678253,6.0,72.0,27.0,Unknown,2.0,51804.19,2.0,5.0
9792593,10.0,125.0,36.5,Female,3.0,91313.63,0.0,3.0
1280922,8.0,97.0,26.0,Unknown,2.0,42461.23,6.0,9.0
2145707,6.0,80.0,38.0,Unknown,2.0,60979.66,2.0,5.0
7465149,8.0,107.0,75.0,Female,2.0,99991.04,1.0,4.0
2175549,6.0,80.0,57.5,Unknown,2.0,38756.07,1.0,4.0
6517956,13.0,156.0,34.5,Female,2.0,26256.8,1.0,4.0
4602203,7.0,92.0,20.5,Unknown,2.0,31576.53,6.0,9.0
2818618,9.0,118.0,30.0,Female,2.0,81532.5,0.0,3.0
3846206,14.0,179.0,49.0,Female,2.0,146127.26,0.0,3.0
5642736,4.0,59.0,38.0,Unknown,3.0,78523.5,2.0,5.0
9097548,13.0,165.0,55.5,Male,2.0,105218.45,3.0,6.0
560848,6.0,73.0,59.5,Male,2.0,222460.13,6.0,9.0
9724302,21.0,252.0,69.0,Female,2.0,61542.08,1.0,4.0
902056,20.0,243.0,65.5,Unknown,2.0,29452.79,2.0,5.0
4804996,19.0,230.0,68.0,Male,2.0,50806.83,2.0,5.0
2925771,5.0,70.0,21.0,Unknown,2.0,45248.01,0.0,3.0
5776430,6.0,79.0,34.0,Unknown,2.0,66935.18,6.0,9.0
4332065,28.0,345.0,61.0,Male,2.0,328620.65,2.0,5.0
4123242,6.0,79.0,66.0,Male,2.0,501459.5,6.0,9.0
834551,10.0,127.0,54.5,Male,3.0,564966.3,4.0,7.0
4758194,7.0,88.0,28.5,Unknown,2.0,180105.99,4.0,7.0
7800749,19.0,228.0,36.5,Male,2.0,70149.15,0.0,3.0
7309903,6.0,75.0,30.5,Unknown,2.0,33332.149999999994,4.0,8.0
8882426,18.0,216.0,66.0,Male,2.0,1440746.5799999998,6.0,9.0
9052626,3.0,47.0,32.5,Unknown,2.0,36966.28,2.0,5.0
907968,6.0,72.0,48.5,Unknown,2.0,31121.79,1.0,4.0
7244577,8.0,97.0,68.5,Male,2.0,168083.74,3.0,6.0
143267,4.0,59.0,17.5,Unknown,2.0,37767.02,0.0,3.0
8697862,6.0,78.0,62.5,Unknown,2.0,77632.23999999999,6.0,9.0
7335101,15.0,186.0,67.0,Female,2.0,97177.47,5.0,8.0
7637957,7.0,85.0,56.5,Unknown,2.0,48432.1,1.0,4.0
9490355,15.0,181.0,48.0,Female,2.0,37775.42,4.0,7.0
1028416,15.0,187.0,83.0,Female,2.0,35353.23,3.0,6.0
8831778,16.0,194.0,47.5,Female,2.0,42931.75,0.0,3.0
673678,4.0,58.0,66.5,Male,2.0,63954.38,1.0,4.0
4810906,9.0,110.0,43.5,Female,2.0,125209.85,6.0,9.0
9844982,9.0,108.0,56.0,Male,2.0,890302.4400000001,6.0,9.0
9020853,7.0,84.0,54.0,Unknown,2.0,71819.34,1.0,4.0
5904861,6.0,77.0,62.5,Unknown,2.0,245337.96,3.0,6.0
829201,5.0,66.0,30.5,Unknown,2.0,27432.88,6.0,9.0
6954228,12.0,149.0,36.0,Female,2.0,100932.22,4.0,7.0
1406422,6.0,82.0,42.5,Unknown,2.0,65074.65,4.0,7.0
5299122,4.0,58.0,58.0,Female,2.0,278433.81,6.0,9.0
63796,15.0,189.0,79.5,Female,2.0,49159.28999999999,6.0,9.0
124624,5.0,64.0,26.5,Unknown,3.0,72747.26999999999,6.0,9.0
5073391,6.0,80.0,71.5,Unknown,3.0,55528.2,5.0,8.0
2509687,14.0,178.0,39.5,Female,2.0,58480.73,1.0,4.0
2456180,6.0,76.0,37.5,Unknown,2.0,95609.24,5.0,8.0
7779515,14.0,168.0,54.0,Female,3.0,644069.9400000001,6.0,9.0
1194408,5.0,71.0,30.0,Unknown,3.0,61416.18,5.0,8.0
8628878,15.0,185.0,69.0,Female,2.0,90924.9,3.0,8.0
2821306,8.0,99.0,68.5,Unknown,2.0,44911.28999999999,3.0,6.0
5041665,15.0,180.0,55.0,Female,3.0,53126.76,6.0,9.0
4250169,9.0,115.0,57.5,Male,2.0,76867.4,2.0,5.0
9131734,25.0,302.0,49.5,Female,4.0,977822.93,6.0,9.0
1504536,19.0,238.0,48.5,Female,2.0,119373.79,6.0,9.0
811637,17.0,215.0,39.0,Female,3.0,92892.15,6.0,9.0
3805116,6.0,75.0,32.0,Unknown,2.0,148019.2,1.0,4.0
7273777,4.0,58.0,32.0,Unknown,2.0,29445.31,2.0,5.0
6431274,16.0,198.0,55.5,Female,2.0,91839.21,0.0,3.0
4407250,14.0,169.0,60.5,Female,2.0,86782.56,6.0,9.0
1172182,8.0,106.0,68.0,Male,2.0,322274.03,6.0,9.0
9342718,13.0,158.0,59.5,Female,2.0,44791.09,5.0,8.0
1836,13.0,157.0,51.5,Male,2.0,826232.62,4.0,7.0
3280021,15.0,181.0,44.5,Male,2.0,291212.79,4.0,7.0
9013527,27.0,330.0,66.5,Female,2.0,564714.5,4.0,7.0
9934469,6.0,82.0,27.0,Unknown,3.0,89366.26,6.0,9.0
8214271,9.0,113.0,67.0,Female,3.0,103174.55,6.0,9.0
2136746,6.0,80.0,25.5,Unknown,2.0,52333.12,2.0,5.0
7483235,6.0,73.0,37.5,Unknown,2.0,27011.82,1.0,4.0
4115939,8.0,103.0,36.5,Unknown,2.0,40074.46,1.0,4.0
9724892,27.0,325.0,72.0,Male,3.0,289455.77,6.0,9.0
1576775,5.0,64.0,38.0,Unknown,2.0,47469.51,4.0,7.0
6634478,23.0,284.0,67.0,Female,2.0,1267234.01,6.0,9.0
1107139,23.0,287.0,72.5,Female,2.0,517704.91,1.0,4.0
204784,5.0,65.0,33.5,Unknown,2.0,38221.94,0.0,3.0
8904677,26.0,321.0,62.5,Unknown,3.0,256358.4,4.0,7.0
8700110,13.0,162.0,69.5,Male,2.0,763349.28,3.0,6.0
2002895,7.0,95.0,65.0,Unknown,2.0,29329.23,6.0,9.0
8661467,15.0,190.0,30.0,Female,2.0,34029.28,1.0,4.0
8554834,13.0,164.0,39.5,Male,2.0,47101.47,0.0,3.0
6191112,15.0,181.0,38.5,Male,2.0,51214.46,4.0,7.0
8921011,7.0,95.0,50.0,Unknown,2.0,62963.97,1.0,4.0
541159,6.0,83.0,30.0,Unknown,2.0,54870.78,2.0,5.0
8097000,7.0,84.0,51.0,Unknown,2.0,48865.6,2.0,5.0
1676036,15.0,181.0,36.0,Male,2.0,61976.42,6.0,9.0
4868119,12.0,154.0,52.0,Male,2.0,103522.0,1.0,4.0
8316281,5.0,70.0,52.5,Unknown,2.0,54365.67,0.0,3.0
4946231,15.0,181.0,64.5,Male,2.0,408435.66,6.0,9.0
6978184,11.0,143.0,34.5,Male,2.0,113087.59,6.0,9.0
7107386,47.0,569.0,59.0,Female,4.0,702465.04,2.0,5.0
1092660,16.0,192.0,69.5,Female,3.0,544781.34,6.0,9.0
598976,14.0,169.0,34.5,Male,2.0,122502.56,1.0,4.0
4854942,9.0,109.0,59.5,Female,2.0,37065.96,0.0,3.0
6218559,6.0,78.0,60.5,Unknown,2.0,46883.6,1.0,4.0
9354858,12.0,153.0,65.5,Female,3.0,829193.87,6.0,9.0
7695672,11.0,143.0,38.0,Male,2.0,57844.17,1.0,4.0
5890801,7.0,90.0,30.5,Unknown,2.0,27437.18,5.0,8.0
604096,4.0,59.0,41.5,Unknown,2.0,108542.09,4.0,7.0
1142598,15.0,189.0,47.5,Female,2.0,67955.82,2.0,5.0
1517889,9.0,109.0,25.5,Male,3.0,191576.62,5.0,8.0
3241908,8.0,107.0,39.0,Male,2.0,64553.97,0.0,3.0
9449101,15.0,189.0,39.0,Female,2.0,64301.83,2.0,5.0
5267250,25.0,300.0,26.0,Unknown,2.0,806676.36,1.0,4.0
86699,23.0,286.0,27.5,Male,2.0,32339.26,2.0,5.0
4656632,21.0,261.0,57.0,Female,2.0,174980.02999999997,4.0,7.0
5626616,20.0,240.0,59.5,Female,2.0,49621.33,5.0,8.0
8299414,19.0,232.0,66.0,Female,2.0,80615.7,4.0,7.0
8985518,4.0,59.0,57.5,Unknown,2.0,31442.92,2.0,5.0
5090691,13.0,158.0,32.0,Male,2.0,44238.77,2.0,5.0
4276759,12.0,147.0,21.0,Female,2.0,27448.18,2.0,5.0
4135136,11.0,142.0,53.5,Female,2.0,110819.52,1.0,4.0
3797123,15.0,182.0,65.5,Male,2.0,178526.96999999997,1.0,4.0
8865229,7.0,86.0,41.5,Unknown,3.0,59729.08,3.0,6.0
4827059,3.0,38.0,24.5,Unknown,2.0,28732.4,6.0,9.0
6170084,6.0,80.0,52.5,Unknown,2.0,32005.44,3.0,6.0
1779692,8.0,102.0,40.5,Unknown,2.0,39095.54,1.0,4.0
4535645,7.0,95.0,31.0,Unknown,2.0,53436.03,3.0,6.0
8388674,4.0,59.0,21.5,Unknown,3.0,250785.23,2.0,5.0
8032103,10.0,128.0,33.5,Female,2.0,60533.2,3.0,6.0
5869487,12.0,150.0,49.0,Male,2.0,337840.65,6.0,9.0
4767340,10.0,131.0,55.5,Male,3.0,96912.14,2.0,5.0
8345590,6.0,82.0,53.0,Unknown,2.0,33956.27,2.0,5.0
4142051,12.0,145.0,44.5,Female,2.0,58001.68,2.0,5.0
8515953,8.0,97.0,81.0,Unknown,2.0,54338.12,4.0,7.0
2161587,5.0,66.0,30.5,Unknown,2.0,27183.43,2.0,5.0
6072788,11.0,134.0,35.5,Female,2.0,68312.54000000001,0.0,3.0
7607296,7.0,84.0,27.0,Unknown,2.0,42291.85,0.0,3.0
4942822,8.0,98.0,34.5,Unknown,2.0,33042.49,6.0,9.0
1616570,3.0,47.0,24.0,Unknown,2.0,30375.71,1.0,4.0
1022723,11.0,141.0,26.5,Male,2.0,57170.09,6.0,9.0
1210533,10.0,122.0,54.0,Male,2.0,68095.84,2.0,5.0
2096453,4.0,58.0,65.5,Unknown,2.0,46728.07,1.0,4.0
2998840,7.0,94.0,30.0,Unknown,2.0,48136.85,1.0,4.0
7517802,20.0,251.0,30.5,Female,2.0,37253.87,2.0,5.0
4374598,5.0,67.0,27.0,Female,2.0,27881.83,0.0,3.0
6401406,15.0,190.0,56.0,Male,3.0,45004.53999999999,0.0,3.0
3969814,15.0,190.0,48.0,Female,2.0,127062.76,3.0,6.0
8737399,26.0,314.0,23.0,Male,2.0,78819.84,6.0,9.0
4042433,6.0,77.0,72.0,Female,2.0,226680.16,3.0,6.0
568717,13.0,163.0,34.0,Male,2.0,91550.26,0.0,3.0
4244199,5.0,60.0,24.0,Unknown,3.0,52498.94,4.0,7.0
975743,8.0,97.0,67.5,Unknown,2.0,219763.78,6.0,9.0
6901150,22.0,268.0,19.5,Female,2.0,35103.66,0.0,3.0
7417585,21.0,261.0,86.0,Female,2.0,56445.62,6.0,9.0
1581569,20.0,251.0,59.0,Female,2.0,30530.26,6.0,9.0
5872128,20.0,242.0,73.5,Male,2.0,299567.32,6.0,9.0
1345805,20.0,241.0,38.0,Male,3.0,170280.09000000003,5.0,8.0
5976564,18.0,217.0,35.5,Male,2.0,189677.62,6.0,9.0
8209656,18.0,216.0,62.0,Male,3.0,146601.84,5.0,8.0
9178473,15.0,189.0,34.0,Male,2.0,27320.01,0.0,3.0
7193613,13.0,159.0,33.0,Male,3.0,534222.66,6.0,9.0
4023983,8.0,104.0,55.0,Female,2.0,83809.25,2.0,5.0
7247461,12.0,155.0,34.5,Male,3.0,79630.38,6.0,9.0
549586,8.0,97.0,50.0,Male,2.0,34155.16,0.0,3.0
8207419,13.0,167.0,28.5,Unknown,2.0,34319.17,1.0,4.0
801206,11.0,137.0,31.5,Female,2.0,34270.29,0.0,3.0
2204440,6.0,83.0,43.0,Female,2.0,137305.41999999998,5.0,8.0
9056002,6.0,73.0,44.0,Unknown,2.0,410446.88,6.0,9.0
2120319,7.0,90.0,25.5,Unknown,3.0,77869.14,5.0,8.0
9465992,7.0,84.0,33.0,Unknown,2.0,56938.49,5.0,8.0
1620705,13.0,157.0,51.0,Male,2.0,173535.40999999997,1.0,4.0
4733505,6.0,73.0,65.0,Unknown,2.0,909225.57,6.0,9.0
9685920,9.0,111.0,64.0,Female,2.0,127079.33,6.0,9.0
2431873,28.0,339.0,24.0,Female,2.0,54281.02,6.0,9.0
6480877,7.0,90.0,31.0,Unknown,3.0,78830.1,5.0,8.0
6022010,6.0,78.0,32.5,Unknown,4.0,3569381.23,1.0,4.0
9192936,28.0,347.0,64.5,Male,3.0,54906.28999999999,1.0,4.0
9511822,5.0,70.0,27.5,Unknown,4.0,88018.06,6.0,9.0
4353338,11.0,141.0,40.0,Unknown,2.0,39046.38,0.0,3.0
6022,7.0,92.0,30.0,Unknown,2.0,36485.55,6.0,9.0
3521874,11.0,134.0,30.0,Female,3.0,50122.81,6.0,9.0
9396180,10.0,126.0,25.0,Unknown,3.0,54081.69,1.0,4.0
7006714,5.0,67.0,31.0,Unknown,2.0,38971.22,6.0,9.0
9557638,4.0,58.0,38.5,Unknown,2.0,26231.18,1.0,4.0
9848741,28.0,336.0,32.5,Male,3.0,138778.95,6.0,9.0
5353013,15.0,190.0,68.5,Male,2.0,32954.39,1.0,4.0
1291606,4.0,58.0,50.5,Unknown,3.0,35571.07,4.0,7.0
8457324,14.0,175.0,57.0,Female,2.0,27417.26,6.0,9.0
50599,11.0,143.0,36.0,Male,2.0,44797.25,2.0,5.0
437817,11.0,142.0,58.0,Female,2.0,102446.48,5.0,8.0
7249987,15.0,191.0,47.5,Female,2.0,85492.25,0.0,3.0
7341490,12.0,145.0,70.0,Female,2.0,54553.82,2.0,5.0
1752252,14.0,174.0,43.0,Male,2.0,32446.38,2.0,5.0
1271612,5.0,70.0,56.0,Unknown,2.0,150670.03,6.0,9.0
7947949,10.0,124.0,50.0,Female,2.0,39269.96,0.0,3.0
4736115,28.0,344.0,75.0,Female,2.0,398306.84,6.0,9.0
5986260,24.0,288.0,52.0,Male,2.0,68265.11,3.0,6.0
1777116,24.0,295.0,51.5,Male,3.0,788210.25,6.0,9.0
1526749,22.0,272.0,50.0,Female,2.0,104803.79,0.0,3.0
7460065,22.0,269.0,66.0,Female,3.0,67117.22,2.0,5.0
5851066,22.0,267.0,75.0,Unknown,2.0,506205.15,2.0,5.0
3549403,21.0,263.0,52.5,Female,7.0,408027.69,3.0,6.0
5200656,21.0,252.0,59.0,Female,2.0,111187.16,2.0,5.0
1817013,21.0,252.0,40.5,Female,2.0,51051.99,1.0,5.0
3766933,20.0,250.0,53.5,Male,2.0,136532.45,6.0,9.0
2434428,19.0,232.0,52.5,Male,3.0,420416.98,6.0,9.0
3870054,19.0,231.0,29.5,Male,3.0,85849.26999999999,1.0,4.0
8301950,18.0,217.0,43.0,Male,3.0,97789.62,6.0,9.0
4124913,17.0,215.0,59.5,Male,3.0,89438.22,6.0,9.0
8128770,15.0,190.0,46.0,Female,2.0,154900.97999999998,2.0,5.0
8180297,13.0,157.0,36.0,Male,3.0,489090.78,5.0,8.0
3946731,15.0,190.0,52.0,Male,2.0,72438.19,0.0,3.0
4132450,8.0,107.0,48.0,Male,2.0,106850.26,5.0,8.0
2605995,16.0,202.0,47.0,Male,2.0,63512.15,6.0,9.0
9114853,16.0,194.0,36.5,Female,2.0,555794.74,3.0,6.0
1293525,10.0,131.0,42.0,Male,3.0,66702.73999999999,6.0,9.0
8602795,10.0,122.0,63.0,Male,2.0,158266.37,1.0,4.0
8339282,49.0,596.0,71.5,Male,2.0,417778.7,4.0,7.0
7115683,6.0,76.0,37.5,Unknown,2.0,26497.74,1.0,4.0
6614334,10.0,124.0,74.5,Male,2.0,64062.09,0.0,3.0
2775796,5.0,65.0,43.5,Female,2.0,29545.91,4.0,7.0
2174230,6.0,72.0,29.5,Unknown,3.0,43409.03999999999,3.0,6.0
807550,23.0,282.0,71.0,Female,2.0,323193.8,1.0,4.0
323753,14.0,179.0,55.5,Male,2.0,167095.09000000003,3.0,6.0
7930370,9.0,117.0,39.5,Female,2.0,47017.41,1.0,4.0
6525408,4.0,58.0,29.5,Unknown,2.0,25646.96,0.0,3.0
6908479,15.0,181.0,37.0,Female,2.0,121918.73,2.0,5.0
2207701,9.0,109.0,61.5,Male,2.0,23789.86,4.0,7.0
9903573,13.0,160.0,61.5,Male,2.0,97429.23,4.0,7.0
5257410,12.0,152.0,65.5,Female,2.0,86653.36,2.0,5.0
2041645,28.0,340.0,66.5,Male,2.0,503028.79,2.0,5.0
674772,5.0,64.0,54.5,Unknown,3.0,119167.98,6.0,9.0
9177871,5.0,70.0,25.5,Unknown,2.0,31271.84,0.0,3.0
495317,11.0,135.0,34.0,Female,2.0,29666.28,1.0,4.0
7646982,16.0,196.0,64.5,Female,2.0,46908.71,2.0,5.0
205429,6.0,80.0,20.0,Unknown,2.0,40776.09,4.0,7.0
2066822,14.0,170.0,71.0,Male,2.0,60142.09,3.0,6.0
5847452,6.0,80.0,29.0,Unknown,2.0,48037.11,0.0,3.0
7525993,7.0,86.0,44.0,Unknown,4.0,225502.49,5.0,8.0
5676420,6.0,83.0,53.0,Unknown,2.0,62039.03,2.0,5.0
3306367,8.0,97.0,55.5,Unknown,2.0,30027.99,5.0,8.0
4656609,6.0,75.0,57.0,Unknown,2.0,491025.96,6.0,9.0
3297370,9.0,116.0,36.5,Male,2.0,89045.54999999999,4.0,7.0
1137924,13.0,160.0,54.5,Male,2.0,31219.91,0.0,3.0
918073,5.0,66.0,22.5,Unknown,3.0,52232.51,3.0,6.0
8214290,8.0,106.0,62.5,Male,3.0,112578.82,1.0,4.0
681364,10.0,121.0,42.5,Female,2.0,24147.46,1.0,4.0
3238616,12.0,146.0,54.5,Female,2.0,208353.98,2.0,5.0
2229120,7.0,94.0,22.5,Unknown,2.0,30351.01,6.0,9.0
5804913,21.0,260.0,47.5,Female,2.0,33906.94,1.0,4.0
1148153,28.0,343.0,76.5,Female,2.0,89612.44,1.0,4.0
443262,13.0,156.0,60.0,Male,2.0,60666.69,3.0,6.0
5759055,16.0,195.0,36.0,Female,3.0,45343.96,3.0,6.0
1575136,7.0,94.0,34.5,Unknown,2.0,26288.39,5.0,8.0
635224,12.0,146.0,45.5,Male,2.0,62863.12,6.0,9.0
4238188,4.0,59.0,42.5,Unknown,3.0,235936.89,6.0,9.0
298925,10.0,130.0,43.5,Male,2.0,122996.65,2.0,5.0
9829569,22.0,274.0,31.5,Female,3.0,53181.56,4.0,7.0
1399287,21.0,256.0,17.5,Male,2.0,42847.33,1.0,4.0
5948434,19.0,229.0,59.5,Male,2.0,96896.31,5.0,8.0
1976723,18.0,216.0,62.5,Female,2.0,159716.25,2.0,5.0
1185634,11.0,143.0,34.0,Male,2.0,45833.51,6.0,9.0
7139068,11.0,142.0,26.5,Male,2.0,31890.66,0.0,3.0
3651601,4.0,55.0,56.0,Unknown,2.0,27276.74,3.0,6.0
3530321,12.0,150.0,47.0,Unknown,2.0,76153.1,5.0,8.0
9492168,15.0,189.0,33.5,Male,2.0,30413.3,6.0,9.0
5768721,16.0,192.0,46.5,Female,2.0,91654.02,3.0,6.0
91254,11.0,132.0,32.5,Male,2.0,100693.72,4.0,7.0
5791732,11.0,132.0,60.0,Female,2.0,85797.38,5.0,8.0
8064063,7.0,91.0,28.0,Unknown,3.0,56733.42,6.0,9.0
52456,5.0,66.0,55.5,Unknown,2.0,312484.73,5.0,8.0
1412119,5.0,60.0,35.0,Unknown,2.0,51590.89,5.0,8.0
5037815,12.0,152.0,42.0,Female,2.0,33092.1,2.0,5.0
4438314,4.0,58.0,23.5,Unknown,2.0,49853.65,4.0,7.0
875920,29.0,354.0,59.0,Female,3.0,269681.67,0.0,3.0
1941406,12.0,152.0,33.5,Male,2.0,46222.11,6.0,9.0
2388317,9.0,108.0,29.5,Male,2.0,27945.93,0.0,3.0
7549818,4.0,56.0,42.5,Unknown,2.0,116318.64,0.0,3.0
3919884,6.0,78.0,22.0,Unknown,2.0,66046.98,6.0,9.0
1601687,9.0,109.0,26.0,Male,2.0,53169.61,2.0,5.0
9151563,8.0,106.0,42.5,Unknown,2.0,28641.7,1.0,4.0
7020952,4.0,58.0,26.0,Unknown,3.0,117959.44,2.0,5.0
140488,7.0,85.0,19.5,Unknown,2.0,25485.74,2.0,5.0
7307953,6.0,75.0,31.0,Unknown,2.0,83204.03,5.0,8.0
8700204,15.0,184.0,43.0,Female,2.0,64297.7,2.0,5.0
7493592,15.0,188.0,52.5,Male,2.0,70849.57,3.0,6.0
8364861,6.0,83.0,52.0,Unknown,2.0,49026.71,3.0,6.0
4593779,6.0,83.0,51.5,Unknown,2.0,477809.83,4.0,7.0
4826866,7.0,88.0,41.0,Female,2.0,84329.17,6.0,9.0
5633653,8.0,96.0,34.0,Unknown,3.0,106197.91,6.0,9.0
8789953,8.0,107.0,28.0,Female,2.0,56175.1,3.0,6.0
4663558,15.0,189.0,47.0,Female,2.0,25151.17,2.0,5.0
6808593,20.0,243.0,65.0,Male,2.0,1270092.3199999998,6.0,9.0
3187530,11.0,140.0,66.0,Male,2.0,184601.29,1.0,4.0
5244367,6.0,78.0,31.5,Unknown,2.0,112637.71,1.0,4.0
3686976,14.0,178.0,67.0,Male,2.0,291816.05,2.0,5.0
9967456,7.0,86.0,60.0,Unknown,3.0,153728.55,1.0,4.0
2803852,5.0,65.0,41.5,Unknown,2.0,200585.94,6.0,9.0
432793,14.0,178.0,45.5,Female,3.0,108874.61,3.0,6.0
5854054,5.0,70.0,38.5,Unknown,2.0,65459.03,2.0,5.0
6849509,15.0,184.0,29.5,Male,2.0,36088.93,0.0,3.0
4082227,15.0,189.0,58.5,Female,2.0,66940.39,1.0,4.0
953023,4.0,58.0,56.5,Unknown,3.0,97602.56,3.0,6.0
3103401,24.0,289.0,72.0,Female,2.0,72494.59,1.0,4.0
4427477,23.0,285.0,58.5,Male,3.0,272472.46,5.0,8.0
495241,21.0,262.0,20.5,Male,2.0,29291.43,6.0,9.0
3524698,21.0,261.0,41.0,Female,2.0,581241.76,3.0,6.0
359623,21.0,253.0,92.0,Male,3.0,259005.67,4.0,7.0
8210202,21.0,253.0,57.5,Male,4.0,3035672.36,1.0,5.0
8808704,25.0,301.0,78.5,Male,2.0,44593.65,3.0,6.0
7608559,23.0,284.0,52.0,Male,2.0,207704.38,4.0,7.0
5952564,19.0,232.0,43.5,Female,2.0,167549.21000000002,0.0,3.0
2564709,5.0,65.0,58.5,Unknown,2.0,35167.8,1.0,4.0
4648093,5.0,63.0,30.5,Unknown,3.0,75444.85,6.0,9.0
8154471,14.0,179.0,68.5,Female,2.0,37673.68,4.0,7.0
6980919,7.0,94.0,26.0,Unknown,2.0,36836.85,6.0,9.0
4522971,15.0,186.0,38.5,Male,2.0,53431.07,0.0,3.0
2343902,8.0,102.0,48.0,Unknown,2.0,129300.98,1.0,4.0
5027124,7.0,84.0,46.0,Unknown,2.0,67456.0,1.0,4.0
8760879,7.0,85.0,31.0,Unknown,2.0,33866.67,1.0,4.0
4137918,14.0,169.0,47.0,Female,2.0,32851.21,4.0,7.0
9122308,10.0,127.0,24.0,Male,3.0,95007.58,6.0,9.0
1880255,27.0,332.0,73.5,Female,3.0,40634.49,5.0,8.0
6374406,13.0,167.0,39.0,Female,2.0,57898.59,4.0,7.0
4104089,7.0,92.0,54.0,Unknown,2.0,106519.59,6.0,9.0
8606601,7.0,91.0,25.0,Unknown,2.0,38420.2,0.0,3.0
9936641,9.0,110.0,45.0,Female,2.0,80039.68,6.0,9.0
8025584,6.0,73.0,65.0,Unknown,2.0,61687.75,6.0,9.0
7246428,5.0,70.0,68.5,Unknown,2.0,27748.83,6.0,9.0
2056890,7.0,95.0,68.0,Unknown,2.0,86502.53,6.0,9.0
9175004,5.0,67.0,25.5,Unknown,2.0,52083.15,0.0,3.0
6568343,14.0,175.0,66.0,Female,2.0,61029.79,0.0,3.0
5916963,6.0,73.0,54.5,Unknown,2.0,95237.71,2.0,5.0
116505,4.0,58.0,25.0,Unknown,2.0,38586.87,2.0,5.0
2016678,9.0,114.0,29.0,Female,3.0,75583.73999999999,6.0,9.0
140020,23.0,277.0,57.5,Female,3.0,744184.88,2.0,6.0
550255,22.0,275.0,63.5,Female,2.0,120138.47,4.0,7.0
6066109,21.0,254.0,48.0,Male,2.0,222384.67,6.0,9.0
8762751,27.0,327.0,72.0,Male,2.0,655115.4800000001,6.0,9.0
3679034,17.0,212.0,38.0,Male,2.0,40270.73,5.0,8.0
8517414,17.0,210.0,48.5,Female,2.0,139750.66999999998,3.0,6.0
1681520,12.0,155.0,54.5,Male,3.0,145579.72999999998,6.0,9.0
5007784,11.0,134.0,30.0,Female,2.0,28177.38,5.0,8.0
1833184,6.0,74.0,59.0,Female,3.0,58665.74,5.0,8.0
6089219,6.0,77.0,26.5,Unknown,3.0,143665.84,6.0,9.0
8059064,15.0,191.0,57.0,Male,2.0,141160.06,1.0,4.0
9145611,6.0,79.0,61.5,Unknown,2.0,62174.75,3.0,6.0
5783978,16.0,192.0,43.5,Male,2.0,695105.6000000001,6.0,9.0
6951718,5.0,65.0,65.5,Unknown,2.0,181411.72,3.0,6.0
1732193,9.0,116.0,51.5,Male,3.0,106383.51,2.0,5.0
7707667,26.0,317.0,53.0,Female,3.0,89492.17,2.0,5.0
6794458,14.0,174.0,63.0,Male,2.0,34071.86,6.0,9.0
4541268,4.0,51.0,21.5,Unknown,2.0,40898.91,4.0,7.0
7357410,7.0,92.0,58.5,Unknown,2.0,85228.86,6.0,9.0
8210680,5.0,68.0,35.0,Male,3.0,87969.35,6.0,9.0
5188935,6.0,77.0,30.5,Unknown,3.0,65050.5,5.0,8.0
3495059,4.0,56.0,32.5,Unknown,2.0,52661.89,6.0,9.0
3601755,13.0,158.0,44.0,Male,2.0,89334.84,1.0,4.0
3675846,5.0,60.0,30.5,Unknown,4.0,114343.64,6.0,9.0
2414359,4.0,57.0,18.5,Female,2.0,27015.02,4.0,7.0
8296643,15.0,185.0,57.5,Female,2.0,71678.42,5.0,8.0
8149689,12.0,153.0,63.5,Male,2.0,39191.75,2.0,5.0
6317054,15.0,182.0,32.5,Female,2.0,71845.6,1.0,4.0
3850270,15.0,183.0,65.0,Male,2.0,136256.65,4.0,7.0
832777,14.0,172.0,60.5,Female,2.0,353317.1,2.0,5.0
3117292,8.0,96.0,54.5,Unknown,2.0,27438.41,1.0,4.0
9446450,5.0,67.0,48.0,Unknown,2.0,39906.65,4.0,7.0
6770715,5.0,60.0,28.5,Unknown,2.0,34867.84,4.0,7.0
6926845,16.0,202.0,35.0,Unknown,2.0,42795.78,2.0,5.0
5835614,7.0,84.0,67.5,Unknown,2.0,38688.36,3.0,6.0
2038876,6.0,77.0,29.5,Male,2.0,58054.61,0.0,3.0
3693028,12.0,150.0,54.0,Male,2.0,106467.94,0.0,3.0
87449,9.0,108.0,28.5,Male,4.0,440089.83,6.0,9.0
1166575,13.0,167.0,58.0,Female,2.0,63258.16,3.0,6.0
4524806,9.0,117.0,35.5,Male,2.0,71248.23999999999,0.0,3.0
7561002,6.0,73.0,36.5,Female,4.0,324125.64,3.0,6.0
5822736,28.0,337.0,59.0,Male,3.0,323925.1,6.0,9.0
2850550,11.0,143.0,60.0,Female,2.0,53901.17,4.0,7.0
2230745,18.0,217.0,53.0,Male,2.0,159861.52999999997,3.0,6.0
7429481,10.0,128.0,70.5,Male,2.0,261083.91,6.0,9.0
7180144,5.0,69.0,65.0,Female,2.0,60970.35,6.0,9.0
3270512,5.0,70.0,23.5,Unknown,2.0,47542.46,0.0,3.0
5736637,16.0,193.0,53.0,Female,2.0,142890.66999999998,1.0,4.0
4394876,7.0,89.0,29.5,Unknown,2.0,192334.76,0.0,3.0
6040024,12.0,154.0,32.0,Male,2.0,45627.94,5.0,8.0
1025369,9.0,115.0,27.0,Female,2.0,41419.42,6.0,9.0
5000366,12.0,154.0,30.0,Female,2.0,115753.7,5.0,8.0
9061669,6.0,81.0,25.0,Unknown,2.0,41414.16,2.0,5.0
869520,21.0,263.0,65.5,Male,4.0,1260593.42,2.0,5.0
2683336,21.0,259.0,64.5,Female,2.0,58233.61,1.0,4.0
8237052,21.0,252.0,68.5,Male,3.0,115830.74,6.0,9.0
7164466,21.0,252.0,76.0,Male,2.0,80425.04999999999,6.0,9.0
5563344,21.0,252.0,51.0,Unknown,2.0,91164.87,3.0,6.0
3558115,20.0,250.0,63.0,Male,3.0,303114.27,6.0,9.0
3587894,21.0,263.0,66.5,Male,3.0,608019.9800000001,6.0,9.0
5868409,20.0,244.0,64.5,Male,3.0,1034687.92,5.0,8.0
7290899,20.0,242.0,46.0,Female,2.0,67207.34,1.0,4.0
2529685,18.0,226.0,58.0,Male,3.0,58453.22,1.0,4.0
7685503,17.0,211.0,32.0,Male,2.0,46414.5,5.0,8.0
5090277,17.0,210.0,69.5,Male,2.0,44786.64,6.0,9.0
1455544,17.0,204.0,34.5,Male,3.0,74628.82,2.0,5.0
9825116,7.0,90.0,60.5,Unknown,2.0,516302.79,1.0,4.0
4677975,13.0,162.0,28.0,Male,4.0,51830.94,6.0,9.0
3342070,4.0,58.0,69.0,Unknown,2.0,80069.73,1.0,4.0
3403308,14.0,176.0,31.5,Male,2.0,29714.02,1.0,4.0
8430700,5.0,71.0,20.5,Unknown,2.0,29650.17,0.0,3.0
1579308,7.0,84.0,42.5,Unknown,2.0,29898.65,0.0,3.0
9136016,15.0,189.0,64.5,Female,2.0,1530532.2,0.0,3.0
3440433,10.0,123.0,55.0,Female,2.0,66819.08,1.0,4.0
2045101,16.0,194.0,46.5,Female,2.0,94194.07,1.0,4.0
248317,6.0,74.0,23.5,Unknown,2.0,47391.65,2.0,5.0
7060117,10.0,130.0,59.5,Male,2.0,49368.11,0.0,3.0
5202386,3.0,47.0,21.5,Unknown,2.0,45178.51,6.0,9.0
5289344,7.0,87.0,69.5,Unknown,2.0,53638.42999999999,0.0,3.0
274453,8.0,106.0,59.5,Male,2.0,42026.7,0.0,3.0
2252096,5.0,62.0,28.5,Male,3.0,108965.59,6.0,9.0
7747654,16.0,196.0,54.5,Male,2.0,70509.53,6.0,9.0
589815,7.0,94.0,34.5,Female,2.0,79632.23999999999,6.0,9.0
3404704,13.0,161.0,62.5,Female,2.0,183023.48,2.0,5.0
614255,15.0,189.0,42.5,Male,2.0,51681.24,1.0,4.0
5471159,15.0,181.0,44.5,Male,2.0,59826.73,1.0,4.0
5050078,16.0,193.0,65.5,Female,2.0,143026.09999999998,3.0,6.0
5675721,11.0,139.0,64.0,Male,2.0,30467.47,2.0,5.0
3914767,6.0,72.0,27.0,Unknown,2.0,46292.67999999999,3.0,6.0
3272462,9.0,118.0,50.0,Female,2.0,78177.94,0.0,3.0
7099616,15.0,180.0,32.5,Female,2.0,84359.29999999999,2.0,5.0
2489994,8.0,105.0,56.0,Female,2.0,41334.45,6.0,9.0
1540873,10.0,127.0,52.5,Male,2.0,51050.6,3.0,6.0
5080206,16.0,193.0,44.5,Male,2.0,31694.84,1.0,4.0
262054,19.0,232.0,40.0,Female,2.0,43403.28999999999,3.0,6.0
3798398,4.0,59.0,44.5,Unknown,2.0,27604.31,5.0,8.0
451019,14.0,171.0,36.0,Male,3.0,104652.91,6.0,9.0
3549172,5.0,69.0,22.5,Unknown,3.0,57703.96,6.0,9.0
1859271,12.0,145.0,43.5,Male,2.0,490431.3,2.0,5.0
8577908,6.0,75.0,43.5,Unknown,3.0,32894.73,6.0,9.0
9783422,14.0,178.0,58.0,Female,2.0,37900.41,4.0,7.0
2994578,7.0,87.0,48.5,Unknown,2.0,192105.28,0.0,3.0
5639457,10.0,121.0,82.0,Female,2.0,98115.47,2.0,5.0
9740905,21.0,258.0,49.0,Male,2.0,31034.47,1.0,4.0
9171816,16.0,200.0,21.5,Unknown,2.0,221162.15,3.0,6.0
1844630,8.0,106.0,26.5,Male,3.0,114439.03,6.0,9.0
3791128,5.0,70.0,38.0,Unknown,2.0,59205.24,0.0,3.0
1500008,23.0,276.0,82.5,Male,3.0,533100.0,6.0,9.0
5647543,9.0,118.0,56.0,Female,2.0,44776.42999999999,0.0,3.0
4214732,7.0,84.0,54.0,Unknown,2.0,45485.05,2.0,5.0
2194434,4.0,52.0,51.5,Male,2.0,26301.31,1.0,4.0
7352536,6.0,74.0,25.5,Unknown,2.0,33882.899999999994,6.0,9.0
968323,11.0,134.0,81.5,Male,2.0,734460.3,6.0,9.0
1450299,7.0,90.0,43.5,Unknown,3.0,322051.39,3.0,6.0
9939889,15.0,182.0,36.0,Female,2.0,82766.23999999999,5.0,8.0
8331981,26.0,318.0,48.0,Female,2.0,99573.6,4.0,7.0
1962774,21.0,263.0,58.0,Female,2.0,235384.66,1.0,4.0
1296034,4.0,56.0,30.0,Male,2.0,27144.32,6.0,9.0
2660140,11.0,137.0,52.5,Male,2.0,43437.81,0.0,3.0
7508711,9.0,109.0,53.5,Male,2.0,23909.74,1.0,4.0
1009021,7.0,84.0,27.5,Unknown,3.0,72545.01,6.0,9.0
6479083,9.0,118.0,54.5,Male,2.0,193659.24,6.0,9.0
3690037,11.0,136.0,32.0,Female,2.0,30583.74,2.0,5.0
3694112,9.0,109.0,26.5,Male,2.0,90873.63,1.0,4.0
9652817,16.0,192.0,54.0,Male,2.0,47036.31,3.0,6.0
137816,7.0,88.0,24.5,Female,2.0,24841.84,1.0,4.0
7454759,12.0,152.0,25.5,Female,2.0,28589.84,2.0,5.0
4384098,14.0,176.0,38.5,Female,2.0,153813.59,1.0,4.0
8368263,10.0,131.0,64.5,Male,3.0,508964.83,6.0,9.0
5468630,8.0,102.0,25.5,Male,2.0,55990.81,6.0,9.0
4758509,7.0,91.0,33.0,Unknown,3.0,77583.91,6.0,9.0
6191565,15.0,187.0,34.0,Male,3.0,201578.37,6.0,9.0
7859733,7.0,94.0,49.0,Unknown,2.0,83087.85,0.0,3.0
1413426,4.0,58.0,50.5,Unknown,2.0,47266.03,3.0,6.0
7462194,17.0,214.0,72.0,Female,2.0,61202.44,2.0,5.0
3940524,14.0,179.0,58.5,Female,2.0,29708.56,3.0,6.0
1709771,4.0,58.0,46.0,Unknown,3.0,32793.0,1.0,4.0
8173337,5.0,67.0,62.5,Unknown,2.0,673749.3400000001,6.0,9.0
3545984,5.0,67.0,65.0,Unknown,2.0,138162.53999999998,3.0,6.0
6337816,9.0,112.0,22.5,Male,2.0,58571.48,6.0,9.0
2621063,8.0,101.0,52.0,Unknown,4.0,336363.38,3.0,6.0
4846843,24.0,292.0,91.5,Female,2.0,108601.12,3.0,7.0
2424440,23.0,279.0,42.5,Male,2.0,212680.23,2.0,5.0
8991631,22.0,271.0,58.0,Male,3.0,79792.22,6.0,9.0
31404,22.0,268.0,54.5,Unknown,2.0,43254.15,3.0,6.0
3483828,19.0,237.0,70.5,Female,2.0,273310.81,6.0,9.0
1344421,13.0,167.0,71.5,Male,2.0,24972.2,3.0,6.0
4794519,12.0,150.0,29.0,Male,3.0,76968.0,5.0,8.0
191373,13.0,159.0,65.5,Female,2.0,82877.29999999999,6.0,9.0
6438154,6.0,78.0,26.0,Unknown,3.0,34646.96,5.0,8.0
3831213,11.0,143.0,32.5,Female,2.0,32070.28,0.0,3.0
6004399,13.0,164.0,52.5,Male,2.0,114599.34,0.0,3.0
4978848,11.0,133.0,55.5,Female,3.0,216645.27,2.0,5.0
1061430,15.0,190.0,55.5,Female,2.0,31006.51,0.0,3.0
3333268,12.0,146.0,44.0,Female,3.0,114911.01,6.0,9.0
8157741,30.0,371.0,75.0,Female,2.0,390435.62,2.0,5.0
7603403,6.0,80.0,72.0,Male,2.0,64288.17,1.0,4.0
8969091,8.0,97.0,62.0,Unknown,2.0,58222.96,4.0,7.0
8934007,5.0,63.0,63.0,Female,3.0,57566.5,5.0,8.0
9136719,7.0,95.0,47.0,Female,2.0,58419.89,4.0,7.0
4571116,4.0,58.0,63.5,Unknown,2.0,34673.19,6.0,9.0
1335720,4.0,56.0,50.5,Unknown,2.0,50031.09,5.0,8.0
4480133,7.0,91.0,23.5,Unknown,2.0,26243.43,1.0,4.0
3759260,6.0,79.0,48.0,Female,2.0,52885.06,2.0,6.0
5272209,15.0,181.0,62.5,Female,2.0,39192.9,1.0,4.0
6467744,10.0,127.0,54.5,Female,2.0,54274.26,1.0,4.0
9217647,8.0,103.0,39.5,Unknown,2.0,64838.43,0.0,3.0
8204360,8.0,106.0,53.5,Male,3.0,253326.29,3.0,6.0
5266768,25.0,311.0,60.0,Female,4.0,1273410.0499999998,4.0,7.0
8466654,4.0,59.0,24.0,Unknown,3.0,59769.05,6.0,9.0
7192154,16.0,192.0,70.5,Female,2.0,121550.15,2.0,5.0
3347130,13.0,167.0,34.5,Female,2.0,36588.64,4.0,7.0
3241023,4.0,59.0,49.0,Female,2.0,29219.53,3.0,6.0
8421695,15.0,191.0,56.5,Female,2.0,80109.28,4.0,7.0
7176508,4.0,59.0,23.5,Unknown,2.0,55694.97,6.0,9.0
9531302,32.0,393.0,71.0,Male,2.0,65229.74,0.0,3.0
233249,12.0,154.0,64.0,Female,2.0,495675.08,4.0,7.0
2631095,13.0,159.0,43.0,Male,2.0,47314.19,3.0,6.0
277251,11.0,133.0,30.0,Female,3.0,115432.42,2.0,5.0
8252168,6.0,75.0,42.5,Male,2.0,50437.62,2.0,5.0
6631446,14.0,179.0,42.5,Male,2.0,31013.95,0.0,3.0
1399675,5.0,71.0,50.0,Female,2.0,62063.63,2.0,5.0
2210369,13.0,164.0,74.5,Male,2.0,320733.06,6.0,9.0
6999169,13.0,159.0,38.0,Male,2.0,63534.75,0.0,3.0
4395024,10.0,130.0,64.0,Female,2.0,27683.51,0.0,3.0
1578668,16.0,192.0,38.5,Male,2.0,32132.41,0.0,3.0
6530035,6.0,75.0,60.5,Unknown,2.0,159996.40999999997,2.0,5.0
7308775,27.0,330.0,80.0,Female,2.0,61970.49,3.0,6.0
5868815,9.0,118.0,41.0,Male,2.0,46066.69,0.0,3.0
3262729,13.0,166.0,46.5,Male,2.0,633860.77,6.0,9.0
8711938,5.0,66.0,25.0,Unknown,3.0,74521.31,6.0,9.0
5411676,9.0,118.0,63.0,Male,2.0,78060.44,5.0,8.0
1972520,12.0,155.0,41.5,Male,3.0,468930.65,2.0,5.0
6059517,20.0,251.0,44.0,Male,3.0,84991.93,1.0,4.0
2878715,19.0,228.0,55.5,Male,2.0,538829.91,5.0,8.0
9270107,17.0,215.0,39.0,Female,2.0,25508.2,3.0,6.0
6721743,8.0,98.0,67.5,Unknown,2.0,754485.87,3.0,6.0
7364275,11.0,139.0,64.0,Female,4.0,591214.8500000001,5.0,8.0
533116,15.0,183.0,65.5,Female,2.0,180527.62,4.0,7.0
772441,16.0,193.0,39.5,Male,3.0,147239.89,6.0,9.0
305018,4.0,59.0,22.0,Unknown,5.0,54161.55,3.0,6.0
8577819,8.0,103.0,48.0,Male,2.0,33968.759999999995,1.0,4.0
1221967,9.0,115.0,29.5,Female,2.0,39060.29,0.0,3.0
4834621,16.0,198.0,49.0,Male,2.0,177951.34999999998,1.0,4.0
3301695,11.0,140.0,25.5,Male,2.0,59604.34,6.0,9.0
3530525,15.0,190.0,36.5,Male,2.0,130016.8,2.0,5.0
8796122,30.0,364.0,55.0,Unknown,2.0,28864.48,1.0,4.0
9906489,9.0,119.0,30.5,Unknown,3.0,36555.14,3.0,6.0
9922705,6.0,83.0,65.5,Unknown,2.0,541933.5,6.0,9.0
6911858,13.0,157.0,52.5,Female,2.0,227255.08,1.0,4.0
9458953,6.0,78.0,38.5,Unknown,2.0,207932.39,6.0,9.0
1517963,27.0,324.0,66.0,Female,2.0,228110.04,6.0,9.0
178853,5.0,63.0,52.0,Female,2.0,65634.04999999999,1.0,4.0
6090253,12.0,151.0,33.0,Male,2.0,23927.42,0.0,3.0
7582801,8.0,97.0,60.5,Unknown,2.0,316426.85,6.0,9.0
8822346,9.0,110.0,34.5,Female,2.0,87273.84,2.0,5.0
2055802,16.0,193.0,71.5,Male,2.0,94678.23,5.0,8.0
8241606,6.0,83.0,56.0,Unknown,2.0,177853.43,1.0,4.0
6565221,12.0,145.0,21.0,Female,2.0,47978.66,4.0,7.0
372523,6.0,79.0,57.5,Unknown,2.0,50107.34,2.0,5.0
3342017,33.0,397.0,67.0,Unknown,2.0,78826.22,0.0,3.0
5222242,7.0,84.0,38.0,Male,2.0,87689.1,6.0,9.0
559678,13.0,160.0,52.0,Female,2.0,33590.43,0.0,3.0
3423318,6.0,74.0,62.5,Female,2.0,32880.75,2.0,5.0
6965536,5.0,70.0,24.5,Female,2.0,41173.73,3.0,6.0
8608071,13.0,164.0,29.5,Male,2.0,32317.96,1.0,4.0
4771315,11.0,142.0,29.5,Male,3.0,203663.7,2.0,5.0
3738693,9.0,118.0,57.0,Male,2.0,115141.91,5.0,8.0
2120373,6.0,82.0,38.5,Unknown,2.0,34259.88,3.0,6.0
5091469,11.0,136.0,48.5,Unknown,2.0,80912.76,3.0,6.0
574571,8.0,102.0,23.5,Unknown,2.0,77776.23999999999,1.0,4.0
7974547,14.0,172.0,43.0,Unknown,2.0,58098.59,1.0,4.0
7411855,7.0,90.0,60.5,Unknown,2.0,32305.82,6.0,9.0
9253156,9.0,118.0,30.0,Female,2.0,104851.41,2.0,5.0
7170549,4.0,57.0,28.5,Unknown,2.0,26672.25,2.0,5.0
2894932,4.0,58.0,22.0,Unknown,2.0,50172.95,5.0,8.0
1600777,7.0,94.0,27.0,Unknown,2.0,35606.619999999995,2.0,5.0
1783054,26.0,315.0,60.5,Unknown,4.0,218841.83,1.0,5.0
4245790,6.0,79.0,69.5,Unknown,2.0,45071.98,5.0,8.0
9106860,32.0,392.0,57.5,Female,3.0,30854.64,3.0,6.0
2400777,5.0,70.0,23.5,Unknown,2.0,38223.67,2.0,5.0
2355218,13.0,165.0,82.0,Male,2.0,70688.45999999999,1.0,4.0
8627479,24.0,288.0,58.5,Male,2.0,566261.28,1.0,4.0
739204,4.0,59.0,18.0,Unknown,3.0,67294.42,2.0,5.0
4540897,7.0,88.0,51.0,Unknown,2.0,126074.59,2.0,5.0
5209844,24.0,293.0,57.5,Female,2.0,73082.97,5.0,8.0
2010706,23.0,276.0,27.5,Male,2.0,555604.52,6.0,9.0
3065637,19.0,236.0,65.5,Female,3.0,125754.52,4.0,7.0
9089595,17.0,211.0,52.5,Female,2.0,66510.83,5.0,8.0
9175524,17.0,209.0,41.0,Female,2.0,127140.9,1.0,4.0
938393,17.0,208.0,60.0,Female,2.0,75019.81,1.0,4.0
8800235,13.0,157.0,63.5,Female,2.0,127529.42,1.0,4.0
4431295,16.0,199.0,62.0,Female,2.0,82023.22,1.0,4.0
3118720,14.0,179.0,60.0,Male,3.0,111493.85,4.0,7.0
5111293,15.0,188.0,57.0,Female,2.0,190964.39,0.0,3.0
9381732,13.0,156.0,53.0,Male,2.0,40391.21,6.0,9.0
7037532,8.0,97.0,50.0,Unknown,2.0,629803.87,5.0,8.0
3464541,10.0,120.0,20.5,Female,2.0,30097.57,4.0,7.0
1241105,15.0,180.0,40.0,Male,2.0,173887.07,5.0,8.0
1943226,6.0,83.0,50.5,Unknown,2.0,110324.44,1.0,4.0
4332246,7.0,85.0,59.5,Unknown,2.0,260492.81,5.0,8.0
9121023,10.0,123.0,53.5,Female,2.0,86595.51,0.0,3.0
534083,6.0,81.0,43.0,Unknown,2.0,29972.37,1.0,4.0
5957608,6.0,72.0,23.5,Unknown,2.0,33735.56,5.0,8.0
8376794,8.0,96.0,36.0,Unknown,2.0,53510.28999999999,3.0,6.0
4474245,15.0,181.0,58.0,Female,2.0,926680.41,6.0,9.0
8882404,8.0,99.0,60.5,Unknown,3.0,55074.58,0.0,3.0
5608291,12.0,153.0,37.5,Male,2.0,51988.28,2.0,5.0
7433467,5.0,63.0,51.5,Unknown,2.0,34203.79,3.0,6.0
9611279,12.0,147.0,21.0,Male,2.0,37038.6,6.0,9.0
9983987,13.0,166.0,70.5,Female,2.0,121150.18,4.0,7.0
1120801,5.0,65.0,45.0,Unknown,2.0,205601.17,1.0,4.0
554055,12.0,149.0,51.0,Male,2.0,23812.56,1.0,4.0
2792536,7.0,91.0,65.0,Unknown,2.0,32350.49,1.0,4.0
7432600,5.0,67.0,27.0,Unknown,2.0,27186.06,0.0,3.0
7872209,35.0,428.0,72.0,Male,4.0,616587.61,6.0,9.0
9588775,16.0,194.0,50.5,Female,2.0,120053.91,0.0,3.0
5282296,14.0,176.0,52.0,Unknown,2.0,137098.0,2.0,5.0
746622,5.0,68.0,18.5,Unknown,2.0,45885.96,6.0,9.0
6584771,6.0,74.0,22.0,Male,2.0,24956.13,0.0,3.0
6182876,7.0,89.0,59.0,Unknown,3.0,109223.66,4.0,7.0
9749403,6.0,83.0,31.5,Unknown,2.0,42785.52,2.0,5.0
5485683,14.0,174.0,36.0,Female,2.0,47955.84,0.0,3.0
1319661,18.0,221.0,60.0,Female,2.0,41417.12,1.0,4.0
4479851,6.0,82.0,60.5,Unknown,2.0,64151.84,0.0,3.0
6547872,14.0,176.0,49.0,Female,2.0,201979.66,6.0,9.0
9913342,7.0,94.0,27.0,Unknown,2.0,51561.51,0.0,3.0
7412458,24.0,292.0,59.0,Female,3.0,117784.35,6.0,9.0
6283739,23.0,279.0,54.0,Female,3.0,333495.06,1.0,4.0
5075310,22.0,275.0,67.0,Female,4.0,472583.77,5.0,8.0
6638030,22.0,267.0,51.0,Female,5.0,242903.2,6.0,9.0
4963938,21.0,258.0,51.0,Female,2.0,360545.09,2.0,5.0
1701808,11.0,142.0,35.0,Female,2.0,31739.58,0.0,3.0
886616,14.0,174.0,49.5,Female,2.0,53541.36,5.0,8.0
6719328,5.0,66.0,70.0,Male,2.0,24110.47,2.0,6.0
8052158,16.0,197.0,57.0,Male,2.0,293323.5,2.0,5.0
3537950,33.0,406.0,63.0,Female,2.0,98603.7,4.0,7.0
2270478,12.0,152.0,36.0,Male,2.0,109058.31,1.0,4.0
4852454,24.0,288.0,67.5,Male,3.0,133382.03999999998,3.0,6.0
3731242,5.0,68.0,22.5,Unknown,2.0,35506.07,5.0,8.0
4728629,6.0,79.0,42.5,Unknown,2.0,53093.57,0.0,3.0
3007171,27.0,324.0,24.5,Female,2.0,38303.9,4.0,7.0
4039397,30.0,371.0,80.0,Male,3.0,2612953.43,0.0,3.0
6593440,12.0,147.0,74.0,Male,2.0,1550423.16,6.0,9.0
4611974,11.0,143.0,38.5,Male,2.0,163335.37,5.0,8.0
3665763,7.0,93.0,66.0,Unknown,3.0,499418.07,4.0,7.0
816508,5.0,65.0,26.0,Unknown,2.0,55445.65,6.0,9.0
6235214,4.0,59.0,23.5,Unknown,2.0,29323.66,0.0,3.0
6168523,4.0,59.0,49.0,Unknown,2.0,30508.33,1.0,4.0
5125050,7.0,84.0,39.5,Unknown,2.0,44173.4,1.0,4.0
5330523,13.0,165.0,52.0,Male,2.0,35903.03,6.0,9.0
2772323,15.0,191.0,54.0,Male,2.0,47687.36,0.0,3.0
8242392,6.0,72.0,41.5,Unknown,2.0,27532.3,0.0,3.0
1021867,14.0,179.0,53.5,Female,2.0,229096.17,2.0,5.0
2053219,15.0,185.0,57.5,Female,2.0,336990.31,1.0,4.0
2587087,5.0,63.0,55.0,Male,2.0,109247.5,3.0,6.0
3635787,8.0,105.0,64.0,Female,2.0,226582.2,2.0,5.0
3617668,12.0,152.0,57.5,Male,2.0,93884.25,4.0,7.0
7961209,15.0,189.0,65.0,Female,2.0,139823.94,4.0,7.0
3376821,6.0,78.0,51.5,Unknown,2.0,50194.84,4.0,7.0
4318672,15.0,189.0,56.5,Male,2.0,47462.91,6.0,9.0
6476776,13.0,162.0,70.0,Female,2.0,49873.67,1.0,4.0
1930528,7.0,95.0,52.5,Unknown,2.0,78548.01,6.0,9.0
7623681,5.0,65.0,62.5,Unknown,2.0,125593.26,5.0,8.0
1101969,5.0,60.0,62.0,Unknown,2.0,111502.48,6.0,9.0
4947069,14.0,168.0,63.5,Male,2.0,339744.46,6.0,9.0
882025,13.0,166.0,60.0,Female,2.0,53102.01,3.0,6.0
7264359,7.0,89.0,67.5,Unknown,3.0,350044.52,6.0,9.0
1598073,13.0,156.0,44.5,Female,2.0,41415.17,1.0,4.0
4123326,17.0,209.0,45.5,Female,2.0,181347.7,4.0,7.0
1041265,27.0,325.0,70.0,Male,3.0,997569.14,6.0,9.0
8058240,7.0,87.0,34.5,Unknown,2.0,129557.87,1.0,4.0
864295,11.0,136.0,67.5,Female,2.0,70590.84,5.0,8.0
3643837,7.0,84.0,55.5,Unknown,2.0,797922.8400000001,6.0,9.0
7465124,18.0,217.0,60.0,Male,2.0,295558.29,2.0,5.0
268386,3.0,41.0,21.5,Unknown,3.0,40258.8,5.0,8.0
9207055,11.0,142.0,31.0,Male,2.0,69727.95,2.0,5.0
6112384,10.0,120.0,59.0,Female,2.0,132249.97,6.0,9.0
5699251,24.0,288.0,49.0,Male,3.0,859824.8200000001,6.0,9.0
9293110,21.0,260.0,60.0,Female,2.0,41947.22,1.0,4.0
3040199,20.0,247.0,52.5,Female,2.0,30876.86,0.0,3.0
7265650,19.0,238.0,43.5,Female,4.0,112574.07,3.0,7.0
892186,19.0,236.0,50.0,Female,3.0,195484.25,5.0,8.0
2177143,5.0,70.0,30.0,Unknown,2.0,25571.03,1.0,4.0
8200329,21.0,255.0,29.5,Female,2.0,95701.95,4.0,7.0
2559245,10.0,126.0,70.0,Male,2.0,78996.51,2.0,6.0
7822945,12.0,152.0,64.0,Male,3.0,325460.22,0.0,3.0
4752329,5.0,68.0,25.0,Unknown,3.0,148120.09,6.0,9.0
4666527,15.0,190.0,61.0,Male,2.0,110824.17,4.0,7.0
2827235,14.0,170.0,56.5,Female,3.0,103604.0,2.0,5.0
9884285,5.0,60.0,39.5,Unknown,2.0,131535.2,6.0,9.0
5282464,4.0,58.0,31.0,Male,2.0,40842.81,1.0,4.0
4165514,6.0,77.0,39.0,Unknown,2.0,25254.5,3.0,6.0
4061641,10.0,127.0,50.0,Female,2.0,33010.46,4.0,7.0
6884073,6.0,75.0,53.0,Female,2.0,128261.64,3.0,6.0
3886128,13.0,157.0,65.0,Male,2.0,92632.57,3.0,6.0
8731340,4.0,57.0,46.5,Unknown,2.0,74443.15,5.0,8.0
5625527,4.0,58.0,21.0,Unknown,2.0,28189.41,3.0,6.0
9494972,11.0,142.0,61.5,Female,2.0,45543.41,4.0,7.0
4284817,14.0,169.0,64.0,Male,2.0,130722.43,0.0,3.0
8448536,8.0,96.0,59.0,Unknown,2.0,48478.76,1.0,4.0
9250118,6.0,72.0,60.5,Unknown,2.0,57240.65,4.0,7.0
5667641,5.0,65.0,19.0,Unknown,2.0,25093.16,2.0,5.0
318680,14.0,169.0,31.0,Female,3.0,182987.27,6.0,9.0
4558223,8.0,104.0,61.0,Female,2.0,39529.04,2.0,5.0
2033798,14.0,174.0,74.0,Male,2.0,392412.77,6.0,9.0
5434624,16.0,202.0,70.5,Male,2.0,93042.75,6.0,9.0
5941398,7.0,84.0,37.5,Unknown,2.0,27225.79,4.0,7.0
4197604,23.0,286.0,54.0,Female,2.0,105036.92,0.0,3.0
4536566,5.0,71.0,29.0,Unknown,2.0,62634.38,6.0,9.0
9016240,4.0,57.0,32.0,Unknown,4.0,79705.97,6.0,9.0
6871641,4.0,59.0,58.0,Unknown,3.0,36998.94,3.0,6.0
3604123,4.0,59.0,31.5,Unknown,3.0,81167.53,6.0,9.0
1955817,4.0,59.0,36.5,Unknown,2.0,33643.33,6.0,9.0
1642802,4.0,59.0,43.5,Unknown,2.0,30938.45,6.0,9.0
1992392,6.0,74.0,63.5,Unknown,2.0,27727.18,2.0,5.0
104781,10.0,121.0,39.5,Male,2.0,28228.64,1.0,4.0
5233709,8.0,98.0,57.0,Female,2.0,144282.32,0.0,3.0
7201494,16.0,194.0,53.0,Female,2.0,30927.12,2.0,5.0
613420,4.0,59.0,43.5,Unknown,2.0,41989.92999999999,6.0,9.0
9773072,7.0,88.0,31.5,Unknown,2.0,46628.77,4.0,7.0
4873663,17.0,204.0,67.5,Female,2.0,62782.32,2.0,5.0
5210864,14.0,176.0,34.0,Female,2.0,86677.88,6.0,9.0
4599448,15.0,182.0,41.5,Unknown,2.0,45373.39,0.0,3.0
5449284,9.0,111.0,31.0,Male,2.0,56835.94,6.0,9.0
9736845,14.0,179.0,32.5,Female,2.0,41270.5,6.0,9.0
4709377,11.0,142.0,61.0,Female,2.0,115666.98,6.0,9.0
3801194,8.0,106.0,60.5,Female,5.0,451774.12,6.0,9.0
6442081,8.0,97.0,33.0,Unknown,2.0,36268.28,2.0,5.0
5789227,6.0,83.0,51.0,Unknown,4.0,111703.62,1.0,4.0
5555638,7.0,86.0,55.5,Unknown,2.0,65448.61,0.0,3.0
5206988,9.0,109.0,26.0,Female,2.0,64508.05,4.0,7.0
7858035,24.0,290.0,73.0,Female,2.0,316816.96,1.0,4.0
5377323,11.0,139.0,61.5,Female,2.0,74982.84,1.0,4.0
9539032,13.0,166.0,36.0,Male,2.0,270223.25,3.0,6.0
890755,23.0,277.0,75.0,Female,2.0,166375.19,1.0,4.0
1929189,23.0,276.0,50.0,Unknown,2.0,124608.45,6.0,9.0
5034259,23.0,276.0,69.0,Female,2.0,111998.74,1.0,4.0
3021412,21.0,263.0,62.0,Male,2.0,190301.15,6.0,9.0
6549562,19.0,238.0,32.0,Male,4.0,379001.07,5.0,8.0
2323288,14.0,179.0,32.5,Female,2.0,26812.71,4.0,7.0
3644464,11.0,142.0,48.0,Female,2.0,256586.37,6.0,9.0
888119,12.0,148.0,30.5,Male,3.0,215059.29,5.0,8.0
3422168,8.0,103.0,45.0,Unknown,2.0,325005.51,0.0,3.0
3044726,9.0,110.0,28.5,Female,3.0,88217.0,6.0,9.0
6785076,4.0,54.0,28.5,Female,2.0,66656.84,2.0,5.0
4700323,6.0,81.0,57.0,Unknown,3.0,169853.84000000003,6.0,9.0
7181877,7.0,95.0,29.0,Female,2.0,45983.53999999999,3.0,6.0
5255514,5.0,65.0,53.5,Unknown,3.0,89601.59,4.0,9.0
1754189,8.0,99.0,57.0,Unknown,2.0,54067.06,6.0,9.0
8245786,15.0,189.0,49.5,Unknown,2.0,84423.37,3.0,6.0
5032514,5.0,60.0,23.5,Unknown,3.0,74228.79999999999,6.0,9.0
2863254,12.0,144.0,63.5,Female,2.0,255515.48,2.0,5.0
1510545,9.0,118.0,49.0,Male,2.0,93505.69,0.0,3.0
6487258,7.0,93.0,53.5,Unknown,2.0,197187.87,2.0,5.0
6964981,5.0,70.0,56.0,Unknown,2.0,64115.64,6.0,9.0
3461027,13.0,165.0,47.5,Female,2.0,43886.38,3.0,6.0
561499,19.0,234.0,45.0,Male,2.0,27779.08,6.0,9.0
3132172,20.0,248.0,58.0,Female,2.0,179781.09999999998,3.0,6.0
7893040,5.0,64.0,24.5,Unknown,2.0,50435.73,3.0,6.0
9151123,15.0,191.0,35.0,Male,3.0,55297.96,1.0,4.0
2412642,5.0,68.0,30.0,Unknown,2.0,49099.92999999999,1.0,4.0
1737677,7.0,94.0,37.5,Unknown,2.0,33957.29,0.0,3.0
5248827,6.0,74.0,43.0,Unknown,2.0,352908.73,3.0,6.0
2313232,13.0,160.0,38.0,Female,2.0,236853.5,3.0,6.0
9207914,11.0,137.0,57.5,Female,2.0,53260.7,2.0,5.0
9098959,8.0,104.0,27.5,Female,2.0,28515.27,3.0,6.0
6621608,6.0,73.0,60.5,Unknown,2.0,591115.02,5.0,8.0
1020887,5.0,70.0,38.5,Unknown,2.0,39805.59,3.0,6.0
4251309,11.0,137.0,47.5,Male,3.0,546640.27,6.0,9.0
5698149,7.0,90.0,29.0,Unknown,2.0,70713.15,0.0,3.0
7968924,6.0,83.0,52.0,Unknown,2.0,27231.02,4.0,7.0
6678024,4.0,56.0,29.5,Male,2.0,77775.23999999999,4.0,7.0
194066,15.0,181.0,50.0,Female,2.0,81520.07,3.0,6.0
7058860,4.0,57.0,44.0,Unknown,2.0,37003.32,2.0,5.0
4908086,9.0,116.0,23.0,Female,2.0,32306.36,4.0,7.0
7650804,4.0,59.0,34.5,Male,3.0,48159.24,5.0,8.0
4696610,4.0,58.0,57.0,Male,3.0,75555.84,4.0,7.0
9103722,6.0,79.0,27.5,Male,3.0,34780.119999999995,6.0,9.0
4304665,7.0,95.0,61.5,Unknown,2.0,61590.11,5.0,8.0
7757841,6.0,80.0,33.0,Unknown,2.0,29820.93,1.0,4.0
627979,30.0,362.0,70.0,Male,3.0,544692.78,6.0,9.0
5592834,9.0,111.0,50.5,Female,2.0,827450.51,2.0,5.0
5162149,7.0,95.0,29.0,Unknown,2.0,69498.56,0.0,3.0
377178,15.0,189.0,32.0,Male,2.0,25273.51,5.0,8.0
8534657,29.0,352.0,27.5,Male,2.0,32477.58,3.0,6.0
9439343,10.0,127.0,66.5,Female,2.0,27769.74,5.0,8.0
4314788,3.0,44.0,88.0,Unknown,2.0,143215.95,3.0,6.0
3007459,7.0,89.0,52.5,Unknown,2.0,134774.55,1.0,4.0
6332171,6.0,80.0,60.0,Unknown,2.0,30596.44,2.0,5.0
2573204,12.0,149.0,67.0,Female,3.0,281235.99,4.0,8.0
5520127,23.0,278.0,34.5,Female,2.0,131767.56,6.0,9.0
7718345,37.0,451.0,36.5,Male,2.0,31671.92,1.0,4.0
4635200,6.0,82.0,28.5,Male,2.0,85184.76,6.0,9.0
1126311,6.0,75.0,23.5,Unknown,3.0,53894.51,6.0,9.0
6207911,8.0,107.0,63.5,Male,2.0,32742.13,6.0,9.0
7958034,24.0,288.0,55.5,Female,3.0,24087.17,0.0,4.0
1928114,23.0,283.0,66.5,Male,2.0,391164.09,6.0,9.0
3719555,22.0,264.0,53.0,Female,2.0,240325.97,5.0,8.0
6639480,18.0,226.0,63.0,Female,2.0,144120.91999999998,4.0,7.0
3467900,16.0,201.0,51.0,Female,5.0,68772.47,4.0,7.0
2820615,13.0,165.0,40.5,Female,2.0,42286.81,2.0,5.0
5577490,15.0,189.0,40.0,Female,2.0,62081.07,1.0,4.0
6113546,11.0,139.0,39.5,Female,2.0,114788.5,0.0,3.0
1208160,9.0,113.0,29.5,Male,2.0,25779.36,0.0,3.0
3873877,9.0,111.0,38.0,Male,2.0,85868.86,6.0,9.0
146205,29.0,349.0,32.5,Male,3.0,105217.61,6.0,9.0
3011192,16.0,192.0,43.5,Male,2.0,82195.22,4.0,7.0
1935144,5.0,70.0,39.5,Unknown,2.0,44961.73,0.0,3.0
5964992,5.0,69.0,57.5,Female,2.0,39213.18,1.0,4.0
4934669,6.0,73.0,36.5,Unknown,2.0,48814.11,6.0,9.0
5983262,35.0,431.0,63.5,Female,2.0,262496.06,5.0,8.0
3870847,9.0,118.0,64.0,Male,3.0,601224.4,2.0,5.0
5937233,14.0,174.0,47.0,Female,2.0,36276.49,6.0,9.0
9888151,9.0,108.0,40.5,Female,3.0,70341.12,5.0,8.0
8765966,11.0,143.0,53.5,Male,2.0,30940.45,1.0,4.0
7594212,5.0,70.0,22.5,Female,2.0,50638.53,4.0,7.0
1177682,6.0,72.0,24.5,Unknown,2.0,40471.78999999999,3.0,6.0
3538870,4.0,58.0,37.5,Unknown,2.0,33220.13,0.0,3.0
8818002,13.0,157.0,42.5,Female,2.0,37499.68,0.0,3.0
7454446,14.0,174.0,59.0,Male,2.0,26967.95,2.0,6.0
1571508,7.0,85.0,65.5,Unknown,2.0,233831.06,6.0,9.0
4960956,10.0,130.0,35.0,Male,3.0,66546.26,4.0,7.0
9875600,8.0,106.0,56.0,Female,2.0,34622.79,1.0,4.0
8174002,10.0,122.0,36.5,Female,3.0,104722.38,3.0,6.0
5386054,6.0,82.0,40.5,Unknown,2.0,73743.79000000001,1.0,4.0
6221372,14.0,175.0,37.0,Female,4.0,345138.93,6.0,9.0
9639038,5.0,66.0,25.5,Male,3.0,127036.79,3.0,6.0
6244684,6.0,72.0,53.0,Male,3.0,26525.22,1.0,4.0
9192625,11.0,140.0,63.5,Male,3.0,502328.87,4.0,7.0
2599987,14.0,178.0,55.0,Male,2.0,214115.92,6.0,9.0
2095088,23.0,284.0,52.0,Female,3.0,53052.26,1.0,4.0
2070486,22.0,271.0,24.0,Unknown,2.0,102953.19,2.0,5.0
5482843,21.0,257.0,34.0,Male,3.0,91293.62,6.0,9.0
7700073,17.0,210.0,46.0,Male,2.0,91495.13,5.0,8.0
5596165,5.0,66.0,22.5,Unknown,2.0,55943.87,6.0,9.0
1141025,15.0,189.0,49.5,Male,3.0,924562.64,6.0,9.0
1136364,12.0,155.0,66.5,Male,2.0,125514.99,6.0,9.0
7404966,11.0,139.0,51.0,Male,3.0,59947.51,5.0,8.0
9846402,5.0,66.0,23.5,Unknown,2.0,25075.87,0.0,3.0
8948012,24.0,295.0,21.5,Female,2.0,39441.81,3.0,6.0
8568603,27.0,328.0,53.0,Male,2.0,65486.85,1.0,4.0
268509,11.0,139.0,59.0,Female,2.0,79306.85,5.0,8.0
8310047,27.0,327.0,55.0,Female,3.0,454511.4,3.0,6.0
750874,15.0,182.0,71.0,Male,3.0,156002.03999999998,4.0,7.0
3733482,9.0,112.0,47.5,Male,3.0,311970.62,5.0,8.0
3717263,10.0,128.0,25.5,Male,3.0,68732.42,6.0,9.0
7431511,9.0,110.0,75.5,Male,2.0,213088.67,1.0,4.0
2333398,4.0,58.0,63.0,Unknown,2.0,27083.1,3.0,6.0
3293183,13.0,158.0,58.5,Male,2.0,74541.97,6.0,9.0
4253705,6.0,73.0,49.0,Unknown,3.0,46194.9,6.0,9.0
7582539,13.0,167.0,24.5,Female,2.0,60766.89,0.0,3.0
8387609,12.0,154.0,41.5,Male,2.0,42021.13,2.0,5.0
6036804,10.0,122.0,33.0,Male,2.0,85640.35,4.0,7.0
4002466,8.0,106.0,57.5,Male,2.0,35721.3,4.0,7.0
7285230,9.0,111.0,72.5,Female,2.0,30048.67,3.0,6.0
8263728,5.0,66.0,40.0,Unknown,2.0,39826.64,6.0,9.0
2422177,30.0,369.0,51.5,Male,3.0,219799.2,1.0,4.0
7966415,5.0,71.0,28.0,Unknown,3.0,140778.19,1.0,4.0
8632835,14.0,179.0,41.5,Male,2.0,36918.38,0.0,3.0
2607463,11.0,137.0,36.5,Female,2.0,125194.89,2.0,5.0
6623236,10.0,130.0,57.5,Male,2.0,106169.39,5.0,8.0
6849336,13.0,167.0,45.5,Male,2.0,34458.86,1.0,4.0
9330910,6.0,76.0,43.5,Unknown,2.0,269735.32,1.0,4.0
3835844,6.0,83.0,22.5,Unknown,2.0,25408.33,2.0,5.0
933717,5.0,67.0,68.0,Female,2.0,135604.22,2.0,5.0
3935774,15.0,184.0,65.0,Male,3.0,37308.18,1.0,4.0
4189075,5.0,65.0,21.5,Unknown,2.0,40890.44,4.0,7.0
3220136,6.0,82.0,62.5,Unknown,2.0,155842.51,2.0,5.0
5114142,6.0,82.0,52.0,Unknown,2.0,65808.45,4.0,7.0
1371895,6.0,82.0,23.5,Unknown,2.0,34844.13,0.0,3.0
7885532,12.0,146.0,47.0,Female,2.0,26782.72,2.0,5.0
5238546,4.0,58.0,62.5,Unknown,2.0,30550.82,1.0,4.0
8966119,4.0,59.0,37.0,Unknown,2.0,28656.07,6.0,9.0
3806942,12.0,151.0,51.5,Unknown,2.0,76185.6,0.0,3.0
4166100,23.0,280.0,70.5,Female,3.0,60955.68,6.0,9.0
9361381,22.0,275.0,64.0,Female,3.0,71743.87,6.0,9.0
2646807,21.0,259.0,44.5,Male,4.0,706009.11,6.0,9.0
327511,20.0,250.0,57.5,Female,3.0,66975.4,5.0,8.0
7934,20.0,241.0,44.0,Female,2.0,126480.9,6.0,9.0
1877940,19.0,230.0,51.0,Female,2.0,141213.09999999998,5.0,8.0
4097570,14.0,169.0,64.5,Female,2.0,185303.72,4.0,7.0
3150649,7.0,91.0,39.5,Unknown,2.0,26537.22,0.0,3.0
6804761,12.0,154.0,47.0,Male,3.0,59140.88,2.0,5.0
4559200,6.0,72.0,31.0,Unknown,2.0,78496.51,3.0,6.0
7167607,6.0,82.0,43.5,Unknown,2.0,172132.84999999998,5.0,8.0
8513162,15.0,181.0,28.5,Male,2.0,48055.51,2.0,5.0
8969939,5.0,70.0,42.5,Unknown,2.0,56814.18,0.0,3.0
1538758,7.0,95.0,27.5,Unknown,2.0,60667.47,3.0,6.0
5352431,7.0,87.0,38.5,Unknown,2.0,36567.0,2.0,5.0
196865,12.0,152.0,46.0,Unknown,2.0,39716.32,0.0,3.0
9617464,10.0,120.0,29.0,Male,2.0,25015.6,1.0,4.0
8726546,27.0,325.0,76.0,Male,2.0,219769.48,1.0,4.0
7984069,13.0,161.0,53.0,Male,2.0,38412.18,3.0,6.0
1542467,12.0,154.0,24.5,Female,3.0,52860.92999999999,0.0,3.0
8896811,14.0,171.0,30.5,Unknown,2.0,151341.86,0.0,3.0
8297474,4.0,52.0,28.5,Unknown,3.0,34109.66,2.0,5.0
717242,6.0,81.0,59.0,Unknown,2.0,53221.15,4.0,7.0
7756519,15.0,189.0,61.0,Male,2.0,46751.1,3.0,6.0
2279529,4.0,59.0,34.0,Unknown,2.0,36808.92,0.0,3.0
1083032,27.0,325.0,22.0,Male,3.0,122033.07,0.0,3.0
9473317,11.0,141.0,75.0,Female,3.0,101476.62,6.0,9.0
1220589,4.0,58.0,55.5,Unknown,2.0,47544.21,0.0,3.0
226818,7.0,86.0,23.5,Unknown,2.0,73098.76999999999,6.0,9.0
9148520,8.0,106.0,23.0,Female,2.0,40138.02,0.0,3.0
9472815,9.0,118.0,28.5,Male,2.0,28854.91,4.0,7.0
1567647,8.0,107.0,65.5,Male,2.0,1022751.7,2.0,5.0
7171398,10.0,129.0,24.0,Male,2.0,134479.88,6.0,9.0
9503923,5.0,70.0,64.0,Unknown,2.0,52150.38,6.0,9.0
8140256,10.0,123.0,63.0,Male,2.0,332351.04,4.0,7.0
3936639,15.0,183.0,35.0,Female,2.0,56896.61,0.0,3.0
1006084,14.0,175.0,27.5,Female,2.0,43701.41,5.0,8.0
4569203,14.0,177.0,71.0,Male,2.0,100194.56,0.0,4.0
3212379,12.0,150.0,26.5,Male,3.0,127978.21,3.0,6.0
4048642,16.0,193.0,40.0,Female,2.0,51961.02,0.0,3.0
6193571,6.0,73.0,65.0,Female,2.0,61445.73,4.0,7.0
8776563,9.0,118.0,60.5,Female,2.0,52263.85,6.0,9.0
5884633,8.0,103.0,54.5,Unknown,3.0,69836.7,1.0,4.0
6163995,16.0,192.0,37.5,Female,2.0,57485.49,6.0,9.0
438567,15.0,186.0,38.0,Male,2.0,89161.51999999999,6.0,9.0
5324216,15.0,190.0,60.0,Male,2.0,24791.5,2.0,5.0
1068855,4.0,59.0,49.0,Unknown,2.0,42059.46,0.0,3.0
4389026,7.0,93.0,49.5,Unknown,2.0,94571.34,0.0,3.0
8261402,13.0,162.0,28.0,Female,2.0,40557.24,6.0,9.0
6678628,13.0,156.0,44.0,Female,2.0,78741.65,1.0,4.0
2888308,15.0,181.0,36.0,Female,2.0,41248.2,1.0,4.0
8094131,7.0,92.0,65.0,Unknown,2.0,188611.28,6.0,9.0
133631,14.0,172.0,27.5,Female,2.0,72227.67,6.0,9.0
9287794,9.0,113.0,34.0,Female,2.0,60119.86,3.0,6.0
3075073,9.0,119.0,59.5,Female,2.0,57004.63,6.0,9.0
3634717,10.0,121.0,58.5,Male,2.0,255093.0,5.0,8.0
1531690,24.0,295.0,57.5,Male,2.0,245177.13,5.0,8.0
6940663,24.0,289.0,65.5,Male,2.0,98718.15,2.0,5.0
6377989,23.0,276.0,31.0,Male,2.0,59854.0,1.0,4.0
257597,22.0,271.0,61.5,Female,4.0,286309.04,6.0,9.0
8267883,21.0,263.0,52.5,Female,3.0,696611.66,4.0,7.0
8438145,21.0,262.0,64.0,Female,2.0,74717.20999999999,6.0,9.0
9889907,21.0,259.0,64.5,Female,2.0,93963.07,3.0,6.0
1222028,20.0,247.0,57.5,Male,2.0,285190.36,6.0,9.0
1999991,21.0,252.0,60.5,Female,2.0,60904.1,6.0,9.0
9368637,19.0,230.0,48.0,Female,2.0,93687.74,5.0,8.0
3152783,19.0,230.0,68.0,Male,2.0,213328.79,6.0,9.0
7554295,11.0,136.0,80.0,Male,2.0,291237.3,6.0,9.0
7779501,26.0,322.0,44.5,Unknown,2.0,61440.03,6.0,9.0
1615051,7.0,84.0,55.5,Unknown,3.0,169097.12,6.0,9.0
341409,15.0,189.0,36.0,Female,2.0,39898.6,1.0,4.0
4417464,4.0,58.0,18.5,Unknown,4.0,47139.53999999999,1.0,4.0
8950912,8.0,106.0,56.5,Male,3.0,377472.5,6.0,9.0
8688119,6.0,82.0,45.0,Unknown,2.0,158589.37,1.0,4.0
1163653,7.0,90.0,25.5,Unknown,2.0,36772.48,0.0,3.0
4132556,14.0,171.0,51.0,Male,2.0,46261.67,1.0,4.0
9483015,15.0,191.0,69.5,Female,2.0,32284.61,3.0,6.0
7144564,10.0,130.0,65.5,Female,2.0,78325.0,6.0,9.0
6968063,10.0,129.0,35.5,Female,3.0,103195.24,4.0,7.0
8207383,27.0,334.0,73.5,Male,2.0,110846.38,1.0,4.0
246911,13.0,167.0,48.5,Male,3.0,147257.78,2.0,5.0
2181962,7.0,84.0,27.0,Unknown,2.0,33760.25,2.0,5.0
8757252,14.0,172.0,43.0,Unknown,2.0,27374.37,0.0,3.0
5426555,27.0,328.0,25.5,Male,2.0,64114.03,5.0,8.0
3470971,8.0,97.0,51.0,Unknown,2.0,235843.89,5.0,8.0
905077,32.0,391.0,82.0,Male,3.0,399539.37,6.0,9.0
3631357,12.0,144.0,36.5,Male,2.0,38754.93,6.0,9.0
5417109,6.0,76.0,71.0,Male,2.0,82697.29999999999,0.0,3.0
8316729,9.0,111.0,55.0,Male,2.0,70376.11,2.0,5.0
7066270,6.0,72.0,45.0,Unknown,2.0,32495.93,4.0,7.0
7966133,11.0,137.0,25.0,Unknown,2.0,30576.78,3.0,6.0
1613610,14.0,172.0,39.5,Male,2.0,69068.08,1.0,4.0
8594925,16.0,203.0,40.5,Female,2.0,35190.649999999994,2.0,5.0
3018059,28.0,346.0,60.5,Male,2.0,403872.23,6.0,9.0
4034394,5.0,67.0,59.0,Female,2.0,54827.86,1.0,4.0
707340,8.0,100.0,20.5,Unknown,4.0,145738.27000000002,5.0,8.0
182575,27.0,325.0,69.0,Male,2.0,157295.7,6.0,9.0
1386769,8.0,104.0,66.5,Female,2.0,39925.13,0.0,4.0
8766443,11.0,133.0,58.0,Male,2.0,200789.55,6.0,9.0
5728383,23.0,276.0,57.0,Male,2.0,174429.46999999997,4.0,7.0
6792052,22.0,275.0,52.5,Female,2.0,76519.43,1.0,4.0
2577284,21.0,263.0,52.5,Female,2.0,170629.83000000002,6.0,9.0
5660807,21.0,260.0,57.5,Male,2.0,67423.26,6.0,9.0
1593575,21.0,252.0,53.5,Female,3.0,64158.33,6.0,9.0
6643372,22.0,266.0,61.0,Male,3.0,160671.66999999998,6.0,9.0
1272556,18.0,226.0,31.0,Male,2.0,32638.48,0.0,3.0
4850336,17.0,211.0,44.5,Male,2.0,318181.43,5.0,8.0
4178617,7.0,85.0,51.5,Unknown,2.0,32851.21,0.0,3.0
8459564,10.0,128.0,66.0,Female,2.0,69506.56,6.0,9.0
3449824,7.0,94.0,60.0,Unknown,2.0,64776.05,0.0,3.0
8850566,7.0,93.0,62.0,Unknown,2.0,51328.0,6.0,9.0
1542322,5.0,67.0,25.0,Unknown,2.0,53721.46,5.0,8.0
8257910,16.0,195.0,62.0,Female,2.0,37121.41,1.0,4.0
2978308,9.0,113.0,49.0,Female,2.0,114404.19,2.0,5.0
941279,8.0,101.0,26.5,Unknown,2.0,64369.11,1.0,4.0
8633436,7.0,84.0,23.5,Unknown,2.0,60895.72,5.0,8.0
956129,22.0,265.0,71.5,Male,2.0,290292.53,2.0,6.0
7108764,16.0,192.0,57.5,Female,3.0,252214.94,6.0,9.0
8815733,20.0,246.0,65.5,Male,2.0,162757.59000000003,5.0,8.0
7889828,10.0,126.0,48.0,Unknown,2.0,25461.54,3.0,6.0
9089219,6.0,73.0,20.5,Male,2.0,25263.07,6.0,9.0
1142314,7.0,88.0,66.5,Unknown,2.0,247654.33,6.0,9.0
1895400,6.0,83.0,26.5,Unknown,2.0,59837.84,4.0,7.0
4623785,14.0,168.0,44.5,Male,2.0,28227.96,6.0,9.0
1994353,14.0,177.0,59.5,Female,2.0,35466.58,0.0,3.0
3360406,5.0,70.0,29.5,Female,4.0,73299.98,3.0,6.0
9280304,12.0,144.0,47.5,Female,2.0,45750.42,1.0,4.0
5461478,8.0,105.0,44.0,Male,2.0,40891.17999999999,1.0,4.0
2510672,12.0,149.0,41.0,Male,2.0,522249.52,4.0,7.0
1705026,7.0,85.0,24.0,Unknown,2.0,33197.45,6.0,9.0
2309911,11.0,142.0,58.0,Male,2.0,542978.5,6.0,9.0
8321660,6.0,82.0,72.0,Unknown,2.0,143524.28999999998,6.0,9.0
415277,14.0,168.0,66.5,Female,2.0,57716.76,3.0,6.0
3635853,4.0,57.0,35.0,Unknown,3.0,45790.75,5.0,8.0
1121924,8.0,103.0,28.0,Unknown,3.0,85191.4,6.0,9.0
4911166,15.0,186.0,35.0,Female,2.0,33100.48,2.0,5.0
1418582,15.0,189.0,32.0,Male,2.0,85121.28,3.0,6.0
9391886,7.0,89.0,38.5,Unknown,3.0,242481.13,6.0,9.0
1549557,10.0,121.0,47.5,Male,2.0,84743.29999999999,3.0,6.0
8940339,5.0,60.0,30.0,Unknown,3.0,128822.49,2.0,5.0
8172977,5.0,70.0,30.0,Unknown,3.0,51106.38,2.0,5.0
4348620,6.0,75.0,23.5,Unknown,2.0,28135.19,4.0,7.0
5401561,23.0,277.0,76.0,Male,3.0,159166.41999999998,6.0,9.0
787036,23.0,276.0,50.0,Male,2.0,29224.34,6.0,9.0
5358140,21.0,260.0,57.5,Male,2.0,453924.14,5.0,8.0
5588937,20.0,249.0,71.0,Male,2.0,31871.93,6.0,9.0
6709931,21.0,253.0,53.5,Male,3.0,321591.52,2.0,5.0
7177216,20.0,241.0,39.5,Female,3.0,68906.94,2.0,5.0
5837641,18.0,227.0,46.5,Unknown,2.0,43249.73,3.0,6.0
8726633,18.0,226.0,69.5,Male,5.0,302871.65,2.0,5.0
4215519,18.0,221.0,57.0,Male,3.0,305140.5,3.0,6.0
2447571,17.0,214.0,51.0,Unknown,2.0,94584.0,6.0,9.0
3611797,15.0,186.0,36.0,Female,2.0,35892.49,1.0,4.0
3315956,8.0,105.0,45.0,Female,2.0,653122.68,3.0,7.0
3209959,12.0,149.0,34.5,Female,2.0,121245.04,0.0,3.0
2891006,6.0,78.0,27.5,Unknown,2.0,40219.23,3.0,6.0
5806855,9.0,114.0,24.0,Male,2.0,34322.66,1.0,4.0
4262428,5.0,70.0,64.5,Unknown,2.0,38180.59,0.0,3.0
3787037,36.0,439.0,33.5,Male,3.0,103860.07,6.0,9.0
3455729,13.0,158.0,36.5,Male,2.0,43927.46,3.0,6.0
3735198,15.0,190.0,40.0,Female,3.0,149270.65,5.0,8.0
1687900,5.0,68.0,33.5,Male,2.0,46526.28999999999,1.0,5.0
3133671,5.0,61.0,73.5,Unknown,2.0,243462.46,2.0,5.0
7694180,7.0,91.0,31.5,Unknown,2.0,26563.52,0.0,4.0
7816756,26.0,317.0,68.5,Female,2.0,56541.66,3.0,6.0
5706577,4.0,59.0,51.0,Unknown,2.0,71296.98,1.0,4.0
6791845,15.0,188.0,61.5,Male,2.0,49300.99,1.0,4.0
2575906,7.0,85.0,57.0,Unknown,4.0,499207.29,6.0,9.0
2038553,6.0,78.0,59.5,Unknown,5.0,84382.73,5.0,8.0
3408073,11.0,142.0,54.5,Female,2.0,49623.33,4.0,7.0
3826744,9.0,109.0,22.5,Male,3.0,82938.36,6.0,9.0
3883711,17.0,210.0,58.0,Male,2.0,105556.09,0.0,3.0
7266624,14.0,179.0,23.5,Male,3.0,151026.5,6.0,9.0
1970830,4.0,57.0,41.5,Female,2.0,45196.03,1.0,4.0
4934661,4.0,58.0,61.5,Male,3.0,1122465.23,6.0,9.0
881057,8.0,98.0,71.5,Unknown,2.0,124879.26,6.0,9.0
1045441,15.0,185.0,30.0,Male,2.0,142586.31,2.0,5.0
1883923,5.0,70.0,47.5,Unknown,2.0,51782.8,0.0,3.0
6181079,19.0,231.0,57.0,Male,2.0,28778.9,6.0,9.0
5481931,5.0,70.0,61.0,Male,2.0,526428.13,1.0,4.0
2540902,7.0,92.0,43.0,Unknown,2.0,54568.13,1.0,4.0
8297224,7.0,89.0,26.0,Female,2.0,27214.98,6.0,9.0
4830627,5.0,60.0,46.5,Unknown,2.0,31274.0,0.0,3.0
577051,14.0,177.0,51.5,Female,3.0,62302.56,4.0,7.0
803814,14.0,178.0,60.5,Male,2.0,25132.96,2.0,5.0
1367442,6.0,81.0,68.0,Unknown,3.0,483571.27,6.0,9.0
4909695,14.0,178.0,43.5,Male,4.0,127095.16,4.0,7.0
3459039,9.0,109.0,60.0,Female,2.0,25660.33,5.0,8.0
5283422,7.0,93.0,56.5,Unknown,2.0,829182.9,5.0,8.0
4662897,15.0,189.0,43.0,Male,2.0,449236.83,4.0,7.0
3376442,16.0,192.0,50.5,Male,2.0,239621.5,1.0,4.0
4434126,4.0,57.0,25.5,Unknown,3.0,35595.33,2.0,5.0
3152279,25.0,305.0,49.0,Male,2.0,119821.76,1.0,4.0
2411588,24.0,297.0,50.0,Male,2.0,119998.53,4.0,7.0
4327050,23.0,286.0,52.0,Female,3.0,182908.9,1.0,4.0
5014452,22.0,265.0,53.5,Female,2.0,378600.63,5.0,9.0
2374361,21.0,260.0,52.0,Female,3.0,95737.52,0.0,3.0
5258772,21.0,252.0,73.5,Male,2.0,172338.3,6.0,9.0
3719172,20.0,245.0,33.0,Female,3.0,109234.86,4.0,7.0
1804591,24.0,293.0,46.0,Male,3.0,83444.73999999999,3.0,6.0
9099065,17.0,205.0,60.5,Male,2.0,232472.84000000003,3.0,6.0
759538,5.0,67.0,33.0,Female,2.0,28779.67,5.0,8.0
4377932,5.0,60.0,61.0,Female,2.0,36011.759999999995,2.0,5.0
2648130,17.0,214.0,64.5,Female,2.0,175929.06,1.0,4.0
8028488,7.0,87.0,27.5,Unknown,2.0,30041.96,5.0,8.0
2935751,13.0,158.0,61.0,Male,3.0,426731.72,1.0,4.0
9018705,15.0,190.0,32.5,Male,2.0,30424.61,0.0,3.0
3479663,15.0,181.0,67.5,Male,3.0,206332.93,6.0,9.0
8219034,5.0,60.0,61.0,Male,2.0,209815.85,6.0,9.0
8221810,6.0,82.0,37.0,Female,3.0,207604.43,6.0,9.0
80915,9.0,112.0,48.0,Male,2.0,71263.61,6.0,9.0
7856644,15.0,190.0,51.0,Male,2.0,39720.24,6.0,9.0
947221,8.0,96.0,74.5,Unknown,2.0,31331.77,3.0,6.0
8592056,5.0,67.0,67.0,Unknown,2.0,28119.77,1.0,4.0
2949346,4.0,58.0,58.0,Unknown,2.0,70871.54999999999,1.0,4.0
6896319,13.0,160.0,51.5,Female,3.0,225009.9,2.0,5.0
2600734,29.0,348.0,54.5,Female,2.0,83091.70999999999,0.0,3.0
2304137,11.0,137.0,73.5,Female,2.0,75395.13,2.0,5.0
82376,11.0,142.0,32.0,Male,2.0,36187.4,6.0,9.0
4915982,11.0,134.0,25.0,Male,2.0,24986.46,0.0,3.0
6477209,7.0,87.0,25.5,Unknown,4.0,41784.1,4.0,9.0
8772673,15.0,187.0,85.5,Male,3.0,260527.47,4.0,7.0
8664129,5.0,71.0,29.5,Unknown,2.0,52856.91,6.0,9.0
6923123,5.0,71.0,27.0,Unknown,3.0,52909.87,1.0,4.0
8509137,25.0,310.0,52.0,Female,2.0,156741.13,1.0,4.0
5429291,13.0,156.0,26.0,Male,2.0,96161.04,5.0,8.0
5987705,8.0,98.0,61.0,Unknown,2.0,143693.3,5.0,8.0
2060068,14.0,178.0,37.5,Female,2.0,74331.14,2.0,5.0
7115668,26.0,319.0,27.5,Male,2.0,132641.09999999998,6.0,9.0
4622256,4.0,57.0,50.0,Unknown,2.0,71636.98,0.0,3.0
9975792,7.0,87.0,63.0,Male,2.0,218238.67,5.0,8.0
7055378,5.0,64.0,28.0,Male,2.0,43857.72,4.0,7.0
6671677,8.0,97.0,47.0,Unknown,2.0,66267.26999999999,1.0,4.0
9024738,6.0,81.0,73.5,Unknown,2.0,112675.43,6.0,9.0
3154756,27.0,334.0,53.0,Male,3.0,493599.71,6.0,9.0
2772084,5.0,62.0,60.0,Unknown,2.0,238703.23,3.0,6.0
8293919,15.0,190.0,31.0,Male,2.0,46667.9,1.0,4.0
3588431,12.0,151.0,48.5,Female,2.0,163820.01,2.0,5.0
7710488,13.0,166.0,27.0,Male,2.0,29361.48,6.0,9.0
2054906,7.0,89.0,22.0,Unknown,3.0,171565.44,5.0,8.0
7136531,14.0,170.0,37.0,Female,2.0,108466.99,0.0,3.0
5225442,11.0,143.0,44.0,Female,2.0,171251.81,3.0,6.0
8472348,8.0,100.0,68.0,Unknown,2.0,275962.39,6.0,9.0
4922682,8.0,97.0,39.5,Unknown,2.0,50985.3,6.0,9.0
3761114,11.0,132.0,72.5,Female,2.0,300400.66,6.0,9.0
8449016,14.0,169.0,52.0,Male,2.0,68611.79999999999,0.0,3.0
1661375,6.0,74.0,19.5,Unknown,2.0,29370.72,1.0,4.0
9584266,9.0,114.0,65.5,Female,2.0,33972.3,1.0,4.0
148076,15.0,188.0,65.0,Male,2.0,617382.3400000001,4.0,7.0
7527045,17.0,206.0,56.0,Female,2.0,23809.09,4.0,7.0
9753276,12.0,149.0,35.5,Male,3.0,450033.6,3.0,6.0
6190460,5.0,60.0,70.0,Unknown,2.0,838803.7100000001,5.0,8.0
7699363,15.0,187.0,35.0,Female,2.0,26947.75,1.0,4.0
134282,12.0,153.0,95.5,Female,2.0,43471.96,3.0,6.0
9886280,6.0,77.0,29.5,Unknown,2.0,50244.5,6.0,9.0
71626,14.0,170.0,78.0,Female,2.0,367258.8,1.0,4.0
2450890,23.0,286.0,59.0,Female,3.0,204396.76,4.0,7.0
2794479,21.0,261.0,61.5,Male,3.0,621102.9,0.0,3.0
914638,21.0,258.0,81.0,Male,3.0,45886.62,3.0,6.0
391167,21.0,257.0,50.0,Unknown,2.0,104034.04,0.0,4.0
7511344,21.0,252.0,80.0,Female,3.0,247248.44,4.0,8.0
6385324,9.0,111.0,28.0,Male,2.0,43086.4,1.0,4.0
687283,5.0,69.0,31.0,Unknown,2.0,262036.82,6.0,9.0
8263833,13.0,156.0,53.5,Male,2.0,36130.34,1.0,4.0
5592682,8.0,98.0,42.5,Female,2.0,39725.56,6.0,9.0
9095178,7.0,85.0,31.5,Male,2.0,28225.77,4.0,7.0
6571419,14.0,176.0,53.5,Female,2.0,138452.43,5.0,8.0
7824239,10.0,120.0,37.5,Male,2.0,33653.06,2.0,5.0
1228761,8.0,103.0,43.0,Unknown,2.0,372689.46,5.0,8.0
3670242,8.0,96.0,76.5,Unknown,2.0,116031.14,6.0,9.0
7045324,7.0,84.0,30.5,Unknown,2.0,70536.31,6.0,9.0
8895716,4.0,59.0,57.5,Unknown,2.0,28116.96,3.0,6.0
8270136,26.0,317.0,63.5,Male,2.0,30262.44,1.0,5.0
531896,10.0,126.0,48.5,Male,2.0,351856.46,2.0,5.0
2560413,13.0,157.0,32.0,Female,2.0,68420.64,1.0,4.0
6573015,22.0,272.0,77.0,Male,2.0,299481.93,6.0,9.0
7559687,6.0,83.0,34.0,Unknown,2.0,69090.04999999999,2.0,5.0
4354809,4.0,56.0,33.0,Unknown,2.0,25041.51,0.0,3.0
2466669,5.0,70.0,23.5,Unknown,2.0,52135.59,3.0,6.0
82566,12.0,148.0,74.5,Male,2.0,25887.67,2.0,5.0
252667,14.0,177.0,64.5,Female,2.0,41481.47,5.0,8.0
6920944,6.0,75.0,37.5,Unknown,2.0,31951.41,2.0,5.0
314958,9.0,112.0,53.5,Female,2.0,75749.39,3.0,6.0
8768733,6.0,74.0,68.5,Male,2.0,46807.64,4.0,7.0
9177075,6.0,72.0,43.5,Unknown,2.0,65057.95,0.0,3.0
875221,7.0,89.0,24.5,Unknown,2.0,47434.67999999999,0.0,3.0
4384472,22.0,264.0,24.5,Male,2.0,57020.25,6.0,9.0
2489460,19.0,232.0,55.5,Female,4.0,170183.46999999997,6.0,9.0
9192991,6.0,78.0,60.0,Unknown,3.0,1128924.0599999998,0.0,3.0
2199157,6.0,75.0,27.0,Female,2.0,26566.47,0.0,3.0
9444536,13.0,164.0,29.0,Female,2.0,103090.03,1.0,4.0
3057623,6.0,82.0,24.0,Unknown,2.0,45980.84,0.0,3.0
5421524,11.0,133.0,61.5,Female,2.0,76573.76,0.0,3.0
3523070,5.0,71.0,28.0,Unknown,2.0,47369.91,6.0,9.0
2138171,14.0,169.0,60.0,Female,2.0,30364.39,0.0,3.0
5804951,13.0,157.0,33.0,Female,3.0,62046.06,1.0,4.0
1797401,5.0,70.0,56.5,Unknown,2.0,56012.0,3.0,6.0
9578281,8.0,104.0,38.5,Male,3.0,80671.39,6.0,9.0
1341853,8.0,106.0,81.0,Female,2.0,426599.76,6.0,9.0
9447325,4.0,55.0,63.5,Unknown,2.0,24820.32,2.0,5.0
2864960,13.0,156.0,25.0,Unknown,2.0,83829.13,2.0,5.0
94767,6.0,79.0,31.0,Unknown,3.0,34125.23,0.0,3.0
1591487,5.0,66.0,61.5,Male,3.0,170062.99,2.0,5.0
4393716,12.0,149.0,48.5,Female,2.0,30923.68,3.0,7.0
2447231,13.0,166.0,62.5,Male,2.0,154070.07,6.0,9.0
9282393,5.0,71.0,63.5,Unknown,2.0,124276.62,3.0,6.0
5253882,6.0,73.0,71.5,Unknown,2.0,54930.59,4.0,7.0
9794858,6.0,72.0,33.0,Unknown,2.0,28264.01,6.0,9.0
8052248,7.0,85.0,24.5,Unknown,2.0,42300.38,6.0,9.0
717217,25.0,303.0,19.5,Unknown,2.0,48693.23,6.0,9.0
6960194,24.0,292.0,75.5,Male,3.0,314062.68,5.0,8.0
5464626,29.0,357.0,67.0,Male,4.0,439322.89,4.0,7.0
2784264,22.0,271.0,54.5,Male,2.0,50092.57,3.0,6.0
1896155,22.0,265.0,31.0,Female,2.0,772610.1000000001,3.0,6.0
767696,21.0,253.0,67.0,Female,2.0,49352.69,2.0,5.0
7924454,20.0,248.0,76.5,Male,2.0,139651.82,1.0,4.0
4080376,27.0,331.0,71.5,Female,3.0,671714.4500000001,1.0,4.0
4251910,18.0,216.0,65.0,Male,3.0,440045.89,6.0,9.0
5599870,6.0,78.0,33.0,Unknown,3.0,124436.84,6.0,9.0
5848487,8.0,107.0,65.0,Female,2.0,59844.98,3.0,6.0
6757761,9.0,118.0,69.5,Male,2.0,32173.38,1.0,5.0
2331613,4.0,53.0,61.0,Unknown,2.0,173988.59999999998,5.0,8.0
3016851,14.0,171.0,45.5,Female,2.0,56393.67,0.0,3.0
9950759,6.0,78.0,60.0,Unknown,3.0,83470.76999999999,6.0,9.0
6085193,13.0,159.0,68.5,Male,3.0,1733593.24,3.0,6.0
2803224,15.0,189.0,53.0,Female,3.0,112792.53,3.0,6.0
6249577,14.0,174.0,56.5,Female,3.0,527903.34,2.0,5.0
1043717,9.0,119.0,32.0,Female,2.0,97865.99,0.0,3.0
2487977,5.0,64.0,56.5,Unknown,4.0,462775.71,2.0,5.0
559881,14.0,171.0,27.0,Female,2.0,44980.02,0.0,3.0
7245782,6.0,83.0,55.0,Unknown,2.0,128703.53,6.0,9.0
4927505,14.0,175.0,33.5,Male,2.0,95804.39,4.0,7.0
9759719,7.0,93.0,45.5,Unknown,3.0,46434.6,6.0,9.0
5611387,6.0,78.0,67.0,Unknown,2.0,95519.33,4.0,7.0
7826821,15.0,189.0,47.0,Female,2.0,34459.899999999994,0.0,3.0
2648410,8.0,106.0,68.0,Female,3.0,39375.24,6.0,9.0
1577311,15.0,189.0,59.5,Male,2.0,48058.92,1.0,4.0
4433180,5.0,61.0,74.0,Unknown,2.0,63411.81,6.0,9.0
4062868,11.0,133.0,22.5,Female,3.0,53074.78999999999,6.0,9.0
3524441,10.0,123.0,28.0,Male,2.0,31604.85,0.0,3.0
6583172,27.0,325.0,54.5,Female,3.0,114920.01,1.0,4.0
7308160,25.0,310.0,53.0,Female,2.0,40823.24,0.0,3.0
3886037,5.0,66.0,56.0,Male,2.0,150125.37,3.0,6.0
8673131,3.0,41.0,18.5,Unknown,3.0,33477.91,1.0,4.0
7022229,7.0,89.0,47.5,Unknown,2.0,90810.64,2.0,5.0
7764814,6.0,73.0,43.5,Unknown,2.0,26523.16,0.0,3.0
3520004,16.0,192.0,58.0,Male,2.0,411333.33,3.0,6.0
3892524,6.0,76.0,57.0,Male,2.0,24089.69,1.0,4.0
35010,8.0,100.0,47.0,Unknown,2.0,99482.03,4.0,7.0
4285861,9.0,118.0,41.5,Male,2.0,50913.86,0.0,3.0
5951127,9.0,111.0,42.5,Male,2.0,58735.89,2.0,5.0
9052308,19.0,233.0,59.0,Male,3.0,285763.87,6.0,9.0
6536067,9.0,119.0,62.5,Male,2.0,24995.79,1.0,4.0
6587318,12.0,155.0,39.0,Male,3.0,63322.15,2.0,5.0
7186706,6.0,77.0,37.0,Unknown,2.0,151734.37,5.0,8.0
7059333,11.0,141.0,27.0,Male,2.0,55408.49,6.0,9.0
6714002,5.0,60.0,72.5,Unknown,2.0,45648.21,1.0,4.0
2912218,6.0,81.0,25.5,Unknown,2.0,38773.67,0.0,3.0
6280351,14.0,177.0,46.0,Male,3.0,98553.88,5.0,8.0
8916884,7.0,84.0,26.0,Unknown,2.0,68972.84,6.0,9.0
6326298,13.0,163.0,34.5,Male,3.0,175987.47999999998,6.0,9.0
720284,5.0,60.0,65.5,Unknown,2.0,52577.67,3.0,6.0
3332395,24.0,292.0,62.5,Male,4.0,807291.9700000001,6.0,9.0
3684282,15.0,182.0,48.0,Male,2.0,202948.86,4.0,7.0
3005892,5.0,66.0,59.5,Unknown,3.0,49828.41,3.0,6.0
2506067,12.0,148.0,68.0,Male,2.0,77406.84,3.0,6.0
250277,6.0,73.0,20.0,Unknown,3.0,52457.08,6.0,9.0
1374251,4.0,53.0,39.0,Unknown,2.0,35083.59,2.0,5.0
5432293,31.0,379.0,76.0,Male,4.0,980787.34,0.0,4.0
5978473,10.0,120.0,52.0,Male,3.0,155059.07,6.0,9.0
1821752,6.0,79.0,31.5,Unknown,2.0,50621.86,2.0,5.0
225675,21.0,253.0,47.0,Female,2.0,85633.38,4.0,7.0
7843988,20.0,250.0,59.5,Male,3.0,33965.369999999995,4.0,7.0
4814540,29.0,356.0,36.0,Female,2.0,153495.34999999998,6.0,9.0
364039,17.0,211.0,47.0,Female,3.0,152006.93,0.0,3.0
7132128,31.0,379.0,34.0,Female,2.0,98059.71,3.0,6.0
3398321,39.0,468.0,86.0,Male,2.0,81241.54999999999,6.0,9.0
9423309,12.0,155.0,29.0,Male,3.0,227890.06,6.0,9.0
9158801,13.0,158.0,38.0,Male,3.0,80325.76999999999,6.0,9.0
9702706,8.0,103.0,29.0,Unknown,2.0,32920.24,0.0,3.0
7268709,13.0,157.0,58.0,Male,2.0,171392.65999999997,2.0,5.0
5321853,7.0,91.0,38.0,Female,2.0,46896.02,1.0,4.0
6484701,3.0,46.0,54.5,Unknown,3.0,39755.91,2.0,5.0
3939524,12.0,154.0,59.5,Female,2.0,50872.31,1.0,4.0
7059340,13.0,166.0,39.5,Male,2.0,105361.85,3.0,6.0
230538,11.0,142.0,27.5,Female,2.0,65951.87,0.0,3.0
5040477,14.0,176.0,40.0,Female,2.0,38971.02,5.0,8.0
2639555,15.0,189.0,66.0,Male,2.0,58540.07,5.0,8.0
940098,34.0,418.0,59.5,Female,3.0,157763.89,6.0,9.0
6773877,6.0,75.0,48.0,Unknown,2.0,38602.82,0.0,3.0
323999,6.0,78.0,23.0,Unknown,2.0,42277.32,6.0,9.0
3548520,18.0,224.0,36.0,Male,2.0,41984.87,6.0,9.0
7190805,19.0,233.0,84.5,Male,2.0,268716.4,5.0,8.0
3780590,5.0,71.0,24.0,Unknown,2.0,53176.7,6.0,9.0
78779,14.0,179.0,64.0,Female,2.0,50922.85,6.0,9.0
4796535,14.0,173.0,61.5,Male,2.0,30591.92,0.0,3.0
7791697,18.0,220.0,57.0,Unknown,2.0,37193.44,4.0,7.0
4450581,4.0,58.0,39.5,Male,2.0,41129.59,6.0,9.0
8343668,26.0,323.0,67.0,Female,2.0,120617.63,6.0,9.0
325599,8.0,98.0,28.0,Unknown,2.0,66740.14,2.0,5.0
5389836,10.0,130.0,60.5,Male,2.0,107083.76,0.0,3.0
1662843,6.0,73.0,31.5,Unknown,3.0,242883.84000000003,6.0,9.0
5904145,8.0,96.0,27.0,Unknown,2.0,112107.12,5.0,8.0
6177293,7.0,94.0,33.0,Unknown,2.0,65972.87,0.0,3.0
4984481,13.0,167.0,53.5,Female,2.0,152328.95,0.0,3.0
4452569,10.0,130.0,73.5,Female,2.0,239269.95,4.0,7.0
1153300,11.0,137.0,35.5,Male,3.0,91631.55,6.0,9.0
5981077,14.0,168.0,67.0,Male,3.0,245670.58,6.0,9.0
848559,6.0,79.0,26.5,Unknown,2.0,26813.07,0.0,3.0
8954117,10.0,131.0,37.0,Female,2.0,106908.47,3.0,6.0
6343599,14.0,174.0,54.0,Unknown,2.0,259531.44,6.0,9.0
7211369,10.0,125.0,50.5,Unknown,2.0,81207.35,1.0,4.0
4458514,11.0,138.0,38.0,Female,3.0,711690.7100000001,6.0,9.0
3546104,7.0,86.0,22.5,Unknown,2.0,36159.39,3.0,6.0
3469508,6.0,83.0,27.5,Unknown,2.0,50711.16,6.0,9.0
7455554,15.0,191.0,48.5,Female,2.0,286906.23,6.0,9.0
5141165,4.0,59.0,55.0,Unknown,2.0,47361.89,5.0,8.0
7589514,9.0,115.0,70.5,Male,2.0,51185.11,1.0,4.0
4161696,16.0,195.0,44.5,Male,2.0,327610.8,0.0,3.0
4581609,26.0,318.0,73.0,Female,2.0,140548.75,6.0,9.0
7020156,6.0,78.0,55.5,Male,2.0,324603.42,1.0,4.0
5934150,7.0,88.0,26.0,Unknown,3.0,123028.53,6.0,9.0
602792,10.0,125.0,70.5,Female,2.0,75859.26,6.0,9.0
6093589,4.0,59.0,27.5,Unknown,2.0,50576.89,6.0,9.0
5778962,24.0,294.0,60.5,Female,2.0,59503.6,3.0,6.0
5667647,23.0,284.0,49.5,Male,2.0,754074.3,5.0,8.0
1057345,21.0,261.0,43.0,Female,3.0,101972.14,6.0,9.0
8506882,18.0,223.0,77.0,Male,2.0,32420.63,3.0,6.0
7427959,17.0,210.0,48.0,Male,3.0,43902.03999999999,0.0,3.0
5269959,16.0,197.0,38.0,Female,3.0,235297.63,6.0,9.0
4550885,12.0,149.0,61.5,Male,2.0,169559.27999999997,5.0,8.0
3932829,9.0,112.0,35.0,Female,2.0,284945.31,6.0,9.0
4484,16.0,199.0,48.5,Male,2.0,51499.77,2.0,5.0
8656707,15.0,180.0,46.0,Male,2.0,26738.91,1.0,4.0
1074757,6.0,73.0,25.5,Unknown,2.0,33969.43,0.0,3.0
6206958,12.0,147.0,71.0,Male,2.0,236540.77,2.0,5.0
9894599,15.0,184.0,36.0,Male,2.0,122759.03,4.0,7.0
5356141,26.0,323.0,62.5,Male,2.0,879492.51,6.0,9.0
1266717,10.0,131.0,31.5,Male,2.0,59749.87,1.0,4.0
8787074,9.0,117.0,51.5,Female,2.0,66106.1,6.0,9.0
5604547,18.0,216.0,61.0,Male,2.0,73966.88,6.0,9.0
250165,7.0,92.0,24.5,Female,2.0,27486.83,3.0,6.0
5701128,7.0,87.0,30.0,Unknown,2.0,34935.92,0.0,3.0
9267718,6.0,79.0,59.0,Unknown,2.0,191810.26,3.0,6.0
1788737,19.0,235.0,61.5,Male,2.0,64774.65,6.0,9.0
543916,8.0,99.0,25.0,Unknown,2.0,28917.19,1.0,4.0
3358700,9.0,109.0,67.0,Female,2.0,173624.64,6.0,9.0
6949619,8.0,99.0,65.0,Unknown,2.0,46099.66,2.0,5.0
9171836,6.0,78.0,51.5,Unknown,2.0,35356.22,1.0,4.0
7111225,4.0,58.0,38.5,Unknown,2.0,38022.83,1.0,4.0
580849,4.0,58.0,50.5,Unknown,2.0,74842.56,4.0,7.0
9241423,36.0,442.0,76.0,Female,2.0,28462.95,0.0,3.0
9695890,32.0,389.0,65.5,Male,2.0,170712.58000000002,3.0,7.0
6236140,10.0,130.0,62.0,Male,2.0,26951.66,0.0,3.0
804318,5.0,71.0,58.5,Unknown,2.0,29767.98,0.0,3.0
7874890,15.0,190.0,37.5,Female,2.0,49821.01,2.0,5.0
3088104,9.0,110.0,40.0,Male,2.0,28728.68,2.0,5.0
9495674,15.0,187.0,74.0,Female,2.0,184702.68,2.0,5.0
2896887,11.0,140.0,56.5,Male,2.0,28053.18,0.0,3.0
6531629,4.0,57.0,65.5,Unknown,2.0,65445.17,6.0,9.0
5818628,13.0,162.0,67.0,Male,2.0,62008.18,3.0,6.0
979440,11.0,142.0,58.0,Female,2.0,28960.92,0.0,3.0
8565287,23.0,276.0,28.0,Male,4.0,112954.97,5.0,8.0
3452615,6.0,81.0,62.5,Unknown,2.0,383386.68,1.0,4.0
8750140,9.0,110.0,26.5,Female,2.0,81604.75,3.0,6.0
7325341,6.0,79.0,19.0,Unknown,2.0,46146.6,0.0,3.0
8178744,6.0,81.0,34.5,Unknown,2.0,203100.36,6.0,9.0
3725888,4.0,59.0,37.0,Unknown,2.0,35483.43,6.0,9.0
8771156,15.0,183.0,35.5,Female,2.0,45825.76,1.0,4.0
1959844,8.0,106.0,57.5,Female,2.0,53474.41,5.0,8.0
4286400,7.0,85.0,67.0,Male,2.0,126747.19,6.0,9.0
6197214,5.0,65.0,65.0,Female,2.0,32561.21,3.0,6.0
3795248,9.0,113.0,41.5,Male,2.0,56885.26,1.0,4.0
6208954,14.0,168.0,46.5,Male,2.0,117722.49,5.0,8.0
6860852,22.0,270.0,77.5,Male,2.0,43279.21,0.0,3.0
9223205,21.0,255.0,39.5,Male,3.0,109252.79,6.0,9.0
3918248,19.0,239.0,42.5,Male,3.0,467276.71,3.0,6.0
1494215,20.0,246.0,58.5,Female,4.0,341612.67,4.0,7.0
1963938,18.0,219.0,49.5,Female,2.0,56962.09,1.0,4.0
1046045,17.0,215.0,71.5,Male,2.0,47878.57,4.0,7.0
6988897,15.0,181.0,46.5,Male,2.0,26179.74,1.0,4.0
166289,11.0,134.0,75.0,Male,2.0,63796.59,3.0,6.0
3076613,5.0,71.0,41.5,Unknown,3.0,140718.4,4.0,7.0
3124094,12.0,148.0,59.5,Male,4.0,43846.75,3.0,6.0
1646855,7.0,94.0,67.0,Unknown,2.0,74291.23,3.0,6.0
8091457,26.0,316.0,77.0,Female,3.0,160308.88,3.0,6.0
3105010,6.0,78.0,19.0,Unknown,2.0,48701.83,6.0,9.0
3520139,35.0,420.0,65.5,Male,2.0,222857.88,1.0,4.0
8763395,20.0,242.0,62.0,Female,2.0,30094.82,5.0,8.0
2328167,16.0,195.0,58.5,Female,3.0,142895.91,6.0,9.0
5157060,7.0,88.0,59.0,Unknown,2.0,38614.7,5.0,8.0
4627868,7.0,95.0,40.5,Unknown,3.0,55055.44,0.0,3.0
9961882,8.0,96.0,32.0,Unknown,2.0,98107.76,6.0,9.0
1766845,13.0,161.0,59.5,Male,2.0,214642.72,1.0,4.0
8241833,5.0,68.0,52.5,Male,2.0,32541.35,6.0,9.0
2736219,16.0,194.0,82.0,Male,2.0,107268.02,1.0,4.0
2532897,10.0,125.0,37.5,Female,2.0,70030.16,1.0,4.0
5410180,14.0,173.0,66.0,Female,2.0,59518.88,4.0,7.0
3181854,9.0,110.0,70.0,Female,2.0,295778.05,5.0,8.0
6411046,6.0,83.0,34.0,Unknown,2.0,46320.24,2.0,5.0
448714,7.0,94.0,56.0,Unknown,2.0,402807.61,4.0,7.0
592140,16.0,198.0,54.0,Male,2.0,39306.42,6.0,9.0
1905084,6.0,72.0,29.0,Unknown,2.0,33065.09,6.0,9.0
6158691,10.0,125.0,61.0,Male,2.0,74081.29000000001,6.0,9.0
5923362,14.0,168.0,34.0,Female,3.0,186831.25,0.0,3.0
2879531,13.0,166.0,58.5,Female,2.0,35246.34,0.0,3.0
7011180,11.0,139.0,33.0,Female,3.0,79597.54999999999,3.0,6.0
9580856,9.0,119.0,35.0,Male,2.0,38558.1,0.0,3.0
7614090,4.0,58.0,32.5,Unknown,2.0,27908.54,4.0,7.0
5697050,6.0,77.0,29.0,Unknown,2.0,48481.09,3.0,6.0
8190159,6.0,74.0,46.0,Unknown,2.0,85054.69,4.0,7.0
1722460,7.0,87.0,46.0,Unknown,2.0,111438.88,4.0,7.0
5348276,6.0,82.0,61.5,Unknown,4.0,116211.29,1.0,4.0
3616576,4.0,58.0,32.0,Unknown,3.0,94108.73,6.0,9.0
9115264,10.0,131.0,57.5,Male,2.0,33541.71,3.0,6.0
2164174,6.0,75.0,68.5,Female,2.0,183171.0,5.0,8.0
1943776,15.0,183.0,70.0,Female,2.0,64356.48,6.0,9.0
3755150,6.0,82.0,58.5,Unknown,2.0,65499.33,0.0,3.0
214944,6.0,79.0,43.0,Male,2.0,134471.86,0.0,3.0
184701,6.0,83.0,33.5,Unknown,2.0,52971.78999999999,0.0,3.0
1619073,5.0,71.0,32.0,Unknown,2.0,49053.07,5.0,8.0
8719839,14.0,174.0,65.5,Female,2.0,117177.28,2.0,5.0
7966736,4.0,54.0,51.0,Female,2.0,82862.57,2.0,5.0
3601334,6.0,80.0,55.5,Unknown,2.0,32288.55,1.0,4.0
9974418,24.0,288.0,68.0,Male,2.0,308016.0,2.0,6.0
3757800,6.0,73.0,55.5,Unknown,2.0,52524.17999999999,1.0,4.0
1519778,16.0,193.0,59.0,Female,2.0,74583.73,1.0,5.0
4663835,5.0,70.0,20.5,Unknown,2.0,48713.17,2.0,5.0
5198732,9.0,113.0,54.5,Female,4.0,1872208.45,6.0,9.0
2061471,15.0,181.0,51.0,Female,2.0,36109.86,1.0,4.0
7958919,3.0,42.0,70.0,Unknown,2.0,24793.87,3.0,7.0
886138,8.0,104.0,28.0,Female,2.0,38772.61,1.0,4.0
1557014,18.0,223.0,63.0,Male,2.0,120254.29,6.0,9.0
9635914,16.0,197.0,40.5,Female,2.0,24199.18,0.0,3.0
9517773,4.0,51.0,37.5,Male,3.0,179711.63,6.0,9.0
6987469,23.0,284.0,52.5,Male,3.0,720042.05,6.0,9.0
1989878,22.0,270.0,72.5,Male,3.0,131178.05,2.0,5.0
4674824,28.0,344.0,57.5,Female,3.0,500730.96,1.0,4.0
2365440,18.0,226.0,42.0,Female,4.0,72482.28,6.0,9.0
7425171,6.0,73.0,24.5,Unknown,3.0,55315.42,1.0,4.0
6123249,8.0,106.0,57.0,Female,2.0,34122.75,3.0,6.0
5960932,12.0,151.0,31.5,Male,2.0,109938.25,3.0,6.0
8980558,21.0,253.0,48.5,Male,2.0,76626.94,6.0,9.0
8023944,14.0,178.0,66.0,Male,2.0,177680.44,6.0,9.0
4742781,8.0,107.0,32.5,Male,2.0,52689.85,0.0,3.0
2287464,15.0,189.0,34.5,Male,5.0,144485.36,6.0,9.0
8689089,6.0,76.0,59.5,Female,2.0,81962.54000000001,0.0,3.0
5164122,15.0,189.0,35.0,Female,2.0,27687.6,1.0,4.0
3613929,8.0,106.0,58.0,Female,2.0,52398.92,2.0,5.0
6933911,5.0,67.0,33.0,Unknown,2.0,42767.26,6.0,9.0
3427750,12.0,153.0,26.0,Male,2.0,40803.49,0.0,3.0
1357262,10.0,124.0,67.0,Male,2.0,69727.29000000001,0.0,3.0
8687920,7.0,87.0,56.5,Unknown,2.0,69279.86,5.0,8.0
8388282,13.0,158.0,61.5,Female,2.0,62622.27,3.0,6.0
8535768,35.0,420.0,78.0,Male,2.0,91683.08,1.0,4.0
9191313,7.0,91.0,66.0,Unknown,2.0,32013.17,4.0,7.0
8084516,6.0,74.0,33.5,Unknown,2.0,46178.31,1.0,4.0
560360,15.0,189.0,67.0,Female,2.0,23886.96,4.0,7.0
4179430,9.0,117.0,66.5,Male,2.0,4635079.65,6.0,9.0
4902193,10.0,120.0,51.5,Female,2.0,117322.27,2.0,5.0
6870863,5.0,60.0,38.0,Unknown,3.0,34587.23,3.0,6.0
3050400,10.0,125.0,51.5,Male,2.0,105263.09,6.0,9.0
415158,7.0,90.0,50.5,Unknown,2.0,67629.64,2.0,5.0
3843503,15.0,186.0,60.0,Male,4.0,830370.8200000001,5.0,8.0
2491115,9.0,108.0,63.0,Female,2.0,44766.35,1.0,4.0
845310,27.0,324.0,62.0,Female,2.0,95065.18,1.0,4.0
9971962,15.0,191.0,47.5,Female,2.0,29331.33,1.0,4.0
9308869,7.0,90.0,61.5,Unknown,2.0,64942.19,5.0,8.0
6155912,9.0,112.0,63.0,Male,3.0,528419.0,6.0,9.0
6259148,7.0,85.0,75.5,Male,2.0,401513.55,3.0,6.0
2555657,30.0,371.0,65.5,Female,2.0,122220.68,6.0,9.0
7117747,10.0,130.0,29.5,Female,2.0,38795.8,2.0,5.0
8515627,4.0,59.0,54.5,Unknown,2.0,33685.119999999995,4.0,7.0
8272750,13.0,167.0,60.0,Male,2.0,121863.04,6.0,9.0
7143633,4.0,58.0,32.0,Unknown,2.0,29251.63,1.0,4.0
7137061,16.0,194.0,62.0,Male,2.0,35761.78,0.0,3.0
5437172,10.0,129.0,65.0,Male,2.0,424705.85,0.0,3.0
7050672,4.0,59.0,23.0,Female,4.0,56737.57,3.0,6.0
4318876,14.0,170.0,32.5,Unknown,2.0,77282.26,4.0,7.0
2573038,15.0,191.0,44.0,Male,2.0,74263.4,2.0,5.0
5104680,19.0,238.0,56.0,Male,2.0,171642.27999999997,5.0,8.0
9128096,5.0,70.0,27.0,Unknown,2.0,59439.95,4.0,7.0
6584878,5.0,70.0,31.5,Unknown,2.0,55567.14,2.0,5.0
8994165,5.0,70.0,70.5,Male,2.0,174251.26,4.0,7.0
4384921,11.0,139.0,53.5,Female,2.0,151833.77000000002,1.0,4.0
6156362,13.0,158.0,41.5,Male,2.0,131245.16,6.0,9.0
7986122,8.0,107.0,58.5,Male,2.0,47874.65,6.0,9.0
8615702,7.0,94.0,48.5,Unknown,2.0,54485.07,1.0,4.0
1901833,18.0,219.0,73.0,Female,2.0,311827.17,5.0,8.0
6298173,17.0,205.0,45.0,Male,2.0,47894.53,1.0,5.0
4161741,6.0,79.0,38.0,Female,2.0,31323.39,3.0,6.0
9694706,11.0,140.0,35.0,Male,2.0,33544.39,6.0,9.0
3560209,8.0,103.0,65.5,Female,2.0,491279.76,4.0,7.0
8205909,13.0,157.0,32.0,Female,2.0,114705.84,6.0,9.0
3838215,5.0,70.0,66.5,Male,3.0,238878.55,6.0,9.0
978612,5.0,67.0,51.5,Unknown,2.0,25881.24,6.0,9.0
5115969,5.0,65.0,33.5,Unknown,2.0,32870.83,2.0,5.0
5357775,29.0,359.0,73.5,Female,3.0,172464.27999999997,1.0,5.0
5012891,7.0,94.0,52.5,Unknown,2.0,111003.89,3.0,6.0
1024896,3.0,37.0,57.0,Female,3.0,210890.09000000003,6.0,9.0
8596298,9.0,117.0,56.0,Male,2.0,79307.13,2.0,5.0
4725320,5.0,69.0,23.5,Unknown,3.0,66703.01999999999,4.0,7.0
4648446,8.0,106.0,65.0,Female,2.0,31315.84,4.0,7.0
9086688,19.0,229.0,61.0,Female,2.0,28923.49,5.0,8.0
4357540,16.0,192.0,30.5,Female,3.0,64223.1,4.0,7.0
125750,6.0,79.0,40.0,Unknown,2.0,38720.69,0.0,3.0
5841109,5.0,71.0,64.0,Unknown,2.0,109405.92,5.0,8.0
1954046,5.0,67.0,27.5,Unknown,3.0,164687.77000000002,6.0,9.0
7732650,8.0,98.0,44.0,Female,2.0,159667.95,1.0,4.0
9525724,29.0,354.0,70.0,Male,3.0,259389.92,1.0,4.0
5691230,13.0,157.0,68.0,Female,2.0,134346.83000000002,2.0,5.0
790710,6.0,83.0,28.5,Unknown,2.0,28671.61,6.0,9.0
4106216,6.0,83.0,41.0,Unknown,3.0,291005.34,4.0,7.0
9585593,14.0,169.0,54.5,Male,2.0,821929.91,4.0,7.0
5876311,9.0,119.0,44.0,Female,2.0,39980.85,3.0,6.0
5069837,10.0,130.0,53.5,Female,2.0,77647.29000000001,2.0,5.0
3507648,8.0,103.0,49.0,Unknown,2.0,44199.12,1.0,4.0
1062412,17.0,204.0,27.0,Female,2.0,48144.44,6.0,9.0
1790672,13.0,160.0,45.0,Female,2.0,233114.65,6.0,9.0
2229722,15.0,180.0,48.0,Female,2.0,151003.51,2.0,5.0
4173645,6.0,73.0,19.5,Unknown,2.0,26637.62,1.0,5.0
3191722,6.0,81.0,29.5,Unknown,3.0,161518.26,3.0,6.0
1047370,16.0,192.0,64.0,Male,2.0,209124.5,5.0,8.0
5685309,5.0,69.0,39.0,Unknown,2.0,48978.08,4.0,7.0
2422500,6.0,76.0,27.5,Unknown,2.0,27684.32,6.0,9.0
9706893,4.0,56.0,69.0,Male,3.0,291630.18,4.0,7.0
8432629,9.0,112.0,29.0,Female,2.0,74051.11,0.0,3.0
8437990,25.0,302.0,65.5,Male,3.0,147933.19,1.0,4.0
2437348,24.0,288.0,49.5,Male,3.0,102530.88,2.0,5.0
326512,23.0,277.0,72.0,Male,2.0,341825.42,6.0,9.0
4686384,23.0,276.0,83.0,Male,3.0,55763.26,6.0,9.0
2052733,22.0,274.0,55.5,Male,4.0,284025.34,2.0,6.0
8582610,25.0,311.0,46.0,Female,3.0,217953.52,6.0,9.0
55059,21.0,261.0,54.5,Female,4.0,620683.92,6.0,9.0
7059553,21.0,259.0,78.5,Female,2.0,34265.869999999995,2.0,5.0
7404066,21.0,258.0,45.5,Female,3.0,155268.44,3.0,6.0
590042,19.0,239.0,41.0,Male,3.0,33410.07,5.0,8.0
1672520,18.0,224.0,43.5,Female,2.0,524381.04,0.0,3.0
714316,18.0,219.0,56.5,Male,2.0,174822.52999999997,6.0,9.0
1627104,17.0,205.0,65.0,Male,3.0,319028.49,6.0,9.0
6977,4.0,57.0,53.0,Unknown,2.0,26011.36,0.0,3.0
4289440,9.0,109.0,28.5,Male,2.0,251381.19,6.0,9.0
9907653,4.0,59.0,55.5,Unknown,3.0,113512.07,1.0,4.0
5363812,12.0,153.0,58.5,Male,2.0,415023.6,4.0,7.0
7913208,4.0,58.0,33.0,Unknown,2.0,29964.42,0.0,3.0
1367704,4.0,54.0,63.0,Female,3.0,34242.28,1.0,4.0
5169372,6.0,73.0,41.0,Male,2.0,60252.94,6.0,9.0
5883269,15.0,181.0,36.0,Male,2.0,58534.91,1.0,4.0
8688958,5.0,71.0,63.0,Unknown,2.0,369089.8,6.0,9.0
1243109,5.0,67.0,32.0,Unknown,3.0,394149.2,6.0,9.0
1384988,13.0,161.0,60.5,Female,2.0,144397.24,3.0,6.0
4413114,6.0,79.0,43.0,Unknown,2.0,25305.31,1.0,4.0
2487330,25.0,310.0,53.5,Male,4.0,437559.83,2.0,5.0
6989319,14.0,168.0,41.0,Male,2.0,24534.05,4.0,7.0
2927272,5.0,63.0,29.0,Unknown,2.0,36923.78,0.0,3.0
5436944,8.0,98.0,34.0,Unknown,2.0,54474.17999999999,4.0,7.0
8124688,15.0,188.0,61.5,Male,2.0,228222.27,0.0,3.0
3729623,4.0,57.0,24.0,Unknown,2.0,51248.39,3.0,6.0
4322042,6.0,82.0,26.0,Female,2.0,50547.67,1.0,5.0
2836704,8.0,102.0,30.0,Unknown,2.0,73917.65,6.0,9.0
842512,12.0,144.0,38.5,Female,2.0,23830.03,0.0,3.0
588058,15.0,189.0,59.5,Female,2.0,110896.91,2.0,5.0
3449352,4.0,58.0,26.0,Unknown,2.0,30003.88,0.0,3.0
2492084,9.0,112.0,58.0,Female,2.0,31250.75,6.0,9.0
9998156,8.0,98.0,25.5,Unknown,2.0,31723.51,5.0,8.0
5943979,4.0,57.0,59.0,Unknown,2.0,30046.02,6.0,9.0
152356,4.0,58.0,44.0,Unknown,4.0,56447.66,5.0,8.0
8111108,11.0,142.0,29.0,Male,4.0,128511.67,3.0,6.0
4337769,5.0,69.0,29.5,Male,2.0,92961.9,6.0,9.0
9403854,5.0,67.0,28.0,Unknown,2.0,31972.21,5.0,8.0
1435541,8.0,106.0,27.0,Male,2.0,25555.39,3.0,6.0
1735468,22.0,271.0,57.5,Female,3.0,80130.1,1.0,4.0
9989306,21.0,263.0,59.5,Unknown,3.0,556665.99,6.0,9.0
6346538,24.0,289.0,64.0,Male,2.0,95186.08,5.0,8.0
4525754,22.0,264.0,47.5,Female,3.0,164728.89,3.0,6.0
5337342,20.0,241.0,52.5,Male,2.0,510483.89,3.0,6.0
204496,19.0,236.0,23.0,Male,2.0,32879.36,6.0,9.0
2664244,19.0,228.0,58.0,Female,2.0,159455.72999999998,4.0,7.0
2286444,18.0,227.0,44.0,Male,2.0,81352.0,4.0,7.0
4288230,11.0,136.0,69.0,Female,2.0,60459.33,2.0,5.0
8948931,12.0,147.0,33.0,Female,2.0,33962.95,0.0,3.0
5408932,16.0,194.0,43.5,Female,2.0,89290.93,4.0,7.0
249632,4.0,59.0,20.5,Unknown,2.0,28055.98,0.0,3.0
9225036,13.0,167.0,72.5,Female,2.0,56959.36,6.0,9.0
5910155,6.0,82.0,36.5,Unknown,3.0,41313.03999999999,6.0,9.0
8607446,10.0,123.0,64.0,Female,2.0,59574.41,0.0,3.0
4966762,9.0,108.0,29.0,Male,4.0,205262.4,6.0,9.0
1341681,16.0,198.0,55.5,Female,2.0,67669.64,0.0,3.0
7992634,6.0,83.0,29.0,Unknown,2.0,42574.11,6.0,9.0
9542357,12.0,145.0,70.5,Unknown,3.0,268810.35,5.0,8.0
6150,27.0,329.0,67.0,Female,2.0,199928.94,2.0,6.0
3591761,6.0,78.0,36.5,Unknown,2.0,40292.16,4.0,7.0
7066428,5.0,70.0,60.5,Unknown,2.0,108443.12,1.0,4.0
9386690,8.0,106.0,49.0,Male,2.0,67627.75,4.0,7.0
8738116,13.0,167.0,65.0,Male,2.0,27126.58,2.0,5.0
3557845,6.0,79.0,31.5,Unknown,3.0,141480.33000000002,6.0,9.0
9630926,8.0,98.0,25.0,Unknown,3.0,50260.78999999999,1.0,4.0
9143192,11.0,142.0,23.5,Male,3.0,284265.34,5.0,8.0
9627494,13.0,167.0,37.0,Male,2.0,79520.01,2.0,5.0
9673739,16.0,199.0,71.0,Male,2.0,748178.26,6.0,9.0
1821247,14.0,173.0,47.0,Female,2.0,68398.06,4.0,8.0
9720790,7.0,94.0,46.5,Female,4.0,130521.1,5.0,8.0
9810326,27.0,330.0,52.0,Female,4.0,123342.3,5.0,8.0
7554849,16.0,202.0,72.0,Female,2.0,120409.14,0.0,3.0
8398351,9.0,110.0,34.0,Female,2.0,58740.0,4.0,7.0
5765542,6.0,72.0,19.0,Unknown,4.0,46898.76,3.0,6.0
7683063,11.0,143.0,29.5,Unknown,4.0,224356.88,1.0,4.0
9980662,10.0,131.0,56.0,Male,3.0,156433.8,2.0,5.0
4478909,8.0,98.0,64.0,Male,2.0,593556.76,6.0,9.0
5074898,14.0,177.0,41.5,Female,2.0,25335.37,2.0,5.0
5363315,15.0,184.0,34.5,Female,2.0,285486.16,0.0,3.0
5881854,10.0,130.0,38.0,Male,2.0,98700.66,3.0,6.0
4743181,28.0,343.0,80.5,Male,3.0,1684919.89,6.0,9.0
3574365,12.0,144.0,50.5,Female,2.0,76647.19,3.0,6.0
6315188,28.0,338.0,31.5,Unknown,2.0,37631.62,3.0,6.0
7653811,12.0,155.0,30.5,Male,2.0,51603.41,0.0,3.0
1686722,7.0,84.0,25.5,Unknown,3.0,66473.69,6.0,9.0
3484825,9.0,109.0,53.0,Male,2.0,101436.94,2.0,5.0
9410648,25.0,300.0,27.0,Male,2.0,30868.95,6.0,9.0
9300794,21.0,255.0,68.0,Male,2.0,116070.97,4.0,7.0
4189492,20.0,250.0,54.0,Female,2.0,50521.57,6.0,9.0
6291263,18.0,226.0,43.5,Male,2.0,409971.59,1.0,4.0
3944778,18.0,216.0,63.5,Female,2.0,61557.39,6.0,9.0
9516356,17.0,214.0,29.0,Male,2.0,75088.1,2.0,5.0
4829573,5.0,68.0,90.0,Unknown,2.0,61110.26,4.0,7.0
4517364,4.0,59.0,49.0,Unknown,2.0,55280.81,1.0,4.0
172422,11.0,133.0,66.0,Female,2.0,46031.94,0.0,3.0
8370323,15.0,181.0,57.5,Male,2.0,145112.77000000002,0.0,3.0
9510802,14.0,168.0,31.5,Male,2.0,29275.23,5.0,8.0
1209140,15.0,191.0,68.5,Female,2.0,37518.19,2.0,5.0
4059279,16.0,193.0,70.5,Male,2.0,184195.11,6.0,9.0
5174918,12.0,152.0,43.5,Male,2.0,174947.95,0.0,3.0
5742749,7.0,86.0,37.0,Unknown,2.0,304255.99,1.0,5.0
3399215,15.0,189.0,42.0,Male,2.0,77795.4,2.0,5.0
1944919,6.0,83.0,29.5,Unknown,2.0,49790.73,1.0,4.0
6205531,18.0,226.0,60.5,Male,2.0,1528839.73,6.0,9.0
7417313,7.0,93.0,72.0,Unknown,4.0,112250.28,5.0,8.0
7984218,12.0,146.0,32.0,Male,3.0,94106.19,6.0,9.0
2432802,10.0,125.0,63.5,Male,3.0,976152.39,6.0,9.0
7266655,4.0,59.0,27.5,Unknown,2.0,51520.75,6.0,9.0
3981655,14.0,169.0,49.5,Female,2.0,26997.92,0.0,3.0
6407424,12.0,154.0,52.0,Female,2.0,130606.53,1.0,4.0
4582821,15.0,190.0,62.5,Male,2.0,42932.94,1.0,4.0
6973820,12.0,147.0,52.0,Female,2.0,26955.39,1.0,4.0
1835943,15.0,190.0,46.0,Female,2.0,35076.28,2.0,5.0
7622766,10.0,122.0,31.0,Male,2.0,83651.66,2.0,5.0
2075617,18.0,223.0,60.0,Female,2.0,35459.34,3.0,6.0
1709298,20.0,250.0,54.5,Male,2.0,84816.16,4.0,7.0
3043851,6.0,78.0,61.5,Unknown,2.0,48850.15,2.0,5.0
4282220,16.0,203.0,58.0,Male,2.0,82162.06,6.0,9.0
4503552,6.0,80.0,39.0,Unknown,2.0,89878.54,5.0,8.0
7296650,40.0,481.0,64.5,Female,2.0,164476.43,2.0,5.0
5314289,8.0,100.0,55.5,Unknown,2.0,86339.86,6.0,9.0
3864216,6.0,82.0,28.5,Unknown,3.0,134189.28999999998,5.0,8.0
2733721,13.0,167.0,38.5,Male,2.0,58909.48,3.0,6.0
7825280,6.0,80.0,27.5,Unknown,3.0,101497.28,6.0,9.0
4090961,20.0,242.0,64.0,Unknown,2.0,40610.03999999999,3.0,6.0
7529158,14.0,173.0,73.0,Female,2.0,41528.28999999999,6.0,9.0
4822750,6.0,72.0,31.0,Unknown,2.0,47326.85,6.0,9.0
4485744,16.0,192.0,73.0,Male,2.0,32015.75,5.0,8.0
840320,5.0,67.0,31.5,Unknown,2.0,31775.21,2.0,5.0
6042056,30.0,366.0,72.0,Female,2.0,259569.17,6.0,9.0
6935603,4.0,57.0,56.5,Unknown,2.0,68067.98,1.0,4.0
7967256,6.0,75.0,38.5,Unknown,2.0,45291.84,1.0,4.0
1671152,16.0,194.0,47.0,Female,2.0,79194.1,5.0,8.0
7293514,7.0,89.0,44.5,Unknown,2.0,33847.93,0.0,3.0
8231925,7.0,91.0,24.5,Male,2.0,61034.25,6.0,9.0
3774976,7.0,91.0,24.0,Male,2.0,73956.2,6.0,9.0
1033915,14.0,179.0,62.5,Male,2.0,59815.64,5.0,8.0
2112961,8.0,101.0,26.0,Male,3.0,138650.44,6.0,9.0
9799347,6.0,82.0,38.0,Unknown,2.0,61279.97,6.0,9.0
8726886,14.0,177.0,73.0,Female,2.0,159352.72999999998,0.0,3.0
5869847,11.0,142.0,54.0,Female,2.0,25955.64,2.0,5.0
9316615,23.0,277.0,52.5,Male,2.0,34008.63,4.0,7.0
1584456,22.0,275.0,56.5,Female,2.0,137534.97999999998,1.0,4.0
3596662,20.0,250.0,44.5,Male,2.0,32628.85,1.0,4.0
4320154,20.0,240.0,39.5,Female,3.0,215630.33,0.0,3.0
6566073,19.0,236.0,32.5,Female,3.0,65568.12,6.0,9.0
7555597,19.0,229.0,35.5,Female,2.0,66828.07,1.0,4.0
2846662,16.0,198.0,41.0,Male,3.0,151586.53,6.0,9.0
6437297,13.0,161.0,47.0,Male,2.0,218167.33,2.0,5.0
5487809,8.0,107.0,33.0,Male,2.0,41164.42999999999,6.0,9.0
9626182,24.0,293.0,74.5,Male,4.0,386869.45,0.0,3.0
4001333,9.0,109.0,44.5,Female,2.0,66751.9,0.0,3.0
8753548,10.0,128.0,40.0,Male,2.0,44907.56,6.0,9.0
37064,5.0,60.0,32.5,Unknown,2.0,31717.63,6.0,9.0
3624351,16.0,193.0,52.0,Male,2.0,55058.09,6.0,9.0
6638301,14.0,170.0,26.0,Male,2.0,30290.99,2.0,5.0
8110365,5.0,64.0,58.5,Female,3.0,66681.01999999999,3.0,6.0
9282633,14.0,177.0,59.5,Female,2.0,26867.43,4.0,7.0
9213837,7.0,85.0,29.5,Unknown,3.0,40709.95,3.0,6.0
1958144,10.0,130.0,35.0,Male,2.0,199688.53,5.0,8.0
7068809,21.0,253.0,68.0,Female,2.0,34846.74,0.0,3.0
9243610,15.0,181.0,58.5,Unknown,3.0,1169018.44,3.0,6.0
6944127,12.0,151.0,32.5,Male,2.0,28008.78,1.0,4.0
7512367,12.0,146.0,30.0,Unknown,2.0,31587.88,2.0,5.0
2032283,12.0,153.0,31.5,Male,2.0,114925.14,4.0,7.0
2218050,7.0,90.0,26.5,Unknown,3.0,51066.03999999999,6.0,9.0
7241089,4.0,59.0,39.5,Unknown,2.0,30869.32,1.0,4.0
9519150,16.0,197.0,54.5,Female,2.0,74130.4,0.0,3.0
562620,6.0,82.0,31.0,Unknown,2.0,49034.87,1.0,4.0
9669723,11.0,134.0,67.5,Female,2.0,214785.12,6.0,9.0
4190314,15.0,181.0,61.0,Female,2.0,37157.45,1.0,4.0
7801613,10.0,121.0,61.5,Male,2.0,80178.45,3.0,6.0
7885624,13.0,158.0,29.5,Male,3.0,300024.68,5.0,8.0
1660696,5.0,60.0,44.0,Unknown,2.0,352847.79,4.0,7.0
1766612,5.0,60.0,48.5,Unknown,2.0,290253.62,6.0,9.0
1445998,6.0,82.0,56.5,Unknown,2.0,35698.259999999995,6.0,9.0
2933555,10.0,124.0,40.5,Male,2.0,48640.95,0.0,3.0
980310,6.0,83.0,25.5,Female,2.0,26823.3,6.0,9.0
6243230,7.0,84.0,57.5,Unknown,2.0,63445.26,6.0,9.0
2511371,11.0,133.0,52.0,Male,2.0,28871.9,1.0,4.0
4255962,12.0,150.0,61.5,Female,3.0,312304.81,5.0,8.0
9468174,14.0,173.0,74.0,Female,2.0,31790.75,3.0,6.0
9230154,5.0,68.0,32.0,Unknown,2.0,46381.92,6.0,9.0
2371463,15.0,190.0,73.5,Female,2.0,129527.8,3.0,6.0
6673743,6.0,79.0,63.5,Female,2.0,27770.3,4.0,7.0
4349159,14.0,177.0,59.0,Female,2.0,35695.17,6.0,9.0
9320071,11.0,141.0,68.0,Female,2.0,58879.39,4.0,7.0
4041751,6.0,73.0,30.0,Unknown,2.0,54177.41,0.0,3.0
6298044,22.0,270.0,57.5,Male,3.0,150004.61,6.0,9.0
4530453,22.0,268.0,28.5,Unknown,2.0,106642.9,5.0,8.0
6354599,19.0,237.0,45.5,Female,3.0,148210.46,1.0,4.0
3487866,19.0,237.0,29.5,Female,2.0,24730.92,6.0,9.0
8946556,18.0,224.0,89.5,Male,2.0,45911.01,3.0,6.0
5466929,18.0,222.0,50.5,Female,3.0,344799.5,0.0,3.0
4839980,18.0,216.0,38.0,Male,3.0,145596.55,6.0,9.0
6774721,17.0,205.0,67.5,Male,4.0,794686.4800000001,6.0,9.0
6697350,15.0,188.0,51.0,Female,2.0,239076.97,1.0,4.0
8593582,6.0,72.0,31.5,Female,2.0,192872.52,3.0,6.0
3302697,6.0,82.0,30.0,Unknown,2.0,35547.35,3.0,6.0
9414732,14.0,178.0,41.0,Male,2.0,30332.74,0.0,3.0
7570145,27.0,333.0,66.5,Female,2.0,78647.11,0.0,3.0
4361167,14.0,171.0,66.5,Female,2.0,115801.11,0.0,3.0
1167117,10.0,121.0,28.0,Male,2.0,67192.48999999999,6.0,9.0
8665449,15.0,190.0,47.0,Male,2.0,31738.86,0.0,3.0
160741,4.0,52.0,22.0,Unknown,2.0,31005.81,6.0,9.0
6993828,6.0,82.0,67.0,Unknown,2.0,49868.47,2.0,6.0
9341296,9.0,118.0,28.0,Male,3.0,62096.9,6.0,9.0
7961024,6.0,78.0,51.5,Unknown,3.0,47064.53999999999,3.0,6.0
2413454,13.0,156.0,62.5,Male,2.0,633276.9500000001,1.0,4.0
4243856,12.0,153.0,27.5,Male,2.0,197487.33,3.0,6.0
2907522,12.0,146.0,57.5,Female,2.0,44700.14,0.0,5.0
3714063,6.0,82.0,50.0,Unknown,2.0,52673.21,2.0,5.0
1028720,11.0,136.0,45.5,Male,2.0,47387.21,4.0,7.0
5566841,10.0,129.0,50.5,Male,2.0,26832.28,0.0,3.0
6953366,3.0,40.0,27.5,Unknown,2.0,57585.27,1.0,4.0
6982528,28.0,346.0,76.5,Male,2.0,112540.71,5.0,8.0
1729262,12.0,150.0,66.5,Male,3.0,192314.29,4.0,7.0
6187479,9.0,108.0,28.5,Male,2.0,47859.14,4.0,7.0
3862660,6.0,74.0,24.5,Unknown,2.0,33722.72,3.0,6.0
5301524,5.0,70.0,51.5,Unknown,2.0,26474.75,2.0,5.0
6612287,11.0,142.0,47.0,Female,2.0,39465.23,3.0,6.0
5344146,5.0,65.0,62.0,Unknown,2.0,59992.16,4.0,7.0
7229859,8.0,104.0,50.5,Female,4.0,210534.44,2.0,5.0
52111,8.0,106.0,46.0,Male,2.0,72348.72,0.0,3.0
5162491,27.0,324.0,76.0,Female,2.0,366606.45,0.0,3.0
4985317,8.0,97.0,62.0,Unknown,2.0,154833.55,6.0,9.0
3350550,4.0,57.0,34.0,Unknown,2.0,27300.92,5.0,8.0
4053669,5.0,66.0,27.0,Female,2.0,55176.24,2.0,5.0
1306148,7.0,93.0,60.0,Unknown,3.0,180195.7,6.0,9.0
7790655,15.0,189.0,55.0,Male,2.0,161085.36,6.0,9.0
5074282,13.0,161.0,46.5,Female,2.0,222657.48,2.0,5.0
5423334,11.0,142.0,68.5,Female,3.0,82190.37,1.0,4.0
7109374,15.0,187.0,44.0,Male,2.0,45214.55,3.0,6.0
4055191,11.0,143.0,49.5,Female,2.0,41743.53,0.0,3.0
9300933,7.0,88.0,26.5,Unknown,2.0,74663.41,3.0,6.0
1351132,6.0,75.0,52.5,Unknown,4.0,112261.77,6.0,9.0
6055544,15.0,190.0,53.5,Male,2.0,221271.91,5.0,8.0
4134775,7.0,95.0,29.5,Unknown,2.0,38279.72,0.0,3.0
834856,25.0,303.0,63.0,Female,2.0,970499.79,4.0,7.0
4962987,23.0,287.0,64.0,Male,3.0,819402.78,6.0,9.0
6555622,22.0,273.0,48.5,Male,2.0,84108.91,4.0,7.0
5572179,22.0,264.0,68.5,Male,2.0,30160.66,2.0,5.0
7745674,21.0,263.0,51.5,Male,2.0,54724.97,6.0,9.0
4098071,21.0,262.0,65.0,Male,2.0,33597.84,2.0,5.0
8296896,21.0,262.0,65.5,Male,2.0,1459842.89,6.0,9.0
2069002,20.0,250.0,71.0,Male,3.0,96566.37,5.0,8.0
755807,20.0,251.0,65.5,Male,3.0,403388.13,5.0,8.0
416116,19.0,237.0,56.0,Male,2.0,30347.57,1.0,5.0
6091933,9.0,117.0,29.0,Female,2.0,77467.73,0.0,3.0
5153749,13.0,156.0,51.0,Male,2.0,30248.72,5.0,8.0
5059105,12.0,154.0,60.0,Male,2.0,330545.63,2.0,5.0
3955354,6.0,74.0,27.0,Unknown,3.0,95430.67,4.0,7.0
1764469,6.0,77.0,42.5,Unknown,2.0,89365.05,2.0,5.0
2638887,8.0,105.0,33.5,Male,2.0,195331.13,4.0,7.0
7661135,15.0,184.0,73.5,Female,2.0,46321.9,1.0,4.0
2285610,10.0,121.0,37.0,Female,2.0,254615.6,1.0,4.0
1538101,5.0,60.0,61.0,Male,2.0,69767.89,6.0,9.0
3510156,13.0,166.0,67.5,Male,3.0,65985.45999999999,0.0,3.0
7271542,12.0,145.0,26.0,Male,2.0,32375.36,0.0,3.0
9654165,10.0,126.0,34.5,Female,2.0,227579.53,6.0,9.0
8977993,7.0,90.0,74.0,Unknown,2.0,192631.62,3.0,7.0
5619976,5.0,66.0,41.5,Male,2.0,490529.74,1.0,4.0
109859,28.0,338.0,67.5,Female,2.0,533338.01,3.0,6.0
4994289,15.0,184.0,50.0,Female,2.0,88279.32,4.0,7.0
608759,9.0,109.0,71.0,Female,2.0,31726.49,1.0,4.0
1709752,8.0,103.0,51.5,Female,2.0,32228.57,1.0,4.0
8909784,15.0,191.0,56.5,Male,3.0,628166.05,4.0,7.0
8911878,19.0,228.0,70.5,Male,2.0,151486.03,2.0,5.0
5787197,6.0,80.0,43.5,Male,2.0,66190.9,3.0,6.0
759459,9.0,110.0,54.5,Female,2.0,64941.47,1.0,4.0
1705474,6.0,78.0,53.0,Unknown,3.0,447668.66,1.0,4.0
3635129,7.0,84.0,30.0,Unknown,2.0,69416.54999999999,4.0,7.0
2837711,6.0,76.0,63.0,Female,2.0,45703.6,6.0,9.0
3481997,6.0,72.0,41.5,Unknown,2.0,45229.45,0.0,3.0
3830242,17.0,205.0,52.0,Female,2.0,84083.85,3.0,6.0
3938611,7.0,85.0,23.5,Unknown,2.0,47824.38,0.0,3.0
8241178,7.0,85.0,48.5,Unknown,3.0,268209.58,6.0,9.0
8880863,9.0,117.0,47.0,Male,2.0,42108.83,1.0,4.0
1393064,29.0,351.0,68.0,Female,2.0,114803.78,4.0,7.0
3597017,4.0,59.0,44.5,Unknown,2.0,25713.57,3.0,6.0
79897,7.0,86.0,54.5,Unknown,2.0,56925.81,6.0,9.0
1815029,12.0,150.0,76.0,Female,2.0,293099.39,2.0,5.0
4316328,34.0,418.0,68.0,Female,2.0,68188.98,5.0,8.0
9203317,7.0,95.0,27.0,Unknown,3.0,92088.6,2.0,5.0
6971225,5.0,63.0,29.5,Unknown,2.0,77535.54999999999,2.0,5.0
4135771,6.0,81.0,28.5,Unknown,2.0,33033.1,1.0,4.0
3701649,29.0,358.0,58.5,Unknown,3.0,52607.56,6.0,9.0
8295379,6.0,77.0,65.5,Unknown,2.0,293352.6,0.0,3.0
8544465,12.0,154.0,67.0,Male,2.0,54401.1,2.0,5.0
9196246,30.0,362.0,48.5,Male,3.0,203885.34000000003,6.0,9.0
7830788,4.0,56.0,37.5,Unknown,2.0,27861.75,0.0,3.0
7124517,9.0,110.0,63.5,Female,2.0,69960.37,5.0,8.0
766856,30.0,368.0,60.5,Unknown,2.0,117961.03,2.0,5.0
534419,8.0,97.0,49.0,Unknown,2.0,74573.28,6.0,9.0
601217,16.0,197.0,24.5,Female,2.0,29513.96,3.0,6.0
6520263,11.0,141.0,36.0,Unknown,2.0,31162.04,1.0,4.0
8997555,15.0,188.0,57.0,Male,2.0,85558.04000000001,2.0,5.0
3071896,8.0,100.0,59.0,Unknown,2.0,31159.05,6.0,9.0
5962049,25.0,300.0,56.0,Female,3.0,36803.75,5.0,8.0
7474741,24.0,299.0,75.0,Female,2.0,79816.13,1.0,6.0
9388977,21.0,262.0,51.0,Female,4.0,918384.29,3.0,8.0
1566185,21.0,252.0,66.0,Unknown,2.0,33150.34,2.0,5.0
8762602,18.0,222.0,55.0,Female,2.0,276197.89,0.0,3.0
3994773,17.0,215.0,64.5,Male,2.0,49517.07,6.0,9.0
5170877,15.0,189.0,54.0,Unknown,2.0,47126.97,1.0,4.0
3504849,4.0,59.0,24.5,Unknown,2.0,27629.34,1.0,4.0
1843494,16.0,197.0,46.0,Male,3.0,145170.06,6.0,9.0
6098739,13.0,158.0,32.5,Female,2.0,60871.65,0.0,3.0
9591499,10.0,127.0,53.0,Male,2.0,39105.87,3.0,6.0
8766054,12.0,153.0,26.0,Male,2.0,76660.36,4.0,7.0
5696405,7.0,92.0,63.5,Unknown,2.0,36579.92,1.0,4.0
1555671,15.0,191.0,32.5,Male,2.0,41140.15,0.0,3.0
4376089,13.0,166.0,46.0,Male,2.0,205608.6,5.0,8.0
219306,4.0,58.0,23.5,Unknown,3.0,37774.1,1.0,4.0
4981342,6.0,82.0,57.0,Unknown,2.0,38791.07,5.0,8.0
7634525,12.0,145.0,47.5,Male,2.0,1465928.94,6.0,9.0
9286087,9.0,108.0,67.0,Male,2.0,36210.24,6.0,9.0
2223558,5.0,70.0,60.0,Unknown,2.0,47488.64,1.0,4.0
9309880,5.0,67.0,53.0,Male,2.0,130451.22,6.0,9.0
4842397,17.0,206.0,49.5,Female,3.0,193674.07,4.0,9.0
9586701,14.0,173.0,19.5,Unknown,2.0,24992.15,2.0,5.0
2791395,9.0,118.0,56.0,Male,2.0,120635.71,6.0,9.0
2915029,8.0,106.0,28.5,Male,2.0,56598.58,3.0,6.0
5300168,14.0,170.0,65.5,Male,2.0,108876.44,2.0,5.0
9269493,14.0,174.0,44.0,Male,2.0,128085.76,4.0,7.0
1497547,6.0,83.0,21.0,Unknown,3.0,33875.06,0.0,3.0
6965013,6.0,75.0,29.5,Unknown,2.0,49767.55,6.0,9.0
3214725,3.0,45.0,66.5,Female,2.0,1595976.41,6.0,9.0
853743,12.0,144.0,37.5,Male,2.0,110306.36,6.0,9.0
3941959,7.0,94.0,43.0,Unknown,2.0,60866.3,3.0,6.0
1273976,5.0,68.0,36.5,Female,2.0,31137.95,0.0,3.0
5067691,7.0,89.0,34.5,Unknown,2.0,32877.619999999995,0.0,3.0
4971958,10.0,131.0,65.5,Male,2.0,125448.38,3.0,6.0
266232,10.0,130.0,51.5,Female,5.0,365072.86,6.0,9.0
322927,6.0,77.0,61.5,Unknown,2.0,37332.3,0.0,3.0
5515625,4.0,57.0,38.0,Female,2.0,115155.01,1.0,4.0
4825669,4.0,58.0,38.5,Unknown,2.0,30631.73,3.0,6.0
2214910,16.0,197.0,50.0,Female,2.0,147080.33000000002,2.0,5.0
7446763,14.0,176.0,32.0,Female,2.0,27188.12,1.0,4.0
7990507,15.0,182.0,58.5,Female,2.0,110726.91,4.0,7.0
2758168,6.0,82.0,38.0,Unknown,2.0,28380.86,1.0,4.0
5716357,6.0,74.0,28.5,Unknown,2.0,28756.85,1.0,4.0
9734546,5.0,67.0,24.0,Unknown,2.0,32319.61,6.0,9.0
3296840,15.0,191.0,42.5,Female,2.0,39592.33,0.0,3.0
230950,15.0,189.0,40.5,Unknown,2.0,45997.8,1.0,4.0
6452006,10.0,124.0,56.0,Female,2.0,58247.04,1.0,4.0
5856806,14.0,179.0,61.5,Female,2.0,99738.59,0.0,3.0
3156446,6.0,83.0,36.5,Unknown,2.0,61342.87,1.0,4.0
4467580,4.0,59.0,28.0,Unknown,2.0,29175.71,2.0,5.0
5270566,13.0,166.0,65.0,Female,2.0,110817.81,2.0,5.0
629539,8.0,98.0,58.5,Unknown,3.0,269664.03,6.0,9.0
384371,4.0,58.0,27.0,Unknown,2.0,50628.41,4.0,7.0
9073461,6.0,81.0,65.0,Female,2.0,92637.4,0.0,4.0
7508843,5.0,64.0,29.5,Unknown,4.0,219835.91,6.0,9.0
3300089,6.0,82.0,30.5,Unknown,2.0,37895.28,1.0,4.0
6479623,8.0,106.0,30.5,Male,2.0,70385.4,0.0,3.0
6024480,7.0,94.0,25.5,Unknown,3.0,117245.01,6.0,9.0
7204661,15.0,189.0,44.5,Female,2.0,197169.82,0.0,3.0
690815,11.0,143.0,60.5,Female,2.0,66880.16,2.0,5.0
8345304,6.0,82.0,30.0,Unknown,2.0,33185.91,0.0,3.0
8178704,4.0,56.0,55.0,Unknown,2.0,47800.64,0.0,3.0
9878162,4.0,59.0,43.5,Unknown,2.0,70814.34,2.0,5.0
3647426,6.0,83.0,24.0,Unknown,3.0,67238.70999999999,5.0,8.0
2086391,14.0,176.0,43.5,Female,2.0,172448.40999999997,0.0,4.0
8688236,12.0,144.0,59.0,Male,2.0,62202.03,3.0,6.0
305572,9.0,108.0,44.5,Male,2.0,93107.12,0.0,3.0
2619562,8.0,106.0,34.5,Male,3.0,202936.4,3.0,6.0
474067,8.0,102.0,27.5,Unknown,2.0,60195.13,6.0,9.0
6045479,23.0,282.0,63.5,Female,2.0,214687.62,4.0,7.0
6233602,23.0,277.0,73.5,Male,3.0,492455.43,6.0,9.0
8994880,23.0,276.0,67.5,Female,2.0,121491.34,4.0,7.0
6594813,20.0,251.0,51.0,Female,2.0,33390.77,3.0,6.0
825443,20.0,249.0,42.5,Female,2.0,35680.899999999994,4.0,7.0
1285361,19.0,234.0,43.5,Female,2.0,30145.87,6.0,9.0
8546815,16.0,203.0,52.5,Female,3.0,247209.03,6.0,9.0
8469085,16.0,200.0,49.0,Female,2.0,215650.12,2.0,5.0
8708231,15.0,189.0,44.0,Female,2.0,203689.06,2.0,5.0
1194530,7.0,94.0,23.0,Unknown,2.0,31854.11,1.0,4.0
9958628,8.0,98.0,49.0,Unknown,2.0,77371.92,1.0,4.0
7705954,7.0,87.0,44.0,Unknown,2.0,41050.45,0.0,3.0
9506767,8.0,97.0,40.0,Unknown,2.0,42370.48,0.0,3.0
8429235,7.0,84.0,69.0,Unknown,2.0,173690.71000000002,2.0,7.0
571423,4.0,57.0,24.0,Unknown,3.0,52827.87,3.0,6.0
3040274,11.0,136.0,57.0,Female,2.0,44233.09,4.0,7.0
869773,15.0,183.0,64.0,Female,2.0,297828.7,0.0,3.0
5707612,16.0,200.0,52.5,Male,2.0,86851.86,4.0,7.0
6902929,5.0,65.0,26.0,Unknown,3.0,76150.59,6.0,9.0
6036790,13.0,166.0,39.5,Female,3.0,121706.85,3.0,6.0
6362011,4.0,59.0,22.0,Female,3.0,158950.84000000003,0.0,5.0
8690005,6.0,83.0,45.0,Unknown,2.0,47958.84,4.0,7.0
5467350,15.0,183.0,62.0,Female,2.0,639416.54,6.0,9.0
6507094,12.0,148.0,45.5,Male,2.0,214876.47,5.0,8.0
8998625,4.0,59.0,58.0,Unknown,2.0,86814.7,5.0,8.0
9998851,4.0,58.0,23.5,Unknown,2.0,38473.54,3.0,6.0
5328613,8.0,96.0,64.5,Unknown,2.0,34545.71,6.0,9.0
2153182,9.0,108.0,27.5,Male,3.0,92481.15,6.0,9.0
1908974,7.0,94.0,21.5,Unknown,2.0,36671.12,0.0,3.0
7666519,8.0,102.0,32.5,Unknown,2.0,43445.89,3.0,6.0
7465057,30.0,364.0,54.5,Unknown,4.0,156852.93,5.0,9.0
2207194,6.0,78.0,47.5,Unknown,2.0,72030.76999999999,2.0,5.0
8723312,9.0,115.0,43.0,Male,2.0,88357.22,2.0,5.0
6720918,5.0,68.0,61.5,Female,2.0,197601.86,1.0,4.0
1994638,5.0,63.0,60.0,Unknown,2.0,29164.67,4.0,7.0
122093,8.0,106.0,59.0,Male,2.0,26705.02,2.0,5.0
654632,23.0,286.0,23.5,Male,2.0,81912.4,6.0,9.0
6662507,14.0,178.0,55.0,Female,4.0,88640.57,5.0,8.0
3715453,16.0,195.0,68.5,Male,2.0,214816.48,2.0,6.0
4537456,32.0,394.0,65.0,Female,2.0,79719.12,1.0,4.0
3886087,6.0,72.0,68.0,Unknown,2.0,125519.53,0.0,3.0
1255996,8.0,100.0,56.0,Unknown,2.0,37052.04,6.0,9.0
1137754,12.0,154.0,39.5,Female,2.0,56674.66,0.0,3.0
3333833,15.0,189.0,49.0,Female,2.0,40633.1,3.0,6.0
9013747,11.0,138.0,61.0,Female,2.0,32183.3,3.0,6.0
1703992,12.0,154.0,41.5,Female,2.0,58839.81,0.0,3.0
9228904,12.0,151.0,75.0,Female,2.0,37116.77,6.0,9.0
1604338,14.0,170.0,52.5,Female,2.0,79839.09,6.0,9.0
7857352,6.0,73.0,52.0,Unknown,3.0,51932.27,6.0,9.0
6218062,6.0,80.0,28.5,Unknown,2.0,47882.21,0.0,3.0
4551179,6.0,73.0,27.0,Unknown,3.0,34122.149999999994,6.0,9.0
1313182,9.0,111.0,33.0,Female,2.0,78319.56,3.0,6.0
8137173,5.0,62.0,67.0,Female,2.0,425121.5,4.0,7.0
3727435,11.0,137.0,32.5,Male,2.0,66973.92,2.0,6.0
2472691,15.0,188.0,40.5,Male,4.0,185415.46,4.0,7.0
3281716,5.0,70.0,39.5,Unknown,2.0,36149.3,0.0,3.0
6920114,21.0,254.0,69.5,Male,2.0,33299.97,2.0,5.0
664972,21.0,253.0,56.0,Female,4.0,241339.72,5.0,8.0
6027623,19.0,239.0,38.5,Unknown,3.0,105893.86,4.0,7.0
6508726,19.0,230.0,38.0,Male,4.0,63906.25,6.0,9.0
3939374,16.0,200.0,58.0,Female,2.0,108159.21,2.0,5.0
2769340,12.0,148.0,44.0,Female,2.0,181391.94,5.0,8.0
9726561,10.0,121.0,45.5,Male,2.0,73548.2,6.0,9.0
3776070,7.0,94.0,60.0,Female,3.0,453075.88,1.0,4.0
280881,11.0,134.0,59.5,Male,2.0,67169.14,2.0,5.0
6053952,14.0,169.0,54.0,Female,3.0,46427.53999999999,3.0,6.0
5025313,5.0,69.0,56.0,Unknown,2.0,36716.0,1.0,4.0
5238994,9.0,118.0,51.5,Female,2.0,86786.48999999999,0.0,3.0
5142413,5.0,66.0,24.0,Unknown,2.0,26424.74,6.0,9.0
5256696,15.0,190.0,47.0,Female,2.0,63286.53,2.0,5.0
9386447,4.0,56.0,30.5,Unknown,2.0,32360.6,6.0,9.0
4514549,7.0,87.0,55.0,Unknown,2.0,45585.0,0.0,3.0
1121524,16.0,192.0,63.0,Female,2.0,39853.46,2.0,5.0
1022124,14.0,173.0,61.0,Female,2.0,53090.11,1.0,4.0
7763295,6.0,80.0,50.5,Male,2.0,123071.51,1.0,4.0
1384555,11.0,140.0,46.5,Female,2.0,144620.72999999998,0.0,3.0
3451908,6.0,75.0,64.5,Male,2.0,30327.96,5.0,8.0
2903686,24.0,297.0,52.5,Female,4.0,251114.83,6.0,9.0
2282363,16.0,193.0,55.5,Male,2.0,1033579.72,6.0,9.0
3173824,21.0,259.0,21.5,Female,2.0,32271.09,6.0,9.0
3468586,7.0,91.0,54.5,Unknown,2.0,108773.23,0.0,4.0
7738024,8.0,106.0,30.5,Unknown,3.0,91438.28,5.0,8.0
821836,15.0,180.0,62.5,Male,2.0,370592.8,4.0,7.0
3048576,14.0,176.0,50.0,Unknown,2.0,45835.4,0.0,4.0
2005777,6.0,77.0,20.0,Unknown,2.0,69003.35,1.0,4.0
5602453,8.0,101.0,23.5,Unknown,3.0,55607.67,2.0,5.0
8149715,7.0,94.0,52.5,Male,2.0,73168.34,5.0,8.0
6700512,15.0,191.0,60.0,Female,2.0,82646.20999999999,0.0,3.0
3229207,14.0,169.0,38.5,Female,2.0,23894.69,0.0,3.0
4812906,8.0,97.0,60.5,Unknown,2.0,413589.63,5.0,8.0
361590,6.0,75.0,23.0,Unknown,3.0,37850.1,4.0,7.0
7192039,4.0,52.0,63.0,Unknown,2.0,88158.22,6.0,9.0
3856461,15.0,189.0,58.0,Female,2.0,56167.97,6.0,9.0
8406971,9.0,109.0,63.5,Female,2.0,91096.11,1.0,4.0
6274079,4.0,49.0,21.5,Unknown,2.0,25937.05,2.0,5.0
9054250,16.0,202.0,52.0,Male,2.0,28214.46,2.0,5.0
8664811,12.0,155.0,50.5,Female,2.0,79675.98999999999,0.0,3.0
9039541,6.0,73.0,28.5,Unknown,5.0,67538.0,6.0,9.0
4024129,6.0,78.0,31.5,Unknown,2.0,36972.88,1.0,4.0
4008787,9.0,110.0,49.0,Female,2.0,27093.48,0.0,3.0
7222675,5.0,67.0,28.5,Unknown,3.0,78548.87,3.0,6.0
1324690,16.0,202.0,72.0,Male,2.0,36139.67,3.0,6.0
5851821,12.0,144.0,33.0,Female,2.0,98346.99,1.0,4.0
7368719,30.0,364.0,27.5,Male,2.0,31026.96,2.0,5.0
7130741,11.0,142.0,57.5,Female,2.0,30966.22,1.0,4.0
3128340,13.0,165.0,44.0,Female,2.0,52994.73,2.0,5.0
5923022,23.0,280.0,47.0,Unknown,2.0,48685.51,1.0,4.0
491596,22.0,271.0,73.0,Male,2.0,1147572.26,5.0,8.0
613885,21.0,256.0,48.0,Female,3.0,49256.9,6.0,9.0
587801,19.0,230.0,63.0,Male,2.0,445663.38,6.0,9.0
3338628,18.0,216.0,43.5,Male,3.0,197931.86,2.0,5.0
5599398,17.0,209.0,47.0,Male,3.0,51140.9,2.0,5.0
6068799,28.0,336.0,67.0,Male,4.0,62293.57,4.0,7.0
939540,11.0,140.0,59.5,Female,2.0,32237.83,6.0,9.0
1643533,5.0,61.0,55.5,Female,2.0,151395.47999999998,6.0,9.0
4216855,8.0,106.0,28.5,Male,3.0,209546.14,5.0,8.0
2008126,15.0,189.0,59.0,Male,2.0,30380.04,3.0,6.0
2560230,7.0,91.0,21.5,Unknown,2.0,26601.41,1.0,4.0
3783402,14.0,169.0,25.5,Male,3.0,456295.42,6.0,9.0
1674658,13.0,157.0,33.5,Female,2.0,50745.3,6.0,9.0
5778241,8.0,97.0,21.0,Unknown,2.0,44065.05,0.0,3.0
6800843,14.0,168.0,37.5,Female,2.0,61205.16,1.0,4.0
1559624,3.0,47.0,27.5,Unknown,2.0,27761.38,0.0,3.0
5944624,5.0,70.0,56.5,Male,2.0,479994.82,6.0,9.0
7083650,19.0,237.0,50.5,Female,2.0,81713.51,5.0,9.0
2183096,5.0,71.0,56.5,Unknown,2.0,36650.64,3.0,6.0
5073747,7.0,90.0,51.5,Female,2.0,42611.2,3.0,7.0
5181787,6.0,79.0,27.5,Unknown,2.0,32725.54,2.0,5.0
2714285,15.0,186.0,67.0,Male,2.0,85511.32,0.0,4.0
1755,9.0,110.0,46.5,Male,2.0,179775.21999999997,0.0,3.0
8483908,8.0,105.0,32.0,Female,2.0,35891.75,3.0,6.0
2283351,11.0,143.0,48.5,Male,2.0,65203.2,0.0,3.0
1460992,9.0,116.0,65.5,Male,2.0,54642.47,0.0,3.0
8578196,6.0,83.0,38.5,Unknown,2.0,48615.98,6.0,9.0
9847730,32.0,390.0,80.5,Male,3.0,317264.67,4.0,7.0
6305905,25.0,310.0,81.0,Female,2.0,155304.58000000002,6.0,9.0
2255127,27.0,334.0,41.5,Female,2.0,85455.56,6.0,9.0
9463714,11.0,143.0,44.0,Female,4.0,322052.1,6.0,9.0
4507847,8.0,106.0,49.5,Female,2.0,44477.37,6.0,9.0
3382771,4.0,58.0,35.5,Unknown,2.0,28956.75,6.0,9.0
8075683,6.0,75.0,43.5,Unknown,2.0,66231.47,2.0,5.0
4621128,6.0,74.0,50.5,Female,2.0,67142.08,5.0,8.0
4767998,7.0,90.0,24.5,Unknown,3.0,102304.2,3.0,6.0
9327681,15.0,183.0,46.5,Male,2.0,121450.61,1.0,4.0
2617114,15.0,182.0,37.5,Female,2.0,75020.44,4.0,7.0
4658564,6.0,80.0,77.5,Unknown,2.0,75161.88,6.0,9.0
7475284,5.0,71.0,30.5,Unknown,2.0,50564.82,6.0,9.0
2863786,4.0,56.0,41.5,Unknown,2.0,48516.49,5.0,8.0
3018422,5.0,64.0,44.0,Male,2.0,348277.11,0.0,3.0
2955394,5.0,69.0,26.5,Unknown,2.0,47500.92999999999,6.0,9.0
877351,6.0,72.0,28.5,Unknown,2.0,32669.3,6.0,9.0
1620626,6.0,73.0,27.5,Unknown,3.0,332646.08,6.0,9.0
4283717,16.0,193.0,64.0,Female,2.0,74338.51999999999,5.0,8.0
3350689,9.0,119.0,49.0,Male,2.0,51959.42,1.0,4.0
2467879,21.0,262.0,59.5,Unknown,3.0,236706.73,2.0,5.0
451805,21.0,254.0,56.5,Male,2.0,329832.45,3.0,6.0
1450793,20.0,251.0,67.0,Female,2.0,50510.21,1.0,4.0
1940847,19.0,238.0,43.5,Unknown,2.0,53477.45,0.0,3.0
546281,17.0,204.0,75.0,Female,3.0,34823.28,4.0,7.0
6989654,4.0,59.0,25.0,Unknown,4.0,64772.39,6.0,9.0
147077,15.0,182.0,79.5,Male,2.0,106565.85,6.0,9.0
3945005,15.0,184.0,49.5,Male,2.0,160072.69,5.0,8.0
507874,5.0,68.0,65.5,Female,2.0,352628.24,6.0,9.0
1313690,7.0,94.0,47.0,Unknown,2.0,31963.66,0.0,3.0
6482281,9.0,116.0,59.0,Female,2.0,193034.49,4.0,7.0
9312565,9.0,115.0,24.0,Male,2.0,38727.62,4.0,7.0
7935784,6.0,77.0,61.5,Unknown,2.0,228548.92,6.0,9.0
1792329,6.0,72.0,28.5,Unknown,2.0,59638.42,6.0,9.0
2676477,28.0,339.0,89.5,Female,2.0,107794.59,0.0,5.0
5322875,5.0,70.0,24.0,Female,2.0,49308.87,1.0,5.0
3301541,4.0,52.0,52.5,Unknown,3.0,117293.28,6.0,9.0
5603661,8.0,99.0,28.5,Unknown,2.0,57583.19,1.0,4.0
8345007,6.0,78.0,50.5,Unknown,2.0,140290.24,6.0,9.0
5308950,4.0,50.0,64.5,Unknown,2.0,203318.83,1.0,4.0
3754789,5.0,60.0,18.0,Unknown,2.0,35943.22,0.0,3.0
1304282,13.0,156.0,51.5,Female,3.0,38871.35,1.0,4.0
7443838,4.0,48.0,18.0,Unknown,2.0,33314.42,4.0,7.0
1941367,4.0,57.0,71.0,Unknown,2.0,56021.4,3.0,6.0
319800,7.0,94.0,59.0,Unknown,3.0,359471.46,1.0,4.0
380729,18.0,218.0,39.0,Female,2.0,65022.49,3.0,6.0
6906507,22.0,275.0,19.5,Male,2.0,27645.93,4.0,7.0
6370233,12.0,152.0,50.5,Male,4.0,126315.35,5.0,8.0
3212797,5.0,67.0,39.0,Male,2.0,146735.74,6.0,9.0
691598,8.0,96.0,61.5,Unknown,2.0,68122.51999999999,6.0,9.0
8439727,12.0,154.0,34.5,Female,2.0,100173.1,1.0,4.0
343183,8.0,107.0,79.0,Male,2.0,36651.12,1.0,4.0
2831995,6.0,73.0,67.5,Unknown,2.0,58060.43,2.0,5.0
3841545,11.0,143.0,62.0,Male,2.0,32803.49,1.0,4.0
4567471,6.0,82.0,31.0,Unknown,2.0,78202.92,0.0,3.0
4076076,15.0,190.0,40.0,Male,3.0,193683.52,2.0,5.0
1575010,10.0,120.0,64.0,Female,2.0,137327.12,6.0,9.0
8885642,7.0,86.0,56.5,Unknown,2.0,61300.91,3.0,6.0
4003311,6.0,82.0,47.5,Male,2.0,47345.14,2.0,5.0
3776656,15.0,183.0,62.0,Male,4.0,179254.71999999997,3.0,6.0
1287799,14.0,178.0,60.0,Female,2.0,57790.2,2.0,5.0
9460036,14.0,171.0,73.0,Male,2.0,103309.42,2.0,5.0
3400860,5.0,71.0,22.5,Unknown,2.0,38540.45,3.0,6.0
6265388,7.0,94.0,42.5,Unknown,4.0,214896.6,5.0,8.0
7813768,22.0,271.0,59.0,Male,4.0,293808.67,4.0,7.0
3873870,21.0,257.0,56.5,Male,3.0,583908.26,4.0,7.0
7681302,21.0,254.0,34.5,Female,2.0,51068.22,1.0,4.0
254529,20.0,245.0,66.5,Male,2.0,611767.55,4.0,7.0
4870812,19.0,238.0,41.5,Unknown,2.0,41712.17999999999,1.0,5.0
5705847,19.0,228.0,76.5,Female,2.0,40322.67999999999,0.0,3.0
7380735,17.0,205.0,65.0,Male,3.0,535841.83,5.0,8.0
942272,16.0,198.0,20.5,Male,2.0,28135.05,3.0,6.0
6280500,14.0,172.0,60.5,Male,2.0,42858.46,4.0,7.0
971861,14.0,171.0,62.5,Female,2.0,114575.06,3.0,6.0
1506175,6.0,81.0,21.5,Unknown,2.0,57441.17,6.0,9.0
1745746,6.0,83.0,60.0,Unknown,3.0,66550.34,6.0,9.0
3827341,9.0,116.0,57.5,Male,2.0,585949.63,2.0,5.0
6270802,10.0,130.0,32.0,Female,2.0,34609.42,3.0,6.0
2338296,6.0,72.0,26.5,Unknown,3.0,53522.9,5.0,8.0
2155956,34.0,418.0,57.0,Male,3.0,187423.65,3.0,6.0
7910915,14.0,174.0,56.5,Male,2.0,166774.82,1.0,4.0
912673,6.0,75.0,26.5,Unknown,2.0,47450.63,6.0,9.0
1626394,13.0,166.0,50.0,Male,2.0,67545.73999999999,2.0,5.0
6616931,6.0,73.0,27.5,Male,2.0,45800.97,1.0,4.0
6848077,8.0,107.0,53.5,Male,2.0,30470.07,1.0,4.0
410327,9.0,108.0,57.5,Male,2.0,136960.69,4.0,7.0
3926907,16.0,194.0,69.5,Male,2.0,90247.35,3.0,6.0
8420512,15.0,189.0,63.0,Female,2.0,65980.08,0.0,3.0
7306750,8.0,97.0,70.5,Unknown,2.0,41430.97,0.0,3.0
3019656,7.0,94.0,58.0,Unknown,3.0,128097.74,6.0,9.0
8476755,15.0,181.0,46.0,Female,2.0,40080.1,5.0,8.0
3399896,13.0,165.0,56.0,Male,2.0,972945.83,0.0,3.0
4100859,6.0,81.0,40.0,Unknown,2.0,63405.35,6.0,9.0
7906921,8.0,103.0,54.0,Unknown,2.0,48409.28999999999,0.0,3.0
8249035,13.0,164.0,36.0,Male,2.0,40384.11,0.0,3.0
4440197,15.0,183.0,56.0,Female,2.0,34059.25,2.0,5.0
5187667,6.0,72.0,23.0,Female,2.0,26490.0,6.0,9.0
3866204,35.0,421.0,73.0,Female,2.0,406600.64,6.0,9.0
7581565,29.0,359.0,64.5,Male,3.0,167862.95,6.0,9.0
3852108,8.0,99.0,44.0,Unknown,2.0,75718.20999999999,4.0,7.0
4666571,17.0,213.0,51.5,Unknown,2.0,34203.74,1.0,4.0
1455516,10.0,122.0,31.5,Female,2.0,101693.34,1.0,4.0
1982033,15.0,190.0,70.0,Female,2.0,48513.88,2.0,5.0
8631879,4.0,49.0,27.5,Unknown,2.0,42941.71,6.0,9.0
6347963,7.0,84.0,66.5,Unknown,2.0,38989.09,0.0,4.0
3125058,12.0,155.0,30.0,Female,3.0,183597.54,2.0,5.0
8232740,6.0,73.0,32.5,Unknown,2.0,31526.66,0.0,3.0
4790875,10.0,122.0,61.0,Female,2.0,90700.8,6.0,9.0
9803469,10.0,122.0,39.5,Unknown,2.0,76052.19,0.0,3.0
2966302,15.0,184.0,33.5,Male,2.0,74504.85,3.0,6.0
184963,5.0,65.0,31.0,Unknown,2.0,149931.61,1.0,4.0
7455684,6.0,77.0,39.5,Unknown,2.0,74106.62,2.0,5.0
6340232,7.0,86.0,52.0,Unknown,3.0,656328.89,5.0,8.0
721450,7.0,95.0,54.0,Unknown,3.0,34973.399999999994,0.0,3.0
238672,7.0,89.0,54.0,Unknown,2.0,50964.02,4.0,7.0
8843458,22.0,271.0,44.0,Male,3.0,53110.0,6.0,9.0
1310333,22.0,268.0,71.0,Male,3.0,732583.86,4.0,7.0
8174132,21.0,262.0,53.5,Female,2.0,29600.23,2.0,5.0
6125089,20.0,243.0,21.0,Male,2.0,50588.17,1.0,4.0
3132076,19.0,238.0,46.5,Male,2.0,110632.66,4.0,7.0
3067778,17.0,214.0,62.5,Female,2.0,36637.82,5.0,8.0
984330,17.0,209.0,46.0,Male,2.0,52039.28,1.0,4.0
6368153,5.0,71.0,59.5,Male,2.0,481497.05,6.0,9.0
5755063,13.0,161.0,31.5,Unknown,2.0,41331.94,1.0,4.0
3741674,5.0,70.0,26.0,Unknown,2.0,51319.38,4.0,7.0
8320528,15.0,190.0,53.0,Female,3.0,141672.38,5.0,8.0
8256871,12.0,144.0,39.5,Male,2.0,393833.24,5.0,8.0
1438559,6.0,83.0,37.0,Unknown,2.0,29017.09,1.0,4.0
9090954,10.0,123.0,30.5,Male,3.0,122896.65,5.0,8.0
8372713,5.0,71.0,54.0,Unknown,2.0,44319.19,1.0,4.0
9893778,16.0,192.0,55.5,Male,2.0,29807.51,3.0,6.0
7165165,6.0,79.0,70.0,Unknown,2.0,438341.5,4.0,7.0
7016246,13.0,156.0,67.5,Female,2.0,55428.84,3.0,6.0
2443684,14.0,176.0,49.0,Female,2.0,158028.57,2.0,5.0
6642557,4.0,59.0,26.5,Unknown,2.0,32193.52,4.0,7.0
7793895,14.0,175.0,40.5,Female,2.0,29547.22,1.0,4.0
4447990,4.0,59.0,25.0,Unknown,2.0,26355.26,0.0,3.0
9308200,10.0,129.0,28.5,Male,2.0,47149.24,6.0,9.0
3552309,5.0,71.0,30.0,Unknown,2.0,59285.63,2.0,5.0
4358124,16.0,192.0,60.0,Male,2.0,692386.79,6.0,9.0
9134207,5.0,70.0,26.5,Unknown,2.0,57246.12,2.0,5.0
5565265,5.0,65.0,31.0,Female,2.0,38239.46,2.0,5.0
396393,5.0,71.0,35.0,Unknown,2.0,109281.27,3.0,6.0
7795561,9.0,119.0,50.0,Female,2.0,103316.92,1.0,4.0
2016166,6.0,76.0,30.0,Unknown,2.0,56278.77,6.0,9.0
2588535,8.0,102.0,64.5,Female,2.0,727790.1000000001,6.0,9.0
7954312,9.0,119.0,30.0,Male,3.0,108835.47,5.0,8.0
5801507,11.0,138.0,46.5,Male,2.0,24466.72,0.0,3.0
6297093,16.0,203.0,49.5,Female,2.0,93664.26,3.0,6.0
6224817,16.0,195.0,53.5,Male,4.0,809133.9,5.0,8.0
2429689,6.0,79.0,56.0,Unknown,2.0,33538.3,2.0,5.0
76776,27.0,330.0,62.5,Male,2.0,56115.88,1.0,4.0
3646203,15.0,181.0,24.5,Male,3.0,54858.0,6.0,9.0
3975699,14.0,176.0,42.5,Female,2.0,86596.45,3.0,6.0
9398963,7.0,93.0,59.0,Unknown,3.0,77303.5,5.0,8.0
759780,33.0,402.0,79.0,Female,2.0,79776.34,3.0,6.0
2301692,6.0,83.0,33.0,Unknown,2.0,46351.71,0.0,3.0
6046670,14.0,178.0,35.5,Male,2.0,41361.02,4.0,7.0
6904635,12.0,146.0,49.5,Male,3.0,168543.87,4.0,7.0
171597,6.0,83.0,63.5,Unknown,2.0,136947.61,1.0,4.0
2705941,14.0,168.0,51.5,Unknown,2.0,23943.81,1.0,4.0
2491574,5.0,70.0,18.5,Unknown,2.0,27082.96,4.0,7.0
8077479,13.0,166.0,55.5,Female,2.0,25622.85,2.0,5.0
9404688,15.0,186.0,40.5,Female,2.0,363912.87,6.0,9.0
5316693,12.0,145.0,35.0,Male,2.0,31232.35,1.0,4.0
6079441,4.0,57.0,43.0,Female,2.0,205138.33,2.0,5.0
7544723,8.0,103.0,54.5,Female,2.0,58074.84,2.0,5.0
524455,15.0,186.0,44.0,Female,2.0,95505.65,6.0,9.0
7077773,23.0,276.0,58.5,Female,3.0,565470.26,5.0,8.0
1909564,22.0,271.0,64.5,Female,3.0,342536.18,1.0,4.0
3534225,22.0,271.0,49.0,Male,4.0,872411.29,3.0,6.0
5575575,21.0,260.0,63.0,Female,2.0,40622.67999999999,4.0,7.0
2187229,27.0,328.0,62.5,Male,2.0,339036.39,6.0,9.0
1346171,20.0,246.0,28.0,Female,4.0,159543.63,3.0,6.0
9386749,20.0,241.0,31.0,Female,2.0,55456.97,3.0,6.0
9184205,16.0,200.0,74.5,Male,3.0,331587.8,6.0,9.0
268845,16.0,195.0,46.0,Male,3.0,327619.93,6.0,9.0
8549267,13.0,160.0,67.0,Male,2.0,92875.09,6.0,9.0
3861052,15.0,191.0,52.0,Female,4.0,227759.18,6.0,9.0
2144251,15.0,187.0,46.5,Male,3.0,392820.43,6.0,9.0
2142490,27.0,331.0,59.5,Female,2.0,37143.39,2.0,5.0
7493759,8.0,97.0,49.0,Female,2.0,81821.98,2.0,5.0
4770755,5.0,68.0,69.0,Unknown,2.0,86219.51,6.0,9.0
4530020,5.0,68.0,25.5,Unknown,2.0,42756.77,4.0,7.0
3477943,4.0,59.0,38.5,Unknown,3.0,231200.12,6.0,9.0
5709043,5.0,70.0,47.0,Unknown,2.0,30677.83,2.0,5.0
8381023,38.0,463.0,58.5,Female,2.0,59273.03,2.0,5.0
8030325,14.0,172.0,45.0,Male,2.0,40607.59,6.0,9.0
4021908,16.0,197.0,66.5,Male,2.0,419745.42,3.0,6.0
9390306,12.0,150.0,71.0,Female,2.0,262183.86,0.0,3.0
3703356,14.0,170.0,71.0,Female,2.0,52042.83,6.0,9.0
3065744,14.0,178.0,29.0,Female,3.0,111005.05,3.0,6.0
7984382,4.0,59.0,48.0,Male,2.0,37479.17,1.0,4.0
3744135,10.0,121.0,35.0,Female,2.0,36936.65,6.0,9.0
1808285,14.0,179.0,43.5,Female,2.0,77018.78,6.0,9.0
1680895,8.0,98.0,58.0,Unknown,2.0,284840.23,2.0,5.0
3175882,16.0,193.0,66.5,Female,2.0,137263.13,6.0,9.0
1545233,9.0,118.0,36.0,Male,2.0,43707.11,2.0,5.0
3950523,8.0,98.0,43.5,Male,2.0,61592.9,2.0,5.0
9655912,4.0,58.0,61.5,Unknown,2.0,24922.58,4.0,7.0
8958176,13.0,159.0,35.5,Female,2.0,44317.25,6.0,9.0
4472483,9.0,116.0,27.5,Male,2.0,28879.87,4.0,7.0
3789788,30.0,370.0,44.5,Female,2.0,493971.16,2.0,6.0
9503398,14.0,171.0,54.5,Male,2.0,32182.91,2.0,5.0
5346197,6.0,75.0,24.5,Female,3.0,46500.53999999999,1.0,5.0
9397699,6.0,73.0,36.0,Male,3.0,194082.8,6.0,9.0
5139141,26.0,321.0,36.5,Unknown,2.0,124057.48,0.0,3.0
2906027,28.0,336.0,51.5,Female,2.0,28806.4,0.0,3.0
2624345,14.0,178.0,66.0,Male,2.0,90414.01,2.0,5.0
2814887,6.0,80.0,51.5,Unknown,2.0,177052.69,2.0,5.0
6075274,13.0,161.0,59.0,Female,3.0,55796.24,4.0,7.0
8438572,4.0,59.0,41.0,Unknown,3.0,117710.47,5.0,8.0
1110622,6.0,79.0,62.5,Male,2.0,307678.04,4.0,7.0
5531890,4.0,50.0,59.5,Unknown,2.0,212530.48,6.0,9.0
5005860,11.0,143.0,59.0,Female,2.0,45810.83,4.0,7.0
4063880,15.0,187.0,50.5,Female,2.0,86280.43,0.0,3.0
7051893,8.0,98.0,63.5,Female,2.0,35409.009999999995,0.0,3.0
7843655,25.0,301.0,46.5,Male,3.0,853036.67,2.0,5.0
3127374,22.0,275.0,48.0,Male,3.0,243311.13,6.0,9.0
4591361,27.0,335.0,75.0,Male,3.0,139319.69,6.0,9.0
417113,22.0,267.0,27.0,Female,2.0,28643.69,0.0,3.0
156105,21.0,259.0,51.5,Unknown,3.0,343545.97,6.0,9.0
2797091,20.0,250.0,39.5,Male,2.0,30527.07,1.0,5.0
6749198,18.0,227.0,36.0,Female,2.0,205391.49,4.0,7.0
6015130,16.0,198.0,66.5,Female,2.0,60717.24,2.0,5.0
4633944,13.0,166.0,63.5,Male,3.0,301327.37,5.0,8.0
5759958,9.0,114.0,52.5,Female,2.0,60033.44,2.0,5.0
4966326,7.0,85.0,56.0,Unknown,2.0,64819.89,1.0,4.0
1070909,7.0,94.0,25.5,Unknown,2.0,79708.26999999999,3.0,6.0
6705487,14.0,169.0,60.5,Male,2.0,839867.13,4.0,7.0
647450,2.0,34.0,49.5,Unknown,2.0,30749.4,2.0,5.0
1825679,10.0,125.0,66.0,Male,2.0,101102.15,4.0,7.0
1726059,13.0,157.0,31.5,Male,3.0,200246.4,1.0,4.0
9959121,4.0,59.0,39.5,Female,2.0,210466.61,5.0,8.0
115597,16.0,202.0,54.0,Male,2.0,24678.8,6.0,9.0
5579402,4.0,58.0,54.0,Unknown,2.0,36707.09,2.0,5.0
4109719,11.0,135.0,37.5,Female,2.0,57407.91,0.0,3.0
6052028,4.0,58.0,26.5,Unknown,2.0,27111.38,1.0,4.0
2247954,25.0,300.0,62.0,Female,2.0,34157.5,6.0,9.0
4967237,6.0,74.0,23.5,Unknown,2.0,31571.24,6.0,9.0
1399753,14.0,179.0,39.5,Female,2.0,27110.98,0.0,3.0
2436306,13.0,166.0,29.5,Male,3.0,49665.99,4.0,7.0
2795565,23.0,286.0,56.5,Female,2.0,142943.47999999998,6.0,9.0
4238196,5.0,64.0,22.5,Unknown,2.0,26733.44,2.0,5.0
3011342,18.0,216.0,58.0,Female,2.0,42347.64,2.0,5.0
252085,14.0,179.0,76.0,Female,2.0,32022.48,1.0,5.0
4701868,26.0,322.0,52.0,Female,2.0,79313.29999999999,0.0,3.0
1116215,10.0,130.0,23.0,Male,3.0,52380.88,3.0,6.0
6121098,10.0,126.0,26.5,Male,3.0,51004.75,5.0,8.0
6490161,7.0,94.0,32.5,Unknown,2.0,37843.02,3.0,6.0
4902684,6.0,78.0,56.0,Unknown,2.0,44735.08,6.0,9.0
9265169,6.0,76.0,32.0,Unknown,2.0,43179.87,6.0,9.0
9315987,6.0,75.0,29.5,Unknown,2.0,44476.89,0.0,4.0
4394027,13.0,156.0,61.5,Female,2.0,29900.0,3.0,6.0
1319306,14.0,173.0,67.5,Female,2.0,221466.29,5.0,8.0
9914222,4.0,59.0,23.0,Unknown,2.0,49999.57,5.0,8.0
4857987,4.0,56.0,22.5,Unknown,3.0,41646.52,3.0,6.0
3994437,14.0,173.0,37.5,Male,2.0,119298.97,1.0,4.0
6180865,24.0,294.0,40.0,Male,3.0,79338.81,2.0,5.0
1652388,22.0,267.0,74.0,Male,3.0,1703706.51,6.0,9.0
2473261,21.0,259.0,62.5,Male,2.0,29216.65,2.0,5.0
7962393,21.0,253.0,42.5,Female,3.0,312277.66,2.0,5.0
7839413,20.0,249.0,54.0,Female,2.0,23996.01,4.0,7.0
904409,17.0,211.0,73.0,Male,2.0,155277.24,1.0,4.0
641775,17.0,204.0,68.0,Male,3.0,95528.69,4.0,8.0
3434665,11.0,142.0,61.5,Unknown,2.0,140631.34999999998,2.0,5.0
8987516,13.0,165.0,52.5,Female,2.0,48364.81,1.0,4.0
1310756,5.0,66.0,20.0,Unknown,2.0,91362.47,6.0,9.0
9534366,5.0,60.0,49.5,Female,2.0,47212.11,0.0,3.0
2435836,9.0,114.0,39.5,Female,2.0,47920.35,6.0,9.0
4396066,8.0,106.0,55.5,Female,2.0,47745.97,6.0,9.0
5294788,8.0,106.0,73.0,Male,2.0,29698.24,1.0,4.0
6463002,21.0,252.0,63.0,Female,2.0,154191.75,6.0,9.0
3119324,35.0,420.0,61.5,Male,4.0,1136895.09,6.0,9.0
4842952,7.0,85.0,22.5,Unknown,2.0,70892.1,2.0,5.0
456369,9.0,110.0,30.5,Male,2.0,30397.44,6.0,9.0
3973715,11.0,141.0,33.5,Male,2.0,55282.92999999999,3.0,6.0
473638,12.0,154.0,57.5,Female,2.0,401108.62,6.0,9.0
248347,12.0,154.0,46.0,Male,2.0,122187.32,2.0,5.0
2330172,9.0,118.0,30.5,Female,2.0,41470.62,5.0,8.0
4443580,33.0,402.0,27.5,Female,2.0,26924.15,6.0,9.0
4285382,8.0,103.0,47.5,Unknown,2.0,47813.86,2.0,5.0
5008871,14.0,175.0,48.0,Female,2.0,29233.8,2.0,5.0
9208893,9.0,117.0,58.5,Male,2.0,88482.98999999999,1.0,4.0
6805250,16.0,192.0,70.5,Male,2.0,32092.24,1.0,4.0
8538783,16.0,193.0,35.5,Male,2.0,74740.04999999999,5.0,8.0
4386154,5.0,71.0,34.0,Female,2.0,38788.47,2.0,5.0
7420364,12.0,155.0,38.5,Female,2.0,71628.23,1.0,4.0
6003283,12.0,146.0,57.0,Female,2.0,44776.38,3.0,6.0
237611,12.0,154.0,31.5,Female,2.0,30376.15,0.0,3.0
9396561,4.0,59.0,44.5,Unknown,2.0,105403.86,1.0,4.0
1085358,12.0,145.0,28.0,Female,2.0,57720.95,0.0,3.0
2772609,5.0,60.0,60.0,Unknown,2.0,50541.17999999999,0.0,3.0
888738,5.0,60.0,29.0,Unknown,3.0,73545.9,5.0,8.0
5386477,11.0,139.0,57.5,Male,2.0,171787.49,2.0,5.0
166154,15.0,189.0,63.0,Female,2.0,23837.06,2.0,5.0
7122130,16.0,197.0,65.5,Male,2.0,44162.14,0.0,3.0
4386094,15.0,182.0,54.5,Female,3.0,41726.41,2.0,5.0
1523399,7.0,88.0,23.5,Unknown,2.0,29279.15,0.0,3.0
2730414,6.0,83.0,65.5,Unknown,2.0,45354.4,0.0,3.0
2517380,23.0,277.0,18.5,Female,2.0,48179.77,0.0,3.0
1654737,22.0,264.0,62.5,Female,2.0,53980.94,1.0,4.0
7723478,20.0,251.0,36.0,Male,2.0,66145.26,6.0,9.0
8561235,20.0,245.0,53.0,Male,2.0,46537.74,0.0,3.0
9093278,20.0,244.0,42.5,Male,2.0,52384.37,5.0,8.0
5949513,19.0,229.0,39.5,Male,2.0,138002.2,6.0,9.0
1486850,18.0,225.0,46.5,Female,2.0,103399.36,4.0,7.0
6690524,18.0,216.0,51.5,Female,3.0,41647.26,6.0,9.0
9043926,6.0,81.0,45.5,Unknown,2.0,49447.28999999999,6.0,9.0
219592,3.0,39.0,45.5,Unknown,2.0,25518.32,3.0,6.0
1163229,21.0,256.0,37.5,Female,3.0,366835.83,5.0,8.0
5600459,5.0,60.0,58.5,Male,3.0,233038.7,6.0,9.0
2961021,13.0,158.0,32.0,Male,2.0,30712.16,0.0,3.0
9061845,7.0,84.0,60.5,Unknown,2.0,32501.98,2.0,5.0
198857,14.0,169.0,36.0,Male,2.0,81154.4,2.0,5.0
9264904,5.0,70.0,60.5,Unknown,2.0,88512.29000000001,3.0,6.0
3174867,10.0,125.0,77.0,Male,2.0,118933.09,2.0,5.0
4558622,6.0,72.0,23.5,Unknown,2.0,39955.92,2.0,5.0
5859808,13.0,164.0,34.0,Male,2.0,1378584.94,1.0,5.0
3992405,10.0,130.0,44.0,Female,3.0,39478.45,6.0,9.0
9038115,15.0,188.0,49.0,Male,2.0,44178.35,2.0,5.0
5847726,8.0,102.0,32.5,Unknown,2.0,44553.26,3.0,6.0
2042144,5.0,69.0,22.5,Female,2.0,30072.29,1.0,4.0
8321533,8.0,100.0,62.0,Unknown,2.0,258956.1,6.0,9.0
466526,5.0,67.0,59.0,Unknown,3.0,81863.11,4.0,7.0
8255545,14.0,169.0,31.5,Female,2.0,37678.85,4.0,7.0
4661343,7.0,94.0,57.5,Female,2.0,30208.53,0.0,4.0
2377937,6.0,72.0,48.5,Unknown,2.0,126687.47,2.0,5.0
6564837,6.0,73.0,60.5,Unknown,2.0,24823.7,6.0,9.0
1365497,8.0,101.0,73.5,Unknown,3.0,774049.53,6.0,9.0
2305252,15.0,181.0,60.5,Female,2.0,35703.85,4.0,7.0
7166916,5.0,70.0,79.0,Male,3.0,68945.87,4.0,7.0
4765457,5.0,63.0,52.5,Female,2.0,67589.73999999999,2.0,5.0
2222918,14.0,179.0,51.0,Female,3.0,343178.74,6.0,9.0
8072602,6.0,72.0,64.5,Female,2.0,285547.73,1.0,5.0
4653270,4.0,59.0,23.0,Unknown,2.0,44129.31,2.0,5.0
887319,17.0,211.0,52.5,Male,2.0,498062.43,6.0,9.0
5935308,15.0,181.0,74.5,Male,2.0,33909.0,5.0,8.0
367295,6.0,73.0,23.5,Unknown,3.0,107185.57,4.0,7.0
396876,15.0,191.0,31.5,Female,2.0,39698.55,1.0,4.0
262201,5.0,70.0,57.0,Unknown,2.0,46217.03,1.0,4.0
2920551,15.0,191.0,36.5,Male,2.0,51304.73,5.0,8.0
5663820,9.0,109.0,31.0,Female,2.0,30326.28,2.0,5.0
5021955,5.0,71.0,42.5,Unknown,2.0,51068.32,0.0,3.0
793199,6.0,82.0,24.0,Unknown,2.0,26958.15,1.0,4.0
2303377,10.0,129.0,28.0,Female,2.0,39089.78,4.0,7.0
8844053,6.0,73.0,54.5,Unknown,2.0,366646.49,6.0,9.0
5063195,6.0,72.0,36.0,Unknown,2.0,42186.03,6.0,9.0
7374417,25.0,306.0,48.5,Female,2.0,41497.1,1.0,4.0
4301708,22.0,264.0,49.5,Female,2.0,27650.53,2.0,5.0
5027650,18.0,227.0,79.5,Male,3.0,1103786.34,1.0,5.0
9103754,5.0,66.0,60.0,Female,2.0,48848.15,2.0,5.0
6578879,12.0,155.0,49.5,Female,2.0,107526.75,2.0,6.0
5858133,4.0,58.0,40.5,Unknown,2.0,37751.26,2.0,5.0
3971315,7.0,84.0,23.5,Unknown,3.0,157393.02000000002,6.0,9.0
1510634,4.0,57.0,24.0,Unknown,3.0,47078.19,5.0,8.0
1769016,29.0,351.0,67.5,Female,2.0,396462.82,5.0,8.0
3131568,14.0,178.0,20.5,Female,2.0,39515.77,5.0,8.0
2099148,7.0,95.0,23.0,Unknown,2.0,39122.1,2.0,5.0
4616340,10.0,123.0,62.5,Female,3.0,319030.17,6.0,9.0
8159854,28.0,336.0,67.0,Female,2.0,154298.77000000002,2.0,5.0
1556389,14.0,174.0,48.0,Female,2.0,3702970.05,0.0,5.0
7029753,6.0,73.0,27.0,Unknown,2.0,29066.46,0.0,3.0
9234362,5.0,67.0,29.5,Unknown,2.0,253113.08,2.0,5.0
3731942,10.0,127.0,31.5,Male,2.0,58305.97,2.0,5.0
1557790,16.0,192.0,43.5,Female,2.0,53430.35,0.0,4.0
5573900,5.0,68.0,44.0,Unknown,2.0,39052.08,0.0,3.0
3526399,10.0,123.0,28.0,Male,2.0,40217.59,6.0,9.0
6216134,20.0,241.0,51.5,Female,2.0,25154.81,4.0,7.0
7106363,7.0,84.0,33.0,Unknown,5.0,136838.91999999998,4.0,7.0
6179063,4.0,58.0,62.0,Unknown,2.0,138751.97999999998,4.0,7.0
711862,27.0,330.0,62.5,Female,2.0,435285.49,0.0,3.0
6306786,14.0,178.0,52.0,Male,2.0,24761.01,1.0,4.0
6801376,9.0,108.0,34.5,Male,2.0,80226.6,0.0,3.0
342322,11.0,143.0,49.5,Male,2.0,43224.69,1.0,4.0
9431562,6.0,72.0,29.5,Unknown,2.0,28306.99,1.0,4.0
1532657,7.0,94.0,25.5,Unknown,2.0,44711.39,0.0,3.0
7380609,10.0,129.0,38.0,Male,2.0,308646.59,6.0,9.0
9334478,4.0,59.0,25.5,Unknown,2.0,40711.46,3.0,6.0
7481982,5.0,71.0,31.5,Unknown,2.0,50742.4,1.0,4.0
5420175,7.0,94.0,28.5,Unknown,2.0,67949.66,4.0,7.0
9702505,14.0,168.0,34.5,Male,2.0,136306.63,1.0,4.0
9314624,6.0,82.0,21.0,Unknown,2.0,41259.67999999999,6.0,9.0
9004347,13.0,159.0,45.0,Female,2.0,201421.29,6.0,9.0
2814458,12.0,155.0,30.5,Male,2.0,28866.25,6.0,9.0
1618071,6.0,83.0,24.5,Unknown,3.0,241683.67,4.0,7.0
7278519,12.0,153.0,20.0,Male,2.0,51738.52,2.0,6.0
1376404,13.0,160.0,52.5,Male,2.0,42555.61,0.0,3.0
1830465,11.0,135.0,59.5,Male,3.0,165526.24,5.0,8.0
1079786,14.0,179.0,57.5,Male,2.0,71604.65,5.0,8.0
5485112,21.0,253.0,59.5,Female,2.0,73603.64,1.0,4.0
9724943,19.0,229.0,36.5,Male,2.0,118286.35,1.0,4.0
3965562,18.0,223.0,64.5,Female,2.0,81366.03,1.0,4.0
7499638,17.0,214.0,53.5,Female,3.0,271331.44,2.0,5.0
7590476,17.0,210.0,44.0,Male,3.0,65987.48999999999,5.0,8.0
3720150,12.0,148.0,54.0,Female,2.0,64245.91,0.0,3.0
1717544,6.0,72.0,27.0,Unknown,2.0,53259.28,6.0,9.0
7360784,36.0,432.0,74.0,Female,2.0,378924.46,2.0,5.0
3697179,8.0,96.0,64.5,Unknown,2.0,235164.72,4.0,7.0
1425912,6.0,83.0,57.0,Male,2.0,309695.82,6.0,9.0
4907333,11.0,133.0,44.0,Female,2.0,26494.01,0.0,3.0
5470976,14.0,168.0,59.5,Female,2.0,232211.19,6.0,9.0
1252827,8.0,97.0,25.0,Unknown,2.0,29205.45,0.0,3.0
3522031,7.0,84.0,41.5,Unknown,2.0,167102.06,2.0,5.0
4630890,6.0,72.0,39.5,Unknown,2.0,51609.08,3.0,6.0
9131748,11.0,143.0,48.0,Female,2.0,48987.83,6.0,9.0
8278203,5.0,66.0,56.0,Unknown,2.0,44388.07,4.0,7.0
6484438,15.0,190.0,75.5,Female,2.0,39351.99,4.0,7.0
7377514,5.0,70.0,42.5,Male,2.0,81824.54999999999,1.0,4.0
8261002,8.0,97.0,68.0,Unknown,2.0,49891.85,6.0,9.0
6829681,17.0,207.0,58.5,Female,2.0,32550.52,6.0,9.0
5999097,15.0,181.0,40.0,Female,2.0,146388.7,6.0,9.0
1351566,7.0,84.0,45.5,Male,2.0,58976.71,5.0,8.0
4741517,11.0,143.0,56.0,Female,2.0,152892.64,2.0,6.0
422661,6.0,78.0,34.0,Unknown,2.0,33676.58,3.0,6.0
3408170,5.0,70.0,26.5,Unknown,2.0,51926.45,3.0,6.0
2915887,5.0,60.0,34.0,Unknown,2.0,74272.42,0.0,3.0
6807117,5.0,60.0,30.0,Unknown,4.0,100487.25,6.0,9.0
1660739,8.0,103.0,54.5,Unknown,2.0,92445.25,2.0,5.0
2799585,14.0,172.0,35.0,Female,2.0,91406.13,0.0,3.0
7706107,9.0,115.0,56.0,Female,2.0,46146.74,0.0,3.0
6802416,5.0,70.0,31.5,Unknown,2.0,51643.2,5.0,8.0
5113694,5.0,66.0,56.0,Unknown,2.0,38956.61,4.0,7.0
507610,5.0,66.0,57.5,Unknown,2.0,50177.84,4.0,7.0
5217742,14.0,174.0,57.5,Female,2.0,28487.31,5.0,8.0
3307527,28.0,341.0,51.5,Male,4.0,1260940.35,5.0,8.0
5334349,11.0,142.0,60.5,Male,2.0,33134.16,2.0,5.0
8789341,4.0,59.0,39.5,Unknown,2.0,41181.56,6.0,9.0
1958136,17.0,215.0,69.5,Male,2.0,119208.68,5.0,8.0
3523662,5.0,68.0,54.0,Unknown,2.0,25054.08,0.0,3.0
7530875,3.0,44.0,27.0,Unknown,2.0,26065.92,3.0,6.0
2845107,7.0,90.0,47.5,Unknown,2.0,63220.71,1.0,5.0
1761788,27.0,325.0,53.0,Female,2.0,52029.84,1.0,4.0
2309367,22.0,273.0,48.5,Male,4.0,420726.35,6.0,9.0
302083,21.0,263.0,55.5,Male,3.0,184810.58,4.0,7.0
8221841,21.0,253.0,51.5,Female,4.0,295464.52,4.0,7.0
6069204,20.0,240.0,54.0,Unknown,2.0,40943.95,1.0,4.0
6828388,19.0,238.0,51.5,Female,2.0,152380.2,1.0,4.0
9204823,13.0,164.0,32.0,Female,3.0,93459.22,6.0,9.0
4753030,10.0,128.0,60.0,Male,2.0,353114.68,2.0,5.0
8362231,5.0,70.0,56.0,Unknown,3.0,47703.31,1.0,4.0
5550810,11.0,142.0,42.0,Female,2.0,106313.64,1.0,4.0
7677343,13.0,162.0,29.0,Unknown,2.0,42790.72,2.0,5.0
8231864,10.0,131.0,70.5,Female,2.0,69451.47,4.0,7.0
7886659,5.0,66.0,49.0,Unknown,2.0,128934.48,2.0,5.0
8777123,4.0,58.0,31.5,Unknown,3.0,121707.47,5.0,8.0
1127966,13.0,157.0,37.5,Female,2.0,30587.18,5.0,8.0
4906659,4.0,59.0,29.5,Unknown,2.0,51395.19,6.0,9.0
775176,12.0,154.0,51.5,Female,2.0,269227.29,1.0,4.0
3370908,12.0,152.0,60.5,Male,2.0,278152.15,5.0,8.0
6752370,38.0,464.0,22.0,Male,2.0,56574.43,2.0,5.0
8125631,28.0,347.0,64.5,Female,2.0,35880.09,1.0,4.0
1444292,8.0,101.0,49.5,Male,2.0,24902.69,0.0,3.0
7247905,8.0,96.0,35.5,Female,3.0,41371.06,5.0,8.0
3676703,12.0,150.0,24.5,Male,2.0,83864.67,4.0,7.0
6430285,35.0,421.0,71.5,Female,2.0,139357.84,2.0,5.0
7069603,11.0,138.0,58.5,Female,2.0,40412.67,3.0,6.0
6951699,5.0,65.0,47.5,Female,2.0,38968.14,0.0,3.0
820937,11.0,136.0,55.5,Male,4.0,136566.95,6.0,9.0
2518624,5.0,71.0,45.5,Male,3.0,487106.91,3.0,6.0
5400115,8.0,97.0,37.0,Unknown,2.0,35254.39,2.0,5.0
6344380,7.0,84.0,25.0,Unknown,2.0,36501.78,6.0,9.0
2171729,16.0,197.0,39.0,Male,2.0,144723.99,3.0,6.0
2729240,15.0,181.0,40.5,Male,2.0,125347.58,3.0,6.0
7301686,6.0,74.0,38.0,Female,2.0,58571.16,3.0,6.0
2522435,6.0,83.0,45.5,Female,3.0,152318.9,6.0,9.0
3780314,5.0,65.0,65.5,Male,2.0,191648.1,6.0,9.0
6454946,15.0,181.0,72.0,Male,2.0,125906.37,5.0,8.0
7838013,9.0,118.0,49.0,Male,2.0,110667.25,3.0,6.0
7184289,7.0,93.0,65.5,Unknown,2.0,82926.06,6.0,9.0
5388818,14.0,168.0,57.0,Male,2.0,133589.49,1.0,4.0
7985210,27.0,332.0,84.5,Female,3.0,354815.5,5.0,9.0
1316640,7.0,95.0,56.5,Female,2.0,221740.32,0.0,3.0
6284860,8.0,96.0,46.5,Unknown,2.0,74755.11,5.0,8.0
428698,5.0,66.0,37.5,Male,2.0,51758.32,0.0,3.0
3602878,4.0,58.0,41.5,Unknown,2.0,56624.73,5.0,8.0
568021,15.0,184.0,51.0,Female,2.0,206243.3,5.0,8.0
1464247,19.0,235.0,43.0,Unknown,2.0,203834.93,6.0,9.0
7706200,14.0,179.0,35.5,Male,3.0,72846.23,0.0,3.0
3218552,8.0,105.0,28.5,Female,2.0,27521.24,5.0,8.0
4329001,7.0,95.0,65.5,Unknown,2.0,42663.58,2.0,5.0
5681515,9.0,114.0,73.5,Male,2.0,168241.84999999998,1.0,4.0
2037145,13.0,157.0,57.5,Female,4.0,532954.31,5.0,8.0
1449950,21.0,262.0,66.0,Female,2.0,149125.59999999998,2.0,5.0
6071571,21.0,255.0,55.0,Female,2.0,45615.56,3.0,6.0
7678847,19.0,232.0,69.0,Female,3.0,502211.1,1.0,4.0
1390327,18.0,221.0,52.5,Female,4.0,499835.63,3.0,6.0
6119952,16.0,203.0,60.5,Male,3.0,65322.03,6.0,9.0
4740341,25.0,311.0,61.0,Unknown,2.0,23851.8,4.0,7.0
879641,5.0,67.0,31.5,Unknown,3.0,84481.23,3.0,6.0
7944052,6.0,73.0,46.0,Unknown,3.0,260319.94,5.0,8.0
9583148,14.0,171.0,68.5,Female,3.0,545184.29,5.0,8.0
647081,9.0,117.0,28.5,Male,2.0,43312.71,2.0,5.0
6717348,6.0,74.0,25.5,Unknown,3.0,55632.33,6.0,9.0
9928734,13.0,167.0,72.0,Female,2.0,37954.85,2.0,5.0
2683922,6.0,78.0,60.5,Unknown,3.0,546668.25,6.0,9.0
6254145,11.0,141.0,23.5,Male,2.0,25747.41,1.0,4.0
4255527,11.0,133.0,51.5,Female,2.0,69684.67,3.0,6.0
6134030,13.0,165.0,32.0,Unknown,4.0,109266.23,1.0,4.0
3991922,8.0,96.0,68.0,Unknown,2.0,162090.26,6.0,9.0
4252852,11.0,132.0,71.0,Male,2.0,75880.01,1.0,4.0
8207876,10.0,122.0,44.0,Male,2.0,28185.24,4.0,7.0
9215294,8.0,105.0,52.0,Female,2.0,89334.45,5.0,8.0
8626524,26.0,322.0,38.5,Male,2.0,61926.73,1.0,4.0
1754960,14.0,179.0,55.0,Male,2.0,130067.58,0.0,3.0
5640255,12.0,146.0,43.0,Male,2.0,104509.82,4.0,7.0
2268205,35.0,424.0,29.5,Female,2.0,54840.92999999999,1.0,4.0
5256443,15.0,181.0,52.0,Female,2.0,63319.02,1.0,4.0
3875272,9.0,110.0,47.0,Unknown,3.0,84604.70999999999,6.0,9.0
7350373,6.0,72.0,46.5,Male,3.0,790818.63,4.0,7.0
4739615,13.0,163.0,60.0,Male,2.0,109041.41,1.0,4.0
1898889,12.0,153.0,72.0,Male,2.0,456940.09,0.0,4.0
816165,7.0,94.0,29.5,Unknown,2.0,32550.96,6.0,9.0
3401302,5.0,68.0,32.5,Unknown,2.0,103696.49,4.0,7.0
8456219,17.0,207.0,42.0,Female,3.0,247484.36,0.0,3.0
700142,15.0,191.0,33.5,Male,2.0,36032.87,5.0,8.0
3544228,9.0,117.0,70.0,Female,2.0,33105.34,3.0,6.0
4318822,5.0,70.0,25.0,Unknown,2.0,39274.35,6.0,9.0
4079997,7.0,94.0,60.0,Unknown,2.0,85616.26999999999,3.0,6.0
7422979,7.0,89.0,63.5,Unknown,3.0,162462.02000000002,2.0,5.0
590187,30.0,371.0,53.0,Female,2.0,27841.27,0.0,3.0
7781235,4.0,58.0,34.5,Unknown,2.0,32615.37,1.0,4.0
4876761,11.0,133.0,44.5,Male,2.0,36054.57,4.0,7.0
525973,14.0,173.0,32.5,Male,3.0,364442.73,5.0,8.0
1737376,4.0,56.0,65.5,Female,2.0,208368.21,1.0,4.0
2946784,24.0,288.0,45.0,Male,2.0,117145.19,5.0,8.0
7095807,23.0,286.0,48.5,Female,2.0,150244.61,2.0,5.0
6608139,22.0,271.0,45.5,Female,3.0,83018.92,6.0,9.0
1341459,22.0,266.0,73.5,Female,2.0,79106.70999999999,2.0,5.0
2954633,22.0,265.0,67.0,Unknown,2.0,224554.53,6.0,9.0
1501990,21.0,252.0,62.5,Male,4.0,172038.93,1.0,4.0
8728746,20.0,250.0,47.0,Female,2.0,44284.38,6.0,9.0
9038354,19.0,237.0,58.0,Female,2.0,95121.68,1.0,4.0
1952462,16.0,195.0,49.5,Female,2.0,96975.93,5.0,8.0
9461656,5.0,66.0,39.0,Female,3.0,69353.98999999999,5.0,8.0
3958774,7.0,85.0,31.0,Unknown,2.0,54615.28999999999,2.0,5.0
5549100,4.0,59.0,26.0,Unknown,2.0,56229.63,0.0,3.0
3476918,12.0,155.0,60.5,Female,2.0,35055.59,0.0,3.0
2042907,12.0,152.0,31.5,Female,2.0,32554.4,1.0,4.0
5234998,14.0,177.0,48.5,Male,2.0,30748.65,2.0,5.0
3164932,6.0,72.0,23.0,Unknown,2.0,53339.44,4.0,7.0
3084509,4.0,58.0,29.0,Unknown,2.0,44135.53,1.0,4.0
3329377,7.0,85.0,27.5,Unknown,2.0,41720.55,4.0,7.0
5900870,7.0,87.0,21.0,Unknown,2.0,47328.05,1.0,4.0
2483614,4.0,59.0,35.5,Unknown,2.0,105677.1,3.0,6.0
9116627,12.0,151.0,54.5,Female,2.0,66995.73999999999,2.0,5.0
1519690,5.0,64.0,25.5,Unknown,3.0,129778.73,6.0,9.0
4065052,13.0,157.0,54.0,Female,2.0,72868.76,1.0,4.0
2828273,5.0,61.0,64.0,Female,2.0,540637.0,2.0,5.0
2178793,9.0,111.0,59.5,Female,2.0,42228.17999999999,5.0,8.0
9802022,10.0,130.0,76.0,Male,2.0,44589.11,6.0,9.0
5408776,12.0,145.0,53.0,Male,2.0,98132.64,5.0,8.0
8178255,15.0,185.0,58.5,Female,2.0,53006.7,1.0,4.0
6894922,7.0,87.0,46.5,Unknown,2.0,101875.59,0.0,3.0
208505,28.0,344.0,47.5,Male,3.0,169379.89,6.0,9.0
8560779,4.0,59.0,32.0,Unknown,2.0,47440.3,6.0,9.0
5238327,6.0,81.0,30.0,Unknown,4.0,66194.2,3.0,6.0
3329380,6.0,82.0,55.0,Unknown,2.0,169010.90999999997,5.0,8.0
9509446,15.0,190.0,60.5,Female,2.0,128424.24,0.0,3.0
8536834,6.0,81.0,47.0,Unknown,2.0,48981.5,6.0,9.0
713054,5.0,69.0,33.5,Unknown,2.0,99116.77,2.0,5.0
7763377,16.0,192.0,40.0,Female,2.0,290733.46,0.0,3.0
9010548,25.0,301.0,68.0,Male,2.0,226089.11,3.0,6.0
2873671,23.0,280.0,50.5,Male,2.0,83058.01,6.0,9.0
8124532,22.0,268.0,56.0,Male,2.0,296759.59,6.0,9.0
6526572,26.0,319.0,69.0,Female,2.0,286640.8,1.0,4.0
4722457,8.0,104.0,43.5,Female,2.0,62044.96,3.0,6.0
1286936,26.0,316.0,55.0,Male,3.0,216462.76,3.0,7.0
8761045,5.0,66.0,25.5,Unknown,2.0,39872.13,1.0,4.0
1398387,13.0,157.0,26.0,Female,3.0,36573.75,6.0,9.0
9117206,16.0,203.0,53.0,Male,2.0,31893.52,3.0,6.0
7058753,6.0,78.0,31.0,Unknown,2.0,40154.6,6.0,9.0
5287861,13.0,163.0,53.5,Male,2.0,480073.8,6.0,9.0
2127474,15.0,191.0,59.5,Male,2.0,338011.96,4.0,7.0
4278574,15.0,184.0,62.5,Male,2.0,165100.16999999998,6.0,9.0
63955,14.0,173.0,19.0,Male,2.0,69302.67,6.0,9.0
4683202,33.0,402.0,66.0,Female,2.0,46157.27,5.0,8.0
3957252,5.0,70.0,64.0,Unknown,2.0,56652.26,1.0,4.0
8758402,5.0,69.0,55.5,Male,3.0,330647.65,6.0,9.0
7586604,4.0,59.0,40.0,Unknown,2.0,46902.8,0.0,3.0
6306354,9.0,117.0,30.0,Male,2.0,38437.8,1.0,4.0
5264326,16.0,202.0,38.5,Female,2.0,273255.17,1.0,5.0
4805390,7.0,91.0,29.0,Unknown,2.0,35199.259999999995,2.0,5.0
4552746,16.0,195.0,43.5,Female,4.0,72250.47,6.0,9.0
4628302,16.0,198.0,38.0,Female,2.0,119671.27,1.0,4.0
4837555,11.0,133.0,52.5,Female,3.0,47338.6,4.0,7.0
8002672,13.0,166.0,63.0,Male,2.0,115842.05,5.0,8.0
8769982,18.0,227.0,55.5,Female,2.0,31622.26,3.0,6.0
617080,8.0,107.0,26.5,Male,3.0,53070.46,3.0,6.0
1938691,33.0,407.0,29.0,Female,5.0,154505.8,5.0,8.0
1697535,22.0,268.0,25.5,Female,2.0,26291.66,2.0,5.0
1291265,6.0,82.0,33.0,Unknown,2.0,53893.48,3.0,6.0
4924852,5.0,71.0,40.0,Unknown,4.0,127133.93,4.0,7.0
9365607,4.0,59.0,24.5,Unknown,2.0,36154.36,1.0,4.0
3618704,7.0,89.0,56.5,Unknown,2.0,84843.88,3.0,6.0
8984094,4.0,56.0,25.5,Unknown,3.0,41933.28999999999,4.0,7.0
4096581,13.0,166.0,51.0,Female,2.0,67463.28,3.0,6.0
2010876,13.0,161.0,26.5,Unknown,2.0,33441.95,0.0,3.0
5137288,27.0,334.0,44.5,Male,3.0,472416.38,6.0,9.0
9557333,10.0,124.0,66.5,Male,2.0,797232.29,4.0,7.0
3582221,5.0,60.0,28.5,Unknown,2.0,24801.16,4.0,7.0
4601508,6.0,77.0,77.0,Unknown,2.0,64192.5,3.0,6.0
4456845,5.0,64.0,26.0,Unknown,2.0,32234.59,6.0,9.0
5171271,8.0,98.0,28.0,Unknown,2.0,29298.48,0.0,3.0
3751935,11.0,142.0,29.0,Unknown,3.0,310566.57,6.0,9.0
2465243,12.0,151.0,37.5,Unknown,3.0,123964.46,6.0,9.0
3326527,4.0,58.0,43.5,Unknown,2.0,125944.97,1.0,4.0
3023902,13.0,160.0,38.0,Female,2.0,40003.67,0.0,3.0
9695841,14.0,178.0,31.0,Male,2.0,45011.17999999999,3.0,6.0
6796201,5.0,63.0,54.0,Male,2.0,94273.8,2.0,6.0
9524089,15.0,190.0,66.5,Female,2.0,94401.76,1.0,4.0
9661060,8.0,98.0,25.0,Female,2.0,74075.07,4.0,7.0
7382317,10.0,125.0,70.5,Male,2.0,205953.19,2.0,5.0
7094844,24.0,289.0,75.0,Male,3.0,384042.73,5.0,8.0
3169738,22.0,267.0,31.0,Female,2.0,28323.34,2.0,5.0
6961361,21.0,255.0,72.0,Female,2.0,29405.4,6.0,9.0
7337867,20.0,250.0,64.0,Unknown,2.0,27724.7,0.0,3.0
1136850,19.0,230.0,77.0,Male,2.0,59909.64,3.0,7.0
5838845,17.0,207.0,53.5,Male,3.0,339632.82,4.0,7.0
1674058,6.0,78.0,32.5,Unknown,2.0,29944.5,1.0,4.0
8365592,12.0,155.0,37.0,Female,2.0,80857.54000000001,0.0,3.0
9068935,10.0,129.0,53.5,Female,3.0,46281.45,6.0,9.0
3685140,16.0,193.0,46.5,Male,2.0,194515.54,6.0,9.0
1810978,10.0,123.0,28.5,Female,2.0,81821.73,1.0,5.0
5095604,6.0,82.0,28.5,Unknown,2.0,45341.9,5.0,8.0
3739799,33.0,403.0,60.5,Female,2.0,69071.76999999999,4.0,7.0
8634098,15.0,190.0,51.0,Male,3.0,492448.73,1.0,4.0
4890143,6.0,83.0,58.0,Unknown,2.0,35184.1,4.0,7.0
434941,7.0,93.0,57.5,Unknown,2.0,43389.34,2.0,5.0
506107,15.0,187.0,35.5,Male,2.0,36568.33,1.0,4.0
7997224,13.0,157.0,78.0,Female,3.0,105522.87,6.0,9.0
8080881,13.0,164.0,35.0,Male,2.0,171953.96999999997,6.0,9.0
9159465,17.0,212.0,60.5,Male,2.0,23890.76,6.0,9.0
9596904,8.0,104.0,33.5,Female,2.0,48593.8,6.0,9.0
373863,14.0,168.0,49.0,Male,2.0,66810.36,3.0,6.0
1932408,5.0,71.0,46.5,Unknown,2.0,43499.01,1.0,4.0
1667380,11.0,143.0,45.0,Male,2.0,347068.21,1.0,4.0
4889141,5.0,66.0,21.0,Unknown,2.0,52761.82,0.0,3.0
8550819,11.0,141.0,50.5,Unknown,3.0,54991.5,3.0,6.0
228868,6.0,78.0,22.5,Unknown,2.0,34753.0,1.0,4.0
2250020,14.0,173.0,60.5,Male,3.0,128221.16,5.0,8.0
7038636,8.0,96.0,49.5,Unknown,2.0,32929.13,4.0,7.0
9910098,9.0,115.0,72.0,Female,2.0,71728.98,2.0,5.0
7716820,5.0,70.0,39.5,Male,2.0,56989.52,6.0,9.0
221734,5.0,70.0,56.5,Unknown,2.0,115451.25,5.0,8.0
136237,12.0,145.0,51.0,Male,3.0,285189.97,2.0,5.0
1933735,5.0,71.0,27.0,Unknown,2.0,41537.82,6.0,9.0
1421934,6.0,82.0,72.5,Unknown,2.0,114044.77,0.0,3.0
9328852,16.0,192.0,38.0,Male,2.0,36993.18,0.0,3.0
2515513,15.0,183.0,67.5,Female,2.0,41971.5,3.0,6.0
6752359,6.0,73.0,37.0,Unknown,2.0,61955.05,4.0,7.0
4213460,4.0,58.0,24.5,Unknown,2.0,41293.86,1.0,4.0
4171954,12.0,155.0,76.0,Male,2.0,191537.4,4.0,7.0
284648,6.0,81.0,24.5,Unknown,2.0,77601.98,6.0,9.0
6351080,5.0,67.0,65.5,Unknown,2.0,130180.24,2.0,5.0
2834996,13.0,166.0,65.0,Male,2.0,263142.89,6.0,9.0
7728334,29.0,356.0,73.0,Male,3.0,437192.64,6.0,9.0
4885016,5.0,67.0,27.5,Unknown,2.0,27987.91,1.0,4.0
4009910,4.0,54.0,18.5,Unknown,2.0,27237.06,3.0,6.0
510941,4.0,59.0,31.5,Unknown,2.0,53278.63,2.0,5.0
6926480,18.0,223.0,40.0,Unknown,3.0,28001.82,5.0,8.0
6549914,9.0,110.0,36.0,Male,3.0,92761.75,6.0,9.0
2785619,6.0,73.0,58.0,Unknown,2.0,36235.68,1.0,4.0
2073037,13.0,167.0,61.0,Unknown,2.0,66247.1,1.0,4.0
120660,9.0,110.0,72.5,Male,3.0,965677.89,3.0,6.0
4075714,15.0,189.0,64.0,Unknown,2.0,48218.96,4.0,7.0
2685663,8.0,100.0,62.5,Unknown,2.0,344373.3,1.0,4.0
5091858,5.0,71.0,65.0,Male,3.0,180439.37,6.0,9.0
3211558,7.0,93.0,64.5,Unknown,2.0,1326390.0799999998,2.0,5.0
7335609,10.0,124.0,78.0,Male,2.0,58830.97,6.0,9.0
4986152,9.0,109.0,45.5,Female,2.0,67172.97,1.0,4.0
4785260,7.0,87.0,54.5,Unknown,3.0,85690.19,0.0,3.0
5579616,15.0,184.0,63.5,Female,2.0,94247.44,3.0,6.0
7946939,24.0,299.0,60.5,Female,3.0,250000.61,6.0,9.0
3063284,23.0,276.0,64.0,Female,2.0,66602.79000000001,2.0,5.0
5286362,21.0,260.0,50.5,Female,2.0,62076.08,0.0,3.0
3689198,21.0,253.0,20.5,Male,3.0,99863.15,3.0,6.0
4288178,19.0,237.0,71.0,Female,2.0,90047.34999999999,4.0,7.0
6300261,17.0,205.0,51.5,Female,2.0,26848.32,0.0,3.0
4273312,13.0,167.0,62.5,Male,2.0,40743.41,0.0,3.0
3530964,5.0,69.0,35.0,Unknown,2.0,57620.66,6.0,9.0
6347403,9.0,109.0,43.5,Female,2.0,32783.5,3.0,6.0
3769420,8.0,98.0,61.0,Unknown,2.0,167694.96999999997,5.0,8.0
6318532,9.0,111.0,29.0,Male,2.0,78359.11,5.0,8.0
8959766,6.0,80.0,23.0,Unknown,2.0,33745.49,0.0,3.0
1240983,7.0,95.0,25.5,Unknown,2.0,35183.399999999994,1.0,4.0
4632248,11.0,143.0,45.5,Male,2.0,62142.24,1.0,4.0
7609773,14.0,176.0,64.5,Female,2.0,108639.02,2.0,5.0
1122853,4.0,58.0,21.5,Unknown,2.0,47000.73,1.0,4.0
9266799,8.0,103.0,59.5,Unknown,3.0,89185.91,0.0,3.0
3950294,4.0,52.0,40.0,Female,2.0,25397.11,1.0,4.0
5426762,5.0,70.0,61.5,Unknown,2.0,39881.07,1.0,4.0
5160147,13.0,167.0,64.0,Female,2.0,43661.42999999999,0.0,3.0
3089314,12.0,150.0,31.5,Female,2.0,150338.78999999998,5.0,8.0
6166024,4.0,59.0,18.0,Unknown,2.0,47136.69,1.0,4.0
6098439,16.0,194.0,48.5,Male,2.0,61491.29,3.0,6.0
193457,5.0,60.0,61.5,Unknown,2.0,54614.76,6.0,9.0
7199337,11.0,142.0,53.0,Female,2.0,84032.59,6.0,9.0
7730418,6.0,73.0,25.5,Unknown,2.0,292946.26,6.0,9.0
9981755,5.0,60.0,22.5,Unknown,2.0,36459.87,2.0,5.0
7960094,13.0,158.0,73.0,Male,2.0,122975.81,6.0,9.0
2820987,26.0,316.0,68.0,Male,3.0,30404.95,1.0,4.0
8325169,6.0,82.0,53.5,Female,2.0,69945.1,3.0,7.0
9582430,7.0,86.0,57.5,Unknown,3.0,171578.74,2.0,5.0
5200295,5.0,71.0,76.0,Unknown,2.0,336542.54,1.0,4.0
3032845,15.0,180.0,42.0,Male,2.0,120639.74,5.0,8.0
279718,8.0,98.0,62.0,Unknown,2.0,214941.24,0.0,3.0
6630645,14.0,177.0,73.5,Male,2.0,1776563.5599999998,6.0,9.0
2737360,4.0,59.0,62.5,Unknown,2.0,47393.13,2.0,5.0
4431741,9.0,118.0,30.5,Male,3.0,38763.33,6.0,9.0
7458927,6.0,82.0,65.0,Unknown,2.0,48162.1,6.0,9.0
5587154,5.0,70.0,30.5,Unknown,3.0,77177.51,6.0,9.0
9836487,15.0,191.0,53.5,Female,2.0,161273.89,2.0,5.0
151250,23.0,284.0,57.0,Male,2.0,1083331.0,5.0,8.0
3960280,23.0,279.0,80.0,Female,2.0,101944.59,6.0,9.0
8655864,23.0,276.0,44.5,Male,3.0,60827.62,3.0,6.0
1815682,22.0,265.0,25.0,Male,2.0,23806.89,0.0,3.0
9070746,21.0,253.0,43.5,Female,2.0,155339.66999999998,4.0,7.0
3306755,20.0,241.0,59.0,Female,2.0,93334.51,6.0,9.0
6076924,18.0,225.0,59.5,Male,4.0,4024657.4,2.0,6.0
6886577,18.0,223.0,33.0,Male,2.0,58641.07,5.0,8.0
9234138,14.0,169.0,52.0,Male,2.0,26148.7,5.0,8.0
3634458,13.0,167.0,59.0,Female,2.0,60865.6,6.0,9.0
1756474,34.0,417.0,63.5,Male,3.0,678170.7100000001,6.0,9.0
8794498,9.0,108.0,67.0,Female,2.0,34197.53,4.0,7.0
9687519,14.0,169.0,33.0,Male,2.0,26916.83,6.0,9.0
6712257,9.0,110.0,36.5,Male,2.0,48721.28,0.0,3.0
9734276,10.0,130.0,39.0,Female,2.0,80707.33,0.0,3.0
6085850,10.0,121.0,50.0,Female,2.0,30964.01,5.0,8.0
8673673,11.0,143.0,61.5,Unknown,3.0,48515.91,3.0,6.0
9985826,5.0,70.0,38.0,Unknown,2.0,58412.13,0.0,3.0
5853771,6.0,80.0,53.0,Unknown,2.0,308795.27,1.0,4.0
7305195,12.0,145.0,54.0,Male,2.0,344362.4,6.0,9.0
4939035,8.0,106.0,55.0,Male,2.0,239313.41,4.0,7.0
8095595,12.0,145.0,36.5,Male,4.0,122921.84,5.0,8.0
6571458,6.0,75.0,53.0,Unknown,4.0,102268.51,4.0,7.0
882086,5.0,69.0,40.5,Male,3.0,101939.37,5.0,8.0
5733434,26.0,314.0,53.0,Male,3.0,151201.07,6.0,9.0
3112808,13.0,156.0,32.5,Female,2.0,28048.47,0.0,3.0
9171194,8.0,107.0,53.0,Female,4.0,166128.3,5.0,8.0
214667,6.0,76.0,35.0,Unknown,2.0,25515.62,6.0,9.0
489091,12.0,147.0,35.5,Male,2.0,102628.13,6.0,9.0
3664764,26.0,316.0,53.5,Female,2.0,118966.71,3.0,6.0
1106355,4.0,59.0,28.5,Male,2.0,53513.28999999999,5.0,8.0
4868834,13.0,161.0,56.0,Female,2.0,63284.64,0.0,3.0
2808651,5.0,71.0,55.0,Female,3.0,277151.48,1.0,4.0
1895911,9.0,118.0,74.5,Female,2.0,445945.7,0.0,5.0
2521236,6.0,83.0,51.5,Unknown,4.0,1219766.94,5.0,8.0
2976498,5.0,70.0,50.5,Female,2.0,80407.04000000001,2.0,5.0
559937,5.0,70.0,52.5,Unknown,2.0,57173.7,6.0,9.0
4373465,10.0,124.0,24.5,Female,2.0,37000.08,1.0,4.0
8564445,27.0,335.0,68.0,Unknown,2.0,74953.44,6.0,9.0
4860123,16.0,193.0,50.5,Female,2.0,55523.63,2.0,5.0
7592127,15.0,191.0,38.5,Female,3.0,98600.94,1.0,4.0
8295352,6.0,79.0,31.0,Unknown,2.0,50653.25,5.0,8.0
3535380,11.0,138.0,55.0,Female,2.0,48401.09,1.0,4.0
3162457,12.0,151.0,67.0,Male,2.0,377399.54,1.0,4.0
3475041,24.0,293.0,48.0,Female,2.0,47210.53,2.0,5.0
4555558,17.0,215.0,58.5,Female,2.0,132281.55,1.0,4.0
4292879,8.0,106.0,33.5,Female,3.0,53716.75,0.0,3.0
4233509,6.0,83.0,54.0,Unknown,2.0,26867.33,1.0,4.0
9247791,11.0,143.0,44.0,Female,3.0,104124.51,6.0,9.0
6623768,5.0,71.0,56.5,Unknown,2.0,59767.64,1.0,4.0
9602769,6.0,76.0,43.5,Unknown,2.0,48612.25,0.0,3.0
2773719,5.0,66.0,18.5,Unknown,3.0,26450.71,1.0,4.0
1620010,9.0,110.0,35.5,Female,2.0,90111.57,1.0,4.0
2917969,34.0,419.0,63.5,Female,2.0,54343.65,2.0,5.0
2249509,12.0,154.0,32.0,Female,2.0,64598.56,0.0,3.0
5963880,15.0,189.0,34.0,Female,2.0,36044.02,2.0,5.0
5985130,12.0,147.0,36.0,Female,2.0,64424.14,5.0,8.0
2976361,12.0,149.0,62.5,Female,2.0,69201.01,5.0,8.0
5921654,24.0,292.0,47.0,Female,2.0,59257.52,6.0,9.0
6438491,23.0,287.0,47.0,Female,2.0,68238.01,2.0,5.0
279675,23.0,280.0,66.5,Female,2.0,55646.28,5.0,8.0
1278172,21.0,259.0,64.0,Male,3.0,210229.6,6.0,9.0
8721784,25.0,301.0,25.0,Female,2.0,167648.65999999997,2.0,5.0
7396239,20.0,248.0,60.0,Female,2.0,26232.43,1.0,4.0
5882333,20.0,240.0,38.5,Male,2.0,48631.8,0.0,3.0
9927328,18.0,220.0,31.5,Male,3.0,200902.95,6.0,9.0
9395104,9.0,114.0,62.5,Female,2.0,259861.62,4.0,7.0
9664834,6.0,74.0,22.5,Unknown,2.0,31124.82,1.0,4.0
6881753,8.0,97.0,80.0,Unknown,3.0,97173.3,2.0,5.0
5566584,4.0,57.0,42.5,Unknown,2.0,31898.41,1.0,4.0
6137114,22.0,268.0,52.5,Unknown,2.0,27106.67,2.0,5.0
1998232,15.0,188.0,54.0,Male,2.0,161679.96999999997,1.0,4.0
9073626,7.0,94.0,70.0,Unknown,2.0,51037.55,3.0,6.0
1470498,5.0,69.0,35.5,Unknown,2.0,51810.28999999999,5.0,8.0
3843351,5.0,70.0,26.5,Unknown,3.0,93544.71,5.0,8.0
1638498,9.0,112.0,32.5,Male,2.0,33157.02,1.0,4.0
5282774,16.0,198.0,39.5,Male,3.0,463605.2,6.0,9.0
8717609,13.0,157.0,61.5,Male,2.0,326300.66,5.0,8.0
4893834,6.0,74.0,57.0,Male,3.0,892844.4,4.0,7.0
2269974,14.0,173.0,26.5,Female,2.0,29630.6,1.0,4.0
9349682,9.0,118.0,65.0,Female,2.0,47510.97,5.0,8.0
3502276,6.0,82.0,57.5,Female,2.0,162240.76,4.0,7.0
9498438,8.0,100.0,33.5,Unknown,2.0,81412.61,1.0,4.0
2854923,27.0,334.0,55.0,Female,2.0,352627.03,5.0,8.0
2055445,8.0,100.0,74.5,Unknown,2.0,852287.4600000001,6.0,9.0
7404872,16.0,192.0,71.5,Male,2.0,710695.63,3.0,6.0
2543929,9.0,109.0,55.0,Male,2.0,28026.9,1.0,4.0
6541007,5.0,67.0,42.0,Unknown,2.0,45044.78999999999,3.0,6.0
6347479,15.0,190.0,52.0,Male,2.0,97133.14,6.0,9.0
1149058,11.0,140.0,56.5,Male,3.0,37352.64,6.0,9.0
9044675,14.0,176.0,52.5,Male,2.0,99035.27,6.0,9.0
4327140,10.0,120.0,57.5,Male,2.0,35231.72,2.0,5.0
9974892,6.0,72.0,23.0,Female,2.0,39704.6,4.0,7.0
666453,6.0,72.0,39.5,Unknown,2.0,38700.34,4.0,7.0
7796867,28.0,347.0,65.0,Male,2.0,404203.76,4.0,7.0
3222318,15.0,191.0,34.0,Male,2.0,155012.09000000003,0.0,3.0
762966,8.0,103.0,43.0,Female,2.0,28801.11,1.0,4.0
8175396,5.0,71.0,28.5,Unknown,3.0,36671.52,4.0,7.0
7014572,7.0,86.0,68.5,Unknown,2.0,91190.62,1.0,4.0
3332034,9.0,111.0,42.0,Female,2.0,26923.55,0.0,3.0
6255097,7.0,89.0,54.5,Unknown,2.0,64737.22,2.0,5.0
3203744,8.0,99.0,29.5,Unknown,2.0,39332.97,0.0,3.0
2711885,13.0,160.0,65.0,Female,2.0,69055.92,2.0,5.0
4394565,5.0,66.0,25.5,Unknown,2.0,52328.78999999999,6.0,9.0
537221,9.0,118.0,65.5,Male,2.0,76515.89,5.0,8.0
5590820,13.0,158.0,27.0,Male,2.0,45859.46,2.0,5.0
2715028,12.0,154.0,46.5,Male,2.0,30410.38,0.0,3.0
728244,8.0,99.0,43.0,Unknown,2.0,43686.44,5.0,8.0
9683046,6.0,75.0,43.5,Unknown,2.0,227599.83,6.0,9.0
9918012,5.0,65.0,47.0,Unknown,2.0,80238.31,6.0,9.0
6546338,9.0,118.0,34.5,Female,3.0,39822.71,2.0,5.0
7845538,11.0,142.0,34.0,Unknown,3.0,39042.98,4.0,7.0
4550754,15.0,180.0,37.5,Female,2.0,35871.43,1.0,4.0
6681352,15.0,180.0,42.5,Male,2.0,29822.14,6.0,9.0
6737992,14.0,173.0,33.0,Male,2.0,116917.84,6.0,9.0
1153172,8.0,102.0,57.5,Unknown,3.0,152218.24,2.0,5.0
6043021,6.0,82.0,37.5,Unknown,2.0,27690.66,2.0,5.0
5822562,23.0,287.0,47.0,Female,4.0,96456.14,2.0,6.0
510867,22.0,272.0,67.5,Male,2.0,49930.01,4.0,7.0
309851,21.0,263.0,63.0,Male,2.0,254247.1,6.0,9.0
2679854,21.0,260.0,67.5,Male,3.0,179596.81,2.0,5.0
6313310,21.0,257.0,45.5,Female,3.0,270438.73,0.0,3.0
8993516,20.0,250.0,67.5,Male,2.0,96710.06,6.0,9.0
2156661,21.0,259.0,53.0,Female,4.0,383673.36,6.0,9.0
9216762,17.0,208.0,66.5,Female,2.0,95682.91,4.0,7.0
6696501,16.0,197.0,74.0,Female,2.0,81343.68,2.0,5.0
4397711,5.0,67.0,20.0,Unknown,2.0,47905.41,1.0,4.0
4891184,34.0,418.0,51.0,Female,2.0,81148.34,6.0,9.0
8997426,14.0,178.0,43.0,Female,3.0,83228.66,1.0,4.0
5827429,16.0,195.0,35.5,Male,3.0,113158.54,6.0,9.0
5556877,4.0,56.0,27.0,Unknown,3.0,100334.03,2.0,5.0
9054288,14.0,170.0,75.0,Male,2.0,66653.63,1.0,4.0
4279620,14.0,174.0,37.5,Female,2.0,85397.16,2.0,5.0
8495717,4.0,55.0,35.0,Unknown,2.0,91785.81,6.0,9.0
5237672,7.0,95.0,25.5,Male,2.0,77857.61,6.0,9.0
2167470,28.0,337.0,59.5,Female,3.0,140802.31,5.0,9.0
4564157,13.0,167.0,74.5,Male,3.0,1064559.64,5.0,8.0
1565481,27.0,335.0,23.5,Female,3.0,90236.41,2.0,5.0
4005341,6.0,78.0,24.5,Unknown,2.0,46883.01,6.0,9.0
1371162,15.0,182.0,55.5,Female,3.0,44370.07,1.0,4.0
7423231,6.0,73.0,44.0,Unknown,2.0,35126.14,6.0,9.0
8853599,31.0,374.0,54.5,Male,2.0,961452.22,0.0,3.0
6921713,12.0,154.0,68.0,Male,2.0,71057.73999999999,6.0,9.0
588254,8.0,107.0,55.0,Female,2.0,35168.78,2.0,5.0
1125696,9.0,113.0,40.5,Female,2.0,31761.1,1.0,4.0
3608710,15.0,189.0,58.5,Male,2.0,178973.24,6.0,9.0
1230381,8.0,107.0,48.5,Male,2.0,74602.20999999999,3.0,6.0
9892825,11.0,141.0,60.0,Female,2.0,166730.47999999998,0.0,3.0
3507994,36.0,442.0,71.5,Male,2.0,50100.21,1.0,4.0
3188901,10.0,126.0,40.0,Male,2.0,230112.4,3.0,6.0
4850132,4.0,58.0,27.5,Unknown,2.0,32223.3,0.0,3.0
2242768,16.0,203.0,55.0,Female,3.0,233829.66,6.0,9.0
63377,5.0,66.0,26.5,Unknown,2.0,52217.12,6.0,9.0
9883336,16.0,194.0,48.5,Female,2.0,152428.55,2.0,5.0
8762174,5.0,70.0,53.5,Male,2.0,56403.47,0.0,3.0
6836496,8.0,97.0,42.5,Unknown,2.0,51297.4,3.0,6.0
4549340,5.0,67.0,23.5,Unknown,2.0,51554.84,2.0,5.0
1453213,4.0,58.0,50.5,Male,3.0,585085.4700000001,1.0,4.0
996578,11.0,132.0,65.0,Male,2.0,77815.31,0.0,3.0
7418692,36.0,439.0,56.5,Female,2.0,83432.06,2.0,5.0
5398901,10.0,120.0,35.0,Male,2.0,49183.89,0.0,3.0
5545425,11.0,137.0,42.0,Unknown,2.0,27462.91,1.0,4.0
3184236,12.0,154.0,40.5,Male,2.0,48003.12,1.0,4.0
1660218,11.0,141.0,36.5,Female,2.0,91592.64,6.0,9.0
5951685,6.0,82.0,41.5,Unknown,4.0,92943.38,5.0,8.0
4287871,12.0,146.0,51.5,Male,2.0,47957.57,0.0,3.0
7141826,6.0,73.0,65.0,Unknown,2.0,129499.63,6.0,9.0
8173417,25.0,311.0,34.5,Female,3.0,60473.92,3.0,6.0
4856668,25.0,300.0,57.0,Male,2.0,2458632.63,6.0,9.0
8313638,21.0,262.0,30.0,Male,4.0,691526.3,3.0,6.0
4053116,21.0,255.0,55.0,Female,2.0,219833.32,2.0,6.0
3076371,18.0,216.0,68.0,Female,2.0,108076.11,6.0,9.0
7988348,17.0,212.0,52.0,Female,2.0,64805.62,1.0,4.0
6844346,38.0,461.0,61.0,Male,2.0,218215.73,6.0,9.0
6780235,15.0,185.0,49.5,Female,2.0,102552.06,0.0,3.0
6500076,25.0,302.0,54.0,Male,3.0,1138575.74,6.0,9.0
3587187,5.0,60.0,27.5,Male,2.0,46916.08,1.0,4.0
9902742,12.0,152.0,34.5,Female,2.0,35132.44,2.0,5.0
8089106,15.0,183.0,65.0,Unknown,3.0,1042917.66,5.0,8.0
3329079,7.0,95.0,26.0,Unknown,2.0,25047.73,6.0,9.0
1900411,6.0,81.0,42.0,Unknown,3.0,306365.0,3.0,6.0
1029878,6.0,81.0,49.0,Unknown,2.0,66607.93,0.0,3.0
5249882,7.0,94.0,57.5,Unknown,2.0,122491.33,2.0,5.0
7218805,4.0,56.0,22.5,Unknown,2.0,33154.49,0.0,3.0
3130496,16.0,193.0,36.0,Male,3.0,651469.99,6.0,9.0
785965,12.0,150.0,44.5,Male,3.0,126524.15,6.0,9.0
5307801,13.0,167.0,42.5,Female,2.0,102322.26,0.0,3.0
3998405,17.0,210.0,61.0,Male,2.0,30511.47,4.0,7.0
1459221,8.0,101.0,37.5,Unknown,2.0,25656.51,1.0,4.0
8165838,8.0,107.0,25.5,Male,2.0,29306.5,0.0,3.0
5934614,6.0,72.0,58.5,Unknown,2.0,116688.21,0.0,3.0
6568477,13.0,158.0,53.5,Male,2.0,193436.93,2.0,5.0
3570952,14.0,179.0,32.0,Male,2.0,32821.86,1.0,4.0
6642867,13.0,156.0,42.5,Female,2.0,71011.26,3.0,6.0
1885992,14.0,179.0,57.5,Male,2.0,216769.52,6.0,9.0
2763443,7.0,90.0,29.5,Unknown,2.0,32849.69,0.0,3.0
5672749,6.0,80.0,29.5,Unknown,2.0,27059.22,0.0,3.0
1131270,15.0,180.0,33.5,Female,2.0,29561.1,0.0,3.0
2129448,5.0,70.0,42.5,Unknown,2.0,38870.13,4.0,7.0
9388711,30.0,369.0,58.0,Female,2.0,90014.78,6.0,9.0
2726407,6.0,76.0,27.5,Unknown,3.0,36201.91,6.0,9.0
9350128,5.0,70.0,37.5,Unknown,3.0,55042.6,6.0,9.0
3011290,7.0,88.0,33.0,Unknown,2.0,40764.96,5.0,8.0
1827466,4.0,58.0,24.0,Unknown,2.0,86669.15,4.0,7.0
9063969,8.0,106.0,69.0,Female,2.0,441293.65,2.0,5.0
3321469,14.0,168.0,27.5,Female,2.0,34540.66,1.0,4.0
8045011,14.0,176.0,56.0,Female,5.0,177298.09000000003,2.0,6.0
1210487,6.0,77.0,43.5,Unknown,4.0,95732.78,6.0,9.0
8270818,9.0,109.0,24.0,Male,2.0,133567.83000000002,6.0,9.0
537426,12.0,145.0,29.0,Female,3.0,104350.71,6.0,9.0
5109463,12.0,148.0,54.0,Male,2.0,58691.25,1.0,4.0
5998888,5.0,68.0,57.5,Unknown,2.0,730575.91,5.0,8.0
8701931,5.0,70.0,26.0,Unknown,2.0,28472.62,0.0,3.0
2525636,21.0,262.0,40.5,Female,2.0,48960.96,6.0,9.0
6337595,5.0,70.0,56.5,Unknown,3.0,71774.48,4.0,7.0
4465770,11.0,136.0,62.0,Male,2.0,90582.71,4.0,7.0
374973,16.0,193.0,83.0,Female,3.0,95922.56,6.0,9.0
6427940,8.0,96.0,43.0,Unknown,2.0,35307.99,4.0,7.0
5219381,16.0,194.0,73.0,Female,2.0,272213.75,4.0,7.0
7844537,8.0,97.0,62.0,Unknown,2.0,108223.88,6.0,9.0
732198,4.0,57.0,68.5,Female,2.0,91758.18,1.0,5.0
5390584,10.0,125.0,39.5,Female,3.0,101811.2,4.0,7.0
1483511,14.0,168.0,30.0,Unknown,2.0,77257.70999999999,6.0,9.0
4813183,21.0,253.0,56.0,Female,2.0,780038.76,2.0,5.0
8867575,11.0,143.0,55.0,Male,2.0,59061.24,1.0,4.0
274816,19.0,228.0,60.0,Female,2.0,173837.14,6.0,9.0
7387490,7.0,86.0,61.5,Unknown,2.0,193100.65,2.0,5.0
5900728,23.0,279.0,48.5,Female,2.0,551336.77,4.0,7.0
1931445,24.0,288.0,44.5,Female,3.0,305422.37,6.0,9.0
2248143,21.0,253.0,68.0,Female,2.0,179676.32,3.0,6.0
1239722,20.0,244.0,80.5,Unknown,3.0,273434.66,5.0,8.0
3902351,20.0,243.0,69.0,Male,2.0,105116.57,1.0,4.0
8902145,19.0,239.0,63.5,Male,2.0,40054.64,2.0,5.0
3374318,18.0,225.0,59.0,Female,3.0,172706.02000000002,1.0,4.0
1456682,6.0,72.0,24.5,Unknown,2.0,51890.65,4.0,7.0
2445884,10.0,124.0,46.0,Male,2.0,27736.99,0.0,3.0
9853329,18.0,216.0,69.5,Female,2.0,211439.92,2.0,5.0
7519157,11.0,136.0,53.0,Male,2.0,43989.78999999999,2.0,5.0
5644835,6.0,77.0,74.5,Unknown,2.0,31313.55,2.0,5.0
8522277,11.0,143.0,39.0,Male,2.0,33039.47,3.0,6.0
9588403,7.0,88.0,52.0,Female,2.0,23794.83,5.0,8.0
190197,15.0,184.0,71.5,Male,2.0,276065.69,6.0,9.0
485005,6.0,82.0,54.5,Unknown,2.0,64645.46,1.0,4.0
6077287,18.0,216.0,48.5,Female,2.0,36340.09,1.0,4.0
8807163,11.0,140.0,49.5,Female,2.0,28856.31,0.0,3.0
4900129,7.0,94.0,37.5,Unknown,2.0,32993.7,2.0,5.0
6870307,8.0,106.0,47.5,Unknown,2.0,66351.42,0.0,3.0
2008597,10.0,122.0,32.0,Unknown,2.0,57568.66,6.0,9.0
1228930,5.0,71.0,45.5,Unknown,2.0,56853.73,1.0,4.0
5295619,14.0,173.0,67.5,Female,2.0,75713.38,2.0,5.0
124916,4.0,50.0,25.5,Male,4.0,122076.85,5.0,8.0
1296904,14.0,179.0,59.5,Male,2.0,49248.63,0.0,3.0
8170136,6.0,79.0,58.0,Male,3.0,228647.73,6.0,9.0
9278882,6.0,78.0,27.5,Unknown,2.0,24037.62,2.0,5.0
2659991,14.0,173.0,49.0,Male,3.0,183925.22,6.0,9.0
8162270,7.0,94.0,29.0,Unknown,2.0,72487.2,2.0,5.0
2283151,12.0,155.0,45.0,Female,2.0,64416.88,5.0,8.0
4857233,7.0,84.0,27.5,Unknown,2.0,27075.53,6.0,9.0
5584520,16.0,199.0,79.0,Female,2.0,43662.75,5.0,8.0
2981933,16.0,194.0,40.0,Male,3.0,54030.16,4.0,9.0
6613758,15.0,185.0,32.0,Male,2.0,30776.74,2.0,5.0
2465843,15.0,188.0,57.5,Male,2.0,127652.72,0.0,3.0
3342221,26.0,323.0,60.5,Unknown,2.0,155351.66999999998,6.0,9.0
8107974,7.0,94.0,59.5,Unknown,2.0,62420.07,0.0,3.0
1434199,13.0,167.0,39.0,Male,4.0,1852708.37,6.0,9.0
6529379,5.0,71.0,71.0,Unknown,2.0,37242.28,2.0,5.0
2792508,16.0,197.0,76.0,Male,2.0,58935.91,3.0,6.0
5065031,7.0,95.0,57.0,Unknown,2.0,60428.68,1.0,4.0
7627662,16.0,202.0,56.0,Female,2.0,45923.5,0.0,3.0
2304952,28.0,337.0,26.0,Female,2.0,35774.619999999995,3.0,6.0
2977277,11.0,132.0,61.5,Female,3.0,118229.81,1.0,4.0
5696531,9.0,118.0,42.5,Female,2.0,165018.27999999997,1.0,4.0
8499329,4.0,58.0,29.0,Unknown,2.0,51967.31,6.0,9.0
6674813,14.0,170.0,93.0,Female,2.0,702058.14,4.0,7.0
2815071,5.0,70.0,28.0,Unknown,2.0,42453.71,2.0,5.0
3827542,9.0,116.0,58.0,Male,2.0,41601.98,4.0,7.0
7401406,4.0,58.0,18.5,Unknown,2.0,35671.59,0.0,3.0
7349065,5.0,63.0,64.0,Female,4.0,74296.78,4.0,8.0
6858059,22.0,268.0,57.5,Female,2.0,24029.27,0.0,3.0
8540069,20.0,245.0,55.0,Male,2.0,273536.38,2.0,5.0
4623321,20.0,244.0,62.0,Male,3.0,123221.77,1.0,4.0
4825303,20.0,241.0,42.5,Female,2.0,140509.89,3.0,6.0
4936425,17.0,210.0,47.0,Male,3.0,72961.5,6.0,9.0
6043168,16.0,201.0,36.5,Male,3.0,155202.69,2.0,5.0
7092480,4.0,57.0,32.0,Unknown,2.0,27481.69,0.0,3.0
2765335,4.0,58.0,32.5,Unknown,2.0,31487.14,0.0,3.0
2049079,19.0,229.0,60.5,Male,2.0,298734.91,2.0,7.0
2926457,3.0,36.0,57.0,Unknown,2.0,30585.05,3.0,6.0
351247,14.0,178.0,42.5,Male,2.0,107783.08,1.0,4.0
3237701,7.0,94.0,54.5,Unknown,2.0,62078.58,1.0,4.0
8024335,6.0,82.0,37.5,Unknown,2.0,68968.42,1.0,4.0
2883982,12.0,153.0,63.0,Female,2.0,51053.14,3.0,6.0
8490739,15.0,189.0,65.0,Male,3.0,207745.12,0.0,3.0
8834075,9.0,109.0,27.0,Male,2.0,44099.87,6.0,9.0
9540820,8.0,100.0,85.0,Unknown,2.0,301450.46,1.0,4.0
5554140,4.0,56.0,48.5,Unknown,2.0,41814.45,4.0,7.0
7847850,11.0,138.0,55.0,Male,2.0,197901.35,2.0,5.0
6911659,6.0,83.0,58.5,Unknown,2.0,125892.88,4.0,7.0
4071492,14.0,171.0,63.5,Female,3.0,255860.32,6.0,9.0
7189688,6.0,75.0,27.0,Male,2.0,46375.47,4.0,7.0
2466037,8.0,97.0,61.5,Unknown,2.0,91607.2,6.0,9.0
1225488,7.0,92.0,39.0,Unknown,2.0,49795.28999999999,0.0,3.0
395669,13.0,166.0,45.0,Female,2.0,47712.07,2.0,5.0
2418227,10.0,121.0,42.0,Female,2.0,30933.31,0.0,3.0
8187622,9.0,108.0,66.0,Female,2.0,141339.76,5.0,8.0
1563739,27.0,334.0,54.5,Female,2.0,52555.87,4.0,7.0
5996815,6.0,80.0,72.0,Male,2.0,201607.53,3.0,6.0
2162880,6.0,73.0,45.5,Female,2.0,42835.78,0.0,3.0
5566417,13.0,159.0,40.0,Female,2.0,133772.75,0.0,3.0
6245519,14.0,174.0,47.0,Female,3.0,378347.78,5.0,8.0
7662927,15.0,190.0,61.5,Male,2.0,125970.29,6.0,9.0
7032338,15.0,189.0,62.0,Female,2.0,32546.06,3.0,6.0
279311,6.0,82.0,76.5,Unknown,2.0,36187.66,0.0,3.0
3102426,5.0,70.0,22.0,Unknown,2.0,29868.27,1.0,4.0
6780608,6.0,81.0,62.5,Unknown,2.0,29223.64,1.0,4.0
6385477,15.0,190.0,35.5,Male,2.0,92254.07,3.0,6.0
9999832,23.0,281.0,49.0,Female,2.0,431887.61,1.0,4.0
9105028,4.0,58.0,28.5,Female,2.0,40302.46,2.0,5.0
2480299,11.0,134.0,52.0,Female,2.0,69868.61,5.0,8.0
4917803,4.0,56.0,44.5,Unknown,2.0,66206.57,5.0,8.0
4539094,10.0,129.0,31.5,Female,3.0,103602.86,6.0,9.0
5176958,13.0,157.0,37.0,Female,2.0,79738.98,6.0,9.0
1294070,11.0,142.0,47.0,Female,2.0,37921.43,4.0,7.0
6109803,24.0,299.0,63.0,Female,2.0,48155.21,0.0,3.0
1038683,23.0,280.0,46.0,Male,3.0,73535.81,5.0,8.0
629268,20.0,250.0,50.5,Female,4.0,249761.31,1.0,4.0
6685352,19.0,237.0,71.0,Male,3.0,114331.9,6.0,9.0
1328910,19.0,234.0,56.0,Male,2.0,518967.27,0.0,3.0
2648176,6.0,75.0,32.5,Unknown,2.0,27385.13,4.0,7.0
4570044,10.0,131.0,65.5,Female,2.0,81525.93,6.0,9.0
4630395,4.0,58.0,48.5,Unknown,2.0,37865.59,0.0,3.0
4456518,14.0,179.0,34.0,Male,2.0,44424.77,1.0,4.0
9268677,6.0,76.0,33.0,Unknown,2.0,43605.5,3.0,6.0
9821995,7.0,92.0,26.5,Unknown,2.0,62713.99,6.0,9.0
5936155,7.0,90.0,53.0,Unknown,3.0,71044.7,5.0,8.0
5627324,9.0,119.0,27.5,Female,3.0,156309.27000000002,4.0,7.0
1297993,6.0,83.0,79.5,Unknown,2.0,343658.96,6.0,9.0
6012255,9.0,112.0,30.5,Female,2.0,43182.13,6.0,9.0
3738762,12.0,150.0,61.0,Female,2.0,116451.97,4.0,7.0
9469532,16.0,202.0,32.5,Female,2.0,81933.29999999999,0.0,3.0
5755351,14.0,178.0,39.0,Female,2.0,30488.28,0.0,3.0
2059449,4.0,56.0,24.5,Male,3.0,47245.33,3.0,6.0
6980374,6.0,83.0,28.5,Unknown,3.0,75341.38,6.0,9.0
1724834,9.0,114.0,56.5,Female,2.0,40395.78999999999,1.0,4.0
3351045,8.0,102.0,31.0,Unknown,2.0,62921.07,5.0,8.0
1397821,14.0,175.0,69.0,Female,2.0,467296.07,0.0,3.0
6718212,18.0,219.0,46.5,Male,2.0,61509.38,6.0,9.0
6887181,12.0,154.0,39.5,Male,3.0,47621.13,5.0,8.0
1204758,33.0,407.0,70.0,Female,2.0,73787.26,1.0,4.0
76481,6.0,81.0,62.5,Unknown,2.0,808107.3500000001,2.0,5.0
4510222,7.0,85.0,29.0,Male,2.0,57577.66,6.0,9.0
1186561,6.0,75.0,43.5,Male,2.0,128652.23,2.0,5.0
3924096,5.0,65.0,22.5,Unknown,3.0,51299.11,4.0,7.0
2466344,5.0,67.0,38.0,Female,2.0,101666.73,0.0,3.0
782164,11.0,142.0,72.0,Female,2.0,31299.81,2.0,5.0
4462432,16.0,202.0,63.5,Female,2.0,40562.33,4.0,7.0
456002,7.0,92.0,23.5,Unknown,2.0,63755.0,2.0,5.0
2586578,7.0,86.0,30.0,Female,2.0,63277.38,1.0,4.0
8204504,32.0,393.0,73.5,Male,2.0,247044.41,6.0,9.0
938858,31.0,380.0,57.0,Female,2.0,92793.21,6.0,9.0
5883656,6.0,74.0,29.5,Unknown,2.0,54774.91,1.0,4.0
3648962,7.0,85.0,63.0,Unknown,2.0,80550.20999999999,2.0,5.0
3223326,11.0,143.0,59.5,Female,2.0,31721.75,0.0,3.0
8877862,13.0,167.0,44.5,Female,2.0,35690.61,2.0,5.0
9612831,22.0,271.0,74.5,Male,3.0,568022.8300000001,6.0,9.0
5140682,22.0,264.0,61.5,Female,4.0,798910.99,6.0,9.0
5448791,18.0,225.0,46.0,Male,2.0,67152.43,0.0,3.0
6182487,18.0,219.0,56.5,Male,4.0,262136.73,3.0,6.0
988731,18.0,216.0,67.5,Female,4.0,414910.26,3.0,6.0
1702643,16.0,203.0,62.0,Female,2.0,174035.44,1.0,4.0
4754082,11.0,132.0,59.5,Female,2.0,34560.32,1.0,4.0
2181079,6.0,72.0,67.5,Unknown,2.0,42737.65,6.0,9.0
4266195,14.0,172.0,66.0,Male,2.0,40522.03,3.0,6.0
4260291,19.0,239.0,60.0,Male,2.0,126527.04,1.0,4.0
5049742,11.0,142.0,32.5,Male,2.0,36999.9,6.0,9.0
5434444,6.0,81.0,24.5,Unknown,2.0,45087.05,4.0,7.0
2615545,7.0,87.0,24.0,Unknown,3.0,94428.84,6.0,9.0
5732457,6.0,74.0,65.5,Unknown,2.0,64565.52,2.0,5.0
2984964,15.0,183.0,67.5,Female,2.0,31383.58,2.0,5.0
2003392,12.0,144.0,29.5,Male,3.0,327836.15,4.0,7.0
9384691,4.0,59.0,63.5,Unknown,2.0,47999.14,2.0,5.0
9640857,15.0,184.0,32.0,Male,3.0,268260.22,6.0,9.0
9137772,5.0,71.0,65.0,Unknown,2.0,33937.46,1.0,5.0
4684892,8.0,96.0,30.5,Unknown,2.0,31363.44,5.0,8.0
2317232,6.0,78.0,63.5,Unknown,2.0,97325.03,3.0,6.0
3387907,12.0,155.0,67.5,Male,2.0,401350.34,6.0,9.0
8662051,7.0,95.0,39.5,Unknown,2.0,32708.86,0.0,3.0
3689957,10.0,130.0,66.5,Female,2.0,26433.01,1.0,4.0
4205714,33.0,400.0,68.5,Unknown,2.0,231211.86,1.0,4.0
1643543,11.0,139.0,54.0,Male,2.0,92645.24,2.0,5.0
7101073,13.0,156.0,44.0,Male,2.0,44506.48,4.0,7.0
6542287,12.0,144.0,37.5,Male,2.0,39755.49,3.0,6.0
8557304,3.0,46.0,26.0,Unknown,3.0,230612.09000000003,1.0,4.0
1041929,24.0,289.0,78.0,Female,2.0,557952.02,6.0,9.0
5642208,16.0,194.0,38.5,Male,2.0,804704.17,6.0,9.0
4395855,16.0,203.0,37.0,Female,2.0,27484.09,0.0,3.0
6144736,14.0,169.0,54.0,Female,2.0,206316.43,0.0,3.0
6693817,7.0,86.0,53.5,Unknown,3.0,120807.85,6.0,9.0
41199,6.0,73.0,54.5,Male,2.0,377373.55,4.0,7.0
6613304,11.0,142.0,53.0,Male,2.0,26078.19,2.0,5.0
7974036,4.0,58.0,25.5,Unknown,2.0,54468.07,3.0,6.0
6611240,4.0,54.0,36.0,Unknown,2.0,73748.04000000001,3.0,6.0
7127835,15.0,181.0,73.0,Female,2.0,173723.97999999998,6.0,9.0
5279330,6.0,83.0,30.5,Unknown,2.0,52293.74,6.0,9.0
287010,5.0,71.0,60.5,Unknown,2.0,62264.03,3.0,6.0
2493350,6.0,82.0,56.0,Unknown,2.0,47751.88,0.0,3.0
4972602,10.0,123.0,47.0,Male,2.0,25213.92,1.0,4.0
8964020,14.0,173.0,60.0,Female,2.0,28366.89,1.0,4.0
8905961,11.0,133.0,61.5,Male,2.0,518707.01,0.0,3.0
3910595,9.0,117.0,31.0,Unknown,2.0,33082.32,0.0,3.0
8076682,28.0,339.0,23.5,Male,3.0,46717.72,5.0,8.0
8548134,4.0,57.0,21.5,Unknown,2.0,25033.0,5.0,8.0
7048091,14.0,169.0,36.0,Male,3.0,71627.47,3.0,6.0
844566,13.0,161.0,25.5,Male,2.0,95703.24,1.0,4.0
5617888,11.0,142.0,32.0,Male,2.0,42523.53,0.0,3.0
4689383,13.0,165.0,58.0,Male,2.0,60475.07,3.0,6.0
4000639,22.0,265.0,49.5,Male,2.0,66991.14,1.0,4.0
9130771,21.0,260.0,56.0,Male,2.0,35140.81,4.0,7.0
9592984,20.0,247.0,65.0,Male,3.0,628073.5,6.0,9.0
7913092,17.0,206.0,47.0,Male,2.0,68318.54999999999,0.0,3.0
7063316,17.0,207.0,73.0,Male,2.0,311970.77,5.0,8.0
5493875,24.0,292.0,71.0,Female,2.0,328753.98,2.0,5.0
2291989,4.0,58.0,30.5,Unknown,2.0,25732.23,2.0,5.0
1001161,16.0,194.0,58.5,Female,2.0,56853.17,6.0,9.0
4219577,20.0,240.0,59.0,Female,2.0,39056.57,6.0,9.0
7000141,21.0,255.0,54.5,Male,3.0,271691.91,5.0,8.0
3443904,8.0,106.0,62.5,Female,2.0,66120.70999999999,0.0,3.0
5636748,10.0,130.0,31.0,Male,2.0,62567.58,6.0,9.0
3517625,9.0,113.0,31.5,Female,3.0,62316.41,6.0,9.0
1247788,23.0,282.0,38.0,Male,2.0,29295.92,6.0,9.0
9618925,11.0,139.0,59.0,Female,2.0,66398.20999999999,4.0,7.0
9429926,5.0,67.0,19.0,Unknown,2.0,27127.3,2.0,5.0
624766,14.0,175.0,66.5,Female,2.0,60785.79,4.0,7.0
2555138,12.0,154.0,51.0,Female,2.0,113135.06,6.0,9.0
4600257,4.0,57.0,56.5,Unknown,2.0,460384.44,5.0,8.0
4848572,8.0,99.0,33.0,Unknown,2.0,241960.09000000003,6.0,9.0
1304930,5.0,61.0,31.0,Unknown,3.0,33928.759999999995,5.0,8.0
7855973,15.0,190.0,48.0,Male,2.0,117734.4,0.0,3.0
2448942,27.0,324.0,72.5,Male,2.0,93080.86,1.0,4.0
5151853,5.0,60.0,19.0,Unknown,2.0,30323.7,3.0,6.0
7316903,27.0,332.0,55.0,Male,2.0,500377.83,6.0,9.0
4525489,22.0,272.0,68.5,Female,2.0,94111.43,5.0,9.0
985864,6.0,82.0,25.0,Female,2.0,59076.05,2.0,5.0
5303283,13.0,167.0,54.5,Male,2.0,50091.37,0.0,3.0
5702891,5.0,67.0,26.0,Unknown,2.0,31522.96,1.0,4.0
9797718,12.0,155.0,33.0,Female,2.0,49801.87,2.0,5.0
35257,7.0,85.0,32.5,Unknown,2.0,60991.71,2.0,5.0
4575119,28.0,339.0,83.0,Male,2.0,444870.21,0.0,3.0
3587475,6.0,82.0,42.0,Unknown,2.0,37551.86,1.0,4.0
3547029,16.0,194.0,24.5,Unknown,2.0,30486.52,3.0,6.0
5635140,14.0,169.0,58.0,Female,2.0,192355.25,5.0,8.0
2852661,4.0,52.0,72.0,Unknown,2.0,35284.04,0.0,3.0
8274083,15.0,189.0,50.0,Male,2.0,304493.68,2.0,5.0
3877234,4.0,55.0,20.0,Unknown,3.0,30410.54,5.0,8.0
133096,8.0,103.0,43.5,Unknown,2.0,42900.22,1.0,4.0
5274100,6.0,75.0,61.5,Unknown,2.0,48963.69,1.0,4.0
7886203,32.0,389.0,70.5,Male,4.0,953771.45,6.0,9.0
5323176,14.0,172.0,46.0,Female,2.0,190165.3,3.0,6.0
1116381,7.0,85.0,46.5,Female,2.0,53134.82,1.0,4.0
9152586,15.0,190.0,39.5,Female,2.0,107758.91,3.0,6.0
3899244,27.0,331.0,25.5,Female,2.0,49540.98,0.0,3.0
9286207,7.0,84.0,28.5,Unknown,2.0,76116.48999999999,6.0,9.0
4695496,9.0,118.0,58.5,Male,2.0,111019.7,1.0,4.0
4780263,13.0,161.0,40.5,Male,2.0,30188.48,2.0,5.0
7177558,7.0,95.0,24.5,Unknown,2.0,30713.49,1.0,4.0
1325996,12.0,152.0,31.5,Male,2.0,83395.5,2.0,5.0
2274696,21.0,253.0,62.5,Male,3.0,132400.19,6.0,9.0
66543,22.0,272.0,65.0,Female,2.0,49652.73,4.0,7.0
7976421,22.0,266.0,42.0,Female,4.0,163513.18,5.0,8.0
7570937,22.0,265.0,59.5,Male,2.0,52208.92999999999,3.0,6.0
3208099,21.0,262.0,66.0,Male,3.0,56375.13,5.0,8.0
5795046,20.0,250.0,57.5,Male,2.0,34260.09,4.0,7.0
4879920,23.0,287.0,68.0,Female,3.0,86178.45,2.0,5.0
813789,20.0,247.0,57.0,Unknown,2.0,68121.67,0.0,3.0
9128690,28.0,343.0,65.5,Female,2.0,263447.85,0.0,3.0
5026090,19.0,238.0,64.5,Male,2.0,203494.42,6.0,9.0
6537286,19.0,236.0,75.5,Male,2.0,122820.62,3.0,6.0
6025873,19.0,228.0,54.5,Female,2.0,48615.19,2.0,5.0
649748,18.0,226.0,38.0,Female,2.0,69474.62,0.0,3.0
3356633,6.0,72.0,27.5,Unknown,2.0,56123.78,4.0,7.0
7824092,5.0,69.0,33.0,Unknown,2.0,50600.97,1.0,4.0
7517296,11.0,139.0,50.0,Male,2.0,212170.95,4.0,7.0
2117625,9.0,109.0,29.5,Female,2.0,42200.59,6.0,9.0
322453,30.0,368.0,59.5,Female,2.0,95165.56,4.0,7.0
3819775,13.0,167.0,52.0,Female,2.0,337983.16,0.0,3.0
5852070,14.0,179.0,65.5,Male,3.0,2591321.48,4.0,7.0
391817,7.0,94.0,32.5,Unknown,2.0,76955.70999999999,0.0,3.0
4631757,6.0,72.0,26.0,Unknown,2.0,55357.19,1.0,4.0
4717869,8.0,101.0,31.5,Unknown,2.0,38202.11,0.0,3.0
1652493,6.0,73.0,25.0,Unknown,2.0,55590.98,1.0,4.0
9667620,7.0,84.0,57.0,Female,3.0,432874.23,2.0,5.0
1369223,7.0,90.0,49.5,Unknown,2.0,174579.36,1.0,4.0
9575576,7.0,90.0,27.5,Unknown,2.0,35131.99,6.0,9.0
9497286,9.0,108.0,33.0,Male,2.0,31522.03,6.0,9.0
6859965,8.0,106.0,32.0,Female,2.0,74267.06,2.0,5.0
2952729,5.0,71.0,42.0,Unknown,2.0,59012.45,0.0,3.0
497986,11.0,139.0,39.0,Female,2.0,254379.79,2.0,5.0
5647396,4.0,57.0,33.0,Male,2.0,48297.06,4.0,7.0
8398285,5.0,70.0,52.0,Unknown,2.0,55728.42999999999,0.0,3.0
7104158,11.0,141.0,49.0,Male,2.0,156537.65000000002,3.0,7.0
5609544,19.0,237.0,62.5,Female,2.0,48506.32,0.0,3.0
3130099,13.0,166.0,47.5,Female,2.0,49619.36,5.0,8.0
8239217,5.0,70.0,48.5,Female,2.0,29525.59,1.0,4.0
3500934,14.0,169.0,67.0,Male,2.0,31349.08,0.0,3.0
5629703,12.0,154.0,36.5,Female,3.0,172024.11,6.0,9.0
1815591,5.0,65.0,58.0,Female,2.0,92201.58,2.0,5.0
1416615,13.0,166.0,36.5,Male,3.0,55074.77,6.0,9.0
8716367,13.0,156.0,50.5,Male,2.0,79648.87,4.0,7.0
1747920,12.0,144.0,51.0,Male,2.0,27843.57,3.0,6.0
798874,6.0,82.0,20.0,Unknown,2.0,26016.54,5.0,8.0
7746054,14.0,171.0,57.5,Female,2.0,156754.96999999997,3.0,6.0
1475087,19.0,234.0,57.0,Male,3.0,204622.62,3.0,6.0
7663843,15.0,191.0,59.5,Male,3.0,93107.31,6.0,9.0
4652102,8.0,105.0,28.5,Unknown,3.0,44955.92,6.0,9.0
8988421,4.0,56.0,65.0,Unknown,2.0,638836.38,0.0,3.0
9535364,22.0,265.0,57.5,Male,3.0,373950.79,6.0,9.0
9991468,21.0,253.0,65.0,Female,2.0,1397176.3299999998,3.0,6.0
6242999,20.0,242.0,53.0,Male,2.0,160587.38,2.0,5.0
1381043,19.0,239.0,68.5,Male,3.0,84357.09,6.0,9.0
5572544,19.0,232.0,37.5,Male,4.0,494698.97,4.0,7.0
5688575,19.0,232.0,35.0,Male,3.0,388038.39,6.0,9.0
8003457,18.0,216.0,52.0,Male,2.0,136049.15,1.0,4.0
6006542,13.0,166.0,59.5,Female,3.0,168308.27000000002,3.0,6.0
8245214,9.0,109.0,34.5,Male,2.0,94832.15,5.0,8.0
8003993,9.0,114.0,55.5,Unknown,2.0,61961.09,1.0,4.0
1711882,13.0,162.0,56.0,Male,2.0,38882.68,5.0,8.0
9305525,9.0,119.0,65.0,Female,2.0,35601.89,3.0,6.0
3456911,11.0,135.0,62.0,Male,2.0,112973.87,6.0,9.0
3091387,15.0,189.0,70.5,Female,2.0,85263.43,6.0,9.0
462526,12.0,154.0,25.5,Male,2.0,31481.63,6.0,9.0
8510954,31.0,379.0,65.5,Male,2.0,31383.87,1.0,4.0
913704,9.0,118.0,64.0,Female,2.0,382688.8,6.0,9.0
358970,14.0,172.0,43.0,Female,2.0,844800.9700000001,6.0,9.0
8869453,7.0,86.0,61.5,Unknown,2.0,57143.54,4.0,7.0
4389678,6.0,74.0,66.0,Unknown,2.0,38566.08,1.0,4.0
7522017,16.0,201.0,50.0,Male,2.0,231826.68,5.0,8.0
9779270,5.0,70.0,44.5,Unknown,2.0,38042.44,6.0,9.0
2889049,13.0,163.0,51.5,Female,3.0,186162.66,6.0,9.0
8544434,7.0,95.0,38.5,Unknown,3.0,59436.93,0.0,3.0
1708667,16.0,203.0,67.0,Female,3.0,39764.17,3.0,6.0
9436371,14.0,175.0,43.0,Female,2.0,66804.57,5.0,8.0
5392133,7.0,94.0,44.5,Unknown,2.0,507944.24,3.0,6.0
5646570,12.0,152.0,56.0,Female,2.0,1330828.98,6.0,9.0
7820539,5.0,62.0,65.0,Unknown,2.0,134935.41,5.0,8.0
3488454,6.0,82.0,63.5,Unknown,2.0,76199.45,1.0,4.0
5061874,15.0,188.0,44.5,Male,2.0,59161.45,6.0,9.0
6767733,18.0,225.0,53.5,Female,2.0,126418.99,6.0,9.0
761733,5.0,69.0,58.0,Unknown,2.0,118207.1,4.0,7.0
1066894,7.0,93.0,32.0,Male,3.0,47479.87,3.0,6.0
1786799,5.0,71.0,67.0,Male,2.0,30474.6,6.0,9.0
741020,10.0,122.0,56.0,Female,3.0,133168.71,6.0,9.0
4280453,8.0,107.0,32.5,Male,2.0,79513.4,6.0,9.0
9481101,12.0,155.0,37.5,Female,2.0,52845.12,0.0,3.0
7950621,4.0,58.0,58.0,Unknown,2.0,30285.35,1.0,4.0
8421297,9.0,116.0,38.0,Male,2.0,36158.78,4.0,7.0
1189368,6.0,78.0,30.5,Unknown,3.0,29174.14,2.0,5.0
6061526,6.0,78.0,43.0,Unknown,2.0,62739.17,1.0,4.0
1428184,8.0,96.0,19.5,Unknown,3.0,35787.93,6.0,9.0
8269375,15.0,191.0,65.5,Female,2.0,62542.11,3.0,6.0
9978138,15.0,186.0,60.0,Male,2.0,26547.02,0.0,3.0
1952790,30.0,361.0,60.0,Female,4.0,1249006.0599999998,5.0,8.0
8435705,14.0,168.0,40.0,Male,2.0,47005.28,2.0,5.0
4629178,8.0,106.0,27.5,Female,2.0,61420.44,2.0,5.0
4722287,4.0,49.0,40.0,Unknown,2.0,67981.51999999999,6.0,9.0
9938114,4.0,59.0,27.0,Unknown,2.0,32205.69,1.0,4.0
1846569,18.0,219.0,68.0,Female,2.0,94726.23,5.0,8.0
3796660,28.0,339.0,61.5,Male,4.0,996408.45,6.0,9.0
3729033,10.0,121.0,44.0,Male,2.0,42639.99,0.0,3.0
9285944,26.0,323.0,48.5,Female,2.0,77717.78,3.0,6.0
6864702,24.0,289.0,76.0,Male,3.0,635961.15,0.0,3.0
4420194,23.0,286.0,61.5,Female,4.0,262678.67,6.0,9.0
8247591,23.0,277.0,37.5,Female,2.0,39128.23,1.0,4.0
5148739,22.0,268.0,56.0,Male,2.0,50054.87,0.0,3.0
9714870,21.0,253.0,64.0,Female,2.0,37120.17,2.0,5.0
517642,25.0,311.0,73.0,Female,2.0,383382.33,5.0,8.0
8355499,20.0,245.0,62.0,Female,2.0,31945.08,6.0,9.0
663873,18.0,222.0,48.5,Female,2.0,773225.76,3.0,6.0
8329247,20.0,251.0,42.0,Male,2.0,72726.79999999999,3.0,6.0
7246240,16.0,194.0,44.0,Female,3.0,45687.0,4.0,7.0
6657052,32.0,391.0,82.5,Male,3.0,371678.83,5.0,8.0
649624,10.0,131.0,67.5,Male,2.0,73606.86,6.0,9.0
2050197,14.0,174.0,17.5,Female,3.0,87397.34,3.0,6.0
5184648,7.0,88.0,61.5,Unknown,2.0,66276.28,4.0,7.0
2523775,5.0,66.0,28.0,Unknown,2.0,50914.42999999999,1.0,4.0
5731006,15.0,181.0,68.5,Female,3.0,448763.31,6.0,9.0
672644,6.0,82.0,27.5,Unknown,2.0,40745.41,0.0,3.0
794595,5.0,67.0,55.0,Unknown,2.0,78847.11,0.0,3.0
6246059,13.0,156.0,72.0,Male,2.0,40784.8,6.0,9.0
1999245,12.0,155.0,35.0,Female,2.0,60209.84,2.0,5.0
9789864,13.0,166.0,37.0,Female,2.0,35276.83,2.0,5.0
430868,6.0,81.0,56.0,Unknown,2.0,171098.69,4.0,7.0
1972168,14.0,179.0,30.5,Female,2.0,24350.27,0.0,3.0
1502583,8.0,107.0,30.0,Male,3.0,55650.13,0.0,3.0
794980,8.0,105.0,40.0,Male,2.0,49673.73,5.0,8.0
9308831,13.0,160.0,47.5,Male,2.0,28573.35,0.0,3.0
8240516,12.0,155.0,28.0,Female,2.0,48429.65,4.0,7.0
5390617,27.0,331.0,31.5,Female,3.0,71087.18,1.0,4.0
3332531,26.0,313.0,41.5,Female,2.0,40956.9,0.0,3.0
4853518,5.0,71.0,53.5,Unknown,2.0,61152.34,4.0,7.0
6345665,4.0,59.0,59.5,Unknown,2.0,32571.97,3.0,6.0
9736915,4.0,59.0,47.5,Unknown,2.0,53317.01,4.0,7.0
2069447,6.0,83.0,24.5,Unknown,2.0,25938.46,0.0,3.0
2883168,8.0,107.0,59.5,Male,2.0,313387.38,6.0,9.0
3556393,19.0,232.0,61.5,Male,2.0,123420.88,6.0,9.0
8835280,15.0,185.0,78.5,Male,2.0,43907.42999999999,1.0,4.0
1040471,9.0,110.0,61.0,Female,2.0,32987.66,0.0,3.0
6877670,15.0,185.0,22.0,Female,2.0,31422.57,1.0,4.0
7344378,8.0,105.0,32.0,Female,2.0,29888.9,0.0,3.0
7356967,16.0,198.0,38.0,Female,2.0,32828.53,0.0,3.0
7420672,21.0,261.0,62.5,Female,2.0,101644.84,0.0,3.0
5145425,12.0,149.0,54.0,Female,2.0,47243.64,3.0,6.0
2179998,10.0,128.0,57.0,Male,2.0,192287.7,1.0,4.0
2007964,7.0,91.0,51.5,Unknown,2.0,62483.64,0.0,3.0
8412814,18.0,220.0,48.0,Male,3.0,66847.51999999999,4.0,9.0
5556865,4.0,58.0,25.5,Unknown,3.0,42602.86,0.0,3.0
9868880,10.0,131.0,69.5,Female,3.0,63177.76,2.0,5.0
3117497,7.0,90.0,43.5,Unknown,2.0,359050.2,5.0,8.0
6199973,25.0,300.0,66.5,Male,3.0,142221.96,3.0,6.0
4219095,24.0,294.0,46.5,Female,2.0,70817.67,0.0,4.0
7464811,23.0,285.0,69.0,Male,3.0,468524.65,5.0,8.0
8654936,22.0,275.0,55.0,Female,2.0,1777799.35,6.0,9.0
783094,21.0,252.0,54.5,Male,3.0,67219.70999999999,6.0,9.0
9938104,20.0,251.0,58.5,Unknown,4.0,416575.09,5.0,8.0
432607,20.0,248.0,35.0,Female,2.0,37684.63,0.0,3.0
2307211,20.0,241.0,30.5,Female,2.0,114518.45,2.0,5.0
4716938,19.0,237.0,67.0,Female,2.0,35948.94,0.0,3.0
5497143,18.0,217.0,57.0,Female,2.0,111415.54,2.0,5.0
6428469,16.0,192.0,32.5,Female,2.0,27900.24,0.0,3.0
7310017,6.0,83.0,30.0,Unknown,2.0,217933.84000000003,6.0,9.0
905694,6.0,76.0,23.5,Unknown,2.0,32558.67,6.0,9.0
6464993,5.0,63.0,56.0,Male,2.0,64845.81,6.0,9.0
1229361,9.0,114.0,63.5,Male,4.0,895939.8300000001,4.0,7.0
9818807,6.0,73.0,27.5,Female,2.0,27568.4,2.0,5.0
5227876,28.0,338.0,64.5,Male,2.0,150136.16,6.0,9.0
9225164,6.0,72.0,45.0,Female,2.0,26260.49,0.0,3.0
9933766,13.0,158.0,31.5,Female,2.0,107627.22,5.0,8.0
4921506,16.0,194.0,60.5,Female,2.0,352048.03,6.0,9.0
7878313,17.0,213.0,52.0,Male,2.0,31375.75,3.0,6.0
3006177,7.0,84.0,29.5,Unknown,2.0,65042.84,5.0,8.0
4498925,15.0,186.0,53.5,Male,2.0,24445.43,2.0,5.0
1886144,6.0,77.0,32.5,Unknown,2.0,61319.04,3.0,6.0
3802316,12.0,155.0,34.5,Female,3.0,30284.38,0.0,3.0
6138455,5.0,65.0,73.0,Unknown,2.0,35167.29,2.0,5.0
3725702,6.0,72.0,58.5,Unknown,2.0,63541.45,6.0,9.0
8898657,8.0,96.0,37.5,Male,2.0,75995.08,6.0,9.0
7872500,4.0,52.0,28.0,Female,3.0,44767.49,6.0,9.0
2203401,19.0,235.0,50.0,Female,3.0,86296.4,6.0,9.0
9621207,7.0,94.0,67.0,Unknown,2.0,43220.63,0.0,3.0
3573345,10.0,127.0,29.5,Female,2.0,60414.7,6.0,9.0
4783896,12.0,152.0,35.0,Female,2.0,507705.99,0.0,3.0
2065024,7.0,88.0,31.0,Unknown,2.0,78834.43,4.0,8.0
253977,5.0,71.0,62.5,Unknown,3.0,321123.87,4.0,7.0
3665536,15.0,183.0,57.0,Male,2.0,272291.01,2.0,5.0
2110308,6.0,82.0,33.0,Unknown,2.0,65229.37,6.0,9.0
8426255,8.0,105.0,35.0,Female,2.0,25597.21,0.0,3.0
4237084,6.0,77.0,29.0,Unknown,2.0,27410.63,3.0,6.0
7656956,4.0,58.0,57.5,Unknown,2.0,43561.7,0.0,3.0
4664662,9.0,110.0,27.5,Male,3.0,49694.53,6.0,9.0
6032786,5.0,60.0,35.0,Unknown,2.0,47410.22,1.0,4.0
9854179,15.0,180.0,31.5,Male,2.0,100096.68,1.0,4.0
1441674,4.0,58.0,23.5,Unknown,2.0,60105.14,5.0,8.0
940136,5.0,63.0,61.5,Male,3.0,637829.15,6.0,9.0
1649876,6.0,78.0,53.5,Unknown,2.0,32027.3,5.0,8.0
6549579,6.0,78.0,23.5,Unknown,2.0,40596.87,6.0,9.0
1712929,11.0,139.0,31.5,Female,3.0,56127.44,1.0,4.0
3428507,4.0,57.0,52.0,Unknown,2.0,493014.04,6.0,9.0
5598121,7.0,84.0,61.5,Unknown,2.0,33576.77,3.0,6.0
9972610,14.0,178.0,42.5,Female,2.0,112994.85,0.0,3.0
4308297,19.0,231.0,72.5,Male,2.0,134666.88,5.0,8.0
1747803,8.0,105.0,77.5,Male,2.0,120389.39,1.0,4.0
5251076,8.0,103.0,55.5,Unknown,2.0,96275.71,0.0,3.0
8080256,27.0,329.0,25.5,Male,2.0,26031.23,4.0,7.0
2835195,12.0,147.0,54.0,Female,2.0,261426.4,2.0,5.0
5096365,5.0,71.0,49.0,Unknown,2.0,28179.73,0.0,3.0
6530650,6.0,79.0,47.0,Unknown,2.0,76012.98,0.0,3.0
8559431,15.0,189.0,50.0,Male,2.0,567591.9800000001,4.0,7.0
8689204,5.0,61.0,23.0,Unknown,2.0,26418.97,0.0,3.0
3685917,16.0,195.0,54.0,Female,2.0,69609.94,6.0,9.0
5946442,8.0,107.0,75.5,Female,2.0,30920.71,4.0,7.0
7543100,8.0,101.0,41.0,Unknown,2.0,24929.98,2.0,5.0
4702480,7.0,84.0,34.0,Unknown,2.0,44033.11,0.0,3.0
3322048,7.0,92.0,57.5,Male,2.0,99749.36,5.0,8.0
1755878,21.0,263.0,43.0,Male,2.0,41931.23,4.0,7.0
824914,21.0,263.0,26.5,Female,3.0,49514.41,6.0,9.0
475350,21.0,260.0,24.5,Male,2.0,62455.3,6.0,9.0
26696,29.0,352.0,59.0,Male,4.0,548368.8,5.0,8.0
7764616,19.0,231.0,49.5,Female,2.0,71808.14,4.0,7.0
5994068,17.0,210.0,50.5,Female,2.0,153086.63,3.0,6.0
1287116,7.0,95.0,67.0,Unknown,2.0,188382.92,2.0,5.0
9077159,9.0,113.0,48.0,Male,2.0,52164.85,5.0,8.0
1675211,14.0,177.0,52.5,Female,2.0,87894.59,6.0,9.0
4299122,8.0,98.0,61.0,Female,2.0,64826.71,2.0,5.0
9841587,23.0,276.0,66.5,Male,3.0,334807.0,3.0,6.0
7742331,13.0,166.0,52.0,Male,2.0,189250.97,3.0,6.0
7626686,11.0,139.0,55.5,Female,2.0,272313.21,2.0,5.0
3574479,11.0,143.0,65.0,Male,2.0,333980.23,2.0,6.0
3081692,17.0,204.0,78.5,Male,2.0,74798.47,0.0,3.0
1659638,29.0,350.0,52.5,Female,2.0,75542.07,1.0,4.0
678792,11.0,140.0,64.5,Male,2.0,32716.73,3.0,6.0
317438,26.0,322.0,60.0,Female,2.0,50481.52,1.0,4.0
8464036,9.0,110.0,44.0,Male,2.0,44743.1,3.0,6.0
6600659,6.0,75.0,28.0,Unknown,2.0,54033.3,4.0,7.0
8832552,15.0,183.0,55.5,Female,2.0,162134.57,6.0,9.0
6958749,5.0,66.0,62.0,Female,2.0,286172.29,1.0,4.0
3402480,15.0,190.0,46.5,Female,2.0,26358.61,2.0,5.0
4870438,9.0,118.0,39.5,Male,2.0,72455.17,1.0,4.0
7420809,5.0,61.0,23.0,Male,2.0,46064.53999999999,4.0,7.0
9691978,10.0,124.0,42.5,Female,2.0,80723.76999999999,2.0,5.0
6092269,7.0,94.0,28.5,Unknown,2.0,30777.18,1.0,4.0
8414396,17.0,209.0,52.0,Male,3.0,53367.17,2.0,5.0
6118016,13.0,160.0,33.5,Female,2.0,29530.58,2.0,5.0
2687189,8.0,101.0,41.5,Unknown,2.0,163969.64,6.0,9.0
8476559,12.0,147.0,41.5,Female,2.0,121714.87,0.0,3.0
7000685,13.0,167.0,36.0,Male,2.0,38972.55,6.0,9.0
4074599,14.0,178.0,63.5,Male,2.0,157459.97999999998,1.0,4.0
9377390,4.0,57.0,41.0,Unknown,2.0,44034.75,4.0,7.0
5880336,3.0,45.0,22.0,Unknown,3.0,44267.17,6.0,9.0
9166491,6.0,76.0,38.0,Unknown,2.0,25816.95,0.0,3.0
4877963,6.0,73.0,58.5,Unknown,2.0,42301.46,5.0,8.0
1830719,5.0,71.0,43.0,Unknown,2.0,45966.7,0.0,3.0
3681410,11.0,140.0,27.5,Male,3.0,110121.17,6.0,9.0
1340954,7.0,95.0,27.0,Unknown,3.0,57825.38,3.0,6.0
9660917,16.0,192.0,38.0,Female,3.0,36459.01,0.0,3.0
3707510,5.0,64.0,27.5,Unknown,3.0,66145.68,4.0,7.0
5902055,7.0,85.0,55.0,Unknown,2.0,37863.44,6.0,9.0
1245483,13.0,163.0,49.0,Female,2.0,66167.03,3.0,6.0
4428861,27.0,334.0,67.0,Female,2.0,33685.149999999994,5.0,8.0
7504425,5.0,67.0,49.5,Female,2.0,68160.93,0.0,3.0
4565738,14.0,174.0,60.5,Female,2.0,38229.15,0.0,3.0
7733227,9.0,119.0,57.5,Male,2.0,34359.52,6.0,9.0
8039730,15.0,182.0,68.0,Male,2.0,858972.9800000001,5.0,8.0
3736183,12.0,144.0,64.0,Male,2.0,68341.28,2.0,5.0
8186151,4.0,54.0,21.5,Unknown,2.0,44039.65,2.0,5.0
89812,16.0,200.0,49.0,Male,2.0,32609.05,5.0,8.0
9278876,5.0,62.0,27.5,Unknown,2.0,26742.69,6.0,9.0
8124604,15.0,188.0,78.0,Male,2.0,60527.32,1.0,4.0
9022566,7.0,95.0,32.5,Unknown,2.0,62748.81,2.0,5.0
3612916,14.0,169.0,47.0,Female,3.0,63803.17,1.0,4.0
2572100,4.0,59.0,57.5,Unknown,2.0,38647.08,6.0,9.0
9239536,24.0,299.0,50.5,Female,2.0,72348.84,5.0,8.0
7254866,21.0,263.0,53.5,Female,3.0,63842.2,3.0,6.0
6279664,20.0,250.0,62.0,Male,3.0,1068460.11,6.0,9.0
9659516,18.0,222.0,75.0,Female,2.0,221448.12,3.0,6.0
6836915,18.0,216.0,57.5,Male,3.0,1225230.12,6.0,9.0
7797013,19.0,233.0,73.5,Female,2.0,85166.42,4.0,7.0
6032386,17.0,209.0,30.0,Female,2.0,31522.62,4.0,7.0
8457927,9.0,110.0,36.5,Male,2.0,38515.44,1.0,4.0
2192044,16.0,192.0,61.5,Male,2.0,167456.96000000002,3.0,6.0
3250358,10.0,120.0,34.0,Female,3.0,271956.06,6.0,9.0
9277302,5.0,68.0,75.0,Male,2.0,487152.93,6.0,9.0
3573937,6.0,80.0,55.0,Unknown,2.0,72220.98,2.0,5.0
598097,12.0,151.0,60.0,Female,2.0,72218.79000000001,2.0,5.0
3073670,5.0,70.0,45.5,Unknown,2.0,52192.86,0.0,3.0
7857646,16.0,203.0,51.0,Male,2.0,50392.34,2.0,5.0
1711166,6.0,75.0,70.0,Unknown,3.0,203622.89,5.0,8.0
53094,7.0,84.0,29.5,Unknown,2.0,58994.77,0.0,3.0
7949709,9.0,113.0,52.5,Female,2.0,41625.82,5.0,8.0
3206026,10.0,123.0,53.0,Female,2.0,172541.52000000002,1.0,4.0
9748979,6.0,81.0,58.0,Unknown,2.0,345009.56,2.0,5.0
1582373,29.0,357.0,25.0,Female,2.0,38058.12,3.0,6.0
5625180,4.0,58.0,55.0,Unknown,3.0,52037.14,1.0,4.0
1264342,15.0,190.0,51.5,Male,2.0,669949.2200000001,6.0,9.0
6519269,8.0,96.0,64.0,Unknown,3.0,324940.4,4.0,8.0
2946499,15.0,189.0,68.0,Female,2.0,124544.93,0.0,3.0
8300238,7.0,94.0,68.0,Unknown,2.0,286893.81,6.0,9.0
2271678,5.0,71.0,46.0,Unknown,2.0,56968.63,3.0,6.0
7701830,14.0,168.0,55.5,Female,3.0,211688.69,6.0,9.0
3610837,16.0,194.0,25.5,Male,3.0,203029.09000000003,3.0,6.0
678560,18.0,227.0,43.0,Female,2.0,42822.92,6.0,9.0
4522046,5.0,70.0,52.5,Unknown,2.0,57994.65,0.0,3.0
8762335,8.0,99.0,43.5,Unknown,2.0,136868.78,6.0,9.0
5630898,14.0,174.0,58.5,Female,2.0,80494.93,2.0,5.0
3668557,14.0,177.0,65.5,Male,3.0,680971.9800000001,6.0,9.0
3740622,13.0,163.0,45.0,Male,2.0,38959.27,0.0,3.0
7783688,15.0,181.0,78.5,Female,2.0,66559.08,3.0,6.0
2983447,11.0,134.0,34.0,Male,2.0,117641.65,6.0,9.0
2313582,8.0,107.0,61.0,Unknown,2.0,74399.48999999999,0.0,3.0
5552032,9.0,108.0,29.5,Female,2.0,62216.09,1.0,4.0
3433215,11.0,139.0,45.0,Female,2.0,59900.91,1.0,4.0
8427350,6.0,75.0,61.0,Unknown,2.0,88294.70999999999,4.0,7.0
9109161,6.0,83.0,53.0,Unknown,2.0,35045.06,5.0,8.0
8537653,12.0,148.0,71.0,Female,2.0,197738.87,4.0,7.0
4619232,7.0,95.0,26.0,Unknown,2.0,230668.91,3.0,6.0
2996254,14.0,178.0,30.5,Male,2.0,74245.20999999999,3.0,6.0
2546247,10.0,123.0,39.5,Female,2.0,25013.07,6.0,9.0
4182475,23.0,276.0,48.0,Male,2.0,70333.07,1.0,5.0
2147436,25.0,307.0,61.5,Male,2.0,73016.43,0.0,3.0
2673440,23.0,276.0,58.0,Female,2.0,350433.19,6.0,9.0
8497136,22.0,271.0,58.5,Male,3.0,748911.6900000001,6.0,9.0
5914420,40.0,482.0,48.0,Unknown,2.0,1246088.51,5.0,8.0
2454994,21.0,263.0,70.0,Female,2.0,121532.54,4.0,7.0
8339419,21.0,253.0,30.0,Female,2.0,33979.39,6.0,9.0
9250788,21.0,254.0,64.0,Female,3.0,110656.26,6.0,9.0
1214272,17.0,208.0,36.0,Male,2.0,161571.5,6.0,9.0
5400630,10.0,130.0,41.0,Male,2.0,38702.09,1.0,4.0
6678840,5.0,70.0,51.0,Unknown,2.0,56485.22,0.0,3.0
7297106,6.0,79.0,24.0,Unknown,3.0,77541.11,6.0,9.0
535273,7.0,84.0,40.5,Unknown,3.0,54641.76,6.0,9.0
8198551,5.0,60.0,56.0,Unknown,2.0,31227.83,1.0,4.0
2875143,6.0,73.0,28.5,Unknown,2.0,54292.98,6.0,9.0
7709064,4.0,58.0,45.5,Unknown,2.0,30569.72,3.0,6.0
9356541,7.0,91.0,26.0,Unknown,2.0,29851.46,0.0,3.0
9222139,8.0,106.0,59.5,Male,2.0,79992.35,3.0,6.0
3908768,27.0,325.0,50.5,Male,3.0,1347977.75,6.0,9.0
7961770,5.0,71.0,24.0,Unknown,4.0,94766.26,3.0,6.0
1991753,6.0,73.0,32.5,Unknown,2.0,54133.8,5.0,8.0
6259757,6.0,80.0,24.0,Unknown,4.0,182086.92,6.0,9.0
7286667,15.0,190.0,72.0,Male,2.0,256817.56,4.0,7.0
9038964,6.0,81.0,51.5,Unknown,2.0,144952.05,0.0,3.0
760016,16.0,197.0,67.5,Female,2.0,104602.78,0.0,3.0
7389656,7.0,94.0,29.0,Unknown,2.0,27704.7,3.0,6.0
7354030,6.0,83.0,58.0,Unknown,2.0,816874.3200000001,6.0,9.0
9990452,27.0,335.0,35.5,Male,3.0,4607206.68,5.0,8.0
2373602,14.0,169.0,40.0,Unknown,3.0,138286.41,1.0,4.0
784015,15.0,191.0,54.0,Female,2.0,268056.14,4.0,7.0
3589777,5.0,69.0,27.5,Unknown,2.0,54861.72,3.0,6.0
148099,5.0,67.0,29.5,Unknown,2.0,70876.11,1.0,4.0
4103879,15.0,190.0,44.5,Female,2.0,60751.47,1.0,4.0
8000734,4.0,59.0,35.0,Male,2.0,31412.7,6.0,9.0
4570959,4.0,59.0,31.0,Unknown,3.0,78438.39,6.0,9.0
812775,7.0,95.0,26.0,Unknown,3.0,30767.04,0.0,3.0
5306046,13.0,166.0,31.5,Male,2.0,103831.33,0.0,3.0
3986211,7.0,92.0,39.5,Unknown,2.0,91739.64,6.0,9.0
301330,6.0,76.0,27.0,Unknown,2.0,42941.94,3.0,6.0
2457764,3.0,46.0,23.0,Female,2.0,26837.43,6.0,9.0
3782737,3.0,47.0,64.0,Unknown,2.0,33652.92,1.0,4.0
1966658,6.0,72.0,64.0,Unknown,2.0,67480.34,6.0,9.0
5167837,14.0,178.0,51.5,Female,3.0,35121.509999999995,0.0,3.0
3879712,7.0,86.0,56.0,Unknown,2.0,149709.02000000002,6.0,9.0
3127899,5.0,69.0,28.5,Unknown,4.0,238976.42,2.0,5.0
4787429,11.0,143.0,31.0,Male,2.0,115162.96,3.0,6.0
4072410,8.0,98.0,22.5,Unknown,2.0,63293.01,1.0,4.0
2162184,15.0,190.0,58.5,Female,2.0,38937.98,0.0,4.0
7510705,6.0,79.0,31.0,Unknown,3.0,118160.6,4.0,7.0
7366818,15.0,185.0,31.0,Male,2.0,103651.7,1.0,4.0
2035046,9.0,115.0,42.0,Male,2.0,54156.78,3.0,6.0
1020743,15.0,191.0,39.5,Male,3.0,844437.04,6.0,9.0
6750632,15.0,191.0,60.5,Female,2.0,559131.12,5.0,8.0
1682018,27.0,327.0,62.0,Male,2.0,25834.68,1.0,4.0
121238,7.0,87.0,29.5,Unknown,2.0,31603.84,1.0,4.0
1721140,12.0,154.0,50.0,Female,2.0,115386.4,4.0,7.0
5242744,11.0,143.0,54.0,Female,2.0,154209.33000000002,1.0,4.0
9091474,6.0,76.0,43.5,Unknown,2.0,44486.09,3.0,6.0
8173437,8.0,96.0,67.5,Unknown,3.0,40925.66,6.0,9.0
784980,4.0,57.0,26.0,Unknown,3.0,78958.34,6.0,9.0
5176155,15.0,180.0,30.5,Female,2.0,53865.89,1.0,4.0
9212898,6.0,83.0,25.0,Female,3.0,38622.06,3.0,6.0
5628478,19.0,238.0,48.5,Male,3.0,308941.6,5.0,8.0
5480608,7.0,95.0,53.5,Unknown,2.0,47368.78,0.0,3.0
9380808,6.0,79.0,51.0,Unknown,2.0,26570.73,2.0,5.0
4999834,13.0,165.0,86.0,Female,2.0,117132.07,0.0,3.0
2345989,7.0,94.0,42.5,Unknown,4.0,91194.03,4.0,7.0
5698733,13.0,166.0,57.0,Female,2.0,43098.24,0.0,3.0
9887430,14.0,174.0,42.0,Female,2.0,42362.72,1.0,4.0
5800414,12.0,144.0,29.5,Male,2.0,147441.82,4.0,7.0
4645328,6.0,77.0,33.5,Unknown,3.0,58571.81,4.0,7.0
4885405,13.0,157.0,58.0,Male,2.0,76857.73999999999,5.0,8.0
563419,15.0,181.0,33.5,Male,2.0,49288.11,6.0,9.0
1272601,11.0,141.0,40.0,Male,2.0,30395.07,2.0,5.0
4355879,12.0,147.0,39.5,Male,4.0,158936.15000000002,3.0,7.0
1110116,15.0,191.0,48.5,Male,3.0,54826.69,6.0,9.0
1229545,16.0,192.0,70.0,Male,2.0,52661.56,1.0,4.0
4604208,11.0,138.0,29.5,Male,4.0,92171.34,5.0,8.0
4608421,5.0,66.0,29.5,Unknown,2.0,157109.99,6.0,9.0
7415197,26.0,313.0,64.0,Male,2.0,25226.87,3.0,6.0
2445630,4.0,58.0,58.0,Unknown,2.0,24953.79,0.0,3.0
2288541,15.0,180.0,61.5,Male,3.0,338745.69,6.0,9.0
139808,15.0,180.0,69.5,Male,2.0,104189.58,6.0,9.0
9067031,10.0,131.0,63.5,Female,2.0,164535.2,1.0,4.0
6767637,6.0,80.0,55.5,Unknown,2.0,620151.64,6.0,9.0
3709078,7.0,91.0,21.5,Unknown,2.0,34501.36,2.0,5.0
9902877,6.0,77.0,53.0,Unknown,3.0,38672.84,4.0,7.0
1839525,7.0,94.0,41.0,Unknown,2.0,70317.76999999999,6.0,9.0
596352,6.0,77.0,58.5,Unknown,3.0,57525.94,6.0,9.0
7920525,13.0,157.0,61.0,Male,2.0,153836.61,1.0,5.0
3037617,9.0,108.0,51.5,Male,3.0,166458.21000000002,3.0,6.0
2608135,11.0,132.0,34.5,Male,3.0,301446.49,6.0,9.0
7558128,5.0,64.0,59.0,Male,2.0,553826.3400000001,1.0,4.0
687111,19.0,232.0,53.0,Female,2.0,156641.93,6.0,9.0
3368476,10.0,130.0,75.0,Male,2.0,649238.64,6.0,9.0
3119918,5.0,70.0,39.0,Unknown,2.0,31571.53,0.0,3.0
6727155,7.0,95.0,28.0,Unknown,2.0,39331.51,6.0,9.0
5397802,6.0,82.0,32.0,Unknown,3.0,37390.44,0.0,3.0
5725984,5.0,70.0,54.0,Unknown,2.0,37253.6,4.0,7.0
4056698,8.0,97.0,54.0,Unknown,2.0,89774.48,3.0,6.0
7034453,16.0,197.0,43.0,Female,2.0,29037.21,0.0,3.0
9917903,13.0,164.0,36.5,Male,2.0,40951.94,0.0,3.0
2497279,10.0,121.0,40.5,Female,2.0,41539.98,0.0,3.0
2335590,12.0,154.0,30.5,Female,2.0,123779.64,0.0,3.0
7574568,15.0,183.0,61.5,Female,2.0,170241.61,2.0,5.0
6518928,8.0,107.0,61.0,Female,2.0,38134.09,4.0,7.0
4558582,25.0,302.0,62.0,Female,2.0,69652.67,2.0,5.0
2082931,24.0,291.0,83.0,Female,2.0,100649.43,6.0,9.0
5554652,23.0,286.0,52.0,Male,2.0,31704.64,6.0,9.0
9744074,22.0,266.0,42.5,Female,2.0,34670.97,0.0,3.0
1468708,21.0,252.0,62.5,Male,2.0,225487.29,1.0,4.0
8849521,19.0,232.0,18.0,Unknown,2.0,34178.99,6.0,9.0
5891909,18.0,226.0,77.0,Female,2.0,56049.45,0.0,3.0
7761203,16.0,195.0,46.5,Male,2.0,32494.67,1.0,4.0
7294622,6.0,74.0,60.0,Unknown,2.0,41026.5,6.0,9.0
3228987,4.0,58.0,45.0,Unknown,2.0,84161.20999999999,2.0,5.0
8876452,9.0,114.0,25.0,Male,2.0,82999.81,6.0,9.0
139872,7.0,85.0,27.0,Unknown,2.0,52997.85,6.0,9.0
1258779,5.0,70.0,30.0,Unknown,2.0,57539.24,3.0,6.0
3095311,5.0,70.0,60.5,Unknown,2.0,39892.53,2.0,5.0
6791433,14.0,168.0,32.0,Female,2.0,32831.07,0.0,3.0
709919,8.0,107.0,59.5,Female,3.0,49930.25,6.0,9.0
4438307,6.0,74.0,38.0,Unknown,2.0,33051.43,1.0,4.0
8203675,5.0,70.0,39.0,Unknown,2.0,40653.66,4.0,7.0
7887170,4.0,57.0,53.0,Unknown,3.0,47578.7,3.0,6.0
5775773,14.0,168.0,37.0,Female,2.0,33998.93,1.0,4.0
1244717,14.0,176.0,58.5,Female,3.0,63282.69,1.0,4.0
396549,13.0,156.0,29.0,Male,2.0,29635.23,0.0,3.0
369940,14.0,171.0,33.5,Female,3.0,83753.79999999999,1.0,4.0
5104205,15.0,189.0,43.5,Male,2.0,82218.41,6.0,9.0
7215501,11.0,142.0,25.5,Female,2.0,46815.1,1.0,4.0
692204,5.0,69.0,22.0,Male,2.0,34577.119999999995,2.0,5.0
5124459,5.0,70.0,24.5,Unknown,2.0,49617.21,0.0,3.0
6597894,10.0,130.0,35.0,Female,2.0,42842.75,1.0,4.0
4766205,7.0,94.0,27.0,Unknown,2.0,53437.88,6.0,9.0
4343607,16.0,195.0,48.0,Male,2.0,130625.26,5.0,8.0
793989,16.0,193.0,38.5,Male,2.0,32413.36,0.0,3.0
9404528,15.0,189.0,36.5,Unknown,2.0,145503.14,6.0,9.0
2192199,10.0,128.0,48.0,Male,2.0,27547.58,1.0,4.0
8350244,13.0,166.0,43.5,Male,2.0,68204.23999999999,0.0,3.0
2080737,3.0,39.0,30.5,Unknown,2.0,83981.92,6.0,9.0
4806585,10.0,120.0,37.0,Female,3.0,52338.53999999999,2.0,5.0
7695417,5.0,60.0,54.0,Unknown,2.0,34487.74,2.0,5.0
217547,7.0,90.0,31.5,Male,3.0,32377.17,1.0,4.0
6595036,15.0,189.0,50.0,Male,2.0,29359.39,0.0,3.0
3120368,20.0,250.0,68.0,Female,2.0,381466.44,6.0,9.0
9708694,7.0,92.0,62.0,Unknown,2.0,110339.81,1.0,4.0
3006793,8.0,103.0,49.5,Unknown,2.0,71867.13,4.0,7.0
5772665,7.0,85.0,67.0,Unknown,3.0,194734.99,6.0,9.0
3423009,11.0,132.0,59.5,Male,2.0,28014.91,6.0,9.0
5909877,8.0,107.0,64.5,Male,2.0,82868.76,1.0,4.0
4233642,8.0,106.0,68.0,Male,2.0,67518.86,3.0,6.0
2057858,15.0,191.0,73.5,Female,2.0,110751.56,5.0,8.0
3244142,13.0,166.0,55.5,Female,2.0,141413.66999999998,6.0,9.0
2183091,11.0,142.0,58.0,Male,2.0,108434.17,1.0,4.0
9362735,13.0,157.0,56.0,Female,2.0,37919.44,6.0,9.0
2639770,6.0,74.0,53.5,Unknown,2.0,37667.77,1.0,4.0
8381398,5.0,65.0,50.5,Female,2.0,44474.99,1.0,4.0
8470247,25.0,304.0,53.0,Female,2.0,362498.78,4.0,7.0
3916852,24.0,293.0,52.0,Female,2.0,34256.08,4.0,7.0
5566485,21.0,263.0,64.0,Male,3.0,175576.07,6.0,9.0
2820986,19.0,238.0,42.5,Male,4.0,465548.96,6.0,9.0
3261775,7.0,90.0,57.0,Unknown,2.0,77764.04000000001,5.0,8.0
5881406,5.0,63.0,66.5,Female,2.0,59185.46,6.0,9.0
4748069,4.0,59.0,24.5,Unknown,2.0,34310.69,6.0,9.0
4785432,26.0,323.0,65.0,Male,2.0,326548.24,6.0,9.0
15753,6.0,75.0,58.0,Male,2.0,59565.0,3.0,6.0
1466177,5.0,70.0,33.0,Unknown,2.0,41619.05,0.0,3.0
9072929,15.0,189.0,54.5,Female,2.0,107229.04,4.0,7.0
6585877,21.0,259.0,23.5,Male,2.0,32483.4,6.0,9.0
2743618,9.0,109.0,70.0,Male,2.0,153515.68,6.0,9.0
79679,14.0,168.0,57.5,Female,2.0,35868.44,3.0,6.0
8644587,13.0,159.0,59.0,Female,2.0,151553.47999999998,5.0,8.0
4108295,7.0,84.0,50.5,Unknown,2.0,69704.2,2.0,5.0
8963150,10.0,122.0,30.5,Male,3.0,224959.42,6.0,9.0
6167637,10.0,123.0,55.0,Female,2.0,78842.73999999999,1.0,4.0
7020386,6.0,73.0,20.5,Unknown,2.0,36294.11,6.0,9.0
2637557,6.0,82.0,26.5,Unknown,2.0,37136.26,4.0,7.0
7769967,4.0,58.0,49.5,Unknown,2.0,45693.56,3.0,6.0
5396029,6.0,73.0,23.5,Unknown,2.0,44596.2,0.0,4.0
8401598,16.0,196.0,58.0,Male,2.0,171731.34999999998,2.0,5.0
9768948,15.0,188.0,53.5,Male,2.0,258917.37,6.0,9.0
7012672,7.0,85.0,47.5,Unknown,2.0,193167.98,0.0,3.0
9311445,6.0,72.0,40.5,Unknown,2.0,43723.16,4.0,7.0
7769110,12.0,150.0,29.5,Male,3.0,168691.59000000003,4.0,7.0
844162,7.0,94.0,49.5,Unknown,2.0,25493.33,3.0,6.0
6470497,12.0,146.0,41.0,Female,2.0,115170.98,6.0,9.0
9426080,6.0,74.0,30.0,Unknown,2.0,50405.72,1.0,4.0
4961754,8.0,106.0,30.0,Female,4.0,246812.69,5.0,8.0
8351676,8.0,105.0,23.0,Male,2.0,36856.14,1.0,4.0
7007182,5.0,68.0,63.5,Female,2.0,445681.56,1.0,4.0
1560669,7.0,94.0,52.5,Unknown,2.0,26845.25,0.0,3.0
7691363,16.0,193.0,67.0,Male,2.0,95341.11,5.0,9.0
3285852,5.0,64.0,25.0,Unknown,2.0,30012.63,5.0,8.0
9979846,4.0,59.0,47.5,Unknown,2.0,27352.5,0.0,3.0
4367799,6.0,81.0,50.0,Unknown,2.0,300975.34,3.0,6.0
1232197,13.0,160.0,39.0,Female,3.0,239941.42,1.0,4.0
6656645,3.0,38.0,65.0,Female,3.0,142067.76,5.0,8.0
917338,8.0,104.0,77.0,Female,2.0,97618.67,6.0,9.0
2488210,14.0,177.0,38.0,Female,3.0,118059.5,6.0,9.0
1838227,5.0,71.0,43.5,Unknown,2.0,76919.84,1.0,4.0
983416,11.0,133.0,32.0,Male,2.0,135814.66999999998,6.0,9.0
1909923,10.0,127.0,51.5,Female,2.0,25437.39,0.0,3.0
2669712,12.0,154.0,51.5,Male,2.0,30065.84,1.0,4.0
4969613,13.0,167.0,37.0,Unknown,2.0,88272.83,6.0,9.0
7962192,15.0,184.0,48.0,Male,3.0,354518.7,3.0,6.0
9002452,4.0,59.0,27.0,Unknown,2.0,30830.14,1.0,4.0
3859509,13.0,156.0,45.5,Female,3.0,41736.19,4.0,7.0
5473234,5.0,69.0,51.0,Unknown,2.0,33785.95,0.0,3.0
2725900,23.0,284.0,57.0,Female,2.0,25100.85,1.0,4.0
6112859,22.0,273.0,61.5,Female,2.0,599018.79,3.0,6.0
734462,21.0,262.0,24.5,Female,2.0,24924.81,1.0,4.0
3574698,21.0,254.0,66.5,Male,2.0,101132.83,2.0,5.0
1634213,20.0,245.0,48.5,Female,2.0,27252.67,2.0,5.0
1987005,20.0,240.0,41.5,Female,3.0,3736556.05,5.0,8.0
2902628,19.0,233.0,37.5,Male,2.0,64531.89,6.0,9.0
3293818,19.0,232.0,59.0,Male,2.0,88147.07,3.0,6.0
8220997,29.0,358.0,37.5,Male,4.0,174761.91999999998,6.0,9.0
5621347,11.0,133.0,32.0,Female,2.0,49400.75,2.0,5.0
8741410,14.0,175.0,58.0,Female,2.0,59202.23,1.0,4.0
3104853,6.0,81.0,27.0,Unknown,2.0,50006.8,6.0,9.0
683705,12.0,150.0,47.0,Male,2.0,23820.21,1.0,4.0
1537875,14.0,174.0,49.0,Male,2.0,38478.34,2.0,5.0
7628218,5.0,60.0,26.5,Unknown,2.0,228001.37,6.0,9.0
6511523,15.0,190.0,45.5,Female,2.0,165141.49,0.0,3.0
6148124,11.0,132.0,56.0,Male,2.0,274264.04,4.0,7.0
5950401,9.0,117.0,67.5,Female,2.0,485659.14,2.0,5.0
7120360,9.0,118.0,23.5,Female,3.0,37976.74,4.0,7.0
2053624,7.0,86.0,25.0,Unknown,2.0,37987.77,6.0,9.0
4220464,7.0,92.0,39.0,Unknown,2.0,292601.33,5.0,8.0
3294033,13.0,166.0,50.5,Female,2.0,102001.33,1.0,4.0
4153919,13.0,160.0,49.5,Male,2.0,267771.89,1.0,4.0
703403,3.0,36.0,22.5,Unknown,2.0,26431.3,4.0,7.0
7030145,15.0,189.0,53.5,Male,2.0,45928.97,1.0,4.0
8643567,12.0,153.0,32.5,Female,2.0,59592.05,0.0,3.0
4577319,14.0,178.0,34.5,Female,2.0,139635.88,3.0,6.0
5986786,6.0,77.0,22.0,Female,3.0,32507.7,2.0,5.0
6802311,14.0,178.0,30.5,Male,2.0,46050.84,1.0,4.0
945249,9.0,108.0,49.0,Female,2.0,55479.14,1.0,4.0
4332527,10.0,131.0,45.5,Unknown,2.0,122374.39,1.0,4.0
1270030,5.0,65.0,32.5,Unknown,2.0,30053.89,3.0,6.0
2001533,31.0,379.0,69.5,Male,3.0,141381.84999999998,6.0,9.0
9518630,8.0,106.0,56.0,Female,2.0,86022.2,5.0,8.0
3524846,5.0,70.0,27.5,Unknown,2.0,29110.28,1.0,4.0
2561916,7.0,91.0,52.0,Unknown,2.0,34781.61,6.0,9.0
8383202,26.0,322.0,54.0,Male,2.0,366790.9,3.0,6.0
8729678,15.0,191.0,80.0,Unknown,2.0,869104.26,3.0,6.0
1158721,11.0,140.0,27.5,Female,2.0,82475.06,4.0,7.0
8031142,9.0,109.0,47.5,Male,2.0,49622.03,4.0,7.0
6040779,12.0,148.0,41.0,Female,3.0,81464.33,1.0,4.0
3157856,14.0,172.0,57.5,Male,2.0,48684.37,2.0,5.0
3659480,10.0,121.0,24.0,Female,2.0,25828.18,1.0,4.0
7713773,7.0,85.0,82.0,Unknown,2.0,78696.91,4.0,7.0
7807666,8.0,98.0,55.5,Unknown,3.0,52673.21,1.0,4.0
8993120,5.0,64.0,24.5,Female,2.0,43927.28,0.0,3.0
985843,5.0,60.0,23.5,Unknown,3.0,37237.97,3.0,6.0
523470,28.0,340.0,67.0,Male,2.0,30885.67,0.0,3.0
5474652,15.0,189.0,52.5,Male,2.0,78492.29999999999,0.0,3.0
5110037,13.0,159.0,31.0,Female,2.0,33332.29,6.0,9.0
2731841,15.0,190.0,54.0,Male,2.0,106394.83,6.0,9.0
5830093,24.0,293.0,57.0,Male,2.0,174773.95,6.0,9.0
618322,24.0,291.0,23.0,Male,2.0,28512.48,4.0,7.0
409953,23.0,286.0,62.5,Female,3.0,629194.11,6.0,9.0
9878121,23.0,277.0,82.0,Male,2.0,35332.71,6.0,9.0
9437000,21.0,263.0,42.0,Female,2.0,262831.39,3.0,6.0
7350473,18.0,226.0,40.5,Male,2.0,141681.84999999998,5.0,8.0
2017198,22.0,264.0,47.0,Female,2.0,28498.7,1.0,4.0
9244149,9.0,109.0,36.0,Female,2.0,153417.28999999998,4.0,7.0
6311181,27.0,325.0,55.5,Male,3.0,499157.43,6.0,9.0
8310041,7.0,91.0,29.5,Unknown,2.0,31728.78,6.0,9.0
6952201,6.0,78.0,37.5,Unknown,2.0,50191.32,3.0,6.0
2892356,16.0,196.0,57.0,Female,2.0,189677.33,6.0,9.0
9374835,16.0,194.0,68.0,Male,3.0,964895.83,1.0,4.0
9317327,5.0,67.0,41.5,Unknown,2.0,32096.85,4.0,7.0
2501361,12.0,150.0,44.0,Female,2.0,108343.34,5.0,8.0
3236017,12.0,153.0,57.5,Male,2.0,41731.42999999999,6.0,9.0
8771952,5.0,71.0,31.5,Unknown,2.0,42085.75,6.0,9.0
8849290,13.0,167.0,40.0,Unknown,2.0,102992.75,6.0,9.0
4179288,14.0,178.0,50.5,Unknown,2.0,38061.25,0.0,3.0
5935929,18.0,217.0,39.0,Male,3.0,189065.03,4.0,7.0
2972819,10.0,126.0,76.5,Female,2.0,41549.25,1.0,4.0
4394696,9.0,118.0,25.0,Male,2.0,48431.28999999999,3.0,6.0
4298296,12.0,151.0,56.5,Male,2.0,31547.54,2.0,5.0
357318,6.0,83.0,27.5,Unknown,2.0,48227.1,1.0,4.0
8219792,15.0,191.0,71.0,Female,2.0,51227.34,2.0,5.0
7885192,9.0,111.0,38.5,Unknown,2.0,73026.67,0.0,3.0
9939876,7.0,91.0,20.5,Unknown,2.0,25663.22,1.0,4.0
5536852,6.0,81.0,27.0,Unknown,2.0,45055.92,2.0,5.0
4166548,14.0,172.0,41.5,Male,2.0,45205.4,0.0,3.0
6731549,15.0,190.0,32.5,Female,2.0,222602.78,6.0,9.0
4346633,8.0,106.0,51.0,Female,2.0,35919.24,1.0,4.0
6802669,12.0,152.0,34.5,Female,2.0,133597.53999999998,2.0,5.0
4680148,5.0,68.0,23.0,Unknown,2.0,51485.36,3.0,7.0
4299753,8.0,100.0,23.5,Unknown,2.0,67957.98999999999,1.0,4.0
2435403,13.0,167.0,27.5,Female,3.0,160096.43,0.0,3.0
2292451,9.0,108.0,29.0,Female,2.0,80199.33,1.0,4.0
454816,5.0,70.0,45.5,Unknown,2.0,59237.24,2.0,5.0
2423591,16.0,195.0,46.5,Female,2.0,49804.89,1.0,4.0
2765727,4.0,56.0,28.0,Unknown,2.0,34350.97,6.0,9.0
5537559,6.0,78.0,25.0,Unknown,2.0,29107.55,1.0,4.0
2346755,17.0,204.0,53.0,Female,3.0,665886.52,6.0,9.0
9433938,16.0,194.0,60.0,Male,2.0,31703.71,0.0,3.0
1405108,9.0,108.0,32.5,Female,2.0,34595.45,1.0,4.0
9379016,16.0,196.0,34.0,Male,2.0,44498.5,6.0,9.0
7131057,6.0,73.0,63.5,Male,3.0,359002.85,6.0,9.0
1003061,7.0,94.0,53.0,Unknown,2.0,54285.98,6.0,9.0
8942888,20.0,240.0,68.0,Male,2.0,844263.56,4.0,7.0
6428716,24.0,299.0,50.5,Male,3.0,493237.27,1.0,5.0
51814,24.0,290.0,60.5,Female,2.0,236352.06,3.0,6.0
9615900,22.0,271.0,51.0,Male,2.0,31871.2,0.0,3.0
149192,22.0,269.0,70.0,Male,3.0,295442.16,3.0,6.0
4237223,21.0,257.0,64.5,Male,2.0,588219.5700000001,6.0,9.0
7281654,21.0,254.0,27.0,Male,3.0,139777.71,6.0,9.0
9632289,25.0,304.0,56.0,Female,2.0,106350.75,4.0,7.0
5500821,17.0,213.0,26.5,Male,2.0,73644.23,0.0,3.0
8737456,5.0,60.0,23.0,Unknown,2.0,25050.47,0.0,3.0
8615085,11.0,136.0,45.0,Female,2.0,196434.02,2.0,6.0
6461064,4.0,58.0,23.0,Unknown,2.0,128541.29,6.0,9.0
2342369,4.0,56.0,23.5,Unknown,2.0,44496.67999999999,4.0,7.0
4674728,13.0,166.0,42.5,Male,2.0,80852.13,3.0,6.0
6200721,16.0,194.0,62.5,Male,2.0,119187.81,4.0,7.0
1223703,8.0,103.0,40.0,Male,2.0,24686.61,0.0,3.0
1458536,14.0,176.0,44.0,Male,4.0,1041260.87,6.0,9.0
3169493,16.0,193.0,43.5,Female,2.0,41312.96,3.0,6.0
81601,4.0,57.0,32.5,Unknown,3.0,116399.3,5.0,8.0
468355,6.0,77.0,48.5,Unknown,3.0,178676.44,6.0,9.0
8201889,6.0,74.0,37.0,Unknown,2.0,50378.17999999999,1.0,4.0
6401147,8.0,106.0,54.0,Female,2.0,35659.75,0.0,3.0
2182333,6.0,81.0,60.0,Unknown,2.0,69396.63,2.0,5.0
5117999,10.0,120.0,58.5,Male,2.0,190441.89,1.0,4.0
8094315,12.0,145.0,56.5,Unknown,2.0,126739.98,1.0,4.0
2601028,11.0,139.0,31.0,Male,2.0,40924.4,5.0,8.0
7167224,6.0,80.0,25.5,Unknown,3.0,182725.95,6.0,9.0
2302866,15.0,185.0,41.0,Male,2.0,97017.52,2.0,5.0
4562463,6.0,73.0,29.5,Unknown,2.0,53568.89,3.0,6.0
2918312,11.0,143.0,33.5,Female,3.0,88987.86,6.0,9.0
1094746,22.0,273.0,75.0,Male,2.0,686557.01,0.0,6.0
9528790,14.0,173.0,37.5,Female,2.0,65004.12,2.0,5.0
7722308,6.0,82.0,25.0,Unknown,3.0,45025.37,4.0,8.0
8245307,5.0,71.0,42.5,Unknown,2.0,27877.83,2.0,5.0
3800969,7.0,93.0,41.5,Unknown,2.0,38742.65,0.0,3.0
9855979,9.0,110.0,65.5,Male,2.0,593995.0800000001,6.0,9.0
1605650,4.0,58.0,25.0,Unknown,2.0,44477.5,0.0,3.0
3000332,9.0,111.0,29.5,Female,2.0,32460.91,4.0,7.0
1038609,5.0,60.0,27.0,Unknown,4.0,39420.6,4.0,7.0
5077444,9.0,119.0,61.5,Male,3.0,94136.01,5.0,8.0
7466698,11.0,142.0,49.5,Female,2.0,48308.71,6.0,9.0
5098351,16.0,194.0,77.5,Male,2.0,210489.77,1.0,4.0
4266619,11.0,139.0,54.5,Female,2.0,42879.76,3.0,6.0
4120456,14.0,179.0,76.0,Female,2.0,48464.02,0.0,3.0
5607324,5.0,66.0,21.0,Unknown,2.0,29254.05,3.0,6.0
491620,18.0,217.0,47.5,Male,2.0,28507.27,4.0,7.0
1892481,16.0,201.0,43.5,Male,2.0,52108.44,0.0,3.0
5672188,5.0,64.0,54.0,Unknown,2.0,50140.84,0.0,5.0
3741689,15.0,189.0,60.0,Female,2.0,37788.58,4.0,7.0
7423412,7.0,91.0,33.0,Unknown,2.0,159232.34999999998,0.0,3.0
9763453,27.0,331.0,65.5,Male,3.0,106879.46,3.0,6.0
635356,30.0,367.0,52.5,Female,3.0,96304.66,0.0,3.0
5003158,13.0,167.0,36.5,Female,2.0,43005.39,2.0,5.0
8020096,15.0,190.0,43.0,Male,2.0,53418.67,2.0,6.0
879664,4.0,49.0,28.5,Male,2.0,26802.98,6.0,9.0
5234404,10.0,122.0,57.0,Male,2.0,70022.75,4.0,7.0
3004580,5.0,63.0,59.0,Male,2.0,222684.37,6.0,9.0
3155873,7.0,86.0,70.5,Female,3.0,302441.57,6.0,9.0
1854223,8.0,97.0,71.0,Unknown,2.0,58262.62,0.0,3.0
3143631,6.0,77.0,36.0,Unknown,2.0,60307.22,6.0,9.0
3360995,6.0,83.0,55.5,Unknown,2.0,38018.99,5.0,8.0
2197949,4.0,58.0,30.5,Unknown,2.0,37589.69,1.0,4.0
6786667,11.0,135.0,38.0,Male,2.0,307313.98,1.0,4.0
2760923,5.0,67.0,23.0,Unknown,2.0,25073.79,0.0,3.0
1115246,11.0,132.0,60.0,Female,2.0,364932.66,0.0,4.0
9961684,15.0,183.0,62.5,Female,2.0,36398.62,5.0,8.0
1700703,9.0,116.0,26.0,Male,3.0,30832.17,2.0,5.0
7804078,25.0,300.0,63.0,Male,2.0,29665.84,5.0,8.0
7559749,24.0,296.0,53.0,Male,2.0,84996.12,1.0,5.0
6456950,23.0,277.0,59.5,Female,2.0,67776.31,2.0,5.0
5080755,22.0,275.0,19.5,Male,2.0,32032.68,4.0,7.0
1484467,22.0,274.0,47.5,Female,3.0,72719.25,0.0,3.0
2158455,22.0,273.0,74.5,Unknown,2.0,86905.04000000001,5.0,8.0
4413901,21.0,260.0,55.5,Male,3.0,153179.16999999998,6.0,9.0
1050296,19.0,238.0,48.5,Male,2.0,112719.13,0.0,3.0
8999686,27.0,333.0,36.5,Male,2.0,172699.58000000002,4.0,7.0
1787893,8.0,97.0,54.0,Unknown,2.0,28749.19,3.0,6.0
5558874,5.0,60.0,60.5,Unknown,2.0,53577.47,5.0,8.0
2828054,16.0,196.0,57.0,Male,2.0,161400.64,3.0,6.0
9832488,14.0,178.0,38.5,Female,4.0,153956.61,1.0,4.0
8950911,4.0,59.0,49.5,Unknown,2.0,32638.9,2.0,5.0
9851598,13.0,159.0,45.5,Female,2.0,36994.31,2.0,5.0
9272837,4.0,55.0,18.0,Male,2.0,25322.22,3.0,7.0
6360216,12.0,151.0,68.5,Female,2.0,69625.13,2.0,5.0
7818094,38.0,460.0,66.0,Male,3.0,103000.96,4.0,7.0
6375523,4.0,57.0,29.5,Unknown,2.0,26335.09,1.0,4.0
5108566,14.0,168.0,40.0,Female,2.0,165322.96999999997,6.0,9.0
4542043,12.0,152.0,47.5,Female,2.0,239079.62,1.0,4.0
8862044,9.0,119.0,63.0,Male,2.0,66959.53,2.0,5.0
1702249,6.0,77.0,31.5,Unknown,2.0,29510.76,4.0,7.0
9984717,6.0,77.0,57.5,Unknown,2.0,57443.33,3.0,6.0
2791797,26.0,317.0,76.5,Female,2.0,306736.92,5.0,8.0
337878,5.0,64.0,17.5,Female,3.0,32962.28,0.0,3.0
4543902,8.0,107.0,35.0,Female,2.0,84993.45,1.0,4.0
2015197,7.0,90.0,70.0,Unknown,2.0,38517.31,2.0,6.0
6892192,30.0,369.0,71.5,Male,2.0,57466.67,6.0,9.0
6321387,5.0,65.0,31.0,Unknown,3.0,46099.14,4.0,7.0
8282731,10.0,122.0,45.0,Female,2.0,88460.7,6.0,9.0
519096,15.0,190.0,48.0,Unknown,3.0,192026.04,6.0,9.0
2477549,15.0,190.0,35.0,Female,2.0,168870.72999999998,1.0,4.0
8528489,15.0,181.0,62.5,Male,2.0,56981.11,5.0,8.0
6264901,9.0,108.0,57.5,Female,2.0,56865.31,2.0,5.0
5790900,6.0,79.0,69.0,Unknown,2.0,35024.18,6.0,9.0
60802,32.0,391.0,55.0,Female,3.0,476154.24,6.0,9.0
3973242,5.0,66.0,46.0,Male,2.0,33662.13,0.0,3.0
5276993,16.0,192.0,57.5,Female,2.0,25593.31,1.0,4.0
7825081,12.0,154.0,31.5,Female,2.0,89485.81,0.0,3.0
7060702,8.0,106.0,32.0,Female,3.0,92895.43,2.0,5.0
8918685,4.0,58.0,46.5,Female,2.0,34533.81,3.0,6.0
8021819,7.0,95.0,35.0,Unknown,2.0,60606.36,3.0,6.0
2580817,7.0,94.0,67.0,Unknown,2.0,31280.05,2.0,5.0
2691313,7.0,88.0,53.5,Unknown,2.0,530872.22,0.0,3.0
5660828,8.0,106.0,29.0,Male,2.0,167507.39,6.0,9.0
7833122,12.0,153.0,49.0,Female,2.0,47178.22,0.0,4.0
3075744,6.0,81.0,20.0,Unknown,2.0,25390.44,0.0,3.0
1280193,6.0,76.0,42.5,Unknown,2.0,51445.4,2.0,5.0
3069378,8.0,101.0,53.0,Unknown,2.0,31127.44,5.0,8.0
9191957,10.0,121.0,51.5,Female,2.0,80330.23999999999,0.0,3.0
5187803,5.0,68.0,58.5,Unknown,2.0,63024.29,6.0,9.0
7875141,23.0,276.0,44.5,Male,3.0,144819.12,0.0,3.0
9712280,21.0,262.0,49.0,Male,3.0,1713950.9,1.0,4.0
7339107,26.0,323.0,58.5,Male,2.0,35861.22,6.0,9.0
6145051,17.0,204.0,45.5,Female,2.0,74020.56,0.0,3.0
5896265,4.0,59.0,26.0,Unknown,2.0,103809.23,1.0,4.0
1140540,6.0,82.0,65.5,Unknown,2.0,246561.19,6.0,9.0
1080562,6.0,83.0,21.0,Unknown,2.0,28522.44,0.0,3.0
3518897,6.0,79.0,65.5,Unknown,2.0,378486.05,6.0,9.0
529113,15.0,182.0,57.0,Male,2.0,29949.21,3.0,6.0
7049711,15.0,183.0,61.5,Female,2.0,34972.399999999994,0.0,3.0
9329493,7.0,86.0,24.0,Unknown,2.0,69132.45999999999,2.0,5.0
3868916,5.0,68.0,31.5,Unknown,2.0,97525.67,3.0,6.0
3175164,8.0,102.0,28.5,Unknown,2.0,61501.98,4.0,7.0
1732262,13.0,160.0,34.0,Female,3.0,87200.59,5.0,8.0
5101988,13.0,167.0,62.5,Male,3.0,105276.08,5.0,8.0
1081382,5.0,65.0,22.0,Unknown,2.0,106236.91,5.0,8.0
6577607,10.0,120.0,59.5,Male,2.0,88599.2,5.0,8.0
5026716,9.0,118.0,26.0,Female,2.0,79362.04000000001,0.0,3.0
928070,7.0,94.0,45.0,Unknown,2.0,77658.39,2.0,5.0
559132,7.0,84.0,31.0,Unknown,3.0,59055.7,1.0,4.0
3401928,29.0,358.0,65.5,Male,3.0,110627.78,6.0,9.0
3689164,5.0,65.0,58.0,Female,2.0,29395.28,2.0,5.0
2225730,4.0,58.0,27.5,Unknown,2.0,30684.56,0.0,3.0
1357044,4.0,58.0,36.5,Unknown,2.0,123177.42,6.0,9.0
4292744,16.0,196.0,44.0,Female,3.0,66330.54999999999,5.0,8.0
749650,11.0,136.0,65.5,Female,2.0,61956.55,2.0,5.0
2227559,6.0,83.0,56.5,Unknown,2.0,42869.7,2.0,5.0
1423055,15.0,183.0,32.5,Male,2.0,70891.4,2.0,5.0
7812830,9.0,109.0,58.5,Male,2.0,434123.54,6.0,9.0
5730326,7.0,90.0,26.5,Unknown,2.0,56878.77,3.0,6.0
8395741,14.0,173.0,66.5,Male,3.0,80288.84,3.0,6.0
3747619,4.0,58.0,40.5,Unknown,2.0,33366.42,0.0,3.0
230560,13.0,156.0,40.5,Female,2.0,29438.38,1.0,4.0
3774756,14.0,178.0,71.0,Female,2.0,86372.86,0.0,3.0
9521658,5.0,61.0,58.5,Unknown,2.0,261977.59000000003,0.0,3.0
4581301,4.0,54.0,23.5,Male,2.0,28966.84,6.0,9.0
7678410,8.0,105.0,68.0,Female,3.0,36692.09,4.0,8.0
4471612,15.0,180.0,53.5,Male,3.0,128382.86,6.0,9.0
4832820,4.0,58.0,54.0,Unknown,2.0,39297.51,1.0,4.0
9299048,7.0,93.0,29.0,Unknown,3.0,71711.54000000001,6.0,9.0
6241542,10.0,130.0,56.5,Female,2.0,40252.82,3.0,6.0
2456295,5.0,66.0,36.5,Unknown,2.0,52175.76,4.0,7.0
375504,15.0,181.0,42.5,Male,2.0,25822.14,6.0,9.0
7731442,13.0,163.0,32.0,Male,3.0,86084.91,1.0,4.0
2698239,17.0,204.0,61.0,Male,2.0,465427.47,6.0,9.0
5895512,13.0,166.0,57.5,Male,2.0,119731.4,2.0,5.0
2660120,15.0,189.0,54.0,Female,2.0,89363.37,6.0,9.0
6338896,7.0,90.0,27.0,Unknown,2.0,25801.83,1.0,4.0
2575201,13.0,157.0,65.0,Male,2.0,272054.75,6.0,9.0
7305447,12.0,147.0,61.0,Female,2.0,59392.03,0.0,3.0
6620178,9.0,111.0,38.5,Male,2.0,64341.42,6.0,9.0
7338206,5.0,71.0,36.5,Unknown,2.0,47292.87,5.0,8.0
8480126,7.0,94.0,64.0,Unknown,2.0,100495.66,2.0,5.0
406877,14.0,170.0,59.5,Male,2.0,27578.78,4.0,7.0
6105304,6.0,82.0,43.5,Unknown,2.0,40005.74,2.0,5.0
1087710,5.0,64.0,49.5,Female,3.0,38953.05,3.0,7.0
2457327,6.0,82.0,27.0,Unknown,2.0,73010.23999999999,4.0,7.0
6287855,11.0,137.0,34.5,Female,2.0,89301.36,0.0,3.0
9588333,17.0,206.0,44.0,Male,2.0,107190.84,6.0,9.0
189299,27.0,329.0,60.5,Female,2.0,77462.04000000001,3.0,6.0
7158126,19.0,239.0,50.0,Male,2.0,46404.78,2.0,5.0
7999297,30.0,367.0,58.0,Female,2.0,90066.69,4.0,7.0
8734072,13.0,163.0,27.5,Male,3.0,111527.05,6.0,9.0
363952,4.0,50.0,57.5,Female,2.0,243829.36,6.0,9.0
8161011,14.0,178.0,41.5,Female,2.0,130340.17,1.0,4.0
4316285,6.0,74.0,67.0,Unknown,4.0,565815.28,4.0,8.0
8647202,13.0,156.0,53.5,Male,2.0,37178.49,0.0,3.0
9646770,4.0,58.0,25.5,Unknown,2.0,44246.85,1.0,4.0
2755989,11.0,142.0,40.0,Male,2.0,115602.46,6.0,9.0
4647168,25.0,306.0,65.5,Female,3.0,112712.45,4.0,8.0
2675136,23.0,276.0,61.5,Female,2.0,58174.86,1.0,4.0
3008036,22.0,274.0,56.0,Male,2.0,31652.72,3.0,6.0
808498,21.0,259.0,47.0,Male,2.0,71177.16,4.0,7.0
7294858,21.0,254.0,34.0,Male,2.0,30745.44,6.0,9.0
9031350,20.0,247.0,62.0,Female,2.0,744058.42,6.0,9.0
3679050,21.0,260.0,67.0,Male,3.0,419110.51,6.0,9.0
3342852,20.0,240.0,62.0,Female,2.0,46669.28999999999,5.0,8.0
7750337,18.0,222.0,49.0,Female,3.0,80102.11,3.0,6.0
350673,17.0,212.0,40.5,Male,2.0,83070.26,6.0,9.0
6651608,16.0,202.0,65.5,Female,3.0,145606.63,6.0,9.0
9026974,5.0,65.0,22.5,Unknown,2.0,31001.18,3.0,6.0
5966400,8.0,106.0,29.5,Unknown,2.0,46063.75,0.0,3.0
1772995,15.0,190.0,28.5,Male,2.0,82821.67,6.0,9.0
5899425,31.0,372.0,81.5,Female,2.0,48048.48,1.0,4.0
92808,5.0,71.0,47.0,Unknown,2.0,54410.67,0.0,3.0
5595824,6.0,80.0,75.5,Unknown,2.0,488129.27,6.0,9.0
5524590,7.0,91.0,48.0,Unknown,2.0,97726.47,1.0,4.0
470897,13.0,164.0,69.0,Male,2.0,319031.63,6.0,9.0
1306943,27.0,332.0,67.5,Male,3.0,257714.99,4.0,7.0
3743282,12.0,154.0,65.0,Female,2.0,116498.91,3.0,6.0
9016836,14.0,171.0,43.0,Female,2.0,38919.08,1.0,4.0
4434930,6.0,73.0,19.5,Unknown,2.0,39114.72,6.0,9.0
1880525,8.0,98.0,79.0,Unknown,3.0,262079.24,6.0,9.0
7692382,6.0,83.0,33.5,Unknown,2.0,56494.82,1.0,4.0
280389,6.0,77.0,61.5,Unknown,2.0,25517.99,2.0,5.0
9091632,6.0,82.0,53.0,Unknown,2.0,255227.76,0.0,4.0
5261041,8.0,96.0,63.0,Unknown,2.0,99328.16,4.0,7.0
7321698,6.0,80.0,61.5,Unknown,2.0,36685.88,3.0,6.0
8817389,4.0,59.0,73.0,Unknown,2.0,50554.96,0.0,3.0
581655,4.0,54.0,33.0,Unknown,2.0,40134.92,2.0,5.0
7253519,14.0,173.0,30.0,Female,2.0,29414.89,0.0,3.0
93751,7.0,84.0,65.0,Unknown,2.0,51637.59,5.0,8.0
6404024,32.0,384.0,52.5,Male,2.0,58510.44,5.0,8.0
3101150,15.0,186.0,53.0,Male,2.0,244092.25,6.0,9.0
2738481,4.0,50.0,53.0,Unknown,3.0,544345.97,2.0,5.0
693757,13.0,166.0,46.5,Female,2.0,27310.22,1.0,4.0
3276458,4.0,58.0,49.0,Unknown,2.0,51273.14,1.0,4.0
6803053,12.0,153.0,41.5,Male,2.0,82228.94,3.0,6.0
9850294,8.0,97.0,22.5,Unknown,2.0,47144.84,4.0,7.0
1154465,7.0,85.0,66.5,Male,2.0,777281.6900000001,3.0,8.0
3161669,32.0,393.0,58.0,Male,2.0,125754.98,6.0,9.0
8752490,5.0,68.0,45.5,Unknown,3.0,88686.76999999999,5.0,8.0
2638797,32.0,388.0,57.0,Female,2.0,26941.72,1.0,4.0
7101411,29.0,354.0,29.5,Male,2.0,89533.15,6.0,9.0
6725481,10.0,124.0,28.5,Female,3.0,35462.95,5.0,8.0
2560349,7.0,90.0,46.0,Unknown,2.0,59231.49,6.0,9.0
5048594,14.0,178.0,43.0,Female,2.0,60817.9,4.0,7.0
3103528,7.0,95.0,45.5,Unknown,3.0,158896.02000000002,4.0,7.0
4638437,14.0,175.0,50.5,Male,2.0,45636.63,0.0,3.0
6046860,13.0,156.0,47.5,Male,2.0,25481.89,1.0,4.0
8054660,6.0,74.0,20.5,Unknown,2.0,38185.47,1.0,4.0
6116891,14.0,169.0,58.5,Male,2.0,33271.43,0.0,3.0
3700826,10.0,128.0,49.5,Female,2.0,34096.73,0.0,3.0
1795781,15.0,184.0,52.5,Female,2.0,28968.22,2.0,5.0
3641009,21.0,253.0,63.5,Male,2.0,315737.06,2.0,5.0
5819608,6.0,73.0,20.0,Unknown,2.0,28023.68,2.0,5.0
4060120,12.0,144.0,48.5,Male,3.0,48366.35,1.0,4.0
6608109,14.0,177.0,29.0,Unknown,2.0,40210.4,2.0,5.0
3308211,15.0,190.0,62.5,Male,2.0,127516.87,6.0,9.0
8490834,25.0,308.0,63.5,Male,2.0,147290.3,0.0,4.0
744911,22.0,274.0,66.0,Male,3.0,1342740.69,2.0,5.0
7049913,20.0,250.0,26.0,Male,2.0,37894.0,1.0,4.0
3925181,20.0,245.0,40.5,Female,3.0,68896.12,4.0,7.0
9215181,19.0,238.0,65.0,Unknown,2.0,700383.7300000001,2.0,5.0
7928340,19.0,233.0,49.5,Male,2.0,170182.99,5.0,8.0
9944156,18.0,221.0,31.0,Male,2.0,51100.01,1.0,4.0
6496293,17.0,215.0,43.0,Female,2.0,125599.55,3.0,6.0
9452903,18.0,220.0,43.0,Female,2.0,138404.52000000002,0.0,3.0
7560071,14.0,176.0,27.5,Male,2.0,27598.59,6.0,9.0
4337125,16.0,197.0,39.5,Male,2.0,404441.28,6.0,9.0
4428832,9.0,114.0,32.5,Male,2.0,133080.76,6.0,9.0
467103,32.0,386.0,62.5,Male,3.0,727425.51,1.0,4.0
3798807,5.0,68.0,26.5,Unknown,2.0,30776.23,2.0,5.0
2166417,6.0,77.0,58.5,Unknown,3.0,361674.19,0.0,3.0
3179109,11.0,137.0,39.0,Male,2.0,47957.56,3.0,6.0
8343240,26.0,313.0,64.5,Female,2.0,333928.92,1.0,4.0
8417772,14.0,169.0,38.0,Male,2.0,36262.05,2.0,5.0
4646520,5.0,70.0,56.0,Unknown,2.0,58981.51,4.0,7.0
807085,8.0,106.0,54.5,Male,3.0,253550.79,6.0,9.0
9542949,6.0,80.0,44.5,Unknown,2.0,96289.34,3.0,6.0
8899589,16.0,193.0,84.0,Female,2.0,60227.11,0.0,3.0
8980150,7.0,89.0,54.0,Female,2.0,62528.31,3.0,6.0
1081002,23.0,277.0,39.5,Female,3.0,230011.47,2.0,5.0
4503213,26.0,313.0,69.5,Female,3.0,1546643.8299999998,3.0,6.0
6429939,5.0,66.0,65.5,Male,2.0,121063.24,5.0,8.0
4414112,2.0,34.0,55.5,Unknown,3.0,100004.11,5.0,8.0
5995279,10.0,122.0,56.0,Female,2.0,24382.58,5.0,8.0
3605411,20.0,249.0,30.5,Female,2.0,38604.86,3.0,6.0
5706935,5.0,61.0,19.5,Unknown,2.0,27231.4,1.0,4.0
7213738,15.0,188.0,38.5,Female,2.0,60350.1,1.0,4.0
8961128,5.0,60.0,48.5,Unknown,2.0,52171.46,5.0,8.0
8234524,6.0,79.0,25.5,Unknown,2.0,40905.58,3.0,6.0
7164954,5.0,70.0,26.5,Unknown,2.0,35251.85,2.0,5.0
126524,19.0,234.0,51.5,Male,3.0,556338.91,6.0,9.0
8502914,6.0,73.0,63.5,Unknown,2.0,269038.15,0.0,3.0
3817959,5.0,64.0,23.0,Unknown,2.0,25582.68,2.0,5.0
6589853,6.0,75.0,17.5,Male,2.0,29692.3,1.0,4.0
5777276,5.0,70.0,35.0,Unknown,4.0,244199.79,2.0,5.0
3971071,7.0,93.0,43.0,Unknown,2.0,32731.38,3.0,6.0
6228082,15.0,184.0,36.0,Male,2.0,109237.56,4.0,8.0
2986368,16.0,202.0,61.0,Female,3.0,55070.55,2.0,5.0
1692418,14.0,176.0,66.5,Female,2.0,46416.46,0.0,3.0
593238,20.0,251.0,56.5,Male,2.0,28854.27,6.0,9.0
9855544,18.0,223.0,82.0,Male,2.0,105183.0,5.0,8.0
5162202,18.0,223.0,72.5,Female,2.0,100459.76,2.0,5.0
2354414,7.0,87.0,38.5,Unknown,3.0,767141.4700000001,2.0,5.0
6650238,8.0,102.0,22.5,Unknown,2.0,60342.74,1.0,4.0
4666567,11.0,142.0,61.5,Male,2.0,260794.59000000003,5.0,8.0
2603643,11.0,140.0,53.0,Male,2.0,181557.42,4.0,7.0
3697484,13.0,157.0,59.5,Female,3.0,97109.77,2.0,5.0
725177,4.0,58.0,62.0,Unknown,2.0,31182.57,2.0,5.0
9577456,8.0,106.0,27.0,Male,3.0,28511.74,5.0,8.0
9000891,15.0,180.0,52.5,Male,2.0,126235.59,2.0,5.0
2148471,6.0,77.0,63.5,Unknown,2.0,558648.1000000001,1.0,4.0
8185916,7.0,86.0,50.0,Unknown,2.0,56374.33,6.0,9.0
322007,6.0,75.0,35.0,Unknown,2.0,40650.28,0.0,3.0
5962714,13.0,157.0,46.5,Female,2.0,27755.1,1.0,4.0
7200028,15.0,186.0,69.5,Female,2.0,118284.52,5.0,8.0
4409752,15.0,186.0,31.0,Unknown,2.0,88947.04000000001,4.0,7.0
6451523,6.0,76.0,23.5,Unknown,4.0,67306.65,6.0,9.0
562776,15.0,189.0,47.0,Female,2.0,101010.84,3.0,6.0
4377273,5.0,71.0,31.5,Unknown,2.0,27120.59,3.0,6.0
4862930,6.0,72.0,45.0,Unknown,2.0,29277.43,0.0,3.0
5437375,7.0,89.0,53.5,Unknown,2.0,417026.47,6.0,9.0
3488391,33.0,406.0,59.0,Female,2.0,73636.25,0.0,3.0
55951,5.0,66.0,47.0,Unknown,2.0,29768.49,2.0,5.0
8801026,14.0,171.0,31.5,Female,2.0,31495.82,2.0,5.0
3445099,7.0,93.0,63.5,Unknown,3.0,505179.44,3.0,6.0
3087509,5.0,62.0,38.5,Male,3.0,35132.33,2.0,5.0
9475111,12.0,150.0,56.5,Female,2.0,552573.9,0.0,3.0
9098597,12.0,150.0,29.0,Female,3.0,75678.47,1.0,4.0
2234759,14.0,173.0,46.0,Male,2.0,329210.92,1.0,4.0
2196511,10.0,131.0,72.5,Male,3.0,1023474.49,2.0,5.0
9976784,8.0,99.0,31.5,Unknown,3.0,38334.98,6.0,9.0
626185,32.0,385.0,57.5,Female,3.0,163823.15999999997,6.0,9.0
9693009,5.0,71.0,51.5,Unknown,2.0,40193.53999999999,2.0,5.0
4871038,15.0,189.0,60.0,Unknown,2.0,435158.83,4.0,7.0
7023188,13.0,161.0,35.5,Female,3.0,133300.72,0.0,3.0
4989120,26.0,323.0,50.0,Female,3.0,88760.28,3.0,6.0
3915713,12.0,146.0,36.0,Male,2.0,27377.02,3.0,7.0
253639,22.0,265.0,31.5,Male,2.0,52485.67999999999,0.0,3.0
7248701,6.0,73.0,70.5,Unknown,2.0,101367.03,1.0,4.0
4201118,11.0,132.0,48.5,Female,2.0,112044.54,2.0,5.0
1209381,6.0,74.0,31.0,Unknown,2.0,28075.58,0.0,3.0
5892346,5.0,65.0,38.0,Unknown,2.0,25081.96,2.0,5.0
7363252,9.0,118.0,26.5,Male,3.0,310278.29,6.0,9.0
1138609,9.0,119.0,62.5,Male,2.0,43493.22,0.0,3.0
6649939,21.0,263.0,52.0,Male,2.0,82465.14,4.0,7.0
4043123,21.0,258.0,57.0,Female,2.0,32617.8,6.0,9.0
8917762,21.0,252.0,47.0,Female,4.0,165548.33000000002,6.0,9.0
8514966,28.0,342.0,55.5,Male,2.0,372588.35,6.0,9.0
883011,19.0,238.0,39.5,Female,2.0,275251.9,6.0,9.0
1045632,18.0,225.0,79.5,Male,2.0,126769.83,6.0,9.0
5514104,17.0,209.0,39.0,Female,2.0,164107.2,1.0,4.0
3073291,31.0,373.0,69.0,Female,2.0,311111.35,0.0,3.0
2537522,13.0,163.0,29.0,Male,2.0,32025.08,0.0,3.0
2035958,7.0,84.0,55.5,Unknown,2.0,35693.48,1.0,4.0
7779650,15.0,190.0,31.5,Male,2.0,38770.32,1.0,4.0
3846557,4.0,59.0,25.5,Unknown,2.0,29565.54,2.0,5.0
5276754,6.0,83.0,62.5,Unknown,3.0,85834.20999999999,4.0,7.0
8251431,12.0,146.0,44.5,Male,3.0,432834.59,2.0,6.0
7897463,6.0,78.0,22.5,Unknown,2.0,47863.95,4.0,7.0
3425925,8.0,103.0,62.5,Unknown,3.0,65578.53,6.0,9.0
3424355,5.0,68.0,27.5,Unknown,2.0,52185.17,3.0,6.0
4891147,5.0,71.0,62.5,Female,3.0,145758.91,3.0,8.0
3265232,11.0,138.0,59.5,Male,2.0,518188.64,6.0,9.0
1060628,6.0,73.0,28.5,Unknown,2.0,31503.33,4.0,7.0
9165759,4.0,57.0,31.0,Unknown,3.0,55159.38,6.0,9.0
9986106,13.0,162.0,35.0,Female,2.0,44905.4,1.0,4.0
6394241,6.0,77.0,29.0,Unknown,2.0,47723.51,3.0,6.0
6072522,8.0,99.0,67.5,Unknown,2.0,371491.66,6.0,9.0
5082856,6.0,73.0,29.5,Unknown,2.0,35262.509999999995,3.0,6.0
7470775,6.0,77.0,68.5,Male,2.0,269318.57,6.0,9.0
4611282,10.0,130.0,42.0,Female,2.0,40319.61,3.0,6.0
8052061,5.0,70.0,49.5,Unknown,2.0,29389.11,0.0,3.0
5900557,5.0,68.0,59.0,Female,2.0,27734.17,1.0,4.0
9188174,15.0,186.0,31.5,Female,2.0,149570.26,6.0,9.0
6968092,13.0,157.0,48.0,Male,2.0,533243.96,3.0,6.0
6359549,25.0,304.0,55.5,Male,2.0,364215.05,1.0,5.0
3276832,15.0,191.0,70.0,Female,2.0,156488.94,6.0,9.0
2270432,17.0,209.0,63.0,Male,2.0,622412.12,2.0,5.0
6961727,12.0,148.0,45.0,Female,2.0,130574.95,2.0,5.0
1663848,10.0,130.0,48.0,Male,3.0,232754.14,2.0,5.0
6167643,7.0,86.0,67.0,Unknown,2.0,557926.5800000001,0.0,4.0
2665992,15.0,186.0,28.0,Female,2.0,39068.75,6.0,9.0
8369849,9.0,109.0,43.5,Male,3.0,1140613.5799999998,6.0,9.0
419848,9.0,118.0,52.5,Male,3.0,232569.08,4.0,7.0
5276671,7.0,93.0,39.0,Unknown,2.0,73665.88,5.0,8.0
2902157,6.0,83.0,68.0,Unknown,2.0,32068.43,5.0,8.0
5974490,6.0,72.0,43.5,Male,2.0,44114.66,0.0,3.0
6233518,5.0,64.0,65.5,Female,2.0,202651.33,5.0,8.0
6585215,16.0,200.0,34.0,Male,2.0,212054.04,4.0,7.0
4986675,10.0,125.0,60.5,Female,2.0,87106.1,4.0,7.0
1572093,12.0,151.0,33.0,Male,2.0,88755.69,5.0,8.0
8816018,12.0,154.0,47.0,Male,2.0,30645.85,0.0,3.0
7074517,11.0,141.0,34.5,Female,3.0,47896.17999999999,1.0,4.0
3464845,7.0,87.0,28.0,Female,2.0,35957.85,1.0,4.0
1640477,6.0,83.0,33.0,Unknown,3.0,35076.09,0.0,3.0
9978868,24.0,295.0,49.5,Female,2.0,359457.28,6.0,9.0
3192339,23.0,287.0,64.5,Female,2.0,34138.38,0.0,3.0
8153325,23.0,280.0,48.5,Male,2.0,118419.9,6.0,9.0
7760745,23.0,276.0,46.5,Female,2.0,53136.81,3.0,6.0
4969148,21.0,258.0,68.5,Male,4.0,334116.38,4.0,7.0
5786791,21.0,256.0,45.5,Male,2.0,34684.03,0.0,3.0
4941260,20.0,251.0,54.0,Male,2.0,158528.22999999998,6.0,9.0
2847433,21.0,260.0,62.0,Female,2.0,110287.48,1.0,4.0
7419178,19.0,239.0,69.5,Female,4.0,527313.74,3.0,6.0
7559009,24.0,289.0,60.5,Male,2.0,217775.86,0.0,3.0
3395797,15.0,181.0,58.0,Female,2.0,27124.53,0.0,3.0
1081195,5.0,70.0,62.0,Unknown,2.0,392808.41,6.0,9.0
9097576,5.0,70.0,90.0,Unknown,2.0,56995.29,2.0,5.0
4847732,5.0,69.0,22.0,Unknown,2.0,47983.99,6.0,9.0
8050505,7.0,95.0,26.5,Unknown,2.0,74547.76,6.0,9.0
2925307,12.0,155.0,53.0,Male,2.0,121887.55,0.0,3.0
1526478,15.0,183.0,71.0,Male,3.0,336840.96,0.0,3.0
3101605,11.0,135.0,24.5,Male,2.0,36018.149999999994,5.0,8.0
4629788,12.0,154.0,68.0,Female,2.0,36286.02,1.0,4.0
269520,14.0,168.0,56.5,Male,2.0,90132.48,4.0,7.0
5714912,4.0,55.0,66.0,Female,2.0,111659.67,5.0,8.0
490151,14.0,169.0,50.5,Female,2.0,37126.02,0.0,3.0
3109616,6.0,82.0,46.0,Unknown,4.0,90759.22,3.0,6.0
4877798,15.0,189.0,51.0,Female,2.0,69502.04000000001,5.0,8.0
8132819,8.0,104.0,33.0,Male,2.0,24118.2,6.0,9.0
2338427,5.0,70.0,48.5,Unknown,2.0,34707.94,2.0,5.0
8637095,15.0,186.0,30.5,Male,2.0,43100.53999999999,3.0,6.0
4901308,7.0,85.0,22.0,Unknown,3.0,233481.56,6.0,9.0
1313545,19.0,229.0,71.5,Male,2.0,682495.26,6.0,9.0
9667893,8.0,98.0,44.0,Male,2.0,27165.03,0.0,3.0
8259142,14.0,170.0,52.0,Male,4.0,372435.35,3.0,6.0
8608150,10.0,122.0,55.5,Male,2.0,101880.51,4.0,7.0
6811955,7.0,84.0,31.0,Unknown,2.0,27540.98,4.0,7.0
5256980,14.0,170.0,46.5,Male,2.0,360983.59,3.0,6.0
7820430,6.0,73.0,28.5,Unknown,3.0,177050.96999999997,2.0,5.0
2331634,10.0,125.0,51.0,Female,2.0,59454.3,0.0,3.0
8348121,38.0,465.0,68.0,Male,3.0,602084.89,6.0,9.0
3809335,15.0,190.0,34.5,Male,2.0,170964.2,3.0,6.0
658173,12.0,147.0,55.0,Female,2.0,214691.56,1.0,5.0
4121001,21.0,256.0,28.0,Unknown,3.0,46363.96,1.0,4.0
3096217,21.0,255.0,39.5,Male,2.0,44123.97,4.0,7.0
88759,23.0,286.0,73.5,Male,2.0,75154.45,2.0,5.0
2738595,18.0,226.0,48.5,Female,2.0,48210.69,1.0,4.0
5782980,7.0,88.0,50.0,Unknown,2.0,65975.56,1.0,4.0
523822,10.0,131.0,52.5,Female,2.0,46404.41,1.0,4.0
5117624,6.0,77.0,41.0,Unknown,2.0,113897.09,2.0,5.0
7140512,5.0,60.0,46.5,Unknown,2.0,498375.17,6.0,9.0
9428509,12.0,152.0,32.5,Male,2.0,224469.33,3.0,6.0
7905811,6.0,79.0,34.5,Unknown,3.0,81556.62,2.0,5.0
7735861,4.0,58.0,27.5,Unknown,2.0,112734.41,6.0,9.0
2624491,11.0,136.0,34.0,Female,3.0,117143.25,6.0,9.0
4410902,6.0,82.0,38.0,Unknown,2.0,27754.2,0.0,3.0
8836260,8.0,101.0,26.5,Male,2.0,42079.91,6.0,9.0
730137,7.0,94.0,28.0,Unknown,2.0,25648.95,0.0,3.0
2411927,9.0,119.0,63.0,Male,3.0,195216.59000000003,5.0,8.0
751168,12.0,151.0,44.0,Female,2.0,27899.73,1.0,4.0
6851822,5.0,61.0,34.5,Male,2.0,80690.53,6.0,9.0
8995664,7.0,88.0,48.5,Unknown,2.0,193312.61,1.0,4.0
8214867,9.0,119.0,63.5,Male,2.0,49951.82,2.0,5.0
8259685,7.0,86.0,25.5,Unknown,2.0,58939.64,3.0,6.0
3918775,22.0,268.0,66.5,Male,4.0,459510.9,4.0,7.0
7997826,8.0,96.0,45.5,Unknown,2.0,197962.96,1.0,4.0
8256948,11.0,132.0,39.0,Female,2.0,156303.12,4.0,7.0
690186,5.0,66.0,30.0,Unknown,2.0,25117.79,0.0,3.0
7882579,15.0,189.0,64.0,Female,2.0,349972.62,6.0,9.0
3730384,16.0,193.0,34.0,Female,2.0,123883.89,6.0,9.0
8314259,16.0,194.0,60.5,Male,2.0,83045.43,6.0,9.0
7942178,5.0,62.0,52.0,Female,2.0,60737.21,4.0,8.0
4992489,9.0,117.0,67.5,Male,2.0,32911.74,6.0,9.0
2694857,10.0,130.0,49.0,Female,2.0,45963.13,6.0,9.0
6621196,4.0,49.0,21.0,Unknown,3.0,57415.49,2.0,5.0
328050,27.0,334.0,22.5,Male,2.0,34129.97,3.0,6.0
3382714,9.0,117.0,78.5,Male,3.0,40920.86,5.0,8.0
8565968,3.0,47.0,61.5,Male,2.0,122973.34,4.0,7.0
2251561,14.0,174.0,24.5,Male,2.0,29229.15,3.0,6.0
8376983,8.0,97.0,25.5,Unknown,2.0,71234.83,6.0,9.0
8112082,7.0,94.0,36.5,Unknown,2.0,73479.6,6.0,9.0
8895000,15.0,188.0,49.0,Female,2.0,129778.15,4.0,7.0
2440014,5.0,64.0,44.0,Unknown,2.0,40171.14,6.0,9.0
5423091,12.0,147.0,50.0,Female,2.0,62784.68,1.0,5.0
857272,12.0,144.0,57.0,Female,2.0,74026.85,1.0,5.0
1617138,21.0,263.0,64.0,Male,3.0,1182584.98,5.0,8.0
6047643,22.0,267.0,63.5,Female,2.0,301487.03,2.0,5.0
9797297,7.0,85.0,63.0,Unknown,2.0,34437.57,2.0,5.0
4554556,5.0,65.0,32.5,Unknown,2.0,27762.89,3.0,6.0
9441097,14.0,169.0,67.0,Male,2.0,226718.54,6.0,9.0
3780775,14.0,178.0,66.0,Female,2.0,34484.21,2.0,5.0
6713112,4.0,59.0,32.5,Unknown,2.0,138737.06,1.0,4.0
3671028,6.0,78.0,75.0,Unknown,2.0,134217.84999999998,6.0,9.0
9974154,16.0,192.0,71.5,Female,2.0,1057631.16,4.0,7.0
2792305,13.0,163.0,37.0,Female,2.0,120964.45,1.0,4.0
6941562,15.0,190.0,52.0,Female,2.0,93009.78,2.0,5.0
8694482,12.0,150.0,26.5,Female,3.0,36972.44,4.0,7.0
4027294,12.0,146.0,30.5,Female,3.0,45230.23,2.0,5.0
2370158,16.0,193.0,35.5,Male,2.0,195192.98,4.0,8.0
3706368,7.0,95.0,36.5,Unknown,2.0,36046.03,6.0,9.0
5687200,11.0,139.0,65.0,Male,2.0,33242.47,3.0,6.0
9404972,10.0,120.0,27.5,Male,3.0,32074.24,1.0,4.0
1972962,12.0,144.0,28.5,Male,2.0,57443.21,4.0,7.0
2477796,6.0,82.0,48.5,Unknown,2.0,27035.74,0.0,3.0
4715889,20.0,250.0,66.0,Female,2.0,30083.23,0.0,3.0
6324966,9.0,110.0,58.0,Male,2.0,203494.16,3.0,6.0
6150349,9.0,108.0,38.5,Male,2.0,37638.51,1.0,4.0
4378428,14.0,175.0,53.5,Male,2.0,777035.2100000001,3.0,6.0
9765988,13.0,166.0,62.0,Male,2.0,55993.19,0.0,3.0
9089668,5.0,66.0,25.5,Unknown,2.0,30907.31,4.0,7.0
7123558,14.0,171.0,30.0,Male,2.0,39198.24,3.0,6.0
6581133,6.0,72.0,50.0,Unknown,2.0,25928.32,1.0,4.0
171492,15.0,189.0,73.5,Male,2.0,180002.58000000002,6.0,9.0
8037746,5.0,64.0,32.0,Unknown,3.0,49632.52,2.0,5.0
6643288,7.0,90.0,50.0,Unknown,2.0,43786.53999999999,3.0,6.0
1091911,6.0,81.0,60.5,Unknown,2.0,42323.52,0.0,3.0
4945234,16.0,192.0,35.0,Female,2.0,56162.77,3.0,6.0
9968024,7.0,88.0,65.5,Unknown,2.0,1296096.0699999998,4.0,7.0
8604039,11.0,142.0,43.5,Male,2.0,119700.45,0.0,3.0
1991963,16.0,194.0,47.0,Male,2.0,97218.65,2.0,5.0
9541086,6.0,74.0,57.5,Male,2.0,426146.57,3.0,6.0
2907218,16.0,197.0,35.5,Male,2.0,59192.62,1.0,4.0
8480645,15.0,180.0,53.0,Female,2.0,737092.2200000001,6.0,9.0
7022650,14.0,176.0,58.0,Female,2.0,52643.25,1.0,4.0
9375060,9.0,109.0,64.0,Female,2.0,28504.87,6.0,9.0
3852160,8.0,97.0,36.0,Unknown,2.0,59253.58,0.0,3.0
5903999,8.0,106.0,53.0,Female,2.0,133475.28,1.0,4.0
2521514,27.0,327.0,70.5,Female,2.0,835613.15,4.0,7.0
4867026,22.0,274.0,45.0,Male,3.0,136802.45,6.0,9.0
1498073,21.0,263.0,53.5,Unknown,2.0,36448.04,0.0,3.0
124614,21.0,259.0,50.5,Male,4.0,362860.53,4.0,7.0
8665118,21.0,258.0,24.0,Male,2.0,78025.04999999999,6.0,9.0
4399094,21.0,255.0,57.0,Male,2.0,38146.25,3.0,6.0
9209353,20.0,249.0,37.0,Female,3.0,43291.36,4.0,7.0
752058,18.0,220.0,43.0,Female,2.0,408673.94,1.0,4.0
6094349,18.0,217.0,67.0,Male,3.0,183771.3,4.0,7.0
4960901,20.0,249.0,41.0,Female,3.0,165808.13,2.0,5.0
3143882,6.0,72.0,22.0,Unknown,2.0,33115.759999999995,1.0,4.0
7889329,5.0,64.0,24.5,Unknown,2.0,27879.07,3.0,6.0
8638788,6.0,82.0,27.0,Unknown,2.0,28253.54,2.0,5.0
2863255,8.0,103.0,33.0,Unknown,2.0,75523.7,3.0,6.0
5782642,26.0,313.0,60.0,Female,2.0,61554.66,0.0,3.0
5728049,15.0,187.0,44.0,Male,2.0,54332.55,6.0,9.0
7499381,7.0,89.0,24.5,Unknown,2.0,41394.35,4.0,7.0
7381384,25.0,311.0,61.5,Female,3.0,38093.21,1.0,4.0
8663827,12.0,154.0,73.5,Male,2.0,232451.95,2.0,6.0
7688646,7.0,94.0,39.5,Unknown,2.0,77560.78,5.0,8.0
9631463,5.0,64.0,25.5,Unknown,3.0,69770.48,6.0,9.0
4056834,12.0,154.0,40.0,Female,2.0,23892.94,6.0,9.0
8712,9.0,108.0,38.0,Unknown,2.0,84995.78,1.0,4.0
7145113,7.0,84.0,52.0,Unknown,2.0,79452.43,5.0,8.0
8485725,29.0,354.0,88.0,Male,2.0,407299.49,6.0,9.0
5067978,8.0,99.0,45.5,Unknown,2.0,33363.32,1.0,4.0
5404035,6.0,78.0,34.5,Unknown,2.0,86846.07,0.0,3.0
1939391,25.0,300.0,85.5,Male,2.0,57048.11,2.0,5.0
3123494,4.0,58.0,58.0,Unknown,2.0,44867.8,0.0,3.0
5356143,13.0,167.0,37.0,Female,2.0,71208.58,5.0,8.0
8643860,9.0,118.0,68.0,Female,2.0,41068.01,5.0,8.0
9825808,7.0,94.0,46.0,Unknown,2.0,62527.53,0.0,3.0
1871644,4.0,59.0,19.5,Unknown,4.0,39242.83,5.0,8.0
8536810,8.0,100.0,45.5,Unknown,3.0,87454.43,6.0,9.0
263861,4.0,58.0,39.5,Unknown,2.0,56254.07,1.0,4.0
6274735,6.0,81.0,23.5,Unknown,2.0,35336.32,0.0,3.0
7116465,6.0,82.0,61.0,Unknown,2.0,41865.7,2.0,5.0
8605485,16.0,196.0,30.0,Female,2.0,75621.6,1.0,4.0
6896722,5.0,70.0,29.5,Unknown,2.0,46345.58,1.0,4.0
2017693,15.0,186.0,46.5,Male,2.0,26636.26,2.0,6.0
2464747,13.0,159.0,45.5,Female,2.0,46664.65,1.0,4.0
1427729,6.0,74.0,23.5,Unknown,2.0,31983.49,0.0,3.0
6939220,16.0,197.0,69.5,Male,2.0,418535.1,3.0,6.0
5998250,25.0,309.0,60.5,Female,2.0,96823.49,5.0,8.0
9416653,13.0,156.0,56.5,Female,2.0,67608.91,2.0,5.0
4952370,5.0,70.0,54.0,Unknown,3.0,1092265.09,6.0,9.0
2642278,12.0,146.0,64.5,Male,2.0,85108.92,6.0,9.0
117916,6.0,72.0,28.5,Unknown,3.0,180578.01,6.0,9.0
2649386,22.0,267.0,29.5,Female,2.0,25428.96,0.0,3.0
5096138,12.0,155.0,44.5,Female,2.0,113148.47,4.0,7.0
4353072,5.0,70.0,62.0,Unknown,2.0,54309.56,6.0,9.0
8011795,6.0,79.0,40.5,Unknown,2.0,40469.23,2.0,5.0
3525015,24.0,292.0,61.0,Male,3.0,373492.42,6.0,9.0
993253,23.0,282.0,54.5,Female,3.0,97084.09,5.0,8.0
4409810,21.0,259.0,78.0,Male,2.0,124356.12,6.0,9.0
2660545,19.0,231.0,67.0,Female,2.0,115713.99,6.0,9.0
5642056,6.0,82.0,35.0,Unknown,2.0,35142.759999999995,0.0,3.0
4784493,9.0,114.0,59.0,Female,2.0,80831.63,4.0,7.0
8934419,8.0,106.0,61.5,Male,2.0,50547.59,0.0,3.0
7089774,11.0,140.0,59.5,Female,2.0,37125.95,1.0,4.0
5874365,12.0,153.0,45.5,Male,3.0,52907.56,3.0,6.0
5514240,5.0,71.0,28.5,Unknown,2.0,49570.02,6.0,9.0
6559795,29.0,357.0,62.0,Male,2.0,159290.06,0.0,4.0
1394498,12.0,145.0,46.5,Female,2.0,106894.16,1.0,4.0
8541153,27.0,327.0,30.5,Female,3.0,104297.99,4.0,7.0
126309,5.0,70.0,43.0,Unknown,5.0,300826.63,5.0,8.0
7361200,5.0,71.0,26.5,Unknown,2.0,28174.76,2.0,5.0
8988300,5.0,70.0,23.5,Unknown,2.0,60541.55,1.0,4.0
739485,5.0,65.0,43.5,Unknown,2.0,49485.41,5.0,8.0
853948,9.0,119.0,59.5,Female,2.0,54756.61,0.0,3.0
9274602,15.0,181.0,52.5,Male,2.0,57624.06,1.0,4.0
9877819,9.0,111.0,39.5,Male,2.0,111969.62,0.0,3.0
8768179,4.0,58.0,38.5,Unknown,2.0,285713.16,2.0,5.0
1258356,5.0,66.0,64.5,Male,2.0,405589.58,5.0,8.0
5387333,9.0,109.0,55.0,Female,2.0,69640.5,5.0,8.0
8471697,5.0,71.0,59.5,Unknown,2.0,54963.4,4.0,7.0
7761531,8.0,96.0,24.5,Unknown,2.0,54297.09,2.0,5.0
8809355,6.0,83.0,59.0,Unknown,2.0,39410.99,2.0,5.0
6625783,9.0,113.0,68.0,Male,2.0,71944.98,1.0,4.0
4298865,7.0,89.0,24.0,Female,2.0,45557.71,4.0,7.0
8825788,28.0,336.0,81.5,Unknown,3.0,3718908.15,6.0,9.0
4422462,6.0,80.0,37.0,Unknown,2.0,86646.06,6.0,9.0
1704336,4.0,58.0,49.5,Unknown,3.0,52995.86,3.0,6.0
3889245,5.0,69.0,64.5,Unknown,2.0,332924.63,2.0,5.0
1416662,10.0,131.0,38.0,Female,2.0,68948.6,2.0,5.0
9033895,28.0,337.0,73.0,Female,4.0,226009.08,1.0,4.0
111304,8.0,100.0,33.5,Unknown,2.0,99011.94,0.0,3.0
8324479,14.0,179.0,29.0,Male,2.0,112009.97,4.0,7.0
236486,4.0,58.0,18.5,Unknown,2.0,28235.78,0.0,4.0
7054527,16.0,194.0,47.0,Female,2.0,32342.44,5.0,8.0
521003,14.0,170.0,64.0,Female,2.0,186020.33,6.0,9.0
6154532,9.0,115.0,54.5,Male,2.0,80398.66,1.0,4.0
9160960,5.0,60.0,31.0,Unknown,2.0,37699.91,6.0,9.0
3285638,12.0,149.0,27.5,Female,2.0,77938.53,1.0,4.0
9996137,4.0,58.0,41.0,Unknown,2.0,42069.08,6.0,9.0
5768114,23.0,277.0,54.5,Male,2.0,97058.77,3.0,6.0
3637573,21.0,262.0,28.5,Female,2.0,29931.21,0.0,3.0
3212406,21.0,258.0,53.0,Male,3.0,162875.27000000002,6.0,9.0
4626515,19.0,232.0,64.5,Female,2.0,32352.05,3.0,6.0
5763299,18.0,222.0,50.0,Unknown,2.0,43674.92,3.0,6.0
1537156,17.0,214.0,54.0,Male,2.0,239371.73,3.0,6.0
7276456,8.0,98.0,30.0,Unknown,2.0,85705.37,0.0,3.0
2175935,5.0,71.0,51.5,Unknown,2.0,51191.08,6.0,9.0
6620751,6.0,76.0,32.0,Male,2.0,64783.68,2.0,5.0
7354506,16.0,192.0,44.5,Female,2.0,65115.68,2.0,5.0
1754059,4.0,56.0,51.5,Unknown,2.0,82368.98,2.0,5.0
3017194,11.0,136.0,35.5,Male,2.0,33768.75,2.0,5.0
2947592,18.0,226.0,38.0,Male,2.0,58488.46,2.0,5.0
8156741,13.0,156.0,53.0,Female,2.0,30726.66,1.0,4.0
8081340,5.0,70.0,27.0,Unknown,3.0,63937.46,3.0,7.0
6993327,13.0,163.0,55.0,Male,2.0,106342.15,3.0,6.0
2053795,15.0,189.0,56.5,Male,2.0,60783.13,3.0,6.0
9896436,7.0,94.0,25.5,Unknown,2.0,50157.41,6.0,9.0
3424954,6.0,78.0,76.0,Unknown,2.0,67027.01999999999,5.0,8.0
6843728,14.0,178.0,32.0,Female,3.0,171406.83000000002,6.0,9.0
6275436,28.0,338.0,75.5,Male,3.0,1727163.0,4.0,7.0
8003265,10.0,120.0,29.5,Male,2.0,62112.9,3.0,6.0
2629856,6.0,73.0,29.5,Unknown,2.0,30333.58,1.0,4.0
2630172,35.0,430.0,66.5,Female,2.0,615969.11,0.0,3.0
6268446,13.0,156.0,32.5,Female,2.0,81881.08,3.0,6.0
5291697,16.0,192.0,64.5,Female,2.0,54493.87,2.0,5.0
9242117,15.0,182.0,69.5,Female,3.0,234720.2,4.0,7.0
1911048,3.0,44.0,28.5,Unknown,2.0,24626.09,0.0,3.0
8081742,15.0,183.0,57.5,Female,2.0,115822.22,6.0,9.0
2173661,11.0,136.0,26.5,Male,2.0,50468.26,2.0,5.0
8357465,13.0,160.0,49.5,Male,2.0,77396.18,3.0,6.0
7447604,4.0,58.0,59.0,Unknown,2.0,28300.94,4.0,7.0
2247829,16.0,196.0,66.5,Male,2.0,1253460.02,3.0,6.0
2619274,10.0,128.0,45.0,Male,2.0,43195.45,0.0,3.0
6584442,16.0,195.0,56.0,Male,2.0,34077.09,0.0,3.0
9424438,16.0,193.0,46.0,Female,2.0,56626.78,0.0,3.0
5905223,8.0,104.0,49.5,Male,2.0,286161.17,0.0,3.0
2529590,5.0,68.0,65.0,Male,2.0,73800.34,6.0,9.0
6800204,5.0,71.0,22.5,Unknown,3.0,134488.47999999998,6.0,9.0
3346525,5.0,63.0,48.5,Male,2.0,159956.88,6.0,9.0
2359034,7.0,94.0,20.0,Unknown,2.0,27455.03,0.0,4.0
4044894,32.0,394.0,52.5,Male,3.0,312861.03,5.0,9.0
4265827,16.0,192.0,50.0,Female,2.0,24887.98,0.0,3.0
7884458,6.0,83.0,32.5,Unknown,2.0,31016.58,1.0,4.0
6513478,13.0,166.0,52.5,Female,2.0,50438.11,1.0,4.0
3973582,10.0,125.0,32.5,Male,2.0,354649.04,3.0,6.0
3009615,8.0,97.0,38.0,Unknown,2.0,33410.2,3.0,6.0
2244649,12.0,145.0,63.5,Male,5.0,1808419.2,6.0,9.0
3365922,6.0,75.0,28.5,Unknown,2.0,65047.57,5.0,8.0
8206815,15.0,189.0,55.0,Male,2.0,73258.26,6.0,9.0
8927696,8.0,103.0,30.0,Male,3.0,134017.52000000002,6.0,9.0
8943821,23.0,287.0,59.5,Female,2.0,57106.1,1.0,4.0
5349080,22.0,271.0,43.5,Male,3.0,171413.07,5.0,8.0
2125871,21.0,263.0,46.5,Female,2.0,108219.53,3.0,6.0
5187922,21.0,262.0,60.0,Female,2.0,264335.09,2.0,5.0
1384594,29.0,355.0,58.5,Male,2.0,26880.67,0.0,3.0
7609789,20.0,245.0,72.0,Female,2.0,49064.42,1.0,4.0
887605,17.0,206.0,68.5,Female,2.0,57705.81,2.0,5.0
5230313,16.0,194.0,54.5,Female,2.0,640375.05,2.0,5.0
910263,15.0,180.0,31.5,Male,2.0,28670.94,6.0,9.0
8767889,6.0,75.0,30.0,Unknown,2.0,44696.59,4.0,8.0
3480162,12.0,146.0,39.0,Male,2.0,84258.7,4.0,7.0
6551678,5.0,65.0,38.5,Male,3.0,72875.34,6.0,9.0
5704916,11.0,135.0,37.0,Female,2.0,81721.7,4.0,7.0
2130810,4.0,58.0,53.0,Male,2.0,28773.33,0.0,3.0
3080903,9.0,110.0,71.5,Male,3.0,1286921.11,6.0,9.0
3480918,4.0,59.0,27.0,Unknown,2.0,50714.9,1.0,4.0
6224776,11.0,142.0,46.0,Male,3.0,59719.9,2.0,5.0
8312687,14.0,169.0,37.0,Unknown,3.0,90056.81999999999,0.0,3.0
1583783,6.0,83.0,47.5,Unknown,2.0,32766.22,6.0,9.0
9651925,15.0,189.0,62.5,Male,2.0,1044879.91,6.0,9.0
4339321,12.0,153.0,37.0,Male,2.0,60896.89,3.0,6.0
4353254,5.0,67.0,37.5,Unknown,2.0,170490.55,0.0,3.0
4263918,12.0,154.0,55.5,Male,4.0,340885.49,5.0,8.0
8344580,4.0,59.0,29.5,Unknown,2.0,26396.14,0.0,3.0
2667527,9.0,113.0,55.5,Female,2.0,687289.3400000001,6.0,9.0
5026920,5.0,68.0,30.0,Male,2.0,34464.39,1.0,4.0
4449226,5.0,66.0,26.0,Unknown,2.0,26497.42,4.0,7.0
3517942,26.0,322.0,77.0,Female,2.0,403907.35,1.0,4.0
9302667,24.0,290.0,31.0,Female,3.0,375660.81,1.0,4.0
9043889,11.0,138.0,57.5,Female,2.0,27992.86,1.0,4.0
9309624,9.0,111.0,28.5,Female,3.0,66223.79000000001,4.0,7.0
3781628,17.0,209.0,54.0,Female,2.0,486276.56,6.0,9.0
2311252,8.0,96.0,56.5,Female,6.0,305365.16,5.0,8.0
2835071,16.0,192.0,36.5,Female,2.0,48163.44,6.0,9.0
6832185,6.0,82.0,66.5,Unknown,2.0,73201.20999999999,1.0,4.0
5134864,6.0,83.0,31.0,Unknown,2.0,39660.0,1.0,4.0
8617048,14.0,176.0,40.5,Female,2.0,64052.13,1.0,4.0
4992703,27.0,329.0,71.5,Male,2.0,290653.3,1.0,4.0
834893,14.0,174.0,29.5,Male,2.0,54189.47,0.0,3.0
4920387,4.0,58.0,33.5,Male,2.0,60753.76,2.0,5.0
9611289,7.0,94.0,36.0,Unknown,2.0,82732.18,4.0,7.0
4084575,13.0,157.0,52.5,Female,2.0,27205.17,0.0,3.0
9573327,6.0,82.0,60.5,Male,2.0,46626.61,2.0,5.0
2336104,5.0,70.0,38.5,Female,2.0,39550.56,6.0,9.0
9411537,15.0,190.0,48.5,Male,2.0,45630.13,5.0,8.0
4354856,14.0,175.0,58.0,Female,2.0,55083.16,3.0,6.0
6048258,5.0,68.0,19.0,Unknown,3.0,29504.09,0.0,3.0
7236664,4.0,58.0,29.5,Unknown,2.0,26808.43,1.0,4.0
7834155,8.0,97.0,62.5,Male,2.0,23807.25,1.0,4.0
8503257,12.0,144.0,55.5,Female,2.0,64114.71,0.0,3.0
9065175,9.0,108.0,67.5,Female,2.0,671919.4400000001,0.0,3.0
805960,12.0,154.0,62.0,Male,2.0,42997.08,1.0,4.0
2672504,20.0,250.0,59.0,Female,2.0,155793.63,6.0,9.0
5768962,20.0,250.0,73.5,Male,2.0,45442.8,1.0,4.0
2395006,23.0,286.0,69.5,Female,2.0,184080.88,4.0,7.0
1762003,22.0,270.0,70.0,Male,2.0,92316.27,5.0,8.0
9811932,19.0,238.0,67.5,Female,3.0,297118.88,6.0,9.0
6290033,19.0,232.0,49.0,Female,3.0,363225.61,6.0,9.0
687567,18.0,217.0,52.5,Male,2.0,502997.25,6.0,9.0
2805420,5.0,71.0,27.5,Unknown,2.0,32608.23,1.0,4.0
511922,7.0,85.0,25.0,Unknown,2.0,82428.03,4.0,7.0
6591984,15.0,181.0,47.0,Female,2.0,39645.88,1.0,4.0
7902756,13.0,157.0,43.5,Female,2.0,40630.01,0.0,3.0
220594,7.0,91.0,50.5,Unknown,3.0,318440.77,6.0,9.0
1081847,5.0,70.0,66.5,Unknown,2.0,27307.37,3.0,6.0
4832252,5.0,60.0,33.5,Unknown,2.0,25022.78,4.0,7.0
1149706,7.0,84.0,36.0,Unknown,2.0,28220.4,2.0,5.0
8983259,14.0,175.0,33.0,Female,2.0,43258.09,5.0,8.0
3522825,10.0,121.0,37.0,Male,2.0,98414.34,2.0,5.0
9153284,4.0,58.0,53.0,Female,2.0,270847.59,2.0,5.0
3855683,15.0,189.0,70.5,Male,2.0,475166.24,0.0,3.0
5551641,7.0,93.0,29.0,Unknown,3.0,33565.74,4.0,7.0
3074366,7.0,94.0,23.0,Unknown,2.0,32199.41,0.0,3.0
8959530,5.0,69.0,23.5,Unknown,4.0,62517.95,2.0,5.0
8279363,4.0,58.0,27.5,Unknown,2.0,97247.41,5.0,8.0
5546299,14.0,179.0,41.0,Female,2.0,30981.57,0.0,3.0
3534032,14.0,179.0,59.0,Male,2.0,73247.73999999999,4.0,7.0
6194852,14.0,177.0,62.0,Male,2.0,269183.85,6.0,9.0
3470710,8.0,106.0,46.0,Female,2.0,45133.57,2.0,5.0
6443609,12.0,144.0,43.0,Male,2.0,218899.21,1.0,4.0
6863758,10.0,130.0,69.5,Female,2.0,289641.12,0.0,4.0
7723845,5.0,62.0,29.5,Male,2.0,36134.99,1.0,4.0
6475707,15.0,191.0,51.5,Male,3.0,310972.97,3.0,6.0
2959374,9.0,119.0,31.0,Male,2.0,89291.14,1.0,4.0
8763540,5.0,60.0,27.5,Unknown,2.0,30805.57,6.0,9.0
9884451,4.0,58.0,59.5,Unknown,2.0,45475.33,6.0,9.0
325933,9.0,118.0,29.5,Female,2.0,46865.33,1.0,4.0
5432300,9.0,111.0,34.0,Female,2.0,82161.11,0.0,3.0
5226917,6.0,72.0,22.5,Unknown,3.0,49145.51,6.0,9.0
3290446,6.0,83.0,57.5,Unknown,2.0,175702.37,6.0,9.0
5432916,5.0,65.0,25.0,Female,2.0,28591.04,2.0,5.0
1248963,29.0,350.0,81.0,Female,2.0,48701.72,1.0,4.0
4338941,9.0,115.0,54.0,Male,3.0,567154.92,6.0,9.0
5785039,26.0,320.0,63.0,Female,3.0,111702.47,4.0,7.0
9670293,9.0,112.0,65.5,Male,3.0,562357.55,4.0,7.0
2819141,14.0,169.0,29.0,Male,2.0,38791.06,2.0,6.0
6637097,5.0,66.0,22.5,Female,2.0,37416.28,0.0,3.0
2682989,6.0,79.0,66.0,Unknown,2.0,39630.71,3.0,6.0
1358693,7.0,94.0,27.0,Unknown,2.0,46365.82,0.0,3.0
6767201,12.0,145.0,38.5,Female,3.0,29221.68,2.0,5.0
671207,6.0,83.0,75.0,Unknown,2.0,78619.73999999999,1.0,4.0
6421589,6.0,82.0,20.5,Unknown,3.0,56789.7,0.0,3.0
8201398,5.0,70.0,23.0,Unknown,2.0,34145.33,1.0,4.0
4957548,11.0,143.0,40.0,Female,3.0,50828.76,3.0,6.0
9164248,5.0,66.0,33.0,Unknown,2.0,89565.09,4.0,7.0
8278468,9.0,108.0,61.5,Male,2.0,72966.08,3.0,6.0
7655628,9.0,115.0,36.0,Female,2.0,37871.95,2.0,5.0
4808189,7.0,94.0,62.5,Unknown,2.0,51632.98,6.0,9.0
195714,22.0,267.0,59.5,Female,2.0,44251.91,1.0,4.0
4793150,22.0,265.0,62.5,Female,2.0,24909.18,1.0,4.0
1669713,21.0,258.0,42.5,Male,2.0,58750.54,6.0,9.0
1085528,21.0,253.0,22.5,Female,2.0,53619.78999999999,2.0,5.0
6206135,20.0,242.0,28.0,Female,2.0,36685.18,3.0,6.0
6005042,21.0,260.0,49.5,Male,4.0,285260.94,6.0,9.0
6280776,21.0,258.0,55.5,Male,3.0,82623.4,2.0,5.0
3659476,18.0,226.0,69.5,Female,2.0,95548.53,3.0,6.0
2398801,5.0,60.0,26.5,Female,2.0,36825.97,1.0,4.0
9403200,13.0,166.0,74.0,Male,3.0,626683.25,6.0,9.0
269660,5.0,67.0,36.5,Unknown,2.0,26401.11,0.0,3.0
7606728,12.0,147.0,32.0,Male,2.0,71140.07,5.0,8.0
3809150,30.0,364.0,65.5,Male,2.0,211259.82,0.0,3.0
2429572,4.0,54.0,23.0,Unknown,2.0,38065.27,3.0,6.0
293841,6.0,83.0,68.5,Unknown,2.0,99575.41,3.0,6.0
2196302,16.0,194.0,69.5,Male,2.0,36321.91,2.0,5.0
7529949,8.0,101.0,31.5,Unknown,3.0,257065.97,2.0,5.0
6482951,16.0,192.0,22.5,Female,2.0,55308.65,6.0,9.0
7365367,12.0,152.0,42.0,Male,2.0,583627.39,6.0,9.0
8473085,25.0,311.0,67.5,Male,3.0,288254.07,6.0,9.0
3818006,9.0,108.0,24.5,Female,2.0,55455.11,6.0,9.0
8075801,6.0,82.0,29.0,Unknown,2.0,50054.34,0.0,3.0
6303834,5.0,71.0,67.0,Unknown,4.0,546185.8200000001,6.0,9.0
5090952,16.0,193.0,63.0,Female,4.0,433543.83,4.0,8.0
2402695,7.0,86.0,55.5,Unknown,2.0,132654.97999999998,3.0,6.0
1321246,9.0,119.0,70.5,Male,2.0,253837.6,6.0,9.0
9059219,14.0,172.0,54.0,Female,2.0,182758.35,4.0,7.0
6781849,15.0,181.0,31.5,Female,2.0,101822.98,4.0,7.0
9428892,7.0,88.0,32.0,Unknown,3.0,23826.45,0.0,3.0
8433852,4.0,59.0,53.5,Male,2.0,42027.26,6.0,9.0
4243487,8.0,104.0,41.0,Male,3.0,194124.54,6.0,9.0
4666211,8.0,106.0,,Female,2.0,42550.55,4.0,7.0
6356056,16.0,199.0,62.5,Female,2.0,212722.06,1.0,4.0
6072009,14.0,179.0,58.0,Female,2.0,50536.03999999999,1.0,4.0
1964866,5.0,69.0,21.0,Unknown,2.0,43127.33,2.0,5.0
694381,9.0,117.0,52.5,Unknown,2.0,35569.54,1.0,4.0
2973864,5.0,71.0,48.5,Unknown,2.0,54209.96,0.0,3.0
9186168,27.0,324.0,59.5,Male,2.0,57363.48,5.0,8.0
5506852,5.0,67.0,30.0,Unknown,4.0,176412.19,6.0,9.0
5828878,5.0,70.0,21.5,Unknown,2.0,44647.94,1.0,4.0
2920410,12.0,145.0,29.5,Female,2.0,26524.8,1.0,4.0
3418277,11.0,133.0,71.5,Male,2.0,101913.32,2.0,5.0
9235959,5.0,70.0,62.5,Unknown,2.0,37416.83,0.0,3.0
7593771,14.0,169.0,74.0,Female,2.0,40171.97,0.0,3.0
4567551,4.0,58.0,27.5,Unknown,2.0,50086.03999999999,2.0,5.0
4671619,10.0,121.0,35.0,Unknown,3.0,255898.23,6.0,9.0
6581703,15.0,191.0,67.0,Male,2.0,45028.47,0.0,3.0
6824199,18.0,216.0,64.0,Male,2.0,32094.38,6.0,9.0
3504709,5.0,60.0,34.0,Unknown,2.0,39705.52,2.0,5.0
7520214,11.0,140.0,51.0,Unknown,2.0,39370.1,0.0,3.0
4502817,5.0,61.0,55.0,Unknown,2.0,86150.94,1.0,4.0
4546484,9.0,108.0,27.0,Female,4.0,358549.75,0.0,3.0
7096353,21.0,262.0,30.0,Female,2.0,36549.87,2.0,5.0
6783086,21.0,254.0,52.5,Male,2.0,68114.42,3.0,6.0
5794104,19.0,231.0,42.5,Male,3.0,70618.36,6.0,9.0
7512833,18.0,221.0,28.0,Unknown,2.0,51970.78,2.0,5.0
7437418,5.0,71.0,65.0,Male,2.0,264030.98,5.0,8.0
4296833,16.0,196.0,44.5,Female,2.0,61674.78,6.0,9.0
2908142,7.0,89.0,57.0,Unknown,2.0,582023.61,6.0,9.0
4194716,16.0,194.0,35.5,Unknown,2.0,61763.31,2.0,5.0
4073518,11.0,137.0,36.5,Male,2.0,35021.29,1.0,4.0
3012467,9.0,119.0,30.0,Female,2.0,53474.19,2.0,5.0
230551,7.0,95.0,34.0,Unknown,4.0,115767.93,6.0,9.0
7903198,7.0,89.0,21.0,Unknown,2.0,64780.8,6.0,9.0
6095303,11.0,134.0,37.0,Female,2.0,110248.91,1.0,4.0
741785,8.0,102.0,28.5,Unknown,2.0,49337.42,4.0,7.0
4799601,10.0,124.0,68.5,Male,2.0,30800.45,2.0,5.0
8360296,7.0,93.0,66.0,Unknown,3.0,131027.5,5.0,8.0
140489,5.0,70.0,21.5,Unknown,2.0,36911.03,1.0,4.0
1169304,11.0,139.0,45.5,Male,2.0,48105.88,1.0,4.0
9231200,10.0,129.0,74.5,Female,2.0,437952.47,6.0,9.0
6315358,4.0,54.0,55.0,Female,2.0,162637.66999999998,5.0,8.0
2923314,6.0,83.0,35.0,Unknown,2.0,62358.84,2.0,5.0
9094992,6.0,83.0,79.5,Unknown,2.0,637065.26,4.0,7.0
1894742,8.0,106.0,58.5,Female,2.0,39627.26,6.0,9.0
1594854,6.0,72.0,48.5,Unknown,2.0,158600.93,1.0,4.0
8259219,3.0,42.0,27.0,Unknown,2.0,26239.62,4.0,7.0
8693038,6.0,73.0,22.5,Unknown,3.0,55801.26,6.0,9.0
4198772,15.0,182.0,65.0,Male,2.0,94219.58,2.0,5.0
6793654,13.0,157.0,46.0,Male,2.0,97343.9,1.0,4.0
1458726,13.0,164.0,32.5,Female,2.0,58007.45,2.0,5.0
3105810,6.0,80.0,78.0,Unknown,2.0,51779.51,5.0,8.0
5253914,19.0,233.0,54.0,Male,2.0,25618.58,4.0,7.0
6321845,13.0,166.0,30.5,Male,2.0,35724.03,5.0,8.0
5697324,5.0,67.0,18.5,Unknown,2.0,31403.62,6.0,9.0
6212871,13.0,167.0,49.0,Male,2.0,48793.71,1.0,4.0
4419732,15.0,180.0,38.0,Unknown,2.0,38840.5,5.0,8.0
4354247,8.0,102.0,29.5,Unknown,2.0,50093.03,3.0,6.0
7134820,15.0,189.0,45.0,Female,2.0,275620.43,1.0,4.0
9331531,5.0,60.0,37.5,Unknown,2.0,56732.15,5.0,8.0
562259,25.0,305.0,62.0,Male,2.0,33547.53,6.0,9.0
6877538,23.0,287.0,51.0,Male,2.0,95288.11,0.0,3.0
6586093,22.0,264.0,53.5,Female,2.0,172682.21999999997,2.0,5.0
2176802,21.0,262.0,55.0,Female,2.0,164958.08000000002,6.0,9.0
1404855,18.0,223.0,31.0,Female,3.0,108586.34,6.0,9.0
7243507,18.0,217.0,31.5,Female,2.0,80695.25,6.0,9.0
2516294,7.0,84.0,31.0,Unknown,2.0,56803.32,1.0,4.0
5373448,4.0,56.0,40.5,Male,2.0,60630.42,3.0,6.0
8939905,11.0,142.0,38.5,Male,2.0,104342.02,3.0,6.0
6615854,15.0,180.0,43.0,Female,2.0,81881.69,1.0,4.0
7512247,11.0,143.0,61.5,Male,3.0,359530.03,6.0,9.0
741656,20.0,247.0,41.5,Female,2.0,36965.93,1.0,4.0
8325418,4.0,58.0,25.5,Unknown,2.0,43910.49,0.0,3.0
7563830,15.0,180.0,45.5,Male,2.0,240725.78,4.0,7.0
1058914,6.0,77.0,37.0,Unknown,2.0,127671.24,6.0,9.0
734032,6.0,72.0,28.5,Unknown,2.0,49861.01,5.0,8.0
649643,5.0,66.0,25.0,Unknown,2.0,33999.53,0.0,3.0
2967798,13.0,162.0,41.5,Male,2.0,64292.87,0.0,3.0
7710564,9.0,118.0,34.0,Female,2.0,86259.23999999999,3.0,6.0
861889,13.0,165.0,32.0,Unknown,2.0,48158.14,6.0,9.0
8497791,5.0,70.0,30.0,Male,4.0,334202.05,5.0,8.0
3178933,12.0,148.0,45.0,Female,2.0,38538.83,5.0,8.0
6762080,14.0,169.0,33.5,Male,2.0,215380.51,6.0,9.0
5968033,28.0,337.0,80.0,Female,2.0,98678.76,5.0,8.0
123853,15.0,190.0,53.0,Female,2.0,32072.03,0.0,3.0
265715,4.0,59.0,31.0,Unknown,2.0,43713.8,0.0,3.0
4616722,7.0,84.0,38.5,Unknown,3.0,134183.93,1.0,4.0
2869395,12.0,151.0,27.5,Female,2.0,61154.29,3.0,6.0
8942575,13.0,166.0,44.5,Male,3.0,50175.74,0.0,3.0
1114434,13.0,164.0,56.5,Female,2.0,57480.63,0.0,3.0
3689258,5.0,70.0,41.5,Unknown,2.0,27541.34,0.0,3.0
5331160,15.0,189.0,39.0,Female,2.0,81648.92,0.0,3.0
7536945,13.0,162.0,44.5,Female,2.0,139514.27000000002,1.0,4.0
1617471,20.0,244.0,45.0,Male,2.0,52286.7,1.0,4.0
2642906,15.0,186.0,67.5,Female,2.0,31348.12,1.0,4.0
577462,6.0,74.0,39.0,Unknown,2.0,45191.74,6.0,9.0
6024126,8.0,107.0,41.0,Female,2.0,24858.4,2.0,5.0
7948012,8.0,106.0,44.0,Male,3.0,102599.48,6.0,9.0
6608442,10.0,126.0,48.0,Unknown,2.0,29987.91,1.0,4.0
5322441,15.0,190.0,68.0,Female,2.0,267132.42,5.0,8.0
3943876,10.0,128.0,38.5,Male,2.0,49828.52,6.0,9.0
9828671,6.0,79.0,35.0,Unknown,4.0,416803.31,6.0,9.0
4782219,21.0,258.0,25.0,Female,2.0,81579.29000000001,1.0,4.0
7685747,20.0,247.0,74.5,Female,2.0,147985.47999999998,4.0,7.0
7149108,17.0,215.0,40.5,Male,2.0,192129.65,3.0,6.0
5545385,15.0,189.0,59.0,Female,2.0,27875.75,1.0,4.0
5356493,14.0,179.0,50.5,Female,2.0,64027.5,3.0,6.0
6123722,6.0,74.0,43.0,Male,2.0,204138.28,6.0,9.0
2314767,4.0,57.0,38.0,Unknown,2.0,27472.65,3.0,6.0
893635,6.0,76.0,56.0,Unknown,2.0,37995.6,2.0,5.0
2765438,12.0,148.0,41.5,Female,2.0,36197.8,0.0,3.0
5845017,13.0,163.0,24.5,Female,2.0,46313.66,0.0,3.0
5890995,7.0,95.0,60.0,Unknown,3.0,193157.12,6.0,9.0
439963,5.0,71.0,30.5,Unknown,2.0,43990.74,3.0,6.0
3762515,14.0,171.0,55.0,Female,3.0,73781.39,4.0,7.0
5302222,30.0,361.0,33.5,Female,3.0,43803.62,5.0,8.0
8519513,16.0,192.0,76.0,Female,2.0,34019.43,6.0,9.0
1436928,21.0,257.0,37.5,Female,3.0,538911.43,5.0,8.0
9292182,8.0,107.0,30.5,Male,2.0,46757.13,6.0,9.0
5115739,12.0,152.0,55.5,Male,2.0,249376.8,5.0,8.0
2785646,6.0,72.0,25.0,Unknown,2.0,28486.49,6.0,9.0
4247363,12.0,145.0,60.5,Female,2.0,34533.52,5.0,8.0
7182819,8.0,103.0,43.0,Male,2.0,73981.88,4.0,7.0
22793,16.0,193.0,55.0,Male,2.0,219289.2,1.0,4.0
3471084,8.0,97.0,23.0,Unknown,2.0,50731.58,0.0,3.0
5620878,14.0,172.0,53.0,Male,2.0,163864.15999999997,5.0,8.0
7546769,20.0,246.0,63.0,Male,2.0,178935.26,6.0,9.0
9362907,5.0,70.0,26.0,Unknown,2.0,59879.46,6.0,9.0
9308332,14.0,175.0,75.0,Female,2.0,54384.0,1.0,5.0
8064081,4.0,58.0,57.5,Unknown,2.0,29745.84,3.0,6.0
4234272,5.0,65.0,29.5,Unknown,2.0,30170.14,1.0,4.0
6798317,12.0,153.0,49.5,Male,2.0,46162.88,5.0,8.0
2290543,5.0,67.0,43.5,Unknown,2.0,39198.24,0.0,3.0
6646597,8.0,97.0,29.0,Unknown,2.0,26472.32,1.0,4.0
7005830,6.0,80.0,32.0,Unknown,2.0,26350.5,0.0,3.0
6873920,20.0,251.0,61.5,Female,2.0,29491.24,1.0,4.0
6516253,3.0,45.0,65.5,Unknown,2.0,46245.9,5.0,8.0
3666894,17.0,205.0,45.5,Male,2.0,43301.57,2.0,5.0
7513678,8.0,106.0,25.0,Female,3.0,79830.9,3.0,6.0
3833432,13.0,161.0,63.5,Female,2.0,322810.83,4.0,7.0
487098,16.0,195.0,56.0,Female,2.0,59755.61,6.0,9.0
3489434,10.0,130.0,63.0,Male,2.0,49809.17,1.0,4.0
5595590,35.0,430.0,64.5,Male,2.0,63129.8,1.0,4.0
2304486,8.0,97.0,56.0,Unknown,2.0,64880.71,6.0,9.0
882506,7.0,85.0,75.0,Unknown,2.0,436188.25,6.0,9.0
8362884,6.0,76.0,43.5,Unknown,2.0,55532.36,2.0,5.0
962198,11.0,142.0,38.5,Male,3.0,105214.3,6.0,9.0
3569595,11.0,140.0,35.5,Female,2.0,40767.63,0.0,3.0
3327589,12.0,144.0,33.0,Female,2.0,91249.97,3.0,6.0
5309015,12.0,146.0,40.5,Male,3.0,250475.66,6.0,9.0
1431047,5.0,65.0,46.5,Male,2.0,59135.82,4.0,7.0
7431680,5.0,65.0,47.5,Female,2.0,56695.85,2.0,5.0
5921667,7.0,94.0,25.5,Unknown,2.0,52443.77,2.0,5.0
5635216,14.0,168.0,38.0,Female,2.0,58539.68,0.0,3.0
3413877,5.0,68.0,26.5,Unknown,2.0,46497.03999999999,4.0,7.0
5653497,10.0,129.0,62.0,Female,2.0,76734.65,3.0,6.0
3817802,9.0,109.0,53.0,Unknown,2.0,99196.23,0.0,3.0
6130691,5.0,62.0,43.5,Female,3.0,519249.52,5.0,8.0
533147,8.0,100.0,44.5,Unknown,2.0,75451.9,4.0,7.0
3901823,14.0,171.0,30.5,Female,2.0,56836.24,4.0,7.0
4284358,13.0,159.0,57.5,Male,2.0,652624.99,1.0,4.0
1654098,6.0,83.0,33.5,Unknown,2.0,64044.26,2.0,5.0
8536229,12.0,151.0,52.0,Male,4.0,149676.18,6.0,9.0
6545883,24.0,296.0,57.5,Male,4.0,1073891.27,6.0,9.0
3220502,22.0,266.0,68.5,Male,3.0,520701.7,5.0,8.0
4988242,21.0,263.0,32.5,Male,2.0,212587.79,1.0,4.0
4578251,21.0,260.0,51.0,Female,3.0,440529.57,1.0,4.0
5844424,21.0,254.0,82.0,Female,2.0,28526.58,0.0,4.0
386336,20.0,250.0,54.5,Male,4.0,312998.0,4.0,7.0
7071370,21.0,252.0,50.5,Male,3.0,27101.72,6.0,9.0
9651358,20.0,241.0,45.5,Male,2.0,35461.58,5.0,8.0
7661252,18.0,227.0,62.0,Male,5.0,283061.85,6.0,9.0
2573606,15.0,191.0,68.0,Male,2.0,102313.95,2.0,5.0
602041,6.0,76.0,23.0,Unknown,4.0,32571.7,2.0,5.0
7871083,4.0,59.0,27.0,Unknown,2.0,37964.82,1.0,4.0
9772647,7.0,94.0,52.0,Unknown,2.0,70249.64,0.0,3.0
7807781,12.0,149.0,36.0,Male,2.0,38763.95,3.0,6.0
1309199,5.0,70.0,29.0,Female,2.0,52012.4,0.0,3.0
6208983,7.0,94.0,66.0,Unknown,2.0,36012.98,1.0,4.0
783788,10.0,126.0,66.0,Female,2.0,51402.7,3.0,7.0
2808727,5.0,70.0,50.5,Unknown,2.0,50176.35,0.0,3.0
2540930,11.0,133.0,34.5,Male,2.0,47953.14,4.0,7.0
6004340,11.0,142.0,60.0,Male,2.0,141144.09,3.0,6.0
9606541,11.0,132.0,53.0,Male,2.0,158070.57,2.0,5.0
4010961,3.0,41.0,65.0,Male,2.0,376048.99,2.0,5.0
7150210,16.0,198.0,47.0,Female,2.0,40561.84,0.0,3.0
5059489,6.0,74.0,44.0,Unknown,4.0,64881.53,2.0,6.0
4885728,11.0,136.0,30.0,Female,2.0,64981.07,2.0,5.0
4145296,8.0,102.0,39.0,Unknown,2.0,364548.16,6.0,9.0
9687579,4.0,56.0,23.0,Unknown,2.0,32533.32,2.0,5.0
6864806,6.0,76.0,47.5,Unknown,2.0,35813.11,0.0,3.0
6776162,6.0,78.0,59.0,Unknown,2.0,273110.12,1.0,4.0
6966274,6.0,82.0,40.5,Unknown,2.0,44890.89,2.0,5.0
9698929,4.0,59.0,23.0,Unknown,3.0,54213.82,4.0,7.0
6372831,8.0,106.0,57.0,Male,2.0,39064.72,6.0,9.0
4993496,10.0,128.0,53.5,Female,2.0,25111.81,1.0,4.0
5208097,5.0,70.0,23.0,Unknown,3.0,106529.42,5.0,8.0
6803274,6.0,73.0,22.0,Unknown,2.0,27238.44,2.0,5.0
9463775,14.0,178.0,52.5,Male,2.0,31821.16,6.0,9.0
8750508,10.0,123.0,56.0,Female,3.0,140649.47,6.0,9.0
9697821,6.0,73.0,58.5,Unknown,2.0,48573.33,6.0,9.0
6290188,7.0,89.0,48.5,Female,2.0,46305.6,1.0,5.0
9398009,5.0,71.0,66.0,Unknown,2.0,145578.71,1.0,4.0
8921353,15.0,191.0,29.0,Male,2.0,60244.67,2.0,5.0
4470823,23.0,280.0,64.0,Male,2.0,155708.56,0.0,3.0
3891924,22.0,275.0,72.0,Female,2.0,104648.36,1.0,4.0
6717675,21.0,254.0,69.5,Male,2.0,389596.09,6.0,9.0
8346558,19.0,230.0,54.0,Male,2.0,333930.59,6.0,9.0
4265960,34.0,413.0,79.0,Female,2.0,310096.98,0.0,3.0
9830414,6.0,75.0,71.5,Unknown,2.0,180735.99,0.0,3.0
7821811,5.0,68.0,25.0,Unknown,2.0,57726.67,0.0,3.0
3628890,15.0,180.0,37.5,Male,2.0,29218.68,1.0,4.0
1439774,9.0,111.0,59.0,Male,2.0,81859.95999999999,6.0,9.0
1257755,14.0,175.0,43.5,Male,2.0,95420.42,6.0,9.0
1811363,14.0,171.0,68.5,Male,2.0,98038.57,2.0,5.0
4498691,6.0,82.0,67.5,Unknown,2.0,56390.1,1.0,4.0
102884,6.0,75.0,66.0,Female,2.0,385418.25,2.0,5.0
2798149,33.0,406.0,52.5,Female,2.0,224395.98,0.0,3.0
6912121,12.0,153.0,63.5,Female,2.0,267983.48,5.0,8.0
3532587,9.0,114.0,31.0,Female,2.0,84904.61,6.0,9.0
475911,8.0,97.0,27.5,Unknown,2.0,75743.65,3.0,6.0
9677826,5.0,64.0,33.5,Unknown,2.0,89451.04,5.0,8.0
5066247,29.0,353.0,23.5,Male,2.0,83752.9,2.0,5.0
2642558,6.0,81.0,66.0,Unknown,2.0,32792.17,4.0,7.0
8643228,9.0,112.0,52.0,Female,2.0,179810.52000000002,0.0,3.0
2036439,6.0,73.0,58.5,Unknown,2.0,55033.45,2.0,5.0
1955489,6.0,73.0,40.5,Unknown,2.0,42991.46,5.0,8.0
6797579,13.0,164.0,20.5,Female,2.0,27540.98,4.0,7.0
2848798,9.0,117.0,66.5,Female,2.0,394933.55,2.0,5.0
8449026,6.0,72.0,41.5,Unknown,2.0,100408.18,0.0,3.0
4098943,10.0,126.0,61.5,Male,2.0,711509.7000000001,1.0,4.0
9383457,7.0,94.0,50.0,Unknown,2.0,34856.57,1.0,4.0
9810496,5.0,69.0,64.5,Unknown,2.0,342704.06,2.0,5.0
1023460,4.0,56.0,27.0,Unknown,2.0,29673.16,4.0,7.0
5066099,5.0,60.0,27.5,Unknown,2.0,27308.83,3.0,6.0
119634,13.0,165.0,34.5,Unknown,2.0,86417.53,2.0,5.0
4835466,11.0,137.0,30.5,Male,2.0,47262.78,6.0,9.0
8424664,12.0,145.0,59.0,Male,2.0,98600.27,5.0,8.0
1308214,12.0,154.0,47.5,Male,2.0,124290.16,1.0,4.0
1460398,4.0,56.0,30.0,Unknown,2.0,44571.1,6.0,9.0
7416525,26.0,312.0,67.0,Male,2.0,304410.64,3.0,7.0
3341414,20.0,241.0,50.0,Female,2.0,26960.37,3.0,6.0
4405504,15.0,182.0,52.5,Female,2.0,44806.44,2.0,5.0
6835423,6.0,79.0,27.0,Unknown,2.0,53263.48,6.0,9.0
208525,15.0,182.0,51.0,Male,2.0,100879.8,4.0,7.0
4543846,9.0,111.0,69.5,Unknown,2.0,90580.96,5.0,8.0
5705870,33.0,407.0,70.0,Female,2.0,110820.65,6.0,9.0
6661503,15.0,190.0,61.0,Male,2.0,29194.25,4.0,7.0
7144585,5.0,70.0,26.5,Unknown,2.0,51548.35,6.0,9.0
615001,7.0,94.0,60.5,Unknown,2.0,29197.04,1.0,4.0
2102012,6.0,82.0,26.0,Unknown,2.0,33849.81,2.0,5.0
5890932,21.0,259.0,62.5,Female,4.0,1397686.5599999998,6.0,9.0
6030394,11.0,137.0,64.5,Male,2.0,128472.36,1.0,4.0
7651685,13.0,163.0,30.0,Unknown,2.0,39734.87,6.0,9.0
7032545,10.0,120.0,68.5,Female,2.0,114834.51,2.0,5.0
8273350,10.0,124.0,56.0,Female,2.0,64732.62,6.0,9.0
7226397,14.0,168.0,54.5,Male,2.0,58788.48,1.0,4.0
3887719,12.0,148.0,36.5,Female,2.0,35092.71,2.0,5.0
6572026,6.0,75.0,27.5,Unknown,2.0,48592.89,6.0,9.0
6071985,5.0,70.0,65.5,Unknown,2.0,32345.65,5.0,8.0
6392249,4.0,59.0,39.5,Unknown,2.0,27592.92,1.0,4.0
179358,15.0,190.0,53.0,Male,2.0,35680.14,1.0,4.0
2019581,7.0,88.0,62.5,Unknown,2.0,382654.94,3.0,6.0
7280152,5.0,67.0,50.0,Unknown,2.0,46246.62,1.0,4.0
7664820,14.0,174.0,56.0,Male,2.0,779006.74,3.0,6.0
8185425,8.0,96.0,38.0,Unknown,2.0,37319.6,0.0,3.0
2594883,15.0,180.0,48.5,Female,2.0,30676.75,0.0,3.0
9788883,22.0,275.0,64.0,Female,2.0,98833.06,6.0,9.0
7372519,22.0,274.0,54.5,Unknown,3.0,160691.02999999997,6.0,9.0
3899850,22.0,271.0,60.5,Female,2.0,196117.77,0.0,3.0
3312433,21.0,262.0,47.5,Male,2.0,138196.5,6.0,9.0
1416408,20.0,251.0,53.0,Male,3.0,314862.1,4.0,7.0
3350408,20.0,240.0,63.0,Female,2.0,39593.89,0.0,3.0
2745943,18.0,226.0,53.5,Female,2.0,133397.5,1.0,4.0
3242632,6.0,74.0,62.0,Unknown,2.0,65309.23,3.0,6.0
3114983,8.0,106.0,30.0,Male,3.0,55769.92999999999,3.0,6.0
3865974,9.0,109.0,31.5,Female,2.0,28140.18,1.0,4.0
3785315,4.0,48.0,18.0,Unknown,2.0,25917.17,2.0,5.0
639427,4.0,48.0,20.5,Unknown,2.0,25170.73,0.0,3.0
3507030,6.0,83.0,48.5,Unknown,2.0,250258.47,2.0,5.0
8631773,10.0,127.0,66.5,Male,3.0,437858.36,5.0,8.0
5693075,13.0,166.0,34.0,Male,3.0,102408.34,2.0,5.0
8731048,6.0,77.0,29.0,Unknown,2.0,36454.8,5.0,8.0
3504325,12.0,150.0,28.0,Unknown,2.0,34196.77,2.0,5.0
2806047,16.0,193.0,37.5,Female,2.0,77045.13,6.0,9.0
4842155,10.0,121.0,32.5,Female,3.0,24133.5,0.0,3.0
9937975,6.0,75.0,21.0,Unknown,2.0,48832.15,1.0,4.0
4960154,9.0,119.0,65.0,Male,2.0,217544.63,6.0,9.0
4719169,16.0,203.0,44.5,Male,2.0,61357.79,3.0,6.0
3054953,4.0,58.0,59.0,Unknown,2.0,44897.27,2.0,5.0
3072474,11.0,136.0,27.5,Male,3.0,1037609.55,2.0,5.0
8326177,6.0,83.0,44.5,Unknown,2.0,37562.57,6.0,9.0
9164246,5.0,66.0,25.5,Unknown,3.0,38176.88,0.0,3.0
1737219,5.0,66.0,74.0,Unknown,2.0,103592.88,1.0,4.0
864378,7.0,95.0,62.5,Unknown,2.0,148626.84999999998,6.0,9.0
6343369,24.0,289.0,57.5,Female,2.0,185827.74,5.0,8.0
9742169,13.0,159.0,30.0,Male,2.0,149545.16999999998,2.0,5.0
8094238,9.0,119.0,60.5,Male,2.0,75659.75,2.0,5.0
5864436,17.0,206.0,68.0,Female,2.0,37026.58,2.0,5.0
8578882,13.0,161.0,45.0,Female,2.0,66707.5,1.0,4.0
4061962,31.0,373.0,45.5,Female,2.0,59359.86,0.0,3.0
2845257,5.0,70.0,18.5,Unknown,2.0,32666.97,0.0,3.0
6908795,5.0,65.0,53.5,Unknown,2.0,23839.49,6.0,9.0
9219609,15.0,190.0,41.5,Female,2.0,43379.83,0.0,3.0
2764535,11.0,132.0,34.5,Male,2.0,76566.51999999999,0.0,3.0
2505992,14.0,178.0,40.0,Female,4.0,309513.01,3.0,6.0
1238291,5.0,66.0,52.5,Female,3.0,64561.64,6.0,9.0
6029126,6.0,77.0,26.5,Unknown,2.0,28960.44,1.0,4.0
729236,9.0,118.0,47.0,Male,2.0,39007.4,2.0,5.0
9740604,6.0,76.0,54.0,Unknown,2.0,33339.33,3.0,6.0
1435758,5.0,69.0,49.5,Unknown,2.0,35629.36,4.0,7.0
4935415,10.0,121.0,39.0,Male,2.0,107201.34,0.0,3.0
7053935,4.0,59.0,24.0,Unknown,2.0,55722.53999999999,2.0,5.0
4128771,15.0,180.0,66.5,Female,2.0,31703.25,3.0,6.0
4244422,17.0,215.0,45.0,Male,2.0,55517.05,3.0,6.0
5037795,9.0,116.0,57.5,Female,2.0,57187.21,6.0,9.0
1712346,10.0,130.0,24.5,Male,3.0,24516.21,5.0,8.0
2809254,8.0,96.0,49.5,Male,2.0,233664.23,3.0,7.0
6793307,14.0,170.0,44.5,Female,2.0,44274.76,0.0,3.0
1709388,7.0,94.0,48.5,Unknown,3.0,90788.25,4.0,7.0
1432936,25.0,302.0,61.0,Male,2.0,287213.31,3.0,6.0
110890,22.0,274.0,83.0,Female,2.0,158661.21999999997,0.0,3.0
6903689,22.0,270.0,67.5,Male,3.0,251203.19,6.0,9.0
5453808,24.0,290.0,60.0,Female,2.0,353353.97,2.0,5.0
3548541,22.0,269.0,25.5,Male,3.0,37347.31,2.0,5.0
9402699,21.0,255.0,21.5,Female,2.0,63419.76,4.0,7.0
204445,20.0,242.0,49.5,Unknown,2.0,64196.72,0.0,3.0
5576202,19.0,233.0,53.0,Male,3.0,51590.62,3.0,6.0
5359706,17.0,215.0,43.0,Male,2.0,139941.03999999998,4.0,7.0
3680793,34.0,416.0,63.5,Female,2.0,271204.39,2.0,5.0
8528827,10.0,130.0,28.5,Female,4.0,105153.7,5.0,8.0
3363406,7.0,90.0,69.0,Unknown,2.0,334874.49,2.0,5.0
6444355,4.0,58.0,45.0,Male,2.0,197978.81,4.0,7.0
2195887,18.0,224.0,35.0,Male,2.0,83825.1,1.0,4.0
9634527,12.0,155.0,49.5,Male,2.0,44749.27,0.0,3.0
3896264,15.0,190.0,54.5,Female,2.0,65607.09,3.0,6.0
4214906,10.0,131.0,36.0,Female,4.0,165660.89,5.0,8.0
1877074,5.0,70.0,56.5,Unknown,2.0,47225.62,1.0,4.0
9856081,9.0,109.0,64.0,Male,2.0,53704.82,4.0,7.0
7756840,15.0,185.0,47.0,Female,2.0,24321.55,1.0,4.0
2607491,11.0,136.0,52.0,Male,2.0,54860.77,6.0,9.0
691668,15.0,190.0,59.0,Female,2.0,28048.51,0.0,3.0
5798479,6.0,81.0,66.5,Unknown,2.0,147138.06,3.0,6.0
7263987,7.0,86.0,53.5,Unknown,2.0,40696.05,4.0,7.0
2389741,13.0,158.0,58.5,Male,2.0,28886.77,0.0,3.0
8984270,5.0,70.0,62.5,Unknown,2.0,253670.57,6.0,9.0
9152344,15.0,181.0,27.5,Female,2.0,29687.5,4.0,7.0
3925774,7.0,85.0,21.0,Unknown,2.0,97209.29,2.0,5.0
7353115,4.0,59.0,59.5,Female,2.0,46070.4,6.0,9.0
3682621,6.0,74.0,50.0,Unknown,2.0,41539.65,1.0,4.0
1366265,15.0,189.0,58.5,Male,2.0,260041.95,4.0,7.0
250763,4.0,59.0,32.5,Unknown,2.0,57016.4,6.0,9.0
3788459,7.0,95.0,35.5,Unknown,3.0,86356.34,3.0,6.0
1623788,4.0,57.0,32.5,Female,4.0,113509.19,4.0,7.0
8974772,15.0,191.0,63.0,Female,2.0,92441.91,6.0,9.0
2164924,7.0,94.0,22.0,Unknown,2.0,31095.91,0.0,3.0
4650340,15.0,187.0,37.0,Female,2.0,29979.21,0.0,3.0
1689340,12.0,146.0,56.0,Female,2.0,58008.79,2.0,5.0
3731938,13.0,156.0,37.5,Male,2.0,26348.56,5.0,8.0
6609309,7.0,94.0,58.5,Unknown,2.0,23857.75,2.0,5.0
382316,6.0,79.0,59.0,Male,2.0,742066.11,6.0,9.0
401964,18.0,225.0,30.5,Male,3.0,276783.93,4.0,7.0
6265510,18.0,216.0,55.0,Female,4.0,319229.89,5.0,8.0
7558565,27.0,334.0,65.5,Female,2.0,24508.25,0.0,3.0
4921280,9.0,115.0,49.0,Female,2.0,82681.17,1.0,4.0
407146,8.0,102.0,51.5,Unknown,3.0,204711.48,4.0,7.0
6983389,26.0,319.0,50.0,Male,2.0,237962.32,1.0,4.0
1184798,22.0,271.0,31.0,Male,2.0,102184.51,6.0,9.0
9649700,6.0,76.0,45.0,Unknown,2.0,98050.36,5.0,8.0
9562829,12.0,149.0,59.0,Male,2.0,82455.92,4.0,7.0
1616090,11.0,134.0,49.5,Male,4.0,225179.3,6.0,9.0
7346810,7.0,84.0,32.5,Unknown,3.0,29665.53,0.0,3.0
32746,14.0,171.0,40.5,Female,2.0,63460.18,3.0,6.0
3279105,3.0,41.0,62.5,Unknown,2.0,29105.36,3.0,6.0
19613,7.0,84.0,26.0,Unknown,2.0,69056.51999999999,4.0,7.0
9608673,12.0,154.0,32.0,Male,2.0,68557.36,1.0,4.0
5760138,5.0,70.0,38.5,Unknown,2.0,40744.98,1.0,4.0
498584,5.0,63.0,25.0,Unknown,2.0,38399.8,6.0,9.0
8877861,9.0,108.0,27.5,Female,2.0,58740.83,1.0,4.0
4363111,5.0,60.0,40.5,Unknown,2.0,77006.61,2.0,5.0
3785527,7.0,95.0,53.0,Unknown,2.0,424391.73,6.0,9.0
575804,5.0,68.0,62.5,Male,2.0,897959.0900000001,6.0,9.0
525332,16.0,192.0,75.5,Male,2.0,805675.4800000001,3.0,6.0
7033750,6.0,78.0,43.0,Unknown,2.0,35789.6,2.0,5.0
5286396,12.0,154.0,32.0,Male,2.0,44837.23,1.0,4.0
3113411,4.0,59.0,57.0,Unknown,2.0,147591.28,5.0,8.0
7559666,12.0,155.0,31.5,Male,4.0,142327.49,6.0,9.0
7419636,15.0,180.0,66.5,Female,2.0,92293.97,2.0,5.0
6774935,2.0,34.0,40.0,Unknown,2.0,30243.54,0.0,3.0
1556192,14.0,172.0,57.5,Female,2.0,227086.83,4.0,8.0
4337844,16.0,194.0,57.5,Male,2.0,142110.47999999998,3.0,6.0
8225520,33.0,400.0,28.5,Male,2.0,115702.56,2.0,5.0
1522892,6.0,82.0,80.0,Male,2.0,31190.76,1.0,4.0
8052234,6.0,75.0,26.5,Female,3.0,66045.53,1.0,4.0
4706105,12.0,153.0,45.5,Female,2.0,38002.97,0.0,3.0
8795739,6.0,73.0,25.5,Unknown,3.0,30008.59,6.0,9.0
7393906,4.0,57.0,61.0,Unknown,2.0,25095.03,0.0,3.0
1213731,11.0,136.0,60.0,Female,2.0,126957.3,6.0,9.0
5070454,22.0,266.0,63.5,Unknown,2.0,63492.15,0.0,3.0
4568422,7.0,88.0,26.0,Unknown,2.0,39642.78,6.0,9.0
7634298,8.0,97.0,32.0,Unknown,2.0,108818.04,1.0,4.0
8095059,7.0,89.0,60.5,Unknown,2.0,31426.82,6.0,9.0
8672940,15.0,189.0,62.0,Female,2.0,126634.86,1.0,4.0
5657562,12.0,151.0,76.5,Female,2.0,1287502.03,0.0,3.0
5757843,14.0,178.0,31.5,Female,2.0,26496.1,0.0,3.0
2809364,5.0,71.0,61.0,Unknown,2.0,45710.46,1.0,4.0
6259405,13.0,158.0,27.5,Male,2.0,24020.8,4.0,7.0
4592284,5.0,70.0,27.0,Unknown,2.0,45204.81,4.0,7.0
9944167,10.0,131.0,33.0,Female,4.0,247912.0,3.0,6.0
1577980,7.0,94.0,41.5,Unknown,2.0,30493.6,1.0,4.0
7563227,15.0,183.0,77.5,Male,2.0,116471.33,4.0,7.0
9107587,12.0,155.0,47.0,Female,3.0,90340.84,0.0,3.0
5605133,22.0,275.0,46.0,Male,2.0,558060.99,6.0,9.0
7295752,21.0,258.0,50.5,Male,2.0,120662.15,5.0,8.0
6159014,21.0,253.0,36.5,Male,4.0,480323.94,6.0,9.0
5811895,20.0,249.0,51.5,Male,3.0,3041297.69,6.0,9.0
4199701,20.0,246.0,69.0,Male,3.0,232331.01,3.0,6.0
8046703,20.0,242.0,63.0,Female,2.0,62856.36,2.0,5.0
6456062,14.0,178.0,70.5,Female,2.0,321327.53,4.0,7.0
5189825,12.0,154.0,51.5,Male,2.0,50162.75,0.0,3.0
3736510,23.0,278.0,66.0,Female,2.0,90558.94,5.0,8.0
6976539,20.0,244.0,50.5,Female,2.0,124487.61,5.0,8.0
6170523,14.0,169.0,53.5,Female,4.0,187082.78,6.0,9.0
150095,8.0,100.0,26.5,Male,2.0,42303.69,6.0,9.0
7164949,8.0,97.0,21.5,Unknown,2.0,38235.79,2.0,5.0
3846126,18.0,225.0,63.5,Male,2.0,123529.96,6.0,9.0
2774213,4.0,59.0,60.0,Unknown,2.0,125888.3,3.0,6.0
4251060,7.0,87.0,67.0,Unknown,2.0,55187.17,1.0,4.0
9245447,33.0,404.0,68.0,Female,2.0,660960.91,2.0,5.0
8886792,5.0,71.0,37.0,Unknown,3.0,76935.14,5.0,8.0
9137577,10.0,121.0,38.0,Male,3.0,99121.76,5.0,8.0
5840358,13.0,156.0,68.0,Female,2.0,67864.92,1.0,5.0
4317374,9.0,114.0,39.5,Male,3.0,45913.61,1.0,4.0
6978265,15.0,189.0,54.5,Female,2.0,27685.52,2.0,5.0
2818303,4.0,59.0,49.5,Unknown,2.0,44377.89,2.0,5.0
7723498,7.0,84.0,65.0,Unknown,2.0,71408.73,1.0,4.0
438560,13.0,160.0,60.5,Female,3.0,191070.98,0.0,3.0
6383676,7.0,95.0,67.0,Unknown,2.0,146728.09,6.0,9.0
7891128,5.0,67.0,26.0,Unknown,2.0,25073.79,3.0,6.0
6943758,4.0,54.0,60.0,Female,2.0,36305.27,3.0,6.0
562145,31.0,379.0,74.0,Male,3.0,261026.25,4.0,7.0
8130154,12.0,150.0,53.0,Male,2.0,86837.22,4.0,7.0
8536644,23.0,283.0,74.5,Male,3.0,681691.4600000001,1.0,4.0
2634257,14.0,175.0,37.0,Male,3.0,315066.62,5.0,8.0
9276875,12.0,151.0,52.0,Female,2.0,53918.63,0.0,3.0
8713803,7.0,94.0,60.5,Unknown,2.0,63868.47,0.0,3.0
6059305,9.0,114.0,38.5,Female,2.0,29226.65,6.0,9.0
9636753,5.0,70.0,60.5,Female,2.0,98365.69,0.0,3.0
9752938,13.0,160.0,43.0,Unknown,2.0,84740.53,5.0,8.0
9957316,7.0,93.0,28.0,Unknown,3.0,48104.35,6.0,9.0
835034,15.0,185.0,39.5,Male,2.0,129827.58,1.0,4.0
2391782,12.0,152.0,61.0,Male,2.0,74860.06,2.0,5.0
9911013,15.0,185.0,68.5,Male,2.0,97193.2,6.0,9.0
8223826,5.0,70.0,24.0,Unknown,3.0,53680.15,1.0,4.0
5152426,14.0,178.0,62.0,Female,2.0,83537.15,2.0,5.0
1835819,6.0,75.0,25.0,Unknown,2.0,28015.24,3.0,6.0
5109271,15.0,181.0,45.0,Male,3.0,97911.85,2.0,5.0
583807,6.0,82.0,41.0,Unknown,2.0,44243.82,0.0,3.0
3813496,12.0,150.0,45.0,Male,2.0,95773.38,0.0,3.0
3849422,10.0,123.0,57.5,Male,2.0,49396.69,2.0,5.0
4066789,23.0,277.0,62.5,Female,2.0,473056.38,6.0,9.0
4292321,22.0,271.0,59.5,Male,4.0,485380.8,5.0,8.0
4014197,21.0,254.0,59.5,Male,3.0,1135505.51,6.0,9.0
6097580,19.0,238.0,54.5,Female,2.0,62384.76,2.0,5.0
9833729,19.0,229.0,61.5,Male,3.0,192087.36,1.0,4.0
8784209,18.0,222.0,71.0,Male,2.0,108238.17,3.0,6.0
9521738,17.0,213.0,61.0,Female,2.0,88517.95999999999,0.0,3.0
8461847,17.0,208.0,54.5,Male,3.0,54005.28,1.0,4.0
2236425,9.0,109.0,43.0,Male,2.0,68951.58,3.0,6.0
985046,11.0,134.0,45.5,Male,2.0,37024.06,0.0,3.0
5098792,8.0,107.0,64.0,Male,2.0,43128.63,3.0,6.0
8937638,4.0,58.0,26.0,Unknown,2.0,30783.05,1.0,4.0
2425225,5.0,71.0,35.0,Unknown,2.0,31016.04,0.0,3.0
8262801,5.0,71.0,36.5,Unknown,2.0,39563.72,6.0,9.0
1366366,9.0,109.0,27.0,Unknown,2.0,45904.77,1.0,4.0
4855296,28.0,343.0,76.5,Male,3.0,50076.4,6.0,9.0
4116837,10.0,121.0,58.5,Female,2.0,74015.03,3.0,6.0
743562,6.0,78.0,54.0,Unknown,2.0,39096.37,1.0,4.0
8299642,12.0,148.0,44.0,Male,3.0,173766.06,4.0,7.0
6202655,15.0,189.0,44.0,Male,3.0,406106.82,5.0,8.0
6486767,32.0,394.0,76.0,Female,2.0,110258.82,2.0,5.0
915300,5.0,65.0,30.5,Unknown,3.0,36694.69,6.0,9.0
2138300,6.0,73.0,31.0,Unknown,2.0,33639.55,0.0,3.0
6211800,26.0,316.0,75.5,Male,3.0,231004.42,2.0,5.0
5467058,17.0,204.0,46.5,Male,2.0,43555.49,0.0,3.0
1765350,16.0,194.0,56.0,Male,2.0,144439.97,0.0,3.0
3820224,5.0,66.0,55.0,Unknown,2.0,111395.33,3.0,6.0
4432848,6.0,77.0,39.0,Unknown,4.0,570422.31,2.0,5.0
1759431,10.0,129.0,34.5,Male,2.0,71003.07,2.0,5.0
5979202,5.0,65.0,32.5,Unknown,2.0,44196.41,3.0,6.0
5567727,26.0,323.0,54.5,Male,4.0,596257.7000000001,6.0,9.0
8651984,9.0,109.0,66.5,Female,2.0,128777.39,6.0,9.0
2089071,14.0,177.0,38.0,Female,2.0,32381.85,1.0,4.0
9795972,13.0,163.0,56.5,Male,2.0,82545.48999999999,0.0,3.0
5272525,29.0,349.0,56.0,Male,2.0,97132.65,2.0,5.0
9255894,5.0,64.0,23.5,Unknown,2.0,69064.31,1.0,4.0
8076343,6.0,80.0,50.0,Unknown,2.0,58415.54,5.0,8.0
5117319,4.0,58.0,23.5,Unknown,3.0,60283.02,0.0,3.0
6374282,18.0,223.0,70.0,Female,2.0,36342.55,2.0,5.0
3836346,7.0,88.0,51.5,Unknown,2.0,49400.96,4.0,7.0
5381132,11.0,135.0,33.5,Female,2.0,45288.53999999999,1.0,4.0
2159243,7.0,88.0,44.5,Unknown,2.0,48122.66,3.0,6.0
5881697,12.0,148.0,55.0,Female,2.0,67364.75,5.0,8.0
7731412,13.0,160.0,67.5,Female,2.0,83706.43,5.0,8.0
3497471,10.0,130.0,51.5,Female,2.0,78743.65,3.0,6.0
6000667,5.0,66.0,84.0,Unknown,2.0,34905.83,1.0,4.0
9671222,6.0,81.0,28.0,Unknown,2.0,50367.17999999999,6.0,9.0
6352478,11.0,137.0,56.5,Female,2.0,421891.93,3.0,6.0
2886145,8.0,98.0,42.5,Unknown,4.0,80275.23,6.0,9.0
7376571,9.0,118.0,64.5,Female,2.0,33884.82,1.0,4.0
9476669,26.0,317.0,74.5,Female,2.0,30502.86,5.0,8.0
7559628,7.0,85.0,32.5,Unknown,2.0,32890.509999999995,2.0,5.0
6441862,10.0,122.0,37.0,Male,2.0,26914.83,2.0,5.0
4045514,8.0,99.0,24.0,Unknown,2.0,156031.63,1.0,4.0
6793640,27.0,324.0,67.5,Female,2.0,39009.88,0.0,3.0
7021458,14.0,179.0,69.0,Female,2.0,36892.15,1.0,4.0
3587545,7.0,92.0,64.0,Unknown,2.0,158181.94,6.0,9.0
8422670,4.0,58.0,22.5,Unknown,3.0,39175.65,6.0,9.0
5523096,12.0,147.0,61.5,Female,2.0,669676.9800000001,6.0,9.0
1914701,16.0,192.0,65.0,Female,2.0,87419.91,4.0,7.0
7240182,21.0,257.0,30.5,Female,2.0,65472.86,2.0,6.0
1904487,20.0,250.0,25.5,Female,2.0,25496.61,0.0,3.0
7188709,19.0,239.0,68.0,Male,2.0,157515.69,0.0,3.0
8124075,18.0,216.0,77.0,Female,2.0,31790.76,2.0,5.0
725170,12.0,144.0,32.5,Female,2.0,26825.12,1.0,4.0
2011854,16.0,194.0,57.5,Male,2.0,145382.72999999998,3.0,6.0
3342284,8.0,98.0,35.5,Unknown,3.0,88911.04000000001,5.0,8.0
2695578,16.0,194.0,66.0,Female,2.0,45126.53,0.0,4.0
7603951,14.0,178.0,33.0,Female,3.0,162880.03999999998,6.0,9.0
7072519,5.0,70.0,53.0,Unknown,3.0,56851.99,6.0,9.0
6252754,11.0,139.0,51.0,Female,2.0,177096.02000000002,6.0,9.0
2204585,10.0,123.0,50.0,Female,2.0,162938.66999999998,6.0,9.0
1954966,4.0,59.0,18.5,Unknown,2.0,35457.1,0.0,3.0
4538908,6.0,80.0,22.5,Unknown,2.0,28395.75,6.0,9.0
9967723,14.0,179.0,80.0,Female,2.0,75053.41,2.0,6.0
4699938,14.0,178.0,32.5,Male,2.0,33550.05,4.0,7.0
8688164,15.0,184.0,40.0,Unknown,2.0,24487.36,1.0,4.0
4941347,4.0,57.0,54.0,Unknown,2.0,57831.64,6.0,9.0
5765798,16.0,199.0,49.0,Male,2.0,377759.76,0.0,3.0
1826311,26.0,320.0,65.5,Female,3.0,345997.0,6.0,9.0
6980657,15.0,186.0,63.0,Male,2.0,92357.64,6.0,9.0
5396918,27.0,330.0,58.5,Female,3.0,199031.29,2.0,5.0
5162972,7.0,89.0,62.0,Unknown,2.0,75426.64,0.0,3.0
4582944,9.0,117.0,64.0,Male,2.0,60759.21,3.0,6.0
6316427,11.0,135.0,26.5,Female,3.0,30805.01,2.0,5.0
2319207,16.0,193.0,39.0,Male,2.0,64113.56,4.0,7.0
428109,6.0,83.0,37.5,Unknown,2.0,48526.59,0.0,3.0
5398214,6.0,80.0,42.5,Unknown,2.0,46124.85,2.0,5.0
1651697,14.0,179.0,31.5,Male,2.0,29668.38,1.0,4.0
4902752,7.0,90.0,45.5,Unknown,2.0,31846.96,0.0,3.0
7668747,12.0,145.0,71.0,Female,2.0,34862.81,6.0,9.0
8905762,7.0,85.0,37.0,Male,2.0,119852.83,3.0,6.0
894813,5.0,70.0,23.5,Unknown,3.0,85957.36,6.0,9.0
1939607,13.0,162.0,62.5,Male,4.0,701937.28,5.0,8.0
6219066,15.0,188.0,49.0,Male,2.0,141840.7,5.0,8.0
4955646,27.0,324.0,25.5,Female,3.0,45229.08,2.0,5.0
4795365,14.0,177.0,30.0,Male,2.0,61505.7,5.0,8.0
5242471,8.0,103.0,29.5,Unknown,2.0,27865.24,2.0,5.0
7407660,13.0,162.0,49.5,Female,3.0,76614.38,2.0,6.0
9441519,15.0,189.0,67.5,Male,2.0,1099856.02,0.0,3.0
497732,4.0,59.0,29.0,Unknown,2.0,34310.97,2.0,5.0
5587603,15.0,187.0,44.0,Unknown,3.0,155077.41999999998,5.0,8.0
2611324,6.0,81.0,34.0,Male,2.0,69551.63,2.0,5.0
5572164,9.0,118.0,39.0,Male,2.0,43018.85,2.0,5.0
2727403,14.0,174.0,49.5,Male,3.0,137402.16,2.0,5.0
6351623,14.0,171.0,34.5,Male,2.0,49918.01,0.0,3.0
3049293,11.0,140.0,54.0,Male,2.0,61047.32,5.0,8.0
787861,11.0,137.0,37.5,Female,2.0,104772.57,2.0,5.0
2316123,24.0,298.0,68.0,Female,3.0,190410.09000000003,0.0,3.0
3271713,23.0,277.0,76.0,Male,2.0,425519.6,6.0,9.0
7790154,21.0,259.0,21.5,Female,2.0,42911.77,0.0,3.0
2263542,21.0,257.0,66.5,Male,2.0,43316.1,3.0,6.0
3835769,21.0,253.0,46.5,Male,2.0,65750.26999999999,2.0,5.0
2700087,21.0,252.0,60.5,Female,2.0,96162.15,6.0,9.0
2232133,18.0,222.0,26.0,Female,3.0,62314.51,6.0,9.0
9584436,7.0,89.0,29.5,Unknown,2.0,45492.33,2.0,5.0
5850123,31.0,376.0,71.0,Male,2.0,242078.58,3.0,6.0
7484562,9.0,108.0,29.5,Male,3.0,77064.03,3.0,7.0
8693488,4.0,57.0,22.5,Unknown,3.0,32394.73,6.0,9.0
2976622,11.0,136.0,37.0,Female,3.0,53406.23,1.0,4.0
117320,13.0,159.0,58.0,Female,2.0,44851.36,3.0,6.0
453226,6.0,79.0,38.5,Unknown,2.0,77837.68,0.0,3.0
2512568,15.0,181.0,66.5,Female,2.0,531222.9500000001,1.0,6.0
582327,5.0,70.0,33.5,Unknown,2.0,51185.71,0.0,3.0
4848446,4.0,57.0,47.0,Female,2.0,36006.59,2.0,5.0
2930525,13.0,160.0,22.0,Female,2.0,100560.75,3.0,6.0
9134220,5.0,65.0,75.5,Unknown,2.0,56102.74,2.0,5.0
3750841,5.0,68.0,28.5,Female,2.0,30279.22,0.0,3.0
547156,15.0,190.0,67.5,Female,2.0,115951.18,1.0,4.0
1209146,13.0,157.0,60.5,Female,2.0,45882.77,3.0,6.0
105623,10.0,121.0,36.0,Unknown,2.0,25662.19,6.0,9.0
7968493,15.0,183.0,65.0,Female,2.0,61320.53,5.0,8.0
239465,5.0,70.0,53.0,Female,2.0,59426.09,0.0,3.0
1380296,7.0,85.0,67.0,Unknown,2.0,28269.92,2.0,5.0
9070356,8.0,100.0,60.5,Unknown,2.0,56172.09,1.0,4.0
4845951,17.0,215.0,60.0,Male,2.0,73629.23,3.0,6.0
2331309,16.0,198.0,34.5,Male,3.0,200213.79,6.0,9.0
9030756,2.0,35.0,60.5,Unknown,2.0,78542.51,2.0,5.0
1687124,4.0,54.0,43.5,Unknown,2.0,75541.04999999999,0.0,3.0
6180998,9.0,113.0,90.0,Unknown,2.0,157627.31,0.0,3.0
8830525,12.0,152.0,69.0,Male,4.0,973798.2,6.0,9.0
7449101,9.0,108.0,32.5,Female,3.0,55731.25,5.0,8.0
5650291,8.0,106.0,70.5,Female,2.0,213440.4,1.0,4.0
6114349,6.0,77.0,27.5,Unknown,2.0,35280.83,1.0,4.0
2967584,8.0,98.0,22.5,Unknown,2.0,42836.83,0.0,3.0
2652663,19.0,235.0,46.0,Female,3.0,553409.13,6.0,9.0
6578768,17.0,213.0,44.5,Female,2.0,59290.9,2.0,5.0
8313009,13.0,167.0,40.0,Male,2.0,102367.47,2.0,5.0
2555200,15.0,183.0,36.5,Male,2.0,32202.91,1.0,4.0
867700,15.0,182.0,60.0,Male,2.0,330260.42,2.0,9.0
6809855,5.0,68.0,64.0,Unknown,2.0,32559.56,0.0,3.0
5676428,6.0,73.0,54.5,Female,3.0,202307.12,5.0,8.0
1734338,24.0,288.0,56.5,Male,2.0,64493.92,6.0,9.0
9872392,22.0,275.0,54.5,Male,2.0,168628.90999999997,1.0,4.0
3616483,22.0,268.0,40.5,Female,3.0,272514.15,0.0,3.0
6227816,20.0,250.0,75.5,Female,2.0,33106.13,2.0,5.0
5463431,20.0,248.0,52.0,Female,2.0,69942.04999999999,2.0,5.0
8507124,15.0,180.0,46.5,Male,2.0,58127.77,0.0,3.0
4197158,8.0,98.0,48.0,Male,2.0,87578.35,6.0,9.0
4204378,5.0,70.0,54.5,Unknown,2.0,48444.5,0.0,3.0
8768226,11.0,142.0,75.0,Male,2.0,34418.06,4.0,7.0
6946004,6.0,75.0,59.5,Female,2.0,209368.19,6.0,9.0
1183539,33.0,406.0,66.5,Female,2.0,157305.14,0.0,3.0
9996901,7.0,84.0,24.5,Unknown,2.0,54942.28999999999,3.0,6.0
7045648,5.0,64.0,81.5,Male,2.0,42546.99,1.0,4.0
7216282,13.0,166.0,54.5,Female,2.0,33928.619999999995,0.0,3.0
3131510,11.0,142.0,29.5,Male,3.0,125300.49,6.0,9.0
7472061,10.0,130.0,28.5,Female,2.0,110057.4,3.0,6.0
4835908,9.0,112.0,42.5,Male,2.0,139935.59999999998,0.0,3.0
7832460,4.0,59.0,24.5,Unknown,2.0,50912.67,6.0,9.0
9820934,7.0,85.0,31.5,Unknown,2.0,26326.59,1.0,4.0
6492638,3.0,40.0,42.5,Unknown,3.0,54311.48,4.0,7.0
4930608,4.0,59.0,30.0,Unknown,2.0,46417.53999999999,6.0,9.0
4929920,14.0,177.0,38.5,Male,2.0,33998.18,1.0,4.0
4925950,9.0,110.0,26.5,Female,4.0,55219.5,6.0,9.0
8788749,6.0,77.0,33.0,Unknown,3.0,76405.98,5.0,8.0
8371166,3.0,45.0,37.5,Unknown,2.0,47164.44,1.0,4.0
1039176,7.0,94.0,34.0,Unknown,2.0,116457.82,1.0,4.0
2528365,15.0,189.0,38.0,Male,2.0,194570.04,6.0,9.0
1582736,6.0,82.0,43.0,Unknown,2.0,45509.48,0.0,3.0
3695514,16.0,193.0,58.5,Male,2.0,57763.56,1.0,4.0
4258659,5.0,66.0,32.0,Unknown,3.0,46496.05,5.0,8.0
1090782,6.0,77.0,32.0,Unknown,2.0,58828.98,6.0,9.0
6317256,8.0,102.0,31.5,Unknown,3.0,56288.92,6.0,9.0
4671064,7.0,95.0,57.0,Unknown,2.0,44449.98,2.0,5.0
6952282,13.0,167.0,33.0,Male,3.0,327363.6,5.0,9.0
6470872,9.0,118.0,63.5,Female,3.0,436704.61,1.0,4.0
5623633,9.0,109.0,35.0,Male,3.0,104266.31,3.0,6.0
5453712,6.0,82.0,69.0,Unknown,2.0,95654.67,6.0,9.0
8128128,13.0,164.0,70.0,Female,2.0,167303.99,1.0,4.0
3340172,7.0,85.0,29.5,Unknown,2.0,38889.01,6.0,9.0
3704541,6.0,78.0,52.0,Unknown,2.0,29253.02,0.0,3.0
8646281,11.0,132.0,54.0,Female,2.0,56152.26,6.0,9.0
5939898,12.0,145.0,32.0,Female,3.0,114545.78,2.0,5.0
1579430,7.0,85.0,46.0,Unknown,5.0,187332.29,5.0,8.0
4473018,14.0,179.0,75.5,Female,2.0,45167.67999999999,0.0,3.0
3019793,15.0,191.0,63.0,Female,2.0,60124.55,0.0,3.0
1425793,16.0,197.0,58.5,Male,2.0,43329.38,5.0,8.0
9315996,8.0,106.0,33.5,Unknown,2.0,44330.52,1.0,4.0
9635965,15.0,180.0,36.0,Female,2.0,53071.65,0.0,3.0
5249002,4.0,57.0,25.5,Unknown,2.0,49879.84,6.0,9.0
6698397,7.0,92.0,31.5,Unknown,2.0,61552.75,1.0,4.0
3529156,6.0,74.0,30.0,Unknown,3.0,51305.56,6.0,9.0
9258559,7.0,85.0,28.5,Unknown,4.0,75149.37,0.0,3.0
5815231,12.0,153.0,51.5,Male,2.0,124767.64,6.0,9.0
346781,26.0,314.0,23.5,Female,2.0,250039.21,1.0,4.0
2138403,6.0,74.0,28.5,Unknown,2.0,27168.19,1.0,4.0
5996130,11.0,134.0,49.5,Female,3.0,139092.41999999998,3.0,7.0
9997114,22.0,264.0,44.5,Male,2.0,80740.79999999999,1.0,4.0
6712609,20.0,250.0,50.5,Male,2.0,30482.5,2.0,5.0
306592,19.0,234.0,65.5,Male,3.0,32153.08,1.0,4.0
8893928,18.0,226.0,44.5,Female,2.0,95094.68,4.0,8.0
9571509,17.0,206.0,38.5,Male,2.0,56712.79,2.0,5.0
3941572,16.0,192.0,67.0,Female,2.0,52206.28,2.0,6.0
7296383,13.0,160.0,34.0,Male,2.0,61568.71,5.0,8.0
6322494,9.0,118.0,34.0,Male,2.0,74646.03,6.0,9.0
5764154,7.0,87.0,46.0,Unknown,2.0,29907.5,1.0,4.0
5078416,6.0,78.0,39.5,Unknown,3.0,72946.36,4.0,8.0
3694953,4.0,59.0,41.5,Male,4.0,187984.28,6.0,9.0
5610462,6.0,81.0,67.0,Unknown,2.0,36610.68,2.0,5.0
2531839,9.0,110.0,34.0,Female,2.0,80593.82,6.0,9.0
1371807,5.0,66.0,54.5,Unknown,2.0,48891.26,1.0,4.0
3018537,8.0,102.0,22.0,Unknown,2.0,60834.69,6.0,9.0
238154,14.0,177.0,52.5,Male,2.0,23953.4,6.0,9.0
1930379,10.0,126.0,56.0,Female,2.0,94407.02,0.0,3.0
4692937,34.0,412.0,55.5,Female,2.0,83170.04999999999,5.0,8.0
9951563,15.0,190.0,53.0,Female,2.0,79656.48999999999,0.0,3.0
6845739,9.0,108.0,32.5,Male,2.0,47003.16,2.0,5.0
2921435,5.0,63.0,65.0,Male,2.0,26854.91,6.0,9.0
8752263,14.0,175.0,32.5,Female,3.0,91267.5,3.0,6.0
5467826,11.0,141.0,48.0,Female,2.0,137684.43,2.0,5.0
6206573,4.0,49.0,57.0,Unknown,2.0,88454.07,3.0,6.0
2849820,8.0,104.0,29.5,Unknown,2.0,52237.22,1.0,4.0
7974180,5.0,60.0,27.0,Unknown,3.0,32345.7,5.0,8.0
745998,6.0,81.0,50.5,Unknown,3.0,97535.36,6.0,9.0
1179943,35.0,430.0,62.0,Male,4.0,1308030.19,3.0,6.0
7507111,5.0,66.0,26.0,Unknown,3.0,64305.4,6.0,9.0
1379081,4.0,59.0,17.5,Unknown,2.0,32400.44,2.0,5.0
5110805,6.0,72.0,41.5,Unknown,4.0,113492.73,6.0,9.0
8823500,5.0,70.0,32.5,Male,2.0,94646.1,0.0,3.0
8752770,16.0,193.0,61.5,Male,2.0,159561.03999999998,5.0,8.0
7431756,6.0,82.0,20.5,Unknown,2.0,40165.57,0.0,3.0
6197648,10.0,125.0,56.5,Female,2.0,128506.9,2.0,5.0
133340,13.0,166.0,50.0,Female,2.0,52800.09,1.0,4.0
4784017,9.0,110.0,40.0,Male,2.0,31522.95,2.0,5.0
3874527,7.0,92.0,38.0,Unknown,3.0,30858.21,0.0,3.0
7276218,7.0,92.0,21.0,Unknown,2.0,27966.1,6.0,9.0
2706190,11.0,133.0,43.5,Female,2.0,49514.33,6.0,9.0
8497468,4.0,59.0,25.5,Unknown,2.0,44746.11,1.0,4.0
5071081,5.0,70.0,44.0,Female,2.0,28427.86,1.0,4.0
7145681,12.0,155.0,32.0,Male,2.0,35923.54,1.0,4.0
7782643,19.0,239.0,49.0,Male,2.0,970504.45,6.0,9.0
749827,7.0,88.0,48.5,Unknown,2.0,375466.21,2.0,5.0
4159174,5.0,69.0,71.5,Unknown,3.0,68192.4,5.0,8.0
7498991,4.0,57.0,22.0,Unknown,2.0,32849.64,6.0,9.0
6416273,6.0,74.0,60.5,Male,2.0,327077.59,6.0,9.0
6565522,4.0,54.0,53.0,Male,2.0,55580.76,1.0,4.0
1698574,4.0,56.0,18.0,Unknown,2.0,32691.85,2.0,5.0
1718250,8.0,98.0,44.5,Unknown,2.0,139030.2,0.0,3.0
5602321,11.0,139.0,53.5,Male,2.0,206823.05,6.0,9.0
1641262,11.0,136.0,52.0,Female,2.0,49304.49,5.0,8.0
5729982,4.0,59.0,30.0,Unknown,2.0,32508.81,0.0,3.0
5472852,23.0,285.0,58.5,Male,3.0,299357.78,5.0,8.0
8235640,23.0,277.0,51.5,Unknown,3.0,162776.08000000002,4.0,7.0
5622010,21.0,253.0,57.0,Female,5.0,106993.52,6.0,9.0
1494303,20.0,250.0,65.0,Male,3.0,224566.62,6.0,9.0
4122600,18.0,224.0,30.0,Male,2.0,51532.5,6.0,9.0
6409101,16.0,198.0,40.0,Male,2.0,56082.6,0.0,3.0
4578721,17.0,215.0,48.5,Female,2.0,90749.98,2.0,5.0
6111380,12.0,154.0,36.0,Unknown,2.0,51788.33,5.0,8.0
1118953,4.0,52.0,63.5,Unknown,2.0,55982.49,0.0,3.0
8418726,25.0,309.0,22.0,Female,3.0,67135.7,1.0,4.0
8095397,9.0,115.0,35.5,Male,3.0,439104.49,6.0,9.0
7584428,13.0,156.0,53.5,Female,2.0,272550.49,3.0,6.0
1998730,8.0,107.0,39.0,Male,2.0,82918.47,6.0,9.0
6901075,7.0,86.0,72.0,Unknown,2.0,173415.03999999998,5.0,8.0
2946301,14.0,178.0,26.5,Male,2.0,34423.66,6.0,9.0
9427078,6.0,80.0,51.5,Unknown,2.0,199693.64,3.0,6.0
4657154,30.0,371.0,69.0,Female,3.0,876442.99,6.0,9.0
7058142,6.0,82.0,56.5,Unknown,2.0,79139.44,5.0,8.0
3574160,6.0,72.0,41.5,Unknown,2.0,42121.71,6.0,9.0
9991244,8.0,106.0,29.5,Female,3.0,188445.0,5.0,8.0
9173347,17.0,204.0,63.0,Female,2.0,33093.759999999995,2.0,5.0
3487399,7.0,86.0,60.0,Unknown,2.0,54155.71,3.0,6.0
4491137,12.0,152.0,56.0,Male,4.0,79744.86,6.0,9.0
4611769,12.0,144.0,58.0,Male,2.0,51888.5,1.0,4.0
138790,6.0,81.0,33.5,Female,2.0,38293.17,2.0,5.0
6759344,10.0,125.0,66.5,Male,3.0,782653.4500000001,6.0,9.0
9145535,4.0,56.0,56.5,Unknown,2.0,27638.89,6.0,9.0
5166587,6.0,78.0,26.5,Unknown,3.0,69907.72,6.0,9.0
7526606,6.0,75.0,71.0,Unknown,2.0,56016.94,4.0,7.0
5791603,9.0,111.0,58.5,Male,2.0,44642.08,6.0,9.0
6945242,12.0,153.0,41.0,Male,2.0,27123.85,1.0,4.0
2132417,4.0,56.0,23.5,Unknown,2.0,34151.96,5.0,8.0
9506343,7.0,93.0,29.0,Female,2.0,36058.72,1.0,4.0
4724921,18.0,221.0,65.5,Male,2.0,53967.81,2.0,5.0
3228458,16.0,193.0,44.5,Female,2.0,116976.74,6.0,9.0
4893150,24.0,296.0,62.5,Female,3.0,181625.48,3.0,6.0
670189,10.0,120.0,34.5,Male,2.0,90338.18,2.0,5.0
6900644,13.0,167.0,39.5,Male,2.0,58730.4,2.0,5.0
6795537,5.0,61.0,28.0,Unknown,2.0,41357.36,3.0,6.0
7930155,4.0,59.0,32.5,Unknown,2.0,50336.17999999999,6.0,9.0
6116287,11.0,136.0,64.5,Female,2.0,30857.43,4.0,7.0
4192640,14.0,174.0,54.0,Male,2.0,97914.4,3.0,6.0
6045882,6.0,73.0,39.5,Male,2.0,34666.17,3.0,6.0
9583150,13.0,156.0,58.0,Male,2.0,33666.49,0.0,3.0
3164231,4.0,56.0,52.0,Female,2.0,73153.91,6.0,9.0
6732225,7.0,84.0,25.0,Unknown,2.0,50139.08,1.0,4.0
3419383,4.0,58.0,64.0,Unknown,2.0,297878.67,5.0,8.0
706123,3.0,46.0,59.5,Female,2.0,148464.13,2.0,5.0
1659643,11.0,142.0,32.0,Female,2.0,33791.49,0.0,3.0
1682225,12.0,154.0,36.0,Male,3.0,31106.28,0.0,3.0
2914362,16.0,203.0,67.0,Unknown,4.0,51188.13,4.0,7.0
3803658,5.0,70.0,62.5,Unknown,2.0,79174.94,1.0,4.0
32859,4.0,48.0,66.0,Unknown,2.0,36500.69,1.0,4.0
2165031,5.0,69.0,57.0,Unknown,2.0,33847.85,1.0,4.0
8734908,7.0,87.0,40.5,Unknown,2.0,77617.07,0.0,3.0
1475786,6.0,81.0,56.5,Unknown,2.0,300265.84,3.0,6.0
2762642,4.0,58.0,38.0,Unknown,2.0,27286.92,2.0,5.0
2937584,4.0,58.0,38.0,Unknown,2.0,25281.78,0.0,3.0
5336960,22.0,275.0,28.0,Male,2.0,24574.04,0.0,3.0
8420398,24.0,290.0,58.0,Female,2.0,167797.2,5.0,8.0
4228381,21.0,253.0,59.0,Unknown,2.0,81677.06,0.0,3.0
4018288,20.0,250.0,51.0,Female,2.0,29136.35,1.0,4.0
97590,20.0,241.0,57.5,Female,3.0,144610.18,6.0,9.0
4509405,20.0,241.0,37.5,Male,3.0,88783.51999999999,2.0,5.0
1455127,17.0,213.0,50.5,Male,4.0,709397.4400000001,5.0,8.0
1457497,15.0,186.0,48.0,Female,2.0,34223.66,0.0,3.0
4044195,5.0,71.0,51.0,Unknown,2.0,36591.49,2.0,5.0
25026,10.0,123.0,62.5,Male,2.0,49325.12,6.0,9.0
4065099,5.0,71.0,41.0,Unknown,2.0,56960.02,5.0,8.0
9227736,11.0,135.0,69.0,Female,2.0,46944.48,4.0,7.0
8856396,12.0,152.0,74.5,Male,3.0,130897.78,2.0,5.0
4888731,11.0,135.0,64.0,Female,2.0,95217.72,0.0,3.0
9804197,8.0,96.0,31.0,Unknown,2.0,72442.7,6.0,9.0
5124527,18.0,220.0,48.0,Female,2.0,35076.05,6.0,9.0
6633300,15.0,190.0,77.0,Female,2.0,120055.77,6.0,9.0
7537987,13.0,160.0,36.0,Male,2.0,58995.29,6.0,9.0
9530114,9.0,113.0,54.5,Male,2.0,36614.78,4.0,7.0
4102473,4.0,57.0,30.0,Unknown,3.0,38370.01,0.0,3.0
5657394,8.0,100.0,41.0,Unknown,2.0,84287.92,6.0,9.0
6867407,15.0,191.0,39.5,Female,2.0,78375.58,3.0,6.0
8504863,4.0,58.0,59.5,Unknown,2.0,27099.77,0.0,3.0
1780184,6.0,73.0,35.5,Unknown,2.0,40339.8,6.0,9.0
1599587,12.0,147.0,67.0,Female,2.0,254691.81,6.0,9.0
143271,6.0,73.0,51.0,Unknown,2.0,154084.19,6.0,9.0
1977246,13.0,167.0,57.0,Female,2.0,49925.6,4.0,7.0
1350115,9.0,109.0,32.5,Male,2.0,80430.19,2.0,5.0
7229278,12.0,154.0,44.0,Female,3.0,161106.38,0.0,3.0
3435535,6.0,72.0,26.5,Unknown,2.0,33350.73,2.0,5.0
2450057,20.0,250.0,69.5,Male,2.0,1205987.24,6.0,9.0
1862685,13.0,163.0,40.0,Female,3.0,95531.95,4.0,7.0
5769238,6.0,78.0,44.0,Unknown,2.0,66416.81,0.0,3.0
9441943,3.0,45.0,55.5,Male,2.0,1319355.69,6.0,9.0
3281290,6.0,73.0,45.5,Male,3.0,173169.90000000002,6.0,9.0
9058208,23.0,284.0,55.5,Female,3.0,154942.28999999998,6.0,9.0
950296,7.0,94.0,69.0,Unknown,2.0,34547.81,3.0,6.0
7733673,5.0,61.0,49.5,Unknown,3.0,83807.23,6.0,9.0
1068616,17.0,205.0,40.5,Male,2.0,117064.58,1.0,4.0
7726539,7.0,93.0,23.5,Unknown,2.0,75294.22,6.0,9.0
923946,4.0,59.0,38.5,Unknown,2.0,24239.7,2.0,5.0
9130383,15.0,186.0,40.5,Male,2.0,644808.68,6.0,9.0
3331063,6.0,82.0,55.5,Male,2.0,1247663.54,6.0,9.0
3046703,6.0,74.0,33.0,Unknown,3.0,59487.76,6.0,9.0
1436536,7.0,88.0,46.5,Unknown,2.0,123684.98,0.0,3.0
5580793,12.0,152.0,26.0,Male,3.0,61926.17,2.0,5.0
3912074,12.0,152.0,30.5,Female,2.0,23809.74,0.0,3.0
5059283,6.0,83.0,57.0,Unknown,3.0,302577.61,6.0,9.0
2008545,13.0,166.0,34.0,Female,2.0,120643.94,3.0,6.0
4368150,14.0,178.0,57.5,Male,2.0,93208.05,2.0,5.0
4366051,24.0,294.0,63.0,Male,3.0,741210.9500000001,5.0,8.0
8617682,23.0,284.0,62.0,Male,2.0,436733.95,3.0,6.0
3817564,22.0,270.0,38.5,Male,3.0,701561.52,6.0,9.0
2077336,22.0,268.0,72.0,Male,2.0,29695.76,6.0,9.0
8989080,20.0,250.0,58.0,Female,2.0,50088.86,0.0,3.0
1406771,21.0,254.0,65.5,Unknown,2.0,90597.86,6.0,9.0
6521758,19.0,238.0,41.5,Female,4.0,142113.47999999998,4.0,7.0
3358285,19.0,239.0,63.0,Female,4.0,120216.11,6.0,9.0
4784867,17.0,211.0,43.5,Female,2.0,66968.01999999999,0.0,3.0
8624972,6.0,77.0,61.5,Male,3.0,122205.54,5.0,8.0
1183736,20.0,249.0,22.0,Unknown,2.0,106415.25,1.0,4.0
27554,16.0,194.0,36.0,Male,2.0,88188.19,3.0,6.0
812876,14.0,178.0,38.0,Female,2.0,115448.15,4.0,7.0
4085599,9.0,119.0,43.0,Male,2.0,37823.72,0.0,3.0
715865,20.0,240.0,66.5,Male,2.0,49030.37,6.0,9.0
8646822,9.0,111.0,23.5,Female,2.0,56505.89,2.0,5.0
501214,16.0,195.0,66.5,Female,2.0,23872.67,2.0,5.0
375257,15.0,185.0,27.5,Male,2.0,48261.2,0.0,3.0
1133121,6.0,75.0,72.0,Unknown,2.0,316948.36,4.0,7.0
1927754,13.0,166.0,50.0,Male,2.0,64790.66,1.0,4.0
2105851,14.0,178.0,52.0,Male,2.0,24796.89,2.0,5.0
3899686,5.0,62.0,23.0,Unknown,2.0,34702.14,2.0,5.0
552649,10.0,124.0,38.0,Male,2.0,309148.38,3.0,6.0
5429742,11.0,142.0,40.0,Female,2.0,29614.95,0.0,3.0
9784082,15.0,186.0,50.0,Male,2.0,173653.03999999998,3.0,6.0
3078031,4.0,55.0,46.5,Female,2.0,116484.03,6.0,9.0
3761960,10.0,127.0,54.5,Female,2.0,90991.73,4.0,7.0
8739088,5.0,65.0,45.5,Unknown,2.0,181456.99,6.0,9.0
3609731,4.0,58.0,20.0,Unknown,2.0,27563.65,2.0,5.0
1392234,7.0,95.0,53.0,Unknown,2.0,122250.89,5.0,8.0
9578004,11.0,134.0,25.5,Male,3.0,54534.78999999999,2.0,5.0
8294791,17.0,209.0,42.5,Female,2.0,48432.38,2.0,5.0
1911384,9.0,109.0,51.5,Female,2.0,65461.53,2.0,5.0
3229802,15.0,180.0,68.0,Female,2.0,64788.5,0.0,3.0
3802239,26.0,319.0,63.5,Female,2.0,329171.86,6.0,9.0
4052523,8.0,102.0,43.5,Unknown,2.0,80232.33,2.0,5.0
4726228,6.0,83.0,19.5,Unknown,2.0,38328.1,1.0,4.0
154143,6.0,79.0,38.5,Unknown,3.0,36648.38,1.0,4.0
4340724,21.0,262.0,35.5,Male,4.0,503434.05,6.0,9.0
8621740,5.0,60.0,35.5,Female,2.0,64339.32,0.0,4.0
1894933,16.0,194.0,67.5,Female,2.0,319777.14,0.0,4.0
7810089,13.0,156.0,40.0,Female,2.0,191068.04,2.0,5.0
1669156,11.0,132.0,42.5,Male,2.0,108849.8,0.0,3.0
3376026,7.0,86.0,62.5,Unknown,2.0,977063.7,4.0,7.0
6316702,5.0,67.0,55.5,Unknown,3.0,33325.759999999995,5.0,8.0
4137479,5.0,71.0,20.5,Unknown,3.0,35636.54,3.0,6.0
7464268,7.0,84.0,28.5,Unknown,3.0,60634.96,4.0,7.0
8634059,6.0,74.0,62.0,Unknown,3.0,79938.56,5.0,8.0
6523409,4.0,48.0,53.5,Female,2.0,406354.5,4.0,7.0
3834304,17.0,214.0,46.0,Male,2.0,140798.0,4.0,7.0
6161613,7.0,85.0,32.0,Unknown,2.0,108008.16,4.0,7.0
7324480,17.0,214.0,72.0,Female,2.0,119992.69,6.0,9.0
2692947,12.0,148.0,31.0,Male,3.0,28288.79,6.0,9.0
3682583,10.0,127.0,23.5,Male,2.0,45055.41,0.0,3.0
2819179,7.0,84.0,61.5,Unknown,2.0,759307.0900000001,3.0,6.0
2408598,10.0,120.0,60.5,Male,2.0,42367.74,2.0,5.0
1384630,6.0,83.0,55.0,Unknown,2.0,50414.9,0.0,3.0
4237729,9.0,117.0,36.0,Female,3.0,147993.51,6.0,9.0
1035107,8.0,96.0,74.5,Unknown,2.0,124533.59,6.0,9.0
3217890,14.0,178.0,46.5,Female,4.0,540999.27,0.0,3.0
6135653,15.0,191.0,56.5,Male,4.0,278476.95,6.0,9.0
2261008,29.0,357.0,72.0,Female,2.0,85122.7,6.0,9.0
3598438,35.0,423.0,78.5,Male,2.0,31830.56,0.0,4.0
3492370,12.0,151.0,28.0,Female,2.0,29942.17,6.0,9.0
9637216,23.0,282.0,66.5,Male,3.0,145248.06,4.0,7.0
4196060,22.0,274.0,66.5,Female,2.0,292281.4,1.0,4.0
920466,22.0,270.0,34.0,Female,2.0,27965.23,1.0,4.0
1523453,20.0,244.0,50.0,Female,2.0,45985.76,0.0,3.0
3243153,20.0,240.0,44.5,Female,2.0,78211.25,4.0,7.0
797239,19.0,230.0,71.0,Female,2.0,248563.39,6.0,9.0
2889999,19.0,229.0,62.5,Female,2.0,43557.66,2.0,5.0
3902029,16.0,192.0,44.0,Male,2.0,28293.69,1.0,4.0
1733552,15.0,183.0,61.5,Male,2.0,79307.13,5.0,8.0
4679141,5.0,60.0,52.5,Female,2.0,102422.92,1.0,4.0
4847745,12.0,145.0,29.5,Male,2.0,55289.11,6.0,9.0
5247474,5.0,68.0,49.0,Unknown,2.0,43328.03,1.0,4.0
3789163,7.0,84.0,31.0,Unknown,2.0,33151.57,1.0,4.0
628060,4.0,59.0,81.0,Male,3.0,226752.2,3.0,6.0
9918040,11.0,141.0,45.0,Female,2.0,41583.02,6.0,9.0
1255626,16.0,192.0,41.5,Female,3.0,103512.07,1.0,4.0
242241,11.0,143.0,38.0,Unknown,2.0,30190.75,1.0,4.0
8412454,4.0,58.0,50.5,Male,2.0,30722.51,1.0,4.0
2944878,4.0,58.0,37.5,Unknown,2.0,204314.41,0.0,3.0
1748369,15.0,189.0,65.0,Male,2.0,129210.61,6.0,9.0
8243653,5.0,63.0,27.5,Female,2.0,48954.99,6.0,9.0
664982,14.0,179.0,49.5,Female,2.0,28058.25,1.0,4.0
1757492,20.0,242.0,67.5,Female,2.0,27911.51,3.0,6.0
6665985,9.0,114.0,61.5,Female,2.0,319787.12,5.0,8.0
9823479,6.0,74.0,34.0,Female,2.0,80461.76,3.0,6.0
1666275,11.0,142.0,32.0,Female,2.0,33406.14,0.0,3.0
6664576,15.0,185.0,51.0,Female,2.0,89688.88,0.0,3.0
2913291,5.0,69.0,64.0,Male,2.0,204687.68,0.0,3.0
5618429,14.0,178.0,55.0,Male,2.0,34785.56,1.0,4.0
6810950,14.0,174.0,57.0,Female,2.0,154729.28999999998,2.0,5.0
1389369,13.0,157.0,55.0,Male,2.0,262712.96,6.0,9.0
2256413,13.0,159.0,52.0,Male,2.0,152668.55,6.0,9.0
2652985,9.0,108.0,64.5,Male,2.0,26862.93,0.0,3.0
8851503,12.0,154.0,45.5,Male,2.0,25711.38,1.0,4.0
3305488,7.0,85.0,56.0,Unknown,3.0,47907.97,4.0,8.0
9411147,15.0,191.0,43.0,Female,2.0,42276.24,0.0,3.0
7396897,5.0,67.0,25.0,Female,2.0,51729.9,6.0,9.0
8272668,4.0,58.0,23.5,Unknown,2.0,32528.68,5.0,8.0
9453906,14.0,176.0,60.5,Male,2.0,248295.53,0.0,3.0
2855654,11.0,138.0,25.0,Female,2.0,96234.71,1.0,4.0
1519720,5.0,67.0,43.5,Unknown,2.0,39117.25,3.0,6.0
2926683,4.0,59.0,48.5,Unknown,2.0,40391.98,0.0,3.0
9455946,5.0,60.0,25.5,Unknown,2.0,31293.85,3.0,6.0
6959360,25.0,309.0,71.5,Male,2.0,23857.26,1.0,4.0
9258906,15.0,190.0,60.0,Female,2.0,96924.61,2.0,5.0
5219971,15.0,191.0,41.0,Male,4.0,113680.82,6.0,9.0
6742547,5.0,70.0,57.5,Unknown,2.0,39300.81,1.0,4.0
5039552,15.0,189.0,47.5,Female,2.0,27509.12,1.0,4.0
5833025,9.0,113.0,50.0,Male,2.0,519202.09,3.0,6.0
4571808,4.0,49.0,26.5,Unknown,2.0,27241.9,2.0,5.0
6211097,4.0,59.0,45.0,Unknown,3.0,73343.11,5.0,8.0
5164495,5.0,63.0,59.0,Unknown,2.0,911759.05,6.0,9.0
1670040,9.0,118.0,46.5,Female,2.0,41631.36,0.0,3.0
7803217,5.0,68.0,41.5,Unknown,2.0,50991.37,2.0,5.0
8045953,21.0,254.0,31.0,Female,3.0,41008.03999999999,0.0,3.0
9040093,24.0,296.0,72.0,Female,2.0,352397.97,3.0,6.0
3865008,22.0,271.0,49.5,Female,2.0,193302.5,2.0,5.0
3509130,22.0,264.0,53.5,Female,3.0,77100.2,3.0,6.0
3185322,20.0,246.0,63.0,Unknown,2.0,67776.35,5.0,8.0
5966949,19.0,238.0,52.0,Female,3.0,86951.23999999999,0.0,3.0
3730736,19.0,229.0,37.5,Female,5.0,88223.23999999999,6.0,9.0
4630285,17.0,215.0,66.5,Female,2.0,128892.29,6.0,9.0
7760916,7.0,93.0,40.5,Unknown,2.0,78452.59,5.0,8.0
4088681,14.0,175.0,49.5,Female,2.0,24356.95,0.0,3.0
9740191,16.0,196.0,67.5,Female,3.0,238985.14,6.0,9.0
5971469,14.0,172.0,36.5,Male,2.0,135158.78999999998,2.0,5.0
4011311,30.0,361.0,63.5,Female,2.0,156815.68,2.0,5.0
9627857,5.0,69.0,56.0,Unknown,2.0,321982.61,1.0,5.0
7018373,18.0,218.0,54.0,Male,2.0,55643.73,6.0,9.0
2030016,7.0,86.0,45.5,Unknown,2.0,43886.44,6.0,9.0
3545740,16.0,193.0,42.0,Female,2.0,48278.59,0.0,3.0
5863707,15.0,190.0,41.0,Male,2.0,105988.34,4.0,7.0
6445823,12.0,146.0,28.0,Female,2.0,33160.56,3.0,6.0
5242320,4.0,58.0,23.5,Female,2.0,31486.23,5.0,8.0
2079061,5.0,71.0,46.0,Unknown,3.0,140848.02000000002,6.0,9.0
7470480,23.0,281.0,90.5,Male,2.0,95997.32,3.0,6.0
6659541,15.0,190.0,37.0,Female,2.0,52859.11,1.0,4.0
6847321,11.0,141.0,44.0,Female,2.0,74372.93,3.0,6.0
322174,6.0,76.0,57.0,Unknown,2.0,35083.0,1.0,5.0
975117,5.0,69.0,40.0,Unknown,3.0,53941.03,5.0,8.0
4868086,10.0,120.0,57.0,Female,2.0,50794.06,4.0,7.0
6859853,10.0,126.0,34.0,Male,2.0,132917.36,6.0,9.0
8798725,6.0,83.0,38.5,Unknown,3.0,76140.26999999999,5.0,8.0
7095768,15.0,191.0,54.0,Female,2.0,100499.97,2.0,6.0
9971481,5.0,64.0,27.5,Unknown,2.0,38993.96,6.0,9.0
1333964,5.0,70.0,26.5,Unknown,2.0,40495.95,1.0,4.0
4846832,10.0,128.0,57.0,Male,2.0,751327.9,5.0,8.0
1053249,4.0,57.0,58.0,Unknown,3.0,545865.38,6.0,9.0
1215090,11.0,134.0,44.5,Male,2.0,742405.18,1.0,4.0
3146446,14.0,178.0,70.5,Male,2.0,106348.35,2.0,5.0
8003314,5.0,65.0,31.5,Unknown,2.0,40709.4,1.0,4.0
651398,8.0,96.0,49.0,Unknown,2.0,43497.64,3.0,6.0
1118571,30.0,364.0,59.5,Male,3.0,317070.04,5.0,8.0
398973,12.0,152.0,59.0,Female,2.0,165353.21999999997,3.0,6.0
2474224,12.0,148.0,51.0,Female,3.0,38084.38,1.0,4.0
5171794,13.0,166.0,64.0,Male,2.0,354101.8,6.0,9.0
7622771,25.0,300.0,48.5,Male,3.0,353355.75,6.0,9.0
3790567,4.0,58.0,24.5,Unknown,2.0,35734.92,2.0,5.0
4955045,7.0,87.0,32.0,Unknown,2.0,157171.09999999998,1.0,4.0
6064573,17.0,213.0,40.5,Male,2.0,146255.74,4.0,7.0
9187008,30.0,370.0,55.5,Male,2.0,33696.44,1.0,4.0
2766627,15.0,189.0,53.0,Female,2.0,32297.0,6.0,9.0
312726,7.0,92.0,28.5,Female,2.0,26378.28,3.0,6.0
8152690,14.0,173.0,49.5,Female,2.0,143527.94,1.0,4.0
2465119,4.0,59.0,30.0,Unknown,3.0,135127.93,5.0,8.0
7383102,6.0,80.0,87.5,Unknown,2.0,39554.36,2.0,5.0
8563982,16.0,194.0,47.5,Female,2.0,329129.01,1.0,4.0
6596973,23.0,287.0,56.0,Female,3.0,703207.56,2.0,6.0
7277362,23.0,280.0,49.5,Unknown,3.0,88738.2,0.0,3.0
5276945,22.0,274.0,68.0,Female,2.0,35657.73,2.0,6.0
7051612,22.0,273.0,27.0,Female,2.0,41434.09,6.0,9.0
9165808,22.0,264.0,58.5,Female,2.0,100592.31,6.0,9.0
465162,21.0,256.0,23.5,Male,2.0,28602.91,2.0,5.0
8815612,21.0,254.0,68.0,Female,2.0,102097.92,6.0,9.0
4686722,6.0,80.0,28.5,Unknown,2.0,33993.93,5.0,8.0
9914877,6.0,72.0,47.5,Female,2.0,48866.6,4.0,7.0
7140838,5.0,71.0,48.5,Unknown,2.0,53613.85,0.0,3.0
1547591,11.0,137.0,62.5,Male,2.0,45243.35,1.0,4.0
5219742,16.0,194.0,44.5,Female,2.0,60711.3,5.0,8.0
626839,11.0,143.0,38.0,Female,2.0,123302.69,3.0,6.0
9369525,4.0,58.0,22.0,Unknown,3.0,38413.97,1.0,4.0
3347429,14.0,169.0,55.0,Male,4.0,1219856.38,3.0,6.0
7776747,3.0,44.0,47.5,Unknown,2.0,33478.59,4.0,7.0
5473710,28.0,336.0,66.0,Female,2.0,48519.85,1.0,4.0
6731163,15.0,190.0,63.5,Female,2.0,82914.48,1.0,4.0
1890387,5.0,70.0,22.0,Unknown,2.0,31199.54,1.0,4.0
7724904,27.0,335.0,69.5,Female,3.0,67620.12,5.0,8.0
2075347,12.0,147.0,30.5,Female,4.0,99254.93,6.0,9.0
6383840,14.0,168.0,47.0,Unknown,2.0,31027.8,1.0,4.0
5174899,4.0,58.0,21.5,Unknown,2.0,32173.84,0.0,3.0
2531123,4.0,58.0,27.0,Unknown,2.0,27932.11,5.0,8.0
1364178,15.0,187.0,31.5,Female,2.0,43015.9,3.0,6.0
9408108,9.0,112.0,23.5,Male,2.0,37477.16,6.0,9.0
4496177,5.0,67.0,21.5,Unknown,2.0,54157.33,6.0,9.0
7927686,6.0,72.0,64.0,Unknown,3.0,152847.71,3.0,6.0
3469734,6.0,82.0,36.5,Unknown,2.0,31544.05,0.0,3.0
7099157,7.0,85.0,40.0,Unknown,2.0,61399.33,5.0,8.0
4311764,6.0,77.0,37.5,Unknown,2.0,69657.2,1.0,4.0
502017,13.0,166.0,63.5,Female,3.0,62041.99,4.0,7.0
9443987,16.0,195.0,68.0,Female,2.0,190670.74,2.0,5.0
5314475,15.0,186.0,44.5,Female,2.0,401891.04,0.0,3.0
9092629,4.0,58.0,33.5,Unknown,2.0,31409.88,1.0,4.0
209090,13.0,164.0,38.0,Female,2.0,40524.23,5.0,8.0
6893953,30.0,371.0,54.0,Male,2.0,50267.51,6.0,9.0
3970048,27.0,334.0,56.5,Male,3.0,207142.25,4.0,7.0
7414809,11.0,132.0,29.0,Female,2.0,44513.14,0.0,3.0
3389513,12.0,146.0,46.0,Female,2.0,52614.59,0.0,3.0
6904174,8.0,105.0,32.5,Female,3.0,59768.27,6.0,9.0
8463837,5.0,71.0,48.5,Unknown,2.0,28921.91,0.0,3.0
734803,26.0,320.0,63.5,Male,2.0,46136.03,6.0,9.0
3345879,13.0,158.0,34.0,Male,3.0,137547.33000000002,6.0,9.0
1017730,10.0,123.0,75.5,Male,2.0,605744.0,6.0,9.0
616089,23.0,281.0,53.5,Male,2.0,545807.08,2.0,5.0
159268,22.0,275.0,61.5,Male,3.0,212553.62,5.0,8.0
1548256,17.0,210.0,33.0,Male,3.0,341797.36,3.0,6.0
783521,10.0,125.0,93.5,Female,2.0,1201642.6,2.0,5.0
2605545,15.0,181.0,36.5,Female,2.0,98777.28,6.0,9.0
3876293,6.0,73.0,37.5,Unknown,2.0,36144.58,1.0,4.0
789016,10.0,130.0,63.0,Male,2.0,283603.66,6.0,9.0
8843236,13.0,166.0,31.0,Female,2.0,53316.57,6.0,9.0
768381,6.0,83.0,52.0,Unknown,2.0,87045.73999999999,6.0,9.0
4053808,21.0,263.0,57.5,Male,2.0,533765.26,5.0,8.0
9625484,14.0,179.0,60.0,Female,2.0,32123.88,1.0,4.0
3219916,8.0,107.0,37.0,Female,2.0,75826.04000000001,0.0,3.0
5851508,5.0,71.0,30.5,Unknown,2.0,29650.86,6.0,9.0
741074,7.0,89.0,58.5,Unknown,2.0,758957.64,6.0,9.0
9777974,15.0,191.0,67.0,Male,2.0,81044.25,4.0,7.0
5998340,8.0,99.0,59.0,Unknown,2.0,48496.81,3.0,6.0
9717954,5.0,70.0,37.0,Unknown,2.0,49807.09,6.0,9.0
7293698,17.0,215.0,54.5,Female,2.0,53715.89,0.0,3.0
2079150,11.0,137.0,70.5,Male,2.0,220408.71,1.0,6.0
1060676,16.0,192.0,54.0,Male,2.0,35406.55,0.0,3.0
4882149,9.0,118.0,42.5,Unknown,2.0,65257.38,6.0,9.0
391209,5.0,65.0,30.5,Unknown,3.0,80522.4,6.0,9.0
614096,10.0,127.0,53.0,Male,2.0,57636.45,0.0,3.0
2823601,8.0,102.0,66.0,Unknown,2.0,65374.81,2.0,5.0
1511326,6.0,72.0,24.0,Unknown,3.0,65955.1,6.0,9.0
6455842,7.0,85.0,21.0,Unknown,2.0,51450.66,5.0,8.0
177876,6.0,73.0,19.5,Unknown,2.0,37795.9,1.0,4.0
2917410,14.0,173.0,31.5,Female,2.0,112928.9,0.0,3.0
5990202,13.0,156.0,32.5,Male,2.0,30829.25,5.0,8.0
5023186,13.0,166.0,61.5,Female,2.0,265336.94,0.0,3.0
7771527,14.0,178.0,71.5,Male,2.0,126230.97,0.0,3.0
9438460,6.0,83.0,62.5,Unknown,2.0,44877.67999999999,1.0,4.0
2877389,15.0,182.0,37.0,Male,2.0,44400.78999999999,3.0,6.0
6421285,3.0,44.0,27.5,Unknown,2.0,73347.09,6.0,9.0
6232107,4.0,58.0,67.5,Unknown,2.0,26713.52,4.0,7.0
8170199,15.0,190.0,40.0,Female,2.0,43793.62,0.0,3.0
2709963,11.0,135.0,49.0,Male,2.0,197802.42,3.0,7.0
2089991,29.0,353.0,58.5,Male,3.0,125632.94,6.0,9.0
2822267,15.0,186.0,40.5,Male,4.0,312300.75,6.0,9.0
5021662,9.0,111.0,52.5,Female,2.0,54792.12,6.0,9.0
3479174,5.0,66.0,46.0,Unknown,2.0,372676.77,4.0,7.0
8036434,5.0,70.0,31.5,Unknown,3.0,296004.8,1.0,4.0
9830374,11.0,142.0,35.0,Male,2.0,34920.91,2.0,5.0
8627363,8.0,102.0,52.5,Unknown,2.0,123811.99,3.0,6.0
5061955,14.0,169.0,33.0,Female,2.0,83167.51,4.0,7.0
564806,13.0,162.0,25.5,Female,5.0,455491.25,6.0,9.0
9599317,5.0,68.0,62.5,Male,2.0,273122.11,5.0,8.0
4806480,12.0,150.0,27.5,Male,2.0,36136.21,0.0,3.0
533966,14.0,179.0,58.0,Female,3.0,38595.32,4.0,7.0
2298096,15.0,190.0,50.5,Male,2.0,837276.91,6.0,9.0
2365879,5.0,69.0,56.5,Unknown,2.0,49768.05,1.0,4.0
5755725,15.0,189.0,35.5,Male,2.0,24389.55,3.0,6.0
1187270,5.0,70.0,18.5,Unknown,2.0,26016.43,0.0,3.0
8849791,23.0,285.0,32.5,Female,2.0,117426.37,1.0,4.0
3390281,21.0,252.0,69.0,Male,3.0,87657.36,5.0,8.0
3730542,7.0,87.0,28.0,Unknown,2.0,56004.51,6.0,9.0
3730863,4.0,59.0,25.5,Unknown,2.0,31508.15,0.0,3.0
2971453,9.0,112.0,27.5,Male,2.0,25513.7,0.0,3.0
1200760,4.0,56.0,33.5,Unknown,2.0,30880.14,3.0,6.0
2162418,8.0,100.0,51.0,Unknown,2.0,48409.03999999999,0.0,3.0
6088563,9.0,108.0,36.0,Unknown,3.0,295380.09,0.0,3.0
8469745,16.0,197.0,67.5,Male,3.0,41093.4,6.0,9.0
4590197,16.0,193.0,77.5,Male,2.0,298763.8,6.0,9.0
5982683,5.0,68.0,23.5,Unknown,2.0,40113.26,6.0,9.0
3394368,15.0,188.0,50.0,Female,2.0,31299.3,6.0,9.0
7258457,5.0,64.0,24.5,Unknown,2.0,84717.63,6.0,9.0
6974637,13.0,167.0,50.0,Male,2.0,62286.87,1.0,4.0
5884318,15.0,188.0,40.0,Female,2.0,155442.72999999998,2.0,5.0
3243036,15.0,181.0,59.0,Female,2.0,128119.96,2.0,5.0
59782,6.0,83.0,65.5,Unknown,2.0,368237.57,2.0,5.0
8272837,32.0,387.0,74.5,Male,4.0,1023207.51,4.0,7.0
6309001,10.0,131.0,44.5,Male,2.0,285596.06,4.0,7.0
4390764,6.0,72.0,58.5,Male,2.0,1364671.89,6.0,9.0
3501547,13.0,156.0,35.5,Male,2.0,102157.53,4.0,7.0
9640116,6.0,78.0,24.5,Unknown,2.0,51972.78,6.0,9.0
6251197,5.0,70.0,35.0,Unknown,2.0,52499.52,6.0,9.0
3416779,15.0,189.0,34.5,Female,2.0,80829.12,3.0,6.0
6582144,10.0,120.0,33.0,Female,2.0,104653.55,6.0,9.0
7148285,11.0,136.0,35.0,Female,2.0,31071.62,6.0,9.0
5668922,7.0,84.0,41.0,Female,2.0,440502.78,6.0,9.0
3648974,7.0,90.0,31.5,Unknown,2.0,59671.38,0.0,3.0
9280014,8.0,105.0,25.5,Female,2.0,64729.86,1.0,4.0
1772241,5.0,68.0,51.0,Unknown,2.0,30514.28,6.0,9.0
7377686,5.0,70.0,37.5,Male,2.0,35199.83,2.0,5.0
2890662,13.0,156.0,48.0,Male,2.0,80327.0,3.0,6.0
6503258,5.0,71.0,27.0,Unknown,2.0,47006.64,0.0,3.0
7205939,6.0,76.0,29.0,Unknown,2.0,29983.79,2.0,5.0
3081113,15.0,187.0,36.0,Unknown,2.0,136799.56,0.0,3.0
3795439,6.0,78.0,32.5,Unknown,2.0,47204.65,2.0,5.0
62503,7.0,85.0,37.0,Unknown,2.0,148326.71,6.0,9.0
6980026,9.0,109.0,20.5,Unknown,2.0,28919.01,2.0,5.0
1598429,26.0,312.0,61.5,Female,3.0,118442.92,5.0,8.0
9982215,11.0,142.0,50.5,Female,2.0,116619.85,2.0,5.0
9661207,5.0,64.0,76.5,Male,2.0,1229164.18,6.0,9.0
628776,6.0,82.0,67.5,Unknown,2.0,140044.82,6.0,9.0
5803124,19.0,235.0,53.5,Male,2.0,331391.2,6.0,9.0
4358186,11.0,134.0,39.0,Male,3.0,93294.19,5.0,8.0
4964637,11.0,140.0,31.0,Male,2.0,89705.74,2.0,5.0
7909257,9.0,116.0,57.5,Female,2.0,89745.8,4.0,7.0
6946092,8.0,106.0,50.0,Male,2.0,158689.62,0.0,3.0
7316928,15.0,186.0,54.5,Male,3.0,1188323.79,4.0,8.0
8280202,8.0,96.0,73.5,Unknown,2.0,78786.95999999999,3.0,6.0
9788829,6.0,80.0,31.0,Unknown,2.0,44505.63,6.0,9.0
4052287,6.0,74.0,41.5,Unknown,2.0,102439.96,4.0,7.0
8468212,11.0,138.0,38.5,Male,2.0,57188.64,0.0,3.0
7252042,22.0,267.0,54.5,Male,3.0,452033.75,6.0,9.0
5755875,21.0,261.0,26.0,Unknown,5.0,227217.41,5.0,8.0
8606609,21.0,258.0,37.0,Unknown,3.0,141249.19,1.0,4.0
8514077,21.0,258.0,57.0,Female,3.0,612822.38,2.0,5.0
7363195,19.0,238.0,37.5,Male,4.0,605093.7000000001,3.0,6.0
2232369,10.0,123.0,45.5,Female,2.0,46946.94,6.0,9.0
6063632,17.0,213.0,70.0,Male,4.0,344249.63,6.0,9.0
9890346,16.0,194.0,61.5,Female,2.0,27352.91,5.0,8.0
3544855,8.0,96.0,28.5,Unknown,2.0,47222.0,1.0,4.0
5964709,5.0,70.0,31.5,Unknown,2.0,31714.11,1.0,4.0
8864029,13.0,159.0,50.5,Male,2.0,288862.09,5.0,8.0
4664368,22.0,269.0,21.5,Female,2.0,174548.43,2.0,5.0
423508,15.0,189.0,63.0,Male,2.0,31560.91,6.0,9.0
2715707,18.0,216.0,64.0,Male,2.0,427853.47,6.0,9.0
369488,7.0,84.0,53.5,Unknown,2.0,59696.21,6.0,9.0
4607987,11.0,143.0,24.5,Unknown,2.0,32572.06,5.0,8.0
651865,11.0,135.0,59.0,Male,2.0,57231.59,2.0,5.0
5265294,4.0,58.0,27.0,Unknown,3.0,50781.35,1.0,4.0
8713138,12.0,154.0,54.0,Male,2.0,56465.14,6.0,9.0
8824157,6.0,77.0,72.0,Unknown,2.0,229973.89,1.0,4.0
1385159,11.0,143.0,62.5,Female,3.0,66728.17,4.0,7.0
7196062,9.0,109.0,31.0,Female,2.0,27317.9,0.0,3.0
1829429,5.0,67.0,60.0,Female,2.0,321425.39,6.0,9.0
995709,7.0,94.0,58.0,Unknown,2.0,72760.23,1.0,4.0
3322967,9.0,118.0,50.0,Male,5.0,202195.98,3.0,6.0
1997374,5.0,70.0,32.0,Unknown,2.0,23947.45,1.0,4.0
5114480,14.0,179.0,29.0,Male,2.0,159982.36,5.0,8.0
2877728,5.0,70.0,34.0,Female,2.0,52056.13,3.0,6.0
421097,14.0,172.0,69.5,Male,3.0,155104.26,0.0,3.0
4535306,5.0,62.0,25.0,Male,2.0,30267.19,6.0,9.0
4116773,4.0,58.0,50.5,Female,3.0,50126.51,3.0,6.0
9960137,13.0,156.0,40.5,Male,2.0,36906.88,0.0,3.0
4411825,6.0,80.0,28.5,Unknown,2.0,26844.21,0.0,3.0
8275004,5.0,64.0,28.5,Unknown,2.0,33299.28,2.0,5.0
7365722,4.0,58.0,32.0,Unknown,2.0,51665.72,6.0,9.0
2131405,12.0,151.0,35.0,Male,2.0,74219.18,6.0,9.0
4042089,7.0,94.0,27.5,Unknown,2.0,60038.67,4.0,7.0
9071323,4.0,53.0,44.0,Unknown,2.0,27399.39,1.0,4.0
9179657,4.0,58.0,54.0,Unknown,2.0,46995.76,0.0,3.0
6263111,9.0,110.0,35.0,Male,3.0,75111.94,2.0,5.0
6864754,6.0,83.0,48.0,Unknown,2.0,313062.33,3.0,6.0
7211846,16.0,202.0,61.0,Female,3.0,89508.29,1.0,4.0
8998848,8.0,106.0,74.0,Female,2.0,63147.11,1.0,4.0
2298414,20.0,241.0,62.5,Female,2.0,717119.4800000001,6.0,9.0
6104531,17.0,205.0,24.5,Female,2.0,55910.64,0.0,3.0
1255754,6.0,83.0,31.0,Unknown,2.0,34480.7,6.0,9.0
7705780,11.0,142.0,55.0,Female,2.0,26374.94,1.0,4.0
1892394,4.0,57.0,24.0,Unknown,2.0,36540.77,2.0,5.0
5877742,5.0,69.0,66.0,Female,2.0,137239.36,4.0,7.0
6664865,7.0,91.0,33.0,Unknown,2.0,60944.15,6.0,9.0
6031726,6.0,74.0,29.5,Unknown,2.0,61600.1,6.0,9.0
2018953,9.0,119.0,34.5,Male,2.0,27786.48,5.0,8.0
2434043,6.0,78.0,37.0,Unknown,2.0,38708.9,0.0,4.0
9325496,9.0,109.0,37.0,Male,2.0,33640.39,1.0,4.0
8314845,15.0,186.0,56.5,Male,2.0,39797.89,4.0,7.0
2776894,13.0,164.0,51.0,Male,3.0,414284.72,5.0,8.0
2977164,16.0,196.0,76.0,Male,3.0,307816.3,6.0,9.0
2636543,3.0,40.0,29.0,Unknown,3.0,100100.92,5.0,8.0
1980210,5.0,71.0,67.0,Male,3.0,61746.68,3.0,6.0
8966719,16.0,197.0,73.5,Male,4.0,2346166.64,5.0,8.0
4625714,7.0,86.0,30.5,Unknown,2.0,33842.91,1.0,5.0
2754991,18.0,223.0,60.5,Male,2.0,594269.12,3.0,6.0
8941411,12.0,146.0,45.0,Female,2.0,48625.37,3.0,6.0
7148895,16.0,198.0,37.0,Female,2.0,81818.0,1.0,4.0
1263238,6.0,72.0,46.0,Unknown,2.0,25761.7,4.0,7.0
6701749,10.0,129.0,25.0,Male,2.0,50958.23,6.0,9.0
2740227,24.0,291.0,68.5,Male,5.0,2370039.58,1.0,4.0
7216350,6.0,82.0,71.5,Unknown,2.0,33257.52,1.0,4.0
8995063,15.0,182.0,72.5,Female,2.0,73114.68,2.0,5.0
2202822,15.0,189.0,87.5,Female,2.0,171621.61,4.0,7.0
7565373,8.0,103.0,67.0,Unknown,2.0,83176.01999999999,3.0,6.0
2380077,9.0,111.0,51.0,Female,2.0,803238.55,4.0,7.0
8243850,8.0,101.0,27.0,Male,3.0,34746.19,6.0,9.0
6927022,10.0,121.0,63.0,Female,2.0,82853.48999999999,5.0,8.0
3800349,12.0,145.0,77.5,Female,2.0,102742.86,4.0,7.0
9944715,20.0,241.0,37.0,Male,3.0,138620.61,6.0,9.0
2252602,30.0,371.0,66.5,Female,2.0,101980.07,2.0,5.0
8611181,5.0,66.0,38.0,Unknown,2.0,56896.43,4.0,7.0
4855400,7.0,89.0,25.5,Female,3.0,149186.47,6.0,9.0
5510809,4.0,56.0,28.5,Unknown,2.0,30673.72,3.0,6.0
2080581,16.0,199.0,43.0,Female,2.0,27891.01,6.0,9.0
3701690,14.0,179.0,29.5,Female,2.0,44008.22,1.0,4.0
1848852,9.0,116.0,46.0,Male,2.0,33894.69,1.0,4.0
1434609,6.0,75.0,48.0,Female,3.0,76174.76,6.0,9.0
9203650,6.0,73.0,61.0,Female,3.0,242576.26,6.0,9.0
5050473,22.0,270.0,72.0,Male,3.0,672798.78,5.0,8.0
6464033,21.0,262.0,54.5,Male,2.0,243542.55,5.0,8.0
1482443,20.0,251.0,53.0,Male,2.0,72381.72,1.0,4.0
9419222,24.0,290.0,63.0,Female,2.0,137635.52000000002,0.0,3.0
5902693,16.0,192.0,40.0,Female,2.0,152397.82,0.0,3.0
2441483,16.0,196.0,47.5,Male,2.0,407474.36,4.0,7.0
1034465,5.0,62.0,28.0,Unknown,2.0,32944.16,1.0,4.0
3132213,15.0,187.0,56.0,Female,2.0,156893.15999999997,0.0,3.0
8679095,29.0,356.0,53.5,Female,2.0,154583.64,4.0,7.0
322818,4.0,56.0,50.0,Female,2.0,50276.51,0.0,3.0
910275,16.0,193.0,44.0,Female,2.0,40601.69,2.0,5.0
5144151,5.0,68.0,19.0,Unknown,2.0,25111.09,2.0,5.0
6049466,19.0,229.0,56.0,Male,2.0,458475.43,6.0,9.0
4677226,6.0,72.0,54.5,Unknown,3.0,57020.25,2.0,5.0
2133839,9.0,111.0,35.5,Male,4.0,251811.22,1.0,4.0
7826781,27.0,324.0,80.5,Male,3.0,102295.35,5.0,8.0
7084556,10.0,131.0,22.0,Male,2.0,27781.26,0.0,3.0
5888582,15.0,191.0,32.0,Male,2.0,81583.89,6.0,9.0
4452301,6.0,73.0,36.0,Unknown,2.0,49142.58,0.0,3.0
1402032,11.0,137.0,81.0,Female,2.0,82970.39,6.0,9.0
1782307,9.0,113.0,63.5,Female,2.0,142261.84999999998,2.0,5.0
9262601,7.0,90.0,21.0,Unknown,2.0,50119.95,5.0,8.0
1863728,21.0,258.0,32.0,Female,2.0,29141.47,1.0,4.0
211694,13.0,160.0,29.5,Female,2.0,46312.07,2.0,5.0
8625508,5.0,71.0,39.5,Male,2.0,50391.57,1.0,4.0
5467923,6.0,72.0,33.5,Unknown,3.0,66944.54000000001,6.0,9.0
9236931,14.0,169.0,47.5,Female,2.0,39043.18,0.0,3.0
8665802,15.0,187.0,47.0,Male,2.0,314936.77,6.0,9.0
9274965,7.0,94.0,54.0,Female,2.0,43973.1,2.0,5.0
2417496,14.0,177.0,47.0,Male,3.0,500452.19,5.0,8.0
5191224,25.0,307.0,68.0,Female,2.0,46210.74,1.0,4.0
2513729,6.0,72.0,38.5,Unknown,2.0,35400.41,5.0,8.0
5448013,14.0,168.0,60.5,Male,3.0,42991.78999999999,6.0,9.0
9637981,7.0,85.0,23.5,Unknown,2.0,42989.8,3.0,6.0
2680710,15.0,190.0,56.0,Female,2.0,117570.83,4.0,7.0
9564786,16.0,192.0,60.0,Unknown,2.0,71459.29999999999,5.0,8.0
6867741,4.0,57.0,68.5,Male,2.0,250832.99,1.0,4.0
4946984,6.0,82.0,37.5,Unknown,2.0,143619.45,3.0,6.0
855588,15.0,180.0,47.5,Male,3.0,753049.14,0.0,3.0
7310183,30.0,370.0,75.0,Male,2.0,616896.03,6.0,9.0
1874782,4.0,58.0,25.5,Unknown,3.0,53519.61,6.0,9.0
7698174,3.0,37.0,56.5,Female,3.0,372327.1,1.0,4.0
1754950,19.0,228.0,59.0,Male,2.0,28603.3,2.0,5.0
1304455,5.0,65.0,28.5,Unknown,3.0,56247.99,4.0,7.0
4697556,5.0,64.0,24.5,Unknown,2.0,48995.81,0.0,3.0
5170497,9.0,113.0,39.5,Male,4.0,547018.86,5.0,8.0
974365,8.0,97.0,29.5,Unknown,2.0,47205.3,5.0,8.0
6097938,6.0,73.0,35.5,Unknown,4.0,404519.48,6.0,9.0
5028215,15.0,180.0,55.0,Male,2.0,164761.2,6.0,9.0
2313651,16.0,203.0,43.0,Female,2.0,41960.17999999999,3.0,6.0
3667720,28.0,343.0,60.5,Male,2.0,258165.61,2.0,5.0
8902430,14.0,173.0,46.0,Male,2.0,52059.74,1.0,4.0
6286086,11.0,133.0,52.0,Male,2.0,70093.45,5.0,8.0
8091922,6.0,82.0,67.0,Unknown,2.0,42678.65,3.0,6.0
8686248,12.0,151.0,48.5,Male,3.0,89199.47,1.0,4.0
7558101,25.0,300.0,56.0,Female,2.0,45772.22,1.0,4.0
1166874,23.0,284.0,59.5,Female,2.0,115059.43,1.0,4.0
6848266,21.0,256.0,41.5,Male,3.0,97128.33,6.0,9.0
751354,20.0,250.0,29.0,Male,3.0,106075.03,3.0,6.0
5982988,20.0,241.0,74.5,Female,2.0,567749.3500000001,2.0,5.0
7829766,18.0,226.0,53.5,Female,2.0,245156.65,6.0,9.0
3388144,6.0,82.0,48.0,Unknown,2.0,119463.13,6.0,9.0
524675,6.0,73.0,24.5,Unknown,2.0,31374.15,0.0,3.0
4749697,7.0,88.0,54.0,Unknown,2.0,39224.32,6.0,9.0
7316567,10.0,130.0,35.0,Male,2.0,38152.61,1.0,4.0
700435,6.0,75.0,58.5,Unknown,2.0,73416.4,6.0,9.0
8086229,6.0,78.0,23.5,Unknown,2.0,67197.69,1.0,4.0
6988663,4.0,58.0,46.5,Unknown,2.0,36605.79,5.0,8.0
4981412,6.0,82.0,60.0,Unknown,2.0,215204.02,6.0,9.0
678292,9.0,118.0,27.5,Male,2.0,23905.27,6.0,9.0
6908433,4.0,53.0,45.5,Female,2.0,43090.59,1.0,4.0
8801959,5.0,61.0,21.5,Unknown,3.0,55646.38,6.0,9.0
887021,10.0,121.0,77.0,Female,2.0,418881.85,5.0,8.0
8676136,13.0,167.0,68.0,Male,2.0,91211.69,5.0,8.0
956460,12.0,151.0,44.5,Male,3.0,83361.04000000001,2.0,5.0
4655561,7.0,90.0,40.5,Male,2.0,102900.81,1.0,4.0
4961438,27.0,324.0,50.5,Female,3.0,141092.66,2.0,5.0
2913667,13.0,166.0,61.0,Female,2.0,47011.23,1.0,4.0
5071121,6.0,83.0,67.0,Unknown,2.0,144388.27000000002,6.0,9.0
4900613,6.0,77.0,41.5,Unknown,2.0,27959.79,4.0,7.0
8713541,5.0,61.0,39.0,Male,3.0,26587.26,6.0,9.0
331795,7.0,87.0,67.5,Unknown,2.0,424394.12,5.0,8.0
5597185,15.0,190.0,54.5,Female,2.0,41184.8,1.0,4.0
8361200,17.0,204.0,40.5,Male,5.0,278581.64,4.0,7.0
2634263,19.0,229.0,56.5,Male,2.0,514945.15,6.0,9.0
4369542,6.0,72.0,42.0,Female,2.0,29110.12,2.0,5.0
8397063,6.0,80.0,56.5,Female,2.0,311802.1,4.0,7.0
5353248,14.0,177.0,34.0,Female,2.0,53600.6,1.0,4.0
5544104,14.0,169.0,50.5,Female,2.0,48003.44,0.0,3.0
9663819,5.0,64.0,50.5,Unknown,2.0,51120.99,6.0,9.0
4133509,8.0,107.0,65.5,Male,2.0,309146.02,6.0,9.0
6232074,12.0,150.0,61.5,Female,2.0,74389.51,5.0,8.0
7051124,9.0,110.0,36.0,Female,2.0,24326.13,0.0,3.0
134582,11.0,140.0,52.5,Female,2.0,50558.26,0.0,3.0
7192737,5.0,70.0,25.5,Unknown,2.0,31736.34,3.0,6.0
2846287,12.0,148.0,59.0,Male,2.0,199066.89,2.0,5.0
3014147,13.0,166.0,36.0,Female,2.0,71936.54999999999,4.0,7.0
9123498,8.0,104.0,29.0,Female,2.0,66423.6,3.0,6.0
6290102,15.0,184.0,32.0,Female,2.0,56030.42,0.0,3.0
4840910,9.0,108.0,30.0,Male,2.0,29151.58,6.0,9.0
5092669,5.0,65.0,28.5,Female,2.0,45918.42999999999,3.0,6.0
6420156,13.0,158.0,53.5,Female,2.0,43146.39,1.0,4.0
6230585,10.0,120.0,66.0,Unknown,4.0,565825.41,3.0,6.0
2365737,9.0,112.0,57.5,Female,2.0,81233.26,6.0,9.0
7260733,15.0,180.0,39.0,Male,4.0,993994.39,4.0,7.0
352659,7.0,88.0,31.0,Unknown,2.0,33791.56,1.0,4.0
321188,12.0,155.0,33.0,Male,2.0,126396.6,6.0,9.0
9743112,6.0,73.0,83.0,Unknown,2.0,146752.58000000002,0.0,4.0
7603967,19.0,233.0,53.0,Male,2.0,66209.61,2.0,5.0
5619517,5.0,69.0,26.0,Unknown,2.0,31207.5,0.0,3.0
8733506,5.0,64.0,61.5,Unknown,2.0,25066.88,5.0,8.0
327520,15.0,180.0,39.0,Female,2.0,95963.88,1.0,4.0
5079615,9.0,119.0,29.5,Female,2.0,30561.14,0.0,3.0
6969324,25.0,300.0,62.0,Female,3.0,250875.5,1.0,4.0
9634385,24.0,289.0,23.0,Male,3.0,139938.25,3.0,6.0
3990106,23.0,277.0,20.0,Male,2.0,68857.88,5.0,8.0
3176218,38.0,461.0,55.5,Male,4.0,113654.24,6.0,9.0
5678260,20.0,251.0,39.0,Male,4.0,521245.12,4.0,7.0
8122164,20.0,246.0,54.5,Male,3.0,203088.85,6.0,9.0
8311223,20.0,240.0,40.5,Female,3.0,48345.96,2.0,5.0
8184463,17.0,215.0,35.5,Female,4.0,416087.37,4.0,7.0
5205651,13.0,156.0,45.5,Male,3.0,32286.44,5.0,8.0
6448159,13.0,157.0,36.0,Female,2.0,55200.9,3.0,6.0
1193757,20.0,250.0,36.5,Male,4.0,255813.22,6.0,9.0
3469695,11.0,140.0,25.0,Female,2.0,73381.12,3.0,6.0
606032,14.0,178.0,66.0,Male,3.0,4555876.35,6.0,9.0
8456308,6.0,80.0,22.5,Unknown,3.0,95323.87,5.0,9.0
8916621,13.0,162.0,51.5,Female,2.0,69893.48999999999,1.0,4.0
5820957,5.0,65.0,30.0,Unknown,3.0,91975.95,3.0,6.0
597792,16.0,197.0,43.5,Female,2.0,153029.58000000002,2.0,5.0
4842960,26.0,317.0,62.5,Female,2.0,113266.09,4.0,7.0
2371943,10.0,126.0,63.0,Female,2.0,237746.94,2.0,5.0
4069427,10.0,127.0,39.5,Female,2.0,93897.87,2.0,5.0
6481217,7.0,87.0,25.0,Unknown,2.0,61045.11,6.0,9.0
8123281,10.0,128.0,66.0,Male,2.0,89574.76,6.0,9.0
3671176,11.0,141.0,43.5,Male,2.0,115133.93,6.0,9.0
7164484,6.0,72.0,39.0,Unknown,3.0,109314.79,0.0,3.0
4669560,5.0,62.0,30.0,Male,2.0,28918.26,6.0,9.0
6295495,8.0,105.0,69.5,Male,2.0,550294.7100000001,6.0,9.0
9969880,8.0,107.0,38.5,Male,2.0,70680.0,6.0,9.0
4879267,12.0,151.0,31.5,Male,2.0,127460.89,4.0,7.0
2919639,13.0,161.0,37.5,Female,2.0,29657.07,0.0,3.0
3158462,7.0,95.0,51.5,Unknown,3.0,282072.47,4.0,7.0
688832,9.0,108.0,48.0,Female,2.0,25494.62,2.0,5.0
6370960,13.0,165.0,38.5,Male,2.0,48645.47,2.0,5.0
4657797,14.0,176.0,34.5,Female,2.0,125640.51,0.0,3.0
1032721,5.0,70.0,45.5,Female,2.0,56866.4,6.0,9.0
6258754,5.0,62.0,67.0,Female,3.0,60337.57,1.0,5.0
9585363,5.0,65.0,48.5,Female,2.0,442694.62,6.0,9.0
7675087,14.0,169.0,63.0,Female,2.0,30688.71,0.0,3.0
8791413,14.0,175.0,40.5,Male,3.0,246621.63,0.0,3.0
1239693,6.0,82.0,64.5,Unknown,2.0,78664.15,2.0,5.0
8211406,9.0,116.0,76.0,Male,2.0,179688.8,5.0,8.0
3669073,6.0,81.0,45.0,Unknown,2.0,382831.03,1.0,4.0
3461926,5.0,63.0,43.5,Female,2.0,61488.43,2.0,6.0
2275495,8.0,104.0,36.5,Female,2.0,79228.54000000001,5.0,8.0
310181,16.0,198.0,44.5,Male,3.0,645512.29,3.0,6.0
935940,13.0,166.0,75.5,Male,2.0,45543.77,2.0,5.0
8121566,5.0,71.0,35.5,Unknown,2.0,37933.42,5.0,8.0
6497427,11.0,142.0,37.0,Male,2.0,199805.59000000003,1.0,4.0
3464836,12.0,146.0,25.5,Male,3.0,50408.48,6.0,9.0
1736857,4.0,58.0,70.0,Male,2.0,251388.74,0.0,4.0
674634,10.0,130.0,35.0,Female,2.0,85917.23,1.0,4.0
6806397,10.0,125.0,55.0,Female,5.0,226917.3,6.0,9.0
7553778,8.0,97.0,45.0,Unknown,2.0,31777.27,2.0,5.0
7272614,28.0,339.0,67.0,Female,3.0,176394.82,3.0,7.0
6184725,22.0,264.0,65.5,Male,4.0,874536.26,6.0,9.0
4740032,20.0,247.0,70.5,Male,3.0,255186.85,4.0,7.0
4938286,19.0,238.0,38.5,Male,3.0,28736.44,3.0,6.0
3637652,19.0,238.0,50.5,Male,2.0,405661.11,1.0,4.0
7357086,19.0,238.0,24.0,Male,2.0,102361.78,4.0,7.0
9169891,18.0,226.0,66.5,Male,3.0,327124.28,4.0,7.0
6884155,6.0,78.0,23.5,Unknown,2.0,31898.22,1.0,4.0
659800,5.0,71.0,69.0,Unknown,2.0,40527.49,6.0,9.0
5444290,9.0,108.0,67.5,Male,2.0,94899.68,2.0,7.0
1913649,15.0,180.0,38.0,Male,2.0,50644.64,6.0,9.0
997642,10.0,130.0,26.0,Male,2.0,93384.2,6.0,9.0
375831,5.0,70.0,26.0,Unknown,2.0,29359.32,0.0,4.0
6531383,12.0,154.0,31.5,Female,3.0,124011.61,0.0,3.0
9456475,14.0,170.0,35.0,Female,2.0,148202.0,0.0,3.0
5717725,7.0,91.0,31.0,Unknown,3.0,86630.34,6.0,9.0
6913666,12.0,145.0,38.0,Female,2.0,69986.12,3.0,6.0
8867394,17.0,211.0,59.0,Male,2.0,23801.15,6.0,9.0
7678301,32.0,386.0,56.5,Male,2.0,81042.35,3.0,6.0
1324994,4.0,58.0,54.0,Unknown,3.0,136138.97,3.0,6.0
127331,7.0,85.0,55.5,Unknown,2.0,81821.54000000001,6.0,9.0
9460951,4.0,58.0,60.5,Unknown,2.0,32198.29,1.0,4.0
4803655,5.0,70.0,48.5,Female,2.0,154293.4,1.0,4.0
5785339,16.0,201.0,58.5,Female,3.0,187090.05,0.0,3.0
9668146,17.0,210.0,42.5,Female,3.0,42143.98,6.0,9.0
6167749,9.0,112.0,61.0,Female,2.0,292015.2,5.0,8.0
2473466,14.0,171.0,28.5,Male,3.0,338740.38,3.0,6.0
3914315,8.0,102.0,66.0,Unknown,2.0,163394.90999999997,6.0,9.0
4015337,6.0,73.0,63.5,Unknown,3.0,331133.09,6.0,9.0
6179951,4.0,49.0,79.0,Male,3.0,484977.49,5.0,8.0
1402734,9.0,118.0,35.5,Male,2.0,31913.03,0.0,3.0
8259713,11.0,143.0,24.5,Male,2.0,66197.51999999999,0.0,3.0
650176,7.0,94.0,49.5,Unknown,2.0,30218.19,3.0,6.0
6245201,9.0,112.0,51.5,Male,2.0,128590.35,6.0,9.0
7626540,6.0,77.0,53.5,Unknown,2.0,85149.72,1.0,4.0
7096357,12.0,145.0,42.0,Male,2.0,133768.32,6.0,9.0
8187972,7.0,95.0,64.0,Unknown,2.0,51105.88,4.0,7.0
8812623,28.0,336.0,26.0,Male,2.0,78838.4,5.0,8.0
8764276,14.0,179.0,34.5,Female,2.0,37083.01,6.0,9.0
2269726,8.0,96.0,53.0,Unknown,2.0,27280.46,2.0,5.0
1752365,17.0,208.0,61.5,Male,2.0,41790.14,6.0,9.0
3299174,11.0,139.0,34.5,Female,2.0,28506.78,0.0,3.0
9593515,26.0,323.0,42.5,Unknown,3.0,468224.74,1.0,4.0
7890640,7.0,87.0,31.5,Unknown,2.0,29190.07,0.0,3.0
9597884,11.0,132.0,44.0,Female,2.0,27460.22,6.0,9.0
9662896,10.0,122.0,62.0,Female,3.0,62283.12,0.0,3.0
3915245,9.0,118.0,58.5,Male,2.0,30138.28,3.0,6.0
2094626,9.0,112.0,52.5,Female,2.0,81700.97,0.0,3.0
2948504,5.0,60.0,46.0,Unknown,2.0,37665.88,2.0,5.0
1686633,24.0,293.0,47.0,Female,2.0,167430.24,4.0,7.0
3630437,24.0,292.0,52.0,Female,2.0,60817.99,3.0,6.0
331139,22.0,275.0,54.5,Female,2.0,77081.98,6.0,9.0
7345861,20.0,249.0,29.5,Female,2.0,35615.79,3.0,6.0
2139045,21.0,256.0,59.0,Female,2.0,32854.45,2.0,5.0
9123233,17.0,210.0,52.5,Male,2.0,122169.77,5.0,8.0
8108159,4.0,57.0,28.0,Unknown,2.0,37588.47,1.0,4.0
3629384,15.0,189.0,51.5,Female,2.0,141221.38,2.0,5.0
8879525,5.0,71.0,20.5,Unknown,3.0,79397.51,6.0,9.0
9066145,9.0,110.0,61.5,Male,4.0,286026.0,6.0,9.0
3699907,6.0,82.0,21.5,Unknown,2.0,54646.53999999999,6.0,9.0
9543802,8.0,103.0,61.5,Unknown,2.0,85072.66,4.0,7.0
8156123,15.0,189.0,51.0,Female,2.0,31786.62,0.0,3.0
5104552,14.0,175.0,61.5,Male,2.0,481767.58,2.0,5.0
9188595,9.0,111.0,55.5,Male,2.0,24733.06,1.0,4.0
9860877,6.0,73.0,24.5,Unknown,2.0,45786.44,3.0,6.0
958011,15.0,188.0,41.5,Male,2.0,343430.51,2.0,5.0
5993485,14.0,179.0,29.5,Male,2.0,47431.44,2.0,5.0
7769650,8.0,106.0,26.5,Female,2.0,30567.68,0.0,3.0
6887122,4.0,58.0,52.5,Unknown,2.0,55814.12,2.0,5.0
6834249,5.0,65.0,19.5,Unknown,2.0,27358.27,4.0,7.0
963965,12.0,151.0,61.0,Male,2.0,25789.57,6.0,9.0
6178711,4.0,57.0,43.5,Unknown,3.0,59320.02,5.0,8.0
1443271,6.0,73.0,25.0,Female,2.0,25159.16,1.0,4.0
5832682,14.0,175.0,51.0,Female,2.0,60751.33,1.0,4.0
9793551,15.0,186.0,82.5,Female,2.0,50630.73,3.0,6.0
1119681,13.0,157.0,45.5,Male,2.0,39296.64,0.0,3.0
6336701,6.0,73.0,59.5,Unknown,2.0,48927.78999999999,4.0,7.0
5698330,5.0,63.0,20.0,Unknown,2.0,29465.15,6.0,9.0
8844308,8.0,97.0,56.5,Unknown,2.0,274949.79,5.0,8.0
1200956,14.0,170.0,40.5,Male,3.0,269556.06,2.0,5.0
4056755,28.0,338.0,54.0,Female,2.0,40949.19,6.0,9.0
1486639,29.0,351.0,73.5,Female,3.0,39485.6,0.0,3.0
3680890,6.0,76.0,47.0,Unknown,2.0,42915.95,5.0,8.0
9851640,5.0,71.0,21.5,Unknown,3.0,78555.5,0.0,3.0
2598411,6.0,80.0,27.5,Unknown,2.0,42176.88,0.0,3.0
8753786,9.0,119.0,31.0,Male,2.0,118456.92,0.0,3.0
6855706,6.0,79.0,69.5,Unknown,2.0,82506.62,1.0,4.0
7762392,13.0,162.0,29.5,Female,2.0,42229.03999999999,5.0,8.0
8886879,30.0,367.0,76.0,Female,2.0,93277.98,5.0,8.0
5033211,4.0,56.0,34.5,Unknown,2.0,181201.63,4.0,7.0
9380150,17.0,215.0,63.5,Male,2.0,281347.38,1.0,5.0
1675177,4.0,54.0,26.5,Unknown,2.0,61771.52,4.0,7.0
9176963,16.0,196.0,60.5,Male,2.0,42495.75,5.0,8.0
3311746,7.0,95.0,37.5,Unknown,2.0,32721.25,3.0,6.0
6707544,8.0,107.0,72.0,Female,2.0,89922.25,1.0,4.0
8620721,9.0,119.0,60.0,Male,2.0,43945.35,1.0,4.0
2528019,7.0,87.0,34.5,Unknown,2.0,35823.32,4.0,7.0
9675284,10.0,121.0,27.5,Male,2.0,28346.28,0.0,3.0
4344684,7.0,85.0,65.5,Unknown,3.0,157826.45,5.0,8.0
9712643,14.0,172.0,49.5,Male,2.0,68606.62,1.0,4.0
5794865,4.0,59.0,25.0,Unknown,3.0,32262.88,1.0,4.0
8067184,8.0,103.0,34.0,Female,2.0,32192.59,0.0,3.0
7727044,22.0,264.0,67.5,Female,3.0,323370.43,3.0,6.0
1646596,22.0,264.0,50.5,Male,3.0,558008.88,6.0,9.0
9895858,21.0,261.0,66.0,Female,2.0,34840.88,3.0,6.0
123552,20.0,247.0,47.0,Male,2.0,177890.15000000002,6.0,9.0
9680392,19.0,238.0,63.0,Female,2.0,484456.84,0.0,4.0
3476513,19.0,235.0,50.5,Female,2.0,27996.76,1.0,4.0
6925555,19.0,233.0,27.0,Male,3.0,160528.53999999998,6.0,9.0
8203556,27.0,324.0,78.0,Male,2.0,108547.64,0.0,5.0
9096994,11.0,140.0,63.5,Male,2.0,1183195.54,6.0,9.0
4710351,9.0,114.0,39.0,Male,2.0,92497.5,0.0,3.0
9293112,6.0,83.0,63.5,Unknown,2.0,47494.78999999999,5.0,8.0
6260467,6.0,74.0,50.0,Male,3.0,265157.47,5.0,8.0
9935196,4.0,59.0,39.5,Unknown,2.0,27391.02,0.0,3.0
1077064,10.0,129.0,30.0,Male,2.0,45677.33,6.0,9.0
4796579,15.0,189.0,43.0,Male,2.0,27039.84,1.0,4.0
1166221,25.0,310.0,44.0,Male,5.0,431781.35,3.0,6.0
7252151,5.0,65.0,89.0,Unknown,2.0,119525.64,1.0,4.0
3417581,4.0,54.0,62.0,Unknown,2.0,153688.22999999998,4.0,7.0
1429449,13.0,157.0,30.5,Male,2.0,31003.38,3.0,6.0
8753141,5.0,66.0,27.0,Unknown,2.0,27074.95,1.0,4.0
817407,13.0,156.0,38.0,Female,2.0,67472.26999999999,0.0,3.0
8898175,14.0,179.0,43.0,Female,2.0,149944.89,5.0,8.0
8945962,15.0,180.0,65.0,Male,2.0,33516.13,5.0,8.0
6580084,21.0,258.0,55.0,Female,2.0,55037.03999999999,6.0,9.0
6383500,15.0,189.0,42.5,Female,2.0,42334.02,0.0,3.0
2597394,5.0,64.0,37.0,Female,2.0,107803.66,3.0,6.0
5745785,6.0,73.0,32.0,Unknown,2.0,56315.78999999999,0.0,3.0
2501329,27.0,332.0,59.5,Male,2.0,205616.42,5.0,8.0
2220030,13.0,160.0,27.5,Male,3.0,114716.73,6.0,9.0
7900761,7.0,87.0,26.5,Unknown,2.0,48771.74,4.0,7.0
7689597,13.0,158.0,50.0,Male,2.0,127055.75,5.0,8.0
541195,14.0,177.0,58.0,Female,2.0,219071.98,6.0,9.0
3188840,10.0,127.0,62.0,Female,2.0,55287.12,2.0,5.0
3264159,5.0,69.0,25.5,Unknown,2.0,26366.83,2.0,5.0
7479485,7.0,95.0,60.5,Unknown,4.0,2816799.03,6.0,9.0
3679652,27.0,324.0,77.5,Male,2.0,240356.76,5.0,8.0
4701269,9.0,118.0,51.5,Female,2.0,50709.9,0.0,3.0
5996903,15.0,191.0,34.0,Female,2.0,29001.53,1.0,4.0
5002549,13.0,167.0,77.0,Male,2.0,152982.91,1.0,5.0
8166361,25.0,311.0,59.0,Female,2.0,146394.28999999998,6.0,9.0
9878179,10.0,129.0,65.5,Female,2.0,122983.04,3.0,6.0
330666,13.0,165.0,26.5,Male,2.0,46252.92,6.0,9.0
2781778,7.0,84.0,25.0,Unknown,2.0,104621.2,6.0,9.0
6892470,7.0,86.0,26.0,Unknown,2.0,70262.23999999999,6.0,9.0
8809420,33.0,396.0,61.5,Female,3.0,296216.45,1.0,4.0
4071963,15.0,187.0,30.0,Male,3.0,307855.5,2.0,5.0
552360,5.0,65.0,34.5,Unknown,2.0,36798.76,1.0,4.0
8815157,16.0,193.0,67.5,Male,2.0,146068.08000000002,6.0,9.0
9029295,5.0,70.0,28.0,Unknown,2.0,28225.04,0.0,3.0
9457344,5.0,67.0,30.5,Unknown,2.0,99033.62,1.0,4.0
6219097,5.0,70.0,38.0,Unknown,3.0,67821.04000000001,1.0,5.0
1057570,6.0,75.0,33.0,Unknown,3.0,47572.71,6.0,9.0
2361360,23.0,277.0,61.0,Female,2.0,48251.32,6.0,9.0
6295681,22.0,271.0,81.5,Male,3.0,248999.6,6.0,9.0
4800243,22.0,269.0,46.0,Female,2.0,45779.53,3.0,6.0
1757163,21.0,262.0,24.0,Female,2.0,29328.09,0.0,3.0
829855,20.0,250.0,23.5,Male,4.0,67355.76,6.0,9.0
9140762,21.0,254.0,71.0,Male,2.0,114129.91,0.0,3.0
3982600,19.0,236.0,65.5,Female,2.0,219019.41,6.0,9.0
187326,18.0,226.0,59.0,Male,2.0,136955.9,5.0,8.0
6286646,18.0,226.0,50.5,Male,3.0,138589.33000000002,6.0,9.0
8519720,14.0,179.0,47.0,Female,2.0,118447.19,5.0,8.0
8337830,6.0,83.0,68.5,Unknown,2.0,52724.15,6.0,9.0
8893867,31.0,376.0,52.5,Male,3.0,145831.09999999998,6.0,9.0
2305789,31.0,372.0,63.0,Unknown,3.0,128270.33,2.0,5.0
6754772,9.0,112.0,28.5,Unknown,2.0,62286.78,6.0,9.0
8083799,6.0,83.0,51.0,Unknown,2.0,43649.96,1.0,4.0
9379707,4.0,58.0,35.0,Unknown,2.0,29388.51,1.0,4.0
1557369,12.0,146.0,55.0,Male,2.0,65569.04999999999,6.0,9.0
4223520,22.0,267.0,48.5,Female,2.0,87501.93,1.0,5.0
8941663,10.0,126.0,28.5,Male,2.0,80263.41,4.0,7.0
3773516,19.0,237.0,46.5,Female,2.0,28319.01,1.0,4.0
4125670,4.0,58.0,23.0,Unknown,2.0,26897.09,2.0,5.0
2573479,16.0,197.0,68.0,Male,2.0,26885.65,0.0,3.0
8853515,21.0,257.0,42.0,Unknown,2.0,65697.7,0.0,3.0
2709119,13.0,164.0,42.0,Male,3.0,74937.4,2.0,5.0
3463943,15.0,180.0,33.0,Male,2.0,105602.51,1.0,4.0
9804023,10.0,124.0,35.5,Female,2.0,55741.55,1.0,4.0
8106154,12.0,147.0,52.5,Female,2.0,425615.07,2.0,5.0
7556262,13.0,156.0,70.5,Female,2.0,37465.25,2.0,5.0
3582388,6.0,82.0,43.5,Unknown,2.0,30840.06,3.0,6.0
7841112,24.0,292.0,66.5,Female,2.0,108144.13,6.0,9.0
5103427,9.0,118.0,39.0,Male,2.0,89014.88,0.0,3.0
8503930,15.0,191.0,82.5,Female,2.0,184726.85,4.0,7.0
2751453,15.0,189.0,60.0,Female,2.0,164658.22999999998,6.0,9.0
4490407,7.0,92.0,57.5,Unknown,2.0,362119.92,3.0,6.0
6925186,5.0,71.0,39.0,Male,2.0,35807.47,6.0,9.0
5677305,10.0,125.0,35.5,Female,2.0,108458.22,4.0,7.0
5553696,13.0,166.0,72.0,Male,2.0,39791.18,1.0,4.0
134286,9.0,114.0,69.0,Male,2.0,95529.96,5.0,8.0
9741252,5.0,69.0,53.0,Unknown,2.0,35407.17,4.0,7.0
5871072,8.0,104.0,44.5,Unknown,2.0,57959.03,6.0,9.0
4783682,15.0,188.0,45.0,Male,4.0,676588.5700000001,6.0,9.0
7925502,6.0,81.0,36.5,Unknown,2.0,97293.7,0.0,3.0
5837678,8.0,103.0,42.5,Unknown,2.0,204645.74,0.0,4.0
6349899,20.0,248.0,57.5,Female,2.0,49435.62,3.0,6.0
9506138,28.0,345.0,77.0,Unknown,2.0,271424.97,4.0,8.0
2921499,19.0,238.0,55.5,Male,2.0,130595.34,6.0,9.0
1080489,19.0,230.0,60.5,Female,2.0,531959.15,0.0,4.0
6347553,17.0,214.0,43.0,Male,2.0,144151.91999999998,6.0,9.0
3343218,7.0,94.0,45.0,Unknown,3.0,60707.15,6.0,9.0
5092983,30.0,368.0,68.5,Male,4.0,2488208.5,6.0,9.0
5055067,8.0,97.0,58.5,Unknown,2.0,1634885.77,6.0,9.0
5221768,7.0,94.0,48.5,Unknown,2.0,57761.75,5.0,8.0
80275,21.0,253.0,62.5,Male,2.0,418691.28,2.0,5.0
5678810,6.0,72.0,41.5,Unknown,2.0,40401.72,2.0,5.0
6993228,7.0,88.0,67.0,Male,2.0,35755.71,3.0,6.0
8141724,27.0,325.0,60.5,Female,2.0,230851.03,4.0,7.0
1082833,16.0,193.0,45.0,Female,2.0,36380.31,6.0,9.0
137016,14.0,170.0,46.5,Male,2.0,25073.38,0.0,3.0
6027855,14.0,170.0,56.0,Female,3.0,163195.69,4.0,7.0
2188628,10.0,126.0,51.5,Male,2.0,235003.19,6.0,9.0
3660416,6.0,82.0,43.5,Male,2.0,69355.82,6.0,9.0
5688251,16.0,194.0,32.5,Male,4.0,124783.15,4.0,7.0
4328825,5.0,64.0,42.5,Male,2.0,52171.28,3.0,6.0
7590008,6.0,76.0,58.0,Female,2.0,72120.59,1.0,4.0
6963461,8.0,96.0,42.5,Unknown,2.0,42007.96,6.0,9.0
8204998,15.0,180.0,50.5,Male,2.0,44335.84,0.0,3.0
4930546,8.0,106.0,59.5,Female,2.0,30327.88,2.0,5.0
6730951,16.0,192.0,37.0,Female,2.0,34194.33,1.0,4.0
1088644,15.0,187.0,28.0,Male,2.0,135725.33000000002,6.0,9.0
1523427,5.0,70.0,67.0,Unknown,2.0,46650.8,2.0,5.0
6296222,21.0,262.0,34.5,Male,3.0,120783.53,4.0,7.0
7945639,8.0,104.0,38.0,Female,2.0,33612.33,5.0,8.0
5383408,10.0,122.0,61.5,Male,2.0,807359.52,1.0,4.0
3648559,6.0,83.0,61.5,Female,3.0,438275.3,6.0,9.0
4869939,9.0,117.0,51.0,Male,2.0,25445.26,1.0,4.0
5787279,15.0,186.0,36.0,Male,2.0,120490.25,6.0,9.0
7788341,3.0,47.0,24.5,Unknown,2.0,26515.11,5.0,8.0
1472332,9.0,110.0,65.5,Female,3.0,75962.45999999999,2.0,5.0
5990891,9.0,117.0,28.0,Male,2.0,33228.58,0.0,3.0
5436477,7.0,91.0,38.0,Unknown,3.0,177781.46999999997,6.0,9.0
862722,8.0,106.0,65.0,Male,2.0,40608.55,0.0,3.0
6198040,14.0,176.0,27.0,Female,2.0,31176.75,0.0,3.0
7922586,7.0,87.0,34.5,Unknown,2.0,297277.77,5.0,8.0
8911874,5.0,66.0,47.5,Unknown,2.0,27899.95,0.0,3.0
9411823,7.0,85.0,50.0,Unknown,2.0,37630.42,6.0,9.0
3250936,11.0,140.0,41.5,Female,2.0,27538.98,1.0,4.0
8291015,13.0,167.0,65.0,Female,2.0,131976.95,5.0,8.0
5910294,13.0,160.0,60.0,Female,2.0,94806.68,3.0,6.0
4060775,30.0,370.0,65.5,Female,3.0,546202.29,3.0,6.0
4320516,14.0,179.0,59.5,Male,2.0,37954.01,0.0,3.0
7061245,30.0,360.0,68.5,Female,3.0,765936.67,1.0,4.0
68170,24.0,288.0,60.0,Female,2.0,140668.22,0.0,3.0
2552663,23.0,276.0,63.5,Female,2.0,47174.66,1.0,4.0
7077477,22.0,271.0,22.5,Male,2.0,46492.7,2.0,5.0
36109,21.0,257.0,71.5,Male,4.0,68812.69,6.0,9.0
9382040,21.0,257.0,64.5,Male,2.0,210750.76,1.0,4.0
6986408,21.0,253.0,49.0,Female,2.0,122467.0,6.0,9.0
8738019,21.0,253.0,44.0,Female,3.0,169655.78999999998,3.0,6.0
7980063,20.0,249.0,64.0,Male,2.0,33388.68,0.0,3.0
38551,20.0,248.0,64.5,Male,2.0,169952.78999999998,4.0,7.0
2223497,19.0,239.0,49.0,Female,2.0,40874.01,0.0,3.0
4988214,20.0,245.0,35.5,Female,2.0,69500.86,4.0,7.0
5631997,18.0,216.0,60.0,Female,3.0,281411.66,6.0,9.0
9384465,17.0,215.0,37.5,Female,2.0,27959.51,0.0,3.0
7811996,17.0,214.0,69.0,Female,2.0,27489.56,2.0,5.0
9956933,15.0,183.0,26.0,Female,2.0,76883.70999999999,3.0,6.0
6118145,9.0,115.0,83.0,Male,2.0,117962.9,4.0,7.0
1417165,14.0,179.0,41.0,Male,2.0,343395.92,0.0,3.0
960580,27.0,335.0,73.5,Male,2.0,58044.85,1.0,4.0
5683021,23.0,281.0,23.0,Male,2.0,73099.73999999999,2.0,5.0
7714571,11.0,141.0,27.5,Male,2.0,34120.44,0.0,3.0
3338146,6.0,83.0,56.5,Unknown,2.0,32670.81,2.0,5.0
1844638,5.0,64.0,28.5,Unknown,3.0,93628.28,5.0,8.0
4227359,10.0,123.0,54.5,Male,2.0,588383.25,2.0,5.0
3608801,7.0,91.0,63.5,Male,2.0,24707.6,2.0,5.0
2821165,6.0,80.0,56.5,Unknown,2.0,91217.13,1.0,4.0
6732611,9.0,118.0,50.0,Female,3.0,49673.28,6.0,9.0
9389999,8.0,98.0,54.0,Female,2.0,53842.09,0.0,3.0
7504835,6.0,81.0,23.0,Unknown,3.0,38242.21,4.0,7.0
5251307,12.0,153.0,66.5,Male,2.0,211987.38,6.0,9.0
908061,7.0,89.0,58.5,Unknown,2.0,158236.40999999997,6.0,9.0
2226917,26.0,318.0,25.0,Male,2.0,31463.33,4.0,7.0
5610470,24.0,294.0,62.0,Female,3.0,90084.12,4.0,7.0
4074198,4.0,57.0,64.0,Female,2.0,70094.67,3.0,6.0
5412867,14.0,179.0,55.0,Male,2.0,51004.32,4.0,7.0
7843559,7.0,84.0,60.5,Unknown,2.0,30230.98,0.0,3.0
8102588,11.0,142.0,42.5,Male,2.0,99028.7,6.0,9.0
243705,8.0,99.0,37.5,Unknown,2.0,25078.26,5.0,8.0
3522505,12.0,155.0,70.0,Female,2.0,25517.26,4.0,9.0
8547589,7.0,84.0,60.5,Unknown,2.0,58566.76,4.0,7.0
6629661,15.0,180.0,58.5,Female,2.0,31035.14,0.0,3.0
1674319,14.0,173.0,28.5,Male,2.0,36248.67,5.0,8.0
4479297,11.0,133.0,36.0,Male,2.0,130422.51,6.0,9.0
393489,18.0,223.0,60.0,Female,2.0,35853.75,1.0,4.0
7121375,9.0,109.0,67.0,Female,2.0,59947.65,3.0,6.0
4552154,46.0,561.0,85.0,Male,3.0,1161857.61,6.0,9.0
8080988,15.0,185.0,52.5,Male,3.0,526695.78,2.0,5.0
2829025,12.0,144.0,34.5,Male,3.0,58816.54,1.0,4.0
9896912,7.0,88.0,64.5,Unknown,2.0,91050.44,3.0,6.0
6719019,5.0,68.0,30.0,Unknown,2.0,52595.81,6.0,9.0
7358671,11.0,143.0,49.0,Male,2.0,156435.13,5.0,8.0
7384432,5.0,64.0,69.5,Unknown,2.0,132508.99,2.0,5.0
6430825,11.0,139.0,26.5,Male,2.0,61303.32,2.0,5.0
8178567,6.0,77.0,28.0,Unknown,2.0,57798.71,2.0,5.0
4116051,23.0,281.0,61.0,Male,2.0,34859.369999999995,3.0,6.0
6140201,22.0,269.0,27.5,Female,3.0,423791.46,5.0,8.0
3436036,21.0,261.0,62.5,Male,3.0,839467.7100000001,1.0,4.0
9082728,20.0,241.0,39.0,Male,2.0,46749.47,2.0,5.0
4405518,19.0,237.0,52.0,Male,3.0,447534.1,6.0,9.0
4435242,19.0,233.0,75.0,Male,2.0,113619.95,0.0,3.0
5765028,15.0,183.0,67.0,Male,2.0,145418.34,6.0,9.0
193054,16.0,195.0,46.5,Female,2.0,69209.43,0.0,3.0
312698,5.0,68.0,26.5,Unknown,3.0,50479.59,6.0,9.0
6464435,14.0,178.0,44.0,Female,2.0,40992.01,2.0,5.0
3148603,11.0,138.0,59.0,Female,2.0,27469.3,0.0,3.0
5933869,8.0,97.0,37.5,Unknown,2.0,183920.78,5.0,8.0
9599818,19.0,233.0,41.5,Female,3.0,118265.21,5.0,8.0
8400512,18.0,223.0,36.0,Male,3.0,185031.51,5.0,8.0
4900955,4.0,51.0,44.5,Unknown,2.0,43367.59,1.0,7.0
6048205,13.0,164.0,26.5,Male,2.0,61181.88,5.0,8.0
3191820,6.0,75.0,26.0,Unknown,2.0,38802.66,5.0,8.0
8176161,6.0,75.0,80.0,Unknown,2.0,55969.44,6.0,9.0
5202902,13.0,156.0,45.0,Female,2.0,31185.32,1.0,4.0
2847496,6.0,83.0,33.5,Unknown,2.0,38625.33,6.0,9.0
3997533,10.0,131.0,55.0,Female,2.0,66892.11,1.0,4.0
8155528,16.0,192.0,58.0,Female,2.0,29446.09,6.0,9.0
9927693,26.0,322.0,64.0,Female,2.0,59027.0,1.0,4.0
7633966,31.0,376.0,57.0,Male,2.0,211072.89,4.0,7.0
3216999,4.0,59.0,19.5,Unknown,2.0,29981.14,2.0,5.0
65221,13.0,156.0,51.5,Female,2.0,158167.96000000002,2.0,5.0
6033434,10.0,130.0,23.0,Female,2.0,61487.6,1.0,4.0
9132044,6.0,75.0,59.0,Unknown,2.0,102432.24,0.0,3.0
1797452,5.0,71.0,50.5,Unknown,2.0,158547.02000000002,1.0,4.0
470187,7.0,88.0,27.5,Unknown,2.0,103823.59,2.0,5.0
88986,6.0,82.0,45.0,Unknown,2.0,52646.41,1.0,4.0
9656157,13.0,156.0,38.0,Male,2.0,63689.07,3.0,6.0
1736962,15.0,189.0,30.5,Male,2.0,28230.11,0.0,3.0
8505774,15.0,190.0,60.5,Female,2.0,55758.53999999999,1.0,4.0
3780958,19.0,233.0,69.0,Unknown,2.0,92394.4,6.0,9.0
8864249,24.0,288.0,56.5,Female,2.0,58750.29,3.0,6.0
6806202,11.0,141.0,56.5,Male,2.0,115253.63,2.0,5.0
5504894,4.0,58.0,59.5,Unknown,2.0,47185.94,2.0,5.0
3793239,6.0,78.0,35.0,Unknown,2.0,32194.84,0.0,3.0
2063178,7.0,84.0,67.0,Unknown,2.0,91964.36,4.0,7.0
3605932,17.0,208.0,72.0,Female,2.0,48898.19,5.0,8.0
4532488,32.0,390.0,62.5,Female,2.0,249933.4,1.0,4.0
8734389,4.0,59.0,62.5,Unknown,2.0,162650.51,6.0,9.0
1036929,8.0,98.0,58.5,Unknown,2.0,117510.12,1.0,5.0
8636621,11.0,137.0,28.5,Female,2.0,25884.42,4.0,7.0
7132934,14.0,174.0,37.5,Female,2.0,132612.89,6.0,9.0
9115436,7.0,92.0,60.5,Unknown,2.0,41810.82,0.0,3.0
8258757,9.0,118.0,42.0,Male,2.0,23799.04,0.0,3.0
4833584,55.0,669.0,45.0,Male,4.0,718973.76,6.0,9.0
5967656,21.0,260.0,68.0,Female,3.0,42751.26,1.0,4.0
6404613,21.0,258.0,50.5,Female,2.0,40144.97,2.0,5.0
1154618,21.0,253.0,58.0,Female,2.0,52400.89,5.0,8.0
4326909,24.0,288.0,66.5,Male,2.0,424890.92,4.0,7.0
1676219,14.0,175.0,60.5,Unknown,2.0,52046.56,3.0,6.0
1498554,14.0,178.0,54.0,Female,2.0,118550.94,3.0,6.0
7367240,12.0,151.0,32.0,Male,3.0,89334.92,6.0,9.0
8329806,13.0,165.0,59.0,Male,3.0,130019.4,6.0,9.0
7864698,16.0,193.0,23.0,Male,2.0,62788.62,0.0,3.0
2601868,6.0,72.0,63.5,Male,3.0,63015.95,2.0,5.0
1862544,5.0,67.0,62.5,Unknown,2.0,259119.28,6.0,9.0
1584422,27.0,328.0,73.0,Female,2.0,323973.88,1.0,4.0
3226829,10.0,131.0,31.0,Female,2.0,60815.62,2.0,5.0
6605153,23.0,283.0,58.5,Female,2.0,187199.69,1.0,4.0
8929016,4.0,58.0,26.5,Unknown,3.0,30244.91,3.0,6.0
2997774,7.0,86.0,60.5,Unknown,2.0,466147.22,6.0,9.0
6995051,16.0,192.0,50.0,Female,2.0,114779.21,2.0,5.0
6314966,31.0,379.0,68.5,Male,3.0,608671.3300000001,6.0,9.0
5428288,15.0,189.0,37.5,Female,2.0,34208.82,1.0,4.0
9335666,11.0,132.0,68.0,Male,3.0,258050.56,6.0,9.0
2057594,5.0,64.0,30.5,Unknown,2.0,26661.78,1.0,4.0
7882689,4.0,58.0,32.5,Unknown,3.0,66765.43,3.0,6.0
2991457,14.0,170.0,52.0,Unknown,2.0,83658.88,2.0,5.0
5430203,12.0,152.0,26.5,Male,3.0,209899.02,6.0,9.0
5788539,14.0,177.0,65.5,Male,2.0,25481.29,4.0,7.0
6463305,9.0,108.0,26.5,Unknown,2.0,58989.61,1.0,4.0
7464120,5.0,70.0,56.5,Unknown,2.0,63764.43,5.0,8.0
6212252,11.0,133.0,36.5,Female,2.0,160935.87,6.0,9.0
1111595,5.0,70.0,38.5,Unknown,2.0,100113.0,4.0,7.0
2912466,10.0,126.0,32.0,Male,4.0,308818.48,6.0,9.0
5445360,15.0,189.0,57.0,Female,2.0,29485.12,6.0,9.0
1001135,6.0,83.0,50.0,Unknown,3.0,57106.3,6.0,9.0
2561603,20.0,241.0,58.5,Male,2.0,37153.77,1.0,4.0
2248041,14.0,179.0,63.0,Male,2.0,44828.45,1.0,4.0
126853,8.0,98.0,57.5,Female,2.0,26875.35,2.0,5.0
5968147,3.0,44.0,22.5,Unknown,2.0,28043.93,1.0,4.0
7391530,13.0,156.0,38.0,Male,2.0,25507.86,5.0,8.0
1950811,7.0,84.0,47.5,Unknown,2.0,66624.44,2.0,5.0
4276832,9.0,119.0,57.5,Unknown,3.0,186305.11,2.0,5.0
2285493,3.0,43.0,56.5,Unknown,2.0,29445.97,3.0,7.0
1292962,6.0,82.0,52.0,Unknown,2.0,66216.92,6.0,9.0
9756537,23.0,281.0,31.5,Male,2.0,64549.58,4.0,7.0
53123,23.0,277.0,54.5,Male,3.0,67585.11,6.0,9.0
195166,22.0,270.0,38.5,Male,2.0,27593.99,6.0,9.0
5810358,22.0,264.0,59.5,Female,3.0,165767.40000000002,4.0,7.0
82560,21.0,258.0,63.0,Female,2.0,45624.72,4.0,7.0
2990991,20.0,247.0,72.0,Female,2.0,86175.16,6.0,9.0
1210804,22.0,272.0,67.0,Male,2.0,733473.4400000001,3.0,6.0
45485,21.0,254.0,67.5,Male,5.0,653676.8500000001,6.0,9.0
8393766,20.0,245.0,45.5,Male,2.0,83921.5,4.0,7.0
4134674,18.0,227.0,29.0,Female,3.0,85490.07,6.0,9.0
6704890,17.0,208.0,38.0,Female,3.0,154180.81,6.0,9.0
108419,8.0,101.0,62.5,Unknown,2.0,265422.21,6.0,9.0
4008847,8.0,98.0,28.5,Unknown,2.0,89673.74,3.0,6.0
9734308,11.0,136.0,58.0,Female,4.0,689795.2000000001,5.0,8.0
2975248,5.0,65.0,37.0,Male,2.0,118019.06,6.0,9.0
6311761,15.0,180.0,54.0,Male,2.0,92425.46,6.0,9.0
2600462,14.0,170.0,20.0,Unknown,2.0,37017.54,6.0,9.0
120872,15.0,187.0,64.5,Male,3.0,187496.06,6.0,9.0
8135120,19.0,232.0,45.5,Male,3.0,156152.87,6.0,9.0
4496752,4.0,58.0,66.5,Unknown,2.0,36025.86,4.0,7.0
4665733,8.0,99.0,28.0,Unknown,2.0,84956.58,3.0,6.0
5612563,15.0,188.0,51.5,Male,2.0,57880.86,4.0,7.0
1127215,12.0,148.0,31.0,Female,2.0,63583.01,5.0,8.0
7448941,6.0,78.0,54.0,Female,2.0,41972.21,1.0,4.0
6079256,6.0,75.0,55.5,Female,2.0,165313.84000000003,5.0,8.0
3138864,5.0,71.0,62.5,Unknown,2.0,49804.81,6.0,9.0
7152739,8.0,104.0,22.5,Female,2.0,30433.81,3.0,6.0
7473284,12.0,149.0,25.0,Male,2.0,34831.259999999995,2.0,5.0
9545426,14.0,178.0,26.0,Male,3.0,124717.91,5.0,8.0
59089,7.0,94.0,61.0,Unknown,2.0,55961.32,0.0,3.0
4576979,4.0,59.0,65.0,Unknown,2.0,53867.35,3.0,6.0
5899182,5.0,63.0,25.0,Female,3.0,60620.24,4.0,8.0
6699354,5.0,60.0,55.5,Male,2.0,28389.57,5.0,8.0
5534401,14.0,178.0,45.5,Female,2.0,57233.54,0.0,3.0
9734632,6.0,82.0,56.5,Male,2.0,291862.11,6.0,9.0
2319234,15.0,181.0,23.0,Male,2.0,115297.01,1.0,4.0
6101609,9.0,116.0,24.0,Male,2.0,56850.29,0.0,3.0
7803254,9.0,110.0,67.0,Female,2.0,130150.11,3.0,6.0
4285520,15.0,190.0,44.0,Female,2.0,55517.84,3.0,6.0
9210377,10.0,126.0,39.0,Male,2.0,39618.36,2.0,5.0
2228877,6.0,73.0,50.0,Unknown,3.0,132128.66,2.0,5.0
1621157,9.0,119.0,25.5,Female,2.0,33038.64,0.0,3.0
9882366,5.0,60.0,47.0,Unknown,3.0,240648.23,1.0,4.0
7114313,17.0,214.0,54.5,Male,5.0,334183.79,6.0,9.0
3731627,12.0,150.0,53.5,Female,2.0,119442.7,0.0,3.0
1551417,8.0,97.0,40.0,Unknown,2.0,71341.84,4.0,7.0
7000554,6.0,82.0,23.5,Unknown,2.0,39951.83,1.0,4.0
9681783,13.0,167.0,32.5,Male,2.0,37263.57,0.0,3.0
8691702,12.0,153.0,64.0,Male,2.0,44433.71,0.0,3.0
6357515,20.0,246.0,52.5,Female,2.0,38266.02,0.0,3.0
5816519,33.0,403.0,65.5,Female,2.0,366329.37,1.0,4.0
3893303,15.0,186.0,44.5,Female,2.0,36023.47,0.0,3.0
3786999,12.0,154.0,28.5,Female,2.0,27670.79,6.0,9.0
2450230,10.0,124.0,67.5,Male,3.0,159024.15999999997,6.0,9.0
5494638,13.0,157.0,49.0,Male,2.0,84152.79999999999,4.0,7.0
2299180,23.0,282.0,71.0,Male,2.0,64372.19,0.0,3.0
990728,21.0,263.0,52.5,Female,3.0,922455.6,6.0,9.0
8181803,21.0,255.0,61.0,Female,2.0,146134.16,2.0,5.0
9031268,20.0,242.0,43.5,Male,2.0,49146.77,6.0,9.0
5092713,19.0,239.0,25.5,Male,2.0,100216.05,6.0,9.0
5203608,10.0,125.0,28.0,Male,2.0,45397.49,6.0,9.0
7691314,21.0,252.0,68.0,Female,2.0,191856.71,5.0,8.0
2091430,14.0,171.0,37.0,Male,2.0,44038.17999999999,1.0,4.0
3769397,7.0,85.0,44.5,Unknown,2.0,25542.35,0.0,3.0
7856756,4.0,58.0,53.0,Unknown,2.0,44464.58,5.0,8.0
3860752,5.0,64.0,37.0,Unknown,2.0,45984.34,2.0,5.0
3102910,5.0,68.0,24.5,Unknown,4.0,97868.28,6.0,9.0
4917659,14.0,178.0,56.5,Female,2.0,83526.93,5.0,8.0
3598019,5.0,68.0,23.5,Unknown,3.0,90095.16,6.0,9.0
5260884,5.0,63.0,51.5,Male,2.0,127524.45,1.0,4.0
8196104,3.0,37.0,70.5,Unknown,2.0,492945.06,5.0,8.0
319927,10.0,123.0,46.0,Female,2.0,108438.74,2.0,5.0
2887559,16.0,201.0,57.0,Female,2.0,59042.94,2.0,5.0
9305815,11.0,132.0,28.5,Male,2.0,26065.35,6.0,9.0
4216032,16.0,193.0,35.5,Male,2.0,70143.86,6.0,9.0
3510272,5.0,70.0,27.0,Male,2.0,25193.0,3.0,6.0
2778428,5.0,70.0,23.5,Unknown,2.0,25308.91,1.0,4.0
9271098,15.0,184.0,68.5,Male,2.0,66255.32,3.0,6.0
8892186,8.0,103.0,47.0,Unknown,2.0,142783.91999999998,2.0,5.0
1657840,12.0,151.0,44.5,Female,4.0,1262226.87,6.0,9.0
6032939,13.0,159.0,39.5,Female,2.0,28940.91,1.0,4.0
2387654,14.0,179.0,39.5,Male,2.0,36867.61,0.0,3.0
6688350,5.0,67.0,34.5,Unknown,2.0,26545.6,1.0,4.0
1620412,15.0,188.0,39.0,Male,2.0,43537.1,0.0,3.0
1412035,11.0,136.0,38.0,Female,2.0,71229.57,6.0,9.0
5126257,5.0,60.0,24.5,Unknown,2.0,48386.15,6.0,9.0
9263440,10.0,130.0,43.0,Female,2.0,73960.33,1.0,4.0
16679,7.0,89.0,40.0,Unknown,2.0,65987.79999999999,6.0,9.0
8037730,23.0,280.0,69.0,Female,3.0,181387.63,6.0,9.0
3927084,7.0,94.0,59.0,Unknown,2.0,54758.01,1.0,4.0
5206182,7.0,91.0,28.5,Unknown,3.0,79820.42,6.0,9.0
8100251,10.0,123.0,34.0,Unknown,2.0,74106.01999999999,5.0,8.0
4259953,15.0,190.0,32.5,Male,3.0,186941.44,6.0,9.0
378738,14.0,171.0,59.0,Male,2.0,88246.58,2.0,5.0
7763318,8.0,103.0,25.0,Unknown,2.0,93238.66,6.0,9.0
9494258,6.0,72.0,63.0,Unknown,2.0,111106.56,2.0,5.0
6760620,9.0,116.0,26.0,Female,2.0,41311.2,1.0,4.0
4946463,5.0,68.0,31.5,Unknown,2.0,52421.88,3.0,6.0
2634035,5.0,68.0,69.0,Unknown,2.0,67219.78,6.0,9.0
7597261,15.0,190.0,51.0,Male,2.0,47496.86,0.0,3.0
563859,4.0,59.0,30.5,Unknown,2.0,58486.62,2.0,5.0
6279208,15.0,190.0,39.5,Male,2.0,26314.72,0.0,3.0
2084327,5.0,68.0,22.0,Unknown,3.0,32360.61,2.0,5.0
5507184,10.0,130.0,76.5,Male,2.0,48484.44,6.0,9.0
8294062,4.0,54.0,52.0,Male,2.0,27072.69,0.0,3.0
21498,16.0,193.0,70.5,Female,2.0,50672.1,5.0,8.0
1356057,23.0,280.0,72.0,Female,3.0,82480.6,6.0,9.0
5174934,23.0,279.0,51.0,Male,4.0,132256.14,2.0,5.0
4025125,21.0,261.0,68.5,Male,5.0,238760.49,6.0,9.0
1089084,25.0,300.0,51.5,Male,2.0,40720.06,6.0,9.0
8054675,13.0,160.0,46.5,Female,2.0,25701.8,1.0,4.0
6794134,5.0,70.0,23.0,Unknown,2.0,35345.43,3.0,6.0
6587114,11.0,134.0,38.0,Male,2.0,52558.92,3.0,6.0
8761665,5.0,70.0,55.0,Unknown,2.0,55423.85,6.0,9.0
2908396,4.0,58.0,49.0,Unknown,3.0,150458.41999999998,5.0,8.0
2863472,26.0,312.0,70.0,Female,2.0,32916.55,0.0,3.0
3210992,9.0,119.0,60.5,Female,2.0,50093.87,0.0,3.0
1834743,4.0,59.0,57.0,Unknown,2.0,47520.92,2.0,5.0
2525521,5.0,62.0,68.0,Unknown,2.0,142284.69,6.0,9.0
5180119,8.0,101.0,44.5,Unknown,2.0,139021.3,0.0,3.0
6399054,22.0,270.0,78.0,Male,2.0,305689.19,6.0,9.0
1138213,7.0,87.0,40.0,Unknown,2.0,66303.51999999999,4.0,7.0
2749235,4.0,58.0,48.5,Female,3.0,105763.49,5.0,8.0
8225466,6.0,74.0,31.5,Unknown,2.0,51995.5,0.0,3.0
1423461,19.0,235.0,38.5,Male,2.0,103364.24,6.0,9.0
8597519,7.0,94.0,41.0,Unknown,3.0,218071.99,5.0,8.0
6582564,6.0,82.0,31.0,Unknown,2.0,43266.86,3.0,6.0
4342517,3.0,38.0,39.0,Female,2.0,25277.46,5.0,8.0
6338487,4.0,56.0,17.5,Unknown,2.0,31875.69,2.0,5.0
725387,13.0,157.0,40.5,Male,2.0,139381.97999999998,2.0,5.0
6860823,6.0,79.0,27.0,Unknown,2.0,57062.17,4.0,7.0
936595,5.0,70.0,60.0,Unknown,2.0,30993.47,5.0,9.0
809082,11.0,141.0,56.5,Male,2.0,137130.53,1.0,4.0
7050904,17.0,213.0,35.5,Female,2.0,103911.03,5.0,8.0
7324201,5.0,70.0,46.5,Unknown,2.0,53649.27,0.0,3.0
115570,12.0,144.0,25.5,Female,2.0,41511.2,1.0,5.0
3844029,5.0,69.0,60.0,Unknown,2.0,27032.14,0.0,3.0
8498010,48.0,576.0,70.0,Female,2.0,420411.87,6.0,9.0
2221633,4.0,59.0,31.5,Unknown,3.0,44840.39,1.0,4.0
8604495,11.0,141.0,62.0,Male,2.0,693895.63,4.0,7.0
809426,15.0,185.0,23.5,Female,2.0,29057.8,2.0,5.0
1661374,14.0,176.0,37.0,Male,2.0,35013.32,0.0,3.0
959030,6.0,77.0,51.0,Female,2.0,671433.28,6.0,9.0
9497933,14.0,179.0,71.0,Female,2.0,124515.68,0.0,3.0
3756708,9.0,109.0,31.0,Female,2.0,34534.06,6.0,9.0
9330012,13.0,158.0,62.5,Female,2.0,40132.96,0.0,3.0
9118308,7.0,87.0,33.0,Unknown,2.0,38170.35,3.0,6.0
7088755,6.0,83.0,53.0,Unknown,2.0,35930.27,0.0,3.0
2778415,14.0,178.0,23.5,Female,2.0,101200.65,0.0,3.0
4620864,7.0,94.0,62.0,Unknown,2.0,50752.01,1.0,4.0
7772755,9.0,118.0,60.5,Male,2.0,112125.17,4.0,7.0
1486410,26.0,315.0,65.5,Female,2.0,669676.54,5.0,8.0
8593299,11.0,134.0,24.5,Female,2.0,36853.69,1.0,4.0
7167465,24.0,293.0,53.0,Male,3.0,2077857.23,5.0,8.0
7497330,23.0,276.0,52.5,Male,4.0,1023406.92,5.0,8.0
9685772,22.0,269.0,22.0,Female,2.0,27033.36,2.0,5.0
7696666,21.0,262.0,54.0,Female,3.0,273173.43,5.0,8.0
919048,21.0,258.0,44.5,Female,3.0,81587.73999999999,4.0,7.0
3721289,19.0,229.0,56.5,Female,3.0,486506.05,6.0,9.0
4227250,19.0,228.0,60.5,Unknown,2.0,176245.47999999998,5.0,8.0
6663540,17.0,215.0,48.5,Unknown,2.0,53298.16,4.0,7.0
7374569,17.0,212.0,36.0,Male,3.0,211826.05,2.0,5.0
4070645,10.0,130.0,65.5,Male,2.0,222876.63,5.0,8.0
7019926,3.0,47.0,20.0,Unknown,2.0,30662.32,5.0,8.0
2895782,6.0,83.0,57.0,Unknown,2.0,584206.02,1.0,4.0
5537949,8.0,99.0,38.5,Unknown,2.0,25039.42,6.0,9.0
6391313,13.0,162.0,59.0,Female,2.0,34580.11,1.0,4.0
647824,6.0,78.0,67.5,Unknown,2.0,82382.39,1.0,5.0
5576582,5.0,64.0,29.5,Unknown,2.0,50354.35,3.0,6.0
5319067,9.0,114.0,73.5,Female,2.0,385502.13,6.0,9.0
5333331,12.0,150.0,50.5,Male,2.0,205450.63,2.0,5.0
9209403,10.0,121.0,66.5,Unknown,3.0,490828.59,3.0,6.0
6966338,11.0,142.0,50.0,Female,2.0,51175.85,1.0,4.0
9512577,30.0,369.0,59.0,Female,3.0,660963.1000000001,5.0,8.0
9814150,5.0,67.0,60.0,Unknown,2.0,56598.49,4.0,7.0
4528009,6.0,72.0,68.0,Unknown,3.0,59216.5,6.0,9.0
36555,15.0,191.0,70.0,Male,2.0,405169.15,4.0,7.0
1305869,9.0,114.0,55.0,Female,2.0,53999.46,2.0,5.0
410298,14.0,176.0,35.5,Unknown,2.0,35963.75,6.0,9.0
5295744,18.0,220.0,48.5,Male,3.0,137772.59,4.0,7.0
8093151,5.0,70.0,65.5,Unknown,2.0,24804.35,1.0,4.0
7123239,6.0,73.0,26.0,Unknown,2.0,37345.79,0.0,3.0
429908,13.0,159.0,62.5,Female,2.0,172563.49,1.0,4.0
1582402,15.0,191.0,48.5,Male,2.0,82708.32,1.0,4.0
4099573,7.0,95.0,65.5,Unknown,2.0,45417.64,6.0,9.0
5226409,13.0,166.0,38.0,Female,4.0,41596.19,2.0,5.0
5948653,13.0,166.0,65.0,Unknown,2.0,67331.62,0.0,3.0
4101739,15.0,191.0,47.5,Female,2.0,40316.73,1.0,4.0
3101574,5.0,70.0,54.5,Unknown,4.0,344805.38,6.0,9.0
2714519,7.0,90.0,40.5,Unknown,2.0,67290.5,2.0,5.0
8841097,6.0,73.0,26.5,Male,3.0,72345.26999999999,6.0,9.0
286645,7.0,84.0,35.0,Unknown,2.0,157174.64,6.0,9.0
5105053,6.0,80.0,28.0,Unknown,2.0,45916.45,3.0,6.0
5667128,5.0,69.0,55.0,Unknown,2.0,65656.23999999999,4.0,7.0
4244035,26.0,323.0,21.5,Female,2.0,26546.77,0.0,3.0
6794489,14.0,178.0,51.0,Female,2.0,55769.53999999999,4.0,7.0
1601247,9.0,113.0,62.0,Female,2.0,32687.68,0.0,3.0
8302402,7.0,90.0,25.5,Unknown,2.0,29517.47,1.0,4.0
346106,13.0,166.0,39.5,Female,2.0,36573.88,0.0,3.0
7145486,6.0,82.0,49.5,Unknown,2.0,60307.22,2.0,5.0
244487,11.0,135.0,38.5,Male,2.0,57412.72,3.0,6.0
8019045,15.0,180.0,61.5,Female,2.0,124473.79,1.0,4.0
5368842,11.0,138.0,27.0,Male,3.0,99203.52,6.0,9.0
4296422,5.0,65.0,24.5,Unknown,3.0,76810.06,6.0,9.0
5036055,10.0,125.0,37.5,Female,2.0,126754.38,0.0,3.0
9095014,4.0,58.0,27.0,Unknown,3.0,42776.48,4.0,7.0
4822934,13.0,162.0,50.0,Male,3.0,70244.51,6.0,9.0
1351234,5.0,64.0,41.0,Unknown,2.0,59030.13,0.0,3.0
4563407,11.0,133.0,57.5,Male,2.0,51627.08,6.0,9.0
4635979,8.0,105.0,38.0,Male,2.0,49176.74,0.0,3.0
2269756,5.0,65.0,44.0,Male,2.0,74692.53,2.0,5.0
6934323,21.0,258.0,19.5,Male,3.0,45894.42,2.0,5.0
8040493,21.0,254.0,18.5,Male,4.0,56535.01,5.0,8.0
5762524,20.0,243.0,25.0,Male,2.0,59329.46,3.0,6.0
2249641,19.0,238.0,50.5,Female,2.0,123158.98,1.0,4.0
9058289,5.0,68.0,40.0,Female,2.0,23954.65,1.0,4.0
3353845,13.0,164.0,36.0,Female,2.0,41700.64,2.0,5.0
3617870,5.0,67.0,22.5,Male,2.0,32809.32,6.0,9.0
5380012,13.0,158.0,32.5,Male,2.0,63886.78,0.0,3.0
5581936,16.0,196.0,60.5,Male,2.0,173667.46000000002,6.0,9.0
754626,5.0,70.0,59.5,Unknown,2.0,53767.42999999999,3.0,6.0
9086225,14.0,178.0,38.5,Male,2.0,35037.09,0.0,3.0
7563117,10.0,130.0,55.5,Male,2.0,934532.15,6.0,9.0
6058303,30.0,370.0,62.5,Male,3.0,1771825.26,3.0,6.0
5401624,12.0,152.0,53.0,Male,2.0,122802.31,6.0,9.0
8339452,15.0,189.0,43.5,Male,2.0,55461.02,0.0,3.0
3192979,12.0,145.0,48.5,Male,2.0,86628.5,6.0,9.0
3801029,12.0,148.0,58.0,Male,2.0,27530.92,2.0,5.0
9697551,5.0,70.0,35.5,Unknown,3.0,37136.44,1.0,4.0
8213887,11.0,143.0,37.0,Unknown,2.0,141868.43,1.0,4.0
4007083,12.0,147.0,78.0,Male,2.0,27879.42,3.0,6.0
1710201,9.0,112.0,42.5,Male,2.0,290492.14,5.0,8.0
7652076,12.0,154.0,37.5,Female,3.0,115885.73,6.0,9.0
8955074,6.0,72.0,61.0,Male,2.0,116968.85,2.0,5.0
8663315,9.0,109.0,33.0,Male,2.0,26893.76,5.0,8.0
4412023,13.0,158.0,48.0,Male,2.0,34099.8,0.0,3.0
706799,6.0,77.0,27.5,Unknown,2.0,93773.79,6.0,9.0
5632085,27.0,332.0,49.5,Male,2.0,25810.69,1.0,4.0
9327267,7.0,87.0,25.5,Unknown,2.0,65948.85,5.0,8.0
4596262,7.0,85.0,41.0,Unknown,3.0,239660.75,2.0,5.0
5442451,3.0,38.0,19.5,Unknown,2.0,27263.28,2.0,5.0
9886162,28.0,338.0,76.5,Female,3.0,152566.26,1.0,5.0
3766230,5.0,66.0,27.5,Unknown,2.0,31855.92,6.0,9.0
9552351,13.0,156.0,31.5,Male,2.0,30331.35,0.0,3.0
5927735,15.0,180.0,52.5,Female,2.0,48414.76,3.0,6.0
7198788,14.0,173.0,56.5,Male,2.0,59083.81,1.0,4.0
7849787,27.0,324.0,59.5,Female,2.0,92804.32,2.0,5.0
4231887,16.0,192.0,71.0,Female,2.0,26410.27,6.0,9.0
2195023,7.0,94.0,22.0,Unknown,2.0,33137.95,1.0,4.0
7862700,12.0,153.0,41.0,Male,2.0,106731.73,4.0,7.0
8935534,12.0,149.0,58.5,Female,2.0,119127.53,1.0,4.0
3081214,11.0,136.0,59.5,Male,3.0,626130.9800000001,4.0,7.0
9018602,5.0,65.0,56.5,Male,2.0,96772.69,6.0,9.0
8344032,10.0,120.0,27.0,Male,2.0,49946.81,1.0,4.0
9808991,16.0,197.0,52.0,Male,2.0,26816.86,4.0,7.0
9212543,27.0,328.0,70.0,Male,2.0,39373.83,2.0,5.0
9369989,17.0,205.0,57.5,Male,2.0,89413.73,0.0,3.0
7040807,13.0,159.0,44.5,Male,4.0,152982.74,5.0,9.0
6063396,10.0,121.0,64.5,Male,3.0,27841.85,0.0,3.0
1190550,14.0,173.0,48.0,Female,2.0,42738.82,0.0,3.0
8791345,6.0,75.0,30.0,Male,2.0,46342.38,6.0,9.0
3205643,20.0,243.0,40.5,Female,3.0,301698.57,3.0,6.0
4187527,20.0,242.0,28.5,Female,2.0,24938.67,2.0,5.0
3640152,20.0,240.0,32.5,Male,2.0,51094.58,1.0,4.0
3022938,19.0,229.0,42.0,Female,2.0,207389.7,3.0,6.0
6649090,34.0,408.0,54.5,Male,3.0,260129.33,4.0,7.0
2778117,13.0,160.0,42.5,Female,2.0,58702.37,0.0,3.0
727133,9.0,117.0,66.5,Male,2.0,546134.37,2.0,5.0
3405360,15.0,181.0,54.0,Male,2.0,47440.74,2.0,5.0
2481545,16.0,197.0,67.0,Female,2.0,132347.59999999998,2.0,5.0
3480090,6.0,78.0,56.5,Unknown,2.0,24810.48,0.0,3.0
5111140,5.0,69.0,47.5,Unknown,2.0,134476.91999999998,6.0,9.0
8657713,7.0,90.0,32.5,Unknown,2.0,30406.03,4.0,7.0
9622331,15.0,191.0,71.5,Female,2.0,118139.72,3.0,6.0
9790636,7.0,92.0,48.5,Male,2.0,49720.15,3.0,6.0
4561584,11.0,143.0,57.5,Female,2.0,70790.9,6.0,9.0
6070216,6.0,82.0,40.5,Unknown,2.0,44838.05,4.0,7.0
6213026,6.0,72.0,34.0,Unknown,2.0,44102.99,3.0,6.0
2987417,10.0,124.0,40.5,Female,2.0,67799.86,6.0,9.0
9183400,15.0,181.0,45.0,Unknown,3.0,116549.12,5.0,8.0
2167421,14.0,178.0,33.5,Male,2.0,96266.36,0.0,3.0
2081422,26.0,322.0,76.0,Male,3.0,670961.63,5.0,8.0
1513385,26.0,319.0,80.5,Male,2.0,71770.51,0.0,3.0
9997391,4.0,52.0,60.0,Unknown,2.0,77291.01,6.0,9.0
4539011,20.0,243.0,58.0,Male,2.0,219474.72,5.0,8.0
4143292,6.0,82.0,49.5,Unknown,2.0,69694.4,1.0,4.0
4852436,15.0,188.0,44.0,Male,2.0,24015.62,6.0,9.0
261785,11.0,141.0,81.0,Female,2.0,29670.5,6.0,9.0
376559,4.0,56.0,50.0,Unknown,2.0,145044.95,6.0,9.0
6347970,7.0,87.0,60.5,Unknown,2.0,102772.97,1.0,4.0
9580994,6.0,75.0,65.0,Unknown,2.0,110540.78,4.0,7.0
6770563,6.0,80.0,34.5,Unknown,3.0,140802.66999999998,1.0,5.0
5959972,4.0,59.0,42.5,Unknown,2.0,95358.69,0.0,3.0
1689519,6.0,82.0,24.5,Unknown,2.0,38487.37,5.0,8.0
5156080,15.0,190.0,61.5,Female,2.0,67982.48999999999,2.0,5.0
1807211,5.0,70.0,49.5,Unknown,2.0,55812.11,1.0,4.0
4349341,16.0,196.0,51.0,Male,2.0,57664.21,2.0,5.0
1283025,5.0,71.0,18.5,Unknown,2.0,39990.27,0.0,3.0
9989589,4.0,58.0,43.5,Unknown,2.0,27515.85,3.0,6.0
2141929,15.0,190.0,69.0,Female,2.0,39767.86,3.0,6.0
85286,25.0,301.0,22.0,Male,2.0,25235.17,2.0,5.0
4442884,23.0,278.0,53.0,Unknown,2.0,292861.78,0.0,4.0
2714772,21.0,259.0,45.0,Male,3.0,366381.27,5.0,8.0
6495652,21.0,258.0,42.5,Female,2.0,34328.8,0.0,3.0
8809502,20.0,249.0,47.5,Female,2.0,33532.44,1.0,4.0
2760148,17.0,209.0,54.0,Male,3.0,142218.39,5.0,8.0
2197834,6.0,78.0,31.5,Unknown,2.0,171129.24,0.0,3.0
4834313,4.0,57.0,24.5,Female,2.0,27183.28,0.0,3.0
9755965,28.0,346.0,71.5,Male,2.0,26855.74,2.0,5.0
9315526,8.0,106.0,32.5,Male,2.0,72599.1,6.0,9.0
3968834,28.0,336.0,64.5,Male,2.0,31390.5,6.0,9.0
1592419,4.0,59.0,79.0,Unknown,2.0,158858.18,1.0,4.0
7418594,6.0,76.0,26.5,Unknown,2.0,31307.06,0.0,3.0
1759261,27.0,324.0,80.0,Male,2.0,140586.4,1.0,4.0
6192398,9.0,118.0,29.5,Female,2.0,41510.9,3.0,6.0
4435264,10.0,127.0,59.0,Female,2.0,33399.28,1.0,4.0
7074503,26.0,315.0,53.0,Female,2.0,79209.5,2.0,5.0
4567019,6.0,83.0,27.0,Unknown,2.0,44022.11,6.0,9.0
2061783,26.0,312.0,64.0,Male,2.0,25535.92,1.0,4.0
5728114,5.0,70.0,26.5,Unknown,4.0,48956.22,3.0,6.0
4105875,32.0,394.0,65.0,Male,3.0,982170.42,6.0,9.0
4884218,34.0,411.0,68.5,Female,2.0,226151.91,6.0,9.0
9740348,12.0,153.0,80.0,Female,2.0,129998.92,6.0,9.0
1324554,11.0,134.0,25.5,Male,2.0,72864.41,6.0,9.0
8064988,12.0,153.0,30.5,Male,2.0,57365.12,4.0,7.0
1395619,13.0,162.0,52.0,Male,2.0,85411.91,6.0,9.0
3403632,6.0,82.0,35.0,Unknown,3.0,72168.5,5.0,8.0
9735844,10.0,122.0,36.0,Female,3.0,412720.16,3.0,6.0
5069290,6.0,80.0,73.0,Unknown,2.0,35606.75,3.0,6.0
6848035,5.0,71.0,40.5,Unknown,2.0,56696.03,2.0,5.0
8832215,9.0,118.0,48.5,Female,2.0,61582.23,5.0,8.0
7374359,10.0,131.0,62.5,Male,2.0,98510.48,4.0,7.0
7024149,4.0,57.0,67.0,Male,3.0,142113.74,5.0,8.0
7783009,10.0,121.0,32.0,Female,2.0,26191.4,2.0,5.0
4104396,9.0,109.0,49.5,Male,4.0,206104.97,5.0,8.0
3821717,8.0,102.0,28.0,Unknown,2.0,60822.96,3.0,6.0
5991406,5.0,70.0,46.0,Female,2.0,40537.42,2.0,5.0
23914,7.0,91.0,25.0,Unknown,2.0,30797.88,4.0,7.0
6679450,16.0,196.0,80.5,Male,2.0,315326.27,6.0,9.0
7372914,15.0,186.0,51.5,Male,2.0,136217.66999999998,4.0,7.0
2817698,6.0,83.0,60.0,Unknown,2.0,140741.18,1.0,4.0
1096427,4.0,57.0,29.5,Unknown,2.0,33799.59,1.0,4.0
5675123,9.0,118.0,36.5,Female,2.0,44321.01,2.0,5.0
3681208,9.0,112.0,36.5,Female,3.0,236225.86,1.0,4.0
4488084,6.0,82.0,64.5,Unknown,2.0,44513.41,1.0,4.0
774098,7.0,88.0,28.0,Unknown,3.0,103621.58,3.0,6.0
9747131,16.0,192.0,50.0,Male,2.0,81425.64,6.0,9.0
9784284,8.0,105.0,29.0,Unknown,2.0,57481.25,2.0,5.0
208237,7.0,90.0,34.0,Unknown,2.0,43298.03999999999,0.0,3.0
6534594,8.0,107.0,27.5,Male,2.0,54217.34,3.0,6.0
3571531,15.0,182.0,73.5,Male,2.0,162483.63,6.0,9.0
7489127,6.0,74.0,23.5,Unknown,2.0,25197.01,6.0,9.0
831546,5.0,71.0,59.5,Male,3.0,54391.32,3.0,6.0
326707,26.0,317.0,78.0,Female,2.0,31681.43,0.0,3.0
1324004,23.0,280.0,63.0,Male,4.0,492511.5,6.0,9.0
8455435,22.0,273.0,79.0,Male,2.0,40750.26,5.0,8.0
6787673,22.0,267.0,73.5,Male,3.0,41472.17999999999,2.0,5.0
5157019,22.0,266.0,57.0,Female,3.0,573434.26,6.0,9.0
3423690,22.0,264.0,59.0,Female,3.0,455883.81,6.0,9.0
5200424,22.0,264.0,53.5,Male,4.0,1672194.63,6.0,9.0
7815983,21.0,259.0,67.0,Male,2.0,108239.57,3.0,6.0
1944524,20.0,241.0,66.0,Female,2.0,156486.21000000002,3.0,6.0
8150683,18.0,225.0,50.5,Male,3.0,147931.32,6.0,9.0
9711513,17.0,214.0,45.5,Unknown,5.0,880493.7200000001,6.0,9.0
6641231,17.0,209.0,37.0,Male,2.0,54901.2,1.0,4.0
2701538,5.0,60.0,65.0,Unknown,2.0,59744.01,1.0,4.0
6685261,9.0,108.0,26.5,Male,2.0,35881.63,5.0,8.0
6457533,12.0,150.0,60.5,Female,2.0,74393.64,1.0,4.0
5149344,4.0,50.0,58.0,Unknown,2.0,53730.06,2.0,5.0
5913457,6.0,73.0,38.5,Unknown,2.0,61622.94,0.0,3.0
6007709,9.0,118.0,39.0,Female,2.0,42927.48,6.0,9.0
1826856,27.0,332.0,47.0,Female,2.0,166361.69,2.0,5.0
3454682,8.0,100.0,66.0,Male,2.0,26877.31,0.0,4.0
747109,12.0,155.0,41.5,Female,2.0,40276.1,1.0,4.0
1152348,5.0,66.0,37.0,Unknown,2.0,31432.38,4.0,7.0
6921974,10.0,125.0,51.0,Female,2.0,108089.94,4.0,7.0
8280249,16.0,195.0,37.0,Male,3.0,152130.37,5.0,8.0
2255252,8.0,107.0,65.0,Female,3.0,344200.37,4.0,7.0
5296568,14.0,177.0,42.0,Female,2.0,63990.32,1.0,4.0
8242900,7.0,84.0,25.5,Unknown,2.0,61150.05,0.0,3.0
4313666,15.0,186.0,59.5,Female,3.0,141891.83000000002,2.0,5.0
8048762,5.0,71.0,57.0,Unknown,2.0,60180.56,1.0,4.0
6142369,8.0,96.0,73.0,Unknown,2.0,208821.02,0.0,3.0
339396,6.0,82.0,62.5,Unknown,2.0,42367.34,5.0,8.0
688969,5.0,60.0,28.5,Unknown,2.0,57016.5,6.0,9.0
7496027,6.0,83.0,46.0,Unknown,2.0,95273.33,3.0,6.0
5968143,7.0,87.0,33.0,Unknown,2.0,52082.55,2.0,5.0
8842965,13.0,157.0,25.0,Unknown,2.0,54517.86,0.0,3.0
6844152,5.0,64.0,20.5,Unknown,2.0,38795.27,3.0,6.0
5890673,15.0,188.0,43.0,Female,2.0,92122.97,2.0,5.0
2117618,9.0,114.0,37.5,Male,2.0,36639.91,6.0,9.0
1474348,5.0,71.0,61.0,Unknown,3.0,394936.05,6.0,9.0
6626778,4.0,57.0,54.0,Unknown,2.0,401232.76,6.0,9.0
2708760,7.0,91.0,21.5,Unknown,3.0,54881.51,5.0,8.0
5452857,5.0,71.0,46.0,Unknown,2.0,50568.65,6.0,9.0
4300134,5.0,60.0,51.0,Male,2.0,428175.53,6.0,9.0
7846713,15.0,188.0,56.0,Male,2.0,224651.96,3.0,6.0
9171660,13.0,157.0,40.0,Male,3.0,72457.54999999999,2.0,5.0
1994865,6.0,82.0,20.5,Unknown,2.0,43467.53999999999,1.0,4.0
2250711,14.0,171.0,61.0,Male,2.0,211678.96,2.0,5.0
7994409,13.0,160.0,54.5,Male,2.0,33098.869999999995,0.0,3.0
6913058,22.0,271.0,52.5,Male,2.0,24679.67,3.0,6.0
8084297,21.0,263.0,68.5,Female,2.0,77045.36,6.0,9.0
1805960,21.0,258.0,54.0,Male,3.0,130177.94,5.0,8.0
5342133,21.0,252.0,66.0,Male,2.0,173971.65999999997,4.0,7.0
3750864,21.0,252.0,53.5,Male,3.0,615262.9600000001,6.0,9.0
1875252,20.0,249.0,56.5,Male,2.0,37025.89,1.0,4.0
1453196,18.0,218.0,49.5,Male,4.0,525211.56,2.0,5.0
9475241,18.0,216.0,55.0,Female,4.0,992683.7,5.0,8.0
4468636,20.0,251.0,33.0,Male,2.0,96151.79,2.0,5.0
30318,4.0,59.0,54.5,Unknown,3.0,91676.51,4.0,7.0
1855398,9.0,118.0,35.0,Female,2.0,67435.68,1.0,4.0
3893853,12.0,146.0,35.0,Male,2.0,94310.54,2.0,5.0
7702765,15.0,180.0,31.5,Male,2.0,59093.34,5.0,8.0
5824205,18.0,217.0,55.0,Male,2.0,348422.26,5.0,8.0
3339371,8.0,102.0,68.0,Unknown,2.0,63161.16,4.0,7.0
1697554,6.0,83.0,63.5,Unknown,2.0,50884.98,6.0,9.0
4907562,27.0,333.0,57.0,Female,2.0,146945.47,3.0,6.0
6601110,6.0,72.0,65.0,Unknown,2.0,56302.03999999999,6.0,9.0
6045574,6.0,83.0,57.0,Unknown,2.0,51611.25,2.0,5.0
2062199,5.0,71.0,48.0,Unknown,2.0,28474.35,3.0,6.0
3195135,8.0,106.0,28.0,Female,2.0,26943.07,0.0,3.0
7684461,5.0,60.0,30.0,Male,2.0,50107.56,3.0,6.0
8117339,6.0,72.0,23.5,Unknown,3.0,56177.42,6.0,9.0
7201739,14.0,178.0,47.5,Female,2.0,58679.86,1.0,4.0
134207,6.0,77.0,57.0,Unknown,2.0,48640.71,2.0,5.0
7015011,15.0,181.0,28.5,Female,2.0,46235.17999999999,0.0,3.0
3059043,5.0,67.0,29.5,Unknown,2.0,31900.16,0.0,3.0
5908485,15.0,191.0,50.5,Female,2.0,71464.58,2.0,5.0
2056799,16.0,199.0,51.5,Female,2.0,34411.17,3.0,6.0
9706311,8.0,106.0,53.0,Male,2.0,79474.48,2.0,5.0
6932709,16.0,192.0,41.0,Male,2.0,92395.4,3.0,6.0
4312279,13.0,166.0,48.0,Male,3.0,798963.15,1.0,4.0
1406173,22.0,267.0,33.0,Male,2.0,47686.17,6.0,9.0
3084733,12.0,149.0,23.5,Female,2.0,25105.59,0.0,3.0
3421838,10.0,129.0,63.5,Male,2.0,54430.58,6.0,9.0
8809906,5.0,66.0,25.5,Male,2.0,45319.74,6.0,9.0
841738,3.0,36.0,34.0,Unknown,2.0,94589.05,1.0,4.0
3133540,21.0,253.0,60.0,Male,2.0,211084.63,5.0,8.0
1319308,15.0,188.0,28.5,Female,3.0,68627.54999999999,4.0,7.0
6093224,4.0,56.0,72.0,Unknown,2.0,45721.06,6.0,9.0
546146,16.0,198.0,41.5,Male,2.0,34315.73,5.0,8.0
2508419,11.0,142.0,67.0,Male,2.0,58992.64,0.0,3.0
1986539,4.0,58.0,24.5,Unknown,3.0,47470.34,2.0,5.0
1523157,7.0,95.0,44.0,Unknown,2.0,37869.36,2.0,5.0
4455369,4.0,59.0,23.0,Unknown,2.0,40118.11,3.0,6.0
4569606,15.0,183.0,55.5,Female,3.0,91799.0,6.0,9.0
398317,7.0,95.0,26.5,Unknown,2.0,67814.15,6.0,9.0
2163213,6.0,73.0,22.5,Male,3.0,84178.51,6.0,9.0
6984985,9.0,118.0,57.5,Female,2.0,56330.88,2.0,5.0
9372934,10.0,125.0,57.5,Male,2.0,73092.54000000001,5.0,8.0
1332220,4.0,59.0,53.5,Unknown,2.0,35924.17,4.0,7.0
9012525,5.0,67.0,33.5,Unknown,2.0,40524.44,0.0,3.0
1076673,34.0,413.0,67.5,Female,2.0,33307.84,1.0,4.0
4285905,16.0,195.0,64.5,Female,3.0,88287.91,2.0,5.0
2200779,14.0,168.0,53.5,Male,2.0,65066.47,4.0,7.0
697065,23.0,286.0,78.0,Male,5.0,619166.74,4.0,8.0
9018854,22.0,271.0,69.0,Female,3.0,181955.42,6.0,9.0
8931027,21.0,261.0,59.5,Unknown,2.0,41165.48,3.0,6.0
2337168,19.0,228.0,63.5,Male,2.0,35146.82,6.0,9.0
6446147,6.0,73.0,29.0,Unknown,3.0,62674.32,2.0,5.0
789614,15.0,191.0,62.5,Female,2.0,60882.51,0.0,3.0
9118928,5.0,69.0,55.5,Unknown,2.0,93278.29,4.0,7.0
4754533,14.0,175.0,73.0,Male,2.0,172699.49,5.0,8.0
2129470,7.0,86.0,38.5,Unknown,2.0,131473.26,6.0,9.0
2590530,6.0,81.0,54.5,Unknown,2.0,38373.13,1.0,4.0
2285999,8.0,99.0,46.0,Unknown,2.0,31775.73,4.0,7.0
7670919,5.0,70.0,34.5,Unknown,2.0,40162.67,3.0,6.0
9959486,5.0,66.0,26.0,Unknown,2.0,52665.34,2.0,5.0
8198208,6.0,83.0,66.0,Unknown,2.0,113172.27,0.0,4.0
8811666,12.0,145.0,42.5,Female,2.0,54748.21,1.0,4.0
9516750,12.0,149.0,59.5,Female,2.0,111053.48,6.0,9.0
126893,35.0,428.0,73.0,Female,2.0,49327.7,3.0,6.0
6011700,5.0,69.0,47.5,Unknown,2.0,27165.94,2.0,5.0
6288928,8.0,97.0,21.0,Unknown,3.0,76535.23,2.0,5.0
1848239,12.0,154.0,62.0,Male,2.0,64387.52,0.0,3.0
522064,15.0,191.0,33.0,Female,2.0,95245.04,6.0,9.0
6215200,4.0,56.0,34.5,Unknown,2.0,25930.41,2.0,5.0
8568486,26.0,315.0,51.0,Female,2.0,990989.53,1.0,4.0
3486910,4.0,58.0,20.0,Unknown,2.0,26555.01,1.0,4.0
2742926,10.0,125.0,36.0,Male,3.0,164266.16999999998,2.0,5.0
6189211,20.0,244.0,58.0,Female,2.0,34784.24,2.0,5.0
7074277,18.0,226.0,37.0,Male,2.0,83316.61,1.0,4.0
9174199,6.0,72.0,20.5,Female,2.0,29889.21,1.0,4.0
9040143,5.0,65.0,62.0,Female,2.0,105913.68,0.0,4.0
8397383,6.0,73.0,22.5,Female,3.0,57139.47,4.0,7.0
106102,5.0,70.0,61.0,Unknown,2.0,41637.32,0.0,3.0
6889564,8.0,96.0,28.5,Male,3.0,73270.72,6.0,9.0
3607018,9.0,108.0,44.5,Female,2.0,87769.44,5.0,8.0
6677009,8.0,98.0,52.5,Unknown,2.0,365943.82,6.0,9.0
3003746,13.0,158.0,64.5,Female,2.0,29118.74,5.0,8.0
401260,4.0,58.0,60.5,Female,2.0,28139.15,4.0,7.0
4239876,10.0,123.0,33.5,Male,2.0,102096.26,1.0,4.0
4339704,5.0,70.0,31.0,Unknown,3.0,40488.05,4.0,7.0
6501568,6.0,75.0,55.5,Unknown,2.0,394857.9,5.0,8.0
7785053,8.0,105.0,29.0,Female,2.0,28213.83,3.0,6.0
3502601,18.0,223.0,58.5,Female,2.0,166514.21999999997,6.0,9.0
4434158,10.0,128.0,25.0,Female,2.0,74901.43,6.0,9.0
4859942,15.0,182.0,24.5,Male,2.0,38764.32,1.0,4.0
9439137,5.0,60.0,30.5,Unknown,2.0,50739.0,1.0,4.0
5598376,8.0,105.0,25.5,Male,2.0,102752.3,2.0,5.0
5923455,7.0,91.0,52.5,Unknown,2.0,110109.5,1.0,4.0
4069319,22.0,272.0,55.0,Male,2.0,88554.58,0.0,3.0
3679635,20.0,250.0,58.0,Male,4.0,126303.43,2.0,5.0
7072688,21.0,253.0,59.5,Male,2.0,41398.98,3.0,6.0
6793703,20.0,244.0,48.0,Unknown,3.0,239031.08,6.0,9.0
9999009,18.0,216.0,68.5,Male,3.0,2055381.29,6.0,9.0
1159992,18.0,216.0,61.5,Female,2.0,83584.92,6.0,9.0
2337117,10.0,129.0,36.5,Female,2.0,30457.08,1.0,4.0
6810824,5.0,68.0,29.0,Unknown,2.0,25597.98,6.0,9.0
9913793,8.0,99.0,23.5,Unknown,2.0,155045.63,1.0,4.0
5291166,4.0,59.0,25.5,Unknown,2.0,33092.13,3.0,6.0
1495689,29.0,355.0,50.5,Male,2.0,51161.92,6.0,9.0
9378588,6.0,75.0,29.5,Unknown,3.0,91805.21,6.0,9.0
4469222,14.0,168.0,21.0,Female,2.0,25053.7,2.0,6.0
2796926,5.0,64.0,57.0,Unknown,2.0,46659.5,4.0,7.0
7218255,15.0,190.0,56.0,Male,3.0,44306.0,3.0,6.0
8553502,14.0,168.0,31.5,Female,2.0,56949.19,3.0,6.0
7654648,27.0,332.0,25.0,Female,2.0,25639.28,0.0,3.0
1919830,16.0,195.0,74.0,Male,3.0,293220.42,2.0,5.0
807572,6.0,75.0,44.5,Unknown,2.0,40124.78,0.0,3.0
1390689,5.0,69.0,28.5,Unknown,2.0,64511.32,5.0,8.0
5155639,6.0,78.0,28.5,Unknown,2.0,28630.49,1.0,4.0
4749886,16.0,198.0,38.0,Female,3.0,58630.96,1.0,4.0
4864953,5.0,70.0,50.5,Unknown,2.0,107597.15,0.0,3.0
5283474,8.0,105.0,68.0,Female,2.0,232934.05,6.0,9.0
2959782,14.0,169.0,49.5,Female,2.0,69162.08,3.0,6.0
5716664,11.0,133.0,55.5,Male,3.0,63400.85,6.0,9.0
5508268,6.0,83.0,39.0,Unknown,3.0,51446.95,0.0,3.0
8360200,6.0,72.0,32.0,Unknown,2.0,33428.399999999994,5.0,8.0
5318448,5.0,60.0,63.0,Unknown,2.0,30548.09,2.0,5.0
8355253,8.0,106.0,64.0,Female,2.0,44470.27,0.0,3.0
4355587,15.0,191.0,56.0,Female,2.0,25148.29,0.0,3.0
1780732,6.0,75.0,31.0,Unknown,3.0,138541.97999999998,3.0,6.0
6971271,6.0,83.0,59.0,Unknown,2.0,66982.54000000001,0.0,3.0
3100744,5.0,66.0,61.5,Unknown,2.0,63519.59,1.0,4.0
6744155,14.0,177.0,47.5,Female,2.0,59412.95,6.0,9.0
7591418,20.0,244.0,48.5,Female,3.0,164014.16999999998,2.0,5.0
9253216,10.0,130.0,28.0,Male,3.0,93053.12,0.0,3.0
4555156,13.0,164.0,44.5,Male,2.0,72492.68,6.0,9.0
1588483,24.0,292.0,59.5,Female,3.0,1498113.25,6.0,9.0
3206719,23.0,287.0,60.5,Female,4.0,1249588.85,2.0,6.0
7403377,23.0,286.0,41.5,Female,2.0,86358.39,1.0,4.0
4229616,22.0,270.0,65.5,Female,2.0,112993.8,2.0,5.0
3782368,20.0,243.0,63.5,Male,2.0,123685.1,1.0,4.0
2677984,18.0,218.0,19.5,Male,2.0,27616.14,1.0,4.0
3797711,19.0,230.0,66.5,Male,3.0,87242.28,6.0,9.0
7590837,5.0,66.0,24.5,Unknown,2.0,25138.84,0.0,3.0
6934991,13.0,158.0,34.5,Male,2.0,80474.29999999999,1.0,4.0
796776,13.0,160.0,60.0,Female,2.0,28509.44,2.0,5.0
3676884,12.0,144.0,37.0,Female,2.0,83945.51,1.0,4.0
3334550,8.0,103.0,61.0,Unknown,2.0,62066.03,6.0,9.0
7017800,12.0,145.0,38.0,Male,2.0,31644.96,1.0,4.0
1619016,6.0,79.0,56.0,Unknown,2.0,36080.61,3.0,6.0
7299097,19.0,228.0,57.0,Male,2.0,147129.49,6.0,9.0
8813088,7.0,90.0,23.0,Unknown,2.0,37462.94,6.0,9.0
9513705,6.0,77.0,26.5,Male,3.0,152389.89,6.0,9.0
4193596,15.0,181.0,46.0,Female,2.0,91391.97,2.0,5.0
2144401,13.0,164.0,66.0,Female,2.0,154049.12,2.0,5.0
1886884,13.0,158.0,51.5,Male,2.0,24503.54,4.0,7.0
8253426,5.0,71.0,43.5,Unknown,3.0,294503.33,3.0,6.0
817525,5.0,70.0,41.5,Unknown,2.0,35734.85,2.0,5.0
2658770,4.0,56.0,51.0,Female,2.0,342420.19,3.0,6.0
3708511,14.0,174.0,41.5,Male,3.0,24173.42,6.0,9.0
619342,13.0,160.0,64.5,Male,2.0,36735.25,6.0,9.0
2957105,8.0,101.0,32.0,Unknown,2.0,27908.24,0.0,3.0
6773463,11.0,141.0,55.5,Male,2.0,74494.1,2.0,5.0
6834993,9.0,110.0,54.5,Female,2.0,44280.99,1.0,4.0
7810283,4.0,59.0,41.0,Unknown,2.0,92583.53,2.0,5.0
1113765,7.0,84.0,37.5,Unknown,2.0,62777.96,1.0,4.0
2024626,8.0,103.0,53.5,Male,2.0,61302.09,6.0,9.0
4555363,7.0,94.0,27.5,Unknown,3.0,92210.95,6.0,9.0
8883914,5.0,69.0,23.0,Unknown,2.0,35466.55,2.0,5.0
8690549,14.0,179.0,38.0,Female,2.0,97948.49,1.0,5.0
24703,5.0,63.0,30.5,Female,3.0,30123.94,6.0,9.0
1776535,6.0,82.0,34.5,Unknown,2.0,25338.93,6.0,9.0
5768394,6.0,78.0,37.0,Unknown,2.0,42635.15,1.0,5.0
296154,35.0,429.0,58.5,Male,3.0,345709.45,0.0,3.0
3059335,6.0,75.0,62.5,Unknown,2.0,83612.12,2.0,5.0
9700462,13.0,166.0,31.0,Male,4.0,194663.84000000003,6.0,9.0
9513138,20.0,250.0,58.5,Female,3.0,127796.59,1.0,4.0
9037718,21.0,253.0,40.0,Male,3.0,246424.13,4.0,7.0
7262069,22.0,275.0,63.5,Female,2.0,61863.86,0.0,3.0
7944080,20.0,240.0,51.0,Unknown,2.0,120609.2,2.0,5.0
945979,17.0,204.0,47.5,Female,2.0,38085.54,1.0,4.0
2398023,12.0,152.0,40.5,Female,4.0,150824.99,4.0,7.0
9706879,6.0,75.0,70.0,Unknown,2.0,58157.93,6.0,9.0
7358716,15.0,190.0,57.0,Female,2.0,105553.66,1.0,4.0
2828096,4.0,59.0,41.5,Unknown,2.0,52804.06,3.0,6.0
5125059,12.0,145.0,61.5,Female,2.0,68294.04000000001,3.0,6.0
4683103,5.0,67.0,43.0,Unknown,2.0,34108.45,1.0,4.0
2888391,12.0,154.0,59.5,Female,2.0,57557.23,6.0,9.0
1845380,4.0,58.0,26.5,Unknown,2.0,31188.62,1.0,4.0
3412278,8.0,103.0,37.0,Unknown,2.0,27109.55,2.0,5.0
7851703,5.0,71.0,30.0,Unknown,2.0,65641.45999999999,3.0,6.0
6884826,4.0,54.0,47.5,Male,2.0,54639.51,1.0,4.0
2301328,15.0,183.0,41.0,Female,3.0,97821.28,6.0,9.0
7270244,15.0,190.0,28.5,Female,2.0,40662.27,1.0,4.0
7210592,18.0,219.0,55.0,Male,2.0,342663.26,6.0,9.0
2825450,12.0,154.0,54.0,Female,2.0,79716.29000000001,3.0,6.0
2186741,10.0,130.0,44.0,Male,2.0,292093.46,5.0,8.0
9235498,11.0,135.0,51.0,Male,2.0,141778.32,5.0,8.0
7337185,5.0,64.0,53.5,Male,2.0,74737.01,6.0,9.0
5402972,6.0,72.0,29.0,Unknown,2.0,59467.41,3.0,6.0
3266922,4.0,58.0,56.5,Unknown,3.0,159522.22999999998,6.0,9.0
4425819,8.0,106.0,31.0,Female,2.0,35207.38,1.0,4.0
2082621,4.0,57.0,61.5,Unknown,2.0,143164.53999999998,3.0,6.0
5892025,12.0,152.0,28.5,Male,2.0,327188.43,2.0,5.0
960482,13.0,161.0,31.5,Female,2.0,23789.95,2.0,5.0
9976578,11.0,142.0,43.5,Female,2.0,46879.64,0.0,3.0
5529655,19.0,239.0,58.5,Female,2.0,32364.48,1.0,4.0
2982359,6.0,72.0,60.5,Unknown,2.0,32134.28,6.0,9.0
8871492,5.0,71.0,25.0,Unknown,2.0,30205.6,0.0,3.0
8753015,13.0,165.0,63.0,Female,2.0,53378.27,6.0,9.0
2819703,7.0,85.0,24.0,Unknown,2.0,38718.26,6.0,9.0
1593738,16.0,193.0,56.0,Male,2.0,264069.69,1.0,4.0
7064471,11.0,138.0,43.0,Male,2.0,132824.97999999998,6.0,9.0
5406971,7.0,85.0,34.0,Unknown,3.0,55917.01,2.0,5.0
7906156,16.0,203.0,60.0,Male,4.0,204090.51,3.0,6.0
7995189,7.0,89.0,57.5,Unknown,2.0,253823.96,2.0,5.0
661527,14.0,178.0,72.5,Female,2.0,87713.95,1.0,4.0
3752798,26.0,321.0,74.5,Female,2.0,104703.6,0.0,3.0
4936026,6.0,79.0,31.0,Unknown,2.0,60007.94,0.0,3.0
9284705,14.0,176.0,60.0,Male,2.0,570163.15,4.0,7.0
7095531,9.0,118.0,63.5,Female,2.0,29084.85,5.0,8.0
5966969,9.0,119.0,59.5,Female,4.0,63763.28,2.0,6.0
4456068,10.0,124.0,48.5,Male,2.0,49227.03,0.0,3.0
6104189,5.0,61.0,31.5,Unknown,2.0,43661.23,0.0,3.0
2052549,6.0,80.0,72.0,Unknown,2.0,197046.41,6.0,9.0
4071978,7.0,85.0,26.5,Unknown,2.0,42661.12,6.0,9.0
6832055,13.0,163.0,35.0,Female,2.0,88227.57,4.0,7.0
3153502,12.0,154.0,63.5,Female,2.0,409391.58,2.0,5.0
7968399,8.0,106.0,45.0,Male,3.0,165246.32,5.0,8.0
257907,6.0,73.0,58.0,Unknown,4.0,232774.16,6.0,9.0
1088380,7.0,87.0,44.5,Unknown,2.0,179391.47999999998,3.0,6.0
2286665,7.0,85.0,62.5,Unknown,2.0,160320.91999999998,2.0,5.0
2497100,10.0,131.0,56.5,Male,2.0,154843.66999999998,4.0,7.0
9730778,5.0,64.0,72.5,Unknown,3.0,814231.13,6.0,9.0
9985540,4.0,53.0,48.0,Female,4.0,140771.57,4.0,7.0
7752766,5.0,69.0,36.5,Female,2.0,76554.23,1.0,4.0
752336,9.0,116.0,41.0,Male,2.0,34131.7,0.0,3.0
7337790,13.0,160.0,28.5,Male,4.0,177728.14,6.0,9.0
3559045,14.0,177.0,50.0,Female,2.0,49058.16,3.0,6.0
402340,24.0,288.0,75.5,Female,2.0,84196.09,1.0,4.0
4950260,20.0,241.0,28.0,Male,2.0,126316.83,0.0,3.0
7306064,22.0,273.0,56.5,Female,2.0,73024.79000000001,2.0,5.0
6766816,18.0,226.0,41.5,Male,2.0,142440.47999999998,1.0,4.0
8571229,5.0,64.0,66.0,Unknown,3.0,532837.8200000001,5.0,8.0
1772874,11.0,137.0,39.0,Female,2.0,89672.7,0.0,3.0
1046468,4.0,58.0,41.0,Female,2.0,128233.05,6.0,9.0
2196547,13.0,159.0,30.5,Female,2.0,41981.94,6.0,9.0
4874967,13.0,158.0,54.0,Female,2.0,68509.43,6.0,9.0
5698498,13.0,157.0,54.0,Female,2.0,141243.83000000002,1.0,4.0
3651919,6.0,74.0,51.5,Unknown,2.0,486551.38,2.0,5.0
6192754,17.0,204.0,64.5,Male,2.0,42192.48,1.0,4.0
5835214,12.0,155.0,67.5,Female,2.0,92705.77,0.0,3.0
8556712,5.0,65.0,37.0,Unknown,2.0,77905.13,5.0,8.0
6233051,7.0,95.0,54.0,Female,3.0,1724330.5,1.0,4.0
6227535,4.0,57.0,26.0,Unknown,2.0,28613.56,6.0,9.0
6459655,12.0,152.0,53.0,Female,3.0,153717.33000000002,1.0,4.0
2058100,7.0,94.0,24.5,Unknown,3.0,94174.75,6.0,9.0
7620270,5.0,60.0,23.5,Unknown,2.0,35737.17,1.0,4.0
6754811,3.0,42.0,24.5,Unknown,3.0,86693.07,3.0,6.0
2619494,3.0,41.0,73.5,Female,2.0,476652.85,2.0,5.0
5623304,14.0,175.0,40.5,Female,3.0,205853.25,4.0,7.0
4700785,5.0,67.0,39.0,Unknown,2.0,39993.9,4.0,7.0
9165389,11.0,141.0,35.5,Male,2.0,73132.01999999999,6.0,9.0
6075960,6.0,73.0,27.0,Unknown,2.0,29585.93,0.0,3.0
4465005,15.0,182.0,36.0,Male,2.0,58415.95,1.0,4.0
7151779,5.0,60.0,53.0,Unknown,3.0,214059.25,1.0,4.0
1919426,16.0,194.0,53.5,Female,2.0,91139.86,1.0,4.0
5641834,5.0,62.0,32.0,Unknown,2.0,36943.34,0.0,3.0
1993765,26.0,320.0,61.0,Male,2.0,46270.95,3.0,6.0
7256667,9.0,109.0,37.0,Female,2.0,38103.11,6.0,9.0
5763636,6.0,78.0,58.0,Unknown,2.0,124301.04,6.0,9.0
8031992,5.0,68.0,20.0,Female,2.0,32972.42,4.0,7.0
2100966,9.0,116.0,36.0,Female,2.0,30706.48,2.0,5.0
8602025,12.0,155.0,30.5,Female,2.0,34246.119999999995,0.0,3.0
5433214,13.0,166.0,42.0,Male,2.0,199929.2,6.0,9.0
4040609,9.0,118.0,64.5,Male,2.0,66884.86,1.0,4.0
7248314,4.0,50.0,29.5,Unknown,2.0,40234.11,2.0,5.0
478733,26.0,313.0,55.5,Male,2.0,242976.61,5.0,8.0
5281715,13.0,166.0,73.5,Male,2.0,449454.78,0.0,3.0
880925,11.0,136.0,41.5,Male,3.0,211745.01,6.0,9.0
3599132,5.0,71.0,84.0,Unknown,2.0,37240.79,2.0,5.0
1842789,25.0,305.0,49.0,Unknown,3.0,81080.43,6.0,9.0
2759407,21.0,262.0,55.5,Male,3.0,614840.8300000001,6.0,9.0
7342784,21.0,260.0,30.0,Female,2.0,30243.95,0.0,3.0
5647189,21.0,253.0,21.0,Female,3.0,40595.78,3.0,6.0
9471545,18.0,226.0,21.5,Male,3.0,157072.51,4.0,7.0
1498398,16.0,193.0,51.0,Male,2.0,1135444.13,1.0,4.0
7162494,4.0,59.0,23.5,Unknown,2.0,34045.649999999994,2.0,5.0
6862164,11.0,136.0,52.5,Female,2.0,356412.17,6.0,9.0
7858061,8.0,97.0,31.5,Unknown,2.0,33661.509999999995,5.0,8.0
6218530,17.0,211.0,36.0,Female,2.0,129466.97,4.0,7.0
613899,14.0,176.0,57.5,Female,2.0,31906.74,2.0,5.0
5112974,18.0,217.0,53.0,Male,2.0,25409.52,6.0,9.0
4256779,27.0,329.0,32.5,Female,3.0,211536.31,4.0,7.0
6730752,26.0,317.0,30.0,Female,3.0,110358.1,4.0,7.0
7645385,11.0,139.0,31.0,Female,2.0,70586.0,6.0,9.0
7496689,4.0,58.0,54.0,Unknown,2.0,36907.2,3.0,6.0
8807704,13.0,157.0,55.5,Female,2.0,138786.27000000002,0.0,3.0
9436400,12.0,144.0,68.0,Male,4.0,148256.82,6.0,9.0
8699930,9.0,109.0,28.5,Female,2.0,34967.04,1.0,4.0
4008835,7.0,95.0,29.0,Unknown,2.0,101931.88,4.0,7.0
8390524,6.0,73.0,27.0,Unknown,2.0,29274.27,5.0,8.0
7631686,17.0,211.0,51.5,Female,2.0,452741.94,0.0,3.0
6278306,4.0,59.0,32.0,Unknown,4.0,269055.92,6.0,9.0
189053,8.0,106.0,67.5,Male,2.0,33100.49,1.0,4.0
9690885,15.0,190.0,29.5,Female,2.0,78726.88,5.0,8.0
5304250,12.0,152.0,57.5,Male,2.0,23947.28,0.0,3.0
6461112,12.0,146.0,31.5,Male,2.0,44548.45,4.0,7.0
9489902,8.0,102.0,24.0,Unknown,2.0,26257.52,3.0,6.0
5385254,5.0,64.0,67.5,Unknown,2.0,40653.76,0.0,3.0
4582201,6.0,73.0,54.5,Unknown,2.0,24938.23,0.0,3.0
5817393,26.0,322.0,49.0,Female,3.0,157447.32,3.0,6.0
9534176,6.0,82.0,36.5,Unknown,2.0,42120.52,2.0,5.0
5319806,4.0,58.0,46.5,Male,2.0,75910.6,6.0,9.0
6367259,5.0,71.0,59.5,Unknown,2.0,38340.41,6.0,9.0
6305131,15.0,189.0,55.5,Male,2.0,48638.09,4.0,7.0
1313437,30.0,360.0,58.0,Male,3.0,757610.9400000001,3.0,6.0
4253645,5.0,71.0,44.5,Unknown,3.0,221870.19,1.0,4.0
4965124,10.0,123.0,35.5,Female,3.0,131805.59,3.0,6.0
9666293,8.0,105.0,54.5,Male,2.0,131749.39,1.0,5.0
6623011,5.0,71.0,38.5,Unknown,2.0,27789.24,6.0,9.0
5305228,15.0,189.0,62.0,Female,2.0,997076.78,5.0,8.0
905755,8.0,98.0,52.5,Unknown,2.0,38275.75,6.0,9.0
9806438,12.0,144.0,27.0,Female,2.0,81342.97,4.0,7.0
8287502,12.0,155.0,42.0,Unknown,2.0,50059.19,6.0,9.0
2694432,21.0,255.0,72.0,Male,2.0,468753.97,6.0,9.0
8315555,21.0,253.0,37.5,Male,3.0,1369388.09,6.0,9.0
7032639,20.0,249.0,30.0,Male,2.0,41919.98,3.0,6.0
1447028,19.0,228.0,57.5,Male,2.0,114296.37,1.0,4.0
5188022,17.0,209.0,57.0,Female,2.0,140952.22,6.0,9.0
3011265,16.0,200.0,50.5,Female,3.0,111708.17,2.0,5.0
7263978,5.0,66.0,19.5,Unknown,2.0,46385.61,1.0,4.0
9317920,6.0,72.0,23.5,Unknown,2.0,58284.22,4.0,7.0
4031135,5.0,66.0,58.5,Unknown,2.0,95024.66,6.0,9.0
5871351,6.0,78.0,56.0,Unknown,2.0,733695.11,1.0,4.0
3178274,6.0,82.0,44.0,Unknown,2.0,51227.08,0.0,3.0
3118518,4.0,56.0,21.0,Unknown,3.0,51238.78,6.0,9.0
5181738,9.0,111.0,56.5,Female,2.0,40180.14,1.0,4.0
8299838,6.0,73.0,56.0,Unknown,2.0,31725.96,0.0,4.0
4839015,12.0,154.0,26.0,Male,2.0,111700.14,0.0,3.0
7655415,7.0,91.0,38.0,Unknown,2.0,52116.11,1.0,4.0
1022220,14.0,176.0,58.0,Unknown,2.0,90511.66,3.0,6.0
6466884,16.0,193.0,63.5,Male,2.0,38238.56,6.0,9.0
6980485,13.0,159.0,63.5,Female,2.0,101377.94,2.0,5.0
5317123,7.0,86.0,53.5,Unknown,2.0,119180.96,4.0,7.0
447494,8.0,107.0,42.5,Female,2.0,67837.0,6.0,9.0
4447831,6.0,72.0,23.0,Unknown,4.0,112789.84,5.0,8.0
8622690,27.0,325.0,62.5,Female,3.0,1064822.88,3.0,6.0
4829289,12.0,150.0,51.5,Female,2.0,23841.19,1.0,6.0
2938439,4.0,58.0,21.0,Female,2.0,27911.82,6.0,9.0
4929063,6.0,77.0,61.0,Unknown,2.0,95780.5,1.0,4.0
2838884,8.0,106.0,46.5,Male,2.0,51124.36,0.0,3.0
3474009,9.0,109.0,32.0,Male,3.0,168553.12,3.0,6.0
5564255,8.0,100.0,62.0,Unknown,2.0,91199.04,1.0,4.0
821726,15.0,189.0,66.0,Male,2.0,262429.19,1.0,4.0
9169849,8.0,104.0,63.5,Male,2.0,33508.58,0.0,3.0
5301754,8.0,98.0,27.5,Unknown,3.0,63017.67,4.0,7.0
7680560,14.0,173.0,49.5,Male,3.0,239684.11,0.0,3.0
4015484,5.0,70.0,51.0,Unknown,2.0,42106.34,0.0,3.0
767670,9.0,112.0,59.5,Male,2.0,43860.86,4.0,7.0
1919224,7.0,94.0,34.0,Female,2.0,39982.7,0.0,3.0
6156275,4.0,58.0,56.5,Male,3.0,171982.18,6.0,9.0
6310687,6.0,83.0,32.0,Unknown,2.0,51970.24,4.0,8.0
8063914,9.0,114.0,71.5,Male,2.0,50864.61,4.0,7.0
116682,11.0,140.0,45.0,Female,2.0,52619.65,2.0,6.0
9789879,13.0,159.0,74.0,Male,2.0,228858.5,4.0,8.0
8134743,5.0,63.0,33.5,Unknown,2.0,30850.36,1.0,4.0
8683530,13.0,165.0,42.0,Male,2.0,88160.14,3.0,6.0
6899350,9.0,109.0,64.0,Female,2.0,156577.02000000002,4.0,7.0
2261960,12.0,153.0,75.0,Female,2.0,395906.96,6.0,9.0
700043,14.0,177.0,41.5,Male,3.0,407695.58,3.0,6.0
4981705,6.0,73.0,43.0,Unknown,2.0,287545.16,6.0,9.0
3364041,6.0,76.0,70.5,Male,2.0,43836.64,6.0,9.0
8690868,15.0,182.0,36.5,Male,2.0,62059.91,0.0,3.0
8017988,9.0,110.0,32.0,Female,2.0,29915.04,0.0,3.0
1648441,22.0,268.0,28.5,Female,2.0,60739.41,4.0,7.0
5673081,21.0,262.0,56.0,Female,2.0,189707.58,6.0,9.0
6244101,17.0,215.0,45.0,Female,2.0,68028.31,3.0,6.0
5506805,17.0,210.0,67.5,Male,2.0,30800.64,4.0,7.0
940063,6.0,82.0,19.5,Unknown,2.0,55599.53,0.0,3.0
8110362,15.0,184.0,43.5,Unknown,2.0,63352.26,2.0,6.0
4826778,4.0,57.0,55.0,Female,2.0,29412.49,1.0,4.0
1180758,13.0,167.0,58.5,Female,2.0,154994.05,4.0,7.0
5404870,15.0,187.0,66.5,Female,2.0,51223.98,2.0,6.0
7539129,14.0,168.0,61.0,Male,2.0,215622.58,6.0,9.0
3265995,15.0,189.0,41.0,Female,2.0,42017.91,1.0,4.0
3983430,5.0,64.0,55.0,Unknown,2.0,135295.76,6.0,9.0
1300694,5.0,71.0,22.5,Unknown,2.0,64752.37,5.0,8.0
8875616,14.0,171.0,52.0,Male,2.0,257043.97,6.0,9.0
6623167,15.0,189.0,54.5,Male,2.0,39582.1,4.0,7.0
4954273,16.0,203.0,72.0,Male,2.0,24243.99,3.0,6.0
9656018,7.0,91.0,60.5,Unknown,2.0,47310.33,4.0,7.0
728512,6.0,74.0,29.0,Unknown,2.0,30736.62,2.0,5.0
7723001,6.0,82.0,40.5,Unknown,2.0,32549.26,0.0,3.0
9747532,11.0,143.0,37.5,Male,3.0,42078.67999999999,6.0,9.0
385802,7.0,86.0,37.5,Unknown,3.0,59611.5,4.0,7.0
846090,13.0,163.0,62.5,Male,2.0,40186.63,6.0,9.0
5308745,14.0,178.0,41.5,Unknown,2.0,190499.75,5.0,8.0
8318115,7.0,84.0,35.0,Unknown,2.0,43311.82,6.0,9.0
9725500,15.0,180.0,53.0,Male,2.0,92833.15,1.0,4.0
2795142,9.0,113.0,49.5,Male,2.0,179614.64,2.0,5.0
6156120,7.0,85.0,69.0,Unknown,3.0,32549.17,2.0,5.0
5151955,7.0,84.0,31.5,Unknown,2.0,107207.25,1.0,4.0
3368135,7.0,94.0,42.0,Unknown,2.0,64616.14,4.0,7.0
7570389,5.0,70.0,49.0,Unknown,2.0,29389.11,0.0,3.0
5679620,6.0,72.0,25.0,Unknown,2.0,48039.89,2.0,5.0
2432412,23.0,282.0,28.5,Female,2.0,131650.18,0.0,3.0
4224761,5.0,64.0,21.5,Female,3.0,126532.94,6.0,9.0
6934783,7.0,88.0,68.5,Unknown,2.0,175598.28999999998,4.0,7.0
2280986,8.0,103.0,42.5,Unknown,2.0,50840.85,0.0,3.0
6421319,16.0,192.0,32.5,Female,2.0,83528.12,1.0,4.0
3033824,4.0,58.0,32.0,Unknown,2.0,51172.51,6.0,9.0
6451488,12.0,154.0,33.0,Female,2.0,100294.39,5.0,8.0
4546343,11.0,137.0,57.0,Female,2.0,269896.64,6.0,9.0
3398547,13.0,157.0,24.5,Female,2.0,26306.04,6.0,9.0
27764,4.0,58.0,23.0,Unknown,2.0,30495.82,1.0,4.0
7141663,5.0,70.0,27.5,Unknown,2.0,55064.61,3.0,6.0
4600680,6.0,78.0,30.5,Unknown,2.0,39401.25,6.0,9.0
3047925,5.0,70.0,29.5,Unknown,2.0,37272.79,5.0,8.0
2787388,28.0,337.0,27.0,Male,2.0,112818.94,2.0,5.0
8287001,15.0,188.0,31.0,Male,2.0,424758.48,6.0,9.0
3060121,5.0,61.0,49.0,Male,2.0,274720.24,2.0,5.0
5661948,8.0,96.0,25.0,Male,2.0,32698.66,6.0,9.0
657941,4.0,59.0,45.0,Unknown,2.0,41020.73,1.0,4.0
8461220,15.0,189.0,41.5,Male,3.0,66496.76,6.0,9.0
3935621,23.0,280.0,24.5,Male,2.0,28896.79,6.0,9.0
8397148,22.0,270.0,68.0,Female,3.0,61312.14,4.0,7.0
9643123,21.0,255.0,62.0,Unknown,2.0,105130.75,3.0,7.0
695200,20.0,250.0,69.0,Female,2.0,35377.149999999994,2.0,5.0
2700187,20.0,242.0,42.5,Male,3.0,72105.76,6.0,9.0
7226534,48.0,585.0,71.0,Female,2.0,30451.32,3.0,6.0
7078797,17.0,215.0,63.5,Female,3.0,157375.25,5.0,8.0
7471029,5.0,63.0,28.5,Unknown,2.0,90011.33,6.0,9.0
9703028,11.0,142.0,39.5,Female,3.0,272315.6,5.0,8.0
5523996,16.0,203.0,43.5,Male,2.0,53944.8,3.0,6.0
4359068,12.0,148.0,30.5,Female,3.0,60987.71,4.0,7.0
820928,11.0,141.0,40.5,Female,3.0,388524.19,0.0,3.0
2725090,9.0,119.0,27.0,Male,2.0,39226.02,6.0,9.0
694557,7.0,87.0,62.5,Male,2.0,663823.24,4.0,7.0
6965031,7.0,87.0,60.0,Unknown,2.0,27048.6,6.0,9.0
4228267,15.0,189.0,39.5,Female,2.0,44934.87,0.0,3.0
9127572,5.0,65.0,28.0,Unknown,2.0,26502.14,1.0,4.0
7338123,7.0,88.0,23.5,Male,2.0,26436.73,6.0,9.0
7567200,15.0,188.0,50.5,Male,2.0,406184.24,2.0,5.0
9066078,11.0,142.0,53.0,Male,3.0,52977.47,0.0,3.0
9164530,30.0,370.0,69.0,Male,2.0,28114.0,6.0,9.0
8808861,13.0,158.0,62.5,Male,3.0,314171.44,6.0,9.0
3883841,13.0,162.0,29.0,Male,2.0,62227.1,6.0,9.0
7702990,7.0,90.0,53.5,Unknown,3.0,202772.93,6.0,9.0
4281351,5.0,69.0,22.5,Unknown,2.0,40665.31,5.0,8.0
2946761,5.0,71.0,60.5,Unknown,3.0,591830.2000000001,6.0,9.0
2056783,7.0,85.0,33.0,Unknown,2.0,117401.21,6.0,9.0
5117722,21.0,252.0,29.5,Male,2.0,26771.61,2.0,5.0
2837581,26.0,316.0,59.0,Female,2.0,62589.39,6.0,9.0
9250072,12.0,153.0,33.5,Female,2.0,35651.96,3.0,6.0
5572700,13.0,166.0,51.0,Female,2.0,71166.31,5.0,8.0
9128344,15.0,191.0,40.5,Female,2.0,70306.20999999999,2.0,5.0
4958603,4.0,58.0,65.5,Female,2.0,69846.03,2.0,5.0
9356001,13.0,160.0,62.5,Male,2.0,121180.32,6.0,9.0
871456,15.0,183.0,69.5,Unknown,2.0,54787.51,1.0,4.0
1114136,15.0,192.0,60.0,Male,3.0,460321.09,1.0,4.0
2941700,30.0,361.0,66.0,Male,2.0,65578.85,3.0,6.0
5440461,6.0,72.0,27.5,Unknown,3.0,28182.65,5.0,8.0
5125145,13.0,167.0,60.0,Male,2.0,313298.5,5.0,8.0
5422640,13.0,158.0,52.5,Male,2.0,130993.6,6.0,9.0
4555481,8.0,105.0,51.0,Female,2.0,298567.79,6.0,9.0
2711899,15.0,182.0,45.0,Female,3.0,118737.83,4.0,7.0
2026269,7.0,95.0,27.0,Male,3.0,158070.15999999997,5.0,8.0
5292917,5.0,71.0,64.0,Unknown,2.0,37983.26,0.0,3.0
9395640,5.0,70.0,33.5,Unknown,2.0,43263.87,4.0,7.0
6629042,6.0,77.0,68.5,Male,3.0,280612.6,6.0,9.0
5784824,8.0,105.0,47.5,Male,2.0,213532.57,2.0,5.0
1021747,13.0,161.0,74.0,Male,2.0,248332.28,6.0,9.0
9917847,17.0,207.0,38.5,Female,2.0,23811.97,0.0,3.0
8253457,8.0,106.0,63.0,Male,2.0,84743.06,6.0,9.0
5756542,4.0,56.0,35.5,Male,2.0,74427.37,1.0,4.0
420722,10.0,123.0,43.0,Male,2.0,27878.75,6.0,9.0
2672778,13.0,165.0,51.5,Male,2.0,250382.35,6.0,9.0
7743685,9.0,114.0,60.0,Female,2.0,100383.94,5.0,8.0
6634404,30.0,360.0,68.5,Female,2.0,176242.02000000002,0.0,3.0
8635180,30.0,362.0,58.5,Unknown,2.0,163274.62,0.0,3.0
1043977,3.0,46.0,51.0,Unknown,2.0,46698.45,2.0,5.0
3118099,6.0,73.0,25.5,Unknown,2.0,43037.73,2.0,6.0
7255337,6.0,80.0,69.5,Unknown,2.0,79791.78,3.0,6.0
5709603,7.0,87.0,33.0,Unknown,2.0,32737.35,6.0,9.0
1632043,6.0,75.0,29.0,Unknown,2.0,59909.27,0.0,3.0
4840383,25.0,305.0,69.5,Female,2.0,276357.84,6.0,9.0
7604827,24.0,289.0,66.5,Female,2.0,61886.52,1.0,4.0
8965111,23.0,286.0,61.5,Female,3.0,54765.33,5.0,8.0
4930919,22.0,274.0,52.5,Male,2.0,34380.24,3.0,6.0
5844624,22.0,264.0,72.5,Male,3.0,165590.63,2.0,5.0
4553178,20.0,251.0,17.5,Female,2.0,33918.6,1.0,4.0
908415,20.0,243.0,49.5,Male,3.0,49728.23,6.0,9.0
5329342,19.0,236.0,57.5,Female,3.0,122125.86,3.0,6.0
5384175,19.0,230.0,46.5,Female,2.0,53241.99,0.0,3.0
298708,17.0,214.0,61.5,Female,2.0,38514.69,0.0,3.0
5288278,17.0,214.0,37.0,Female,3.0,845090.79,6.0,9.0
3426745,14.0,173.0,48.0,Female,2.0,30996.4,0.0,3.0
6327393,11.0,137.0,31.5,Female,4.0,113427.0,1.0,4.0
1253720,13.0,167.0,70.5,Male,2.0,51000.99,3.0,6.0
2564522,5.0,61.0,63.0,Male,2.0,70470.6,5.0,8.0
3677919,13.0,163.0,54.5,Male,2.0,231387.19,2.0,5.0
739719,14.0,170.0,65.0,Female,2.0,140039.16,6.0,9.0
3520813,17.0,212.0,54.0,Male,2.0,69902.29000000001,1.0,4.0
997399,5.0,70.0,29.5,Unknown,3.0,54230.28,5.0,8.0
5512376,5.0,61.0,70.0,Female,2.0,31746.39,4.0,7.0
381123,4.0,58.0,45.5,Unknown,2.0,51541.52,5.0,8.0
3492418,13.0,167.0,59.0,Male,2.0,55233.91,0.0,3.0
5478485,7.0,86.0,50.5,Unknown,2.0,31392.78,0.0,3.0
3320860,4.0,57.0,49.0,Male,2.0,84874.82,1.0,4.0
9747569,7.0,94.0,58.0,Male,3.0,118713.61,4.0,8.0
3087316,4.0,56.0,41.5,Unknown,2.0,33303.88,1.0,4.0
8396883,7.0,89.0,71.5,Unknown,3.0,190373.75,1.0,4.0
3122747,7.0,87.0,62.0,Unknown,2.0,866608.18,3.0,6.0
8116430,13.0,166.0,39.5,Female,2.0,97924.4,0.0,3.0
4766085,5.0,71.0,58.5,Unknown,2.0,163065.19,3.0,6.0
9446994,9.0,118.0,22.5,Male,2.0,30921.74,4.0,7.0
8013938,8.0,98.0,35.0,Unknown,2.0,79798.53,0.0,3.0
3367659,15.0,190.0,64.5,Female,2.0,172330.72999999998,5.0,8.0
7596360,14.0,175.0,29.0,Female,2.0,44082.41,2.0,5.0
8734008,7.0,94.0,37.5,Unknown,2.0,80452.91,3.0,6.0
5395357,6.0,75.0,26.5,Unknown,2.0,28877.18,1.0,4.0
7464571,5.0,70.0,49.5,Unknown,3.0,60449.54,2.0,5.0
7225109,6.0,72.0,29.5,Unknown,2.0,27912.39,1.0,4.0
4813412,29.0,349.0,74.5,Male,2.0,82171.23999999999,3.0,6.0
5370358,6.0,72.0,27.0,Unknown,3.0,69524.53,2.0,5.0
2274274,12.0,149.0,56.5,Female,2.0,82715.19,6.0,9.0
8587544,16.0,195.0,47.0,Female,2.0,49511.77,0.0,3.0
1364549,6.0,80.0,60.5,Unknown,2.0,65292.37,3.0,6.0
6159830,15.0,181.0,41.0,Male,2.0,27551.58,0.0,3.0
3459755,13.0,167.0,27.5,Male,2.0,36756.28,3.0,6.0
7103902,16.0,194.0,56.5,Male,3.0,37795.81,1.0,4.0
2624301,13.0,165.0,35.5,Male,2.0,53227.53,1.0,4.0
4794303,15.0,183.0,62.5,Female,2.0,109545.37,0.0,3.0
6578081,22.0,275.0,47.0,Male,2.0,79062.81,0.0,3.0
4645579,22.0,265.0,29.5,Female,2.0,40812.8,3.0,6.0
4506778,20.0,245.0,32.5,Male,2.0,178631.21000000002,3.0,6.0
8016554,18.0,216.0,29.5,Female,2.0,85454.69,1.0,4.0
3243523,11.0,137.0,39.5,Female,2.0,130298.69,6.0,9.0
8942980,6.0,78.0,26.5,Unknown,3.0,30508.68,4.0,7.0
730405,14.0,178.0,27.0,Male,2.0,59139.47,4.0,7.0
1749073,21.0,255.0,70.0,Male,3.0,448728.97,6.0,9.0
1035115,12.0,155.0,58.0,Female,2.0,43701.58,1.0,4.0
7788941,15.0,188.0,51.5,Male,2.0,334831.39,3.0,6.0
1130005,12.0,154.0,27.0,Male,2.0,107464.57,0.0,3.0
9246043,11.0,140.0,38.5,Female,2.0,113751.41,0.0,3.0
6641842,6.0,74.0,36.0,Unknown,3.0,30978.97,6.0,9.0
8782604,6.0,80.0,56.0,Unknown,2.0,53959.88,2.0,5.0
955510,5.0,71.0,24.5,Unknown,2.0,54171.44,6.0,9.0
3857653,9.0,117.0,59.5,Female,2.0,138549.84999999998,5.0,8.0
7558828,7.0,94.0,31.5,Female,2.0,32519.31,0.0,3.0
2614999,15.0,186.0,38.0,Unknown,2.0,55517.82,1.0,4.0
2615146,7.0,89.0,33.0,Unknown,2.0,53185.13,6.0,9.0
2341335,6.0,73.0,33.0,Unknown,3.0,973761.64,6.0,9.0
485243,16.0,193.0,44.0,Female,2.0,62503.12,0.0,3.0
184211,5.0,70.0,25.0,Unknown,2.0,45726.5,6.0,9.0
8946966,15.0,191.0,55.5,Female,2.0,68118.58,1.0,4.0
7026181,14.0,172.0,28.5,Female,2.0,44805.21,2.0,5.0
180953,28.0,336.0,62.0,Male,3.0,28371.95,1.0,4.0
1231545,8.0,103.0,57.5,Unknown,2.0,306965.0,6.0,9.0
7113920,12.0,151.0,51.5,Female,2.0,41688.34,2.0,5.0
2489153,12.0,154.0,41.5,Female,3.0,254180.02,3.0,6.0
382031,11.0,143.0,68.0,Male,2.0,60134.8,2.0,5.0
5862916,19.0,239.0,54.5,Female,2.0,28958.0,6.0,9.0
4388792,12.0,151.0,63.5,Female,2.0,258086.51,6.0,9.0
365534,16.0,193.0,67.5,Female,2.0,33726.369999999995,1.0,4.0
5443224,6.0,78.0,24.5,Unknown,2.0,36311.38,6.0,9.0
915584,7.0,85.0,49.5,Unknown,3.0,91405.92,6.0,9.0
3351731,10.0,128.0,26.5,Female,2.0,74412.76,6.0,9.0
7802281,5.0,68.0,75.0,Unknown,2.0,111923.99,5.0,8.0
5251521,12.0,148.0,27.0,Male,3.0,99481.61,6.0,9.0
8666597,18.0,224.0,65.0,Male,2.0,54358.02,4.0,7.0
8516896,11.0,142.0,45.5,Male,2.0,29649.9,0.0,3.0
697367,4.0,58.0,71.0,Unknown,2.0,185235.88,6.0,9.0
68884,29.0,359.0,80.0,Female,2.0,122636.58,0.0,3.0
2262795,9.0,118.0,45.5,Female,2.0,86291.01999999999,1.0,4.0
1767556,4.0,59.0,28.0,Unknown,2.0,29986.97,1.0,4.0
583178,32.0,394.0,61.0,Unknown,2.0,87595.57,0.0,3.0
4005943,6.0,79.0,24.5,Unknown,2.0,26753.86,2.0,5.0
7875563,6.0,76.0,25.5,Female,2.0,33859.72,6.0,9.0
7730434,13.0,159.0,52.5,Male,2.0,31929.34,1.0,4.0
6480779,6.0,77.0,33.0,Unknown,2.0,38987.62,2.0,5.0
4075614,28.0,347.0,31.5,Unknown,2.0,114740.17,0.0,3.0
6820760,6.0,79.0,24.0,Unknown,3.0,35734.28,2.0,5.0
8448994,26.0,316.0,57.5,Female,4.0,331971.64,4.0,7.0
2455230,23.0,285.0,62.0,Male,3.0,481325.09,6.0,9.0
2013589,22.0,267.0,40.5,Male,2.0,43393.87,1.0,4.0
706633,21.0,256.0,50.5,Male,2.0,712049.28,5.0,8.0
7146447,21.0,255.0,51.5,Female,2.0,37505.57,0.0,3.0
8798951,20.0,245.0,73.0,Female,3.0,224322.33,3.0,6.0
3918324,6.0,73.0,44.5,Unknown,2.0,31078.15,0.0,3.0
227631,8.0,97.0,73.5,Unknown,2.0,60865.52,6.0,9.0
7034055,6.0,82.0,28.5,Unknown,2.0,34842.66,0.0,3.0
3077159,7.0,89.0,32.0,Unknown,2.0,44905.67,6.0,9.0
9885354,7.0,90.0,19.5,Female,2.0,32966.0,3.0,6.0
9080510,7.0,95.0,27.0,Unknown,2.0,40629.47,6.0,9.0
8446580,15.0,188.0,65.5,Male,2.0,66222.0,3.0,6.0
3983999,6.0,72.0,69.0,Female,2.0,65230.03,4.0,7.0
6273703,4.0,56.0,60.0,Unknown,2.0,237980.83,5.0,8.0
6602198,14.0,170.0,37.0,Male,2.0,32993.869999999995,0.0,3.0
7864436,16.0,192.0,46.5,Male,3.0,95778.53,2.0,5.0
7379864,6.0,81.0,53.5,Unknown,2.0,40408.97,2.0,5.0
8600021,6.0,79.0,27.0,Unknown,2.0,44140.13,2.0,5.0
7343195,8.0,107.0,53.5,Female,2.0,43726.28,2.0,5.0
3133081,7.0,91.0,33.0,Male,3.0,250295.89,5.0,8.0
7582334,15.0,185.0,41.5,Female,2.0,27167.65,3.0,6.0
6303727,12.0,154.0,76.0,Male,2.0,29839.73,0.0,3.0
5947606,13.0,161.0,27.5,Male,2.0,80137.28,5.0,8.0
3696702,11.0,143.0,30.0,Male,2.0,42300.59,0.0,3.0
5549078,7.0,90.0,24.5,Unknown,2.0,46145.55,5.0,8.0
7523230,13.0,161.0,73.0,Female,2.0,221765.49,2.0,5.0
2831054,6.0,82.0,71.0,Female,2.0,324667.97,6.0,9.0
4870498,14.0,169.0,32.5,Female,2.0,39151.1,4.0,7.0
8864617,12.0,148.0,65.0,Male,2.0,48437.38,4.0,7.0
8485850,12.0,154.0,29.5,Male,2.0,59198.37,2.0,5.0
1768510,5.0,68.0,23.0,Unknown,4.0,43776.02,3.0,6.0
1074213,14.0,173.0,48.5,Female,2.0,91628.53,0.0,3.0
4329407,18.0,216.0,55.5,Female,2.0,32657.22,2.0,5.0
2555492,4.0,59.0,65.5,Unknown,3.0,233726.53,5.0,8.0
2163565,8.0,106.0,70.0,Male,2.0,35663.88,2.0,5.0
8249112,6.0,81.0,42.0,Unknown,3.0,201917.08,3.0,6.0
245312,25.0,311.0,92.0,Female,2.0,84193.35,0.0,3.0
235342,20.0,251.0,25.5,Male,2.0,24881.37,2.0,5.0
4796449,6.0,74.0,36.0,Unknown,2.0,66406.04000000001,5.0,8.0
4451419,2.0,34.0,34.0,Male,2.0,233684.76,5.0,8.0
4862279,8.0,97.0,37.0,Unknown,2.0,26720.61,0.0,3.0
8180806,6.0,80.0,25.5,Unknown,2.0,28875.01,5.0,8.0
3364820,19.0,235.0,48.0,Female,2.0,100885.35,0.0,3.0
4094074,15.0,181.0,76.0,Male,2.0,136537.39,1.0,4.0
6553545,25.0,309.0,56.5,Male,4.0,940328.17,6.0,9.0
5515403,4.0,59.0,55.0,Unknown,2.0,26555.76,0.0,3.0
9303153,6.0,82.0,23.0,Unknown,2.0,73472.72,6.0,9.0
2938904,7.0,91.0,43.5,Male,2.0,28166.13,1.0,4.0
2183344,5.0,71.0,55.0,Unknown,2.0,47282.94,6.0,9.0
8974238,8.0,107.0,72.0,Male,2.0,33085.97,1.0,4.0
399694,5.0,70.0,48.5,Female,2.0,50629.89,1.0,4.0
1990754,11.0,136.0,54.0,Male,2.0,99591.29,6.0,9.0
4265479,6.0,72.0,32.0,Unknown,2.0,55730.4,0.0,3.0
7336937,16.0,195.0,44.0,Male,2.0,281444.05,2.0,5.0
1399670,25.0,302.0,45.0,Female,3.0,337568.83,2.0,5.0
2163599,31.0,376.0,22.5,Male,3.0,106484.05,6.0,9.0
6717584,21.0,263.0,51.5,Male,2.0,56050.52,6.0,9.0
787475,20.0,250.0,54.5,Female,2.0,113479.5,3.0,6.0
4121121,20.0,244.0,67.5,Male,2.0,99611.63,4.0,7.0
7045777,20.0,249.0,72.0,Female,2.0,86608.62,2.0,5.0
9748419,5.0,71.0,56.0,Unknown,2.0,45199.87,0.0,3.0
2941236,8.0,106.0,62.0,Male,2.0,193027.27,2.0,5.0
8083850,12.0,146.0,41.0,Male,2.0,27643.21,0.0,3.0
8480558,15.0,180.0,60.5,Female,2.0,145372.63,2.0,5.0
4519687,13.0,165.0,71.5,Female,2.0,221634.09000000003,6.0,9.0
6458491,10.0,131.0,34.0,Female,2.0,38176.85,3.0,6.0
8104971,16.0,192.0,39.0,Female,2.0,28668.5,1.0,4.0
5760819,6.0,77.0,36.5,Unknown,2.0,144501.07,1.0,4.0
4169017,16.0,203.0,34.5,Female,3.0,121924.33,2.0,5.0
8466643,15.0,185.0,45.0,Unknown,2.0,91997.96,0.0,3.0
9784687,7.0,85.0,26.0,Unknown,2.0,51163.1,6.0,9.0
8417006,15.0,181.0,50.5,Female,2.0,39392.37,2.0,5.0
7192655,11.0,132.0,29.0,Male,2.0,23944.88,0.0,3.0
8337216,9.0,116.0,52.0,Female,3.0,240243.31,2.0,5.0
8358978,14.0,169.0,29.0,Male,2.0,44103.7,6.0,9.0
6449665,17.0,214.0,68.5,Male,2.0,285019.31,6.0,9.0
9314424,26.0,315.0,53.5,Female,4.0,1020850.92,6.0,9.0
4598561,7.0,85.0,22.0,Unknown,3.0,65009.66,2.0,5.0
3891526,15.0,183.0,41.0,Female,2.0,62732.99,5.0,8.0
7752227,4.0,59.0,32.0,Unknown,2.0,34708.67,6.0,9.0
1956135,16.0,203.0,61.0,Female,2.0,74834.72,6.0,9.0
4590842,12.0,144.0,30.5,Male,2.0,30429.8,6.0,9.0
1402919,6.0,75.0,60.0,Male,2.0,236830.88,3.0,6.0
520210,16.0,194.0,58.5,Male,2.0,1527794.3199999998,6.0,9.0
4981076,5.0,70.0,45.0,Female,2.0,27084.0,1.0,4.0
9718806,8.0,101.0,27.5,Unknown,2.0,26012.49,1.0,4.0
1897201,16.0,192.0,30.5,Female,2.0,59384.65,3.0,6.0
4116628,6.0,78.0,31.5,Unknown,2.0,71776.85,3.0,6.0
8529806,6.0,72.0,33.5,Unknown,2.0,25000.95,0.0,3.0
4488919,7.0,85.0,33.0,Unknown,3.0,46245.24,1.0,4.0
5203357,9.0,118.0,56.0,Female,2.0,243295.08,6.0,9.0
5300859,5.0,64.0,47.5,Female,3.0,63978.58,3.0,6.0
9915602,7.0,87.0,41.5,Male,2.0,129723.49,1.0,4.0
7975904,23.0,277.0,36.5,Male,2.0,29893.37,1.0,4.0
1013311,16.0,203.0,25.5,Male,2.0,34508.33,1.0,4.0
627034,16.0,200.0,35.0,Male,3.0,496969.13,2.0,5.0
9618881,11.0,143.0,30.0,Male,2.0,30006.44,6.0,9.0
8470229,25.0,310.0,63.5,Male,3.0,690530.3200000001,6.0,9.0
8077428,5.0,64.0,49.0,Male,3.0,80346.86,6.0,9.0
3728776,7.0,92.0,58.5,Unknown,3.0,58676.81,5.0,8.0
9396886,25.0,310.0,33.0,Female,2.0,71091.35,6.0,9.0
3875362,8.0,97.0,23.5,Unknown,3.0,72512.68,6.0,9.0
498135,20.0,243.0,66.0,Female,2.0,41205.72,5.0,8.0
3905636,5.0,64.0,54.5,Female,2.0,40562.42,2.0,5.0
9494036,12.0,147.0,33.5,Male,2.0,53119.2,5.0,8.0
3675237,19.0,235.0,50.5,Male,3.0,111603.65,5.0,8.0
4976954,7.0,84.0,64.5,Unknown,2.0,132196.28999999998,0.0,3.0
4249501,15.0,185.0,39.5,Male,2.0,96742.96,6.0,9.0
1191060,26.0,315.0,67.0,Male,2.0,249943.54,6.0,9.0
7872876,15.0,189.0,45.0,Female,2.0,37181.15,0.0,3.0
2260897,15.0,191.0,63.5,Female,2.0,114647.74,2.0,5.0
4951656,9.0,118.0,40.5,Male,2.0,42524.74,1.0,4.0
8274026,9.0,111.0,31.5,Male,2.0,69037.61,2.0,5.0
8705202,16.0,193.0,64.5,Male,2.0,39053.05,6.0,9.0
4555479,12.0,148.0,68.0,Male,3.0,71437.42,0.0,3.0
3330356,5.0,70.0,62.0,Female,2.0,83822.16,4.0,7.0
8164502,5.0,62.0,74.0,Female,3.0,68693.22,1.0,4.0
6273786,6.0,83.0,41.0,Unknown,2.0,30784.33,6.0,9.0
8037795,12.0,150.0,33.0,Male,2.0,34949.96,0.0,3.0
4204704,13.0,159.0,51.5,Female,2.0,265581.73,0.0,3.0
9335897,5.0,60.0,25.0,Male,2.0,44649.92999999999,1.0,4.0
9884409,15.0,182.0,39.0,Female,2.0,82143.26,1.0,4.0
324516,11.0,141.0,45.5,Female,3.0,79499.42,4.0,7.0
9694436,7.0,84.0,23.5,Unknown,2.0,45383.81,4.0,7.0
9579688,7.0,85.0,67.5,Unknown,2.0,198521.98,6.0,9.0
7669585,7.0,94.0,28.5,Unknown,2.0,40255.6,2.0,5.0
7220617,14.0,178.0,37.5,Female,3.0,94202.21,1.0,4.0
2154918,13.0,166.0,59.0,Female,2.0,69874.81,6.0,9.0
3933888,19.0,235.0,34.5,Female,2.0,27628.73,6.0,9.0
9587816,7.0,86.0,32.5,Unknown,2.0,30391.24,4.0,7.0
2810834,5.0,71.0,20.5,Unknown,2.0,28561.9,1.0,4.0
9049428,6.0,79.0,31.5,Unknown,2.0,26899.56,0.0,3.0
303136,14.0,175.0,28.5,Male,2.0,68327.79000000001,0.0,3.0
1681883,15.0,180.0,43.5,Male,3.0,194830.69,2.0,5.0
2729855,9.0,113.0,58.0,Female,2.0,46956.94,0.0,3.0
2047423,7.0,85.0,50.0,Unknown,2.0,95429.16,3.0,6.0
9888783,6.0,78.0,41.5,Unknown,2.0,90512.76,6.0,9.0
1388161,13.0,163.0,33.0,Female,2.0,24323.53,3.0,6.0
3301388,26.0,323.0,60.5,Female,2.0,178820.61,5.0,8.0
7661493,5.0,68.0,24.5,Unknown,2.0,28219.56,0.0,3.0
4687647,17.0,205.0,71.5,Male,2.0,282837.5,6.0,9.0
6317729,9.0,116.0,68.0,Male,2.0,262408.92,6.0,9.0
6756415,14.0,174.0,54.0,Male,2.0,45100.45,0.0,3.0
935970,15.0,184.0,44.0,Female,2.0,340247.29,4.0,7.0
5110460,23.0,276.0,51.0,Female,2.0,30017.38,6.0,9.0
5989315,21.0,259.0,67.0,Male,2.0,58279.1,3.0,6.0
3440881,24.0,292.0,59.5,Male,3.0,338601.34,2.0,5.0
2609648,20.0,243.0,42.0,Male,2.0,130903.51,5.0,8.0
9296252,20.0,241.0,60.0,Female,3.0,107406.35,2.0,5.0
4955203,17.0,212.0,43.5,Female,2.0,30494.68,6.0,9.0
7365416,17.0,209.0,40.5,Male,3.0,187095.83,3.0,6.0
4622079,17.0,204.0,31.5,Female,3.0,24907.07,2.0,5.0
7258312,13.0,167.0,34.5,Male,2.0,30954.92,2.0,5.0
3866816,30.0,361.0,64.5,Unknown,2.0,110824.55,0.0,3.0
3329557,26.0,322.0,67.0,Female,2.0,87780.07,2.0,5.0
1865145,8.0,106.0,61.5,Male,2.0,43003.6,1.0,4.0
1560366,8.0,96.0,47.5,Unknown,2.0,116201.76,2.0,5.0
6360420,4.0,53.0,53.0,Unknown,2.0,75043.5,6.0,9.0
7773828,9.0,118.0,27.0,Male,2.0,27953.83,1.0,4.0
225368,12.0,154.0,31.0,Female,2.0,31240.02,0.0,3.0
6501008,8.0,98.0,30.0,Unknown,2.0,34793.41,1.0,4.0
9763488,5.0,70.0,29.5,Unknown,4.0,62877.64,2.0,5.0
187837,13.0,166.0,38.5,Female,2.0,114040.44,3.0,6.0
5141512,6.0,74.0,25.5,Female,2.0,26424.05,6.0,9.0
5925720,14.0,178.0,42.0,Male,2.0,36333.27,0.0,3.0
8321082,5.0,67.0,27.0,Unknown,2.0,36188.79,6.0,9.0
7680107,6.0,76.0,55.0,Unknown,2.0,52889.92,6.0,9.0
3127596,4.0,56.0,36.0,Unknown,3.0,44016.02,6.0,9.0
3094956,5.0,66.0,21.0,Unknown,3.0,25701.77,3.0,6.0
9199470,11.0,132.0,54.0,Male,2.0,134140.51,4.0,7.0
5593703,8.0,98.0,30.5,Unknown,3.0,98193.97,3.0,6.0
4298159,17.0,206.0,46.0,Female,2.0,58976.95,1.0,5.0
1419548,13.0,157.0,50.5,Male,2.0,66129.08,1.0,4.0
3510441,12.0,151.0,27.5,Male,3.0,41156.21,5.0,8.0
3885330,17.0,210.0,54.0,Female,2.0,134304.56,3.0,6.0
9217020,12.0,149.0,61.0,Male,2.0,31931.05,1.0,4.0
771782,14.0,175.0,52.0,Male,3.0,111624.21,0.0,3.0
1186200,12.0,155.0,65.0,Male,2.0,68184.04000000001,1.0,4.0
1960366,16.0,192.0,55.5,Female,2.0,51130.24,1.0,4.0
1111442,6.0,77.0,29.5,Unknown,3.0,39589.2,5.0,8.0
8866819,11.0,143.0,29.5,Male,2.0,29993.87,0.0,3.0
7537182,14.0,178.0,34.0,Female,2.0,68026.11,0.0,3.0
8918252,4.0,56.0,33.5,Unknown,2.0,32939.29,6.0,9.0
6704422,6.0,78.0,24.5,Male,2.0,36232.02,6.0,9.0
3193675,9.0,118.0,44.5,Female,3.0,88509.12,5.0,8.0
1932116,10.0,123.0,38.0,Female,2.0,91693.29,2.0,5.0
9179402,7.0,85.0,63.5,Unknown,2.0,75556.7,5.0,8.0
6218285,5.0,60.0,17.5,Unknown,2.0,26278.42,3.0,6.0
3061563,10.0,123.0,40.5,Male,2.0,218343.01,1.0,4.0
6243085,14.0,178.0,59.5,Male,2.0,76517.81,0.0,3.0
2055561,6.0,78.0,50.0,Unknown,2.0,94639.28,2.0,5.0
2007660,12.0,150.0,30.5,Female,2.0,59526.09,0.0,3.0
6581705,25.0,306.0,68.0,Female,2.0,74745.45,4.0,7.0
6356540,25.0,300.0,55.5,Female,2.0,395700.12,1.0,4.0
2816918,23.0,286.0,64.5,Female,2.0,177792.90999999997,3.0,6.0
8364181,22.0,266.0,47.0,Male,2.0,203030.03,6.0,9.0
2761754,21.0,256.0,62.0,Male,2.0,36311.09,6.0,9.0
723833,17.0,205.0,35.0,Male,3.0,232672.16,6.0,9.0
3496200,16.0,203.0,61.0,Female,2.0,90701.61,3.0,7.0
3828662,4.0,58.0,63.0,Unknown,2.0,44640.17999999999,0.0,3.0
2944439,16.0,192.0,34.0,Female,3.0,65512.57,6.0,9.0
6610689,10.0,120.0,58.5,Male,2.0,77099.82,2.0,5.0
3815335,12.0,148.0,26.0,Male,2.0,61410.94,1.0,4.0
2178579,7.0,94.0,26.5,Unknown,3.0,60091.63,6.0,9.0
6724007,29.0,350.0,24.5,Female,2.0,67226.0,2.0,5.0
6782743,7.0,90.0,70.0,Unknown,2.0,118660.25,5.0,8.0
1149257,6.0,81.0,38.5,Unknown,2.0,100663.43,3.0,6.0
2038365,11.0,140.0,57.5,Male,2.0,207127.54,0.0,3.0
8038016,6.0,77.0,31.0,Unknown,2.0,33991.3,4.0,7.0
3071281,8.0,98.0,32.5,Unknown,2.0,50034.95,5.0,8.0
7047631,7.0,85.0,31.5,Unknown,2.0,136059.15,1.0,4.0
8964656,6.0,83.0,45.5,Unknown,2.0,62719.29,3.0,6.0
4298961,6.0,83.0,25.0,Unknown,2.0,69768.89,4.0,7.0
4814310,13.0,158.0,63.0,Female,2.0,930129.03,5.0,8.0
2691460,16.0,198.0,42.0,Male,2.0,29156.51,3.0,6.0
4467366,10.0,130.0,60.5,Female,2.0,51912.24,0.0,3.0
5298248,15.0,191.0,62.5,Female,2.0,136634.13,4.0,7.0
7184566,5.0,67.0,61.5,Unknown,2.0,95414.83,5.0,8.0
3097081,27.0,330.0,34.0,Female,2.0,36475.55,1.0,4.0
3595560,6.0,83.0,62.0,Unknown,2.0,47937.69,2.0,5.0
3596606,7.0,88.0,36.0,Unknown,2.0,49951.11,0.0,3.0
9383164,13.0,166.0,45.5,Male,2.0,38661.61,0.0,3.0
8470681,7.0,84.0,28.5,Unknown,2.0,36734.71,1.0,4.0
7468471,10.0,131.0,34.0,Male,2.0,118451.29,2.0,5.0
2441162,26.0,323.0,67.0,Male,3.0,212995.99,6.0,9.0
9045071,7.0,85.0,36.0,Unknown,2.0,41198.36,1.0,4.0
5118223,15.0,190.0,45.5,Female,2.0,26511.85,1.0,4.0
8230433,8.0,104.0,55.5,Female,2.0,95747.11,4.0,7.0
3476526,12.0,148.0,24.0,Female,2.0,41712.28999999999,1.0,4.0
6622347,8.0,103.0,62.5,Unknown,2.0,40954.24,1.0,4.0
7985520,3.0,47.0,70.0,Unknown,2.0,173631.52999999997,4.0,7.0
2755280,7.0,85.0,35.0,Unknown,3.0,193325.95,4.0,7.0
9785209,14.0,172.0,49.5,Male,2.0,685026.67,6.0,9.0
9257507,11.0,133.0,27.5,Male,2.0,98883.44,6.0,9.0
5074993,19.0,230.0,55.5,Male,2.0,39790.68,6.0,9.0
9293728,7.0,87.0,66.0,Unknown,2.0,39714.24,1.0,4.0
7825997,19.0,231.0,45.0,Male,2.0,202595.13,5.0,8.0
1941272,15.0,180.0,22.0,Male,3.0,69899.87,6.0,9.0
524287,12.0,155.0,50.0,Male,2.0,85341.0,2.0,5.0
7182636,10.0,131.0,56.5,Male,2.0,356580.82,3.0,6.0
955346,5.0,71.0,48.0,Unknown,2.0,36193.66,6.0,9.0
4494169,15.0,190.0,65.5,Male,2.0,66853.25,0.0,3.0
9184029,12.0,152.0,51.5,Male,2.0,25392.63,0.0,3.0
6053418,22.0,265.0,69.0,Unknown,2.0,53862.67999999999,1.0,6.0
1289168,21.0,261.0,25.5,Male,2.0,62118.23,0.0,3.0
9034983,30.0,361.0,64.0,Male,3.0,475004.14,5.0,8.0
930489,19.0,236.0,53.5,Male,3.0,347530.31,6.0,9.0
8308691,22.0,273.0,42.0,Unknown,2.0,144156.26,0.0,3.0
8691545,17.0,214.0,63.5,Male,2.0,31883.45,1.0,4.0
6264313,5.0,63.0,27.0,Male,4.0,144167.97,6.0,9.0
657728,9.0,119.0,66.5,Female,2.0,90126.81,3.0,7.0
517259,4.0,58.0,19.0,Unknown,2.0,26315.05,0.0,3.0
7898130,4.0,59.0,60.5,Unknown,2.0,30776.55,0.0,3.0
4639855,14.0,172.0,31.0,Male,3.0,91474.02,5.0,8.0
1496620,13.0,158.0,50.0,Female,2.0,36306.6,6.0,9.0
4206279,8.0,107.0,30.0,Male,3.0,88921.15,5.0,8.0
7572525,6.0,75.0,22.5,Unknown,2.0,59449.99,6.0,9.0
1749085,4.0,59.0,24.0,Female,2.0,36993.11,0.0,3.0
7527567,4.0,59.0,39.5,Unknown,3.0,42683.12,6.0,9.0
9989135,9.0,118.0,56.5,Unknown,2.0,52381.06,5.0,8.0
1434291,7.0,90.0,39.5,Unknown,3.0,39020.85,4.0,7.0
9942183,26.0,317.0,31.5,Female,2.0,24335.54,6.0,9.0
9560411,6.0,82.0,51.5,Unknown,2.0,27608.05,0.0,3.0
4760178,4.0,57.0,34.0,Female,2.0,39714.25,6.0,9.0
8544346,6.0,74.0,20.0,Unknown,2.0,25173.58,0.0,3.0
8180884,6.0,73.0,49.0,Male,2.0,70362.04000000001,1.0,4.0
5931429,15.0,182.0,42.5,Unknown,2.0,32726.87,0.0,3.0
7425878,6.0,75.0,60.5,Unknown,2.0,1224982.11,4.0,7.0
6051453,8.0,107.0,63.5,Male,2.0,326376.61,2.0,5.0
2873709,19.0,239.0,70.0,Female,2.0,30665.12,1.0,4.0
3555541,5.0,64.0,27.5,Unknown,2.0,45039.77,0.0,3.0
2102662,4.0,56.0,26.5,Unknown,2.0,25691.46,0.0,3.0
5177200,11.0,135.0,87.0,Female,2.0,228347.78,4.0,7.0
5288701,21.0,253.0,38.5,Male,2.0,360469.7,3.0,6.0
333023,5.0,68.0,59.5,Unknown,2.0,32283.34,3.0,6.0
7867919,11.0,135.0,39.5,Female,2.0,88045.17,4.0,7.0
4451377,7.0,95.0,59.0,Unknown,2.0,83001.15,2.0,5.0
8835332,13.0,167.0,37.0,Female,2.0,75242.79000000001,0.0,3.0
3417318,12.0,148.0,61.0,Female,2.0,230705.89,6.0,9.0
6018149,4.0,58.0,27.5,Unknown,2.0,32682.87,2.0,5.0
1264053,15.0,189.0,63.0,Male,2.0,74039.95,4.0,7.0
4803418,6.0,83.0,44.5,Male,3.0,40190.85,6.0,9.0
1212878,9.0,116.0,67.5,Female,2.0,152738.15,6.0,9.0
9895741,19.0,232.0,58.5,Male,2.0,57049.66,6.0,9.0
7555239,16.0,193.0,31.0,Male,2.0,59763.74,6.0,9.0
7872924,12.0,152.0,65.5,Female,2.0,72289.18,1.0,4.0
8882046,9.0,112.0,53.5,Female,2.0,42993.06,2.0,5.0
7674939,26.0,323.0,56.0,Female,2.0,48482.6,1.0,4.0
299563,14.0,176.0,53.5,Female,2.0,39481.49,3.0,6.0
9804328,7.0,87.0,36.5,Unknown,2.0,53733.85,2.0,5.0
2978551,5.0,70.0,25.5,Unknown,2.0,28662.82,3.0,6.0
5048422,9.0,108.0,37.5,Male,2.0,65559.33,1.0,4.0
9707635,7.0,85.0,81.0,Female,2.0,107763.8,6.0,9.0
691929,4.0,59.0,30.0,Unknown,2.0,456923.86,6.0,9.0
3277706,17.0,214.0,51.0,Female,2.0,26827.97,0.0,3.0
5632990,9.0,118.0,34.0,Unknown,3.0,75197.35,3.0,6.0
8592146,22.0,271.0,26.5,Male,3.0,81974.08,3.0,6.0
2244163,22.0,270.0,60.0,Male,3.0,160651.87,2.0,5.0
4618075,21.0,262.0,60.5,Unknown,3.0,440792.64,3.0,6.0
3369335,20.0,248.0,43.5,Unknown,2.0,67860.81,2.0,5.0
9543769,20.0,246.0,77.5,Male,2.0,57696.07,3.0,6.0
2594508,19.0,232.0,24.5,Female,2.0,29469.46,5.0,8.0
5644149,18.0,224.0,35.5,Male,2.0,28327.13,3.0,6.0
9062666,16.0,202.0,43.5,Male,3.0,106908.38,1.0,4.0
9793774,6.0,79.0,28.0,Unknown,2.0,42256.26,0.0,3.0
198932,14.0,175.0,38.0,Female,2.0,42597.87,0.0,3.0
5287180,15.0,180.0,39.0,Male,3.0,209066.76,3.0,6.0
6510398,6.0,83.0,50.5,Unknown,2.0,64966.44,4.0,7.0
8864420,5.0,71.0,33.5,Unknown,2.0,112359.12,6.0,9.0
5082509,6.0,81.0,28.5,Unknown,2.0,68623.15,6.0,9.0
187547,14.0,178.0,56.5,Female,5.0,74551.93,1.0,4.0
6212159,8.0,100.0,67.0,Unknown,3.0,52353.16,3.0,6.0
1783253,12.0,152.0,28.5,Male,3.0,121857.53,6.0,9.0
2456828,15.0,190.0,61.5,Female,2.0,27022.08,0.0,3.0
5360482,12.0,149.0,26.0,Male,2.0,38119.9,6.0,9.0
1330590,12.0,155.0,52.0,Male,2.0,127020.12,3.0,6.0
6100621,15.0,190.0,67.0,Female,2.0,68592.29000000001,2.0,5.0
4085154,5.0,71.0,24.5,Unknown,3.0,44932.2,2.0,5.0
2273445,10.0,125.0,30.5,Female,2.0,133541.96,2.0,5.0
2662280,29.0,359.0,25.0,Male,2.0,31350.92,0.0,3.0
6427730,7.0,85.0,28.5,Unknown,2.0,48352.4,6.0,9.0
8147319,5.0,70.0,79.0,Unknown,2.0,172730.59000000003,1.0,4.0
5726346,7.0,86.0,57.5,Unknown,2.0,38930.17,2.0,5.0
9794313,24.0,292.0,68.0,Male,2.0,50520.52,0.0,4.0
4345846,7.0,91.0,69.0,Unknown,2.0,236790.82,6.0,9.0
9908706,13.0,157.0,54.5,Male,2.0,46507.39,4.0,7.0
228538,4.0,58.0,53.0,Unknown,2.0,61111.76,6.0,9.0
2904219,6.0,72.0,58.0,Male,3.0,115392.6,2.0,5.0
2670282,7.0,91.0,24.5,Unknown,3.0,112943.46,6.0,9.0
7590544,12.0,145.0,37.0,Female,2.0,90386.96,2.0,5.0
9639218,13.0,161.0,76.0,Female,2.0,188712.64,5.0,8.0
6925389,6.0,74.0,18.5,Unknown,2.0,31089.88,0.0,3.0
8238260,23.0,277.0,57.5,Male,2.0,474055.98,2.0,5.0
2642188,15.0,190.0,43.0,Female,3.0,448971.27,6.0,9.0
1060653,6.0,76.0,72.5,Male,2.0,29423.28,1.0,4.0
9340920,6.0,74.0,68.0,Unknown,2.0,107684.29,6.0,9.0
7344392,11.0,143.0,48.0,Female,2.0,124453.9,2.0,5.0
4779184,9.0,118.0,38.5,Male,3.0,61286.62,6.0,9.0
9779291,9.0,118.0,60.0,Female,2.0,113644.88,2.0,5.0
792775,10.0,129.0,64.5,Male,3.0,490035.1,6.0,9.0
660147,11.0,137.0,56.5,Male,3.0,69939.94,3.0,6.0
5655115,18.0,220.0,79.0,Unknown,2.0,66633.15,0.0,3.0
8215559,15.0,189.0,44.0,Female,2.0,91963.74,3.0,6.0
9128400,7.0,87.0,60.5,Unknown,2.0,61051.12,5.0,8.0
7786651,8.0,102.0,86.5,Unknown,2.0,41652.53999999999,0.0,4.0
7505034,5.0,60.0,50.0,Unknown,2.0,32685.85,4.0,7.0
3803958,12.0,150.0,43.5,Male,2.0,23792.98,0.0,3.0
3629197,6.0,79.0,54.5,Unknown,2.0,26874.19,1.0,4.0
4967654,4.0,50.0,41.5,Unknown,3.0,78713.81,3.0,6.0
5294928,21.0,253.0,62.5,Male,2.0,959955.58,6.0,9.0
3009581,6.0,76.0,55.5,Unknown,2.0,41715.05,4.0,7.0
224773,7.0,87.0,77.0,Unknown,2.0,65481.87,2.0,5.0
3309659,13.0,164.0,41.5,Male,2.0,42561.22,1.0,4.0
1678744,15.0,187.0,50.5,Female,2.0,130055.31,2.0,5.0
8171174,12.0,154.0,63.0,Female,2.0,25700.1,0.0,3.0
5926228,4.0,51.0,66.5,Unknown,2.0,54019.69,4.0,7.0
5104854,10.0,130.0,66.0,Female,2.0,143839.58000000002,6.0,9.0
2328452,27.0,334.0,30.0,Female,2.0,25796.05,0.0,3.0
1209410,25.0,303.0,80.0,Female,2.0,163108.18,2.0,5.0
8056565,23.0,278.0,63.5,Male,3.0,532439.51,6.0,9.0
5806758,23.0,277.0,28.0,Unknown,2.0,116768.27,5.0,8.0
9539885,21.0,262.0,57.0,Female,2.0,105997.9,0.0,3.0
4815295,21.0,252.0,59.5,Male,2.0,42840.19,6.0,9.0
7481204,19.0,232.0,41.5,Female,2.0,36582.68,1.0,4.0
2686581,17.0,210.0,41.0,Female,3.0,141837.84,6.0,9.0
6624374,6.0,73.0,30.5,Unknown,2.0,45546.91,6.0,9.0
4244794,14.0,178.0,53.5,Male,2.0,31911.76,0.0,3.0
3317093,15.0,191.0,61.0,Female,2.0,111621.9,5.0,8.0
5801776,5.0,60.0,22.0,Male,4.0,46225.21,2.0,5.0
9625960,16.0,194.0,68.5,Female,2.0,377572.09,6.0,9.0
9482928,15.0,188.0,35.5,Male,2.0,31955.33,1.0,4.0
1506366,9.0,118.0,52.0,Female,2.0,34050.07,1.0,4.0
1008887,12.0,145.0,33.0,Female,2.0,44200.88,0.0,3.0
3721563,13.0,167.0,64.0,Male,3.0,1016073.47,4.0,7.0
9657390,8.0,97.0,55.5,Unknown,3.0,69314.58,6.0,9.0
3720943,13.0,166.0,65.5,Male,2.0,310525.47,2.0,5.0
8550982,5.0,71.0,61.5,Unknown,2.0,392277.45,6.0,9.0
7484550,5.0,64.0,59.0,Unknown,2.0,62106.51,1.0,4.0
6303172,4.0,57.0,56.0,Unknown,2.0,30692.95,2.0,6.0
8684711,15.0,189.0,48.0,Female,2.0,27019.8,2.0,5.0
6983917,17.0,215.0,44.5,Female,2.0,339885.64,3.0,6.0
2787237,12.0,155.0,65.0,Male,2.0,212335.03,0.0,3.0
2817519,8.0,97.0,25.5,Unknown,2.0,53122.78999999999,4.0,7.0
6399218,8.0,106.0,39.5,Female,2.0,71418.51,0.0,3.0
5467690,6.0,82.0,66.5,Unknown,2.0,44904.03,2.0,6.0
816572,5.0,71.0,47.5,Female,3.0,89201.26999999999,5.0,8.0
3750753,4.0,59.0,32.0,Unknown,2.0,28955.3,3.0,6.0
3750666,5.0,66.0,30.0,Unknown,2.0,65003.66,4.0,7.0
6443591,13.0,157.0,60.5,Male,2.0,252752.92,3.0,6.0
9036610,15.0,188.0,54.0,Female,2.0,48002.7,4.0,7.0
4259835,12.0,146.0,34.0,Female,2.0,103489.13,6.0,9.0
5617955,4.0,59.0,20.5,Unknown,2.0,29452.6,0.0,3.0
2431205,14.0,169.0,75.0,Female,2.0,50445.19,1.0,4.0
4418518,16.0,200.0,51.5,Female,2.0,40178.05,2.0,5.0
3209152,4.0,58.0,26.5,Unknown,2.0,38418.74,5.0,8.0
681368,4.0,58.0,25.5,Unknown,4.0,153601.8,1.0,4.0
4305727,6.0,82.0,51.5,Unknown,2.0,53925.11,6.0,9.0
4776946,5.0,69.0,53.5,Female,2.0,39110.05,1.0,4.0
5388523,5.0,63.0,35.0,Male,2.0,33232.67,0.0,3.0
4366501,35.0,422.0,65.0,Female,2.0,170370.21999999997,4.0,7.0
5025043,8.0,106.0,39.5,Male,2.0,44751.96,1.0,4.0
7654385,5.0,64.0,28.0,Unknown,2.0,31382.17,0.0,3.0
9880596,24.0,288.0,31.5,Female,2.0,116083.17,3.0,6.0
4910483,23.0,278.0,24.0,Female,2.0,38394.65,4.0,7.0
327362,22.0,273.0,69.0,Female,2.0,31412.87,0.0,3.0
9188877,22.0,270.0,70.0,Female,2.0,267151.94,6.0,9.0
4311434,21.0,261.0,41.0,Female,2.0,41240.88,0.0,3.0
1382803,20.0,251.0,50.5,Female,2.0,82565.13,1.0,4.0
9004319,20.0,242.0,47.0,Female,3.0,104888.77,6.0,9.0
573355,19.0,234.0,49.0,Female,2.0,99520.08,1.0,4.0
7180000,19.0,233.0,58.5,Male,2.0,50160.28,1.0,4.0
2774032,18.0,219.0,52.5,Female,3.0,32128.25,2.0,5.0
9716434,7.0,88.0,57.0,Unknown,2.0,79351.91,0.0,3.0
1443174,6.0,82.0,31.5,Unknown,2.0,54702.67,0.0,3.0
4803289,6.0,74.0,47.0,Unknown,2.0,52110.66,2.0,5.0
6652467,9.0,119.0,60.5,Female,3.0,148087.66999999998,6.0,9.0
3419830,6.0,82.0,31.0,Unknown,2.0,86199.58,4.0,7.0
5549883,7.0,94.0,58.5,Unknown,2.0,66826.32,1.0,4.0
9670052,13.0,162.0,70.0,Male,2.0,25235.55,2.0,5.0
9522435,3.0,38.0,63.0,Unknown,2.0,641619.68,2.0,5.0
6828863,8.0,101.0,60.0,Unknown,2.0,215406.33,4.0,7.0
4059496,4.0,54.0,66.5,Male,3.0,367267.35,6.0,9.0
3571454,5.0,64.0,59.5,Unknown,2.0,82529.73,0.0,3.0
6521044,7.0,94.0,56.5,Unknown,2.0,54970.24,2.0,5.0
4629942,16.0,199.0,53.5,Male,2.0,26793.92,3.0,6.0
1717817,6.0,79.0,24.5,Unknown,2.0,31579.0,0.0,3.0
7975628,15.0,190.0,64.0,Male,2.0,90892.98,0.0,3.0
9796521,7.0,84.0,22.0,Unknown,2.0,69433.91,6.0,9.0
8564593,15.0,190.0,85.5,Female,2.0,80761.58,1.0,5.0
4242027,5.0,67.0,19.0,Unknown,3.0,41943.73,6.0,9.0
5261313,3.0,38.0,64.0,Unknown,2.0,33652.98,6.0,9.0
198773,17.0,213.0,52.0,Male,2.0,26732.55,6.0,9.0
1897060,24.0,288.0,58.0,Male,2.0,94382.59,6.0,9.0
4307042,8.0,102.0,30.0,Unknown,2.0,34033.33,6.0,9.0
9862146,5.0,70.0,29.0,Unknown,3.0,38243.11,6.0,9.0
9920870,15.0,183.0,47.5,Female,2.0,23915.47,3.0,6.0
7902418,12.0,150.0,79.0,Female,2.0,184668.39,5.0,8.0
7558042,6.0,82.0,35.5,Unknown,2.0,26990.39,0.0,3.0
5923931,7.0,91.0,22.0,Unknown,2.0,31159.88,5.0,8.0
3043924,17.0,204.0,42.5,Male,2.0,27326.52,1.0,4.0
2205691,4.0,56.0,24.5,Unknown,2.0,47355.74,3.0,6.0
3392152,8.0,107.0,50.5,Male,2.0,110009.91,2.0,5.0
2262804,4.0,58.0,31.0,Unknown,2.0,29410.92,0.0,3.0
2052923,5.0,67.0,21.5,Unknown,4.0,77901.97,6.0,9.0
8674117,33.0,406.0,67.5,Female,2.0,127243.52,2.0,5.0
739791,8.0,103.0,52.0,Male,2.0,26890.75,1.0,4.0
6339028,16.0,195.0,64.0,Unknown,2.0,135973.99,2.0,5.0
2428552,7.0,84.0,24.5,Unknown,2.0,25466.04,5.0,8.0
2723801,15.0,188.0,32.5,Male,2.0,519385.56,3.0,6.0
7732298,16.0,192.0,59.5,Female,2.0,227132.45,3.0,6.0
7823381,31.0,383.0,66.5,Male,2.0,53891.88,1.0,4.0
8370185,23.0,280.0,44.5,Male,3.0,359966.24,2.0,5.0
907457,22.0,268.0,38.0,Male,2.0,27863.01,0.0,3.0
4210850,21.0,262.0,56.0,Male,3.0,215723.81,3.0,6.0
7831512,21.0,260.0,70.5,Male,2.0,821198.67,6.0,9.0
2582298,21.0,254.0,33.5,Male,2.0,114377.61,3.0,6.0
4865624,20.0,250.0,67.5,Male,2.0,32870.86,4.0,8.0
9266785,20.0,243.0,51.0,Female,2.0,45681.65,0.0,3.0
4381389,19.0,238.0,47.5,Female,2.0,57613.07,2.0,5.0
933538,17.0,215.0,49.5,Female,4.0,76012.79999999999,5.0,8.0
9948160,15.0,182.0,55.0,Female,2.0,188522.81,1.0,4.0
6681315,4.0,57.0,30.5,Unknown,2.0,34449.46,2.0,5.0
8837019,5.0,70.0,42.5,Unknown,2.0,31460.8,0.0,3.0
6687187,15.0,190.0,41.0,Male,2.0,52925.61,0.0,3.0
9664478,9.0,114.0,61.0,Female,2.0,49245.3,2.0,5.0
3677321,8.0,96.0,47.5,Unknown,2.0,28579.45,0.0,3.0
161074,4.0,59.0,23.0,Female,2.0,23896.27,3.0,8.0
8446966,6.0,73.0,48.0,Female,2.0,132336.93,3.0,6.0
2963532,5.0,60.0,32.0,Male,2.0,81438.26,6.0,9.0
4199750,4.0,58.0,79.0,Unknown,2.0,70489.04000000001,0.0,3.0
2048285,16.0,192.0,67.5,Male,2.0,78659.29000000001,5.0,8.0
7247723,14.0,177.0,47.5,Male,2.0,80017.35,2.0,5.0
5148031,11.0,139.0,53.5,Male,2.0,144684.13,1.0,4.0
3638908,7.0,85.0,32.5,Unknown,2.0,28609.21,0.0,3.0
4376143,29.0,355.0,65.0,Male,3.0,293288.19,6.0,9.0
6276190,11.0,142.0,38.0,Female,2.0,173898.16999999998,2.0,5.0
2006770,9.0,117.0,65.5,Male,2.0,223798.92,3.0,6.0
7383591,14.0,170.0,49.0,Female,2.0,118030.88,5.0,8.0
2349326,10.0,123.0,63.5,Male,2.0,30710.92,0.0,3.0
9286966,9.0,108.0,56.5,Male,2.0,140692.22999999998,6.0,9.0
5075800,15.0,185.0,34.5,Female,2.0,85891.32,1.0,4.0
2368114,13.0,158.0,68.0,Female,2.0,64504.18,5.0,8.0
5895754,15.0,180.0,31.0,Female,2.0,44206.76,3.0,6.0
7333942,5.0,63.0,33.5,Male,2.0,86297.9,5.0,8.0
2712440,15.0,182.0,34.0,Female,2.0,77186.17,2.0,5.0
5258328,7.0,84.0,73.0,Unknown,2.0,125060.93,6.0,9.0
2126508,16.0,195.0,35.0,Female,2.0,78157.94,3.0,6.0
4337238,6.0,80.0,25.5,Unknown,2.0,38009.25,0.0,3.0
1965826,7.0,84.0,53.0,Unknown,2.0,69140.43,3.0,6.0
758940,6.0,80.0,23.0,Unknown,2.0,41868.96,6.0,9.0
9721368,8.0,98.0,53.5,Unknown,2.0,101787.75,2.0,5.0
1895918,5.0,65.0,52.0,Unknown,2.0,61717.26,1.0,4.0
6548321,14.0,172.0,41.5,Female,4.0,413498.51,6.0,9.0
656489,9.0,109.0,59.5,Male,2.0,84869.81,2.0,5.0
9132649,5.0,64.0,23.5,Male,3.0,55925.22,6.0,9.0
9224033,13.0,156.0,34.5,Male,4.0,115114.97,6.0,9.0
8916496,12.0,155.0,34.5,Female,2.0,54033.42,0.0,3.0
8705882,17.0,209.0,53.5,Unknown,4.0,309900.86,5.0,8.0
3102915,5.0,70.0,52.0,Female,3.0,69770.17,6.0,9.0
1271836,9.0,118.0,55.0,Male,2.0,47105.22,0.0,3.0
8683062,28.0,339.0,68.0,Female,3.0,915697.4,6.0,9.0
7701926,17.0,211.0,72.0,Male,2.0,226114.53,0.0,3.0
4534750,7.0,86.0,35.5,Unknown,4.0,143590.88,4.0,7.0
6818936,9.0,117.0,62.0,Female,2.0,26226.11,1.0,4.0
8581196,13.0,160.0,55.5,Male,2.0,28771.97,3.0,6.0
6997261,13.0,166.0,37.5,Female,3.0,181714.65,6.0,9.0
3674578,6.0,75.0,52.5,Unknown,2.0,292484.18,6.0,9.0
2871721,7.0,91.0,62.5,Unknown,2.0,321247.34,6.0,9.0
9788206,23.0,287.0,21.0,Male,2.0,29590.12,2.0,5.0
9005558,23.0,285.0,51.5,Female,3.0,82345.28,2.0,5.0
8808323,21.0,258.0,57.5,Female,2.0,71720.95,6.0,9.0
3271450,55.0,669.0,48.5,Male,4.0,219932.98,0.0,3.0
317857,19.0,238.0,72.0,Male,2.0,57310.31,1.0,4.0
5025948,17.0,214.0,68.5,Female,2.0,38774.66,6.0,9.0
262503,17.0,211.0,24.0,Male,2.0,56468.53999999999,4.0,7.0
3054118,17.0,204.0,68.5,Male,3.0,206346.66,6.0,9.0
7254258,4.0,58.0,37.5,Unknown,2.0,46047.11,1.0,4.0
7574598,8.0,107.0,40.5,Male,2.0,775630.0700000001,1.0,4.0
290869,15.0,189.0,39.0,Male,3.0,323615.64,6.0,9.0
8872273,5.0,70.0,24.5,Unknown,2.0,55479.0,6.0,9.0
3493560,6.0,78.0,28.5,Unknown,2.0,37677.56,6.0,9.0
2511849,9.0,118.0,59.5,Female,2.0,104621.83,1.0,4.0
2440065,9.0,111.0,45.0,Female,2.0,79748.61,4.0,7.0
5674698,15.0,182.0,26.5,Female,2.0,48242.17999999999,3.0,6.0
7715800,5.0,69.0,27.0,Male,2.0,34635.33,6.0,9.0
798999,20.0,244.0,60.5,Male,2.0,36602.71,6.0,9.0
5076919,11.0,132.0,26.5,Female,2.0,38481.65,4.0,7.0
2660247,8.0,100.0,54.0,Unknown,2.0,52131.57,1.0,4.0
1984213,6.0,72.0,70.0,Male,2.0,26281.52,6.0,9.0
5823990,4.0,59.0,29.0,Unknown,2.0,29198.31,0.0,3.0
9172900,32.0,394.0,61.5,Female,2.0,65034.82,4.0,7.0
3544069,7.0,85.0,23.0,Unknown,2.0,41548.61,3.0,6.0
4675073,15.0,182.0,60.0,Female,2.0,29877.78,2.0,5.0
458796,12.0,144.0,19.5,Male,2.0,48572.34,0.0,3.0
605712,9.0,114.0,77.0,Male,2.0,78984.45,6.0,9.0
3416877,5.0,65.0,64.5,Unknown,2.0,212934.81,6.0,9.0
8015856,28.0,345.0,29.0,Male,2.0,96336.84,0.0,3.0
2821517,28.0,345.0,83.0,Male,2.0,100273.58,2.0,5.0
1900836,17.0,210.0,52.0,Male,2.0,193172.19,2.0,5.0
7133293,12.0,153.0,29.5,Male,3.0,143010.78,6.0,9.0
8496841,14.0,170.0,57.0,Male,2.0,359201.57,1.0,4.0
1923033,10.0,120.0,40.0,Male,2.0,175719.22999999998,1.0,4.0
616304,8.0,103.0,29.0,Unknown,2.0,34166.56,0.0,3.0
4743715,7.0,88.0,72.5,Unknown,2.0,31489.62,3.0,6.0
1558503,5.0,66.0,28.0,Unknown,3.0,188832.99,4.0,7.0
408685,28.0,337.0,63.5,Female,2.0,302649.55,0.0,3.0
3739117,17.0,214.0,80.5,Male,3.0,1114472.25,6.0,9.0
9709646,4.0,56.0,44.5,Male,3.0,62796.17,3.0,6.0
6457558,33.0,407.0,56.5,Female,2.0,138449.39,2.0,5.0
3491822,20.0,242.0,51.0,Male,2.0,85883.04000000001,6.0,9.0
7859886,7.0,86.0,26.0,Unknown,2.0,36494.18,4.0,7.0
1411421,4.0,58.0,55.0,Unknown,2.0,34058.2,0.0,3.0
1716155,17.0,205.0,47.5,Female,2.0,28853.11,0.0,3.0
9402690,13.0,166.0,49.5,Male,2.0,124957.09,2.0,5.0
2799623,10.0,121.0,53.5,Male,2.0,209149.17,5.0,8.0
1775979,4.0,56.0,68.5,Unknown,2.0,34560.49,2.0,5.0
2440161,10.0,125.0,50.5,Female,2.0,53821.7,1.0,4.0
3137665,9.0,113.0,45.5,Female,2.0,76103.29999999999,0.0,3.0
3217920,7.0,84.0,30.5,Female,2.0,23797.88,1.0,4.0
1656103,6.0,74.0,23.0,Unknown,3.0,42597.03999999999,2.0,5.0
9327356,14.0,169.0,34.0,Female,2.0,135448.11,1.0,4.0
6538562,13.0,166.0,41.0,Female,2.0,45083.73,2.0,6.0
385623,15.0,182.0,42.5,Female,2.0,89976.24,0.0,3.0
7496608,24.0,288.0,56.0,Female,3.0,619273.8400000001,2.0,5.0
2363257,20.0,248.0,67.5,Unknown,2.0,197139.45,5.0,8.0
4743022,20.0,242.0,38.0,Female,2.0,162714.89,0.0,3.0
5285625,19.0,239.0,52.5,Female,2.0,252100.45,6.0,9.0
1155317,18.0,227.0,59.5,Male,4.0,926891.63,4.0,7.0
2907212,17.0,212.0,58.5,Male,3.0,78826.79000000001,2.0,5.0
644423,17.0,209.0,41.0,Male,2.0,180898.11,6.0,9.0
9403313,17.0,209.0,86.0,Female,2.0,30684.65,2.0,5.0
3338122,12.0,150.0,35.0,Male,3.0,334629.06,4.0,7.0
6243294,6.0,75.0,60.5,Unknown,2.0,50749.36,6.0,9.0
813443,6.0,77.0,35.0,Male,2.0,25651.35,2.0,5.0
7500793,6.0,82.0,44.0,Unknown,4.0,76544.43,2.0,5.0
395814,10.0,128.0,75.0,Female,2.0,129381.98,6.0,9.0
2711775,5.0,70.0,47.0,Unknown,2.0,39105.21,6.0,9.0
3716716,14.0,176.0,68.0,Unknown,2.0,46550.62,2.0,5.0
1334018,6.0,80.0,59.0,Unknown,2.0,41552.51,1.0,4.0
7477624,5.0,70.0,64.0,Unknown,2.0,25725.24,3.0,6.0
3349040,12.0,151.0,52.5,Female,2.0,28626.19,1.0,4.0
6706099,15.0,189.0,63.5,Female,2.0,49935.66,6.0,9.0
1557476,8.0,106.0,33.0,Male,2.0,108635.56,4.0,7.0
4202730,5.0,71.0,60.5,Unknown,2.0,252331.21,4.0,7.0
7140342,14.0,168.0,73.0,Unknown,2.0,422222.67,5.0,8.0
3466295,17.0,204.0,52.0,Male,3.0,180828.99,3.0,6.0
7279483,21.0,252.0,49.5,Male,3.0,574121.74,3.0,6.0
1712476,33.0,407.0,60.5,Female,2.0,156381.37,4.0,7.0
5934652,16.0,202.0,36.5,Male,2.0,54944.6,5.0,8.0
1931928,6.0,82.0,67.5,Unknown,2.0,32480.22,2.0,5.0
7566299,15.0,184.0,42.5,Female,2.0,31483.51,1.0,4.0
6967224,7.0,95.0,49.5,Unknown,2.0,62806.24,2.0,5.0
4118402,5.0,66.0,52.0,Unknown,2.0,29621.42,4.0,7.0
154147,33.0,406.0,65.5,Female,3.0,229251.12,6.0,9.0
9962276,18.0,219.0,57.5,Male,2.0,27414.18,1.0,4.0
2899242,33.0,406.0,60.0,Male,4.0,449584.95,5.0,8.0
804894,4.0,58.0,23.5,Unknown,2.0,25551.56,1.0,4.0
4571341,4.0,59.0,24.0,Unknown,2.0,44921.6,1.0,4.0
9892505,8.0,104.0,34.5,Male,2.0,39977.07,1.0,4.0
3885331,6.0,78.0,67.5,Female,2.0,77705.4,2.0,5.0
8202513,4.0,56.0,23.5,Male,2.0,34135.399999999994,6.0,9.0
8065916,12.0,154.0,40.0,Male,2.0,122190.94,0.0,3.0
8913755,16.0,195.0,62.0,Female,2.0,177707.11,2.0,5.0
3424157,4.0,50.0,35.5,Unknown,3.0,42442.42,6.0,9.0
7174843,14.0,169.0,52.5,Female,2.0,103638.68,0.0,3.0
4506515,26.0,312.0,54.0,Unknown,2.0,30911.89,1.0,4.0
5468697,10.0,124.0,67.0,Female,2.0,24991.54,2.0,5.0
3442846,4.0,58.0,50.5,Unknown,2.0,54731.74,6.0,9.0
9840868,15.0,191.0,71.5,Male,2.0,87766.79000000001,6.0,9.0
5188831,5.0,62.0,54.5,Female,2.0,29581.67,2.0,5.0
4739509,15.0,183.0,49.0,Male,2.0,132636.84,1.0,4.0
5994678,15.0,190.0,34.5,Male,3.0,229499.33,1.0,4.0
3492642,6.0,76.0,32.5,Unknown,2.0,45801.83,3.0,6.0
3113614,9.0,110.0,46.5,Male,2.0,89310.04999999999,1.0,4.0
3896511,4.0,56.0,44.0,Unknown,2.0,36209.58,1.0,4.0
3383050,14.0,178.0,49.0,Female,2.0,23888.12,1.0,4.0
374585,9.0,113.0,32.0,Unknown,2.0,55312.28999999999,6.0,9.0
3035401,23.0,276.0,67.0,Unknown,2.0,111918.4,2.0,5.0
2010239,21.0,263.0,62.0,Female,3.0,105888.16,1.0,4.0
5732104,21.0,253.0,60.5,Male,3.0,135053.68,5.0,8.0
5792648,21.0,258.0,70.5,Female,2.0,96466.42,3.0,6.0
3068479,18.0,220.0,52.0,Female,3.0,53797.49,6.0,9.0
426092,15.0,190.0,54.0,Female,2.0,114974.83,0.0,3.0
6109169,8.0,106.0,56.5,Male,2.0,301692.21,2.0,5.0
878675,15.0,188.0,44.0,Male,2.0,47425.35,6.0,9.0
7204933,23.0,287.0,68.5,Male,2.0,1086701.17,5.0,8.0
8985624,6.0,77.0,62.0,Female,2.0,59848.83,0.0,3.0
3214949,15.0,189.0,69.0,Female,2.0,60909.9,1.0,4.0
9963681,7.0,84.0,28.0,Unknown,2.0,42424.59,1.0,4.0
3950608,15.0,189.0,62.0,Male,2.0,128791.73,4.0,7.0
2846325,14.0,168.0,33.0,Male,3.0,57366.33,3.0,6.0
4235118,11.0,133.0,73.0,Male,3.0,32146.5,2.0,6.0
9293919,16.0,193.0,79.0,Male,2.0,121347.82,1.0,4.0
4734679,5.0,71.0,36.5,Unknown,2.0,30486.58,2.0,5.0
9141569,15.0,189.0,51.5,Male,2.0,37082.77,0.0,3.0
5643425,16.0,197.0,24.5,Female,2.0,35853.19,1.0,4.0
6364913,28.0,340.0,67.5,Female,2.0,683012.4,3.0,6.0
3360813,7.0,92.0,53.0,Unknown,2.0,59204.32,6.0,9.0
5725237,5.0,68.0,41.5,Unknown,2.0,33770.96,1.0,4.0
2486509,6.0,78.0,19.5,Unknown,3.0,50691.66,1.0,4.0
4053170,18.0,226.0,55.5,Female,2.0,69104.76999999999,6.0,9.0
6987983,5.0,70.0,68.0,Unknown,2.0,54912.39,2.0,5.0
5162401,4.0,58.0,42.0,Unknown,2.0,59352.91,6.0,9.0
4557803,7.0,91.0,18.5,Unknown,4.0,54210.49,2.0,5.0
5807230,8.0,106.0,64.0,Female,2.0,114645.53,4.0,7.0
5864399,6.0,72.0,40.0,Female,2.0,270236.71,1.0,4.0
5725347,15.0,181.0,64.0,Male,2.0,214628.79,0.0,3.0
7928821,4.0,56.0,38.0,Unknown,2.0,52674.13,3.0,6.0
4201753,16.0,192.0,41.0,Male,2.0,82297.36,6.0,9.0
4632974,8.0,106.0,38.5,Unknown,2.0,67239.9,3.0,6.0
5664283,9.0,108.0,70.5,Female,2.0,54757.77,0.0,3.0
8776149,4.0,56.0,32.0,Unknown,2.0,89980.59999999999,1.0,4.0
720470,16.0,194.0,50.5,Male,2.0,32463.85,2.0,5.0
4539061,16.0,202.0,58.5,Female,2.0,158608.15000000002,3.0,6.0
3633371,6.0,82.0,67.5,Unknown,2.0,85231.47,6.0,9.0
9286701,13.0,167.0,54.5,Male,2.0,108253.97,1.0,4.0
8040136,27.0,324.0,42.0,Female,2.0,25359.49,0.0,4.0
8247132,11.0,142.0,39.5,Female,3.0,80864.45,5.0,8.0
5592443,21.0,255.0,61.5,Female,2.0,32970.85,1.0,4.0
7568821,12.0,155.0,28.5,Female,3.0,113329.64,6.0,9.0
7649530,4.0,56.0,28.0,Unknown,2.0,45025.03999999999,2.0,5.0
1234323,7.0,95.0,26.0,Unknown,2.0,50357.35,3.0,6.0
4451425,24.0,289.0,26.5,Male,2.0,25264.89,2.0,5.0
2536995,21.0,258.0,43.5,Male,4.0,318604.55,2.0,5.0
6745139,18.0,218.0,62.5,Female,3.0,121161.22,6.0,9.0
9877834,17.0,210.0,39.5,Male,4.0,70164.86,2.0,5.0
8034144,14.0,169.0,53.5,Male,4.0,493342.07,5.0,8.0
1051156,14.0,171.0,35.0,Female,3.0,222183.5,5.0,8.0
1375262,30.0,361.0,57.0,Female,2.0,117685.84,6.0,9.0
3927326,4.0,59.0,63.0,Unknown,2.0,41009.37,1.0,4.0
8639034,7.0,84.0,34.0,Unknown,2.0,52066.15,6.0,9.0
5775986,20.0,240.0,47.0,Female,2.0,66380.68,0.0,3.0
3617707,16.0,203.0,52.5,Male,2.0,35156.14,6.0,9.0
6137896,5.0,71.0,52.5,Unknown,2.0,57629.27,0.0,3.0
9086783,27.0,334.0,61.5,Male,2.0,49296.17999999999,1.0,4.0
3841861,5.0,71.0,46.5,Unknown,2.0,28031.24,3.0,6.0
9698656,13.0,160.0,42.5,Male,4.0,209823.03,1.0,4.0
1311867,6.0,81.0,27.0,Unknown,3.0,1258226.96,0.0,3.0
5791715,4.0,57.0,39.0,Unknown,2.0,28736.28,1.0,4.0
5709774,16.0,199.0,65.0,Female,2.0,110306.08,0.0,3.0
5822813,16.0,197.0,67.0,Female,2.0,45419.46,6.0,9.0
1578954,5.0,70.0,55.0,Male,2.0,28434.9,0.0,3.0
7704425,5.0,69.0,32.5,Unknown,2.0,31451.73,0.0,3.0
4661885,9.0,112.0,59.5,Female,2.0,179338.2,3.0,6.0
2264956,11.0,136.0,49.0,Female,4.0,130081.94,5.0,8.0
1584114,5.0,60.0,38.0,Male,2.0,92195.22,3.0,6.0
2697037,11.0,139.0,70.5,Female,2.0,248299.62,6.0,9.0
342070,4.0,57.0,58.5,Unknown,2.0,329936.54,6.0,9.0
6774498,11.0,143.0,39.5,Unknown,2.0,124535.31,1.0,4.0
5709764,6.0,72.0,61.5,Male,2.0,319185.35,6.0,9.0
9094270,9.0,112.0,56.0,Female,3.0,85969.14,2.0,5.0
1701111,4.0,58.0,27.0,Unknown,2.0,26309.24,2.0,5.0
7428123,14.0,169.0,68.0,Male,2.0,69625.6,4.0,7.0
6008901,9.0,116.0,39.0,Male,2.0,189257.39,4.0,7.0
6949386,7.0,94.0,25.5,Unknown,2.0,59649.84,1.0,4.0
8397348,7.0,84.0,69.0,Unknown,2.0,122885.48,0.0,3.0
8157088,15.0,186.0,41.5,Female,2.0,101972.14,5.0,8.0
9825827,6.0,76.0,21.0,Unknown,2.0,28314.67,1.0,4.0
7405321,24.0,292.0,30.5,Female,3.0,70884.4,2.0,5.0
6213231,11.0,135.0,40.0,Female,2.0,54461.94,0.0,3.0
3136386,4.0,52.0,52.5,Female,2.0,75698.82,4.0,7.0
2195240,11.0,143.0,35.0,Female,2.0,27864.88,0.0,3.0
3034709,24.0,296.0,57.5,Female,3.0,1690819.6,6.0,9.0
7972615,23.0,277.0,52.0,Male,2.0,61396.93,2.0,5.0
6951157,19.0,239.0,58.5,Female,2.0,24257.56,0.0,3.0
8785376,19.0,228.0,30.5,Female,3.0,71611.98,4.0,7.0
4310544,10.0,120.0,25.5,Female,2.0,38032.22,1.0,4.0
2914974,8.0,105.0,67.0,Male,2.0,73229.85,4.0,7.0
5880181,14.0,178.0,58.5,Female,2.0,371804.28,3.0,6.0
6238036,11.0,142.0,47.0,Female,2.0,47727.59,0.0,3.0
3430448,12.0,155.0,72.0,Female,2.0,301307.52,0.0,3.0
9884605,12.0,155.0,69.0,Unknown,2.0,28061.72,0.0,4.0
8068308,15.0,190.0,56.0,Female,2.0,73475.01,5.0,8.0
5053848,16.0,203.0,54.5,Female,2.0,47641.2,6.0,9.0
4302941,8.0,96.0,32.0,Unknown,3.0,157914.24,2.0,6.0
2113100,14.0,169.0,35.5,Female,2.0,58210.26,1.0,4.0
1754413,5.0,69.0,22.5,Unknown,2.0,97623.22,2.0,5.0
3984491,13.0,163.0,55.0,Male,3.0,81892.97,6.0,9.0
7048974,18.0,223.0,78.0,Male,2.0,395656.91,6.0,9.0
4576989,15.0,190.0,65.0,Male,2.0,44537.65,0.0,3.0
1410997,3.0,45.0,45.0,Unknown,2.0,67472.4,2.0,5.0
4332425,15.0,187.0,64.0,Female,4.0,332082.97,3.0,6.0
3639266,6.0,79.0,74.5,Unknown,2.0,42841.71,4.0,7.0
5357257,10.0,131.0,53.5,Male,2.0,74593.45,6.0,9.0
4910104,5.0,70.0,21.0,Unknown,2.0,40098.37,1.0,4.0
9062663,9.0,111.0,64.0,Male,2.0,66343.88,2.0,5.0
3577586,6.0,81.0,57.5,Unknown,2.0,63417.76,6.0,9.0
7727813,4.0,59.0,42.0,Unknown,2.0,48323.31,2.0,5.0
6839605,14.0,175.0,66.5,Female,2.0,273641.3,2.0,5.0
5694090,12.0,154.0,64.5,Male,2.0,62530.93,6.0,9.0
1727872,15.0,180.0,44.5,Male,2.0,26283.19,6.0,9.0
1544817,12.0,152.0,35.5,Female,2.0,29309.92,3.0,6.0
2990028,6.0,75.0,25.0,Unknown,2.0,45558.03,2.0,5.0
6933139,15.0,180.0,61.0,Male,2.0,57412.7,3.0,6.0
1287060,8.0,98.0,43.0,Unknown,2.0,27257.91,3.0,6.0
6059910,31.0,373.0,58.0,Male,3.0,58317.33,6.0,9.0
4207065,5.0,67.0,31.0,Female,2.0,94923.16,6.0,9.0
7836898,9.0,108.0,29.5,Female,3.0,59475.91,3.0,6.0
9280328,11.0,142.0,36.0,Male,2.0,44122.73,0.0,3.0
467861,8.0,96.0,29.0,Unknown,2.0,149308.28999999998,5.0,8.0
4411132,6.0,83.0,55.0,Unknown,2.0,25182.4,2.0,5.0
5250208,11.0,133.0,51.0,Female,2.0,94019.03,0.0,3.0
2678115,12.0,149.0,55.0,Male,2.0,134450.16,2.0,5.0
9644794,4.0,58.0,25.5,Unknown,2.0,30672.18,5.0,8.0
8851132,13.0,160.0,49.5,Male,2.0,225541.18,6.0,9.0
712670,13.0,161.0,53.0,Male,2.0,378591.61,6.0,9.0
3418099,4.0,57.0,24.5,Unknown,3.0,76342.47,2.0,5.0
9603341,6.0,82.0,55.5,Unknown,4.0,385707.01,4.0,7.0
8210993,7.0,95.0,68.0,Unknown,2.0,187633.72,6.0,9.0
2551671,15.0,181.0,42.0,Male,2.0,267080.47,1.0,4.0
1538938,8.0,102.0,25.5,Unknown,4.0,52610.82,0.0,3.0
6546787,5.0,70.0,33.0,Unknown,2.0,40395.38,1.0,4.0
9846764,4.0,58.0,55.5,Unknown,2.0,53199.31,5.0,8.0
2721185,12.0,152.0,33.0,Female,2.0,110740.14,1.0,4.0
6297183,23.0,285.0,59.5,Female,3.0,162606.46999999997,6.0,9.0
2824575,21.0,259.0,59.0,Male,2.0,49235.32,5.0,8.0
1661053,21.0,258.0,64.0,Male,2.0,47846.64,5.0,8.0
2180904,21.0,255.0,56.5,Male,2.0,148129.32,2.0,5.0
1479365,17.0,215.0,53.5,Male,2.0,62048.71,2.0,5.0
8247576,16.0,201.0,68.5,Female,2.0,32506.6,2.0,5.0
3860550,8.0,96.0,32.0,Unknown,2.0,36434.53,3.0,6.0
6413572,6.0,72.0,71.5,Male,2.0,69967.84,5.0,8.0
3078866,5.0,64.0,29.0,Unknown,2.0,32075.3,6.0,9.0
7131988,26.0,312.0,62.5,Female,2.0,93122.17,0.0,3.0
9631936,7.0,94.0,62.0,Unknown,2.0,74683.33,0.0,3.0
2609757,5.0,70.0,59.0,Unknown,2.0,45522.36,6.0,9.0
6071724,10.0,130.0,32.0,Female,2.0,101146.52,6.0,9.0
2532812,9.0,110.0,61.0,Female,2.0,161992.06,1.0,4.0
5852849,15.0,190.0,46.5,Male,2.0,39984.24,2.0,5.0
2716977,5.0,63.0,49.5,Female,2.0,36004.95,1.0,5.0
4823656,7.0,92.0,48.0,Unknown,2.0,138727.53,2.0,5.0
2383926,13.0,166.0,42.0,Female,2.0,51488.7,0.0,3.0
7577463,3.0,46.0,44.5,Unknown,2.0,27925.52,2.0,5.0
3813722,8.0,105.0,51.5,Male,2.0,32171.49,3.0,6.0
4873397,6.0,81.0,52.5,Unknown,2.0,118418.91,4.0,7.0
842497,15.0,180.0,36.5,Male,2.0,24665.41,6.0,9.0
6530134,7.0,91.0,62.0,Unknown,2.0,31215.94,0.0,3.0
5812778,10.0,128.0,45.5,Female,2.0,42744.48,0.0,3.0
1357178,14.0,170.0,38.5,Male,2.0,83776.51999999999,4.0,7.0
4304082,6.0,73.0,20.5,Unknown,3.0,98868.13,6.0,9.0
2530854,11.0,134.0,45.0,Male,2.0,55216.35,3.0,6.0
9727724,15.0,186.0,47.5,Male,2.0,263658.92,4.0,7.0
934,9.0,109.0,51.0,Female,2.0,32522.88,0.0,3.0
7477560,4.0,59.0,29.5,Unknown,2.0,27619.37,4.0,7.0
4448582,5.0,67.0,26.5,Unknown,2.0,30408.43,1.0,4.0
9235206,7.0,94.0,35.0,Unknown,2.0,77494.86,6.0,9.0
4924477,15.0,182.0,68.5,Male,2.0,39869.77,3.0,6.0
6693962,11.0,140.0,33.0,Female,2.0,49214.96,0.0,3.0
719719,16.0,192.0,34.5,Male,2.0,90261.01,6.0,9.0
1595181,4.0,56.0,67.5,Male,2.0,375314.88,4.0,7.0
8997922,5.0,70.0,56.5,Unknown,2.0,47085.56,1.0,4.0
5629211,15.0,188.0,74.5,Male,2.0,558229.11,0.0,3.0
9168334,9.0,108.0,53.0,Male,2.0,66689.66,1.0,4.0
8765560,4.0,59.0,65.0,Unknown,2.0,35066.03,6.0,9.0
8599167,12.0,154.0,43.0,Male,2.0,31125.55,6.0,9.0
1156122,13.0,167.0,29.5,Female,2.0,79237.54999999999,1.0,4.0
969440,8.0,98.0,39.5,Male,3.0,39599.29,6.0,9.0
6247953,6.0,81.0,30.0,Unknown,2.0,70136.35,6.0,9.0
5011864,13.0,166.0,63.5,Female,3.0,291093.87,1.0,4.0
2870539,12.0,154.0,64.5,Female,3.0,55428.22,6.0,9.0
8184181,6.0,75.0,51.5,Unknown,2.0,62403.92,6.0,9.0
1194302,6.0,74.0,54.0,Female,2.0,46033.11,0.0,3.0
6093812,16.0,203.0,40.0,Female,2.0,150796.96,0.0,3.0
8336404,5.0,71.0,42.0,Unknown,2.0,345907.79,2.0,5.0
196675,6.0,72.0,63.5,Male,2.0,317904.57,6.0,9.0
9565792,16.0,200.0,45.0,Male,2.0,115341.17,6.0,9.0
6999909,5.0,67.0,54.0,Unknown,2.0,39203.58,6.0,9.0
7052554,13.0,167.0,64.0,Male,3.0,181790.42,6.0,9.0
8545150,7.0,89.0,37.0,Unknown,2.0,57621.79,2.0,5.0
6823956,11.0,142.0,53.0,Unknown,2.0,92707.4,2.0,5.0
6872293,22.0,264.0,63.0,Male,2.0,355203.44,6.0,9.0
5818454,20.0,246.0,60.0,Male,2.0,262632.21,2.0,5.0
9560604,20.0,245.0,80.0,Female,2.0,76785.18,1.0,4.0
1210197,20.0,242.0,28.0,Female,2.0,62205.96,6.0,9.0
5499919,19.0,238.0,65.0,Female,2.0,500696.91,5.0,8.0
9032090,4.0,59.0,52.0,Unknown,2.0,47728.28999999999,4.0,7.0
8320756,4.0,59.0,43.0,Unknown,2.0,45942.81,5.0,8.0
4934696,6.0,72.0,23.5,Unknown,2.0,39390.83,1.0,4.0
3387123,18.0,218.0,52.0,Male,2.0,28279.52,5.0,8.0
8629780,30.0,361.0,60.0,Female,2.0,454274.23,4.0,7.0
8746563,13.0,159.0,68.0,Male,2.0,416492.97,4.0,7.0
4674304,13.0,158.0,34.0,Female,2.0,44513.9,4.0,7.0
6279584,6.0,77.0,61.5,Unknown,2.0,37478.07,1.0,4.0
1153234,6.0,78.0,33.0,Female,2.0,40550.0,3.0,6.0
4935831,15.0,189.0,73.5,Unknown,2.0,82507.94,6.0,9.0
8170314,26.0,321.0,20.5,Male,2.0,129220.42,1.0,4.0
9452891,6.0,74.0,33.0,Unknown,2.0,45925.8,6.0,9.0
4455114,16.0,203.0,62.0,Male,2.0,1354678.38,4.0,7.0
3310984,4.0,58.0,62.5,Unknown,2.0,211304.92,2.0,6.0
8865026,14.0,179.0,37.5,Female,2.0,43502.51,0.0,3.0
4712166,11.0,139.0,68.0,Female,2.0,113303.72,6.0,9.0
5830611,14.0,177.0,32.0,Female,2.0,48731.25,3.0,6.0
3271404,10.0,121.0,25.5,Unknown,2.0,30469.88,2.0,5.0
3808634,23.0,277.0,19.0,Male,2.0,46955.83,2.0,5.0
7339653,12.0,150.0,72.5,Male,2.0,311897.98,1.0,4.0
9067923,8.0,96.0,28.5,Unknown,3.0,78950.26,6.0,9.0
1468988,5.0,60.0,57.0,Male,2.0,28293.44,3.0,6.0
9110997,14.0,169.0,58.0,Female,2.0,162275.72999999998,3.0,6.0
4976198,4.0,57.0,42.5,Unknown,2.0,32136.7,6.0,9.0
3568302,12.0,155.0,69.0,Female,3.0,225198.71,6.0,9.0
9201661,9.0,118.0,30.5,Male,2.0,94964.75,3.0,6.0
4113740,9.0,108.0,31.5,Male,2.0,53592.27,3.0,6.0
9238028,5.0,70.0,34.0,Unknown,2.0,58366.76,1.0,4.0
9514497,3.0,45.0,30.5,Male,2.0,25008.79,3.0,6.0
1707115,13.0,166.0,67.0,Female,2.0,118588.07,2.0,5.0
2095509,8.0,97.0,45.5,Unknown,3.0,67501.83,2.0,5.0
8499979,10.0,125.0,62.0,Male,2.0,281473.73,4.0,7.0
7456028,7.0,86.0,27.0,Unknown,2.0,61720.64,2.0,5.0
9202453,11.0,137.0,50.0,Male,4.0,314681.12,1.0,4.0
5711765,6.0,77.0,52.5,Unknown,3.0,195080.54,3.0,6.0
693101,6.0,74.0,34.5,Unknown,3.0,56658.28,3.0,6.0
3758871,9.0,114.0,26.5,Female,2.0,29533.86,2.0,5.0
9719269,8.0,104.0,27.5,Female,2.0,30524.99,3.0,6.0
7193330,12.0,154.0,25.5,Male,3.0,142613.33000000002,3.0,6.0
9043382,8.0,106.0,75.0,Female,2.0,47114.65,4.0,7.0
2101980,6.0,72.0,52.5,Female,2.0,387571.46,5.0,8.0
6133577,21.0,253.0,78.0,Male,3.0,702008.4800000001,4.0,8.0
6437808,19.0,239.0,39.0,Male,2.0,70036.44,0.0,3.0
5171479,19.0,237.0,23.5,Male,2.0,30146.41,0.0,3.0
4969155,19.0,228.0,61.5,Female,2.0,98191.26,5.0,9.0
3678026,18.0,216.0,71.0,Female,2.0,209444.3,2.0,5.0
2358419,13.0,157.0,32.5,Female,2.0,23906.68,1.0,4.0
8844750,5.0,69.0,47.0,Unknown,2.0,48558.67,6.0,9.0
8576259,6.0,72.0,56.5,Unknown,2.0,181818.74,4.0,7.0
4659108,13.0,164.0,65.0,Male,2.0,47436.61,5.0,8.0
9128868,5.0,60.0,64.5,Male,2.0,155617.56,6.0,9.0
3436953,21.0,253.0,48.5,Male,2.0,29063.76,6.0,9.0
9919053,5.0,70.0,55.0,Unknown,3.0,37677.66,4.0,7.0
9842782,27.0,330.0,28.0,Male,2.0,70286.51999999999,0.0,3.0
7878552,6.0,72.0,27.5,Unknown,2.0,58992.33,6.0,9.0
9582515,16.0,193.0,43.5,Male,2.0,557444.17,1.0,4.0
3625526,31.0,383.0,56.0,Male,7.0,1094855.84,6.0,9.0
9534819,14.0,175.0,69.5,Male,2.0,429281.96,2.0,5.0
3166534,6.0,80.0,63.0,Unknown,2.0,55753.42999999999,0.0,3.0
1834595,12.0,144.0,49.5,Male,2.0,140096.78,2.0,5.0
1006425,7.0,89.0,28.5,Unknown,2.0,67543.73999999999,0.0,3.0
3894560,12.0,154.0,31.5,Male,2.0,89006.67,6.0,9.0
6172702,6.0,80.0,27.0,Female,3.0,88782.98,5.0,8.0
8117743,27.0,335.0,62.5,Male,4.0,94722.58,5.0,8.0
5238205,6.0,82.0,43.0,Female,2.0,36630.97,5.0,8.0
4804295,7.0,91.0,24.5,Unknown,2.0,39869.17,3.0,6.0
9131627,15.0,191.0,53.5,Female,2.0,167561.34000000003,6.0,9.0
4207164,10.0,128.0,58.0,Male,2.0,88585.51999999999,6.0,9.0
1017424,13.0,158.0,52.0,Male,3.0,86619.1,6.0,9.0
4728674,9.0,109.0,28.5,Male,2.0,38778.06,3.0,6.0
1394255,15.0,181.0,44.0,Unknown,3.0,200613.23,6.0,9.0
6244133,4.0,58.0,25.5,Unknown,2.0,46198.99,5.0,8.0
1837300,13.0,163.0,25.5,Male,2.0,61002.88,2.0,5.0
359922,5.0,63.0,31.5,Female,2.0,33779.6,3.0,6.0
8148423,4.0,59.0,63.5,Male,2.0,234124.67,5.0,8.0
6524118,9.0,119.0,36.5,Male,2.0,169382.83000000002,0.0,3.0
3346785,13.0,156.0,31.5,Unknown,2.0,29661.73,0.0,3.0
6940265,16.0,196.0,53.5,Female,3.0,86547.18,4.0,7.0
5195063,5.0,67.0,23.5,Male,2.0,34337.52,6.0,9.0
9489239,12.0,147.0,44.0,Male,2.0,190541.21,0.0,3.0
4942333,4.0,59.0,64.5,Unknown,2.0,326403.91,2.0,5.0
4540243,13.0,166.0,34.0,Unknown,2.0,133761.14,0.0,3.0
7988764,6.0,81.0,38.5,Unknown,2.0,40235.07,3.0,6.0
1633376,11.0,139.0,70.0,Male,2.0,94477.97,6.0,9.0
4914626,21.0,253.0,62.5,Male,2.0,59676.7,5.0,8.0
3178491,5.0,71.0,51.5,Unknown,3.0,32797.64,0.0,3.0
1437766,9.0,109.0,35.5,Male,2.0,81793.73999999999,1.0,4.0
4500339,8.0,98.0,67.0,Female,3.0,535413.4500000001,2.0,5.0
9778090,12.0,147.0,29.0,Female,2.0,53009.44,1.0,4.0
1949195,6.0,83.0,28.5,Unknown,2.0,66546.12,3.0,6.0
8426615,5.0,64.0,37.5,Unknown,2.0,24550.32,6.0,9.0
3655381,13.0,157.0,35.0,Female,2.0,37447.14,1.0,4.0
6526971,6.0,75.0,65.0,Male,2.0,53943.03999999999,5.0,8.0
4861157,14.0,170.0,58.5,Male,2.0,82168.07,2.0,5.0
7800668,24.0,297.0,62.0,Male,2.0,34696.74,2.0,5.0
6286405,23.0,276.0,53.0,Male,2.0,35925.91,1.0,4.0
3696507,19.0,238.0,73.0,Female,2.0,39361.37,1.0,4.0
2831747,18.0,221.0,27.5,Female,2.0,47361.02,1.0,4.0
4574151,22.0,271.0,76.0,Female,2.0,749889.87,3.0,6.0
5319951,6.0,81.0,26.5,Unknown,2.0,46166.61,0.0,3.0
7769451,20.0,240.0,47.0,Male,3.0,150996.05,6.0,9.0
1202106,5.0,71.0,37.0,Unknown,2.0,60664.87,6.0,9.0
4080024,14.0,179.0,61.5,Female,2.0,31382.63,3.0,6.0
8978927,7.0,93.0,60.0,Male,2.0,113152.19,6.0,9.0
1861239,15.0,190.0,57.5,Male,2.0,232857.05,6.0,9.0
8823334,4.0,56.0,24.0,Unknown,4.0,104087.19,6.0,9.0
2168025,14.0,172.0,75.5,Male,2.0,266657.22,3.0,6.0
8911510,9.0,118.0,50.0,Female,2.0,50401.69,5.0,8.0
67925,16.0,193.0,47.5,Female,4.0,1169571.27,5.0,8.0
960361,15.0,183.0,59.5,Male,2.0,40906.21,6.0,9.0
7708063,5.0,68.0,60.5,Unknown,2.0,32207.63,1.0,4.0
8586150,29.0,348.0,25.0,Male,3.0,77472.51999999999,5.0,8.0
8945620,13.0,166.0,67.0,Male,3.0,86578.48,6.0,9.0
4051272,13.0,163.0,62.0,Female,2.0,58387.3,0.0,3.0
3110411,13.0,167.0,57.5,Female,2.0,29949.86,1.0,4.0
2861330,16.0,192.0,62.5,Female,3.0,169081.58000000002,6.0,9.0
4988674,5.0,69.0,66.5,Male,2.0,89208.29999999999,3.0,6.0
6742711,4.0,53.0,47.5,Unknown,2.0,27111.03,6.0,9.0
6234276,15.0,189.0,39.5,Unknown,2.0,56801.0,0.0,3.0
8363147,15.0,186.0,40.0,Female,3.0,60505.08,0.0,3.0
8553099,12.0,145.0,58.0,Female,2.0,122897.01,5.0,8.0
4038025,4.0,58.0,48.5,Unknown,2.0,46550.2,0.0,3.0
3210373,6.0,73.0,29.0,Unknown,3.0,121466.77,4.0,7.0
8022458,15.0,183.0,29.5,Male,2.0,122242.37,6.0,9.0
8854006,9.0,115.0,63.5,Female,2.0,147280.03999999998,3.0,6.0
6394082,8.0,105.0,33.5,Male,2.0,40420.28999999999,3.0,6.0
1779685,15.0,184.0,34.5,Female,2.0,166901.08000000002,1.0,6.0
447683,8.0,96.0,20.5,Unknown,2.0,28757.84,0.0,3.0
6426887,5.0,70.0,41.5,Unknown,2.0,39447.89,0.0,3.0
858511,16.0,199.0,50.5,Male,2.0,133048.72,0.0,3.0
630035,14.0,178.0,57.0,Female,2.0,33917.619999999995,6.0,9.0
2291432,13.0,166.0,51.5,Male,2.0,57230.11,2.0,5.0
707815,14.0,175.0,50.0,Male,2.0,732940.28,3.0,6.0
4688729,6.0,80.0,18.5,Female,3.0,31693.61,1.0,4.0
9710697,6.0,73.0,31.0,Female,2.0,36280.9,4.0,7.0
6942129,6.0,73.0,40.0,Unknown,2.0,34082.149999999994,0.0,3.0
3186806,15.0,190.0,48.5,Male,2.0,72017.84,0.0,3.0
2033367,16.0,201.0,62.5,Female,2.0,25480.7,0.0,3.0
5016037,2.0,34.0,40.0,Unknown,2.0,39764.64,2.0,5.0
1637188,9.0,108.0,71.5,Male,3.0,51222.01,5.0,8.0
2922012,7.0,85.0,27.0,Unknown,2.0,60839.31,6.0,9.0
5257691,18.0,222.0,47.0,Female,2.0,24017.4,2.0,5.0
3840915,30.0,371.0,81.5,Male,3.0,996437.25,6.0,9.0
9440656,7.0,94.0,63.0,Female,2.0,8292996.21,6.0,9.0
6014718,6.0,75.0,58.0,Male,2.0,69181.9,0.0,3.0
7891584,16.0,193.0,50.0,Female,2.0,42053.85,0.0,3.0
7344407,15.0,186.0,72.0,Male,2.0,2496732.53,6.0,9.0
7942902,4.0,59.0,54.0,Unknown,3.0,83533.54000000001,6.0,9.0
1043374,13.0,157.0,53.0,Male,4.0,386231.21,1.0,4.0
2368301,15.0,183.0,55.0,Unknown,2.0,28551.98,0.0,3.0
7508590,11.0,140.0,70.0,Female,2.0,124053.53,0.0,3.0
187902,8.0,106.0,53.0,Female,2.0,95526.97,3.0,6.0
6297472,22.0,269.0,24.0,Male,4.0,113617.19,6.0,9.0
2980797,21.0,253.0,22.0,Female,2.0,33028.259999999995,4.0,7.0
3454387,21.0,253.0,42.0,Male,3.0,875373.87,4.0,7.0
4118034,20.0,251.0,68.5,Unknown,3.0,218996.95,6.0,9.0
9739374,22.0,265.0,57.5,Male,2.0,321839.72,5.0,8.0
208307,20.0,243.0,61.0,Male,2.0,274692.62,2.0,5.0
7510930,19.0,235.0,24.5,Female,2.0,24540.22,0.0,3.0
2409779,17.0,206.0,46.0,Male,2.0,124790.37,0.0,3.0
4775181,7.0,94.0,23.5,Unknown,2.0,45798.52,0.0,3.0
3803002,6.0,74.0,42.0,Unknown,4.0,438002.54,6.0,9.0
2866128,15.0,191.0,34.5,Female,2.0,65962.17,1.0,4.0
5158534,15.0,181.0,67.5,Male,2.0,308775.04,6.0,9.0
3700637,8.0,100.0,62.5,Unknown,2.0,26495.62,3.0,6.0
5979341,9.0,119.0,59.5,Female,3.0,184606.11,6.0,9.0
7092079,7.0,88.0,27.5,Male,2.0,52816.09,5.0,8.0
4561339,4.0,57.0,25.0,Unknown,4.0,109553.67,6.0,9.0
7041735,11.0,144.0,22.5,Female,2.0,81036.53,0.0,3.0
4512339,12.0,149.0,28.5,Male,3.0,201523.65,6.0,9.0
117883,29.0,348.0,63.0,Male,2.0,226624.83,5.0,8.0
8168349,9.0,108.0,71.0,Male,2.0,43738.67999999999,6.0,9.0
6461504,8.0,96.0,23.0,Unknown,2.0,35378.399999999994,1.0,4.0
3049636,4.0,58.0,56.5,Unknown,2.0,42962.8,0.0,3.0
956673,21.0,260.0,47.0,Male,3.0,510057.05,6.0,9.0
5554510,18.0,225.0,64.0,Male,2.0,144239.09999999998,6.0,9.0
568159,12.0,154.0,51.5,Male,2.0,213535.95,0.0,3.0
5409306,27.0,333.0,22.5,Male,2.0,61571.98,1.0,4.0
7609366,7.0,85.0,36.5,Unknown,2.0,37322.2,3.0,6.0
9659419,8.0,100.0,26.0,Unknown,2.0,33397.36,1.0,4.0
9704887,5.0,71.0,23.5,Unknown,2.0,55686.97,6.0,9.0
8382501,5.0,68.0,24.5,Unknown,3.0,62104.08,6.0,9.0
974323,8.0,107.0,44.5,Female,2.0,32298.0,2.0,5.0
528367,7.0,84.0,66.0,Unknown,2.0,67301.83,0.0,3.0
1541616,11.0,136.0,55.5,Male,5.0,254743.61,6.0,9.0
6618584,6.0,78.0,64.5,Unknown,3.0,62293.4,6.0,9.0
8758063,8.0,98.0,43.5,Unknown,2.0,92058.0,3.0,6.0
5999699,13.0,159.0,58.5,Female,2.0,44039.53,6.0,9.0
3657873,7.0,87.0,57.5,Unknown,2.0,32041.92,2.0,5.0
4928298,14.0,178.0,60.5,Male,2.0,70483.17,0.0,3.0
3161851,15.0,189.0,39.5,Male,2.0,450278.72,5.0,8.0
1173197,5.0,71.0,47.0,Unknown,2.0,49850.89,5.0,8.0
66160,5.0,66.0,24.5,Unknown,3.0,141468.63,3.0,6.0
421795,14.0,177.0,49.5,Male,2.0,34658.57,0.0,3.0
8124,14.0,170.0,42.0,Male,2.0,61022.23,5.0,8.0
6379275,5.0,70.0,25.5,Unknown,2.0,60097.03,3.0,6.0
3126063,15.0,190.0,51.0,Female,2.0,30857.85,2.0,5.0
2368143,5.0,70.0,65.0,Unknown,2.0,58117.61,1.0,4.0
6291626,5.0,70.0,54.0,Unknown,2.0,70110.11,6.0,9.0
96845,4.0,59.0,61.0,Unknown,3.0,52771.42999999999,1.0,5.0
39004,19.0,228.0,48.0,Male,2.0,54444.15,6.0,9.0
415523,10.0,125.0,32.5,Female,2.0,72641.97,0.0,3.0
9976496,8.0,96.0,35.0,Unknown,2.0,98321.42,6.0,9.0
6453847,11.0,138.0,37.5,Male,2.0,28553.26,0.0,3.0
8864712,5.0,61.0,65.5,Unknown,2.0,184189.08,1.0,4.0
1230361,9.0,108.0,37.5,Male,2.0,95371.04,4.0,7.0
4849018,8.0,96.0,60.0,Unknown,2.0,29147.84,4.0,7.0
6752346,24.0,289.0,55.5,Unknown,2.0,52987.09,0.0,3.0
4221338,24.0,289.0,26.0,Female,2.0,33191.94,2.0,5.0
5735934,23.0,287.0,66.0,Male,2.0,32456.13,1.0,4.0
9847682,23.0,278.0,68.5,Male,3.0,467088.29,6.0,9.0
8365656,22.0,274.0,61.0,Male,4.0,468199.68,6.0,9.0
9571993,18.0,217.0,53.5,Male,3.0,558744.4400000001,6.0,9.0
7485830,17.0,214.0,46.0,Female,2.0,29354.03,0.0,3.0
670602,5.0,67.0,50.5,Unknown,2.0,63222.24,2.0,5.0
9675989,14.0,172.0,70.0,Male,2.0,37435.3,0.0,4.0
9347703,5.0,67.0,51.5,Female,2.0,26728.18,4.0,7.0
8894975,16.0,200.0,45.0,Female,2.0,110304.28,4.0,7.0
2391803,9.0,118.0,60.5,Female,2.0,74459.25,6.0,9.0
9564559,16.0,194.0,55.5,Female,2.0,24880.58,1.0,4.0
6088025,5.0,67.0,28.5,Female,3.0,94641.86,3.0,6.0
7135563,6.0,83.0,57.5,Unknown,3.0,338412.02,3.0,6.0
224102,16.0,197.0,64.5,Female,2.0,54582.41,0.0,3.0
6741529,5.0,71.0,27.5,Unknown,2.0,35814.34,4.0,7.0
3068432,10.0,122.0,55.0,Male,2.0,55407.98,3.0,6.0
861720,13.0,162.0,49.5,Male,2.0,335242.88,3.0,6.0
4658928,7.0,88.0,50.5,Unknown,2.0,70213.41,0.0,3.0
6316179,10.0,129.0,40.5,Unknown,3.0,83198.57,1.0,4.0
6959348,10.0,126.0,61.0,Female,3.0,65539.35,1.0,4.0
2225918,15.0,183.0,59.0,Female,2.0,24810.88,0.0,3.0
5097578,6.0,82.0,68.5,Male,3.0,186006.32,4.0,7.0
8441472,11.0,141.0,43.0,Male,3.0,185349.59000000003,1.0,4.0
1306313,13.0,157.0,45.0,Female,2.0,42796.75,1.0,4.0
9131191,14.0,174.0,42.5,Male,2.0,96399.68,3.0,6.0
965804,15.0,191.0,34.0,Male,2.0,127064.1,4.0,7.0
3733535,5.0,66.0,19.5,Unknown,3.0,27395.82,3.0,6.0
5760465,8.0,107.0,53.0,Female,2.0,67109.72,0.0,3.0
5762796,11.0,143.0,24.5,Female,2.0,44660.81,0.0,3.0
8082942,13.0,164.0,29.5,Female,2.0,57850.66,1.0,4.0
7980798,5.0,68.0,33.0,Unknown,2.0,32235.79,0.0,3.0
7792141,6.0,83.0,41.5,Unknown,2.0,48789.03999999999,1.0,4.0
6820668,13.0,159.0,64.5,Female,2.0,24589.86,5.0,8.0
2512075,23.0,279.0,52.5,Male,4.0,480822.09,6.0,9.0
2235744,4.0,58.0,54.5,Unknown,2.0,43497.11,1.0,4.0
6637216,9.0,109.0,65.0,Male,2.0,115313.9,0.0,3.0
4816956,7.0,85.0,21.5,Unknown,2.0,40963.69,6.0,9.0
3410627,4.0,59.0,34.0,Unknown,2.0,31274.15,2.0,5.0
2787096,7.0,95.0,34.0,Unknown,2.0,34269.36,6.0,9.0
3477535,4.0,59.0,17.5,Unknown,2.0,27579.62,2.0,5.0
3177871,4.0,58.0,35.0,Female,2.0,188564.55,0.0,3.0
2970740,6.0,83.0,25.5,Unknown,2.0,33797.82,1.0,4.0
6057000,15.0,187.0,42.0,Male,2.0,533947.4400000001,6.0,9.0
4237887,15.0,190.0,64.0,Female,2.0,29074.51,0.0,3.0
1770619,5.0,71.0,26.0,Female,2.0,33383.09,0.0,3.0
6971219,5.0,66.0,22.5,Unknown,2.0,28085.35,1.0,4.0
5454052,14.0,178.0,48.0,Female,2.0,566874.87,6.0,9.0
3750959,15.0,190.0,47.0,Male,2.0,47111.53999999999,0.0,3.0
6948287,14.0,179.0,55.0,Female,3.0,51160.21,0.0,3.0
1400164,10.0,130.0,38.0,Unknown,2.0,70745.76999999999,2.0,5.0
3257625,9.0,109.0,55.0,Male,2.0,1279729.16,6.0,9.0
3077224,11.0,136.0,50.5,Male,2.0,52969.82,1.0,4.0
7381520,16.0,198.0,70.0,Male,2.0,168469.22999999998,3.0,6.0
989686,10.0,120.0,71.5,Male,2.0,226610.87,6.0,9.0
5598906,23.0,276.0,50.0,Female,2.0,29002.86,0.0,3.0
82712,22.0,272.0,59.0,Female,3.0,255048.74,2.0,5.0
8092194,22.0,268.0,88.0,Male,4.0,245634.65,3.0,6.0
4664271,21.0,263.0,66.0,Male,3.0,196735.66,6.0,9.0
6292865,21.0,263.0,82.0,Male,3.0,109837.45,2.0,5.0
5116196,22.0,264.0,71.5,Female,3.0,58927.81,0.0,4.0
1435472,20.0,240.0,73.0,Male,3.0,634749.43,4.0,7.0
6820224,18.0,217.0,44.5,Unknown,2.0,150755.71,1.0,4.0
8547914,29.0,359.0,54.5,Female,2.0,73744.76,0.0,3.0
2336012,12.0,154.0,52.0,Male,2.0,40080.99,5.0,8.0
2084702,9.0,113.0,32.5,Female,2.0,49999.23,6.0,9.0
7889092,15.0,187.0,42.0,Male,2.0,44249.2,1.0,4.0
8966527,12.0,144.0,42.0,Female,2.0,51438.28,6.0,9.0
9303265,6.0,74.0,35.0,Unknown,2.0,54911.88,3.0,6.0
2874933,5.0,71.0,27.0,Unknown,3.0,62789.3,3.0,6.0
1663576,20.0,244.0,65.0,Female,2.0,37625.39,4.0,7.0
3941793,15.0,181.0,28.5,Male,2.0,46587.53,1.0,4.0
1867505,11.0,134.0,41.5,Male,2.0,124364.64,3.0,6.0
8902243,8.0,97.0,44.0,Unknown,2.0,198852.07,0.0,3.0
6616714,6.0,80.0,37.0,Unknown,2.0,59280.95,4.0,7.0
9799677,7.0,86.0,44.5,Unknown,2.0,98650.2,5.0,8.0
6338574,10.0,124.0,32.0,Female,2.0,60850.05,2.0,5.0
829637,6.0,74.0,20.5,Unknown,2.0,28688.54,0.0,3.0
1025414,5.0,71.0,20.0,Unknown,2.0,37070.75,2.0,5.0
3449296,13.0,164.0,42.0,Female,2.0,611147.05,1.0,4.0
1873829,14.0,175.0,41.5,Male,3.0,71076.51,6.0,9.0
8866432,7.0,91.0,81.5,Unknown,2.0,34057.56,1.0,4.0
4866628,25.0,310.0,47.5,Male,2.0,102408.6,0.0,3.0
6207986,13.0,160.0,58.5,Male,2.0,32920.259999999995,1.0,4.0
4854924,7.0,88.0,63.5,Male,2.0,40825.81,3.0,6.0
7707431,6.0,72.0,62.0,Unknown,2.0,59054.27,1.0,4.0
7444188,16.0,193.0,73.0,Male,2.0,1233200.2,6.0,9.0
7816304,9.0,117.0,53.0,Male,2.0,25059.08,1.0,4.0
4495812,11.0,142.0,59.0,Female,2.0,42477.88,4.0,7.0
3438860,28.0,344.0,71.5,Male,2.0,435171.67,4.0,7.0
9842475,15.0,189.0,41.5,Male,2.0,53335.77,2.0,5.0
2578419,6.0,81.0,26.0,Female,5.0,53780.22,2.0,5.0
9257058,18.0,227.0,44.5,Female,2.0,37618.11,1.0,4.0
8325554,7.0,95.0,31.0,Unknown,2.0,59603.7,0.0,3.0
5839602,10.0,121.0,56.0,Female,2.0,55180.67999999999,1.0,4.0
9656513,6.0,75.0,42.5,Unknown,2.0,53584.9,4.0,7.0
1240190,17.0,206.0,83.0,Male,2.0,94814.23,4.0,7.0
2817393,7.0,84.0,27.5,Unknown,2.0,42172.31,3.0,6.0
8338341,14.0,173.0,35.5,Female,2.0,28560.53,6.0,9.0
9904896,11.0,143.0,59.5,Female,3.0,62267.44,6.0,9.0
9555295,7.0,88.0,48.0,Unknown,2.0,88546.25,4.0,7.0
2556006,15.0,191.0,36.0,Male,2.0,135852.01,6.0,9.0
1379815,8.0,103.0,29.5,Unknown,3.0,107114.11,6.0,9.0
3384770,14.0,179.0,45.0,Female,2.0,91218.06,1.0,4.0
4576237,24.0,295.0,62.5,Female,3.0,301880.59,1.0,5.0
3109687,24.0,289.0,64.5,Male,2.0,136672.28,1.0,4.0
1008228,23.0,277.0,73.5,Male,3.0,1662594.0499999998,0.0,3.0
8822717,22.0,268.0,74.0,Female,2.0,128526.96,3.0,6.0
8298017,21.0,263.0,56.0,Unknown,2.0,49445.55,1.0,4.0
3876094,20.0,246.0,26.0,Female,3.0,69693.5,5.0,8.0
9056822,21.0,253.0,55.0,Female,4.0,217450.4,6.0,9.0
6091298,20.0,240.0,58.0,Female,3.0,136176.44,5.0,8.0
7943981,4.0,59.0,59.5,Unknown,3.0,203601.37,2.0,5.0
9361627,6.0,75.0,39.5,Female,2.0,97198.91,2.0,5.0
7765134,14.0,179.0,66.5,Female,2.0,34888.31,2.0,5.0
7064342,11.0,134.0,48.0,Female,2.0,52295.34,0.0,4.0
8810064,13.0,167.0,50.0,Male,2.0,205233.56,6.0,9.0
8634174,10.0,131.0,64.5,Male,2.0,42168.51,0.0,3.0
3025015,26.0,316.0,58.5,Female,2.0,45076.8,2.0,5.0
6051233,9.0,109.0,31.0,Male,2.0,29547.13,0.0,3.0
2902292,15.0,184.0,58.0,Male,2.0,235972.0,1.0,4.0
3392515,15.0,188.0,56.5,Male,2.0,25043.51,6.0,9.0
6398193,12.0,155.0,27.0,Female,2.0,61824.6,1.0,4.0
3445203,15.0,189.0,68.5,Male,5.0,1160324.61,5.0,8.0
3512520,9.0,113.0,65.0,Male,2.0,88348.83,2.0,5.0
1186859,13.0,163.0,61.5,Female,2.0,82525.48,3.0,6.0
7850061,8.0,105.0,43.5,Female,2.0,38161.23,3.0,6.0
7159996,27.0,329.0,73.5,Male,3.0,246812.26,6.0,9.0
9758529,24.0,298.0,57.5,Female,2.0,66946.34,3.0,6.0
5885174,8.0,101.0,65.0,Unknown,2.0,69578.43,1.0,5.0
9863644,15.0,189.0,45.5,Female,2.0,216968.56,4.0,7.0
5025928,4.0,57.0,36.0,Unknown,2.0,43439.96,5.0,8.0
9438621,7.0,87.0,26.0,Unknown,2.0,34557.98,2.0,5.0
1035211,13.0,157.0,70.5,Male,2.0,134729.93,2.0,5.0
8315063,4.0,58.0,28.0,Unknown,2.0,30050.24,5.0,8.0
248569,4.0,50.0,25.5,Unknown,2.0,35795.49,6.0,9.0
5811961,10.0,131.0,36.5,Female,3.0,52397.53,4.0,7.0
278017,9.0,108.0,80.0,Male,2.0,30083.91,3.0,6.0
3049212,5.0,70.0,60.0,Unknown,2.0,45490.15,3.0,6.0
3344462,15.0,181.0,56.0,Male,2.0,86639.44,3.0,6.0
7116423,5.0,70.0,55.5,Female,2.0,54050.38,5.0,8.0
638491,10.0,131.0,68.0,Female,2.0,39561.88,1.0,4.0
4292366,5.0,68.0,84.0,Female,2.0,86125.63,0.0,3.0
97322,5.0,69.0,35.0,Unknown,2.0,31812.06,2.0,5.0
5299626,8.0,101.0,60.5,Unknown,2.0,68695.84,3.0,6.0
6940939,10.0,121.0,51.5,Male,2.0,67599.73,4.0,7.0
7851008,4.0,56.0,63.5,Unknown,2.0,240662.64,6.0,9.0
723243,18.0,223.0,40.0,Male,3.0,228098.97,4.0,7.0
4854309,5.0,71.0,39.5,Unknown,2.0,26563.71,0.0,3.0
5193039,9.0,111.0,34.0,Unknown,3.0,185245.99,5.0,8.0
2711017,8.0,96.0,27.5,Unknown,3.0,57407.5,6.0,9.0
6697932,6.0,77.0,26.5,Unknown,2.0,43070.64,2.0,5.0
4326649,13.0,166.0,41.0,Female,2.0,125945.73,1.0,4.0
3903411,7.0,88.0,78.0,Unknown,2.0,38424.72,6.0,9.0
1071368,14.0,178.0,53.0,Female,2.0,80183.38,0.0,3.0
5302579,4.0,59.0,62.5,Male,2.0,43584.03,1.0,4.0
2000786,25.0,301.0,68.0,Female,2.0,140652.4,2.0,5.0
292583,24.0,299.0,47.5,Male,2.0,35081.11,4.0,7.0
2442261,24.0,288.0,63.0,Female,2.0,83697.54000000001,5.0,8.0
6363669,22.0,271.0,66.5,Male,2.0,609964.31,6.0,9.0
7116090,23.0,276.0,67.5,Female,3.0,82557.07,6.0,9.0
5788754,21.0,252.0,72.5,Male,2.0,93996.49,6.0,9.0
5261586,21.0,252.0,50.0,Female,3.0,240616.5,6.0,9.0
2757359,21.0,253.0,50.0,Male,3.0,1269721.34,6.0,9.0
1090478,20.0,246.0,39.5,Male,2.0,203720.89,1.0,4.0
6099993,19.0,228.0,69.5,Female,3.0,135198.45,4.0,7.0
1253347,18.0,218.0,35.0,Female,2.0,122173.3,6.0,9.0
8938566,16.0,193.0,31.0,Male,2.0,37751.29,2.0,5.0
2769858,13.0,166.0,62.5,Male,2.0,142470.4,1.0,4.0
3740691,7.0,92.0,27.0,Male,2.0,33160.46,6.0,9.0
7224638,14.0,169.0,33.5,Female,2.0,137403.41999999998,2.0,5.0
3240673,15.0,191.0,42.0,Female,2.0,59441.78,2.0,5.0
6367405,6.0,83.0,26.5,Unknown,2.0,27508.74,6.0,9.0
8704638,10.0,120.0,55.5,Female,2.0,58203.41,0.0,4.0
176808,5.0,61.0,49.5,Female,2.0,307839.53,6.0,9.0
4841642,15.0,189.0,45.0,Female,2.0,29500.64,5.0,8.0
7384949,4.0,58.0,24.5,Unknown,2.0,31198.04,4.0,7.0
4153931,5.0,71.0,60.5,Unknown,3.0,1420512.22,6.0,9.0
661172,4.0,58.0,24.0,Unknown,2.0,41856.31,4.0,7.0
8442020,11.0,142.0,63.5,Female,2.0,49748.72,0.0,3.0
4270488,13.0,157.0,36.5,Male,2.0,31085.34,1.0,4.0
5570888,6.0,73.0,39.5,Unknown,4.0,250779.18,4.0,7.0
9987449,20.0,241.0,64.0,Female,2.0,24841.29,4.0,7.0
4828906,26.0,313.0,64.5,Male,3.0,1600951.39,4.0,7.0
5599344,26.0,313.0,56.0,Female,2.0,70937.14,0.0,3.0
77651,34.0,414.0,69.5,Female,5.0,1666212.18,6.0,9.0
7564346,10.0,123.0,54.0,Female,3.0,49187.19,4.0,7.0
7073919,31.0,379.0,62.5,Female,2.0,119091.72,1.0,4.0
8082454,5.0,64.0,34.0,Unknown,2.0,44958.03999999999,3.0,6.0
8926523,6.0,73.0,64.5,Unknown,2.0,446461.0,2.0,5.0
5814327,14.0,172.0,73.5,Male,3.0,174352.44,3.0,6.0
103622,4.0,58.0,24.5,Unknown,2.0,44031.67,1.0,4.0
9249083,6.0,82.0,44.5,Unknown,2.0,48219.42999999999,0.0,3.0
2159443,5.0,68.0,57.0,Male,2.0,207631.68,5.0,8.0
5644202,11.0,137.0,42.0,Female,2.0,100143.51,6.0,9.0
6600418,7.0,85.0,32.0,Unknown,2.0,33679.16,2.0,5.0
765263,6.0,73.0,64.5,Unknown,2.0,30815.47,0.0,3.0
1957546,15.0,189.0,42.0,Female,2.0,24070.88,0.0,3.0
4998288,7.0,87.0,53.5,Unknown,2.0,56896.2,6.0,9.0
6445013,5.0,70.0,28.5,Unknown,2.0,25079.9,6.0,9.0
7563459,7.0,89.0,31.0,Unknown,2.0,68896.44,6.0,9.0
8205408,21.0,254.0,26.0,Male,2.0,55010.09,2.0,5.0
1642284,19.0,229.0,72.5,Unknown,2.0,45829.86,1.0,5.0
5329888,12.0,153.0,32.0,Female,3.0,310432.34,5.0,9.0
2726591,5.0,69.0,41.5,Male,2.0,47844.42,4.0,7.0
7970370,6.0,74.0,68.0,Unknown,2.0,131936.14,2.0,5.0
6649463,14.0,174.0,65.5,Female,2.0,25445.94,0.0,3.0
6673567,12.0,152.0,53.0,Female,5.0,128661.55,5.0,8.0
7723642,10.0,130.0,51.5,Female,2.0,154542.87,4.0,7.0
4759785,9.0,116.0,81.0,Female,2.0,48233.31,0.0,3.0
2818717,25.0,304.0,20.0,Female,2.0,23810.77,2.0,5.0
5358001,25.0,300.0,46.5,Male,2.0,69565.93,5.0,8.0
3308752,24.0,290.0,66.5,Female,2.0,91695.35,6.0,9.0
2479632,23.0,285.0,81.5,Male,2.0,43212.89,6.0,9.0
3604047,23.0,281.0,69.0,Male,2.0,86773.26,6.0,9.0
6760883,19.0,239.0,54.0,Female,2.0,39104.55,0.0,3.0
7471769,19.0,237.0,48.5,Male,2.0,276391.58,0.0,3.0
185675,19.0,236.0,68.5,Female,2.0,99672.15,5.0,8.0
784897,17.0,206.0,24.5,Male,2.0,29277.59,3.0,6.0
848708,16.0,194.0,65.5,Female,2.0,175845.25,4.0,7.0
2177777,6.0,73.0,29.5,Unknown,2.0,26525.21,1.0,4.0
8990730,5.0,65.0,19.0,Unknown,2.0,56705.13,6.0,9.0
8603287,8.0,98.0,53.5,Unknown,2.0,111774.48,0.0,3.0
7574520,4.0,59.0,17.5,Unknown,2.0,25071.5,1.0,4.0
3260408,13.0,161.0,43.0,Male,2.0,64435.91,0.0,3.0
1829520,15.0,190.0,42.0,Female,3.0,286237.76,5.0,8.0
7984003,11.0,132.0,44.5,Female,2.0,25431.96,3.0,6.0
93915,5.0,70.0,53.5,Unknown,2.0,50251.67,2.0,5.0
341976,5.0,70.0,63.5,Unknown,2.0,32128.23,6.0,9.0
3789652,15.0,186.0,30.5,Female,2.0,35478.75,1.0,4.0
780723,5.0,62.0,54.5,Unknown,2.0,43216.55,4.0,8.0
4108261,15.0,180.0,65.5,Female,2.0,30284.61,4.0,7.0
7978425,11.0,135.0,40.5,Female,2.0,94818.61,3.0,6.0
4624541,5.0,60.0,25.0,Unknown,3.0,33911.64,4.0,7.0
728530,6.0,81.0,66.5,Unknown,2.0,26713.97,2.0,5.0
1162520,13.0,160.0,71.0,Female,2.0,56730.98,6.0,9.0
8927810,10.0,131.0,34.5,Female,3.0,184108.01,4.0,7.0
5835400,11.0,139.0,68.5,Female,2.0,1092159.7,6.0,9.0
6641923,5.0,64.0,58.5,Unknown,2.0,42132.73,6.0,9.0
6800046,8.0,106.0,28.0,Female,3.0,148302.5,5.0,8.0
8487265,7.0,91.0,32.0,Unknown,2.0,59975.06,3.0,6.0
3965600,5.0,60.0,28.0,Unknown,2.0,29674.43,6.0,9.0
5101795,18.0,227.0,47.0,Female,4.0,437364.29,4.0,7.0
6802314,9.0,115.0,40.0,Male,2.0,37747.83,0.0,3.0
8770492,4.0,59.0,59.5,Unknown,2.0,37076.33,6.0,9.0
7094658,30.0,365.0,65.0,Female,2.0,89708.87,2.0,5.0
8015932,8.0,104.0,62.5,Female,2.0,203244.49,6.0,9.0
5518822,6.0,79.0,26.0,Unknown,2.0,25332.13,2.0,6.0
7305461,5.0,70.0,35.0,Unknown,2.0,36596.0,0.0,3.0
7975844,5.0,70.0,29.5,Unknown,2.0,58377.9,3.0,6.0
3738717,33.0,406.0,52.5,Female,5.0,2342546.56,6.0,9.0
4853362,5.0,67.0,31.5,Unknown,2.0,23981.42,4.0,7.0
6537374,5.0,70.0,41.5,Unknown,4.0,157931.83000000002,4.0,7.0
1971148,13.0,166.0,29.0,Female,2.0,91019.21,1.0,4.0
2670183,13.0,160.0,42.0,Female,3.0,25661.58,0.0,3.0
7569984,13.0,166.0,37.0,Male,2.0,80502.44,1.0,4.0
3253100,5.0,68.0,25.0,Unknown,2.0,30436.24,6.0,9.0
1659172,15.0,189.0,48.5,Female,2.0,320135.73,6.0,9.0
1303664,25.0,307.0,61.5,Male,2.0,496235.53,6.0,9.0
6690491,24.0,299.0,49.5,Male,2.0,31494.75,4.0,7.0
5683292,24.0,298.0,75.0,Female,2.0,45610.94,0.0,3.0
2488808,23.0,280.0,55.0,Female,2.0,169907.86,6.0,9.0
2631511,21.0,262.0,64.5,Male,2.0,39745.8,2.0,5.0
4738528,21.0,258.0,63.5,Female,2.0,121398.39,1.0,4.0
3279570,20.0,246.0,73.0,Male,2.0,29313.09,5.0,8.0
2184069,16.0,199.0,50.0,Female,2.0,49476.48,6.0,9.0
8540849,6.0,74.0,21.0,Female,2.0,54737.63,4.0,7.0
560955,7.0,85.0,56.5,Unknown,5.0,299111.66,4.0,7.0
1388684,5.0,70.0,39.0,Unknown,3.0,63248.53,0.0,3.0
4428013,12.0,144.0,43.5,Male,2.0,40320.35,2.0,5.0
5140462,4.0,57.0,24.5,Unknown,2.0,27065.95,4.0,7.0
8991228,13.0,159.0,84.0,Male,2.0,28303.63,5.0,8.0
7420166,14.0,178.0,65.0,Female,2.0,128736.43,5.0,8.0
7774000,14.0,178.0,29.0,Male,2.0,32616.01,0.0,3.0
1461998,8.0,107.0,44.5,Unknown,2.0,541625.06,3.0,6.0
7183392,11.0,141.0,49.5,Male,3.0,334490.63,4.0,7.0
2028518,14.0,178.0,63.0,Female,2.0,44795.92,0.0,3.0
1775305,4.0,59.0,30.0,Male,2.0,34516.59,4.0,7.0
3448507,5.0,61.0,63.0,Female,2.0,108585.63,6.0,9.0
6046394,5.0,68.0,35.5,Unknown,2.0,31860.99,1.0,4.0
9118442,12.0,145.0,31.0,Female,2.0,89589.05,0.0,3.0
7809063,6.0,75.0,26.0,Female,3.0,94038.4,3.0,6.0
1650516,4.0,58.0,35.5,Unknown,3.0,38076.46,6.0,9.0
5880392,27.0,328.0,71.5,Male,2.0,54364.13,4.0,7.0
7254695,6.0,73.0,30.0,Unknown,2.0,76814.89,4.0,7.0
8739668,4.0,59.0,40.5,Unknown,2.0,26087.02,1.0,4.0
314673,13.0,157.0,40.5,Female,2.0,34819.48,0.0,3.0
7728720,10.0,122.0,57.5,Female,2.0,314427.87,4.0,8.0
314959,7.0,86.0,61.5,Unknown,2.0,117288.5,6.0,9.0
8526665,11.0,142.0,56.0,Male,2.0,28520.95,2.0,5.0
3247251,14.0,169.0,63.5,Male,2.0,108393.93,6.0,9.0
7828609,4.0,58.0,59.5,Unknown,2.0,26237.15,0.0,3.0
1480622,14.0,175.0,51.0,Female,2.0,39686.21,6.0,9.0
2103055,13.0,167.0,28.0,Male,2.0,71043.81,6.0,9.0
9953748,11.0,135.0,67.0,Female,2.0,48278.4,2.0,5.0
4380549,6.0,75.0,26.0,Unknown,2.0,32373.64,3.0,6.0
2371133,15.0,189.0,46.0,Male,2.0,37251.91,6.0,9.0
8034444,5.0,70.0,26.0,Unknown,2.0,27931.47,0.0,3.0
8375341,10.0,129.0,25.5,Male,2.0,30198.97,2.0,5.0
7959414,31.0,373.0,72.5,Female,2.0,85416.26,1.0,4.0
175752,33.0,396.0,69.5,Female,4.0,356141.94,2.0,5.0
4478331,25.0,304.0,91.5,Male,2.0,49521.77,3.0,6.0
2385412,24.0,296.0,50.0,Female,2.0,348445.59,5.0,8.0
5076559,21.0,262.0,62.0,Female,2.0,246860.88,6.0,9.0
1201290,21.0,261.0,59.5,Male,3.0,521178.71,6.0,9.0
4820712,21.0,256.0,77.5,Male,3.0,274451.6,6.0,9.0
336279,18.0,216.0,57.0,Male,2.0,31646.09,0.0,3.0
580584,7.0,85.0,72.0,Unknown,2.0,40907.41,5.0,8.0
5373695,4.0,58.0,22.5,Unknown,2.0,27583.0,0.0,3.0
2184714,7.0,84.0,61.5,Unknown,3.0,89418.64,6.0,9.0
6622812,16.0,202.0,66.5,Female,2.0,45235.59,1.0,4.0
5097276,8.0,102.0,63.0,Unknown,2.0,373280.03,6.0,9.0
4287877,13.0,158.0,50.5,Female,2.0,99616.61,0.0,3.0
3862559,25.0,304.0,73.5,Male,4.0,3394204.29,6.0,9.0
6652399,12.0,147.0,41.5,Male,3.0,79634.72,5.0,8.0
3917668,5.0,71.0,52.0,Male,2.0,260041.75,4.0,7.0
234491,13.0,167.0,41.0,Male,2.0,43518.4,0.0,3.0
3889440,4.0,59.0,25.0,Unknown,2.0,53363.86,4.0,7.0
7114214,6.0,72.0,24.5,Unknown,2.0,26722.4,4.0,7.0
5382317,35.0,427.0,57.0,Female,3.0,450833.58,6.0,9.0
2911193,6.0,79.0,70.5,Unknown,3.0,72491.20999999999,6.0,9.0
8018381,11.0,142.0,51.5,Female,2.0,33925.49,3.0,6.0
6413226,11.0,138.0,66.5,Male,2.0,77740.01999999999,3.0,6.0
1544759,14.0,178.0,59.5,Female,2.0,31781.45,2.0,5.0
9507924,8.0,97.0,42.5,Unknown,3.0,297991.85,6.0,9.0
5206053,14.0,178.0,59.5,Male,2.0,24250.75,1.0,4.0
2442853,6.0,77.0,27.0,Unknown,3.0,62518.34,5.0,9.0
6896687,16.0,199.0,72.0,Female,2.0,247299.55,1.0,4.0
8187407,4.0,58.0,50.0,Unknown,2.0,47382.89,0.0,3.0
1728517,15.0,190.0,46.5,Male,2.0,135973.14,2.0,6.0
1136521,15.0,191.0,41.5,Female,2.0,64779.96,2.0,5.0
702007,8.0,98.0,63.0,Male,2.0,1348416.4,6.0,9.0
9200596,4.0,49.0,66.0,Female,4.0,298856.32,1.0,4.0
3784712,5.0,60.0,28.5,Unknown,2.0,44187.99,6.0,9.0
2270179,9.0,108.0,50.0,Unknown,2.0,91329.07,6.0,9.0
5274681,6.0,75.0,24.0,Unknown,2.0,47977.94,6.0,9.0
1104755,9.0,114.0,22.0,Female,2.0,26884.51,6.0,9.0
8784353,18.0,221.0,62.0,Unknown,2.0,49903.73,1.0,4.0
3839483,10.0,121.0,32.5,Female,3.0,105598.19,2.0,5.0
75490,8.0,102.0,24.5,Male,2.0,35407.89,6.0,9.0
6686652,4.0,49.0,70.5,Female,2.0,30164.6,4.0,8.0
2750633,7.0,90.0,47.0,Male,2.0,116576.55,2.0,5.0
1621600,15.0,190.0,41.5,Male,2.0,56125.26,1.0,4.0
2285566,42.0,504.0,63.0,Unknown,3.0,380697.56,6.0,9.0
7440442,26.0,322.0,51.5,Male,3.0,912919.95,6.0,9.0
2224846,15.0,189.0,51.0,Female,2.0,46132.67999999999,4.0,7.0
3301121,9.0,118.0,65.5,Female,2.0,133600.97999999998,1.0,4.0
9855557,8.0,104.0,52.5,Male,3.0,55776.5,2.0,5.0
490297,11.0,138.0,67.5,Male,2.0,36750.89,2.0,5.0
6195590,12.0,154.0,59.5,Female,2.0,38312.7,1.0,4.0
9053216,5.0,68.0,66.0,Unknown,2.0,86540.93,1.0,4.0
2368690,6.0,74.0,37.5,Unknown,3.0,50438.55,0.0,3.0
2680639,13.0,158.0,35.0,Male,2.0,116800.66,5.0,8.0
2343101,23.0,277.0,55.0,Female,2.0,458565.68,3.0,6.0
9349375,22.0,272.0,40.5,Male,2.0,24194.0,2.0,5.0
6816650,21.0,262.0,47.0,Female,2.0,37428.54,0.0,3.0
1259453,32.0,394.0,58.0,Male,3.0,614750.9800000001,0.0,5.0
2752257,20.0,250.0,43.5,Male,2.0,39051.42,0.0,3.0
6287401,6.0,75.0,33.0,Unknown,2.0,44585.46,1.0,4.0
3016026,8.0,107.0,49.5,Unknown,2.0,79250.57,0.0,3.0
3453864,24.0,288.0,64.0,Female,2.0,92165.46,6.0,9.0
925783,5.0,71.0,40.0,Unknown,2.0,33992.66,0.0,3.0
1115525,16.0,202.0,46.0,Male,2.0,110332.95,3.0,6.0
4504903,21.0,253.0,42.5,Male,2.0,39453.23,6.0,9.0
3763288,10.0,124.0,48.5,Female,2.0,28329.7,2.0,5.0
3932604,9.0,111.0,26.5,Male,2.0,44606.07,1.0,4.0
5331020,8.0,98.0,58.0,Unknown,2.0,56460.57,1.0,4.0
2823361,9.0,108.0,34.0,Female,2.0,60562.94,6.0,9.0
8186786,14.0,178.0,72.0,Male,2.0,88136.1,0.0,7.0
7614662,15.0,188.0,40.0,Female,2.0,43277.58,6.0,9.0
6986144,15.0,189.0,52.5,Male,2.0,39309.1,2.0,5.0
6326668,27.0,326.0,62.0,Male,4.0,1330211.0,1.0,4.0
5673171,5.0,64.0,20.0,Unknown,2.0,28879.75,0.0,3.0
2240779,16.0,199.0,39.5,Male,2.0,178360.52000000002,5.0,8.0
9494361,8.0,97.0,76.0,Unknown,2.0,89120.92,0.0,3.0
6033805,6.0,83.0,83.0,Unknown,2.0,130023.49,6.0,9.0
7353110,3.0,46.0,62.0,Unknown,3.0,44884.88,5.0,8.0
161440,16.0,195.0,35.0,Female,3.0,160477.90000000002,3.0,6.0
2202835,36.0,433.0,66.5,Female,2.0,109880.17,2.0,5.0
4801511,16.0,200.0,59.5,Female,2.0,65036.19,6.0,9.0
5910914,5.0,60.0,45.5,Unknown,2.0,36912.69,1.0,4.0
5364720,15.0,189.0,55.5,Male,2.0,41990.32,0.0,3.0
1866205,15.0,189.0,24.0,Male,2.0,33235.78,2.0,5.0
7497388,15.0,187.0,51.0,Male,2.0,60345.79,6.0,9.0
8129452,9.0,110.0,60.0,Female,2.0,76209.11,6.0,9.0
4385079,5.0,67.0,57.0,Unknown,2.0,134882.53999999998,3.0,6.0
9732288,7.0,95.0,46.0,Unknown,2.0,48924.51,1.0,4.0
4598246,8.0,107.0,47.0,Male,2.0,370771.19,4.0,7.0
3797676,15.0,190.0,71.5,Female,3.0,118578.66,5.0,8.0
5023925,8.0,106.0,42.5,Female,2.0,66742.04999999999,1.0,4.0
4736508,16.0,192.0,53.5,Male,3.0,212015.58,5.0,8.0
682949,6.0,83.0,24.5,Unknown,3.0,122067.63,4.0,7.0
6100632,12.0,151.0,64.0,Male,2.0,23861.39,3.0,6.0
4895542,11.0,133.0,48.5,Female,3.0,40696.2,6.0,9.0
8711526,23.0,279.0,42.0,Female,2.0,153079.28999999998,5.0,8.0
2327217,22.0,268.0,49.0,Female,2.0,54647.85,4.0,7.0
7740530,21.0,258.0,61.0,Female,2.0,75745.28,6.0,9.0
4166825,20.0,241.0,62.5,Female,2.0,62830.19,0.0,3.0
3447586,19.0,237.0,72.0,Female,2.0,161059.32,3.0,6.0
4778491,10.0,125.0,63.5,Male,2.0,237788.31,3.0,6.0
7696026,4.0,59.0,43.5,Unknown,2.0,56669.72,3.0,6.0
6038968,10.0,127.0,42.5,Female,2.0,33509.509999999995,1.0,4.0
1816917,13.0,166.0,50.5,Unknown,2.0,26783.75,5.0,8.0
7114961,14.0,168.0,58.0,Male,2.0,32553.5,0.0,3.0
2944383,5.0,64.0,43.5,Unknown,2.0,47036.15,3.0,6.0
9814273,12.0,144.0,49.5,Female,2.0,30952.96,0.0,3.0
195310,10.0,123.0,49.5,Female,2.0,212499.94,2.0,5.0
8863840,5.0,70.0,65.5,Unknown,2.0,244768.82,1.0,4.0
2322197,26.0,314.0,74.0,Female,2.0,446894.34,4.0,8.0
1983217,5.0,70.0,48.5,Unknown,3.0,71507.87,2.0,5.0
6358771,5.0,63.0,65.5,Male,2.0,117926.9,1.0,4.0
7147672,9.0,115.0,51.0,Male,2.0,121951.48,0.0,3.0
3373207,6.0,78.0,68.0,Unknown,2.0,78763.45999999999,0.0,3.0
9738828,20.0,241.0,56.5,Female,2.0,80069.06,3.0,6.0
4034001,7.0,94.0,46.0,Unknown,2.0,71990.89,1.0,4.0
8013166,7.0,94.0,52.0,Female,2.0,59212.34,4.0,7.0
5330356,14.0,174.0,45.5,Female,2.0,37395.02,0.0,3.0
6986354,6.0,83.0,47.5,Unknown,2.0,47144.17,6.0,9.0
6110470,6.0,73.0,26.5,Unknown,2.0,54825.99,6.0,9.0
9866232,11.0,133.0,58.0,Male,2.0,45848.78,0.0,3.0
7913155,9.0,110.0,27.0,Male,2.0,25727.01,6.0,9.0
5920002,24.0,292.0,54.0,Male,3.0,2013366.71,6.0,9.0
5804091,7.0,85.0,40.0,Unknown,2.0,62332.0,5.0,8.0
7320878,12.0,154.0,58.5,Female,2.0,40663.1,0.0,3.0
3223251,5.0,70.0,61.0,Male,2.0,1544384.34,6.0,9.0
2362826,5.0,64.0,60.5,Unknown,4.0,281318.17,6.0,9.0
2033411,15.0,180.0,70.5,Male,2.0,32652.07,2.0,5.0
214083,16.0,194.0,35.0,Male,2.0,46104.06,1.0,4.0
1366802,8.0,103.0,52.0,Unknown,2.0,55780.64,3.0,6.0
2379374,15.0,191.0,58.5,Female,2.0,44989.98,1.0,4.0
1758410,4.0,56.0,47.0,Unknown,2.0,629620.68,6.0,9.0
440758,14.0,169.0,52.0,Male,2.0,143879.16999999998,6.0,9.0
6232040,25.0,300.0,65.0,Female,2.0,739090.52,5.0,8.0
1932898,22.0,264.0,51.5,Male,5.0,2031391.94,6.0,9.0
3381044,21.0,262.0,42.5,Female,2.0,160556.08000000002,6.0,9.0
9282466,21.0,254.0,68.0,Male,3.0,247032.84000000003,5.0,8.0
6213312,19.0,230.0,49.5,Male,2.0,240520.61,0.0,3.0
6634320,18.0,222.0,50.0,Female,2.0,216483.75,1.0,4.0
4686520,17.0,214.0,60.5,Unknown,3.0,50791.46,1.0,5.0
7694434,15.0,191.0,42.5,Male,2.0,56291.69,5.0,8.0
4077074,8.0,106.0,31.0,Female,2.0,42120.81,0.0,3.0
8430218,4.0,58.0,54.5,Unknown,2.0,47674.42999999999,5.0,8.0
6554914,14.0,171.0,51.5,Male,2.0,41691.28999999999,0.0,3.0
6489670,4.0,56.0,33.0,Unknown,2.0,38684.0,0.0,3.0
4137841,18.0,217.0,73.0,Male,2.0,368899.9,6.0,9.0
9582750,15.0,183.0,34.0,Female,2.0,71986.11,6.0,9.0
7765885,14.0,170.0,65.5,Male,2.0,629312.29,4.0,7.0
5402814,8.0,96.0,47.0,Unknown,2.0,130987.77,5.0,8.0
1896985,7.0,86.0,47.5,Unknown,2.0,37126.97,2.0,5.0
6639362,15.0,191.0,30.5,Female,2.0,141696.03,0.0,3.0
2551555,15.0,191.0,35.0,Female,2.0,35843.73,1.0,4.0
69255,10.0,121.0,58.5,Female,3.0,183269.84000000003,6.0,9.0
7852915,22.0,268.0,46.5,Female,3.0,115148.73,5.0,8.0
6416892,3.0,45.0,50.5,Unknown,2.0,51375.53999999999,0.0,3.0
5388847,5.0,71.0,51.5,Female,3.0,176194.61,4.0,7.0
1455063,14.0,179.0,48.5,Male,2.0,44770.0,2.0,5.0
7605083,4.0,58.0,59.0,Male,2.0,606690.76,6.0,9.0
7668562,13.0,160.0,72.0,Female,2.0,109609.01,3.0,6.0
5571817,6.0,76.0,31.0,Female,2.0,86676.95,1.0,4.0
6316795,11.0,137.0,28.0,Unknown,2.0,35451.57,2.0,5.0
5987822,14.0,178.0,56.5,Female,2.0,42384.99,4.0,7.0
8493650,4.0,52.0,62.5,Unknown,2.0,38843.44,1.0,4.0
492736,5.0,70.0,80.0,Unknown,2.0,393147.39,6.0,9.0
4489310,6.0,81.0,33.0,Unknown,2.0,92240.38,0.0,3.0
3510917,6.0,72.0,42.5,Unknown,3.0,335165.71,3.0,6.0
1741247,9.0,108.0,50.0,Female,2.0,34965.24,1.0,4.0
4597626,9.0,118.0,27.5,Unknown,2.0,50952.57,1.0,4.0
3663500,15.0,190.0,48.5,Female,2.0,135794.31,0.0,3.0
6480906,26.0,312.0,80.5,Male,2.0,68374.48999999999,3.0,6.0
5448277,3.0,44.0,70.5,Female,2.0,152670.27000000002,1.0,4.0
2928495,18.0,223.0,59.5,Male,2.0,39910.85,3.0,6.0
1121613,8.0,105.0,25.5,Female,2.0,39936.38,0.0,3.0
1789332,7.0,84.0,50.5,Unknown,3.0,601286.0700000001,1.0,4.0
3143164,9.0,116.0,40.0,Male,2.0,71224.19,5.0,8.0
8434099,15.0,184.0,65.5,Female,2.0,96622.79,1.0,4.0
3048644,16.0,194.0,46.0,Female,2.0,149116.84999999998,0.0,3.0
4083477,24.0,295.0,27.0,Female,2.0,1764034.7,1.0,4.0
5089721,24.0,294.0,51.5,Male,2.0,61974.12,6.0,9.0
3246482,22.0,275.0,67.0,Female,2.0,251336.19,6.0,9.0
7123109,22.0,274.0,58.5,Male,3.0,214319.73,6.0,9.0
7557120,22.0,270.0,63.0,Female,2.0,234249.04,5.0,8.0
7645179,21.0,263.0,60.0,Female,3.0,172544.13,6.0,9.0
4271845,21.0,259.0,40.5,Male,4.0,46760.31,4.0,7.0
4017297,20.0,250.0,66.5,Female,2.0,186881.45,6.0,9.0
1423305,20.0,250.0,25.5,Male,2.0,125916.34,6.0,9.0
7434986,3.0,43.0,35.5,Unknown,2.0,116445.61,6.0,9.0
8613747,8.0,100.0,59.5,Male,2.0,23798.76,2.0,5.0
7451917,15.0,189.0,44.5,Male,2.0,148166.22,2.0,5.0
9812116,7.0,89.0,83.5,Unknown,2.0,173369.97999999998,0.0,3.0
9253649,5.0,60.0,38.5,Unknown,2.0,37697.86,0.0,3.0
9037822,9.0,110.0,23.0,Female,2.0,43484.05,1.0,4.0
9858215,13.0,156.0,63.5,Female,2.0,55678.99,1.0,4.0
1945598,6.0,79.0,81.5,Unknown,2.0,55415.08,0.0,3.0
4507502,5.0,70.0,30.5,Unknown,2.0,51882.22,2.0,6.0
675967,6.0,77.0,35.0,Unknown,2.0,96684.53,0.0,3.0
6801074,14.0,179.0,41.0,Male,3.0,77876.37,6.0,9.0
9913653,6.0,72.0,30.0,Unknown,2.0,26562.06,0.0,3.0
3871715,16.0,197.0,58.0,Female,2.0,30496.34,2.0,5.0
1406613,5.0,64.0,54.5,Female,3.0,1140962.09,5.0,8.0
4647577,6.0,78.0,38.0,Unknown,2.0,34101.58,1.0,4.0
9919350,5.0,68.0,53.0,Unknown,2.0,38474.96,6.0,9.0
9051351,12.0,154.0,59.0,Female,3.0,247079.28,1.0,4.0
4306390,12.0,154.0,39.5,Male,2.0,66092.31,4.0,7.0
3379730,7.0,92.0,30.5,Unknown,2.0,56251.33,0.0,3.0
9768451,16.0,197.0,41.5,Male,2.0,185061.15,4.0,7.0
7062479,6.0,75.0,61.0,Male,2.0,55562.3,0.0,3.0
9107816,7.0,94.0,64.0,Unknown,2.0,206537.64,5.0,8.0
9420931,6.0,78.0,27.5,Unknown,2.0,34171.25,0.0,3.0
8253604,15.0,189.0,48.5,Female,2.0,32245.14,2.0,5.0
2106701,21.0,260.0,44.5,Male,2.0,194728.07,1.0,4.0
4790643,9.0,111.0,29.5,Female,2.0,49393.39,2.0,5.0
3833308,5.0,71.0,72.0,Male,2.0,745984.5800000001,6.0,9.0
6885697,4.0,56.0,68.5,Unknown,2.0,129962.29,6.0,9.0
7037208,17.0,204.0,58.5,Male,2.0,23876.39,2.0,5.0
9377464,9.0,119.0,49.5,Female,2.0,149106.77000000002,2.0,5.0
3826133,5.0,70.0,26.0,Unknown,2.0,56168.82,3.0,6.0
2737577,12.0,148.0,36.0,Male,2.0,34477.28,0.0,3.0
1734230,8.0,101.0,29.0,Unknown,2.0,43652.05,6.0,9.0
2306724,22.0,269.0,27.0,Female,2.0,97372.17,2.0,5.0
106457,9.0,119.0,91.0,Male,2.0,289064.42,6.0,9.0
73648,14.0,169.0,53.5,Male,4.0,990626.8,3.0,6.0
5418058,9.0,118.0,61.5,Female,2.0,126451.81,1.0,4.0
7397888,22.0,271.0,20.0,Female,2.0,32442.15,0.0,3.0
7642340,22.0,264.0,45.0,Female,2.0,45869.64,5.0,8.0
361728,21.0,262.0,67.5,Female,2.0,115365.12,4.0,7.0
5843649,21.0,261.0,24.0,Female,2.0,31059.54,2.0,5.0
8142946,21.0,258.0,78.5,Female,2.0,65854.56,0.0,3.0
7699250,21.0,252.0,48.5,Female,3.0,57737.84,3.0,6.0
4097966,20.0,240.0,32.5,Male,2.0,33327.899999999994,0.0,3.0
9600654,19.0,238.0,55.5,Male,3.0,256322.36,6.0,9.0
2753871,18.0,226.0,51.0,Female,2.0,117093.2,0.0,3.0
9684490,18.0,221.0,60.5,Male,2.0,36037.62,2.0,5.0
7721819,15.0,190.0,34.0,Male,2.0,52352.16,0.0,3.0
1165700,11.0,143.0,25.0,Unknown,3.0,59078.66,6.0,9.0
633185,11.0,140.0,66.5,Male,2.0,49383.05,0.0,3.0
1953048,15.0,191.0,34.5,Female,2.0,98666.01,2.0,5.0
4940498,16.0,200.0,64.0,Female,2.0,105281.98,0.0,3.0
2885371,8.0,99.0,37.0,Unknown,2.0,103665.64,5.0,8.0
190246,11.0,138.0,42.5,Male,2.0,235451.0,0.0,3.0
9902565,32.0,395.0,29.5,Male,2.0,41994.52,2.0,5.0
5424600,10.0,125.0,47.5,Male,2.0,292606.23,1.0,4.0
1429199,8.0,97.0,27.5,Male,3.0,186763.35,6.0,9.0
1105016,7.0,95.0,34.0,Unknown,2.0,34969.21,2.0,5.0
5576110,10.0,129.0,26.5,Male,2.0,41802.77,0.0,3.0
9972523,15.0,188.0,63.5,Male,2.0,28890.74,0.0,3.0
5234152,6.0,73.0,21.5,Unknown,2.0,34140.09,4.0,7.0
6092302,4.0,58.0,22.5,Unknown,2.0,41025.35,4.0,7.0
4353065,8.0,98.0,64.5,Male,2.0,1219034.0,6.0,9.0
9861494,9.0,116.0,61.0,Male,3.0,50939.92999999999,4.0,7.0
9042600,10.0,127.0,53.0,Female,2.0,169257.53999999998,0.0,3.0
6636656,10.0,128.0,68.5,Male,3.0,108573.45,5.0,8.0
3538705,29.0,358.0,50.5,Female,2.0,206111.49,0.0,4.0
2237617,5.0,66.0,26.0,Unknown,2.0,40295.21,0.0,3.0
8513018,10.0,122.0,72.0,Male,2.0,132601.8,6.0,9.0
6973142,30.0,368.0,70.0,Male,2.0,28373.15,2.0,5.0
7936415,27.0,324.0,65.5,Unknown,3.0,185492.88,6.0,9.0
1879347,10.0,125.0,23.0,Female,2.0,25917.96,0.0,3.0
4430662,9.0,118.0,78.0,Male,2.0,41522.36,3.0,6.0
6400280,5.0,68.0,36.0,Male,3.0,55397.98,6.0,9.0
9020045,7.0,91.0,43.5,Unknown,2.0,51659.13,3.0,6.0
7319108,9.0,115.0,49.5,Female,2.0,52991.27,0.0,3.0
559432,16.0,196.0,46.5,Female,2.0,30718.49,1.0,4.0
1446369,14.0,179.0,56.5,Female,2.0,294590.88,3.0,6.0
1123070,5.0,67.0,32.5,Unknown,2.0,33496.49,6.0,9.0
2088685,14.0,172.0,61.0,Female,2.0,123635.91,1.0,4.0
5865037,12.0,150.0,41.0,Male,3.0,50229.37,6.0,9.0
3928076,12.0,144.0,56.0,Female,3.0,1269450.92,5.0,9.0
9679402,12.0,155.0,47.0,Male,2.0,93053.54,0.0,4.0
8158588,7.0,89.0,64.5,Unknown,2.0,101919.06,3.0,6.0
8365988,12.0,155.0,31.5,Female,2.0,76309.62,1.0,4.0
8295065,12.0,146.0,59.0,Male,2.0,37268.85,2.0,5.0
1506171,8.0,96.0,38.5,Unknown,3.0,72492.25,6.0,9.0
1837726,13.0,156.0,68.0,Female,2.0,85974.56,4.0,8.0
1889299,13.0,161.0,63.5,Female,3.0,185389.96,6.0,9.0
35922,4.0,58.0,44.5,Unknown,2.0,65375.71,4.0,7.0
1692252,5.0,66.0,40.5,Unknown,3.0,53923.22,0.0,3.0
6876228,22.0,270.0,63.0,Female,3.0,159667.62,3.0,6.0
8160510,23.0,286.0,46.5,Female,3.0,288424.3,4.0,7.0
2967150,22.0,267.0,61.5,Female,3.0,125239.8,4.0,7.0
1208507,21.0,253.0,41.0,Female,3.0,159043.09000000003,6.0,9.0
5802342,18.0,223.0,63.0,Female,3.0,160610.61,4.0,7.0
874769,8.0,103.0,33.0,Unknown,2.0,567606.5800000001,0.0,3.0
9360387,4.0,56.0,22.0,Female,3.0,45300.02,6.0,9.0
3525800,8.0,97.0,34.0,Male,2.0,27772.8,6.0,9.0
3082507,14.0,171.0,53.0,Male,2.0,218987.12,1.0,4.0
1353605,11.0,137.0,39.0,Male,2.0,322393.64,2.0,5.0
9870969,10.0,129.0,47.5,Male,3.0,145885.11,1.0,4.0
4861885,18.0,221.0,72.0,Female,2.0,48341.24,6.0,9.0
2167660,16.0,197.0,53.5,Female,2.0,267746.16,1.0,4.0
2471080,4.0,59.0,43.0,Unknown,2.0,25024.86,0.0,3.0
217308,12.0,155.0,34.0,Male,3.0,335423.17,5.0,8.0
5081463,7.0,90.0,69.0,Male,2.0,79331.2,5.0,8.0
8986163,6.0,79.0,65.5,Unknown,2.0,970817.05,5.0,8.0
6243872,16.0,194.0,40.5,Male,2.0,72394.09,6.0,9.0
9566165,13.0,156.0,58.5,Female,3.0,487560.28,6.0,9.0
2787049,28.0,346.0,66.5,Male,2.0,51545.99,2.0,5.0
8027449,5.0,65.0,32.5,Unknown,2.0,128346.45,6.0,9.0
4991312,14.0,179.0,40.5,Female,2.0,76002.14,2.0,5.0
6786310,6.0,74.0,67.0,Female,2.0,61838.49,2.0,5.0
1946236,9.0,113.0,77.0,Female,2.0,26282.65,1.0,4.0
1326292,16.0,193.0,42.5,Female,2.0,187173.63,2.0,6.0
6988658,10.0,122.0,55.5,Male,2.0,76613.9,0.0,3.0
348166,12.0,148.0,59.5,Male,2.0,279257.72,6.0,9.0
4575874,14.0,168.0,32.5,Male,2.0,57853.27,6.0,9.0
4038026,13.0,166.0,44.0,Female,2.0,31351.98,0.0,3.0
7821815,8.0,107.0,67.0,Female,2.0,131143.77000000002,3.0,6.0
7669775,12.0,154.0,26.0,Male,2.0,59258.08,5.0,8.0
8124451,12.0,145.0,58.0,Male,2.0,47706.22,6.0,9.0
9013993,11.0,136.0,53.5,Male,3.0,163988.58000000002,2.0,5.0
8475079,29.0,358.0,64.0,Female,2.0,64949.6,1.0,4.0
7670847,11.0,138.0,27.5,Male,3.0,223625.6,5.0,8.0
6586284,7.0,92.0,22.5,Unknown,2.0,59124.11,1.0,4.0
6106597,4.0,58.0,53.5,Unknown,4.0,49872.01,6.0,9.0
165890,5.0,61.0,49.5,Unknown,2.0,48838.22,6.0,9.0
2061195,9.0,111.0,57.0,Female,2.0,107654.78,2.0,5.0
2936450,6.0,72.0,26.0,Unknown,3.0,50756.92,6.0,9.0
806546,6.0,82.0,28.5,Unknown,3.0,54535.83,4.0,7.0
2361377,9.0,111.0,64.0,Female,2.0,225442.25,3.0,6.0
6105767,6.0,75.0,50.0,Unknown,2.0,113743.11,2.0,5.0
9605345,14.0,169.0,34.5,Male,2.0,40618.03,0.0,3.0
5277936,13.0,166.0,41.0,Male,2.0,34401.1,0.0,3.0
5964152,15.0,189.0,52.0,Male,2.0,303418.13,2.0,5.0
7800681,24.0,290.0,58.5,Female,2.0,375510.12,4.0,7.0
8562036,22.0,275.0,51.0,Female,2.0,70244.16,1.0,4.0
6904228,21.0,255.0,51.0,Male,3.0,115960.76,5.0,8.0
8728819,21.0,254.0,25.0,Female,3.0,260116.2,6.0,9.0
3787718,15.0,184.0,49.5,Male,3.0,130316.67,6.0,9.0
6207205,8.0,100.0,66.0,Unknown,2.0,81728.44,1.0,4.0
1720671,5.0,65.0,29.5,Unknown,2.0,42188.36,6.0,9.0
6653347,28.0,343.0,56.5,Male,2.0,74260.76,3.0,6.0
4032636,15.0,190.0,64.0,Female,2.0,58423.52,5.0,8.0
8436366,15.0,189.0,57.0,Female,2.0,78893.11,1.0,4.0
8565185,13.0,156.0,48.0,Female,2.0,39153.97,1.0,4.0
5369527,6.0,81.0,56.0,Unknown,2.0,71699.45999999999,4.0,7.0
3353806,4.0,58.0,39.5,Unknown,2.0,42178.65,5.0,8.0
3446827,15.0,180.0,49.5,Male,3.0,74223.69,4.0,7.0
2639882,12.0,145.0,39.0,Female,2.0,103023.56,5.0,8.0
6139779,7.0,85.0,43.5,Unknown,2.0,97709.85,1.0,4.0
6051109,37.0,444.0,88.0,Male,2.0,70164.92,1.0,5.0
9610283,11.0,136.0,37.0,Male,4.0,206709.99,4.0,7.0
9621245,9.0,114.0,59.5,Female,2.0,37539.77,2.0,5.0
3215049,35.0,420.0,71.5,Female,3.0,487752.67,3.0,6.0
1736562,10.0,122.0,60.0,Female,2.0,125591.74,0.0,3.0
1232485,6.0,79.0,52.5,Male,4.0,684411.14,6.0,9.0
1232535,14.0,171.0,53.5,Female,2.0,1076450.93,3.0,6.0
7216100,9.0,115.0,52.0,Female,2.0,367985.25,6.0,9.0
7438702,6.0,81.0,50.5,Unknown,2.0,80688.68,4.0,7.0
5506257,6.0,78.0,35.0,Unknown,2.0,50764.13,4.0,7.0
8634142,12.0,144.0,65.0,Female,2.0,32184.99,2.0,5.0
6835290,15.0,190.0,54.0,Female,2.0,38417.82,1.0,4.0
5508444,11.0,137.0,29.5,Female,2.0,30717.69,3.0,6.0
1551956,4.0,59.0,46.5,Unknown,4.0,202642.86,6.0,9.0
2495018,6.0,75.0,40.5,Unknown,4.0,314782.16,6.0,9.0
1881730,13.0,157.0,60.5,Male,2.0,79487.4,6.0,9.0
2475212,5.0,66.0,33.5,Unknown,2.0,46523.32,2.0,5.0
8180271,13.0,166.0,64.0,Female,2.0,111665.01,2.0,5.0
8139916,17.0,207.0,66.0,Male,2.0,1108718.13,5.0,8.0
1431526,12.0,146.0,30.5,Male,2.0,67340.54999999999,6.0,9.0
1520088,12.0,154.0,57.0,Female,2.0,47898.03999999999,4.0,7.0
7707247,4.0,50.0,73.5,Female,2.0,161938.31,4.0,7.0
2099826,6.0,78.0,64.5,Unknown,2.0,93025.27,0.0,3.0
5355929,15.0,191.0,55.5,Male,2.0,34641.69,6.0,9.0
9927522,20.0,250.0,55.5,Male,2.0,76481.58,1.0,4.0
6180120,13.0,159.0,29.5,Female,2.0,30066.51,4.0,7.0
9737204,5.0,71.0,28.5,Unknown,2.0,52128.37,0.0,3.0
1609987,25.0,309.0,59.5,Male,2.0,88952.1,2.0,5.0
576893,24.0,299.0,69.0,Male,3.0,280212.42,6.0,9.0
6833897,23.0,276.0,67.5,Female,3.0,2463121.27,3.0,7.0
8787649,22.0,269.0,67.5,Male,3.0,548029.04,6.0,9.0
3152986,21.0,262.0,33.0,Male,2.0,40908.49,6.0,9.0
8597626,21.0,254.0,42.0,Male,3.0,221341.58,6.0,9.0
5589444,21.0,253.0,75.5,Male,2.0,168504.58000000002,6.0,9.0
4074141,19.0,231.0,33.0,Unknown,3.0,30584.72,2.0,5.0
3519657,18.0,218.0,66.5,Male,6.0,7741994.01,6.0,9.0
7243800,6.0,76.0,33.5,Unknown,3.0,298161.15,5.0,8.0
4627062,15.0,184.0,37.5,Male,2.0,35403.63,4.0,7.0
807290,8.0,107.0,23.5,Male,2.0,25822.41,0.0,3.0
6285921,14.0,169.0,43.0,Male,2.0,85840.26999999999,6.0,9.0
7948074,8.0,104.0,25.0,Female,2.0,41409.34,1.0,4.0
9335340,4.0,59.0,51.0,Unknown,2.0,31780.76,4.0,7.0
779389,10.0,124.0,47.5,Female,2.0,86315.14,5.0,8.0
4836721,8.0,103.0,24.5,Unknown,2.0,36394.93,6.0,9.0
6741425,20.0,248.0,49.5,Male,2.0,26840.5,0.0,3.0
5862986,4.0,59.0,51.0,Unknown,2.0,30544.33,1.0,4.0
831819,10.0,123.0,58.5,Female,2.0,45329.17999999999,0.0,3.0
4612903,27.0,333.0,32.0,Female,2.0,30398.52,0.0,3.0
3682168,7.0,85.0,30.0,Unknown,2.0,33240.29,1.0,4.0
1324286,4.0,57.0,25.5,Unknown,2.0,49103.05,6.0,9.0
5753660,8.0,104.0,33.5,Female,3.0,26557.33,5.0,8.0
6234952,6.0,74.0,25.5,Unknown,2.0,82437.48,6.0,9.0
517835,15.0,191.0,53.0,Male,2.0,121416.79,2.0,5.0
1951358,6.0,83.0,59.0,Unknown,2.0,34521.03,1.0,4.0
9412140,6.0,72.0,30.0,Unknown,2.0,70008.7,6.0,9.0
6967112,7.0,86.0,66.5,Unknown,2.0,315384.48,6.0,9.0
480836,9.0,116.0,49.0,Female,4.0,26278.26,6.0,9.0
1967589,8.0,107.0,63.0,Female,2.0,495074.98,5.0,8.0
3024246,12.0,146.0,23.5,Female,4.0,70440.51999999999,6.0,9.0
2939492,14.0,178.0,67.0,Male,2.0,56023.78999999999,0.0,3.0
652523,14.0,178.0,27.0,Female,3.0,49248.01,6.0,9.0
7040762,10.0,124.0,54.0,Male,2.0,35221.44,2.0,5.0
3326101,4.0,58.0,36.0,Unknown,3.0,44267.36,6.0,9.0
3028270,16.0,194.0,67.5,Male,2.0,34453.54,2.0,5.0
8215341,14.0,169.0,52.5,Female,2.0,96226.69,6.0,9.0
9003334,5.0,64.0,33.0,Male,2.0,30593.94,1.0,4.0
1961214,17.0,205.0,49.0,Male,2.0,23979.81,2.0,5.0
7517800,13.0,156.0,50.5,Female,2.0,157054.81,1.0,4.0
9727462,14.0,168.0,61.0,Female,3.0,144614.55,1.0,5.0
5796110,6.0,72.0,27.5,Male,4.0,444697.2,6.0,9.0
5040199,13.0,156.0,51.0,Female,2.0,51456.47,1.0,4.0
5579925,6.0,77.0,24.0,Unknown,2.0,28995.23,1.0,4.0
4187113,8.0,100.0,45.5,Unknown,2.0,57560.7,1.0,4.0
1116710,5.0,70.0,51.5,Unknown,2.0,56990.16,6.0,9.0
9240755,14.0,175.0,42.5,Female,2.0,156227.94,3.0,6.0
2280093,7.0,89.0,39.0,Female,2.0,104488.54,0.0,3.0
7728556,20.0,248.0,67.0,Female,2.0,56126.82,0.0,3.0
9489462,4.0,59.0,28.5,Unknown,3.0,72887.57,6.0,9.0
9665524,4.0,58.0,35.0,Unknown,3.0,30111.72,6.0,9.0
87218,5.0,70.0,27.5,Unknown,2.0,54924.77,6.0,9.0
5052267,5.0,66.0,37.0,Male,3.0,149507.11,6.0,9.0
4899325,12.0,154.0,36.5,Male,2.0,88208.72,1.0,4.0
8714366,28.0,337.0,51.0,Male,2.0,77975.76999999999,3.0,6.0
2593251,6.0,73.0,62.5,Unknown,2.0,278675.82,2.0,5.0
1072312,14.0,172.0,55.0,Male,2.0,80507.06,5.0,8.0
3466263,8.0,96.0,43.0,Unknown,2.0,252719.69,3.0,6.0
6306692,10.0,121.0,41.0,Male,2.0,59108.93,0.0,3.0
8114864,5.0,64.0,31.0,Unknown,2.0,31113.34,4.0,7.0
8188609,38.0,456.0,68.5,Male,2.0,24677.17,3.0,6.0
1188075,7.0,88.0,55.0,Unknown,2.0,56139.11,6.0,9.0
485563,14.0,171.0,66.5,Male,2.0,92290.76,5.0,8.0
2797546,20.0,251.0,52.5,Male,3.0,77320.35,3.0,6.0
4000371,20.0,250.0,64.5,Male,2.0,112811.34,2.0,5.0
7332628,19.0,232.0,40.5,Female,2.0,57939.28,1.0,4.0
5508187,17.0,204.0,47.0,Female,3.0,673996.54,2.0,5.0
959466,5.0,70.0,43.0,Unknown,2.0,124065.6,0.0,3.0
5789634,6.0,72.0,68.0,Unknown,2.0,152476.16,6.0,9.0
6797662,8.0,107.0,66.0,Female,2.0,176157.14,0.0,3.0
5221284,15.0,185.0,38.5,Male,3.0,438455.18,6.0,9.0
6058524,6.0,78.0,36.5,Unknown,2.0,37229.02,0.0,3.0
8710483,7.0,92.0,26.5,Unknown,2.0,27554.4,2.0,5.0
9106314,4.0,48.0,46.5,Unknown,5.0,621886.17,6.0,9.0
1714303,7.0,94.0,30.0,Unknown,2.0,24677.07,3.0,6.0
2416203,8.0,107.0,63.5,Male,2.0,278895.12,5.0,8.0
830971,8.0,100.0,35.5,Unknown,3.0,41965.27,2.0,5.0
4067631,12.0,147.0,20.0,Female,2.0,99003.86,0.0,3.0
5452128,13.0,161.0,34.0,Female,2.0,175885.19,6.0,9.0
399381,14.0,179.0,68.0,Female,2.0,108268.14,6.0,9.0
4538983,8.0,103.0,44.0,Unknown,2.0,26559.02,0.0,3.0
258144,28.0,339.0,63.5,Male,3.0,222667.35,2.0,5.0
8884286,12.0,146.0,47.5,Male,2.0,85049.04999999999,0.0,4.0
9665019,8.0,105.0,48.5,Female,2.0,52819.47,1.0,4.0
7454631,28.0,341.0,55.0,Female,2.0,100095.43,0.0,3.0
9087609,8.0,97.0,58.5,Unknown,2.0,303047.95,5.0,8.0
1760804,9.0,118.0,31.5,Female,2.0,76871.87,1.0,4.0
1970262,5.0,70.0,46.0,Unknown,2.0,35818.85,0.0,3.0
1293951,15.0,190.0,62.0,Male,2.0,40871.27,3.0,6.0
7574712,10.0,131.0,60.0,Male,2.0,117684.39,0.0,3.0
834028,5.0,70.0,38.0,Unknown,2.0,25040.23,0.0,3.0
1188165,12.0,151.0,59.5,Female,2.0,39703.3,0.0,3.0
9539194,5.0,67.0,25.5,Unknown,2.0,31059.04,3.0,6.0
3827314,7.0,89.0,47.5,Unknown,2.0,40631.3,5.0,8.0
2843606,5.0,61.0,24.0,Female,2.0,24526.25,4.0,7.0
7848806,14.0,169.0,64.5,Male,2.0,94432.55,4.0,7.0
3952018,4.0,59.0,27.5,Unknown,2.0,29080.94,0.0,3.0
6543689,11.0,133.0,45.5,Male,2.0,105626.52,2.0,5.0
8687599,14.0,176.0,63.5,Female,3.0,581725.5900000001,6.0,9.0
9256605,7.0,86.0,42.0,Unknown,2.0,29185.22,3.0,6.0
521369,6.0,83.0,32.0,Unknown,2.0,53950.35,4.0,7.0
7394311,10.0,120.0,66.5,Male,2.0,130114.29,2.0,6.0
4831155,4.0,59.0,21.0,Unknown,3.0,32054.43,3.0,6.0
5673302,15.0,188.0,31.5,Male,2.0,229135.33,4.0,7.0
4027346,8.0,105.0,28.5,Male,2.0,34540.32,2.0,5.0
7634963,7.0,88.0,60.5,Unknown,3.0,44013.38,3.0,6.0
2306578,6.0,72.0,37.5,Unknown,2.0,34545.63,1.0,4.0
3451446,6.0,74.0,27.0,Unknown,2.0,32949.149999999994,4.0,7.0
3372333,15.0,187.0,64.5,Male,2.0,111341.16,1.0,4.0
8517544,7.0,86.0,26.0,Female,3.0,61807.48,6.0,9.0
8650786,21.0,260.0,24.5,Male,2.0,25885.62,2.0,5.0
1170899,20.0,250.0,42.5,Male,2.0,167079.39,6.0,9.0
4602770,20.0,250.0,56.5,Female,2.0,36717.5,6.0,9.0
8221193,23.0,280.0,65.5,Male,2.0,36240.25,3.0,6.0
4531242,17.0,210.0,55.0,Male,2.0,45427.62,6.0,9.0
1147840,17.0,207.0,60.0,Male,2.0,303276.4,2.0,6.0
8873193,7.0,89.0,58.0,Unknown,2.0,452726.0,6.0,9.0
8409377,15.0,183.0,40.5,Male,2.0,53198.88,5.0,8.0
5328996,11.0,140.0,64.5,Male,2.0,423213.55,6.0,9.0
8530482,15.0,191.0,55.5,Male,2.0,162367.66999999998,4.0,7.0
5334482,4.0,53.0,42.0,Unknown,2.0,31295.74,0.0,3.0
3469559,6.0,76.0,52.5,Unknown,2.0,33955.14,1.0,4.0
4430436,9.0,109.0,31.0,Male,2.0,43729.4,3.0,6.0
7528312,16.0,196.0,29.0,Female,3.0,111231.56,6.0,9.0
1775927,14.0,168.0,68.5,Female,2.0,39268.73,1.0,4.0
113903,14.0,172.0,69.0,Female,2.0,63151.94,0.0,3.0
8132181,13.0,158.0,33.5,Male,2.0,34019.22,0.0,3.0
1973973,15.0,187.0,18.5,Unknown,2.0,271526.87,4.0,7.0
7374536,15.0,181.0,18.0,Male,3.0,43341.7,3.0,6.0
343935,14.0,169.0,42.0,Male,2.0,59219.8,2.0,5.0
7399041,28.0,341.0,79.0,Female,2.0,557921.68,6.0,9.0
8454445,6.0,73.0,47.5,Unknown,2.0,41429.5,6.0,9.0
9355994,16.0,203.0,69.5,Female,2.0,35381.03,2.0,5.0
4304862,27.0,335.0,71.0,Female,2.0,207347.51,2.0,5.0
6631740,16.0,192.0,50.5,Female,4.0,558991.78,6.0,9.0
4046428,14.0,176.0,67.0,Male,2.0,128657.47,0.0,3.0
1283413,7.0,87.0,55.0,Unknown,2.0,30893.89,5.0,9.0
1038898,7.0,90.0,68.5,Unknown,3.0,122657.75,2.0,5.0
4104349,16.0,192.0,56.0,Male,2.0,33940.44,4.0,7.0
5828623,22.0,274.0,61.0,Female,4.0,341442.02,0.0,3.0
7171126,7.0,92.0,48.5,Unknown,2.0,41297.84,3.0,6.0
5944581,5.0,71.0,56.5,Unknown,2.0,46121.37,2.0,5.0
320868,15.0,189.0,69.0,Male,2.0,189644.94,6.0,9.0
5898344,9.0,119.0,65.5,Male,2.0,106018.33,3.0,6.0
8745869,16.0,203.0,41.5,Female,2.0,159365.51,4.0,7.0
6261966,16.0,193.0,52.5,Male,4.0,660670.63,5.0,9.0
5525291,8.0,97.0,20.5,Unknown,2.0,50252.09,6.0,9.0
5754482,25.0,311.0,49.5,Female,2.0,189249.73,6.0,9.0
1041930,15.0,186.0,35.0,Female,4.0,1437400.95,2.0,6.0
4154215,3.0,47.0,35.0,Unknown,2.0,27715.06,0.0,3.0
1975444,6.0,79.0,54.0,Unknown,2.0,291129.71,1.0,4.0
4001267,16.0,197.0,67.5,Male,2.0,987753.93,5.0,8.0
6652948,6.0,73.0,32.0,Unknown,2.0,66389.23999999999,6.0,9.0
5284235,7.0,90.0,41.5,Unknown,3.0,132483.95,2.0,5.0
8231354,15.0,181.0,74.0,Male,2.0,624058.37,2.0,5.0
3013018,16.0,193.0,50.5,Male,2.0,83975.9,0.0,3.0
4451593,20.0,251.0,51.5,Male,3.0,93336.28,1.0,4.0
8524358,19.0,238.0,65.5,Female,2.0,599409.41,2.0,5.0
2681891,6.0,79.0,24.0,Unknown,3.0,200556.08,6.0,9.0
3043508,6.0,77.0,77.0,Unknown,3.0,435193.13,6.0,9.0
370053,9.0,109.0,55.5,Male,2.0,292696.24,5.0,8.0
3565152,10.0,126.0,39.0,Female,2.0,53825.38,0.0,3.0
7931364,7.0,94.0,59.0,Unknown,2.0,272726.81,3.0,6.0
7027256,5.0,71.0,56.5,Male,2.0,24808.36,1.0,4.0
5079054,23.0,276.0,71.5,Female,2.0,35902.6,4.0,7.0
6795578,21.0,257.0,49.5,Male,2.0,26725.28,0.0,3.0
2265297,20.0,251.0,74.0,Male,3.0,168514.71000000002,4.0,7.0
722818,21.0,253.0,51.5,Female,3.0,169351.40999999997,2.0,5.0
4685144,19.0,230.0,29.0,Male,2.0,102845.88,0.0,3.0
7985857,18.0,216.0,33.5,Male,3.0,185289.73,6.0,9.0
1698145,4.0,53.0,47.0,Female,2.0,249699.06,6.0,9.0
1095148,13.0,160.0,60.5,Female,2.0,326497.3,5.0,8.0
8859794,13.0,157.0,47.0,Female,2.0,910241.07,3.0,6.0
1019766,12.0,147.0,46.5,Male,2.0,286909.03,0.0,3.0
6029600,4.0,58.0,57.0,Unknown,2.0,39552.05,2.0,5.0
7270309,7.0,92.0,68.0,Unknown,2.0,287015.96,4.0,7.0
7036869,19.0,235.0,53.0,Male,2.0,203197.08,3.0,6.0
6620247,5.0,64.0,62.5,Unknown,3.0,1075854.01,6.0,9.0
9098939,13.0,165.0,50.0,Female,2.0,24398.25,0.0,3.0
6055756,4.0,59.0,35.0,Unknown,2.0,30884.28,3.0,6.0
2700367,15.0,185.0,50.0,Male,2.0,49069.7,0.0,3.0
9082610,6.0,78.0,67.5,Unknown,2.0,63734.81,1.0,4.0
8006083,21.0,253.0,56.0,Female,2.0,80557.75,4.0,7.0
7210502,4.0,56.0,59.0,Unknown,2.0,558613.03,5.0,8.0
6991971,8.0,105.0,34.5,Male,2.0,37893.35,6.0,9.0
9824283,17.0,212.0,55.0,Male,2.0,45421.21,4.0,7.0
6030791,27.0,326.0,23.5,Female,2.0,242205.21,0.0,3.0
513599,12.0,152.0,59.5,Female,2.0,372718.49,6.0,9.0
8182943,5.0,60.0,30.0,Unknown,2.0,34764.77,0.0,3.0
3143443,5.0,66.0,27.5,Unknown,3.0,52470.76,3.0,6.0
4051889,16.0,195.0,45.5,Male,2.0,57882.46,5.0,8.0
6813503,6.0,82.0,38.0,Unknown,2.0,35748.899999999994,0.0,3.0
9843998,34.0,419.0,66.0,Female,3.0,1058344.72,6.0,9.0
9061007,8.0,106.0,29.5,Male,2.0,77952.65,5.0,8.0
9953515,13.0,166.0,74.0,Female,3.0,85594.20999999999,1.0,4.0
4488610,3.0,37.0,62.5,Unknown,2.0,2542218.47,3.0,6.0
7649006,13.0,163.0,56.5,Female,2.0,82272.41,0.0,3.0
5444943,9.0,113.0,42.5,Male,2.0,53980.65,2.0,5.0
4865974,12.0,154.0,36.0,Male,2.0,33223.28,0.0,3.0
6211960,8.0,106.0,76.0,Female,2.0,89820.84,2.0,5.0
3034096,13.0,158.0,47.5,Male,2.0,74277.36,0.0,3.0
5420049,7.0,87.0,40.0,Unknown,2.0,44783.25,1.0,4.0
7241877,28.0,341.0,31.5,Male,2.0,49672.65,6.0,9.0
2519971,11.0,143.0,66.5,Female,2.0,68259.87,2.0,6.0
7539540,6.0,81.0,46.0,Unknown,2.0,75339.36,0.0,6.0
2417848,16.0,201.0,52.0,Male,2.0,76812.62,5.0,8.0
7612092,5.0,70.0,25.5,Unknown,2.0,34795.32,1.0,4.0
9831463,7.0,85.0,61.5,Unknown,2.0,50888.51,5.0,8.0
8015946,4.0,58.0,35.0,Unknown,2.0,56054.8,4.0,7.0
9053502,8.0,101.0,69.5,Male,2.0,139228.22,6.0,9.0
4829041,6.0,76.0,45.0,Unknown,2.0,25322.64,4.0,7.0
2863539,8.0,100.0,44.0,Unknown,2.0,77564.16,3.0,6.0
3005964,5.0,64.0,62.5,Unknown,2.0,133085.15,6.0,9.0
1104401,7.0,84.0,26.5,Unknown,2.0,52829.61,2.0,6.0
9587157,4.0,58.0,26.5,Unknown,2.0,51688.15,6.0,9.0
2997960,7.0,84.0,27.5,Female,2.0,193542.47,4.0,7.0
4217056,6.0,76.0,49.5,Unknown,2.0,59523.06,1.0,4.0
875936,7.0,94.0,28.0,Unknown,2.0,49211.4,0.0,3.0
8695867,8.0,104.0,35.5,Female,2.0,25721.67,1.0,4.0
8497681,6.0,73.0,44.0,Unknown,2.0,97475.64,5.0,8.0
4970404,4.0,58.0,31.5,Male,2.0,46044.35,1.0,4.0
8316572,25.0,309.0,44.0,Male,3.0,319437.62,4.0,7.0
9194784,24.0,288.0,65.0,Male,3.0,733447.89,2.0,5.0
7356919,23.0,287.0,70.0,Male,2.0,540698.2000000001,3.0,6.0
7322417,23.0,278.0,61.5,Unknown,3.0,268115.35,4.0,7.0
1275765,21.0,261.0,47.5,Female,2.0,46135.16,2.0,5.0
6067591,21.0,257.0,53.5,Female,2.0,163784.74,6.0,9.0
836428,20.0,249.0,42.0,Male,2.0,117160.75,0.0,3.0
5668076,28.0,336.0,54.0,Male,2.0,377054.89,3.0,6.0
6734846,20.0,241.0,49.0,Male,2.0,59116.17,5.0,8.0
1152603,7.0,86.0,59.0,Unknown,3.0,106411.65,5.0,8.0
7100335,5.0,66.0,23.5,Unknown,2.0,34299.98,6.0,9.0
9466213,9.0,114.0,83.5,Female,2.0,34225.649999999994,1.0,4.0
3826360,7.0,94.0,49.5,Unknown,3.0,247389.22,2.0,5.0
4365882,11.0,140.0,31.0,Male,2.0,38487.13,3.0,6.0
599938,6.0,78.0,50.0,Unknown,2.0,205537.0,0.0,3.0
9712021,9.0,112.0,58.5,Female,2.0,644549.77,6.0,9.0
2614184,11.0,143.0,32.5,Unknown,2.0,37035.82,2.0,5.0
9641700,5.0,68.0,39.0,Unknown,3.0,37272.3,2.0,5.0
4554752,14.0,174.0,28.0,Female,2.0,27131.21,0.0,3.0
7169276,10.0,128.0,28.0,Male,2.0,38785.92,1.0,4.0
5115220,8.0,106.0,60.5,Unknown,2.0,34398.57,0.0,3.0
8887485,12.0,151.0,25.0,Female,3.0,56162.45,1.0,4.0
7812180,15.0,184.0,65.5,Female,2.0,43060.13,3.0,6.0
3328045,8.0,99.0,21.0,Unknown,2.0,98071.6,2.0,5.0
1097747,5.0,69.0,42.5,Unknown,3.0,112440.83,1.0,4.0
9230554,7.0,95.0,31.5,Unknown,2.0,40963.95,6.0,9.0
7979433,7.0,95.0,60.0,Unknown,2.0,56891.52,6.0,9.0
466142,7.0,92.0,24.5,Male,2.0,80461.51,6.0,9.0
9761765,9.0,109.0,23.0,Male,2.0,39536.53,0.0,3.0
4638153,9.0,108.0,52.0,Male,2.0,465078.96,5.0,8.0
3632590,8.0,99.0,27.5,Unknown,2.0,317469.54,1.0,4.0
4255867,15.0,183.0,69.0,Female,2.0,62080.45,2.0,5.0
7390255,5.0,68.0,24.0,Male,2.0,38217.1,5.0,8.0
9275795,16.0,202.0,51.0,Male,2.0,26469.53,5.0,8.0
2671221,16.0,202.0,55.0,Female,2.0,35391.08,0.0,3.0
2192714,15.0,189.0,63.5,Male,2.0,49222.28999999999,2.0,5.0
5354732,8.0,106.0,68.0,Male,2.0,198448.17,6.0,9.0
3483964,6.0,74.0,58.0,Female,2.0,58561.3,4.0,7.0
7284675,8.0,101.0,44.0,Male,2.0,38404.45,1.0,4.0
3542842,7.0,85.0,24.0,Unknown,2.0,31096.21,6.0,9.0
4373559,14.0,178.0,41.5,Female,2.0,27736.46,0.0,3.0
1375567,6.0,81.0,64.5,Unknown,2.0,52366.67999999999,3.0,6.0
1339881,16.0,198.0,60.0,Female,3.0,162282.52999999997,5.0,8.0
4249172,6.0,82.0,24.0,Unknown,2.0,27376.79,0.0,3.0
6973479,29.0,351.0,26.5,Female,2.0,52563.92,1.0,4.0
8906924,7.0,94.0,31.0,Unknown,3.0,91761.29,3.0,6.0
9568097,9.0,111.0,30.5,Male,3.0,99445.86,6.0,9.0
1763163,7.0,91.0,52.5,Unknown,2.0,73527.20999999999,0.0,3.0
4898196,8.0,102.0,31.5,Unknown,2.0,61460.94,3.0,6.0
6119380,12.0,148.0,59.0,Female,2.0,229602.37,0.0,3.0
5987659,5.0,70.0,41.0,Unknown,2.0,191984.84000000003,6.0,9.0
5644734,7.0,94.0,23.0,Unknown,2.0,39068.67,0.0,3.0
2725506,15.0,190.0,66.5,Female,2.0,47403.67,6.0,9.0
8256491,13.0,167.0,34.0,Female,3.0,157780.40999999997,4.0,7.0
8575079,33.0,406.0,69.0,Male,2.0,35519.68,2.0,5.0
2091129,4.0,58.0,23.0,Unknown,3.0,109324.5,3.0,6.0
1584495,5.0,60.0,26.0,Unknown,2.0,52116.1,6.0,9.0
8185189,6.0,76.0,37.0,Female,2.0,131940.18,0.0,3.0
8962817,15.0,191.0,67.5,Male,2.0,34976.86,3.0,6.0
4673025,14.0,178.0,54.5,Female,2.0,65952.14,0.0,3.0
2331608,13.0,162.0,69.5,Male,2.0,1009576.12,5.0,8.0
5149271,15.0,181.0,34.5,Male,2.0,53848.69,0.0,3.0
8647361,25.0,306.0,54.5,Male,3.0,2655180.09,6.0,9.0
6068316,24.0,290.0,51.0,Female,3.0,428099.45,6.0,9.0
4900512,22.0,273.0,71.0,Female,3.0,31901.25,6.0,9.0
9370325,22.0,267.0,79.5,Male,5.0,708964.56,6.0,9.0
5870652,21.0,261.0,59.0,Female,2.0,53203.32,4.0,7.0
7811459,21.0,262.0,78.0,Female,2.0,77517.42,2.0,5.0
5201853,21.0,257.0,33.0,Female,2.0,30733.77,0.0,3.0
2765564,21.0,255.0,46.5,Female,3.0,36434.4,2.0,5.0
8033535,20.0,251.0,43.5,Female,4.0,549277.2000000001,5.0,8.0
4973353,20.0,249.0,46.0,Female,2.0,62591.8,1.0,4.0
4862276,20.0,247.0,56.5,Female,2.0,33174.61,2.0,5.0
6705689,23.0,281.0,43.5,Female,2.0,151064.14,1.0,4.0
4907055,18.0,222.0,43.0,Male,2.0,184082.53,1.0,4.0
74976,10.0,125.0,47.5,Male,2.0,90911.5,0.0,3.0
3837550,4.0,57.0,50.0,Unknown,2.0,52699.75,5.0,8.0
6754267,4.0,59.0,23.0,Unknown,3.0,51087.31,5.0,8.0
8545770,16.0,196.0,45.0,Male,2.0,38491.33,3.0,6.0
7946117,12.0,155.0,40.0,Male,2.0,59620.11,3.0,6.0
5832674,9.0,110.0,26.0,Male,2.0,41823.06,3.0,6.0
9208835,8.0,98.0,25.5,Unknown,2.0,82070.03,5.0,8.0
9335218,6.0,81.0,25.5,Unknown,3.0,74447.01999999999,6.0,9.0
9740305,12.0,148.0,51.0,Male,3.0,259193.88,1.0,4.0
4666670,7.0,84.0,25.5,Unknown,2.0,62420.04,6.0,9.0
1059724,13.0,160.0,70.5,Male,2.0,206063.07,2.0,5.0
2316835,14.0,169.0,22.0,Male,2.0,115575.9,5.0,8.0
6888735,4.0,59.0,39.5,Unknown,2.0,37745.59,0.0,3.0
7064888,5.0,70.0,29.5,Unknown,2.0,40914.98,4.0,7.0
1696586,6.0,73.0,28.0,Unknown,2.0,34802.71,4.0,7.0
9006145,6.0,74.0,45.0,Unknown,2.0,59218.14,5.0,8.0
8398116,6.0,83.0,68.0,Unknown,3.0,45081.75,3.0,6.0
336166,6.0,77.0,57.5,Unknown,2.0,29100.81,1.0,4.0
8436848,4.0,58.0,52.5,Unknown,3.0,86052.86,0.0,3.0
2877141,16.0,194.0,69.5,Male,2.0,33499.77,0.0,3.0
9967439,14.0,172.0,67.0,Male,2.0,68368.42,0.0,3.0
304434,10.0,120.0,29.0,Male,2.0,36450.84,6.0,9.0
9365834,5.0,68.0,18.0,Unknown,2.0,25081.31,2.0,5.0
1117004,7.0,88.0,30.5,Unknown,2.0,61833.24,6.0,9.0
6148387,5.0,64.0,36.5,Female,2.0,33938.44,0.0,3.0
4439782,14.0,173.0,37.0,Female,3.0,67603.51,2.0,5.0
7957034,4.0,55.0,36.0,Unknown,2.0,162966.19,6.0,9.0
7146551,6.0,83.0,59.5,Unknown,2.0,288942.86,6.0,9.0
4997941,12.0,152.0,48.0,Male,3.0,1169368.7,5.0,8.0
8937409,8.0,107.0,64.0,Male,2.0,57096.17,2.0,5.0
5353906,15.0,190.0,54.0,Female,4.0,78313.45,1.0,4.0
9526976,5.0,71.0,52.0,Female,2.0,75088.53,0.0,3.0
6352915,5.0,66.0,25.5,Unknown,2.0,26843.72,1.0,4.0
3593503,6.0,83.0,56.5,Unknown,3.0,101804.64,5.0,8.0
1988246,14.0,179.0,54.0,Female,2.0,35961.91,0.0,3.0
6956351,8.0,101.0,61.5,Unknown,2.0,195606.98,3.0,6.0
209099,10.0,121.0,56.5,Male,2.0,89626.3,1.0,4.0
1343908,5.0,70.0,29.5,Unknown,2.0,33028.72,0.0,3.0
9559293,13.0,156.0,39.0,Male,2.0,55961.51,2.0,5.0
5058514,6.0,73.0,31.0,Male,2.0,40096.38,3.0,6.0
4394305,5.0,70.0,66.0,Unknown,2.0,44616.14,2.0,5.0
685706,10.0,124.0,64.0,Female,2.0,280716.9,6.0,9.0
5049068,24.0,295.0,55.5,Female,2.0,132061.97999999998,5.0,8.0
4657177,18.0,221.0,47.5,Female,3.0,34972.259999999995,2.0,5.0
1946959,18.0,219.0,35.0,Female,3.0,71003.95,6.0,9.0
3383059,18.0,216.0,53.5,Female,2.0,32622.83,1.0,4.0
8984872,17.0,205.0,44.0,Male,2.0,47999.83,6.0,9.0
434746,8.0,102.0,61.0,Unknown,2.0,277409.69,3.0,6.0
932193,6.0,74.0,36.0,Unknown,2.0,32576.33,3.0,6.0
44705,15.0,189.0,55.0,Male,2.0,56823.68,1.0,4.0
4970481,27.0,331.0,53.5,Female,2.0,56864.83,2.0,5.0
3739003,11.0,137.0,27.5,Female,2.0,47787.46,2.0,5.0
2640314,3.0,46.0,22.5,Female,2.0,24763.51,2.0,5.0
1765616,6.0,72.0,24.0,Male,3.0,27532.85,6.0,9.0
4941253,4.0,59.0,80.0,Female,2.0,188142.16,6.0,9.0
353896,19.0,239.0,57.0,Female,2.0,75001.82,6.0,9.0
6901276,4.0,58.0,33.5,Female,2.0,34912.38,1.0,4.0
5554216,6.0,77.0,44.0,Unknown,3.0,63150.02,4.0,7.0
2582689,7.0,88.0,69.5,Unknown,2.0,39228.56,5.0,8.0
4476213,8.0,106.0,29.5,Male,2.0,25565.34,0.0,3.0
1775650,13.0,166.0,37.5,Male,2.0,146773.28,2.0,5.0
6277287,8.0,104.0,42.0,Female,2.0,47327.21,0.0,3.0
620964,12.0,153.0,54.0,Female,2.0,203123.62,6.0,9.0
7187474,8.0,106.0,33.5,Male,2.0,45348.58,6.0,9.0
3430551,11.0,134.0,30.0,Male,2.0,32838.1,3.0,6.0
4402639,13.0,163.0,57.0,Male,2.0,33545.98,3.0,6.0
8014142,6.0,83.0,49.0,Unknown,3.0,30136.14,3.0,6.0
3373550,8.0,102.0,26.0,Unknown,2.0,61094.61,0.0,3.0
9487202,7.0,86.0,40.0,Unknown,2.0,41141.5,1.0,4.0
1593003,6.0,82.0,25.0,Unknown,2.0,34084.73,6.0,9.0
2073658,11.0,141.0,59.5,Male,2.0,35768.85,5.0,8.0
7209658,28.0,342.0,56.5,Unknown,4.0,603871.8,5.0,8.0
2384121,16.0,199.0,44.5,Female,2.0,43973.06,0.0,3.0
5794832,5.0,68.0,55.0,Female,2.0,52571.0,0.0,3.0
1411452,5.0,71.0,28.5,Unknown,2.0,29731.57,0.0,3.0
4907227,17.0,205.0,66.0,Male,2.0,37271.48,1.0,4.0
1076454,5.0,65.0,47.5,Unknown,2.0,32453.21,6.0,9.0
5950422,22.0,268.0,52.5,Female,3.0,81428.09,0.0,3.0
268415,6.0,81.0,55.5,Unknown,2.0,67291.33,1.0,4.0
8700059,11.0,132.0,65.0,Male,2.0,5439354.9,3.0,6.0
1780590,8.0,106.0,39.0,Female,2.0,97138.88,1.0,4.0
164324,5.0,69.0,25.0,Female,2.0,146967.69,4.0,7.0
6575393,14.0,173.0,67.0,Male,2.0,131409.59999999998,0.0,3.0
2310251,9.0,114.0,56.5,Unknown,2.0,32135.76,4.0,7.0
4930558,26.0,320.0,64.0,Male,2.0,53097.78,4.0,7.0
6498519,11.0,139.0,46.0,Female,2.0,29815.3,3.0,6.0
7932118,15.0,181.0,36.0,Male,2.0,97790.15,6.0,9.0
6797402,14.0,178.0,57.5,Male,2.0,36522.76,1.0,4.0
370238,7.0,87.0,35.5,Unknown,2.0,224044.19,3.0,6.0
373454,17.0,205.0,61.5,Female,2.0,533017.3,0.0,3.0
1391264,22.0,264.0,22.5,Female,2.0,99829.54,0.0,4.0
9115136,21.0,253.0,68.5,Male,3.0,80941.36,6.0,9.0
1985549,21.0,253.0,49.0,Male,3.0,728161.7100000001,6.0,9.0
2249993,18.0,221.0,46.0,Female,3.0,119667.68,1.0,4.0
7398619,17.0,207.0,66.0,Female,2.0,147327.88,1.0,4.0
715345,4.0,59.0,52.0,Unknown,2.0,27586.6,2.0,5.0
9821593,11.0,136.0,51.5,Male,2.0,61813.0,2.0,5.0
8820590,4.0,58.0,38.0,Unknown,2.0,34987.61,0.0,3.0
1210675,6.0,72.0,30.5,Unknown,2.0,59361.55,6.0,9.0
6619418,15.0,189.0,59.0,Male,2.0,136449.02000000002,6.0,9.0
2006518,15.0,182.0,63.0,Male,2.0,92943.47,1.0,4.0
2131015,12.0,148.0,38.0,Female,2.0,116533.2,0.0,3.0
4757519,9.0,118.0,55.5,Male,2.0,53963.31,6.0,9.0
9244878,5.0,64.0,50.5,Unknown,2.0,49863.23,6.0,9.0
3206504,8.0,106.0,51.0,Male,2.0,109694.09,1.0,4.0
5574016,6.0,74.0,66.0,Unknown,2.0,83916.76999999999,5.0,8.0
8580049,26.0,317.0,75.5,Male,2.0,683042.81,3.0,6.0
2308881,5.0,63.0,41.0,Unknown,2.0,85032.78,2.0,5.0
3038059,15.0,191.0,67.5,Male,2.0,230247.27,6.0,9.0
1940593,3.0,42.0,55.5,Female,2.0,26877.6,1.0,4.0
3796973,21.0,256.0,31.5,Male,2.0,728772.92,1.0,4.0
7479054,4.0,58.0,64.5,Female,3.0,534647.16,5.0,8.0
639727,5.0,67.0,51.0,Male,2.0,26739.33,3.0,6.0
8638273,14.0,173.0,63.0,Male,2.0,151859.93,6.0,9.0
7851465,8.0,107.0,52.5,Male,2.0,30837.04,2.0,5.0
7666218,16.0,193.0,43.0,Female,2.0,58064.64,2.0,5.0
6675485,7.0,87.0,25.0,Unknown,2.0,24560.62,6.0,9.0
9301632,27.0,327.0,57.5,Male,3.0,150022.26,3.0,6.0
1507127,9.0,119.0,36.0,Unknown,2.0,34083.99,1.0,4.0
9409795,4.0,58.0,41.5,Unknown,3.0,253416.62,4.0,7.0
8540292,14.0,170.0,60.5,Male,2.0,507257.91,3.0,6.0
9556096,15.0,190.0,46.5,Female,2.0,55696.34,1.0,4.0
1002842,6.0,75.0,56.5,Female,2.0,59440.6,0.0,3.0
365420,12.0,152.0,48.0,Female,2.0,101247.84,1.0,4.0
4194896,10.0,131.0,56.0,Female,2.0,43024.23,0.0,3.0
6801024,4.0,57.0,47.5,Unknown,3.0,704894.37,6.0,9.0
2790623,7.0,85.0,42.0,Unknown,2.0,69041.04000000001,5.0,8.0
1641213,4.0,53.0,29.0,Unknown,2.0,49230.02,6.0,9.0
5833170,11.0,140.0,50.0,Male,3.0,38648.25,6.0,9.0
5618153,6.0,83.0,50.5,Unknown,2.0,40459.77,6.0,9.0
8991025,13.0,166.0,42.0,Female,2.0,64644.34,0.0,3.0
720325,10.0,130.0,24.5,Male,2.0,99468.49,3.0,6.0
7866968,7.0,88.0,49.0,Unknown,2.0,37267.21,0.0,3.0
8736993,10.0,125.0,60.0,Male,2.0,117718.78,5.0,8.0
2653146,14.0,169.0,44.0,Female,2.0,68392.79000000001,0.0,3.0
4231989,16.0,201.0,51.5,Female,2.0,38558.96,0.0,3.0
475897,13.0,166.0,27.0,Male,2.0,267987.66,4.0,7.0
7170515,16.0,195.0,66.5,Female,2.0,84070.28,5.0,8.0
2915335,15.0,190.0,53.5,Female,2.0,50263.21,0.0,3.0
4611667,27.0,333.0,77.0,Female,2.0,104489.21,6.0,9.0
7117992,23.0,286.0,43.0,Male,2.0,84751.29000000001,5.0,8.0
4098855,23.0,276.0,58.0,Female,2.0,183083.88,6.0,9.0
4877080,22.0,275.0,69.0,Female,4.0,1886284.89,6.0,9.0
8733111,21.0,257.0,32.0,Male,3.0,356290.69,3.0,6.0
7917674,34.0,410.0,64.5,Female,2.0,163606.75,2.0,5.0
9183798,23.0,276.0,64.0,Female,2.0,138176.45,1.0,4.0
7361480,19.0,238.0,65.5,Male,2.0,61630.53,6.0,9.0
3793227,18.0,224.0,61.5,Male,2.0,44860.98,6.0,9.0
242262,8.0,102.0,62.5,Unknown,3.0,538779.27,6.0,9.0
8645705,6.0,78.0,33.0,Unknown,2.0,44391.7,6.0,9.0
7867273,4.0,58.0,35.5,Unknown,2.0,32876.35,4.0,7.0
655079,7.0,93.0,25.0,Unknown,2.0,104664.57,3.0,6.0
4724224,12.0,154.0,33.0,Female,2.0,121814.85,5.0,8.0
9476286,4.0,59.0,25.0,Unknown,2.0,51836.01,1.0,4.0
5346936,4.0,59.0,27.0,Unknown,2.0,38022.43,2.0,5.0
1951290,36.0,441.0,44.0,Male,3.0,68672.57,4.0,7.0
2391646,11.0,132.0,64.0,Female,2.0,30966.67,2.0,5.0
3974948,12.0,148.0,65.0,Female,2.0,335886.54,6.0,9.0
7958329,9.0,112.0,31.0,Female,4.0,147390.16,4.0,7.0
367331,6.0,81.0,61.5,Unknown,2.0,70120.20999999999,5.0,8.0
2128567,13.0,159.0,49.5,Female,2.0,31533.63,3.0,6.0
3123697,7.0,88.0,49.5,Unknown,2.0,59796.65,4.0,7.0
2903734,6.0,73.0,22.5,Female,2.0,45816.77,6.0,9.0
2225588,5.0,70.0,18.5,Unknown,3.0,86034.1,4.0,7.0
6037376,6.0,83.0,49.0,Male,2.0,34358.6,1.0,4.0
3324459,7.0,84.0,30.5,Unknown,2.0,51824.42,4.0,7.0
6673027,26.0,318.0,37.5,Male,4.0,601196.03,6.0,9.0
8297741,4.0,57.0,54.0,Unknown,2.0,31480.62,1.0,4.0
8590778,15.0,183.0,57.0,Female,2.0,24171.63,2.0,5.0
1128333,8.0,107.0,42.5,Male,2.0,60281.71,1.0,4.0
7039635,8.0,100.0,56.0,Female,3.0,51727.64,2.0,5.0
1240744,30.0,365.0,60.5,Male,3.0,62068.1,3.0,6.0
6817531,9.0,117.0,72.5,Female,2.0,69090.98,5.0,8.0
9059154,8.0,104.0,24.5,Female,2.0,27323.84,0.0,3.0
4708457,16.0,196.0,24.5,Male,3.0,36266.74,3.0,6.0
1287144,13.0,160.0,27.0,Unknown,2.0,192003.04,4.0,7.0
1380423,4.0,59.0,32.5,Unknown,2.0,50365.58,1.0,4.0
385095,4.0,58.0,41.0,Unknown,2.0,38587.74,1.0,4.0
7762867,15.0,180.0,33.0,Female,2.0,73711.84,1.0,4.0
2799101,26.0,312.0,55.5,Female,2.0,29600.25,4.0,7.0
7941463,13.0,156.0,30.0,Male,2.0,37438.6,3.0,6.0
4774355,13.0,159.0,48.0,Male,2.0,24503.58,3.0,6.0
4061908,26.0,323.0,66.5,Male,3.0,887308.15,5.0,8.0
3641080,26.0,313.0,67.0,Unknown,2.0,97282.43,4.0,7.0
5255917,7.0,84.0,23.5,Unknown,2.0,47143.28,4.0,7.0
3100272,13.0,161.0,59.0,Male,3.0,40331.21,2.0,5.0
1753735,4.0,55.0,38.0,Female,2.0,33915.399999999994,2.0,5.0
8479766,14.0,169.0,57.0,Male,2.0,166639.74,5.0,8.0
2202711,14.0,177.0,77.5,Male,3.0,205177.75,5.0,8.0
7153679,15.0,189.0,43.5,Female,2.0,25949.97,2.0,5.0
1137794,5.0,66.0,58.5,Male,2.0,93972.46,2.0,5.0
1772218,4.0,58.0,27.5,Unknown,2.0,35111.5,1.0,4.0
9872215,4.0,57.0,36.0,Male,3.0,39745.72,1.0,4.0
3815811,26.0,322.0,54.5,Male,2.0,23799.55,4.0,7.0
8163806,16.0,196.0,68.0,Female,2.0,59388.95,1.0,5.0
9416337,13.0,157.0,47.0,Female,2.0,29708.4,1.0,4.0
3948954,25.0,301.0,62.5,Female,3.0,366400.07,6.0,9.0
1368232,23.0,286.0,62.5,Male,2.0,154964.34000000003,5.0,8.0
8948215,22.0,266.0,55.0,Male,3.0,32587.28,5.0,8.0
6970791,21.0,263.0,74.0,Unknown,2.0,171260.03999999998,6.0,9.0
3416474,19.0,230.0,57.0,Male,2.0,31213.58,5.0,8.0
4434306,17.0,211.0,41.5,Male,2.0,101929.49,0.0,3.0
4172387,15.0,185.0,58.0,Female,2.0,34649.81,1.0,4.0
2423061,7.0,85.0,73.5,Unknown,2.0,274589.98,6.0,9.0
536024,6.0,73.0,43.0,Female,2.0,54154.74,1.0,4.0
9523115,4.0,58.0,28.5,Unknown,3.0,50963.16,5.0,8.0
2028861,5.0,71.0,33.5,Unknown,2.0,47148.61,1.0,4.0
8501790,8.0,98.0,31.0,Male,2.0,45852.89,2.0,5.0
5104912,31.0,373.0,69.0,Female,2.0,29315.82,6.0,9.0
1033745,9.0,118.0,49.0,Female,2.0,91882.27,4.0,7.0
6890056,7.0,89.0,55.0,Unknown,3.0,407523.61,6.0,9.0
6490318,4.0,49.0,39.0,Female,2.0,24960.58,1.0,4.0
8782543,4.0,56.0,87.5,Unknown,3.0,177007.34000000003,2.0,5.0
5337567,6.0,75.0,57.5,Unknown,2.0,77360.29000000001,6.0,9.0
7566980,9.0,112.0,28.0,Female,2.0,66931.03,1.0,4.0
7880563,6.0,76.0,28.5,Unknown,3.0,29771.74,6.0,9.0
5339133,7.0,89.0,57.5,Unknown,4.0,188144.81,3.0,6.0
62754,23.0,277.0,64.5,Female,3.0,67201.89,2.0,5.0
6040156,15.0,181.0,52.5,Female,2.0,285858.44,5.0,8.0
4724147,27.0,325.0,74.0,Female,2.0,34662.43,3.0,6.0
265126,14.0,168.0,51.0,Female,2.0,312842.76,3.0,6.0
8419671,6.0,83.0,42.5,Unknown,2.0,47182.17,0.0,3.0
5353909,6.0,73.0,29.0,Unknown,2.0,40227.6,3.0,6.0
1519456,14.0,178.0,62.0,Female,2.0,113136.14,4.0,7.0
6094308,5.0,60.0,22.0,Male,2.0,33047.09,2.0,5.0
3984014,16.0,200.0,54.5,Male,2.0,153574.91999999998,3.0,6.0
4048382,11.0,133.0,62.5,Male,2.0,390937.44,5.0,8.0
6725918,15.0,188.0,35.5,Female,2.0,27580.63,3.0,6.0
2436105,10.0,123.0,75.5,Male,2.0,425981.26,6.0,9.0
1864196,11.0,132.0,50.0,Male,2.0,588843.13,1.0,4.0
3082498,4.0,57.0,67.0,Unknown,3.0,133643.49,0.0,3.0
4027554,14.0,178.0,69.0,Female,2.0,113391.04,0.0,3.0
7680445,5.0,70.0,41.5,Unknown,3.0,65315.77,4.0,7.0
1378016,7.0,94.0,27.5,Male,4.0,60845.25,4.0,7.0
3854972,8.0,99.0,46.5,Unknown,4.0,345357.06,1.0,4.0
6413068,22.0,270.0,59.5,Unknown,3.0,735742.68,4.0,7.0
4440056,11.0,136.0,36.0,Female,2.0,50956.15,1.0,6.0
2853248,8.0,105.0,33.5,Male,2.0,58358.15,2.0,5.0
9764177,5.0,60.0,60.5,Male,2.0,1346263.7999999998,2.0,5.0
1941162,14.0,178.0,56.0,Female,2.0,63166.22,2.0,5.0
8623696,5.0,69.0,26.0,Unknown,2.0,55923.95,6.0,9.0
2391727,15.0,188.0,37.5,Female,3.0,94620.72,5.0,8.0
5020123,30.0,360.0,31.0,Female,2.0,37537.54,2.0,5.0
7357908,26.0,316.0,67.5,Female,2.0,89918.64,6.0,9.0
4335743,4.0,58.0,22.5,Unknown,2.0,29073.3,1.0,4.0
3631920,5.0,62.0,45.0,Male,2.0,378006.38,0.0,3.0
4650898,4.0,49.0,28.0,Unknown,2.0,45628.63,6.0,9.0
2280494,7.0,94.0,37.0,Male,3.0,57693.55,1.0,4.0
2320677,13.0,161.0,77.5,Male,2.0,528303.34,6.0,9.0
6066332,8.0,104.0,24.0,Male,2.0,27262.52,1.0,4.0
4302365,12.0,154.0,55.0,Female,2.0,102540.99,6.0,9.0
8017409,7.0,91.0,54.5,Unknown,2.0,220533.75,3.0,6.0
3910804,11.0,141.0,31.5,Male,2.0,64444.59,2.0,5.0
2286650,13.0,166.0,61.0,Male,2.0,120654.58,0.0,3.0
1490700,4.0,57.0,56.5,Unknown,4.0,137186.84999999998,6.0,9.0
8353226,6.0,82.0,41.5,Unknown,2.0,36768.48,0.0,3.0
3740584,24.0,293.0,74.0,Male,2.0,1194074.94,6.0,9.0
6194477,21.0,254.0,47.5,Male,3.0,207511.84000000003,6.0,9.0
6832593,28.0,341.0,61.5,Female,2.0,58640.46,6.0,9.0
2792598,20.0,246.0,36.5,Male,3.0,65125.68,6.0,9.0
207109,18.0,225.0,60.0,Female,2.0,107655.04,3.0,6.0
5964503,18.0,216.0,64.0,Female,2.0,52764.23,2.0,5.0
8323538,18.0,216.0,39.5,Male,3.0,206535.98,5.0,8.0
6477353,17.0,214.0,68.0,Male,2.0,35228.98,4.0,7.0
8137117,35.0,428.0,54.5,Male,4.0,131722.01,6.0,9.0
9320453,5.0,71.0,60.0,Unknown,2.0,28888.0,2.0,5.0
4392742,7.0,87.0,29.0,Unknown,2.0,42854.3,2.0,5.0
5039516,6.0,79.0,64.0,Unknown,2.0,125262.38,5.0,8.0
2062588,12.0,145.0,31.5,Male,2.0,33061.899999999994,3.0,6.0
1973922,14.0,178.0,58.0,Female,2.0,51691.42,0.0,3.0
4719244,5.0,67.0,27.5,Unknown,2.0,52471.2,1.0,4.0
4495799,11.0,134.0,34.5,Male,2.0,92805.77,1.0,4.0
5402410,8.0,107.0,35.0,Male,3.0,76904.44,3.0,6.0
7140684,13.0,160.0,56.0,Male,2.0,112740.09,6.0,9.0
6207023,27.0,335.0,66.0,Female,2.0,85240.79000000001,1.0,4.0
5860565,15.0,191.0,53.5,Male,2.0,50899.87,4.0,7.0
36430,6.0,72.0,57.5,Female,3.0,115992.74,3.0,6.0
1964178,19.0,229.0,55.0,Male,2.0,56686.71,6.0,9.0
9970531,7.0,92.0,53.0,Unknown,2.0,43545.22,1.0,4.0
9249603,10.0,131.0,23.5,Unknown,2.0,32826.02,1.0,4.0
5417747,12.0,147.0,50.0,Male,2.0,91338.08,6.0,9.0
1431817,7.0,85.0,21.5,Unknown,3.0,79893.70999999999,5.0,8.0
9629144,4.0,59.0,23.5,Unknown,2.0,30840.92,1.0,4.0
3823398,26.0,320.0,61.0,Male,3.0,194177.16,2.0,5.0
649865,7.0,86.0,39.5,Unknown,2.0,101238.62,0.0,3.0
9876029,11.0,142.0,33.0,Female,2.0,25688.75,0.0,3.0
2615297,11.0,135.0,33.5,Male,2.0,154182.39,2.0,5.0
1353690,7.0,89.0,32.0,Unknown,3.0,67546.12,6.0,9.0
1550916,8.0,98.0,29.0,Male,2.0,26184.41,4.0,7.0
5759809,6.0,77.0,43.0,Unknown,3.0,28125.97,2.0,5.0
3460509,9.0,109.0,68.0,Male,3.0,925366.63,5.0,8.0
81720,10.0,131.0,67.5,Female,3.0,57902.44,5.0,8.0
1048676,6.0,73.0,33.5,Female,2.0,39074.34,3.0,6.0
3357578,13.0,165.0,65.5,Female,2.0,189911.76,2.0,5.0
5055138,10.0,125.0,48.5,Female,2.0,27773.35,2.0,5.0
1783398,12.0,149.0,55.0,Male,2.0,26387.04,6.0,9.0
8460512,4.0,59.0,28.5,Unknown,2.0,31991.28,0.0,3.0
9935799,11.0,143.0,65.5,Female,2.0,49039.3,0.0,3.0
9161436,15.0,181.0,58.5,Male,2.0,91119.0,6.0,9.0
9153200,5.0,66.0,59.0,Female,2.0,369370.24,4.0,7.0
7913116,5.0,71.0,55.5,Male,2.0,44526.66,2.0,5.0
3399048,19.0,238.0,65.0,Male,2.0,582323.54,5.0,8.0
8675461,6.0,78.0,41.0,Unknown,2.0,58637.42,6.0,9.0
4960207,5.0,68.0,36.0,Unknown,3.0,69515.18,6.0,9.0
9293672,8.0,106.0,49.5,Female,3.0,1507656.7999999998,5.0,8.0
6640188,15.0,190.0,47.5,Male,2.0,160999.51,2.0,5.0
4050302,6.0,78.0,21.0,Unknown,2.0,42272.23,2.0,5.0
6212370,15.0,191.0,64.5,Male,2.0,26531.06,4.0,7.0
2654002,12.0,154.0,61.5,Female,2.0,96761.99,2.0,5.0
8962172,11.0,142.0,40.5,Female,2.0,38944.14,1.0,4.0
9463510,5.0,70.0,29.5,Unknown,3.0,81705.0,6.0,9.0
6058305,8.0,106.0,37.0,Female,2.0,71121.81,2.0,5.0
8953501,14.0,179.0,59.0,Male,2.0,35353.69,4.0,7.0
42082,16.0,194.0,36.0,Female,2.0,47308.03,0.0,3.0
6883463,5.0,71.0,58.5,Unknown,2.0,408040.22,1.0,4.0
4955037,9.0,114.0,28.5,Female,2.0,35263.08,1.0,4.0
5567735,4.0,58.0,65.5,Unknown,2.0,28071.94,2.0,5.0
656298,22.0,271.0,83.5,Male,2.0,219878.82,4.0,7.0
6208399,47.0,569.0,36.5,Unknown,3.0,225736.53,3.0,7.0
6513834,20.0,250.0,51.5,Male,3.0,799823.42,3.0,7.0
5802843,20.0,247.0,45.5,Female,3.0,62648.31,6.0,9.0
7017598,20.0,242.0,74.0,Male,3.0,115948.88,6.0,9.0
5798723,22.0,268.0,44.5,Unknown,3.0,935337.25,1.0,6.0
7625763,10.0,126.0,53.0,Female,2.0,69123.86,6.0,9.0
8626837,4.0,59.0,44.5,Male,2.0,619815.4500000001,3.0,6.0
5974893,5.0,60.0,41.5,Male,2.0,51719.4,5.0,8.0
3237279,6.0,83.0,47.0,Unknown,2.0,60645.01,1.0,4.0
8410293,5.0,68.0,85.0,Female,2.0,262022.15,1.0,4.0
983088,10.0,125.0,54.5,Female,3.0,628208.2100000001,6.0,9.0
2875217,9.0,109.0,57.5,Female,2.0,29694.14,2.0,5.0
1738363,13.0,166.0,58.0,Female,2.0,62271.89,0.0,3.0
472102,10.0,123.0,41.0,Male,2.0,101181.8,3.0,6.0
8547881,4.0,58.0,54.0,Unknown,2.0,34464.21,1.0,4.0
1609953,13.0,166.0,32.5,Male,2.0,32792.8,0.0,3.0
8850142,8.0,96.0,24.5,Unknown,2.0,75566.23,5.0,8.0
5419627,14.0,179.0,62.0,Male,2.0,65637.12,0.0,3.0
2819135,17.0,208.0,35.5,Male,2.0,32376.57,1.0,4.0
2559643,12.0,146.0,43.0,Male,2.0,281726.71,3.0,6.0
7387739,5.0,69.0,31.0,Unknown,2.0,57049.02,5.0,8.0
8620282,11.0,132.0,49.0,Male,2.0,71935.61,2.0,5.0
6704296,11.0,141.0,56.0,Female,2.0,41720.15,3.0,6.0
1594979,13.0,166.0,30.0,Male,2.0,38941.75,0.0,3.0
3088189,8.0,107.0,24.5,Unknown,3.0,37586.38,3.0,6.0
4751290,5.0,60.0,32.0,Unknown,3.0,28621.38,6.0,9.0
8886422,8.0,99.0,31.5,Unknown,2.0,58811.44,3.0,6.0
6412039,8.0,98.0,31.0,Male,2.0,58167.12,6.0,9.0
5081750,10.0,127.0,55.5,Female,2.0,96220.57,6.0,9.0
6802507,7.0,86.0,29.5,Unknown,2.0,49371.89,1.0,4.0
5101135,6.0,81.0,34.0,Unknown,2.0,54216.65,4.0,7.0
4646433,12.0,155.0,54.5,Male,2.0,121764.24,2.0,5.0
6022266,15.0,190.0,52.0,Female,2.0,26656.44,1.0,4.0
5554655,5.0,68.0,45.0,Unknown,2.0,58407.29,2.0,5.0
5937847,31.0,373.0,71.0,Female,3.0,262751.39,6.0,9.0
3101170,13.0,157.0,60.0,Female,2.0,53586.87,0.0,3.0
8971577,13.0,165.0,51.5,Male,2.0,152119.68,6.0,9.0
1735540,9.0,108.0,49.0,Unknown,2.0,34562.57,2.0,5.0
9166876,16.0,202.0,54.0,Male,2.0,65168.76,2.0,5.0
4812840,8.0,102.0,66.5,Unknown,3.0,53134.95,5.0,8.0
2967297,18.0,216.0,64.5,Male,2.0,104416.04,1.0,4.0
3209460,8.0,103.0,25.5,Unknown,2.0,38478.84,1.0,4.0
4878112,6.0,73.0,43.5,Unknown,2.0,136334.76,1.0,5.0
2375918,15.0,188.0,42.5,Female,2.0,33032.05,0.0,3.0
8339655,5.0,65.0,27.0,Unknown,2.0,43031.81,0.0,3.0
5471024,4.0,59.0,21.5,Unknown,3.0,41642.52,1.0,4.0
8064827,24.0,288.0,69.5,Female,3.0,50695.27,4.0,7.0
9887451,23.0,284.0,53.0,Male,3.0,354385.66,1.0,4.0
3013641,22.0,272.0,50.0,Female,2.0,27749.88,1.0,4.0
1074001,20.0,244.0,67.5,Unknown,2.0,33588.119999999995,1.0,4.0
8055,22.0,269.0,55.5,Male,2.0,710672.04,5.0,8.0
2289937,12.0,153.0,72.5,Female,2.0,92222.72,2.0,5.0
6890645,12.0,154.0,35.0,Male,2.0,31703.1,0.0,3.0
8692521,4.0,59.0,17.5,Unknown,2.0,28222.18,0.0,3.0
8754918,11.0,140.0,32.0,Male,2.0,82149.39,4.0,7.0
7905151,4.0,56.0,62.0,Unknown,3.0,211811.04,6.0,9.0
8331742,12.0,154.0,56.5,Female,2.0,45976.67,6.0,9.0
3247583,8.0,103.0,25.5,Unknown,2.0,44139.35,4.0,7.0
4628359,4.0,51.0,25.0,Male,2.0,28132.46,3.0,6.0
5032714,21.0,258.0,34.5,Male,2.0,139357.55,2.0,5.0
5411447,6.0,77.0,61.0,Male,2.0,24942.75,3.0,6.0
4159523,4.0,59.0,37.5,Unknown,2.0,59050.39,0.0,3.0
8294098,14.0,178.0,22.5,Male,2.0,62520.98,0.0,3.0
7131560,16.0,195.0,56.5,Male,2.0,85244.91,1.0,4.0
4502448,5.0,60.0,32.5,Unknown,2.0,52072.88,2.0,5.0
4579064,5.0,65.0,74.5,Unknown,2.0,93981.82,3.0,6.0
7101721,11.0,135.0,64.5,Male,2.0,75717.57,0.0,3.0
2973823,6.0,80.0,67.5,Unknown,2.0,36517.09,1.0,4.0
1055254,9.0,118.0,30.5,Unknown,2.0,42517.88,1.0,4.0
4180417,12.0,155.0,56.0,Male,3.0,41093.21,3.0,7.0
9612039,14.0,172.0,43.0,Female,2.0,48331.13,1.0,4.0
7428411,5.0,69.0,38.5,Unknown,2.0,1412147.44,5.0,8.0
6474741,7.0,84.0,42.5,Unknown,2.0,71708.9,0.0,3.0
2549008,9.0,109.0,57.5,Male,2.0,51089.45,6.0,9.0
8514217,14.0,168.0,50.0,Male,2.0,70141.72,1.0,4.0
8844038,5.0,71.0,25.0,Unknown,2.0,53849.24,6.0,9.0
3049466,6.0,72.0,33.5,Unknown,3.0,66039.01999999999,6.0,9.0
5387318,12.0,154.0,30.0,Female,2.0,49349.5,1.0,4.0
5250051,14.0,178.0,64.5,Female,2.0,46731.0,6.0,9.0
3335182,6.0,83.0,56.5,Female,2.0,57017.56,6.0,9.0
9778017,16.0,197.0,52.0,Unknown,2.0,128179.81,6.0,9.0
7263759,7.0,90.0,60.0,Unknown,2.0,41378.5,2.0,5.0
1447431,13.0,156.0,60.5,Female,2.0,47385.99,4.0,7.0
2009543,5.0,71.0,63.5,Unknown,2.0,70354.81,3.0,6.0
5876225,5.0,69.0,69.0,Male,2.0,64871.36,2.0,5.0
8841129,15.0,190.0,62.5,Male,2.0,139919.58000000002,4.0,7.0
3466478,6.0,83.0,25.5,Unknown,2.0,54920.39,6.0,9.0
1110805,13.0,161.0,30.0,Male,2.0,31247.47,0.0,3.0
9389733,22.0,269.0,52.5,Male,3.0,93722.8,4.0,7.0
8060688,22.0,266.0,74.0,Female,2.0,31727.1,4.0,7.0
3326034,21.0,254.0,23.0,Female,3.0,45848.67,2.0,5.0
7863133,21.0,253.0,66.5,Male,2.0,122102.08,0.0,3.0
1001339,18.0,225.0,60.0,Male,3.0,197367.7,5.0,8.0
7064120,5.0,70.0,64.0,Female,4.0,169503.38,6.0,9.0
893856,7.0,89.0,48.5,Unknown,2.0,46172.7,0.0,4.0
7367913,15.0,189.0,44.0,Female,2.0,75642.63,6.0,9.0
1916260,8.0,106.0,28.0,Female,2.0,44338.25,2.0,5.0
8820,4.0,56.0,25.5,Unknown,2.0,44159.49,2.0,5.0
664415,12.0,155.0,37.0,Male,2.0,45722.27,0.0,3.0
5787769,12.0,151.0,35.5,Female,2.0,171713.63,6.0,9.0
8928795,6.0,72.0,39.0,Female,2.0,49361.63,1.0,4.0
6627847,14.0,178.0,35.0,Female,2.0,134890.15,6.0,9.0
7548071,22.0,268.0,61.5,Female,3.0,66134.17,0.0,3.0
5443467,6.0,74.0,38.5,Unknown,2.0,51950.77,0.0,3.0
9212170,25.0,310.0,62.5,Male,2.0,23840.57,0.0,3.0
9519220,13.0,156.0,55.5,Female,2.0,117334.07,0.0,3.0
3752989,9.0,114.0,28.5,Male,2.0,54066.25,6.0,9.0
7740260,9.0,113.0,54.5,Female,2.0,34920.69,1.0,4.0
8463206,12.0,146.0,43.5,Female,2.0,69676.64,0.0,3.0
5861436,26.0,319.0,56.0,Female,4.0,371026.56,2.0,5.0
316017,15.0,187.0,56.5,Male,2.0,65160.17,1.0,4.0
9678419,11.0,139.0,31.5,Male,3.0,493046.37,6.0,9.0
9768328,10.0,123.0,56.0,Female,2.0,23790.53,0.0,3.0
2577458,16.0,193.0,58.5,Male,3.0,206363.37,5.0,8.0
4716554,8.0,100.0,54.0,Unknown,2.0,69012.89,1.0,4.0
1703641,8.0,105.0,67.5,Female,2.0,86881.32,6.0,9.0
4966982,10.0,123.0,58.0,Unknown,2.0,58838.85,1.0,4.0
3838035,16.0,197.0,42.5,Male,2.0,66257.1,1.0,4.0
9701567,8.0,97.0,34.0,Male,3.0,60846.51,3.0,6.0
7155435,15.0,189.0,81.0,Male,2.0,54788.14,3.0,6.0
2457672,16.0,193.0,50.5,Male,2.0,52944.99,1.0,4.0
2294786,16.0,195.0,53.5,Female,2.0,104979.6,6.0,9.0
6135379,18.0,219.0,55.0,Male,2.0,25612.62,6.0,9.0
2205199,5.0,70.0,63.0,Unknown,2.0,32745.79,2.0,5.0
7833327,8.0,107.0,36.5,Male,2.0,31440.25,6.0,9.0
8100152,10.0,127.0,24.0,Male,2.0,70343.75,2.0,5.0
5871224,12.0,152.0,22.0,Male,2.0,54962.46,2.0,5.0
3638833,6.0,75.0,30.5,Unknown,2.0,30588.97,5.0,8.0
9754583,7.0,95.0,63.0,Unknown,2.0,64210.32,5.0,8.0
2619690,9.0,111.0,58.5,Male,2.0,243237.74,6.0,9.0
564529,15.0,191.0,64.5,Female,2.0,52431.55,2.0,5.0
848594,10.0,127.0,29.5,Male,4.0,116864.45,0.0,3.0
2142735,14.0,178.0,55.0,Female,3.0,52677.24,5.0,8.0
5126906,8.0,103.0,29.5,Unknown,2.0,59309.51,2.0,5.0
1903430,15.0,189.0,69.0,Male,2.0,65194.18,4.0,7.0
2996184,12.0,146.0,41.0,Male,3.0,90525.2,6.0,9.0
27021,9.0,114.0,34.5,Male,3.0,94571.25,6.0,9.0
9119940,20.0,242.0,36.0,Male,2.0,53052.95,6.0,9.0
9928778,20.0,241.0,30.0,Female,2.0,31008.98,6.0,9.0
3321697,20.0,241.0,48.5,Male,2.0,34688.31,3.0,6.0
4318210,18.0,226.0,56.5,Female,3.0,184603.86,3.0,6.0
5340082,17.0,209.0,47.0,Female,3.0,143929.7,1.0,4.0
9599581,7.0,94.0,30.5,Unknown,2.0,105215.66,6.0,9.0
9113722,13.0,167.0,28.0,Female,2.0,82500.84,5.0,8.0
5489642,8.0,100.0,42.5,Unknown,2.0,38799.52,1.0,4.0
2304816,6.0,76.0,58.0,Female,3.0,153072.53999999998,5.0,8.0
5770458,16.0,198.0,54.5,Male,3.0,645788.4600000001,3.0,6.0
4285454,5.0,67.0,29.0,Unknown,2.0,29454.66,3.0,6.0
2533612,9.0,110.0,71.0,Female,2.0,66053.47,4.0,7.0
3608902,6.0,82.0,38.5,Unknown,2.0,115394.29,3.0,6.0
8304665,21.0,253.0,53.0,Male,2.0,52218.87,3.0,6.0
558109,7.0,87.0,57.5,Male,2.0,1633172.97,3.0,6.0
4867970,7.0,91.0,29.0,Unknown,2.0,82880.37,0.0,3.0
9484395,4.0,57.0,50.5,Unknown,2.0,41224.64,5.0,8.0
2783261,11.0,142.0,29.5,Male,2.0,32397.33,0.0,3.0
9996711,11.0,142.0,42.5,Male,2.0,122486.93,2.0,5.0
3123209,15.0,187.0,59.0,Female,2.0,43632.78,3.0,6.0
9589629,16.0,193.0,54.0,Male,2.0,62271.04,0.0,3.0
429805,4.0,57.0,50.0,Male,2.0,29981.33,0.0,3.0
873040,4.0,59.0,54.5,Unknown,2.0,27786.22,1.0,4.0
3719273,7.0,94.0,21.0,Unknown,2.0,26543.99,0.0,3.0
2155286,6.0,82.0,32.0,Unknown,2.0,28723.17,2.0,5.0
7905510,26.0,323.0,22.5,Male,2.0,147086.16999999998,2.0,5.0
2810377,10.0,120.0,48.5,Female,3.0,92779.16,1.0,4.0
8084373,30.0,368.0,57.5,Male,2.0,656053.27,5.0,8.0
6493085,16.0,192.0,66.0,Female,2.0,118761.09,2.0,5.0
4774688,5.0,70.0,32.5,Unknown,3.0,47765.7,2.0,5.0
4367208,5.0,70.0,58.5,Male,3.0,143134.37,0.0,3.0
8441692,6.0,82.0,60.5,Male,3.0,541484.75,4.0,8.0
4897526,9.0,118.0,48.5,Unknown,2.0,43303.45,0.0,3.0
5767944,29.0,359.0,63.5,Female,3.0,62738.22,4.0,7.0
844702,11.0,142.0,31.0,Female,2.0,33067.56,2.0,5.0
6992305,6.0,74.0,22.5,Unknown,3.0,61697.95,4.0,7.0
1675422,8.0,100.0,22.0,Unknown,3.0,29802.39,6.0,9.0
3287493,4.0,57.0,29.0,Unknown,2.0,44341.83,6.0,9.0
9682462,16.0,194.0,36.5,Male,2.0,31574.85,2.0,5.0
5440064,4.0,49.0,25.5,Unknown,3.0,67381.29999999999,0.0,3.0
8048955,15.0,190.0,47.5,Female,2.0,203531.22,1.0,4.0
7090843,6.0,78.0,67.0,Unknown,2.0,120551.33,4.0,7.0
9990752,5.0,63.0,81.0,Unknown,2.0,153896.53999999998,6.0,9.0
4561971,15.0,191.0,48.0,Unknown,2.0,56835.59,4.0,8.0
9032080,9.0,114.0,27.5,Female,3.0,39462.54,0.0,3.0
778306,15.0,181.0,41.5,Female,2.0,57656.05,0.0,3.0
3541284,13.0,166.0,38.5,Female,2.0,41124.52,1.0,4.0
5948866,16.0,196.0,55.5,Female,2.0,104459.24,6.0,9.0
4990111,12.0,148.0,44.0,Male,2.0,50178.05,6.0,9.0
2659958,9.0,108.0,53.0,Female,2.0,74331.08,1.0,4.0
5995702,14.0,174.0,35.5,Female,2.0,142893.39,6.0,9.0
8780772,16.0,195.0,41.0,Female,2.0,88124.12,3.0,6.0
7637261,4.0,58.0,33.5,Unknown,2.0,31408.61,1.0,4.0
6976141,7.0,90.0,34.5,Unknown,3.0,64993.38,3.0,6.0
7526560,13.0,158.0,45.0,Male,2.0,24305.88,3.0,6.0
1548295,25.0,308.0,23.5,Female,3.0,96904.5,6.0,9.0
5038476,23.0,286.0,53.5,Female,2.0,69014.70999999999,0.0,3.0
6740237,23.0,280.0,68.0,Unknown,2.0,311145.4,5.0,8.0
9595391,21.0,261.0,35.0,Female,2.0,29320.7,2.0,5.0
5491474,21.0,259.0,67.5,Male,2.0,57363.38,4.0,8.0
6453294,20.0,246.0,71.5,Female,2.0,50896.28999999999,6.0,9.0
2049570,22.0,264.0,42.5,Male,2.0,34282.73,1.0,4.0
2826172,17.0,213.0,67.5,Female,2.0,46759.14,0.0,3.0
6162499,16.0,202.0,72.0,Female,3.0,138062.77000000002,6.0,9.0
7945584,12.0,148.0,35.5,Female,2.0,53849.2,2.0,5.0
7506682,5.0,71.0,24.0,Unknown,2.0,36072.02,2.0,5.0
2020936,5.0,65.0,60.5,Unknown,2.0,48700.32,0.0,3.0
5331298,7.0,90.0,32.0,Unknown,3.0,341151.8,2.0,5.0
5871038,7.0,90.0,64.0,Unknown,3.0,253382.81,6.0,9.0
8460986,5.0,68.0,36.0,Unknown,2.0,27504.02,0.0,3.0
8995260,26.0,323.0,53.5,Male,3.0,274103.68,4.0,7.0
9750590,5.0,71.0,40.5,Unknown,2.0,69246.93,0.0,3.0
3740598,14.0,173.0,54.5,Female,3.0,25591.71,0.0,3.0
7939754,4.0,57.0,33.5,Unknown,2.0,34801.71,6.0,9.0
9984193,7.0,87.0,66.0,Unknown,2.0,73380.83,4.0,8.0
9020500,17.0,209.0,70.0,Female,2.0,45202.8,1.0,4.0
1127362,5.0,71.0,27.5,Unknown,2.0,35666.39,3.0,6.0
5862675,8.0,106.0,62.5,Female,2.0,514028.83,6.0,9.0
2945880,12.0,155.0,43.5,Female,2.0,127106.31,2.0,5.0
2633455,7.0,87.0,56.0,Unknown,2.0,40111.17,0.0,3.0
3613974,4.0,58.0,61.5,Unknown,2.0,46995.07,6.0,9.0
7673681,8.0,96.0,26.5,Unknown,3.0,161491.81,5.0,8.0
8794099,5.0,66.0,55.0,Unknown,2.0,33373.86,0.0,3.0
2817075,14.0,178.0,51.0,Female,3.0,286777.83,4.0,7.0
6363131,12.0,154.0,31.0,Male,2.0,130629.84,0.0,3.0
2917814,5.0,66.0,27.5,Unknown,2.0,46236.07,3.0,6.0
7616453,14.0,177.0,64.5,Male,2.0,356916.76,6.0,9.0
4506207,10.0,126.0,40.5,Male,3.0,473944.59,5.0,8.0
6995126,10.0,124.0,28.5,Female,2.0,62541.28,2.0,5.0
2787668,30.0,364.0,62.5,Male,3.0,196710.02,1.0,4.0
1332497,6.0,76.0,66.0,Female,2.0,207862.36,0.0,3.0
7843221,29.0,359.0,58.5,Male,6.0,612585.36,6.0,9.0
9228505,17.0,206.0,46.0,Male,2.0,25298.63,1.0,4.0
8243304,16.0,200.0,38.5,Female,2.0,97103.57,1.0,4.0
2169058,7.0,88.0,59.5,Unknown,2.0,271848.75,2.0,5.0
9849606,11.0,142.0,33.5,Male,2.0,60259.95,1.0,4.0
8069975,10.0,131.0,64.5,Unknown,2.0,37163.62,3.0,6.0
6235400,6.0,74.0,24.0,Unknown,3.0,237188.44,6.0,9.0
1320032,7.0,91.0,36.5,Unknown,2.0,40491.14,0.0,3.0
6201944,13.0,157.0,55.5,Male,2.0,181658.06,3.0,6.0
7116054,4.0,59.0,60.0,Unknown,2.0,39333.82,6.0,9.0
9011170,5.0,64.0,25.5,Unknown,2.0,29840.07,4.0,7.0
2232805,24.0,294.0,50.5,Male,2.0,29285.86,4.0,9.0
7858433,23.0,278.0,31.5,Female,3.0,150705.25,6.0,9.0
8882285,22.0,264.0,52.0,Male,3.0,662557.3400000001,6.0,9.0
3215650,21.0,261.0,78.5,Male,4.0,219358.3,6.0,9.0
4737509,21.0,254.0,57.0,Female,2.0,205440.69,5.0,8.0
2998821,20.0,240.0,41.5,Female,3.0,107588.07,6.0,9.0
3145508,19.0,237.0,62.5,Female,3.0,50691.39,3.0,6.0
75642,18.0,225.0,77.5,Male,3.0,478108.05,6.0,9.0
2448097,42.0,512.0,60.0,Male,2.0,40164.16,1.0,4.0
3799319,6.0,83.0,20.5,Unknown,2.0,66890.42,3.0,6.0
5988228,11.0,135.0,46.5,Male,2.0,26526.45,1.0,4.0
6420655,12.0,154.0,64.5,Female,3.0,39162.24,6.0,9.0
2988371,10.0,124.0,58.0,Male,2.0,73664.04999999999,6.0,9.0
5732198,8.0,96.0,72.0,Unknown,2.0,60125.25,2.0,5.0
2211525,14.0,171.0,40.0,Female,2.0,195698.95,6.0,9.0
898792,6.0,72.0,29.0,Unknown,2.0,36646.45,1.0,4.0
3695438,30.0,362.0,68.5,Male,2.0,25538.21,3.0,6.0
1064795,7.0,87.0,63.0,Unknown,2.0,63546.3,2.0,5.0
5047536,7.0,95.0,77.0,Unknown,2.0,120782.83,5.0,8.0
2754826,21.0,253.0,55.0,Male,2.0,43629.99,5.0,8.0
8732960,7.0,84.0,29.5,Unknown,2.0,38623.04,2.0,5.0
7875492,7.0,84.0,19.5,Unknown,2.0,30177.24,2.0,5.0
1494192,4.0,56.0,20.0,Unknown,2.0,29625.47,6.0,9.0
740601,9.0,112.0,54.0,Male,2.0,47555.39,6.0,9.0
3249445,32.0,390.0,84.5,Male,2.0,74932.11,0.0,3.0
8033419,14.0,175.0,71.5,Female,2.0,70299.06,1.0,4.0
8250645,10.0,125.0,59.5,Female,3.0,157609.90999999997,6.0,9.0
2788033,30.0,365.0,78.0,Male,3.0,306469.85,6.0,9.0
8422214,10.0,127.0,23.5,Male,2.0,49478.72,0.0,3.0
7847920,4.0,58.0,25.0,Unknown,2.0,38764.54,1.0,4.0
2538398,12.0,155.0,20.5,Male,2.0,33233.59,1.0,4.0
8681507,7.0,86.0,29.0,Unknown,3.0,71417.54000000001,4.0,7.0
8913453,7.0,89.0,20.0,Unknown,2.0,31105.23,2.0,5.0
2882304,6.0,72.0,29.5,Unknown,2.0,33266.759999999995,4.0,7.0
6646605,15.0,182.0,28.0,Male,3.0,105514.66,3.0,6.0
4666945,4.0,58.0,65.5,Male,2.0,316423.26,4.0,7.0
1590237,12.0,153.0,62.0,Male,2.0,211027.04,6.0,9.0
974276,8.0,107.0,58.5,Female,2.0,71043.75,4.0,7.0
2211014,13.0,160.0,31.5,Female,2.0,37955.36,2.0,5.0
8769823,4.0,59.0,24.5,Unknown,2.0,28079.67,1.0,5.0
9698071,5.0,71.0,53.5,Female,3.0,147864.18,5.0,8.0
2084512,22.0,264.0,67.0,Male,4.0,70509.82,2.0,5.0
7606958,20.0,251.0,65.5,Male,2.0,138261.84,3.0,6.0
9845705,20.0,251.0,23.5,Female,2.0,41425.95,2.0,5.0
4499814,18.0,218.0,20.5,Unknown,3.0,76695.92,0.0,3.0
4313319,17.0,215.0,73.5,Female,2.0,764898.4500000001,3.0,6.0
530883,14.0,178.0,72.0,Female,2.0,45242.38,4.0,7.0
8971313,7.0,95.0,25.5,Unknown,2.0,46555.07,6.0,9.0
2128031,5.0,60.0,68.0,Unknown,3.0,67101.73999999999,6.0,9.0
327979,10.0,127.0,54.0,Female,3.0,127083.1,6.0,9.0
1293391,14.0,170.0,43.0,Male,2.0,42321.48,0.0,3.0
8465969,15.0,189.0,57.0,Male,2.0,40249.13,6.0,9.0
4944107,7.0,86.0,70.0,Unknown,2.0,58278.56,0.0,3.0
182074,11.0,141.0,36.5,Female,2.0,87614.18,0.0,3.0
8877536,5.0,66.0,34.0,Unknown,2.0,41854.4,5.0,8.0
5376723,14.0,178.0,52.0,Female,2.0,23798.3,1.0,6.0
4830191,4.0,59.0,26.0,Unknown,2.0,51515.55,5.0,8.0
3738923,12.0,151.0,75.0,Female,2.0,132799.91999999998,3.0,6.0
812096,10.0,124.0,36.0,Female,2.0,82819.67,3.0,6.0
4864043,9.0,115.0,24.0,Male,3.0,114399.21,4.0,7.0
6528621,9.0,115.0,67.0,Female,2.0,77338.31,6.0,9.0
5554969,14.0,169.0,32.5,Female,2.0,32974.57,1.0,4.0
6847357,6.0,74.0,50.5,Unknown,4.0,42221.67999999999,2.0,5.0
7672551,4.0,59.0,34.5,Unknown,2.0,29933.51,6.0,9.0
1228762,15.0,182.0,27.0,Male,2.0,33880.92,1.0,4.0
7641046,6.0,73.0,25.5,Unknown,2.0,46354.98,0.0,3.0
9672092,15.0,186.0,36.0,Male,2.0,39374.02,5.0,8.0
2989904,31.0,373.0,69.0,Male,2.0,838286.04,6.0,9.0
7128459,4.0,59.0,62.0,Female,2.0,113295.6,3.0,6.0
7687196,4.0,48.0,74.5,Unknown,2.0,2205468.8,6.0,9.0
1083647,8.0,107.0,34.5,Male,2.0,123041.76,4.0,7.0
2553718,11.0,136.0,51.5,Female,2.0,260238.64,5.0,8.0
3529872,8.0,98.0,31.5,Unknown,2.0,37010.09,6.0,9.0
4218167,10.0,121.0,45.5,Unknown,2.0,50116.37,1.0,4.0
1467374,12.0,149.0,78.0,Male,2.0,102548.48,6.0,9.0
4081355,13.0,167.0,75.0,Female,2.0,43455.89,3.0,6.0
2882001,15.0,188.0,64.5,Male,2.0,113970.72,5.0,8.0
7175253,17.0,210.0,52.5,Male,3.0,714985.68,6.0,9.0
7806544,5.0,67.0,29.0,Male,2.0,74729.35,3.0,6.0
2107624,14.0,179.0,69.0,Female,2.0,33801.8,1.0,4.0
9708531,4.0,59.0,34.0,Unknown,2.0,31260.84,4.0,7.0
1905902,12.0,151.0,65.5,Female,2.0,48121.85,2.0,5.0
1025467,9.0,115.0,68.0,Female,2.0,33797.94,2.0,5.0
4726935,6.0,83.0,29.5,Unknown,2.0,35659.29,2.0,5.0
2127772,8.0,106.0,58.5,Male,2.0,76210.54999999999,0.0,3.0
7628967,13.0,167.0,49.5,Male,3.0,28474.55,0.0,3.0
8838405,14.0,178.0,53.5,Female,2.0,78245.76,4.0,7.0
6928677,5.0,60.0,36.5,Female,2.0,24359.58,2.0,5.0
9956494,5.0,63.0,52.0,Male,2.0,35014.649999999994,3.0,6.0
8446688,6.0,83.0,61.5,Unknown,2.0,51121.95,0.0,3.0
5403582,25.0,303.0,56.5,Male,2.0,1568655.7,0.0,3.0
8337819,21.0,254.0,67.5,Unknown,4.0,844281.25,6.0,9.0
3541390,20.0,250.0,32.5,Female,3.0,122941.68,4.0,7.0
1135517,20.0,250.0,46.0,Male,3.0,130601.84,6.0,9.0
9159919,17.0,214.0,45.0,Female,2.0,66228.14,1.0,4.0
8008423,17.0,210.0,64.0,Female,2.0,113044.54,2.0,5.0
5894811,13.0,160.0,50.5,Female,3.0,685130.78,6.0,9.0
8557925,6.0,78.0,26.0,Unknown,2.0,27175.79,4.0,7.0
3004614,12.0,145.0,73.0,Female,2.0,186765.41,6.0,9.0
8911064,6.0,72.0,28.5,Unknown,4.0,207795.06,6.0,9.0
715086,10.0,131.0,37.5,Male,2.0,52083.11,1.0,4.0
154809,27.0,334.0,65.5,Male,2.0,116655.67,0.0,3.0
334362,5.0,67.0,37.0,Unknown,2.0,38743.73,1.0,4.0
9803595,5.0,70.0,33.5,Unknown,2.0,31642.58,4.0,7.0
6917895,5.0,66.0,24.5,Unknown,3.0,30334.22,0.0,3.0
8990842,14.0,175.0,68.0,Unknown,2.0,50794.01,1.0,4.0
1505142,12.0,153.0,66.5,Male,3.0,307521.93,3.0,6.0
1564895,5.0,71.0,28.0,Unknown,2.0,30791.7,1.0,4.0
798688,15.0,189.0,37.5,Male,2.0,57699.79,2.0,5.0
4843060,15.0,189.0,48.0,Female,2.0,405798.87,4.0,7.0
6634454,7.0,84.0,26.5,Unknown,2.0,27141.11,2.0,5.0
472754,8.0,98.0,32.5,Unknown,5.0,190375.72,6.0,9.0
2511331,12.0,147.0,52.0,Female,2.0,33917.869999999995,5.0,8.0
8053973,9.0,118.0,39.0,Female,2.0,45103.17,1.0,4.0
455226,8.0,98.0,64.5,Unknown,2.0,72779.56,4.0,7.0
4444551,10.0,129.0,37.5,Male,4.0,122847.01,6.0,9.0
2531581,16.0,196.0,54.0,Male,2.0,151684.11,0.0,3.0
4603282,12.0,146.0,25.0,Female,2.0,39651.88,4.0,7.0
2138383,3.0,37.0,30.5,Male,3.0,348676.27,5.0,8.0
4070629,11.0,140.0,28.0,Male,3.0,117531.1,6.0,9.0
6668961,16.0,196.0,56.0,Female,2.0,74521.26,2.0,5.0
630034,7.0,95.0,53.5,Unknown,2.0,43609.02,0.0,3.0
1554187,5.0,63.0,28.0,Male,2.0,31970.76,5.0,8.0
8029864,13.0,156.0,65.0,Male,2.0,57234.73,2.0,5.0
386822,14.0,169.0,32.5,Male,2.0,59436.19,0.0,3.0
3647130,5.0,66.0,70.0,Unknown,2.0,58065.14,2.0,5.0
5265484,7.0,93.0,56.5,Unknown,2.0,81242.98999999999,0.0,3.0
4933707,12.0,147.0,38.0,Female,2.0,52598.48,6.0,9.0
248426,4.0,58.0,51.0,Unknown,2.0,44025.59,0.0,3.0
3175977,15.0,182.0,34.0,Female,2.0,36158.39,4.0,7.0
5949693,15.0,189.0,34.5,Female,2.0,63655.35,2.0,5.0
5829371,17.0,215.0,58.0,Male,2.0,261176.94,5.0,8.0
1628625,12.0,152.0,29.0,Male,2.0,82130.08,5.0,8.0
6936822,8.0,105.0,38.5,Female,3.0,155481.84999999998,2.0,5.0
1629754,5.0,70.0,31.5,Unknown,2.0,64592.37,1.0,4.0
4832456,12.0,146.0,85.5,Male,2.0,209074.7,6.0,9.0
231622,7.0,91.0,26.0,Unknown,2.0,26991.02,3.0,6.0
6599910,15.0,189.0,52.5,Female,2.0,96351.48,1.0,4.0
9327231,5.0,60.0,36.5,Unknown,2.0,73503.01999999999,6.0,9.0
917202,4.0,59.0,63.0,Female,2.0,26298.03,3.0,7.0
2716041,25.0,300.0,56.0,Unknown,2.0,96997.14,3.0,6.0
1579315,22.0,266.0,62.0,Female,2.0,61242.94,4.0,7.0
5785124,21.0,263.0,69.5,Female,2.0,148403.59,4.0,7.0
9346966,21.0,253.0,35.0,Female,5.0,292211.97,5.0,8.0
2278496,21.0,253.0,72.0,Female,3.0,69974.35,6.0,9.0
8579878,20.0,251.0,58.5,Female,2.0,39804.97,5.0,8.0
3229922,20.0,250.0,72.0,Male,4.0,133705.25,6.0,9.0
27075,20.0,250.0,53.5,Male,2.0,252504.83,1.0,4.0
9913945,17.0,212.0,34.0,Male,2.0,366834.73,6.0,9.0
4168408,16.0,203.0,49.5,Female,2.0,38257.62,4.0,7.0
4872011,6.0,77.0,30.0,Unknown,2.0,124918.8,6.0,9.0
5543141,12.0,151.0,71.0,Female,2.0,113290.86,4.0,7.0
7221781,8.0,100.0,38.5,Unknown,2.0,37021.96,1.0,5.0
3062998,13.0,163.0,47.5,Male,2.0,55174.27,2.0,5.0
7530041,8.0,103.0,43.5,Unknown,2.0,75501.45999999999,1.0,4.0
367642,4.0,59.0,32.5,Unknown,3.0,43446.47,6.0,9.0
297959,9.0,119.0,28.0,Male,3.0,64149.91,5.0,8.0
8858246,15.0,190.0,70.0,Male,2.0,31825.81,4.0,7.0
8722251,7.0,94.0,32.5,Unknown,2.0,51181.91,0.0,3.0
7912529,30.0,364.0,68.0,Male,5.0,493945.39,6.0,9.0
1443359,13.0,157.0,62.5,Male,2.0,44950.67,3.0,6.0
5504517,12.0,152.0,34.0,Male,2.0,48113.32,4.0,7.0
2410868,13.0,167.0,58.0,Male,2.0,128570.74,4.0,7.0
3965253,12.0,148.0,61.0,Female,2.0,54616.56,6.0,9.0
2866434,26.0,313.0,59.5,Male,3.0,763148.93,6.0,9.0
9004679,7.0,87.0,54.0,Unknown,2.0,31794.93,1.0,4.0
5117645,4.0,58.0,26.0,Unknown,2.0,35445.77,0.0,4.0
4016575,3.0,45.0,67.0,Unknown,2.0,42588.56,6.0,9.0
4651414,10.0,120.0,61.0,Male,2.0,110557.46,1.0,4.0
5210046,6.0,79.0,50.5,Unknown,2.0,93230.72,2.0,5.0
147033,8.0,102.0,41.5,Unknown,2.0,46541.46,0.0,3.0
9971000,17.0,204.0,77.0,Female,3.0,142342.53,0.0,5.0
2364116,4.0,59.0,17.0,Unknown,2.0,37980.98,5.0,8.0
5340072,8.0,97.0,56.5,Unknown,2.0,72046.76,2.0,5.0
4310884,5.0,64.0,32.0,Unknown,2.0,53511.07,2.0,5.0
1957491,5.0,61.0,26.5,Unknown,2.0,52255.12,3.0,6.0
1781217,15.0,189.0,39.0,Female,2.0,39359.74,3.0,6.0
555737,6.0,79.0,31.0,Unknown,4.0,71566.29999999999,2.0,6.0
2991849,12.0,151.0,50.0,Female,2.0,68550.70999999999,3.0,6.0
1274411,37.0,445.0,69.0,Unknown,2.0,56488.21,1.0,4.0
6697918,10.0,130.0,44.5,Female,2.0,53408.51,0.0,3.0
2569255,34.0,418.0,72.5,Male,2.0,939638.09,3.0,6.0
2361790,5.0,60.0,28.5,Unknown,2.0,71733.13,2.0,5.0
5554678,15.0,183.0,56.0,Female,2.0,37592.74,2.0,5.0
2483751,14.0,176.0,67.0,Female,3.0,49483.21,1.0,4.0
6325529,32.0,386.0,71.5,Male,3.0,572754.67,5.0,8.0
3386441,5.0,60.0,30.0,Unknown,3.0,47630.86,3.0,6.0
2337192,7.0,94.0,32.5,Male,3.0,179098.09999999998,3.0,6.0
9290245,9.0,119.0,47.5,Female,2.0,70772.26,0.0,3.0
2606880,15.0,190.0,62.5,Male,2.0,55735.76,2.0,5.0
282393,25.0,304.0,44.0,Male,2.0,42804.65,1.0,4.0
2882324,25.0,304.0,73.0,Female,3.0,139707.86,6.0,9.0
9881017,23.0,277.0,53.0,Female,2.0,71671.68,2.0,5.0
8664229,20.0,248.0,70.0,Male,2.0,906273.86,3.0,6.0
2858504,19.0,238.0,60.5,Male,2.0,204253.71,5.0,8.0
2281012,17.0,213.0,45.5,Female,3.0,797915.0800000001,6.0,9.0
2420728,5.0,71.0,37.0,Unknown,2.0,48414.74,6.0,9.0
739544,7.0,92.0,63.0,Female,2.0,287243.17,4.0,7.0
3444104,12.0,152.0,57.5,Female,2.0,119758.09,0.0,3.0
8318768,4.0,59.0,60.0,Unknown,2.0,31922.61,0.0,3.0
2995887,14.0,176.0,50.5,Female,4.0,58199.91,3.0,6.0
4032817,15.0,189.0,65.5,Female,2.0,75197.70999999999,4.0,7.0
1469576,7.0,84.0,66.5,Unknown,2.0,33694.77,3.0,6.0
6448731,13.0,158.0,32.5,Unknown,2.0,29232.52,1.0,6.0
9004289,5.0,63.0,55.5,Female,2.0,172355.26,4.0,7.0
4459434,13.0,159.0,26.0,Male,3.0,37378.15,2.0,5.0
7096046,9.0,114.0,58.5,Male,2.0,248873.53,0.0,3.0
7191059,16.0,194.0,58.0,Male,3.0,128952.11,6.0,9.0
1788780,9.0,110.0,43.0,Male,2.0,43695.51,1.0,4.0
5657214,15.0,190.0,47.5,Male,2.0,131551.09,4.0,7.0
7164036,3.0,46.0,21.0,Unknown,2.0,28656.64,0.0,3.0
5850237,15.0,180.0,39.0,Male,2.0,23942.57,1.0,4.0
9453694,6.0,72.0,30.5,Unknown,2.0,28134.3,4.0,7.0
9291765,12.0,151.0,29.0,Male,2.0,36454.89,5.0,8.0
480944,4.0,58.0,28.5,Unknown,2.0,29956.1,6.0,9.0
5017931,6.0,75.0,45.0,Unknown,2.0,247199.47,0.0,3.0
2517465,9.0,108.0,26.5,Male,2.0,35024.61,6.0,9.0
6472114,19.0,228.0,46.5,Male,3.0,329736.55,5.0,8.0
3891199,11.0,141.0,47.0,Female,2.0,131522.4,1.0,4.0
7914595,15.0,190.0,41.0,Female,4.0,250715.26,4.0,7.0
1236236,17.0,205.0,63.5,Female,2.0,124625.11,2.0,5.0
6757324,11.0,141.0,49.5,Male,2.0,434768.33,1.0,4.0
5042542,6.0,80.0,51.5,Unknown,2.0,67851.79999999999,6.0,9.0
5042813,14.0,178.0,37.0,Male,2.0,37622.08,0.0,3.0
9549571,25.0,311.0,67.5,Unknown,3.0,49004.75,6.0,9.0
416018,28.0,340.0,37.0,Female,2.0,169735.34999999998,3.0,6.0
4097339,27.0,325.0,57.5,Male,3.0,132030.33000000002,2.0,5.0
5142996,14.0,172.0,32.5,Male,2.0,90588.74,5.0,8.0
4694711,27.0,333.0,58.5,Male,2.0,311735.8,5.0,8.0
7599438,13.0,161.0,24.0,Female,2.0,67378.36,3.0,6.0
6450374,15.0,184.0,49.5,Male,2.0,37864.6,0.0,3.0
2237129,15.0,191.0,33.5,Male,2.0,50555.36,3.0,6.0
8546362,13.0,165.0,69.0,Male,2.0,99666.08,5.0,8.0
1962746,5.0,63.0,51.0,Male,2.0,51939.57,6.0,9.0
2352957,17.0,211.0,66.5,Male,2.0,89407.38,2.0,7.0
7578105,14.0,177.0,42.5,Male,2.0,151631.01,1.0,4.0
9434907,6.0,83.0,66.0,Unknown,2.0,44079.48,0.0,3.0
5921121,6.0,73.0,27.0,Unknown,2.0,54167.42999999999,5.0,8.0
5552819,23.0,286.0,64.5,Male,2.0,81440.29999999999,0.0,3.0
1788838,26.0,312.0,53.5,Female,2.0,60145.01,4.0,7.0
3630522,24.0,293.0,53.5,Female,2.0,281186.56,1.0,4.0
2799407,23.0,287.0,77.0,Male,2.0,73099.51999999999,6.0,9.0
9246350,22.0,274.0,43.0,Female,2.0,277262.47,0.0,3.0
7691784,22.0,274.0,24.0,Male,2.0,118420.33,1.0,4.0
550819,21.0,253.0,75.5,Male,2.0,170680.86,6.0,9.0
7495084,19.0,238.0,68.0,Unknown,3.0,236717.0,5.0,8.0
4642256,18.0,224.0,42.5,Male,3.0,34655.63,0.0,3.0
5369886,17.0,208.0,40.0,Female,3.0,422894.53,2.0,5.0
4275305,5.0,68.0,55.0,Unknown,2.0,33208.05,6.0,9.0
1273208,5.0,71.0,65.5,Unknown,2.0,32634.69,2.0,5.0
5370397,4.0,57.0,47.0,Unknown,2.0,43338.14,6.0,9.0
2241125,7.0,86.0,30.0,Unknown,2.0,84631.20999999999,1.0,4.0
2291551,10.0,130.0,45.5,Male,2.0,24460.89,1.0,4.0
6777842,15.0,180.0,18.0,Male,2.0,34586.74,6.0,9.0
8191449,3.0,47.0,53.5,Unknown,2.0,80320.59,3.0,6.0
8108600,6.0,78.0,68.0,Unknown,2.0,62524.64,2.0,5.0
2766253,15.0,182.0,49.0,Male,2.0,54136.35,3.0,6.0
7319381,15.0,189.0,42.0,Male,2.0,45774.19,2.0,5.0
4590481,16.0,194.0,66.0,Female,2.0,135250.22,2.0,5.0
3045007,16.0,194.0,59.5,Female,2.0,34407.84,6.0,9.0
5737391,15.0,183.0,42.0,Female,2.0,46795.95,1.0,4.0
1386231,10.0,123.0,49.5,Male,2.0,30586.91,1.0,4.0
9947963,5.0,60.0,19.5,Unknown,3.0,67945.1,6.0,9.0
5132952,5.0,71.0,59.5,Unknown,2.0,32836.149999999994,2.0,5.0
1329252,13.0,166.0,67.0,Female,2.0,160852.09999999998,2.0,5.0
2389989,15.0,187.0,47.5,Male,3.0,80923.5,3.0,6.0
5060980,27.0,327.0,78.5,Male,6.0,890344.11,6.0,9.0
8461395,10.0,124.0,25.0,Female,3.0,96835.99,4.0,8.0
7813334,11.0,134.0,50.5,Male,2.0,30587.32,1.0,4.0
4292987,12.0,155.0,73.5,Unknown,2.0,72678.94,3.0,6.0
459076,8.0,106.0,50.0,Male,2.0,92553.84,4.0,7.0
4236139,11.0,139.0,51.5,Male,2.0,72128.73,6.0,9.0
9916719,4.0,59.0,33.0,Unknown,2.0,27099.19,2.0,6.0
904374,4.0,57.0,26.5,Unknown,2.0,64784.38,6.0,9.0
1091527,5.0,70.0,49.5,Unknown,2.0,65448.47,0.0,3.0
4461753,14.0,175.0,61.0,Male,2.0,53103.34,5.0,8.0
1016968,16.0,202.0,67.0,Unknown,3.0,38328.17,4.0,7.0
2174418,6.0,82.0,54.5,Unknown,2.0,45874.02,0.0,3.0
7496721,6.0,72.0,30.5,Unknown,2.0,27720.98,0.0,3.0
3687124,12.0,153.0,72.0,Female,2.0,62453.87,1.0,4.0
4677986,6.0,82.0,26.5,Unknown,2.0,35407.56,2.0,5.0
5989697,12.0,148.0,48.5,Female,2.0,113974.46,6.0,9.0
1780243,19.0,229.0,58.5,Male,2.0,25357.8,0.0,3.0
1889858,9.0,112.0,49.5,Male,2.0,62063.49,0.0,3.0
8939248,7.0,85.0,56.0,Female,2.0,123456.92,6.0,9.0
1056766,5.0,71.0,52.0,Unknown,2.0,36101.52,0.0,3.0
1690659,26.0,321.0,68.5,Unknown,2.0,44793.09,6.0,9.0
9608860,4.0,59.0,31.0,Unknown,3.0,60243.75,5.0,8.0
2976279,16.0,194.0,33.0,Male,2.0,56075.24,0.0,3.0
1171432,4.0,58.0,40.5,Unknown,2.0,33849.79,1.0,4.0
7090055,24.0,299.0,82.0,Female,2.0,25912.0,4.0,7.0
693478,23.0,286.0,50.5,Female,2.0,42280.47,0.0,3.0
5768287,23.0,285.0,32.0,Female,2.0,182687.29,0.0,3.0
5976113,22.0,275.0,65.5,Male,3.0,219481.87,4.0,7.0
8409958,21.0,263.0,28.0,Female,2.0,40383.49,0.0,3.0
4307797,21.0,260.0,63.5,Female,3.0,177280.65999999997,6.0,9.0
3396143,22.0,268.0,59.5,Male,3.0,1187013.8199999998,2.0,6.0
6904238,20.0,246.0,56.5,Female,2.0,28617.07,1.0,4.0
103627,11.0,135.0,63.0,Male,2.0,307115.78,6.0,9.0
9663688,6.0,72.0,62.5,Female,2.0,163721.01,6.0,9.0
5640323,15.0,189.0,60.0,Female,2.0,251675.3,5.0,8.0
8035422,9.0,116.0,51.0,Female,2.0,25349.2,2.0,5.0
1939574,13.0,167.0,50.0,Female,3.0,179390.97999999998,3.0,6.0
4572106,9.0,109.0,32.5,Female,2.0,76190.07,3.0,6.0
6965039,15.0,182.0,35.0,Male,3.0,173344.78999999998,6.0,9.0
7402411,26.0,312.0,49.5,Female,3.0,138347.41999999998,1.0,4.0
3641688,15.0,185.0,37.5,Female,2.0,38080.12,0.0,3.0
3186336,14.0,177.0,29.0,Male,3.0,63318.78,5.0,8.0
1973989,5.0,64.0,47.5,Male,2.0,221563.37,3.0,6.0
3733656,13.0,166.0,43.5,Female,2.0,44906.86,0.0,3.0
9130823,6.0,75.0,39.5,Unknown,2.0,285182.41,3.0,6.0
6737389,14.0,169.0,60.0,Male,2.0,126511.45,0.0,3.0
3286441,4.0,59.0,18.5,Unknown,2.0,26950.15,1.0,4.0
9899911,44.0,539.0,49.0,Female,2.0,148363.93,2.0,5.0
7931684,10.0,128.0,49.5,Female,2.0,57687.63,3.0,6.0
5279608,9.0,118.0,44.0,Female,2.0,43114.06,2.0,5.0
1851383,10.0,124.0,67.5,Male,2.0,166819.87,0.0,3.0
1917062,11.0,142.0,37.5,Unknown,2.0,34879.79,1.0,4.0
5487709,10.0,120.0,43.0,Female,2.0,42929.44,6.0,9.0
2925255,11.0,143.0,64.5,Male,2.0,123477.52,4.0,7.0
6472361,12.0,152.0,35.0,Female,2.0,92979.72,2.0,5.0
2098868,15.0,182.0,55.0,Female,2.0,128565.7,4.0,7.0
8565532,16.0,192.0,62.5,Female,2.0,133941.28,1.0,4.0
7360071,12.0,152.0,35.5,Female,2.0,95362.31,1.0,4.0
5007537,9.0,112.0,23.0,Male,3.0,58574.63,6.0,9.0
3871465,12.0,145.0,29.5,Male,2.0,51241.02,6.0,9.0
2279186,8.0,98.0,54.0,Female,2.0,142998.91,1.0,4.0
6854605,23.0,286.0,28.5,Male,3.0,127778.73,5.0,8.0
5434475,6.0,76.0,68.0,Female,2.0,705262.13,6.0,9.0
4429250,5.0,66.0,21.5,Unknown,4.0,160274.03999999998,6.0,9.0
8151649,8.0,104.0,55.0,Female,2.0,44284.85,4.0,7.0
5240877,5.0,69.0,53.0,Unknown,2.0,55115.08,5.0,8.0
1606479,21.0,259.0,34.5,Male,2.0,71649.9,3.0,6.0
9224100,28.0,345.0,62.5,Male,2.0,152644.06,1.0,4.0
5375958,13.0,160.0,21.5,Male,2.0,27949.44,1.0,5.0
3988710,6.0,81.0,27.5,Unknown,2.0,249862.19,5.0,8.0
3781114,6.0,79.0,29.5,Unknown,3.0,79307.06,3.0,6.0
8899758,25.0,309.0,65.5,Female,2.0,70010.97,1.0,4.0
3909705,7.0,86.0,48.0,Female,2.0,169688.78999999998,3.0,6.0
8289357,5.0,71.0,25.5,Unknown,2.0,44071.75,6.0,9.0
1243364,12.0,144.0,41.0,Female,2.0,71440.18,1.0,4.0
940064,10.0,130.0,33.5,Male,2.0,71297.7,1.0,4.0
1011923,9.0,116.0,56.0,Male,2.0,60157.95,6.0,9.0
6884899,4.0,56.0,36.5,Unknown,3.0,75663.35,5.0,8.0
4399643,15.0,188.0,44.5,Male,2.0,80768.19,0.0,3.0
2191483,4.0,55.0,56.0,Unknown,2.0,129584.26,0.0,3.0
1861397,9.0,109.0,31.5,Female,2.0,45589.25,0.0,3.0
708995,8.0,100.0,27.5,Unknown,2.0,49348.06,6.0,9.0
8163068,25.0,303.0,56.5,Male,2.0,294310.34,6.0,9.0
6863290,21.0,258.0,35.0,Female,2.0,27182.48,0.0,3.0
6948375,21.0,252.0,76.5,Male,3.0,490073.16,6.0,9.0
6241556,20.0,250.0,59.0,Male,4.0,1088718.2,4.0,7.0
8988203,16.0,202.0,28.0,Female,4.0,64143.89,2.0,5.0
3897008,15.0,191.0,66.5,Female,2.0,277835.08,6.0,9.0
133101,6.0,82.0,33.0,Unknown,2.0,56049.17999999999,2.0,5.0
6867040,13.0,158.0,43.5,Male,2.0,47176.71,1.0,4.0
9289988,14.0,173.0,29.0,Female,2.0,53975.16,2.0,5.0
8585529,4.0,59.0,50.5,Unknown,2.0,60933.67,2.0,5.0
7045696,6.0,78.0,46.0,Unknown,3.0,69651.7,6.0,9.0
6292771,5.0,65.0,19.0,Unknown,2.0,27810.49,3.0,6.0
7595758,15.0,189.0,58.0,Male,2.0,31855.94,2.0,5.0
554244,10.0,121.0,38.5,Male,2.0,39916.55,0.0,3.0
2135989,16.0,203.0,68.0,Male,2.0,88706.44,3.0,6.0
1391220,14.0,173.0,33.0,Female,2.0,31864.1,0.0,3.0
4473025,12.0,151.0,78.0,Female,2.0,475304.4,6.0,9.0
4737705,6.0,78.0,24.0,Unknown,2.0,41466.7,1.0,4.0
9991980,11.0,133.0,45.5,Female,2.0,406392.48,3.0,6.0
6658783,8.0,103.0,66.0,Unknown,2.0,57497.21,2.0,5.0
1512189,6.0,72.0,64.5,Female,2.0,261993.0,6.0,9.0
6342042,12.0,154.0,57.5,Male,2.0,72131.26,0.0,3.0
6090404,8.0,107.0,61.0,Female,2.0,50608.82,1.0,4.0
3334505,15.0,182.0,49.0,Male,3.0,743760.8500000001,6.0,9.0
5908745,6.0,83.0,36.0,Unknown,2.0,69637.03,1.0,4.0
8787443,12.0,154.0,45.0,Male,2.0,104369.39,4.0,7.0
1256425,24.0,295.0,68.5,Unknown,2.0,83576.51999999999,5.0,8.0
6063117,9.0,110.0,33.0,Male,3.0,53621.13,6.0,9.0
4064969,6.0,75.0,64.5,Unknown,2.0,74783.76,5.0,8.0
6518665,16.0,192.0,54.0,Male,2.0,128249.59,6.0,9.0
7635685,6.0,80.0,33.0,Unknown,2.0,55022.21,5.0,8.0
6721132,6.0,73.0,19.0,Female,3.0,86160.76,2.0,5.0
756058,15.0,188.0,49.5,Female,3.0,128982.08,1.0,4.0
5401815,14.0,169.0,61.5,Female,2.0,43259.96,5.0,8.0
6834658,11.0,137.0,50.0,Female,2.0,94229.52,1.0,4.0
4589552,14.0,176.0,34.0,Male,3.0,63857.05,5.0,9.0
9680074,14.0,178.0,64.5,Male,2.0,40890.84,2.0,5.0
4268741,4.0,58.0,24.5,Unknown,2.0,31735.64,1.0,4.0
6410409,15.0,191.0,37.0,Male,2.0,80320.29999999999,6.0,9.0
8574446,12.0,150.0,37.0,Male,2.0,113826.7,2.0,5.0
4797272,16.0,198.0,38.5,Female,2.0,39153.83,4.0,7.0
7744382,15.0,180.0,47.0,Female,3.0,92428.47,4.0,7.0
9677152,10.0,125.0,66.5,Male,2.0,138742.18,2.0,5.0
3193307,22.0,274.0,71.0,Male,2.0,102146.14,2.0,5.0
9730984,20.0,247.0,49.5,Male,3.0,238057.55,6.0,9.0
284427,20.0,243.0,55.0,Female,2.0,513318.36,4.0,7.0
9399620,18.0,216.0,53.5,Female,2.0,417989.95,1.0,4.0
3825239,16.0,199.0,63.5,Male,2.0,68350.59,3.0,6.0
8607096,8.0,105.0,26.5,Male,2.0,33838.58,1.0,4.0
5470155,4.0,57.0,26.0,Unknown,2.0,45636.41,6.0,9.0
8998082,26.0,323.0,64.0,Female,2.0,261814.11,6.0,9.0
6498093,7.0,85.0,39.5,Male,2.0,48326.21,6.0,9.0
5808567,5.0,70.0,64.5,Unknown,2.0,28880.0,1.0,4.0
4832237,6.0,82.0,53.5,Unknown,2.0,73717.94,2.0,5.0
4426701,15.0,186.0,35.0,Female,3.0,122832.41,1.0,4.0
8115034,29.0,350.0,76.5,Male,3.0,3301237.67,2.0,6.0
9342809,12.0,154.0,46.0,Female,2.0,31074.93,0.0,3.0
4782986,7.0,88.0,41.0,Female,2.0,55383.87,1.0,4.0
529554,12.0,155.0,34.0,Male,2.0,139780.46,6.0,9.0
4741235,6.0,83.0,39.0,Unknown,2.0,57967.65,4.0,7.0
9075554,7.0,85.0,25.0,Unknown,2.0,49758.26,0.0,3.0
1374192,11.0,132.0,63.0,Male,2.0,33562.009999999995,2.0,5.0
6635872,13.0,156.0,25.5,Male,2.0,28345.79,3.0,6.0
4414176,5.0,71.0,20.5,Unknown,3.0,53268.28999999999,5.0,8.0
3285202,15.0,187.0,33.0,Male,2.0,29034.37,6.0,9.0
7037641,6.0,79.0,37.0,Unknown,5.0,492558.54,6.0,9.0
684515,5.0,60.0,58.0,Unknown,2.0,124979.24,6.0,9.0
3903667,5.0,68.0,26.0,Unknown,2.0,43127.49,6.0,9.0
1721428,8.0,101.0,67.0,Male,5.0,901839.71,6.0,9.0
1022555,25.0,300.0,36.0,Male,4.0,408590.22,4.0,7.0
8454368,12.0,149.0,75.5,Female,2.0,131951.84999999998,2.0,5.0
6601679,16.0,195.0,62.0,Female,2.0,77056.44,0.0,3.0
2673051,4.0,57.0,19.5,Unknown,2.0,30184.77,2.0,5.0
8523265,4.0,50.0,40.0,Male,3.0,102613.68,0.0,3.0
8787436,6.0,77.0,39.0,Male,3.0,324818.82,6.0,9.0
6157535,5.0,70.0,72.0,Unknown,2.0,123426.47,6.0,9.0
318888,13.0,158.0,62.0,Male,2.0,746093.29,4.0,7.0
3795202,8.0,106.0,54.5,Female,2.0,32552.48,0.0,3.0
7394279,16.0,194.0,72.0,Male,2.0,1055564.96,6.0,9.0
9668860,13.0,158.0,40.0,Male,2.0,31909.41,2.0,5.0
405451,8.0,105.0,39.5,Male,2.0,46041.91,0.0,3.0
1061300,6.0,81.0,61.5,Unknown,2.0,595262.29,2.0,5.0
1731140,8.0,104.0,31.0,Female,2.0,28140.09,3.0,6.0
4530402,5.0,65.0,65.5,Male,3.0,356010.57,1.0,4.0
6871417,5.0,71.0,30.5,Unknown,2.0,46262.78999999999,2.0,5.0
6503944,8.0,100.0,34.0,Unknown,2.0,44238.8,2.0,5.0
3828321,7.0,85.0,41.0,Unknown,2.0,44214.82,1.0,4.0
5336156,6.0,79.0,35.0,Unknown,2.0,82528.0,3.0,6.0
5355825,6.0,83.0,24.5,Unknown,2.0,39285.35,6.0,9.0
5898319,15.0,189.0,56.0,Female,2.0,91879.31,4.0,7.0
3923641,7.0,84.0,32.5,Unknown,4.0,3113128.68,4.0,7.0
9780494,8.0,107.0,31.0,Male,2.0,34992.31,6.0,9.0
5321525,6.0,82.0,44.0,Unknown,2.0,51486.23,1.0,4.0
5511919,24.0,291.0,48.5,Unknown,2.0,50686.02,0.0,3.0
7847453,24.0,290.0,82.5,Male,3.0,122996.0,5.0,8.0
8240214,21.0,255.0,44.5,Male,2.0,56153.28999999999,3.0,6.0
4672784,5.0,60.0,34.5,Unknown,2.0,39829.58,2.0,5.0
1571253,27.0,332.0,22.5,Female,2.0,46378.33,1.0,4.0
1487087,17.0,215.0,42.0,Female,2.0,157217.99,0.0,3.0
7729535,15.0,189.0,39.0,Male,2.0,206024.32,6.0,9.0
6077114,4.0,58.0,40.0,Male,2.0,50657.57,0.0,3.0
1396685,5.0,70.0,38.0,Unknown,2.0,98843.03,5.0,8.0
7336320,6.0,77.0,28.5,Unknown,3.0,133839.38,3.0,6.0
2365273,8.0,96.0,56.5,Male,2.0,42884.33,6.0,9.0
3642713,4.0,55.0,23.0,Unknown,2.0,38945.93,2.0,5.0
4363087,14.0,179.0,60.0,Female,2.0,61031.77,6.0,9.0
4438713,4.0,59.0,71.5,Unknown,2.0,31931.14,2.0,5.0
5519904,12.0,149.0,32.0,Male,2.0,26592.65,6.0,9.0
4681420,7.0,95.0,27.5,Unknown,2.0,77756.23,5.0,8.0
9887206,11.0,137.0,33.0,Female,2.0,90626.16,3.0,6.0
1296828,26.0,322.0,46.5,Female,3.0,267423.82,1.0,4.0
6470517,7.0,87.0,35.0,Unknown,2.0,37438.22,0.0,3.0
6166197,11.0,136.0,29.5,Female,2.0,59890.03,0.0,3.0
4766036,13.0,162.0,66.0,Female,3.0,660242.5,4.0,7.0
319648,5.0,70.0,23.5,Unknown,2.0,26437.11,0.0,3.0
5867754,21.0,253.0,53.5,Male,2.0,141292.91999999998,5.0,8.0
77276,4.0,56.0,18.5,Unknown,2.0,30116.53,1.0,4.0
6731654,13.0,156.0,74.0,Male,2.0,63602.42,5.0,8.0
1790177,6.0,81.0,31.5,Unknown,2.0,382710.48,0.0,3.0
9669024,5.0,63.0,53.5,Male,2.0,249544.7,0.0,3.0
2945669,16.0,192.0,40.5,Female,2.0,107951.02,1.0,4.0
5874173,8.0,107.0,50.5,Female,3.0,129385.97,5.0,8.0
5926577,5.0,70.0,23.0,Unknown,2.0,30565.41,4.0,7.0
5112115,13.0,159.0,30.0,Female,3.0,174767.40000000002,4.0,7.0
6195074,8.0,102.0,48.5,Unknown,2.0,85607.59,2.0,5.0
4932080,10.0,125.0,64.5,Female,2.0,61684.96,1.0,4.0
8340499,9.0,109.0,57.5,Male,2.0,142110.01,1.0,4.0
4799982,12.0,146.0,63.0,Female,2.0,109487.92,0.0,3.0
9496184,9.0,110.0,32.0,Female,2.0,50406.74,6.0,9.0
5666238,5.0,66.0,27.0,Unknown,2.0,27657.53,3.0,6.0
3987590,10.0,125.0,39.5,Male,2.0,45976.63,1.0,4.0
5383353,11.0,140.0,60.0,Male,2.0,37953.58,1.0,4.0
3370035,14.0,179.0,62.0,Female,2.0,99361.11,1.0,4.0
9427465,16.0,197.0,53.0,Male,2.0,96685.49,6.0,9.0
7095220,5.0,70.0,35.0,Unknown,2.0,46451.12,1.0,4.0
4442274,4.0,58.0,34.5,Unknown,2.0,43271.75,6.0,9.0
2214904,6.0,74.0,48.5,Unknown,2.0,26843.81,3.0,6.0
2892822,6.0,78.0,57.5,Female,2.0,76533.47,6.0,9.0
898644,14.0,173.0,39.0,Male,3.0,158842.02000000002,6.0,9.0
1577767,13.0,159.0,50.5,Female,2.0,45742.02,1.0,4.0
3837876,15.0,187.0,63.0,Male,2.0,30873.56,3.0,6.0
2614146,8.0,100.0,46.0,Unknown,2.0,59528.13,1.0,4.0
1921763,25.0,300.0,61.0,Male,2.0,37578.75,6.0,9.0
6099672,5.0,60.0,21.5,Unknown,4.0,1008634.0,6.0,9.0
2891436,8.0,97.0,36.5,Unknown,4.0,147460.58000000002,4.0,7.0
4878070,10.0,123.0,28.5,Male,2.0,73402.07,2.0,5.0
2872086,6.0,83.0,32.0,Unknown,2.0,61606.13,3.0,6.0
4239411,28.0,342.0,66.0,Male,2.0,437746.26,5.0,8.0
1085682,14.0,173.0,31.0,Male,2.0,90209.41,6.0,9.0
3153355,27.0,324.0,33.0,Male,2.0,58791.76,0.0,3.0
5942186,7.0,85.0,35.5,Unknown,2.0,93471.35,0.0,3.0
2281797,7.0,93.0,77.0,Unknown,2.0,221944.22,3.0,6.0
4827308,15.0,189.0,47.5,Female,2.0,33390.66,2.0,5.0
614685,20.0,246.0,46.5,Male,3.0,675475.53,6.0,9.0
2268955,19.0,231.0,57.5,Male,3.0,230057.31,4.0,7.0
354699,18.0,225.0,53.0,Female,2.0,33184.0,2.0,5.0
5361481,20.0,241.0,42.5,Female,2.0,68237.78,6.0,9.0
2475425,14.0,174.0,26.5,Male,3.0,1122116.11,5.0,9.0
3138887,12.0,146.0,41.5,Female,3.0,372626.14,5.0,9.0
6545342,9.0,110.0,34.0,Male,2.0,35771.72,1.0,4.0
1309722,6.0,79.0,24.0,Unknown,2.0,59577.72,5.0,8.0
2282707,7.0,89.0,23.5,Unknown,2.0,45080.78999999999,6.0,9.0
7818792,22.0,272.0,63.0,Male,2.0,33781.19,6.0,9.0
9104320,11.0,141.0,55.5,Male,2.0,40016.5,4.0,7.0
9059634,6.0,81.0,47.5,Unknown,2.0,42901.7,0.0,3.0
512588,16.0,193.0,34.5,Female,2.0,62646.04,6.0,9.0
9470158,5.0,70.0,60.0,Unknown,2.0,29597.78,1.0,4.0
6767871,13.0,167.0,51.0,Female,2.0,144802.97999999998,3.0,6.0
8872062,4.0,58.0,29.0,Unknown,2.0,44209.4,0.0,3.0
218903,8.0,104.0,61.0,Female,2.0,32363.57,3.0,6.0
5370094,16.0,192.0,43.5,Female,2.0,48608.44,0.0,3.0
2627144,11.0,140.0,43.0,Male,2.0,144917.06,1.0,4.0
8530525,4.0,58.0,33.5,Unknown,2.0,28089.41,0.0,3.0
2465426,6.0,74.0,50.0,Unknown,2.0,150135.8,1.0,4.0
7511753,14.0,172.0,42.5,Female,2.0,256153.18,6.0,9.0
6272543,6.0,73.0,44.5,Unknown,2.0,89888.18,1.0,4.0
660908,10.0,121.0,35.5,Male,2.0,45105.48,0.0,3.0
2068892,15.0,190.0,34.0,Female,2.0,28144.28,0.0,3.0
8314579,13.0,166.0,65.5,Male,2.0,624681.3300000001,6.0,9.0
5766782,7.0,94.0,45.5,Unknown,2.0,25592.24,2.0,5.0
7053642,13.0,167.0,45.0,Female,2.0,27985.7,0.0,3.0
5834206,4.0,55.0,57.0,Female,2.0,32544.11,3.0,6.0
118723,29.0,359.0,74.0,Female,3.0,450736.36,5.0,8.0
4351236,3.0,47.0,37.0,Unknown,2.0,45339.57,1.0,4.0
4928046,16.0,192.0,78.0,Female,2.0,307753.44,1.0,5.0
3985654,11.0,136.0,48.5,Male,2.0,72422.20999999999,4.0,7.0
8948004,6.0,74.0,43.0,Unknown,2.0,43986.03999999999,1.0,4.0
9789067,7.0,85.0,54.0,Unknown,2.0,47175.42,2.0,5.0
124572,15.0,180.0,51.5,Male,2.0,88213.62,6.0,9.0
7720553,19.0,237.0,60.0,Male,2.0,73591.92,4.0,7.0
7295877,8.0,104.0,61.5,Female,2.0,39667.17,2.0,5.0
4304691,5.0,71.0,29.0,Unknown,2.0,30140.01,4.0,7.0
2545346,8.0,105.0,29.0,Male,2.0,61184.63,2.0,5.0
9030251,14.0,178.0,39.0,Male,2.0,57817.03,0.0,3.0
8310565,5.0,67.0,63.0,Male,2.0,351414.45,6.0,9.0
5413860,11.0,133.0,54.0,Male,2.0,338148.42,0.0,3.0
6052976,12.0,145.0,35.0,Female,3.0,53346.63,2.0,5.0
7709294,10.0,120.0,65.0,Male,2.0,655465.8300000001,6.0,9.0
7022473,14.0,172.0,25.5,Female,2.0,31455.06,2.0,5.0
7831661,6.0,74.0,42.5,Unknown,2.0,26170.08,1.0,4.0
1298895,6.0,83.0,55.0,Unknown,2.0,255418.94,5.0,8.0
4869184,6.0,82.0,27.0,Unknown,3.0,117750.15,2.0,5.0
6389654,7.0,87.0,46.5,Unknown,4.0,123807.1,4.0,7.0
6862833,6.0,83.0,24.5,Female,2.0,65884.79000000001,3.0,6.0
6488651,6.0,74.0,63.5,Unknown,2.0,31689.55,0.0,3.0
5605538,23.0,287.0,71.0,Male,3.0,120572.01,3.0,6.0
5203477,21.0,262.0,43.0,Female,2.0,24639.06,1.0,4.0
38963,20.0,245.0,45.5,Male,2.0,752084.8200000001,0.0,5.0
8763393,19.0,239.0,49.0,Male,2.0,44034.91,1.0,4.0
60483,43.0,516.0,52.5,Male,2.0,25984.77,1.0,4.0
269352,17.0,205.0,34.5,Male,3.0,155215.77999999997,6.0,9.0
967459,13.0,157.0,54.0,Female,2.0,35273.73,1.0,4.0
6244402,15.0,186.0,22.0,Male,3.0,71797.13,3.0,6.0
9709255,13.0,157.0,42.0,Unknown,2.0,67817.93,3.0,6.0
9085035,9.0,110.0,65.0,Male,2.0,39925.8,5.0,8.0
7494174,8.0,104.0,24.5,Female,2.0,28546.36,6.0,9.0
3870564,5.0,66.0,54.5,Unknown,2.0,49752.28999999999,6.0,9.0
2318298,3.0,43.0,57.5,Unknown,2.0,46309.69,4.0,7.0
7681476,16.0,193.0,63.5,Male,2.0,72495.26,2.0,5.0
7882778,15.0,183.0,60.5,Male,2.0,27341.7,2.0,5.0
7758380,14.0,171.0,33.0,Male,2.0,102168.69,1.0,4.0
50090,13.0,157.0,54.5,Male,2.0,77163.57,4.0,7.0
6620552,9.0,108.0,27.0,Male,2.0,78612.38,5.0,8.0
936963,7.0,87.0,30.5,Unknown,2.0,28745.56,0.0,3.0
9716956,4.0,58.0,24.5,Unknown,2.0,40535.59,1.0,4.0
7771439,5.0,70.0,31.5,Male,3.0,136801.25,0.0,3.0
1505095,9.0,118.0,41.5,Female,2.0,75703.03,4.0,7.0
1745768,15.0,189.0,62.5,Male,2.0,96389.36,6.0,9.0
2345882,12.0,154.0,38.0,Male,2.0,132568.0,3.0,6.0
7940723,10.0,127.0,58.5,Female,2.0,200609.32,6.0,9.0
3134098,4.0,59.0,24.0,Unknown,2.0,27733.0,2.0,5.0
9653920,19.0,228.0,55.0,Female,2.0,54897.72,3.0,6.0
3546351,10.0,126.0,44.5,Female,2.0,27708.54,1.0,4.0
7534618,4.0,58.0,52.0,Unknown,2.0,51277.85,2.0,5.0
262702,8.0,102.0,35.5,Unknown,2.0,31189.18,0.0,3.0
763889,12.0,151.0,60.5,Male,2.0,114461.82,6.0,9.0
9100473,11.0,142.0,59.5,Female,2.0,45545.94,5.0,8.0
8403489,8.0,98.0,42.5,Unknown,2.0,104569.95,6.0,9.0
2738233,13.0,157.0,37.5,Female,3.0,57985.77,3.0,6.0
9582040,13.0,158.0,35.5,Male,2.0,31957.24,1.0,4.0
8235124,4.0,57.0,34.5,Unknown,2.0,45255.16,6.0,9.0
2911049,4.0,58.0,59.5,Male,2.0,31830.09,1.0,4.0
3519588,16.0,196.0,67.0,Male,2.0,105691.04,1.0,5.0
5482003,15.0,188.0,53.5,Female,2.0,90518.93,0.0,3.0
2122411,7.0,87.0,22.0,Unknown,3.0,73241.37,6.0,9.0
5585090,4.0,56.0,38.5,Unknown,2.0,105406.85,0.0,3.0
7059321,5.0,65.0,39.0,Male,3.0,40472.56,0.0,3.0
6256711,27.0,332.0,65.5,Female,2.0,76414.13,2.0,5.0
8737364,6.0,83.0,30.5,Unknown,2.0,52840.69,0.0,3.0
1972845,6.0,83.0,51.5,Female,3.0,48234.96,0.0,3.0
5215310,14.0,177.0,42.0,Male,2.0,73952.79000000001,0.0,3.0
1969160,15.0,184.0,64.5,Male,2.0,932624.02,2.0,5.0
2838107,23.0,282.0,58.5,Female,3.0,137273.38,6.0,9.0
2878339,21.0,262.0,46.5,Male,3.0,131956.0,6.0,9.0
1796988,20.0,251.0,57.0,Female,2.0,94390.45,0.0,3.0
9004664,20.0,246.0,60.0,Female,3.0,259497.56,5.0,8.0
5189898,16.0,193.0,20.5,Male,2.0,49238.78,2.0,5.0
5204861,8.0,102.0,39.0,Unknown,2.0,62332.34,2.0,5.0
7481862,13.0,158.0,56.5,Male,2.0,26874.22,6.0,9.0
2240811,15.0,191.0,47.0,Female,2.0,148345.71,0.0,3.0
6395464,16.0,195.0,37.0,Male,2.0,42023.38,2.0,5.0
3587803,13.0,157.0,42.0,Female,2.0,31510.02,1.0,4.0
7366477,15.0,185.0,35.0,Female,2.0,53322.14,2.0,5.0
4390066,23.0,277.0,28.0,Female,4.0,70211.82,2.0,5.0
9208111,26.0,323.0,70.5,Female,3.0,214842.02,6.0,9.0
923066,14.0,174.0,74.5,Male,2.0,98613.79,4.0,7.0
1615546,8.0,96.0,44.5,Unknown,2.0,50930.41,2.0,5.0
5703783,27.0,324.0,59.5,Male,3.0,84621.32,6.0,9.0
2023853,15.0,190.0,47.5,Female,2.0,62270.77,0.0,3.0
4445140,6.0,83.0,37.5,Unknown,2.0,34198.58,5.0,8.0
3513949,15.0,190.0,59.5,Unknown,2.0,49498.7,1.0,4.0
7763031,14.0,168.0,46.0,Female,2.0,33717.5,3.0,6.0
5363445,5.0,70.0,53.5,Unknown,2.0,42507.89,1.0,4.0
4778274,8.0,99.0,53.0,Unknown,2.0,448133.94,6.0,9.0
5345656,6.0,73.0,24.5,Unknown,2.0,31441.4,5.0,8.0
2915540,11.0,135.0,57.0,Female,4.0,88630.72,2.0,5.0
3740163,6.0,73.0,55.5,Unknown,2.0,53753.19,0.0,3.0
5838050,16.0,192.0,32.5,Female,2.0,54566.82,2.0,5.0
3798326,7.0,85.0,24.5,Unknown,3.0,88142.64,6.0,9.0
5295191,10.0,124.0,53.0,Female,2.0,54648.17999999999,5.0,8.0
5559545,7.0,94.0,21.0,Unknown,2.0,41344.76,0.0,3.0
9305373,6.0,74.0,25.5,Female,2.0,57118.83,2.0,6.0
1663340,17.0,212.0,58.5,Male,2.0,207733.5,2.0,6.0
329693,14.0,169.0,49.0,Female,2.0,35746.64,3.0,6.0
4852798,5.0,69.0,42.5,Unknown,2.0,122238.99,6.0,9.0
1063936,2.0,35.0,61.0,Unknown,2.0,72768.98,0.0,3.0
9140707,6.0,74.0,35.5,Unknown,2.0,28106.26,0.0,3.0
4256150,13.0,166.0,34.5,Female,2.0,41508.17,3.0,6.0
3590765,10.0,120.0,48.5,Female,2.0,68551.6,1.0,4.0
6535825,6.0,72.0,50.0,Unknown,3.0,65858.54000000001,4.0,7.0
8267974,11.0,138.0,53.5,Male,2.0,103311.93,1.0,4.0
5440451,7.0,94.0,68.0,Unknown,2.0,43939.26,3.0,7.0
4255977,33.0,396.0,77.0,Female,2.0,113211.32,0.0,4.0
8193148,5.0,70.0,59.0,Unknown,2.0,43781.17999999999,4.0,7.0
3101604,7.0,95.0,61.0,Unknown,2.0,128877.18,2.0,5.0
3843556,6.0,77.0,68.5,Female,2.0,26702.64,1.0,4.0
6776391,7.0,86.0,47.0,Unknown,2.0,48632.34,3.0,6.0
3259703,19.0,235.0,64.5,Female,2.0,23845.99,3.0,6.0
3149254,10.0,121.0,57.0,Female,2.0,64874.06,3.0,6.0
3174716,10.0,121.0,54.5,Male,2.0,39276.95,2.0,5.0
130452,25.0,305.0,31.5,Female,2.0,31073.21,1.0,4.0
207299,25.0,300.0,47.5,Female,4.0,360694.41,5.0,8.0
3017509,24.0,294.0,54.0,Female,2.0,583808.7100000001,5.0,8.0
3888074,24.0,288.0,50.5,Male,2.0,61916.67,6.0,9.0
251748,22.0,273.0,42.5,Male,3.0,121951.29,3.0,6.0
7492322,22.0,265.0,33.0,Male,3.0,72448.85,4.0,7.0
6179707,21.0,262.0,55.0,Male,2.0,66866.45,1.0,4.0
2618189,20.0,251.0,54.5,Female,3.0,31285.12,4.0,7.0
6099434,20.0,242.0,59.0,Male,3.0,215702.77,2.0,5.0
4834299,19.0,239.0,62.0,Male,2.0,143275.88,2.0,5.0
4031982,18.0,224.0,63.5,Female,2.0,26400.93,2.0,5.0
6115596,18.0,221.0,54.5,Female,3.0,506849.79,6.0,9.0
7330891,17.0,205.0,48.5,Male,3.0,625373.11,6.0,9.0
9915448,13.0,166.0,32.0,Female,2.0,137870.99,5.0,8.0
3003396,9.0,116.0,55.0,Female,2.0,119560.63,6.0,9.0
4825475,6.0,74.0,23.5,Unknown,2.0,66750.59,0.0,3.0
6584990,14.0,178.0,24.5,Male,2.0,47731.94,3.0,6.0
4432738,4.0,59.0,39.5,Male,2.0,65079.71,0.0,3.0
7274855,6.0,72.0,66.5,Unknown,4.0,84812.56,3.0,6.0
3787817,15.0,189.0,37.0,Female,2.0,23893.11,5.0,8.0
1588357,14.0,179.0,22.0,Male,2.0,38659.37,5.0,8.0
3013739,27.0,330.0,60.5,Female,2.0,32134.28,1.0,4.0
7203298,5.0,60.0,20.5,Unknown,2.0,25575.28,6.0,9.0
2763922,12.0,152.0,62.5,Female,2.0,45682.77,0.0,3.0
2901829,9.0,112.0,34.5,Unknown,3.0,107648.33,6.0,9.0
4464535,5.0,63.0,40.0,Unknown,2.0,29926.79,1.0,4.0
1089784,5.0,69.0,50.5,Unknown,2.0,117780.88,3.0,6.0
81303,8.0,107.0,54.5,Male,2.0,80813.12,6.0,9.0
1851755,21.0,253.0,62.5,Male,2.0,39476.38,6.0,9.0
9221129,4.0,56.0,33.5,Unknown,2.0,58422.08,0.0,3.0
9313090,10.0,122.0,31.0,Male,3.0,206018.88,6.0,9.0
8847290,26.0,321.0,71.0,Male,3.0,46028.07,4.0,7.0
8996402,13.0,156.0,56.0,Male,2.0,37213.65,1.0,4.0
5511315,5.0,67.0,34.5,Unknown,2.0,29288.3,5.0,8.0
26036,12.0,154.0,28.5,Male,3.0,41695.78999999999,6.0,9.0
7209069,17.0,209.0,66.0,Female,2.0,57285.38,2.0,5.0
6835222,10.0,123.0,67.0,Male,2.0,47211.8,5.0,8.0
2995640,14.0,172.0,33.5,Female,2.0,27209.37,0.0,3.0
5030589,15.0,185.0,52.5,Female,2.0,106615.7,1.0,4.0
6595818,11.0,141.0,51.0,Male,2.0,26625.3,1.0,4.0
8722595,15.0,181.0,33.0,Male,2.0,69131.54999999999,2.0,5.0
8951254,4.0,57.0,32.0,Unknown,2.0,63372.26,6.0,9.0
72988,10.0,127.0,21.0,Male,2.0,46803.96,3.0,6.0
6954487,15.0,189.0,49.0,Male,2.0,71148.67,4.0,7.0
6167873,17.0,207.0,41.5,Male,2.0,35873.23,3.0,6.0
1526652,19.0,234.0,45.5,Female,2.0,405856.49,0.0,3.0
7702166,10.0,130.0,53.0,Male,2.0,123437.85,1.0,4.0
4617245,16.0,195.0,48.5,Male,2.0,70371.33,0.0,3.0
3698906,6.0,83.0,18.5,Unknown,3.0,37939.69,4.0,7.0
7374240,5.0,71.0,26.0,Unknown,2.0,26710.88,0.0,3.0
6809622,6.0,73.0,34.5,Unknown,2.0,57649.32,3.0,6.0
4496283,13.0,156.0,77.0,Male,2.0,194793.16,1.0,4.0
4501407,16.0,193.0,48.0,Female,2.0,75941.70999999999,2.0,5.0
6030837,6.0,79.0,58.0,Unknown,2.0,169753.90999999997,3.0,6.0
3418515,6.0,73.0,52.5,Unknown,3.0,465114.05,6.0,9.0
2231000,24.0,294.0,64.0,Male,2.0,132961.93,1.0,4.0
3560316,22.0,264.0,48.5,Female,3.0,89468.38,3.0,7.0
9196113,20.0,242.0,62.5,Male,2.0,110172.67,2.0,5.0
2814555,15.0,184.0,33.0,Male,3.0,133937.21,4.0,7.0
9842563,8.0,99.0,62.5,Unknown,4.0,480144.79,6.0,9.0
5545357,8.0,107.0,30.5,Female,2.0,127433.83,4.0,7.0
1355532,16.0,198.0,72.5,Male,2.0,40833.92999999999,6.0,9.0
3635810,7.0,85.0,21.5,Unknown,2.0,39819.41,6.0,9.0
6518235,5.0,63.0,58.0,Female,2.0,56044.92,2.0,5.0
8036117,10.0,130.0,64.0,Male,2.0,79985.1,0.0,3.0
3365641,5.0,70.0,57.5,Female,2.0,59415.31,0.0,3.0
3186988,6.0,75.0,57.5,Unknown,2.0,77256.53,1.0,4.0
614307,6.0,73.0,22.0,Unknown,2.0,31749.28,6.0,9.0
5588396,6.0,77.0,47.0,Unknown,2.0,44078.27,4.0,7.0
9272674,7.0,93.0,26.0,Unknown,2.0,42125.73,6.0,9.0
4939103,8.0,106.0,44.0,Unknown,2.0,51626.8,6.0,9.0
5686484,10.0,125.0,44.0,Female,2.0,85299.67,3.0,6.0
9245956,12.0,149.0,49.0,Female,2.0,129174.97,1.0,4.0
331166,7.0,85.0,33.0,Unknown,3.0,81625.01999999999,6.0,9.0
1483517,6.0,73.0,65.5,Female,2.0,76511.54999999999,1.0,4.0
4938573,8.0,98.0,41.5,Unknown,2.0,33304.79,0.0,3.0
8551425,5.0,64.0,27.0,Unknown,3.0,72195.62,6.0,9.0
7828956,7.0,88.0,62.0,Unknown,3.0,275446.29,3.0,6.0
6439633,15.0,184.0,71.0,Female,2.0,124171.41,5.0,8.0
4872697,5.0,62.0,19.0,Unknown,2.0,32397.84,0.0,3.0
1775579,8.0,107.0,25.0,Male,3.0,82670.13,0.0,3.0
2238446,8.0,99.0,43.5,Unknown,2.0,58936.28,1.0,4.0
4780076,5.0,70.0,64.5,Unknown,4.0,556057.8400000001,3.0,6.0
6474386,11.0,139.0,31.5,Female,2.0,35503.67,2.0,5.0
4936704,6.0,80.0,47.5,Unknown,2.0,80848.11,6.0,9.0
6283437,5.0,66.0,22.0,Female,2.0,25543.92,0.0,3.0
971116,7.0,92.0,24.5,Male,2.0,26201.64,2.0,5.0
9217428,8.0,102.0,57.0,Unknown,3.0,90746.03,1.0,4.0
1527518,7.0,95.0,24.5,Unknown,2.0,26818.71,0.0,3.0
4243376,15.0,188.0,54.0,Unknown,2.0,89792.42,0.0,3.0
5701822,15.0,186.0,22.5,Male,2.0,85873.54999999999,0.0,3.0
5314335,4.0,59.0,25.0,Unknown,3.0,57203.94,5.0,8.0
8262929,13.0,164.0,56.0,Male,2.0,26251.37,1.0,4.0
9644436,6.0,80.0,27.5,Unknown,2.0,27594.71,4.0,7.0
778534,9.0,109.0,37.5,Male,2.0,108350.0,2.0,5.0
7723,30.0,364.0,54.5,Male,4.0,571316.8,5.0,8.0
1967307,16.0,197.0,62.0,Female,2.0,117481.49,5.0,8.0
3055168,8.0,104.0,85.5,Male,2.0,884163.8200000001,6.0,9.0
7538120,5.0,69.0,40.5,Unknown,2.0,38387.34,6.0,9.0
9644538,10.0,122.0,62.0,Male,2.0,126855.9,3.0,6.0
2889903,11.0,136.0,65.5,Male,2.0,117255.62,4.0,7.0
3282519,22.0,272.0,51.5,Female,2.0,50963.95,0.0,3.0
8007566,22.0,270.0,48.0,Male,3.0,69044.67,4.0,7.0
1419076,20.0,251.0,27.0,Female,4.0,146525.86,1.0,4.0
89039,18.0,224.0,70.5,Female,2.0,24093.76,1.0,4.0
6674162,17.0,211.0,46.0,Female,2.0,52118.17999999999,0.0,3.0
3891085,4.0,55.0,23.5,Unknown,2.0,25060.06,1.0,4.0
6667120,9.0,118.0,60.5,Female,2.0,44383.66,6.0,9.0
9561662,15.0,189.0,61.0,Male,2.0,28279.77,6.0,9.0
5046613,15.0,189.0,59.5,Female,2.0,529674.38,1.0,4.0
104884,28.0,346.0,83.0,Male,3.0,182794.47,5.0,8.0
15189,5.0,66.0,19.5,Unknown,3.0,52505.2,1.0,4.0
8490158,4.0,58.0,30.5,Unknown,2.0,38014.83,1.0,4.0
1476693,14.0,179.0,29.0,Female,2.0,49091.16,1.0,4.0
1709070,9.0,116.0,34.0,Male,2.0,68937.54999999999,0.0,3.0
8635284,5.0,64.0,64.5,Unknown,2.0,31058.4,6.0,9.0
287360,17.0,212.0,67.5,Male,2.0,145555.78,5.0,8.0
5899889,5.0,69.0,25.5,Unknown,2.0,39600.95,4.0,7.0
5704621,10.0,121.0,51.5,Female,2.0,86506.26,4.0,7.0
3758071,9.0,118.0,55.0,Female,2.0,111301.76,1.0,4.0
4285798,8.0,98.0,49.0,Unknown,2.0,98201.79,1.0,4.0
4244755,12.0,154.0,50.0,Female,2.0,59108.52,1.0,4.0
1007551,19.0,228.0,30.0,Male,2.0,57124.37,5.0,8.0
8584218,4.0,58.0,33.0,Unknown,2.0,51443.13,1.0,4.0
9743479,7.0,94.0,44.0,Unknown,2.0,205694.46,5.0,8.0
4267119,3.0,39.0,66.5,Male,2.0,799421.74,2.0,5.0
637311,15.0,187.0,42.0,Male,2.0,53513.4,2.0,5.0
9619098,12.0,147.0,35.0,Male,2.0,41061.64,2.0,5.0
9022579,7.0,91.0,46.0,Unknown,2.0,36550.08,6.0,9.0
2012155,10.0,125.0,64.5,Male,2.0,557545.4700000001,1.0,4.0
1828544,14.0,169.0,60.5,Male,2.0,43820.95,6.0,9.0
3773891,9.0,119.0,33.0,Male,2.0,81787.44,4.0,7.0
740744,15.0,187.0,61.0,Female,2.0,156145.27999999997,0.0,3.0
6201149,13.0,157.0,33.5,Female,2.0,80513.23999999999,2.0,5.0
4860513,14.0,170.0,69.0,Male,2.0,272991.82,2.0,5.0
4398956,11.0,137.0,35.5,Male,2.0,242063.7,6.0,9.0
9070743,27.0,328.0,26.5,Female,2.0,77046.14,1.0,4.0
9056069,4.0,55.0,63.5,Male,2.0,712422.81,1.0,4.0
1721065,4.0,58.0,37.0,Unknown,2.0,38265.54,1.0,4.0
6766995,7.0,84.0,22.5,Male,2.0,25181.02,6.0,9.0
5969798,28.0,342.0,69.0,Female,2.0,32146.43,1.0,4.0
1606322,16.0,195.0,52.0,Male,2.0,151790.88,6.0,9.0
3993300,7.0,93.0,57.5,Unknown,2.0,180275.19,6.0,9.0
4072973,15.0,191.0,47.5,Female,2.0,31731.51,2.0,5.0
2457355,14.0,179.0,70.0,Male,2.0,58050.69,3.0,6.0
9206028,12.0,155.0,66.0,Female,2.0,69354.95999999999,4.0,7.0
4683581,11.0,143.0,44.5,Male,2.0,129295.01,5.0,8.0
1485199,4.0,57.0,20.5,Unknown,2.0,26490.6,0.0,3.0
5562631,15.0,188.0,53.0,Male,3.0,54381.51,6.0,9.0
3781352,4.0,57.0,41.0,Unknown,2.0,68571.85,1.0,4.0
8412974,15.0,189.0,37.0,Female,3.0,113453.09,3.0,6.0
8636238,34.0,418.0,55.5,Male,2.0,48674.86,6.0,9.0
8042987,8.0,96.0,56.0,Unknown,2.0,51783.33,4.0,7.0
3901436,13.0,162.0,69.5,Unknown,2.0,373969.13,2.0,5.0
7310208,9.0,112.0,66.0,Unknown,2.0,198856.62,6.0,9.0
4640118,19.0,238.0,65.5,Male,2.0,43054.03,6.0,9.0
6524126,12.0,152.0,41.5,Female,2.0,65008.83,3.0,7.0
2110330,13.0,167.0,36.5,Male,2.0,107663.5,0.0,3.0
2349303,10.0,125.0,56.5,Female,2.0,72329.4,1.0,4.0
2955739,15.0,190.0,47.5,Female,2.0,39489.62,0.0,3.0
7668738,10.0,120.0,40.5,Female,3.0,136509.59,5.0,8.0
8913814,23.0,280.0,63.5,Male,2.0,1687482.14,6.0,9.0
5511884,24.0,289.0,51.0,Unknown,2.0,61163.27,1.0,4.0
8322804,21.0,259.0,78.5,Male,2.0,513279.48,6.0,9.0
948941,20.0,250.0,54.5,Female,5.0,660186.9700000001,6.0,9.0
1957156,20.0,246.0,71.5,Female,2.0,86599.85,1.0,4.0
1817759,19.0,236.0,56.5,Male,3.0,190315.9,6.0,9.0
2972967,19.0,236.0,37.0,Male,3.0,118358.71,6.0,9.0
2599976,14.0,171.0,24.0,Female,2.0,50133.23,2.0,5.0
4065016,4.0,59.0,23.5,Unknown,2.0,52677.15,3.0,6.0
7628980,13.0,167.0,27.0,Male,3.0,110779.1,6.0,9.0
5276888,13.0,167.0,32.0,Male,3.0,951013.11,4.0,7.0
4382767,5.0,60.0,21.5,Unknown,2.0,47739.53,5.0,9.0
3414284,12.0,148.0,53.5,Female,3.0,237062.41,5.0,8.0
9138391,28.0,347.0,37.0,Male,2.0,272708.26,4.0,7.0
755285,6.0,80.0,52.5,Unknown,2.0,352692.37,3.0,6.0
8211256,5.0,60.0,28.5,Unknown,2.0,30112.1,2.0,5.0
7919818,16.0,195.0,37.5,Female,2.0,43684.05,0.0,3.0
4680935,5.0,60.0,51.0,Unknown,2.0,84080.0,4.0,7.0
2800338,12.0,152.0,42.5,Male,2.0,39853.64,0.0,3.0
7732604,4.0,57.0,34.0,Male,3.0,42032.53999999999,2.0,5.0
8696471,34.0,412.0,61.0,Female,2.0,66184.94,2.0,5.0
5532383,15.0,180.0,58.5,Unknown,2.0,36617.99,2.0,5.0
2020501,12.0,153.0,44.5,Male,3.0,44861.7,5.0,8.0
7697255,11.0,137.0,28.0,Male,2.0,82083.35,6.0,9.0
549217,7.0,84.0,55.5,Unknown,2.0,1297458.99,4.0,7.0
1715176,12.0,149.0,57.0,Female,2.0,68526.09,0.0,3.0
6139351,13.0,164.0,33.5,Female,3.0,252758.69,6.0,9.0
9616031,13.0,158.0,32.5,Female,2.0,117864.8,1.0,4.0
5433522,13.0,162.0,42.0,Male,3.0,186132.15,3.0,6.0
2908510,21.0,252.0,34.0,Male,3.0,141808.05,6.0,9.0
4276469,9.0,113.0,32.5,Male,2.0,94787.63,3.0,6.0
3940377,6.0,79.0,62.0,Unknown,2.0,28637.8,6.0,9.0
2664922,8.0,105.0,51.0,Female,2.0,48040.78,6.0,9.0
8600953,13.0,164.0,36.0,Female,2.0,60255.07,4.0,7.0
6019066,23.0,279.0,46.5,Male,2.0,103238.61,4.0,7.0
209511,4.0,59.0,36.5,Unknown,2.0,48219.92,6.0,9.0
7598039,5.0,66.0,85.5,Unknown,2.0,74662.42,1.0,4.0
9964277,15.0,187.0,61.5,Female,2.0,430806.13,6.0,9.0
4906171,4.0,58.0,59.5,Unknown,2.0,26403.74,6.0,9.0
7353626,12.0,145.0,24.5,Female,2.0,30828.72,2.0,5.0
4702836,9.0,114.0,30.5,Female,2.0,41646.25,2.0,5.0
2405238,15.0,190.0,58.5,Female,2.0,32601.57,2.0,5.0
7401549,12.0,149.0,33.0,Female,2.0,51269.11,6.0,9.0
1126971,6.0,80.0,30.0,Unknown,3.0,90116.11,6.0,9.0
9917901,11.0,132.0,32.5,Female,2.0,37732.65,0.0,3.0
6427754,22.0,271.0,50.0,Unknown,3.0,31720.91,2.0,5.0
8788903,22.0,269.0,23.0,Unknown,2.0,54146.31,6.0,9.0
2053183,21.0,255.0,51.5,Female,2.0,102873.14,1.0,4.0
5991510,19.0,238.0,43.5,Female,3.0,420228.42,4.0,7.0
4220565,27.0,324.0,55.0,Female,5.0,220518.34000000003,5.0,8.0
8712400,4.0,56.0,37.0,Unknown,2.0,25705.55,1.0,4.0
8254513,6.0,77.0,23.5,Unknown,2.0,59690.51,2.0,5.0
2182722,6.0,83.0,72.0,Male,2.0,339938.3,5.0,8.0
4852240,7.0,95.0,25.5,Unknown,2.0,67601.78,0.0,3.0
110772,6.0,73.0,55.5,Unknown,2.0,50050.5,3.0,6.0
2346576,9.0,108.0,53.5,Male,2.0,35325.0,5.0,8.0
2906154,6.0,83.0,59.0,Unknown,2.0,65294.27,0.0,3.0
5030525,15.0,184.0,84.0,Male,2.0,56656.24,3.0,6.0
7496077,13.0,161.0,38.5,Male,2.0,79370.64,6.0,9.0
8919156,12.0,155.0,36.5,Female,2.0,43848.03999999999,0.0,3.0
1072043,9.0,111.0,17.5,Male,2.0,24951.14,2.0,5.0
4476408,6.0,81.0,31.5,Unknown,2.0,39446.23,6.0,9.0
3994533,8.0,100.0,47.0,Unknown,4.0,195346.19,6.0,9.0
4570131,5.0,69.0,37.5,Female,2.0,47100.95,5.0,8.0
6811150,6.0,78.0,49.5,Unknown,2.0,32018.84,1.0,4.0
2644510,7.0,95.0,60.5,Female,2.0,863581.27,6.0,9.0
1310440,8.0,106.0,30.5,Male,2.0,32542.0,6.0,9.0
3821650,4.0,58.0,58.5,Unknown,2.0,151613.34,1.0,4.0
2324576,29.0,359.0,29.5,Female,2.0,63894.2,4.0,7.0
1682436,4.0,57.0,66.0,Male,3.0,37626.37,6.0,9.0
6938105,10.0,130.0,63.0,Male,2.0,38823.01,1.0,4.0
7252312,4.0,57.0,25.0,Unknown,3.0,44514.49,6.0,9.0
8690643,24.0,292.0,27.0,Female,2.0,45051.06,2.0,5.0
6321743,4.0,58.0,35.0,Unknown,2.0,31101.0,0.0,3.0
1946416,10.0,130.0,35.0,Male,3.0,106984.29,0.0,3.0
8628870,4.0,58.0,37.0,Unknown,2.0,37294.96,2.0,5.0
8306812,9.0,110.0,31.0,Male,2.0,37853.69,3.0,6.0
3052516,11.0,132.0,47.0,Male,2.0,41845.13,2.0,5.0
3317433,6.0,73.0,26.0,Male,2.0,77561.81,5.0,8.0
1737145,15.0,181.0,80.0,Male,2.0,41239.09,5.0,8.0
5757378,5.0,68.0,51.0,Unknown,2.0,25095.66,1.0,4.0
4018364,5.0,67.0,25.0,Unknown,2.0,39968.4,0.0,4.0
6532260,6.0,74.0,28.0,Unknown,2.0,49842.95,2.0,5.0
6340340,10.0,123.0,32.5,Female,2.0,32302.86,3.0,6.0
5040920,13.0,158.0,56.5,Male,2.0,109010.57,4.0,7.0
6650565,34.0,418.0,72.0,Female,2.0,74400.15,4.0,7.0
1427054,4.0,56.0,32.5,Unknown,2.0,45622.15,5.0,8.0
9534189,7.0,92.0,25.5,Male,2.0,52885.78999999999,5.0,8.0
2000080,14.0,178.0,32.5,Male,2.0,25062.7,0.0,3.0
3519242,13.0,166.0,31.5,Male,2.0,48738.27,6.0,9.0
2949083,11.0,134.0,63.0,Female,2.0,37669.09,5.0,8.0
4910229,9.0,115.0,64.5,Female,2.0,35873.16,3.0,6.0
1691845,4.0,58.0,28.0,Unknown,4.0,85208.19,4.0,7.0
6520360,10.0,124.0,51.5,Male,2.0,45495.91,1.0,4.0
6320900,5.0,62.0,72.5,Female,2.0,37070.25,4.0,7.0
8104990,7.0,89.0,53.5,Unknown,2.0,26826.86,0.0,3.0
6071177,13.0,166.0,54.5,Male,2.0,29966.65,0.0,3.0
1808020,19.0,239.0,51.0,Unknown,2.0,352992.92,5.0,8.0
3564357,5.0,66.0,56.5,Unknown,2.0,32595.6,2.0,5.0
2439,11.0,142.0,56.0,Male,2.0,504142.55,0.0,3.0
618446,12.0,148.0,69.0,Male,2.0,45901.02,6.0,9.0
5425372,15.0,191.0,53.0,Female,2.0,96751.24,0.0,3.0
6172620,5.0,67.0,25.0,Unknown,3.0,45603.46,4.0,7.0
2221017,8.0,107.0,68.0,Male,3.0,239879.73,0.0,5.0
7063198,11.0,138.0,69.0,Female,2.0,215366.92,5.0,8.0
3091233,5.0,63.0,20.5,Unknown,2.0,25100.87,3.0,6.0
8555631,24.0,298.0,62.5,Female,2.0,51222.7,2.0,5.0
5540715,24.0,293.0,55.0,Female,2.0,68357.70999999999,6.0,9.0
4732163,23.0,277.0,54.5,Unknown,2.0,52967.58,2.0,5.0
6708409,22.0,271.0,57.0,Female,3.0,160144.07,2.0,5.0
2738404,22.0,265.0,66.0,Male,3.0,682068.16,4.0,7.0
2068284,20.0,250.0,53.0,Male,3.0,132356.41,3.0,6.0
67452,24.0,295.0,75.5,Unknown,3.0,326951.92,5.0,8.0
5791498,19.0,235.0,72.0,Female,2.0,430947.31,2.0,6.0
1238954,19.0,230.0,35.5,Male,3.0,193727.13,6.0,9.0
5838337,17.0,210.0,37.0,Unknown,3.0,51072.42,6.0,9.0
6383242,15.0,190.0,38.0,Male,3.0,183205.79,6.0,9.0
5203411,15.0,189.0,55.5,Female,3.0,38466.94,1.0,4.0
4761355,8.0,105.0,56.5,Female,2.0,55182.53,5.0,8.0
6958819,4.0,59.0,32.5,Unknown,2.0,44353.1,1.0,4.0
8051360,6.0,73.0,57.5,Male,2.0,304680.36,4.0,7.0
3888956,12.0,146.0,60.0,Male,2.0,211370.98,6.0,9.0
5385720,4.0,58.0,23.0,Unknown,2.0,38218.39,1.0,4.0
9297832,4.0,58.0,31.5,Unknown,2.0,47557.28,1.0,4.0
5161728,8.0,101.0,56.0,Unknown,2.0,545175.66,2.0,5.0
8255751,6.0,79.0,55.5,Unknown,2.0,34805.6,6.0,9.0
3206966,10.0,124.0,57.5,Male,2.0,157805.96999999997,2.0,5.0
5988856,6.0,79.0,51.0,Unknown,2.0,65615.92,5.0,8.0
6517293,9.0,109.0,30.0,Male,3.0,213787.14,6.0,9.0
3377070,5.0,64.0,24.5,Unknown,2.0,36495.99,2.0,5.0
6407208,12.0,154.0,29.5,Female,2.0,34117.119999999995,1.0,4.0
9105688,13.0,166.0,58.0,Female,2.0,132103.49,6.0,9.0
5404759,6.0,82.0,67.0,Unknown,2.0,40169.93,6.0,9.0
2902418,16.0,192.0,48.0,Female,2.0,59828.46,0.0,3.0
4784909,5.0,71.0,46.5,Male,2.0,49945.61,4.0,7.0
7279868,34.0,418.0,67.5,Male,3.0,915868.03,6.0,9.0
6219677,14.0,174.0,68.0,Female,2.0,250070.76,6.0,9.0
559435,7.0,92.0,34.5,Unknown,2.0,27173.31,0.0,3.0
1078809,6.0,72.0,60.5,Female,2.0,119612.15,6.0,9.0
5331814,11.0,136.0,57.0,Female,2.0,48228.85,2.0,5.0
3267809,13.0,166.0,44.0,Unknown,2.0,74580.01,1.0,4.0
6138222,4.0,58.0,29.5,Unknown,2.0,82019.17,5.0,8.0
8309125,15.0,180.0,68.5,Male,2.0,1005521.9,6.0,9.0
5028087,9.0,108.0,28.0,Female,2.0,74866.81,1.0,4.0
5617415,6.0,73.0,26.5,Unknown,2.0,43268.45,6.0,9.0
2514553,29.0,358.0,68.0,Female,2.0,227494.59000000003,3.0,6.0
4229407,16.0,193.0,58.5,Male,2.0,115254.03,6.0,9.0
4582770,13.0,158.0,34.5,Female,2.0,28494.26,0.0,3.0
8780301,13.0,160.0,36.0,Male,2.0,120844.68,2.0,5.0
3764816,16.0,197.0,66.5,Male,2.0,143594.28999999998,4.0,7.0
4369,14.0,172.0,70.5,Female,2.0,191263.96,0.0,3.0
6198147,12.0,150.0,41.5,Unknown,3.0,40847.83,1.0,4.0
267397,16.0,193.0,64.0,Female,2.0,114671.5,3.0,6.0
5079989,6.0,74.0,26.0,Male,2.0,43253.11,1.0,4.0
9977341,6.0,73.0,33.5,Unknown,1.0,31012.34,1.0,4.0
8267515,5.0,70.0,59.5,Unknown,2.0,27210.82,6.0,9.0
1571787,13.0,167.0,51.0,Female,4.0,116014.72,6.0,9.0
8627548,4.0,59.0,51.5,Unknown,2.0,51190.85,2.0,5.0
9409160,15.0,187.0,35.5,Female,3.0,92051.56,0.0,3.0
3493700,4.0,59.0,25.5,Unknown,2.0,29585.21,3.0,6.0
8402356,23.0,279.0,51.5,Unknown,2.0,240217.12,5.0,8.0
8323924,22.0,265.0,50.5,Female,3.0,67516.34,1.0,4.0
9472462,21.0,253.0,21.5,Male,2.0,31936.94,3.0,6.0
5087066,19.0,238.0,37.0,Male,2.0,32334.36,1.0,4.0
7262817,18.0,227.0,83.5,Female,2.0,159253.13,4.0,7.0
4336716,17.0,213.0,53.5,Unknown,2.0,124438.88,0.0,3.0
7214969,21.0,252.0,51.0,Female,2.0,64639.04,6.0,9.0
9744625,9.0,109.0,29.0,Female,2.0,77161.4,2.0,5.0
3824646,8.0,97.0,66.5,Unknown,2.0,76414.41,4.0,7.0
9184626,12.0,148.0,36.0,Male,2.0,37845.94,4.0,7.0
8922786,16.0,192.0,54.5,Male,2.0,700636.7300000001,2.0,5.0
8144587,11.0,141.0,36.0,Female,2.0,54027.47,0.0,3.0
1097069,7.0,84.0,71.0,Unknown,2.0,54494.34,3.0,6.0
6019257,6.0,76.0,68.5,Unknown,2.0,30962.09,0.0,3.0
2002497,7.0,89.0,29.5,Unknown,2.0,25415.95,2.0,5.0
9403166,16.0,197.0,75.5,Female,2.0,219790.06,2.0,5.0
6901974,11.0,142.0,40.0,Female,3.0,133963.91999999998,6.0,9.0
7501437,7.0,87.0,65.0,Unknown,2.0,71870.81,1.0,4.0
9460602,6.0,78.0,36.5,Unknown,2.0,242562.84000000003,0.0,3.0
6778500,7.0,93.0,39.0,Unknown,2.0,62234.23,2.0,5.0
3123928,6.0,73.0,22.5,Unknown,2.0,25226.27,2.0,5.0
3454901,5.0,60.0,32.5,Unknown,2.0,27734.89,2.0,5.0
5887136,21.0,253.0,44.5,Male,2.0,326062.48,2.0,5.0
1274569,9.0,118.0,59.5,Male,2.0,35417.68,4.0,7.0
560548,13.0,166.0,52.0,Female,2.0,28722.68,0.0,3.0
1054916,7.0,84.0,64.5,Unknown,3.0,519043.56,6.0,9.0
6197220,14.0,175.0,72.0,Female,2.0,67722.98,1.0,4.0
4069568,14.0,179.0,55.0,Female,2.0,54177.97,4.0,7.0
9646757,10.0,130.0,67.0,Female,2.0,222834.63,1.0,4.0
836311,11.0,136.0,63.5,Female,2.0,26278.31,0.0,3.0
1132005,7.0,89.0,32.5,Unknown,3.0,53662.63,1.0,4.0
587145,5.0,66.0,20.5,Unknown,3.0,48868.09,5.0,9.0
7608880,4.0,56.0,27.5,Male,2.0,35105.08,4.0,7.0
1557537,16.0,193.0,51.5,Male,2.0,125448.89,4.0,7.0
1830056,28.0,346.0,69.0,Unknown,3.0,427204.99,6.0,9.0
9608160,20.0,241.0,42.5,Male,2.0,66571.7,6.0,9.0
3853565,16.0,192.0,46.5,Male,2.0,128401.39,5.0,8.0
7690673,16.0,192.0,46.5,Male,3.0,213150.24,6.0,9.0
4549867,11.0,136.0,72.0,Male,2.0,31546.88,4.0,7.0
4179527,5.0,66.0,23.5,Male,2.0,29642.28,2.0,5.0
1708867,9.0,119.0,42.5,Female,2.0,71942.92,6.0,9.0
6385658,13.0,157.0,50.0,Female,2.0,118991.18,3.0,6.0
8378623,2.0,35.0,70.5,Unknown,2.0,354685.37,5.0,8.0
9065410,11.0,133.0,40.0,Male,3.0,57027.39,6.0,9.0
9661895,9.0,109.0,17.5,Male,2.0,25036.21,3.0,6.0
5265495,21.0,253.0,50.5,Male,2.0,124306.35,6.0,9.0
5903799,25.0,302.0,20.0,Male,2.0,29615.44,1.0,4.0
1095564,7.0,93.0,40.5,Unknown,2.0,60416.21,0.0,3.0
4286902,4.0,50.0,57.5,Female,2.0,79844.92,1.0,4.0
6848944,5.0,70.0,36.5,Unknown,2.0,25894.78,2.0,5.0
9036856,4.0,59.0,62.5,Unknown,2.0,142453.94,5.0,8.0
9007970,26.0,316.0,32.5,Female,2.0,45823.82,2.0,5.0
9973919,18.0,216.0,52.0,Female,2.0,25318.46,6.0,9.0
8949037,24.0,294.0,74.5,Female,3.0,147427.8,5.0,8.0
9771196,22.0,264.0,78.0,Male,2.0,28444.42,1.0,4.0
9736081,22.0,264.0,45.5,Female,2.0,178492.24,4.0,9.0
9490599,21.0,253.0,18.0,Male,2.0,36634.4,4.0,7.0
7334644,20.0,249.0,61.0,Female,2.0,58539.58,1.0,4.0
9161871,18.0,226.0,72.5,Female,3.0,219168.12,5.0,8.0
38714,10.0,122.0,60.0,Male,2.0,51584.55,6.0,9.0
9028616,7.0,95.0,58.5,Unknown,2.0,76212.84,3.0,6.0
2559536,15.0,186.0,48.0,Female,2.0,42340.15,2.0,5.0
8441190,5.0,66.0,31.5,Unknown,3.0,71677.79000000001,6.0,9.0
629429,23.0,285.0,46.0,Female,2.0,30457.61,5.0,8.0
8644898,5.0,65.0,44.0,Unknown,2.0,31541.81,6.0,9.0
5648906,4.0,57.0,35.5,Female,2.0,72828.85,2.0,5.0
4798704,17.0,205.0,73.0,Male,3.0,227956.5,1.0,4.0
7933700,16.0,193.0,43.0,Female,2.0,62157.75,6.0,9.0
7216759,6.0,82.0,26.5,Unknown,2.0,58371.53,0.0,3.0
2193176,17.0,204.0,60.0,Male,3.0,25576.07,1.0,4.0
7242748,13.0,157.0,37.0,Female,2.0,72633.79000000001,6.0,9.0
6323047,9.0,118.0,64.5,Female,2.0,32329.21,0.0,3.0
5691218,3.0,40.0,19.5,Unknown,2.0,37462.54,6.0,9.0
5952907,12.0,144.0,42.5,Male,2.0,33141.94,0.0,3.0
5380969,5.0,65.0,28.5,Unknown,2.0,30834.5,1.0,4.0
4562878,15.0,190.0,39.5,Female,2.0,193647.99,4.0,7.0
2676107,14.0,175.0,51.5,Female,2.0,114420.17,2.0,5.0
4556540,7.0,88.0,58.0,Unknown,2.0,107737.29,4.0,7.0
7391927,33.0,407.0,60.0,Male,2.0,94094.62,0.0,4.0
111012,8.0,97.0,30.0,Unknown,2.0,59543.55,4.0,7.0
2891606,30.0,370.0,32.0,Female,2.0,41108.74,3.0,6.0
2378565,6.0,83.0,34.5,Unknown,2.0,60810.91,2.0,5.0
2191364,6.0,83.0,34.0,Unknown,2.0,38414.75,1.0,4.0
5002241,5.0,70.0,49.5,Unknown,2.0,47269.65,6.0,9.0
4834586,6.0,74.0,32.0,Unknown,2.0,69468.54000000001,1.0,5.0
870732,10.0,123.0,55.0,Female,2.0,25243.51,0.0,3.0
7120674,8.0,101.0,44.0,Unknown,2.0,34821.649999999994,1.0,4.0
3569623,8.0,103.0,39.0,Unknown,2.0,110334.56,0.0,3.0
1004478,27.0,325.0,77.5,Female,2.0,47912.78,3.0,6.0
573200,6.0,76.0,38.5,Unknown,2.0,96933.9,5.0,8.0
6132846,8.0,103.0,22.5,Male,2.0,125968.64,6.0,9.0
1624643,5.0,70.0,20.5,Male,2.0,95880.0,6.0,9.0
5363768,20.0,250.0,33.0,Female,2.0,23844.72,1.0,4.0
4020788,6.0,74.0,18.5,Unknown,2.0,32181.9,0.0,3.0
5008750,7.0,87.0,32.0,Unknown,2.0,39954.41,0.0,3.0
659594,8.0,107.0,27.5,Female,2.0,68597.79999999999,6.0,9.0
6121045,28.0,336.0,58.5,Male,3.0,282312.39,0.0,4.0
9700536,7.0,91.0,55.5,Unknown,2.0,50243.34,0.0,3.0
4549830,5.0,70.0,34.5,Unknown,2.0,28880.0,0.0,3.0
7928980,24.0,288.0,54.5,Male,2.0,227165.69,5.0,8.0
5482492,20.0,242.0,63.0,Female,3.0,79015.62,6.0,9.0
629259,21.0,263.0,74.5,Female,2.0,87758.92,0.0,3.0
4894515,18.0,220.0,38.5,Female,3.0,47504.42999999999,3.0,6.0
5378112,23.0,280.0,39.5,Female,2.0,103366.9,1.0,4.0
1015395,8.0,105.0,66.5,Male,3.0,269252.89,6.0,9.0
843640,7.0,94.0,32.5,Unknown,2.0,70348.23,4.0,7.0
6776087,13.0,156.0,24.0,Female,3.0,52686.1,0.0,3.0
2747345,23.0,276.0,55.5,Female,3.0,1768775.02,4.0,7.0
9160341,8.0,96.0,34.5,Unknown,2.0,74755.85,2.0,5.0
5779610,27.0,325.0,58.5,Female,2.0,71834.44,2.0,5.0
8161095,5.0,65.0,41.5,Male,2.0,38482.32,1.0,4.0
4486685,8.0,107.0,58.5,Female,2.0,36164.28,0.0,3.0
3953909,8.0,102.0,31.0,Unknown,3.0,67545.1,6.0,9.0
5667617,4.0,58.0,61.5,Unknown,2.0,27061.15,1.0,4.0
3844266,6.0,77.0,50.0,Unknown,2.0,37006.68,2.0,5.0
6344478,13.0,161.0,43.5,Male,2.0,290043.38,6.0,9.0
9633577,7.0,94.0,54.5,Unknown,2.0,42285.55,1.0,4.0
1530517,10.0,128.0,57.5,Male,2.0,259915.45,5.0,8.0
1640513,15.0,189.0,51.0,Male,2.0,33476.57,5.0,8.0
7368169,6.0,72.0,75.5,Female,2.0,196677.89,6.0,9.0
9374152,15.0,184.0,32.5,Female,2.0,53221.89,2.0,5.0
6498706,9.0,108.0,69.0,Male,2.0,124996.26,4.0,7.0
8047921,13.0,164.0,65.5,Female,2.0,119434.91,6.0,9.0
2229604,13.0,166.0,55.0,Male,2.0,58816.46,3.0,6.0
9207565,8.0,105.0,25.5,Male,3.0,53062.03,0.0,3.0
3831232,5.0,70.0,46.5,Unknown,2.0,31188.97,0.0,3.0
5440417,12.0,145.0,73.5,Male,2.0,525174.17,2.0,5.0
6241245,27.0,328.0,67.5,Female,2.0,29370.09,4.0,7.0
9386546,12.0,147.0,55.5,Male,2.0,25528.45,4.0,7.0
3165582,12.0,155.0,50.0,Female,2.0,214990.75,2.0,5.0
4575080,9.0,119.0,55.5,Female,2.0,124431.3,4.0,7.0
5428955,5.0,69.0,59.5,Unknown,2.0,76268.45,1.0,4.0
6923205,5.0,70.0,21.5,Unknown,2.0,35478.46,1.0,4.0
8975831,15.0,191.0,18.5,Female,2.0,27159.13,2.0,5.0
4726500,14.0,178.0,46.0,Female,2.0,43357.46,6.0,9.0
6477173,17.0,204.0,56.0,Male,2.0,95111.17,6.0,9.0
8675023,14.0,169.0,28.0,Male,3.0,107538.15,3.0,6.0
1925623,11.0,143.0,63.0,Female,2.0,54120.65,1.0,4.0
7013671,5.0,70.0,66.0,Male,2.0,38475.7,0.0,3.0
9174190,10.0,124.0,34.0,Female,3.0,421134.0,6.0,9.0
1114139,14.0,169.0,38.0,Female,2.0,55128.35,1.0,4.0
1287625,11.0,137.0,44.5,Female,2.0,443923.02,4.0,7.0
9935561,4.0,57.0,37.5,Unknown,4.0,135258.52000000002,6.0,9.0
5846178,8.0,100.0,39.5,Unknown,3.0,146988.2,6.0,9.0
183077,23.0,280.0,35.5,Male,2.0,81565.28,3.0,6.0
9461714,22.0,264.0,33.5,Male,4.0,207747.0,6.0,9.0
6424603,21.0,261.0,25.0,Female,3.0,31343.58,0.0,3.0
9208903,22.0,264.0,67.0,Female,3.0,336129.7,5.0,8.0
4005175,18.0,227.0,58.5,Male,5.0,674356.3400000001,6.0,9.0
4082920,18.0,219.0,67.0,Male,2.0,161946.65999999997,4.0,7.0
3304729,4.0,58.0,45.0,Unknown,2.0,68029.13,5.0,8.0
5554918,6.0,80.0,38.0,Unknown,3.0,58418.59,2.0,5.0
4948163,4.0,48.0,23.5,Unknown,3.0,76282.45,5.0,8.0
9863070,10.0,131.0,57.0,Unknown,2.0,141368.38,4.0,7.0
1136755,14.0,168.0,33.0,Female,2.0,65732.87,4.0,7.0
9660238,15.0,183.0,60.0,Female,2.0,180724.57,2.0,5.0
1359733,8.0,103.0,64.5,Male,2.0,39575.48,0.0,3.0
4436151,8.0,97.0,61.0,Unknown,2.0,119375.49,4.0,7.0
6898877,13.0,167.0,41.0,Female,2.0,30764.7,3.0,6.0
649422,13.0,167.0,65.0,Male,2.0,545222.88,4.0,7.0
3507953,8.0,98.0,58.5,Male,2.0,769004.12,6.0,9.0
4671118,4.0,59.0,26.5,Unknown,2.0,32612.18,6.0,9.0
9547794,12.0,144.0,52.0,Male,2.0,145027.19,2.0,5.0
5687926,16.0,199.0,57.0,Female,2.0,35765.07,3.0,6.0
5961738,25.0,311.0,61.0,Female,2.0,27735.62,0.0,3.0
89604,6.0,77.0,32.5,Unknown,4.0,103123.7,6.0,9.0
9923115,6.0,78.0,50.5,Unknown,2.0,43556.3,3.0,6.0
6637789,4.0,58.0,54.0,Unknown,2.0,42865.31,0.0,3.0
3579679,9.0,110.0,48.5,Female,3.0,122515.26,3.0,6.0
6871269,9.0,116.0,61.5,Female,2.0,39628.99,0.0,3.0
9881395,6.0,79.0,30.5,Unknown,2.0,59753.07,6.0,9.0
8763720,6.0,80.0,51.0,Unknown,2.0,146945.0,5.0,8.0
796372,4.0,56.0,38.0,Unknown,2.0,295204.95,0.0,3.0
6525738,5.0,66.0,38.0,Unknown,2.0,46242.52,4.0,7.0
595413,8.0,100.0,63.5,Unknown,2.0,27192.62,1.0,4.0
9848171,5.0,67.0,32.0,Unknown,2.0,38166.43,1.0,4.0
1346780,15.0,188.0,63.0,Male,4.0,236233.06,6.0,9.0
6929721,8.0,99.0,44.0,Unknown,2.0,582377.65,6.0,9.0
5690637,15.0,190.0,56.0,Female,2.0,144407.39,0.0,3.0
4555418,8.0,100.0,62.5,Male,3.0,374159.36,6.0,9.0
2232111,11.0,143.0,45.0,Male,2.0,29488.66,6.0,9.0
9357020,17.0,204.0,37.5,Male,3.0,158831.07,2.0,5.0
4599654,5.0,68.0,62.0,Unknown,2.0,29480.25,1.0,4.0
1772712,6.0,73.0,46.0,Unknown,2.0,25195.44,0.0,4.0
2334881,7.0,95.0,35.5,Unknown,2.0,60884.5,2.0,5.0
3957553,27.0,324.0,60.0,Male,3.0,1633963.72,2.0,5.0
3052460,26.0,320.0,54.5,Male,3.0,244611.39,5.0,8.0
4542791,5.0,64.0,32.5,Unknown,2.0,39630.06,4.0,7.0
3583050,6.0,77.0,24.5,Unknown,2.0,42909.78,2.0,5.0
3090064,25.0,304.0,63.5,Female,2.0,27020.58,1.0,4.0
9838295,24.0,294.0,58.0,Female,2.0,82156.37,3.0,6.0
5460698,23.0,287.0,47.0,Unknown,2.0,533604.48,6.0,9.0
368396,22.0,265.0,69.0,Male,3.0,359689.99,6.0,9.0
2329513,22.0,264.0,50.0,Female,3.0,90930.65,2.0,5.0
8126320,21.0,262.0,43.5,Female,2.0,49798.05,0.0,3.0
8035152,21.0,255.0,75.0,Female,2.0,132132.18,0.0,3.0
6436149,21.0,254.0,25.5,Male,3.0,94280.28,3.0,6.0
2462661,21.0,254.0,51.0,Male,2.0,145106.9,2.0,5.0
2568488,21.0,252.0,60.0,Female,2.0,134237.45,3.0,6.0
7477946,21.0,252.0,66.5,Female,3.0,90507.5,0.0,3.0
4940402,19.0,230.0,48.5,Male,2.0,223948.18,6.0,9.0
2355748,18.0,222.0,58.5,Male,2.0,232814.8,2.0,5.0
1424263,14.0,170.0,37.5,Female,2.0,50679.82,2.0,5.0
4503636,5.0,69.0,34.0,Unknown,2.0,44492.34,1.0,4.0
5288243,6.0,74.0,33.5,Unknown,2.0,37981.64,2.0,5.0
2802304,27.0,327.0,52.0,Male,2.0,516170.44,1.0,4.0
7572986,27.0,329.0,73.5,Female,2.0,198225.48,3.0,6.0
204212,13.0,158.0,39.0,Female,3.0,114666.86,6.0,9.0
1870867,4.0,58.0,51.5,Female,2.0,28116.37,0.0,3.0
2776088,4.0,58.0,23.5,Unknown,2.0,36972.46,6.0,9.0
878114,5.0,70.0,29.5,Unknown,2.0,63462.55,1.0,4.0
1318803,6.0,73.0,29.0,Unknown,3.0,57700.9,5.0,8.0
2214357,7.0,88.0,54.5,Unknown,2.0,81020.95,1.0,4.0
2986513,6.0,80.0,31.5,Unknown,2.0,345147.0,5.0,8.0
7895911,7.0,84.0,67.5,Unknown,2.0,174506.69,2.0,5.0
7711033,12.0,146.0,75.0,Female,2.0,86455.62,0.0,3.0
8098139,6.0,72.0,19.5,Unknown,2.0,30324.22,1.0,4.0
1729070,10.0,130.0,33.5,Female,2.0,34722.06,6.0,9.0
7605909,8.0,101.0,28.5,Male,2.0,118007.44,6.0,9.0
9512824,8.0,97.0,45.0,Unknown,2.0,75452.07,6.0,9.0
5043454,6.0,83.0,65.0,Unknown,2.0,68743.9,3.0,6.0
5764579,9.0,116.0,60.5,Female,4.0,289893.45,5.0,8.0
8094897,14.0,175.0,82.0,Male,2.0,134838.47999999998,3.0,6.0
6798485,5.0,60.0,30.0,Male,3.0,100391.8,4.0,7.0
5582298,8.0,106.0,31.0,Male,2.0,51179.6,2.0,5.0
8808358,5.0,68.0,55.0,Female,2.0,36331.19,5.0,8.0
2435547,6.0,73.0,50.5,Unknown,2.0,241122.0,5.0,8.0
6450072,12.0,152.0,48.5,Male,3.0,176860.75,6.0,9.0
2165019,15.0,183.0,44.5,Female,2.0,40813.05,3.0,6.0
461632,14.0,178.0,34.0,Male,2.0,30843.24,1.0,4.0
6858568,15.0,181.0,42.0,Male,2.0,103751.51,6.0,9.0
8776693,4.0,59.0,29.5,Female,2.0,44042.28,1.0,5.0
8369695,10.0,123.0,23.5,Male,2.0,32962.28,0.0,3.0
912455,13.0,161.0,56.0,Male,2.0,290076.35,2.0,5.0
6288259,12.0,150.0,25.5,Female,2.0,25765.9,6.0,9.0
7866553,10.0,124.0,33.5,Male,3.0,102780.41,6.0,9.0
2577435,4.0,55.0,18.0,Unknown,2.0,38008.51,1.0,4.0
7434363,5.0,67.0,27.5,Female,2.0,49336.24,3.0,6.0
694071,12.0,155.0,64.5,Female,2.0,105860.98,6.0,9.0
5344828,10.0,127.0,60.0,Male,2.0,156803.96999999997,5.0,8.0
1849642,4.0,57.0,29.5,Unknown,2.0,52165.52,5.0,8.0
2856502,6.0,76.0,49.5,Unknown,2.0,37212.16,5.0,8.0
3986551,13.0,158.0,42.5,Male,3.0,309300.86,6.0,9.0
4456564,5.0,60.0,27.5,Unknown,2.0,33056.69,1.0,4.0
938655,19.0,235.0,48.0,Male,2.0,45251.96,5.0,8.0
3921296,12.0,150.0,62.0,Male,2.0,378008.02,5.0,8.0
8777566,27.0,324.0,72.5,Female,3.0,1418456.4,4.0,7.0
1253088,14.0,177.0,37.5,Female,3.0,252525.63,6.0,9.0
94012,16.0,197.0,71.0,Female,3.0,1495486.24,5.0,8.0
8440496,8.0,105.0,27.0,Male,2.0,27734.77,6.0,9.0
4203585,6.0,82.0,33.0,Unknown,3.0,32276.38,6.0,9.0
7557501,16.0,198.0,47.0,Female,3.0,1123327.5599999998,3.0,6.0
1271716,15.0,189.0,46.5,Male,2.0,162910.58000000002,1.0,4.0
5980920,9.0,114.0,56.5,Male,2.0,71784.37,1.0,4.0
570484,22.0,269.0,66.5,Male,3.0,263125.02,5.0,8.0
6626469,21.0,252.0,47.5,Female,3.0,310490.47,4.0,9.0
1648735,21.0,253.0,73.5,Male,3.0,968255.88,6.0,9.0
6795991,21.0,253.0,58.5,Female,2.0,115786.58,3.0,6.0
8329138,18.0,224.0,66.5,Male,3.0,398825.1,5.0,9.0
7438065,17.0,214.0,80.5,Female,2.0,44079.13,2.0,5.0
2751784,11.0,136.0,56.5,Female,3.0,570126.81,4.0,7.0
4135204,12.0,150.0,27.0,Female,2.0,37020.81,1.0,4.0
1604907,6.0,72.0,56.5,Unknown,3.0,56550.57,3.0,6.0
5624436,12.0,152.0,45.0,Female,2.0,157247.38,1.0,4.0
285205,14.0,175.0,52.0,Male,2.0,363980.1,2.0,5.0
3817399,8.0,106.0,29.5,Male,2.0,29428.82,6.0,9.0
2503853,14.0,179.0,59.5,Female,2.0,85432.34,6.0,9.0
6531047,8.0,96.0,38.5,Female,2.0,39925.35,6.0,9.0
3161052,23.0,285.0,44.5,Male,2.0,33194.66,4.0,7.0
1391422,12.0,153.0,36.0,Female,2.0,72643.31,6.0,9.0
9192778,12.0,150.0,32.5,Male,2.0,206218.63,5.0,8.0
4935777,5.0,60.0,29.0,Unknown,2.0,52511.0,6.0,9.0
6559121,5.0,60.0,57.0,Unknown,3.0,71538.09,6.0,9.0
8137215,10.0,120.0,42.5,Male,2.0,38887.5,4.0,7.0
2809916,4.0,58.0,33.0,Unknown,2.0,29855.21,0.0,3.0
7304289,12.0,152.0,74.0,Male,2.0,46681.06,2.0,5.0
4355025,4.0,59.0,48.5,Unknown,2.0,36428.91,1.0,4.0
5770038,4.0,59.0,23.0,Unknown,3.0,49187.91,2.0,5.0
6487972,16.0,198.0,53.5,Male,3.0,296235.51,6.0,9.0
3709151,7.0,94.0,45.5,Unknown,2.0,45801.52,6.0,9.0
2898817,7.0,95.0,45.5,Unknown,3.0,379080.96,1.0,4.0
3129246,4.0,59.0,39.5,Unknown,2.0,53279.37,1.0,4.0
7324336,10.0,125.0,35.0,Female,2.0,46948.86,1.0,4.0
5610257,8.0,106.0,37.0,Female,2.0,80725.23999999999,4.0,7.0
1581674,6.0,75.0,23.5,Unknown,2.0,41195.28999999999,3.0,6.0
752321,6.0,79.0,54.0,Unknown,2.0,70803.87,4.0,7.0
3586381,8.0,106.0,66.0,Female,2.0,62423.3,1.0,4.0
3840858,9.0,114.0,54.0,Female,2.0,4164156.15,5.0,8.0
3246449,5.0,64.0,36.5,Male,2.0,28119.76,0.0,3.0
5702250,8.0,97.0,32.5,Unknown,2.0,84768.26999999999,4.0,7.0
4755991,11.0,141.0,82.5,Female,2.0,223163.08,3.0,6.0
8522955,6.0,83.0,61.5,Unknown,2.0,51174.12,2.0,5.0
9269565,6.0,77.0,32.0,Unknown,2.0,38295.63,0.0,3.0
356363,5.0,69.0,58.5,Unknown,2.0,56319.27,0.0,3.0
2448594,7.0,87.0,57.5,Unknown,2.0,55211.31,3.0,6.0
5060779,14.0,179.0,36.5,Male,2.0,65037.16,6.0,9.0
2500352,8.0,97.0,25.5,Unknown,2.0,82927.57,5.0,8.0
9329404,6.0,73.0,46.0,Unknown,2.0,32559.5,3.0,6.0
5705811,7.0,90.0,52.0,Unknown,2.0,89251.91,0.0,3.0
8364481,5.0,69.0,41.0,Unknown,2.0,48193.06,5.0,8.0
2613840,24.0,289.0,56.0,Female,3.0,202936.59000000003,3.0,6.0
28542,16.0,195.0,55.0,Male,3.0,392091.16,0.0,3.0
8974902,11.0,142.0,39.0,Female,2.0,160777.96999999997,6.0,9.0
3000430,10.0,131.0,46.5,Male,2.0,27864.21,1.0,4.0
3362725,26.0,318.0,59.0,Male,3.0,84824.6,6.0,9.0
3976337,8.0,97.0,55.5,Unknown,2.0,91527.75,5.0,8.0
1596808,9.0,117.0,30.5,Male,2.0,44273.48,2.0,5.0
2809906,4.0,59.0,25.0,Unknown,3.0,90950.96,3.0,6.0
4986860,5.0,60.0,67.5,Unknown,2.0,24764.49,4.0,7.0
324086,13.0,166.0,27.0,Male,2.0,36215.0,1.0,4.0
2254930,9.0,114.0,27.5,Female,2.0,34065.93,1.0,4.0
6127305,6.0,83.0,28.0,Unknown,2.0,42417.05,4.0,7.0
4160074,4.0,57.0,35.5,Unknown,3.0,46517.88,1.0,4.0
1787989,5.0,65.0,54.0,Unknown,3.0,80961.59,4.0,7.0
8404071,15.0,187.0,62.0,Unknown,2.0,239004.14,6.0,9.0
8142042,9.0,109.0,21.5,Female,2.0,41214.41,0.0,3.0
3800685,4.0,59.0,18.0,Unknown,2.0,29459.79,4.0,7.0
9740656,6.0,75.0,50.5,Unknown,2.0,48401.48,4.0,7.0
9516553,7.0,91.0,24.5,Unknown,2.0,29498.59,1.0,4.0
8544035,6.0,82.0,32.5,Unknown,4.0,55345.57,6.0,9.0
5073169,8.0,96.0,48.0,Unknown,2.0,52935.53,3.0,6.0
5996514,30.0,370.0,63.0,Female,2.0,369158.97,6.0,9.0
7105425,7.0,95.0,66.5,Unknown,3.0,421317.66,6.0,9.0
5553120,15.0,183.0,46.0,Female,2.0,115509.14,5.0,8.0
5826737,9.0,117.0,25.5,Female,3.0,42286.63,3.0,6.0
1177458,5.0,70.0,39.5,Unknown,4.0,220037.61,5.0,8.0
2237376,16.0,193.0,60.5,Female,2.0,44783.46,2.0,5.0
8434055,16.0,202.0,39.0,Female,2.0,191994.63,3.0,6.0
9818508,6.0,73.0,20.5,Unknown,3.0,48799.42,0.0,3.0
141602,4.0,59.0,25.0,Unknown,3.0,65739.73,6.0,9.0
814615,7.0,95.0,48.0,Unknown,2.0,43571.86,4.0,7.0
5519006,10.0,121.0,24.5,Female,2.0,36069.17,1.0,4.0
3844943,12.0,145.0,41.5,Male,2.0,53605.19,2.0,5.0
4284669,7.0,88.0,35.5,Unknown,2.0,31627.68,4.0,7.0
7998129,12.0,149.0,58.0,Male,2.0,161866.55,6.0,9.0
8523430,8.0,103.0,50.0,Unknown,2.0,43721.0,0.0,4.0
8043160,28.0,340.0,72.0,Female,2.0,111395.56,0.0,3.0
3125212,15.0,189.0,43.0,Female,2.0,33902.83,3.0,6.0
2012963,15.0,190.0,58.0,Female,2.0,58100.82,2.0,5.0
8292336,16.0,193.0,68.5,Female,3.0,62193.64,6.0,9.0
5523456,14.0,173.0,46.5,Female,2.0,93831.83,0.0,3.0
4748054,19.0,236.0,61.5,Male,2.0,24776.53,1.0,4.0
8003567,8.0,103.0,36.5,Male,4.0,91108.74,3.0,6.0
3931823,5.0,66.0,24.0,Unknown,2.0,53643.17999999999,6.0,9.0
4036802,4.0,59.0,53.0,Unknown,2.0,129235.78,5.0,8.0
9682260,24.0,290.0,85.0,Unknown,2.0,61054.18,6.0,9.0
2821933,22.0,272.0,69.5,Male,3.0,1774609.98,6.0,9.0
7395738,24.0,293.0,57.5,Male,4.0,976396.18,3.0,6.0
5244658,22.0,264.0,25.5,Female,2.0,45474.82,3.0,6.0
449286,21.0,259.0,43.0,Male,2.0,43207.48,1.0,4.0
835607,21.0,252.0,62.5,Male,2.0,133507.99,6.0,9.0
3290167,6.0,79.0,25.0,Female,3.0,91891.5,6.0,9.0
4238536,6.0,74.0,21.0,Unknown,2.0,33693.59,3.0,6.0
3628306,7.0,94.0,35.0,Unknown,2.0,45303.11,1.0,4.0
1362185,6.0,75.0,28.0,Unknown,2.0,54374.4,5.0,8.0
92066,16.0,202.0,38.5,Female,2.0,50041.94,3.0,6.0
3268156,12.0,155.0,63.5,Male,2.0,116881.13,4.0,7.0
591106,12.0,145.0,47.5,Male,2.0,56755.07,3.0,6.0
6666315,8.0,102.0,35.0,Unknown,2.0,44898.92999999999,2.0,5.0
2970524,10.0,120.0,40.0,Male,2.0,41750.31,0.0,3.0
2595947,4.0,58.0,26.5,Unknown,2.0,26233.96,0.0,3.0
5996241,6.0,82.0,53.5,Male,2.0,27190.5,0.0,3.0
8744291,27.0,328.0,57.0,Unknown,2.0,67897.32,6.0,9.0
9377551,15.0,183.0,32.5,Male,2.0,25788.11,6.0,9.0
7222841,15.0,190.0,53.5,Female,2.0,166749.24,1.0,4.0
9296606,34.0,417.0,44.0,Male,2.0,64330.59,0.0,3.0
5501584,8.0,96.0,26.5,Unknown,2.0,34132.91,5.0,8.0
5638824,26.0,313.0,75.0,Male,2.0,102837.94,3.0,6.0
2611614,30.0,361.0,62.5,Male,3.0,380822.29,3.0,6.0
8308363,5.0,64.0,55.0,Unknown,2.0,220863.32,5.0,8.0
9037490,4.0,58.0,38.0,Unknown,2.0,44128.84,0.0,3.0
3908301,7.0,93.0,38.0,Unknown,3.0,26780.64,1.0,4.0
787468,4.0,57.0,22.5,Unknown,2.0,30540.37,2.0,5.0
1565761,18.0,218.0,60.5,Female,2.0,351357.47,6.0,9.0
1437008,11.0,133.0,27.5,Female,2.0,40974.72,2.0,5.0
2224048,5.0,64.0,55.0,Male,2.0,35063.64,4.0,7.0
6282795,12.0,144.0,37.5,Female,2.0,37983.89,1.0,4.0
1731978,7.0,95.0,29.5,Unknown,2.0,30614.27,1.0,4.0
2330451,15.0,189.0,43.0,Female,2.0,55406.47,0.0,3.0
1451177,5.0,66.0,20.5,Unknown,2.0,39288.92,1.0,4.0
965579,6.0,72.0,54.0,Female,2.0,103904.36,6.0,9.0
897630,5.0,70.0,63.0,Male,2.0,64535.55,0.0,3.0
8551366,9.0,119.0,29.5,Male,2.0,53578.63,4.0,7.0
3605451,14.0,169.0,32.0,Female,2.0,64657.33,6.0,9.0
1113976,4.0,59.0,28.5,Unknown,2.0,46124.39,6.0,9.0
9357695,9.0,118.0,58.5,Male,3.0,992674.22,6.0,9.0
2514806,7.0,87.0,38.0,Unknown,2.0,59648.6,1.0,4.0
3493571,4.0,57.0,48.0,Unknown,2.0,39651.83,4.0,7.0
3182885,5.0,67.0,54.0,Male,2.0,269036.44,2.0,5.0
6465512,5.0,70.0,66.5,Unknown,2.0,71432.98,1.0,4.0
2619189,6.0,78.0,31.0,Unknown,2.0,39549.39,6.0,9.0
7518844,7.0,94.0,55.0,Unknown,3.0,76541.33,1.0,4.0
9601679,13.0,165.0,35.5,Female,2.0,59566.07,0.0,3.0
9456356,4.0,59.0,60.0,Unknown,2.0,107797.8,5.0,8.0
2582611,21.0,256.0,63.5,Male,2.0,73006.70999999999,4.0,7.0
4889645,4.0,57.0,49.5,Unknown,2.0,47372.61,6.0,9.0
2599844,22.0,265.0,64.5,Female,2.0,71711.44,5.0,8.0
9142978,21.0,263.0,52.0,Female,3.0,91528.67,0.0,3.0
8789451,21.0,261.0,42.0,Female,2.0,139370.2,3.0,6.0
3486212,12.0,155.0,41.5,Female,2.0,60749.64,0.0,3.0
2593397,12.0,155.0,72.0,Male,2.0,91720.57,6.0,9.0
7507445,17.0,211.0,61.5,Female,2.0,23887.27,6.0,9.0
867433,15.0,182.0,27.5,Male,2.0,55503.11,1.0,4.0
6584092,12.0,150.0,59.0,Female,2.0,29777.28,2.0,5.0
2155157,9.0,113.0,49.5,Male,2.0,66813.41,3.0,6.0
7284366,7.0,94.0,54.0,Unknown,2.0,54259.31,2.0,5.0
9651254,7.0,88.0,52.5,Unknown,2.0,57924.12,6.0,9.0
8848014,14.0,168.0,69.0,Male,2.0,193756.73,2.0,5.0
2171694,5.0,68.0,26.0,Unknown,2.0,31948.3,6.0,9.0
9248863,7.0,95.0,57.0,Unknown,2.0,49181.02,3.0,6.0
1494064,4.0,58.0,58.0,Female,2.0,47199.56,2.0,5.0
5959025,5.0,70.0,53.5,Unknown,2.0,401908.87,5.0,8.0
3482981,26.0,317.0,24.5,Female,3.0,58627.82,1.0,4.0
623486,6.0,79.0,55.0,Unknown,2.0,27287.73,2.0,5.0
8808248,7.0,84.0,23.5,Unknown,2.0,30845.8,1.0,4.0
9542428,4.0,59.0,41.0,Unknown,3.0,36713.87,6.0,9.0
7695868,10.0,121.0,46.5,Male,4.0,129201.75,6.0,9.0
8620521,6.0,82.0,35.0,Unknown,2.0,35006.99,6.0,9.0
1440714,3.0,46.0,22.5,Unknown,2.0,27796.62,0.0,3.0
8631527,27.0,328.0,51.5,Unknown,2.0,25627.24,0.0,3.0
5300698,9.0,115.0,25.5,Male,3.0,74222.03,6.0,9.0
8500291,9.0,108.0,17.5,Male,2.0,27844.67,1.0,4.0
7163989,20.0,251.0,29.0,Female,2.0,45773.4,1.0,4.0
2876859,9.0,112.0,54.0,Female,2.0,109010.31,6.0,9.0
3018954,8.0,106.0,62.0,Male,2.0,75060.81,6.0,9.0
4785815,13.0,163.0,44.5,Male,2.0,157195.93,1.0,5.0
3247336,14.0,170.0,50.5,Female,2.0,88550.29999999999,6.0,9.0
897477,4.0,59.0,26.0,Unknown,3.0,89068.4,4.0,7.0
523263,19.0,231.0,52.5,Male,3.0,96447.1,6.0,9.0
3328033,11.0,140.0,28.5,Female,2.0,39113.12,0.0,3.0
2069344,6.0,80.0,43.5,Unknown,2.0,52692.7,1.0,4.0
9441391,6.0,72.0,49.5,Unknown,2.0,28822.44,5.0,8.0
3072060,8.0,106.0,42.5,Male,2.0,24006.94,2.0,5.0
9375129,7.0,94.0,31.5,Unknown,2.0,65433.58,0.0,3.0
2225257,11.0,135.0,30.0,Female,3.0,63922.32,4.0,7.0
9278844,17.0,204.0,76.0,Male,2.0,41464.89,2.0,5.0
6286549,4.0,59.0,23.5,Unknown,2.0,44576.89,1.0,4.0
6523623,25.0,306.0,68.0,Male,3.0,571951.51,6.0,9.0
7479669,23.0,288.0,75.0,Male,3.0,73945.5,4.0,7.0
6318705,24.0,288.0,60.5,Male,3.0,1929052.77,5.0,9.0
6733648,22.0,270.0,40.5,Female,2.0,32400.77,3.0,6.0
6310137,21.0,252.0,40.5,Male,3.0,1810251.6,6.0,9.0
3939638,20.0,242.0,49.0,Male,3.0,341978.22,4.0,7.0
2672962,12.0,155.0,59.5,Female,2.0,125548.71,3.0,7.0
3432305,5.0,67.0,26.5,Unknown,2.0,31192.08,0.0,3.0
5567548,12.0,148.0,31.0,Male,2.0,34341.94,2.0,5.0
6334360,4.0,53.0,66.5,Unknown,2.0,93103.47,6.0,9.0
5816230,5.0,68.0,26.0,Unknown,2.0,112773.86,2.0,5.0
6601433,12.0,155.0,59.5,Male,2.0,42621.24,0.0,3.0
7448490,6.0,73.0,22.0,Female,2.0,25589.01,1.0,4.0
2934858,15.0,191.0,72.0,Female,2.0,48853.9,3.0,6.0
3837773,15.0,189.0,56.5,Male,2.0,44983.35,4.0,7.0
3384679,11.0,142.0,34.0,Female,2.0,98547.47,1.0,4.0
2757177,6.0,76.0,58.0,Unknown,2.0,254231.59000000003,4.0,7.0
5212851,18.0,218.0,44.0,Female,2.0,255664.3,2.0,5.0
4974509,13.0,157.0,28.0,Male,2.0,47348.48,2.0,5.0
1983087,27.0,332.0,82.0,Female,2.0,35002.28,2.0,5.0
1281085,5.0,70.0,49.5,Unknown,2.0,31219.62,5.0,8.0
2041260,9.0,111.0,35.0,Female,2.0,51809.8,2.0,5.0
2896701,6.0,75.0,29.0,Unknown,3.0,65300.23,6.0,9.0
918104,10.0,130.0,50.0,Female,2.0,23813.34,6.0,9.0
1499943,27.0,335.0,65.5,Female,2.0,198973.37,0.0,4.0
5667703,11.0,142.0,61.5,Female,2.0,91857.54,4.0,7.0
2645990,17.0,206.0,42.5,Male,2.0,204219.19,3.0,6.0
653399,4.0,58.0,35.5,Female,2.0,38542.58,3.0,6.0
8489537,7.0,90.0,20.5,Unknown,4.0,129329.9,5.0,8.0
8936826,10.0,120.0,55.0,Female,2.0,28968.15,2.0,5.0
786975,6.0,75.0,24.5,Unknown,2.0,62318.01,6.0,9.0
8802686,15.0,189.0,61.0,Male,2.0,35362.649999999994,6.0,9.0
1062737,11.0,140.0,27.0,Female,2.0,30353.68,0.0,3.0
6267268,10.0,123.0,59.5,Female,2.0,61439.48,0.0,3.0
5576836,8.0,99.0,59.0,Unknown,2.0,47935.82,5.0,8.0
6377511,9.0,119.0,28.5,Female,3.0,129771.73,1.0,4.0
446390,4.0,58.0,39.0,Unknown,2.0,39175.25,0.0,3.0
3255767,20.0,246.0,48.0,Male,2.0,94913.3,2.0,5.0
8896142,15.0,189.0,55.0,Female,3.0,24338.03,1.0,4.0
5209145,28.0,342.0,81.0,Female,2.0,132962.4,0.0,3.0
2109280,12.0,147.0,69.0,Female,2.0,27263.17,1.0,5.0
8319955,4.0,59.0,27.5,Unknown,2.0,40048.73,6.0,9.0
3428020,12.0,153.0,44.5,Male,2.0,23800.65,0.0,3.0
1860048,4.0,58.0,25.0,Unknown,2.0,37490.9,3.0,6.0
1902791,5.0,66.0,27.5,Unknown,2.0,48134.89,6.0,9.0
9045550,13.0,166.0,65.5,Female,2.0,47170.92,2.0,5.0
7390660,4.0,56.0,23.0,Unknown,2.0,44711.92,0.0,3.0
3581725,20.0,248.0,43.0,Male,2.0,57426.95,6.0,9.0
2584387,7.0,86.0,63.5,Unknown,2.0,251055.55,6.0,9.0
641786,6.0,73.0,54.5,Unknown,2.0,37905.4,0.0,3.0
1015298,8.0,99.0,24.5,Unknown,2.0,83343.53,2.0,5.0
5186330,24.0,298.0,78.0,Male,2.0,164290.82,3.0,7.0
191749,20.0,250.0,52.5,Female,4.0,104924.21,2.0,5.0
7627744,3.0,42.0,33.5,Unknown,4.0,43668.99,6.0,9.0
5842338,17.0,207.0,65.5,Male,3.0,345655.37,3.0,6.0
9141642,15.0,189.0,52.0,Female,2.0,38685.83,4.0,7.0
5308474,29.0,351.0,65.5,Female,2.0,99180.12,6.0,9.0
9400478,5.0,64.0,19.5,Unknown,2.0,26760.81,2.0,5.0
5463035,26.0,312.0,26.5,Female,3.0,50569.21,5.0,8.0
7696446,4.0,58.0,45.0,Unknown,2.0,27477.34,2.0,5.0
2604445,9.0,114.0,62.5,Male,2.0,75129.04000000001,4.0,7.0
966894,33.0,407.0,67.5,Female,2.0,87362.37,2.0,5.0
4934053,3.0,42.0,55.5,Unknown,2.0,61934.72,2.0,5.0
7297592,5.0,64.0,56.5,Unknown,2.0,33706.04,1.0,4.0
4746398,7.0,92.0,36.5,Unknown,2.0,72747.25,1.0,4.0
8747292,26.0,322.0,68.0,Male,2.0,263552.57,0.0,3.0
3623595,7.0,84.0,31.5,Unknown,2.0,27129.21,0.0,3.0
3925168,4.0,59.0,62.0,Female,2.0,261015.59000000003,6.0,9.0
9334375,12.0,154.0,28.0,Male,2.0,50764.6,3.0,6.0
6452793,4.0,56.0,30.5,Unknown,2.0,91354.37,1.0,4.0
7785175,4.0,56.0,24.0,Unknown,2.0,27019.85,5.0,8.0
7292568,3.0,43.0,54.5,Unknown,2.0,44547.17,1.0,4.0
8292850,8.0,105.0,63.0,Unknown,2.0,67730.48,5.0,8.0
6124908,14.0,176.0,30.5,Male,2.0,34112.85,6.0,9.0
2835681,17.0,211.0,41.5,Male,2.0,28329.52,5.0,8.0
7425225,5.0,60.0,28.0,Male,2.0,62590.67,6.0,9.0
6150665,9.0,119.0,71.5,Male,2.0,32658.95,6.0,9.0
1019416,11.0,140.0,28.5,Male,2.0,109273.15,5.0,8.0
3167355,7.0,92.0,66.5,Unknown,2.0,60424.47,0.0,3.0
715636,11.0,135.0,33.5,Female,2.0,63970.67,1.0,4.0
8416791,16.0,197.0,20.0,Male,2.0,31977.7,2.0,5.0
6826096,13.0,164.0,29.0,Unknown,2.0,56777.36,3.0,6.0
6327008,15.0,182.0,53.5,Female,2.0,33627.06,0.0,3.0
4250012,5.0,70.0,46.5,Unknown,2.0,44498.47,3.0,6.0
3232821,3.0,37.0,64.5,Unknown,2.0,147491.7,2.0,5.0
9171889,7.0,85.0,59.0,Unknown,2.0,141846.8,4.0,7.0
7228782,14.0,179.0,60.0,Male,2.0,24158.08,1.0,4.0
6955702,6.0,81.0,31.0,Unknown,2.0,43523.27,6.0,9.0
8091189,4.0,55.0,62.0,Female,2.0,352120.29,1.0,9.0
4575419,18.0,216.0,53.0,Unknown,2.0,139954.74,0.0,3.0
9679615,6.0,77.0,32.5,Unknown,2.0,48121.74,5.0,8.0
6395897,4.0,59.0,36.5,Unknown,2.0,37668.89,2.0,5.0
2025041,17.0,212.0,53.5,Male,3.0,48494.76,6.0,9.0
5304104,5.0,70.0,55.5,Female,2.0,51394.23,1.0,4.0
7941103,15.0,184.0,66.0,Female,2.0,77747.92,3.0,6.0
1354988,8.0,99.0,50.5,Unknown,2.0,657053.2100000001,2.0,5.0
6968255,15.0,187.0,53.0,Male,2.0,684693.13,3.0,6.0
8853899,7.0,95.0,49.5,Unknown,2.0,753415.86,3.0,6.0
5119439,19.0,238.0,42.0,Female,3.0,85613.47,0.0,3.0
4719187,19.0,236.0,56.5,Male,2.0,123043.35,6.0,9.0
3579822,19.0,231.0,45.0,Female,2.0,75670.84,6.0,9.0
9892159,18.0,226.0,73.5,Female,2.0,43363.05,6.0,9.0
287737,17.0,209.0,22.0,Male,2.0,50718.27,0.0,3.0
7264146,6.0,82.0,65.5,Unknown,2.0,69642.28,2.0,5.0
226403,10.0,130.0,40.0,Female,2.0,53756.85,2.0,5.0
403501,11.0,133.0,60.0,Female,2.0,43307.19,0.0,3.0
529225,4.0,59.0,51.5,Male,3.0,441122.66,5.0,8.0
5657741,7.0,87.0,30.5,Unknown,2.0,106398.53,5.0,8.0
3541314,14.0,170.0,33.5,Male,2.0,1877259.94,1.0,4.0
9406349,12.0,147.0,39.0,Female,2.0,204080.17,2.0,5.0
3158746,16.0,203.0,37.0,Male,2.0,27698.82,2.0,5.0
3439716,9.0,111.0,61.5,Male,2.0,25039.99,0.0,3.0
9027791,5.0,71.0,61.0,Unknown,2.0,52364.5,6.0,9.0
7752431,7.0,95.0,51.0,Unknown,2.0,53289.95,0.0,3.0
6589077,32.0,394.0,85.0,Male,2.0,84240.76,6.0,9.0
2657900,5.0,68.0,35.5,Male,2.0,29568.68,3.0,6.0
6769572,15.0,184.0,62.0,Male,2.0,69950.73,3.0,6.0
2469563,5.0,69.0,67.5,Female,2.0,34109.88,5.0,8.0
7779487,14.0,169.0,53.5,Male,2.0,466970.64,6.0,9.0
2820408,4.0,59.0,33.0,Unknown,2.0,30770.4,0.0,3.0
5127898,7.0,84.0,52.5,Unknown,3.0,70062.23999999999,5.0,8.0
2427048,8.0,99.0,40.5,Unknown,2.0,29567.44,2.0,5.0
5138453,14.0,177.0,26.0,Female,2.0,92308.4,5.0,8.0
2566361,12.0,154.0,44.0,Female,2.0,33122.98,1.0,4.0
7955667,7.0,84.0,63.5,Unknown,2.0,33149.85,6.0,9.0
692527,13.0,163.0,76.0,Male,2.0,188621.62,4.0,7.0
9553954,30.0,363.0,51.0,Male,3.0,463263.57,1.0,4.0
7042750,14.0,178.0,67.5,Male,2.0,108406.1,4.0,7.0
6206976,10.0,120.0,44.5,Male,3.0,136432.64,6.0,9.0
2435906,15.0,183.0,58.5,Female,2.0,86223.79999999999,2.0,5.0
3148801,9.0,118.0,59.0,Female,2.0,780455.63,0.0,3.0
7949729,13.0,167.0,26.5,Female,3.0,46401.82,6.0,9.0
3546005,8.0,107.0,28.5,Female,2.0,79687.20999999999,0.0,4.0
3302147,30.0,371.0,39.0,Male,2.0,78057.58,2.0,5.0
4109861,27.0,330.0,81.5,Female,3.0,1223892.27,6.0,9.0
7775205,28.0,337.0,72.5,Male,3.0,383570.98,6.0,9.0
6126502,5.0,67.0,59.5,Unknown,3.0,57805.68,2.0,5.0
1557554,10.0,120.0,65.5,Male,2.0,623578.05,5.0,8.0
8009242,12.0,144.0,50.0,Female,3.0,697467.88,4.0,7.0
385456,4.0,50.0,35.5,Male,4.0,205763.19,6.0,9.0
3451071,12.0,145.0,39.5,Male,2.0,32193.31,0.0,3.0
8742100,12.0,154.0,31.0,Male,2.0,46321.1,1.0,4.0
6916531,24.0,295.0,58.0,Female,2.0,400458.95,4.0,7.0
5508030,23.0,287.0,61.0,Female,2.0,112354.69,1.0,4.0
8941221,23.0,281.0,68.0,Female,2.0,128631.73,2.0,5.0
4740278,23.0,276.0,46.0,Male,2.0,62041.73,2.0,5.0
6138017,21.0,259.0,53.0,Female,2.0,56039.46,5.0,8.0
4936729,18.0,226.0,68.0,Female,2.0,29989.26,1.0,4.0
1044928,18.0,220.0,73.0,Female,3.0,858474.76,6.0,9.0
873963,17.0,215.0,62.5,Male,4.0,291095.17,3.0,6.0
114566,17.0,210.0,49.5,Male,4.0,1207869.8299999998,6.0,9.0
1149886,14.0,174.0,32.5,Male,2.0,28101.13,3.0,6.0
5843105,10.0,123.0,54.5,Female,2.0,39670.64,6.0,9.0
9742118,11.0,138.0,52.5,Female,2.0,36722.19,0.0,3.0
4260057,7.0,88.0,24.5,Male,3.0,62969.94,4.0,7.0
2217307,4.0,56.0,45.5,Female,3.0,123477.36,4.0,7.0
3717463,8.0,96.0,56.0,Unknown,2.0,61533.59,6.0,9.0
5801058,5.0,60.0,19.5,Unknown,2.0,25062.26,0.0,3.0
1884336,4.0,58.0,25.0,Unknown,2.0,26542.97,6.0,9.0
8071489,15.0,189.0,33.0,Female,2.0,76865.06,1.0,4.0
8549073,5.0,70.0,25.0,Unknown,2.0,50256.71,1.0,4.0
43645,15.0,191.0,81.5,Female,2.0,171674.26,0.0,3.0
375176,7.0,90.0,27.5,Unknown,3.0,90154.11,6.0,9.0
3076977,13.0,158.0,35.5,Male,2.0,34197.53,1.0,4.0
12785,15.0,190.0,51.5,Female,2.0,82425.54999999999,2.0,5.0
7937123,5.0,65.0,45.5,Unknown,2.0,43176.35,4.0,7.0
9276987,12.0,155.0,32.5,Male,4.0,271973.22,5.0,8.0
4806778,6.0,80.0,29.5,Unknown,2.0,37185.45,6.0,9.0
9787079,11.0,132.0,34.0,Male,2.0,70350.9,1.0,4.0
2886170,12.0,149.0,20.0,Female,2.0,28133.5,1.0,4.0
4367792,8.0,106.0,32.0,Unknown,2.0,52557.45,6.0,9.0
7711917,4.0,58.0,43.0,Male,3.0,26570.66,6.0,9.0
4350833,10.0,127.0,33.0,Male,3.0,139102.14,5.0,8.0
1825124,9.0,112.0,45.0,Male,2.0,150046.39,5.0,8.0
6744969,6.0,80.0,57.5,Unknown,2.0,147706.03,6.0,9.0
1001212,11.0,136.0,42.5,Male,3.0,146271.51,5.0,8.0
9745379,4.0,59.0,30.0,Unknown,2.0,25760.67,6.0,9.0
3983321,7.0,84.0,35.0,Unknown,2.0,33487.89,6.0,9.0
2116988,8.0,104.0,26.5,Male,2.0,54270.66,6.0,9.0
5956733,6.0,78.0,18.5,Unknown,2.0,25306.35,3.0,6.0
6507041,9.0,108.0,68.5,Male,2.0,368735.22,1.0,4.0
7758621,22.0,268.0,29.5,Female,3.0,50563.92999999999,3.0,6.0
7104557,20.0,240.0,65.5,Male,4.0,741581.1000000001,6.0,9.0
2107108,10.0,131.0,25.0,Male,2.0,69114.12,3.0,6.0
5374942,10.0,128.0,55.5,Female,2.0,59123.19,0.0,5.0
4314400,5.0,68.0,30.0,Unknown,2.0,30031.52,1.0,4.0
5944118,6.0,77.0,58.5,Unknown,2.0,24840.4,3.0,6.0
2748869,6.0,80.0,56.0,Unknown,2.0,50235.15,2.0,5.0
6369210,12.0,149.0,59.0,Male,2.0,33690.1,6.0,9.0
1613032,13.0,166.0,49.0,Male,2.0,32351.48,0.0,3.0
3907819,15.0,189.0,65.0,Male,4.0,486946.93,5.0,8.0
1336,48.0,576.0,42.0,Male,4.0,130537.18,6.0,9.0
8586164,9.0,110.0,55.5,Female,3.0,29353.17,3.0,6.0
4913174,8.0,96.0,47.0,Unknown,2.0,75738.73999999999,2.0,5.0
5412295,5.0,70.0,33.5,Male,2.0,151399.41,6.0,9.0
8872439,12.0,153.0,46.0,Male,2.0,78655.36,0.0,3.0
7654412,10.0,122.0,39.0,Unknown,3.0,140586.88,1.0,4.0
5972615,7.0,85.0,33.5,Unknown,2.0,42616.65,0.0,3.0
9585887,14.0,169.0,54.5,Female,2.0,167390.93,5.0,8.0
9935099,7.0,93.0,49.0,Female,2.0,61361.67,6.0,9.0
2606655,13.0,162.0,35.0,Male,2.0,104713.88,6.0,9.0
3466784,11.0,133.0,34.0,Male,2.0,92804.31,4.0,7.0
8939052,12.0,151.0,68.5,Female,2.0,35154.86,2.0,5.0
4590361,26.0,315.0,63.0,Female,2.0,155666.51,0.0,3.0
654622,22.0,273.0,62.0,Unknown,3.0,49107.87,0.0,3.0
7705792,18.0,224.0,77.0,Male,2.0,715546.43,4.0,7.0
7961481,17.0,215.0,50.5,Female,2.0,166258.55,6.0,9.0
1297355,17.0,214.0,57.5,Male,2.0,792629.78,4.0,7.0
2033206,7.0,88.0,68.0,Unknown,2.0,569519.5800000001,0.0,3.0
1100799,8.0,103.0,68.0,Unknown,2.0,349601.14,4.0,7.0
4932993,9.0,110.0,41.5,Male,2.0,46800.65,2.0,5.0
7828508,11.0,137.0,28.5,Female,2.0,33207.04,0.0,3.0
5633380,7.0,89.0,31.0,Unknown,4.0,103098.11,6.0,9.0
6283366,8.0,103.0,32.5,Male,2.0,65564.31,3.0,6.0
4532705,37.0,454.0,69.5,Unknown,2.0,59596.83,5.0,8.0
911891,10.0,122.0,46.5,Female,2.0,93924.79,0.0,3.0
1312175,15.0,182.0,60.5,Female,2.0,80759.79000000001,2.0,5.0
3120499,9.0,119.0,56.5,Male,2.0,1029906.73,6.0,9.0
761072,5.0,70.0,47.0,Female,2.0,55723.17999999999,6.0,9.0
771114,16.0,196.0,62.0,Male,2.0,481102.97,0.0,3.0
4967759,4.0,57.0,58.5,Unknown,2.0,301766.1,6.0,9.0
4428660,4.0,58.0,35.5,Unknown,3.0,87754.82,6.0,9.0
9724888,14.0,178.0,57.5,Male,3.0,126970.58,2.0,5.0
5764510,15.0,189.0,35.0,Female,2.0,49511.27,0.0,3.0
4359763,10.0,121.0,67.0,Male,2.0,30840.57,3.0,6.0
5931031,11.0,142.0,30.5,Male,3.0,66331.7,5.0,8.0
6279164,11.0,140.0,54.0,Male,2.0,31214.73,4.0,7.0
4823673,6.0,72.0,60.5,Male,4.0,245569.59000000003,6.0,9.0
5720164,10.0,126.0,61.0,Female,2.0,108259.13,3.0,6.0
1626293,4.0,57.0,59.5,Male,2.0,320558.39,6.0,9.0
1295824,7.0,93.0,31.5,Unknown,2.0,34387.79,5.0,8.0
1206558,15.0,187.0,79.0,Unknown,2.0,68218.95999999999,5.0,8.0
860265,22.0,272.0,52.0,Female,3.0,53658.75,4.0,7.0
8849156,49.0,589.0,79.0,Male,2.0,35453.84,2.0,5.0
8613227,26.0,323.0,73.0,Female,2.0,95918.52,0.0,4.0
2518909,14.0,169.0,55.5,Male,2.0,40227.67999999999,1.0,4.0
8459444,6.0,80.0,23.5,Unknown,3.0,207510.07,6.0,9.0
3980625,5.0,69.0,57.0,Unknown,2.0,354920.53,3.0,6.0
1384451,11.0,142.0,44.5,Male,2.0,26179.95,6.0,9.0
1839238,11.0,132.0,60.5,Male,2.0,151629.27000000002,4.0,7.0
4394984,7.0,91.0,38.5,Unknown,2.0,71829.92,0.0,3.0
131064,8.0,106.0,28.0,Female,3.0,78022.38,4.0,7.0
8692087,14.0,179.0,60.5,Female,3.0,85826.9,4.0,7.0
9378650,15.0,180.0,59.0,Female,3.0,343689.37,0.0,3.0
6342391,11.0,133.0,36.0,Male,2.0,44141.76,5.0,8.0
7344865,4.0,58.0,25.0,Unknown,2.0,41689.52,4.0,7.0
9058132,24.0,295.0,50.5,Female,3.0,94807.42,1.0,4.0
1839485,24.0,294.0,56.0,Male,2.0,69543.62,0.0,3.0
5901737,23.0,276.0,46.0,Unknown,2.0,26882.09,0.0,3.0
202865,21.0,256.0,20.5,Male,3.0,59753.54,3.0,6.0
666430,19.0,229.0,41.5,Female,3.0,218233.07,4.0,7.0
3702329,8.0,102.0,44.0,Unknown,2.0,42333.37,2.0,5.0
8025839,10.0,129.0,28.0,Male,2.0,36838.27,2.0,5.0
8187091,10.0,120.0,76.5,Male,2.0,202234.31,3.0,6.0
3356526,15.0,189.0,34.5,Female,2.0,91094.17,0.0,3.0
1932870,5.0,60.0,57.5,Unknown,2.0,54452.66,3.0,6.0
4499654,11.0,142.0,35.5,Female,2.0,28107.25,5.0,8.0
9572701,16.0,203.0,52.5,Female,2.0,25025.44,3.0,6.0
3468069,16.0,192.0,64.0,Male,2.0,110777.94,2.0,5.0
4967784,13.0,166.0,42.5,Male,2.0,74244.79999999999,2.0,5.0
9034200,6.0,80.0,54.5,Unknown,2.0,705582.66,6.0,9.0
2771150,22.0,270.0,17.0,Male,2.0,28804.77,4.0,7.0
8919237,7.0,84.0,58.5,Unknown,2.0,50114.11,6.0,9.0
6522381,9.0,119.0,24.0,Male,2.0,50977.95,6.0,9.0
6885898,12.0,154.0,54.5,Unknown,2.0,113962.83,4.0,7.0
4811136,30.0,363.0,68.5,Male,3.0,185251.41,4.0,7.0
2881693,7.0,87.0,27.0,Unknown,2.0,41932.88,6.0,9.0
7677503,16.0,194.0,35.5,Female,2.0,43133.58,6.0,9.0
8689548,5.0,67.0,66.5,Unknown,2.0,25266.34,1.0,4.0
9513978,14.0,168.0,38.0,Male,3.0,231705.96,4.0,7.0
9749636,12.0,150.0,28.5,Female,2.0,42035.23,1.0,4.0
2457806,6.0,72.0,36.5,Unknown,2.0,37172.06,6.0,9.0
2506130,9.0,108.0,54.0,Female,2.0,50089.57,3.0,6.0
6831651,10.0,131.0,58.0,Male,3.0,159795.81,6.0,9.0
3590864,12.0,145.0,23.0,Male,2.0,35457.009999999995,1.0,4.0
5861625,6.0,73.0,22.5,Male,2.0,40023.69,2.0,5.0
1314483,15.0,188.0,33.0,Female,2.0,24725.39,2.0,5.0
7354807,38.0,465.0,65.5,Female,3.0,511021.16,2.0,5.0
2549857,7.0,94.0,37.0,Unknown,3.0,665739.8400000001,6.0,9.0
7885919,7.0,88.0,50.0,Unknown,2.0,46316.15,2.0,5.0
5586086,6.0,79.0,39.0,Unknown,2.0,165113.66999999998,3.0,6.0
7128670,15.0,191.0,52.0,Female,2.0,40855.05,3.0,6.0
6136031,5.0,70.0,26.5,Unknown,2.0,50056.49,0.0,3.0
5077611,10.0,125.0,56.5,Male,2.0,417177.1,5.0,8.0
6405622,5.0,69.0,32.0,Unknown,2.0,31314.32,1.0,4.0
1688760,4.0,56.0,26.0,Unknown,2.0,38323.6,5.0,8.0
1609281,15.0,186.0,41.0,Male,2.0,24993.59,3.0,6.0
6131516,6.0,82.0,58.0,Unknown,2.0,224348.57,0.0,3.0
9505393,5.0,64.0,63.0,Unknown,2.0,44033.34,4.0,7.0
6578074,7.0,95.0,60.0,Unknown,2.0,30193.51,3.0,6.0
5268329,5.0,66.0,64.0,Unknown,2.0,86437.53,3.0,6.0
8518643,24.0,292.0,65.5,Female,2.0,99562.33,4.0,7.0
3118617,21.0,254.0,69.5,Male,2.0,251613.69,6.0,9.0
9293238,18.0,227.0,60.5,Male,2.0,998917.48,5.0,8.0
7622290,17.0,214.0,52.5,Female,4.0,41593.25,3.0,6.0
3010287,17.0,204.0,37.0,Male,2.0,693548.04,6.0,9.0
5313213,5.0,71.0,19.5,Unknown,3.0,41133.81,3.0,6.0
6901755,12.0,155.0,50.5,Male,2.0,110602.81,3.0,6.0
4444417,5.0,66.0,25.5,Unknown,2.0,51324.44,1.0,4.0
2826163,4.0,58.0,62.5,Unknown,3.0,186205.7,3.0,6.0
3530185,4.0,54.0,56.0,Unknown,2.0,34465.899999999994,1.0,4.0
2610417,6.0,81.0,56.5,Unknown,2.0,221634.93,3.0,6.0
3690840,6.0,74.0,69.5,Unknown,3.0,60747.32,6.0,9.0
8167785,12.0,149.0,60.5,Female,2.0,33652.54,0.0,3.0
3671190,5.0,71.0,44.5,Unknown,2.0,67808.51,1.0,4.0
3794106,7.0,94.0,34.5,Unknown,2.0,44582.63,3.0,6.0
7419738,13.0,157.0,45.0,Male,2.0,40775.92,3.0,6.0
8858141,7.0,94.0,53.0,Unknown,3.0,206424.72,6.0,9.0
2902236,15.0,181.0,45.0,Female,2.0,48837.99,2.0,5.0
3300848,7.0,94.0,27.0,Female,2.0,43986.69,4.0,7.0
21200,5.0,71.0,61.0,Unknown,2.0,244443.18,6.0,9.0
7197228,5.0,71.0,56.0,Unknown,2.0,32314.35,1.0,4.0
899884,34.0,408.0,63.5,Female,2.0,70913.45,3.0,6.0
3366095,7.0,86.0,30.0,Unknown,4.0,466959.76,3.0,6.0
4442360,14.0,178.0,46.0,Male,2.0,126055.56,2.0,5.0
9771204,4.0,58.0,45.0,Unknown,2.0,154644.15,6.0,9.0
3159769,4.0,59.0,55.5,Unknown,3.0,123685.7,6.0,9.0
724809,13.0,158.0,57.5,Male,2.0,45816.49,5.0,8.0
4044837,5.0,61.0,53.0,Female,4.0,195726.4,5.0,8.0
7745397,6.0,79.0,61.0,Unknown,2.0,40871.73,1.0,4.0
6560481,6.0,75.0,63.5,Female,2.0,23816.34,0.0,3.0
4963607,15.0,190.0,38.5,Female,2.0,85023.92,3.0,6.0
4837653,4.0,58.0,34.0,Unknown,2.0,31300.25,3.0,6.0
7355986,6.0,78.0,19.0,Unknown,2.0,27764.7,2.0,5.0
4034386,16.0,197.0,38.5,Female,2.0,226631.53,1.0,4.0
8577690,10.0,124.0,51.5,Unknown,2.0,34910.8,0.0,4.0
5145328,5.0,71.0,38.0,Unknown,3.0,51180.3,4.0,7.0
6189931,6.0,81.0,67.0,Female,2.0,47747.76,1.0,4.0
5775585,7.0,90.0,68.0,Unknown,2.0,326149.01,6.0,9.0
6662664,12.0,148.0,44.0,Female,3.0,380142.8,6.0,9.0
4034756,6.0,73.0,35.5,Female,3.0,120198.65,3.0,6.0
8155111,13.0,161.0,55.5,Female,2.0,82588.68,0.0,3.0
2537673,8.0,97.0,70.0,Unknown,2.0,28828.73,3.0,6.0
4967651,14.0,179.0,57.0,Male,2.0,34725.09,2.0,5.0
7721482,16.0,202.0,52.0,Male,2.0,31938.86,3.0,6.0
1195067,23.0,276.0,52.5,Female,2.0,45502.89,3.0,6.0
1840596,7.0,93.0,34.5,Unknown,2.0,36728.67,6.0,9.0
9544519,11.0,143.0,32.0,Male,2.0,70197.91,3.0,6.0
4385567,6.0,79.0,56.0,Unknown,2.0,281704.5,2.0,5.0
7191604,27.0,334.0,77.5,Male,2.0,154051.32,2.0,5.0
8108637,15.0,188.0,65.0,Male,2.0,176507.11,6.0,9.0
8370386,7.0,95.0,55.5,Unknown,2.0,147664.43,1.0,4.0
8526245,14.0,179.0,54.0,Female,2.0,31197.01,0.0,3.0
3040477,14.0,168.0,35.0,Female,2.0,32072.21,0.0,3.0
3333429,15.0,189.0,45.5,Male,2.0,115786.55,4.0,7.0
8546973,4.0,57.0,70.0,Male,2.0,172477.65999999997,0.0,3.0
7298826,14.0,179.0,34.5,Male,2.0,32485.07,1.0,4.0
3676195,15.0,187.0,51.5,Female,2.0,59771.91,0.0,3.0
1580339,6.0,82.0,24.5,Unknown,2.0,55239.75,5.0,8.0
8967301,21.0,259.0,28.0,Male,2.0,189579.9,3.0,6.0
4857578,12.0,147.0,56.5,Female,2.0,176042.39,0.0,3.0
6211734,24.0,299.0,57.0,Female,3.0,55410.36,6.0,9.0
9060007,23.0,281.0,55.5,Female,2.0,60668.09,3.0,6.0
4627514,22.0,270.0,45.5,Male,2.0,87146.47,0.0,4.0
1032410,21.0,253.0,33.0,Male,3.0,145301.13,6.0,9.0
7440286,20.0,251.0,31.5,Female,2.0,31943.89,6.0,9.0
5308678,19.0,234.0,41.0,Male,2.0,42749.25,3.0,6.0
7356617,18.0,226.0,71.0,Female,2.0,213008.09000000003,5.0,8.0
9660731,16.0,196.0,42.5,Female,4.0,358154.94,6.0,9.0
2235331,15.0,182.0,31.0,Male,2.0,44233.9,0.0,3.0
1777437,8.0,106.0,32.5,Female,3.0,32510.21,6.0,9.0
3339759,5.0,60.0,54.0,Unknown,2.0,27883.11,1.0,4.0
7657707,9.0,116.0,26.0,Female,2.0,29515.42,2.0,5.0
1908164,15.0,191.0,43.5,Male,2.0,42950.33,0.0,3.0
4266091,6.0,82.0,64.0,Unknown,2.0,32268.13,0.0,3.0
7443644,12.0,154.0,48.0,Female,2.0,95253.94,6.0,9.0
718785,11.0,133.0,28.0,Female,2.0,53755.72,1.0,4.0
104643,11.0,143.0,64.0,Male,3.0,100801.42,5.0,8.0
6128683,10.0,121.0,24.5,Female,2.0,36101.71,4.0,7.0
9230591,7.0,84.0,25.0,Unknown,3.0,43394.64,3.0,6.0
7107543,7.0,86.0,44.5,Unknown,2.0,45296.81,2.0,5.0
3478270,5.0,61.0,64.0,Unknown,2.0,244555.79,0.0,3.0
1601364,6.0,72.0,19.5,Unknown,2.0,57460.58,5.0,8.0
5565466,5.0,60.0,23.5,Unknown,2.0,45575.33,6.0,9.0
3122460,14.0,169.0,34.0,Male,2.0,30908.11,2.0,5.0
3288926,4.0,58.0,21.5,Male,2.0,75712.29000000001,5.0,8.0
4597881,9.0,109.0,33.5,Male,2.0,38231.79,5.0,8.0
594677,7.0,93.0,48.5,Unknown,2.0,293388.54,0.0,3.0
5948528,7.0,87.0,34.0,Unknown,2.0,109204.24,2.0,5.0
2097144,4.0,59.0,68.0,Female,2.0,178239.18,4.0,7.0
5249755,10.0,122.0,41.0,Female,2.0,83184.83,1.0,4.0
1781127,7.0,95.0,56.5,Unknown,2.0,149451.95,2.0,5.0
8045936,14.0,168.0,36.0,Female,2.0,59377.83,1.0,4.0
3469294,4.0,57.0,26.0,Unknown,3.0,64605.53,6.0,9.0
708289,10.0,123.0,40.0,Male,2.0,122494.27,6.0,9.0
9287161,15.0,191.0,50.0,Male,2.0,46559.23,3.0,6.0
7838471,4.0,58.0,33.5,Unknown,2.0,43199.38,6.0,9.0
3950663,5.0,71.0,59.0,Unknown,3.0,150858.16,6.0,9.0
2024752,6.0,83.0,46.5,Unknown,2.0,46217.86,0.0,3.0
3268232,10.0,130.0,39.0,Male,3.0,73230.7,6.0,9.0
2208787,5.0,70.0,19.0,Unknown,2.0,26820.4,1.0,4.0
8025947,10.0,120.0,78.0,Female,2.0,43319.9,3.0,6.0
445794,9.0,118.0,83.0,Female,2.0,50256.92,1.0,5.0
6577754,13.0,167.0,71.0,Male,2.0,77873.31,6.0,9.0
1744347,15.0,180.0,63.0,Female,2.0,165814.94,6.0,9.0
5321764,12.0,154.0,32.0,Male,4.0,184845.16,6.0,9.0
3630199,23.0,276.0,45.0,Female,2.0,64379.06,6.0,9.0
2993768,21.0,263.0,69.5,Female,2.0,46221.11,1.0,4.0
8293875,19.0,230.0,63.5,Female,2.0,140021.59999999998,4.0,7.0
3685926,17.0,208.0,23.5,Male,3.0,73553.76999999999,4.0,7.0
970695,16.0,193.0,43.5,Male,2.0,73845.11,4.0,7.0
4501347,9.0,111.0,32.0,Female,2.0,125241.94,4.0,7.0
5366999,9.0,108.0,44.5,Female,2.0,113077.8,6.0,9.0
1006430,15.0,189.0,63.0,Female,2.0,47055.66,6.0,9.0
5929228,13.0,160.0,32.5,Male,4.0,124202.73,1.0,4.0
64635,28.0,337.0,70.0,Male,3.0,51077.36,5.0,8.0
3043895,12.0,150.0,60.5,Male,2.0,203847.44,6.0,9.0
6112751,4.0,59.0,23.5,Unknown,2.0,30957.39,1.0,4.0
893426,5.0,71.0,47.5,Unknown,2.0,46974.69,1.0,4.0
7927402,7.0,84.0,50.0,Unknown,3.0,3558899.76,6.0,9.0
5919500,9.0,108.0,33.5,Female,2.0,29227.23,6.0,9.0
2544619,7.0,89.0,59.0,Unknown,2.0,43997.1,4.0,7.0
4096272,6.0,72.0,27.0,Unknown,2.0,33844.49,1.0,4.0
244897,13.0,159.0,69.0,Female,2.0,66566.07,5.0,8.0
8473526,13.0,157.0,66.5,Female,2.0,23945.7,0.0,3.0
9418880,10.0,130.0,31.5,Male,2.0,56419.49,1.0,4.0
2458943,6.0,78.0,20.5,Unknown,2.0,33272.7,4.0,7.0
3209119,12.0,152.0,39.0,Male,2.0,27627.93,1.0,4.0
7013112,4.0,58.0,66.5,Unknown,2.0,25650.48,2.0,5.0
2447461,5.0,70.0,24.0,Unknown,2.0,131379.03,5.0,8.0
1393303,5.0,70.0,31.5,Unknown,2.0,30721.48,0.0,3.0
7988666,7.0,87.0,37.5,Unknown,2.0,82909.26999999999,0.0,3.0
9559591,7.0,86.0,66.5,Unknown,2.0,40778.4,2.0,5.0
9172762,9.0,114.0,50.5,Female,2.0,96997.17,3.0,6.0
9273715,12.0,153.0,36.5,Female,2.0,33988.52,3.0,6.0
9748499,5.0,60.0,23.5,Unknown,3.0,53513.56,6.0,9.0
4965716,6.0,74.0,58.0,Unknown,2.0,47641.74,0.0,3.0
9620368,10.0,123.0,52.5,Male,2.0,865347.3,6.0,9.0
9807872,6.0,77.0,60.5,Unknown,2.0,56927.87,3.0,6.0
9237729,15.0,186.0,58.0,Female,2.0,25238.54,4.0,7.0
3599122,4.0,59.0,71.5,Female,2.0,60653.04,5.0,8.0
7264487,4.0,59.0,48.5,Unknown,2.0,115858.81,0.0,3.0
456925,10.0,123.0,41.5,Male,2.0,42392.13,6.0,9.0
4449850,16.0,194.0,74.0,Female,2.0,105305.25,3.0,6.0
5191858,8.0,106.0,54.0,Female,2.0,29745.99,0.0,3.0
2888974,4.0,59.0,20.0,Unknown,3.0,39893.21,2.0,5.0
2683014,35.0,425.0,59.0,Female,2.0,61776.71,1.0,4.0
310446,22.0,275.0,68.0,Female,2.0,32635.92,4.0,7.0
5576358,21.0,256.0,26.5,Male,2.0,40272.78999999999,1.0,4.0
7444175,20.0,241.0,68.0,Female,2.0,84682.61,2.0,5.0
1087862,8.0,100.0,64.5,Unknown,2.0,225917.95,2.0,5.0
9971928,7.0,91.0,58.0,Unknown,2.0,223290.45,1.0,4.0
3910459,16.0,196.0,37.5,Male,2.0,33065.35,6.0,9.0
1099280,15.0,182.0,25.0,Female,2.0,30304.73,0.0,3.0
4647155,7.0,87.0,32.5,Unknown,3.0,70194.37,5.0,8.0
8567356,24.0,299.0,68.0,Female,2.0,41341.66,4.0,7.0
1606396,7.0,85.0,24.5,Unknown,2.0,45513.35,6.0,9.0
1368967,7.0,86.0,32.0,Unknown,2.0,33626.55,2.0,5.0
4463288,12.0,150.0,48.5,Male,2.0,79109.48,4.0,7.0
9171380,6.0,81.0,24.0,Female,3.0,37851.51,5.0,8.0
6119115,6.0,82.0,51.5,Unknown,3.0,45884.98,3.0,6.0
6705039,11.0,142.0,33.0,Female,3.0,49118.95,3.0,6.0
4551917,31.0,377.0,68.5,Male,3.0,1211770.28,6.0,9.0
4296791,20.0,242.0,74.0,Male,2.0,40968.15,1.0,4.0
1381843,5.0,71.0,54.0,Unknown,2.0,245070.19,5.0,8.0
4912890,6.0,82.0,38.0,Unknown,2.0,46326.14,2.0,5.0
3888519,6.0,75.0,34.0,Unknown,2.0,31683.57,1.0,4.0
1435683,5.0,68.0,39.5,Unknown,3.0,143875.09999999998,4.0,7.0
2911975,26.0,314.0,52.5,Female,5.0,595526.4500000001,3.0,6.0
826807,15.0,182.0,36.5,Male,2.0,144616.26,2.0,5.0
7080124,7.0,86.0,33.5,Unknown,2.0,37535.12,2.0,5.0
4026567,26.0,312.0,24.0,Female,2.0,24532.37,1.0,4.0
809360,5.0,62.0,34.5,Unknown,5.0,49251.84,1.0,4.0
7300656,11.0,135.0,38.5,Female,3.0,52876.13,1.0,4.0
977193,6.0,79.0,23.5,Unknown,2.0,55305.96,6.0,9.0
9697912,9.0,110.0,27.5,Female,2.0,38795.2,6.0,9.0
4061506,6.0,73.0,18.5,Unknown,2.0,33067.43,2.0,5.0
6768081,14.0,174.0,59.5,Female,2.0,53243.77,2.0,5.0
3278886,10.0,130.0,41.0,Female,2.0,109182.28,6.0,9.0
3022679,15.0,185.0,65.5,Female,2.0,214136.89,3.0,6.0
1783574,25.0,306.0,63.0,Female,2.0,49730.27,0.0,3.0
9520090,21.0,254.0,53.5,Male,3.0,101085.95,6.0,9.0
3625047,19.0,235.0,49.5,Female,2.0,25486.32,6.0,9.0
5163736,17.0,214.0,52.5,Female,2.0,78366.26,3.0,6.0
2768177,16.0,203.0,54.5,Male,2.0,59467.26,3.0,6.0
8492978,13.0,156.0,43.0,Male,4.0,322213.78,1.0,4.0
4736529,6.0,76.0,56.5,Male,3.0,36454.29,6.0,9.0
6304200,5.0,71.0,38.0,Male,3.0,34043.84,5.0,8.0
8650033,8.0,99.0,85.5,Unknown,2.0,439476.92,0.0,3.0
9787289,8.0,103.0,42.0,Female,2.0,110132.34,3.0,6.0
1367239,16.0,193.0,70.0,Unknown,2.0,73017.94,6.0,9.0
2110903,13.0,167.0,62.0,Male,2.0,81965.45999999999,4.0,7.0
8552123,13.0,157.0,59.5,Unknown,2.0,107183.93,3.0,6.0
3644013,22.0,270.0,73.0,Male,2.0,143397.21,5.0,8.0
3536932,5.0,69.0,39.0,Female,2.0,29458.56,6.0,9.0
653514,8.0,107.0,63.0,Female,2.0,44492.72,3.0,6.0
7610523,18.0,225.0,54.5,Male,2.0,35548.42,6.0,9.0
3353191,14.0,169.0,25.0,Female,2.0,106126.98,3.0,6.0
1807324,16.0,202.0,56.5,Male,2.0,222468.82,2.0,5.0
7935625,4.0,59.0,44.5,Unknown,2.0,34424.68,0.0,3.0
9381572,11.0,137.0,38.0,Male,2.0,45642.37,4.0,7.0
1350603,12.0,152.0,66.5,Male,4.0,1382924.46,6.0,9.0
4420179,6.0,75.0,76.5,Female,3.0,101440.87,6.0,9.0
2045369,34.0,418.0,61.5,Female,3.0,71486.82,4.0,7.0
9928912,7.0,89.0,20.5,Unknown,2.0,51176.51,6.0,9.0
9548360,7.0,95.0,30.0,Unknown,2.0,43296.26,1.0,4.0
5568328,5.0,70.0,36.5,Unknown,2.0,38211.77,1.0,4.0
2102280,10.0,124.0,41.0,Female,5.0,652907.79,4.0,7.0
3277607,12.0,152.0,56.5,Male,3.0,80965.59,3.0,6.0
2108397,4.0,57.0,48.0,Unknown,2.0,77012.28,3.0,6.0
118576,15.0,189.0,50.0,Male,2.0,34221.69,0.0,3.0
5353469,11.0,135.0,72.0,Male,2.0,33917.56,4.0,7.0
2551192,5.0,66.0,72.0,Unknown,2.0,132519.28,6.0,9.0
254302,13.0,160.0,58.5,Male,2.0,24430.36,3.0,6.0
4023351,15.0,187.0,29.0,Unknown,2.0,29282.68,0.0,3.0
1050966,16.0,193.0,52.5,Male,2.0,183141.42,1.0,4.0
53990,9.0,119.0,66.0,Male,2.0,39756.46,4.0,7.0
2609275,5.0,65.0,54.0,Unknown,2.0,680814.4500000001,2.0,5.0
174238,15.0,182.0,41.5,Male,2.0,60722.05,1.0,4.0
3495158,6.0,79.0,36.5,Unknown,3.0,36781.91,6.0,9.0
6199461,11.0,133.0,45.5,Male,2.0,63396.92,1.0,4.0
1377937,14.0,175.0,61.0,Female,2.0,241670.88,6.0,9.0
6247638,10.0,130.0,49.0,Female,2.0,193667.38,0.0,3.0
7809059,32.0,395.0,70.0,Male,2.0,332387.67,1.0,4.0
4538969,16.0,195.0,54.0,Female,2.0,92924.33,1.0,4.0
1758289,7.0,95.0,30.0,Male,3.0,90186.43,6.0,9.0
3443014,5.0,64.0,27.5,Unknown,3.0,59884.5,3.0,6.0
9083174,16.0,192.0,49.0,Male,2.0,63311.98,6.0,9.0
7787684,4.0,58.0,43.5,Unknown,2.0,39626.15,3.0,6.0
9077544,15.0,189.0,39.5,Female,2.0,26956.14,2.0,5.0
6692080,16.0,195.0,52.5,Female,2.0,136994.81,6.0,9.0
5925028,21.0,254.0,35.0,Male,2.0,182106.15,1.0,4.0
6354379,21.0,252.0,66.5,Female,2.0,155825.84000000003,6.0,9.0
4474993,18.0,225.0,42.5,Female,3.0,29856.94,3.0,6.0
9824309,17.0,214.0,36.5,Female,3.0,246774.42,6.0,9.0
44932,12.0,151.0,30.0,Male,3.0,177651.03999999998,3.0,6.0
2428657,21.0,262.0,31.0,Male,2.0,59351.58,6.0,9.0
9776532,5.0,64.0,62.0,Female,2.0,185936.36,5.0,8.0
7875730,4.0,59.0,44.5,Unknown,2.0,29837.22,0.0,3.0
4921377,27.0,334.0,83.0,Female,2.0,38672.38,6.0,9.0
5407849,10.0,125.0,44.5,Male,2.0,69476.89,1.0,4.0
8981322,9.0,119.0,31.0,Male,3.0,230322.9,2.0,5.0
5675392,6.0,83.0,43.0,Unknown,2.0,67569.53,2.0,5.0
5521684,19.0,239.0,50.0,Female,2.0,31146.76,3.0,6.0
8765364,14.0,173.0,71.0,Female,2.0,254253.15,4.0,7.0
1690668,15.0,182.0,34.0,Female,2.0,33121.98,3.0,6.0
1501512,6.0,83.0,38.0,Unknown,3.0,45649.96,1.0,4.0
6515101,15.0,191.0,40.5,Male,2.0,50148.05,1.0,4.0
2622956,4.0,59.0,62.0,Female,2.0,170049.89,1.0,4.0
8829608,16.0,192.0,58.0,Male,3.0,638185.61,6.0,9.0
815724,9.0,118.0,41.0,Female,3.0,100935.57,2.0,5.0
8182707,12.0,151.0,35.0,Male,2.0,123195.34,5.0,8.0
7559057,6.0,80.0,31.5,Unknown,3.0,85567.13,4.0,7.0
4074233,15.0,181.0,32.5,Female,2.0,33885.45,1.0,4.0
4715657,16.0,202.0,42.5,Male,2.0,96253.08,0.0,3.0
8654712,13.0,166.0,30.5,Female,3.0,35899.75,1.0,6.0
2535055,12.0,150.0,56.5,Unknown,2.0,178933.41999999998,5.0,8.0
3314111,7.0,89.0,40.5,Unknown,2.0,183608.38,0.0,3.0
8081171,6.0,82.0,54.5,Unknown,2.0,31543.93,1.0,4.0
5553633,5.0,61.0,31.0,Unknown,2.0,32250.08,1.0,4.0
8512553,4.0,59.0,46.5,Unknown,2.0,40850.25,3.0,6.0
4673510,30.0,363.0,59.5,Unknown,3.0,339151.15,6.0,9.0
4778568,5.0,64.0,66.0,Unknown,2.0,31222.81,6.0,9.0
9245362,11.0,136.0,57.5,Female,2.0,33727.08,2.0,5.0
4361996,5.0,66.0,29.0,Unknown,2.0,33499.52,0.0,3.0
5857593,12.0,155.0,71.5,Male,2.0,107678.07,4.0,7.0
8661548,8.0,104.0,37.0,Female,2.0,61174.83,6.0,9.0
4511178,4.0,59.0,33.0,Unknown,3.0,34045.13,1.0,4.0
6374491,14.0,169.0,36.0,Male,2.0,37645.12,0.0,3.0
8431794,8.0,107.0,31.5,Female,2.0,53837.53999999999,2.0,5.0
7302292,4.0,56.0,33.5,Male,4.0,75399.04000000001,3.0,6.0
9985127,8.0,106.0,30.0,Male,2.0,55323.15,2.0,5.0
5145887,6.0,73.0,26.0,Unknown,2.0,41788.56,6.0,9.0
5240077,14.0,176.0,37.5,Male,2.0,41179.96,0.0,3.0
5578646,12.0,149.0,30.0,Male,3.0,51594.07,2.0,5.0
4167002,12.0,154.0,52.5,Female,2.0,30691.67,0.0,3.0
8022611,9.0,108.0,39.0,Male,3.0,246993.82,3.0,6.0
6937319,28.0,342.0,54.0,Female,2.0,272412.68,1.0,4.0
3771312,29.0,352.0,73.0,Male,3.0,823834.18,4.0,7.0
9952738,8.0,103.0,36.5,Unknown,2.0,36534.28,1.0,5.0
4317076,23.0,278.0,39.5,Female,4.0,77438.08,0.0,3.0
2593516,22.0,267.0,72.0,Female,2.0,99312.12,3.0,6.0
2161349,21.0,261.0,52.5,Male,2.0,27021.39,2.0,5.0
5000579,21.0,260.0,57.5,Male,3.0,223723.55,3.0,6.0
6638356,22.0,264.0,70.5,Female,3.0,189616.08,3.0,7.0
1061800,21.0,257.0,44.0,Male,2.0,126769.36,3.0,6.0
7561644,6.0,73.0,74.0,Male,2.0,93270.14,3.0,6.0
9460469,26.0,317.0,55.0,Male,3.0,543252.58,4.0,7.0
2626569,5.0,70.0,28.5,Unknown,3.0,80044.04000000001,6.0,9.0
1251798,14.0,174.0,60.0,Female,2.0,34320.52,3.0,6.0
3458188,15.0,183.0,28.0,Female,2.0,63858.2,3.0,6.0
7994740,10.0,120.0,62.5,Male,2.0,67425.88,3.0,6.0
3810215,26.0,315.0,66.0,Female,2.0,31466.97,3.0,6.0
3913635,9.0,109.0,66.0,Female,2.0,676678.4600000001,5.0,8.0
7803205,4.0,58.0,63.0,Female,2.0,108549.29,0.0,3.0
9036864,4.0,59.0,43.5,Unknown,2.0,330289.57,6.0,9.0
7813416,14.0,169.0,34.0,Female,2.0,131879.95,2.0,5.0
3687030,4.0,57.0,26.0,Unknown,2.0,35253.27,0.0,3.0
1037841,8.0,96.0,28.5,Unknown,4.0,98478.16,4.0,7.0
1342790,7.0,88.0,57.0,Unknown,2.0,43104.64,2.0,5.0
9025414,6.0,74.0,43.5,Male,3.0,53259.33,0.0,3.0
3992883,17.0,206.0,41.0,Female,2.0,46539.34,6.0,9.0
3650268,9.0,109.0,39.5,Female,2.0,60297.84,5.0,8.0
168989,12.0,154.0,60.5,Female,2.0,191000.26,4.0,7.0
182574,6.0,78.0,43.5,Unknown,2.0,29755.23,4.0,7.0
5580671,11.0,139.0,36.5,Male,2.0,154201.47999999998,3.0,6.0
8808475,4.0,54.0,30.5,Female,2.0,61513.52,0.0,3.0
7617963,4.0,58.0,26.0,Unknown,2.0,136611.86,6.0,9.0
8721147,14.0,170.0,38.0,Female,2.0,50471.09,1.0,4.0
1681498,11.0,142.0,61.0,Male,2.0,37416.29,6.0,9.0
3068579,11.0,133.0,32.5,Female,2.0,55887.59,1.0,4.0
500449,14.0,179.0,35.0,Female,2.0,30748.79,3.0,6.0
9403797,6.0,82.0,35.0,Unknown,2.0,37159.44,1.0,4.0
6261427,7.0,84.0,31.5,Unknown,2.0,31484.83,1.0,4.0
6400618,7.0,93.0,56.5,Female,3.0,1341522.7999999998,5.0,8.0
6067117,6.0,79.0,28.0,Unknown,2.0,39006.04,4.0,8.0
574898,15.0,185.0,63.5,Male,4.0,293308.81,1.0,4.0
1391482,9.0,115.0,38.5,Male,4.0,211119.25,6.0,9.0
7980054,26.0,315.0,22.5,Male,3.0,184975.02,6.0,9.0
5143024,4.0,53.0,29.0,Unknown,2.0,27822.21,3.0,6.0
3057515,11.0,142.0,58.5,Female,2.0,91264.98,0.0,3.0
1808453,9.0,110.0,24.5,Female,3.0,108841.43,3.0,6.0
1896533,12.0,145.0,37.5,Male,2.0,36937.62,0.0,3.0
3874051,4.0,58.0,27.5,Unknown,2.0,387828.09,6.0,9.0
7749478,6.0,82.0,30.0,Unknown,2.0,33227.93,0.0,3.0
8870779,12.0,145.0,26.5,Female,2.0,36528.83,4.0,7.0
7314567,9.0,119.0,48.5,Male,2.0,73527.51,0.0,3.0
9901178,11.0,133.0,26.0,Female,2.0,26763.04,0.0,3.0
4970937,18.0,220.0,50.5,Female,3.0,378150.82,6.0,9.0
8147545,6.0,78.0,28.5,Unknown,3.0,127566.47,1.0,4.0
1066132,7.0,89.0,73.0,Unknown,2.0,235765.81,3.0,6.0
6548983,11.0,139.0,26.5,Male,2.0,25421.6,0.0,3.0
611108,4.0,58.0,25.5,Unknown,2.0,41788.7,0.0,3.0
1556654,6.0,72.0,23.0,Unknown,2.0,25129.74,2.0,5.0
563572,5.0,70.0,57.0,Female,2.0,38138.52,3.0,6.0
8304008,6.0,76.0,63.5,Unknown,2.0,35294.009999999995,4.0,7.0
391821,7.0,94.0,43.5,Unknown,2.0,307259.91,6.0,9.0
769230,4.0,59.0,45.5,Female,2.0,28955.29,2.0,5.0
2187752,23.0,287.0,54.5,Unknown,2.0,34578.84,2.0,5.0
4765227,23.0,287.0,48.5,Male,2.0,37273.49,1.0,4.0
6385101,23.0,287.0,58.5,Male,3.0,2007672.95,6.0,9.0
9904267,22.0,275.0,45.0,Male,3.0,62381.77,0.0,3.0
9754222,21.0,252.0,48.5,Female,2.0,25845.06,2.0,5.0
221775,21.0,252.0,58.0,Female,2.0,143870.15,6.0,9.0
3469106,20.0,248.0,62.0,Male,2.0,92253.31,2.0,5.0
4398787,19.0,238.0,47.0,Female,2.0,44359.2,6.0,9.0
8691779,17.0,210.0,65.5,Female,2.0,405810.88,6.0,9.0
9686237,16.0,203.0,29.5,Female,3.0,417904.65,1.0,5.0
1092899,5.0,69.0,60.0,Male,3.0,55332.33,6.0,9.0
1101454,6.0,81.0,66.5,Unknown,2.0,40151.83,6.0,9.0
6871175,8.0,96.0,27.0,Female,2.0,33438.05,6.0,9.0
2258366,14.0,176.0,36.0,Female,2.0,37076.41,6.0,9.0
5647732,15.0,189.0,50.5,Female,2.0,64031.4,0.0,3.0
5928334,16.0,193.0,55.5,Male,2.0,119797.27,6.0,9.0
1575665,7.0,85.0,33.0,Unknown,2.0,63359.47,2.0,5.0
7234710,11.0,142.0,41.5,Female,2.0,28659.36,0.0,3.0
5668399,5.0,71.0,22.5,Unknown,3.0,48453.78,2.0,5.0
6194289,12.0,144.0,66.5,Female,2.0,137181.53,6.0,9.0
7374949,9.0,114.0,34.0,Male,2.0,35314.009999999995,1.0,4.0
9906255,15.0,187.0,59.0,Female,2.0,25749.81,3.0,6.0
361484,7.0,88.0,30.5,Unknown,2.0,42315.46,0.0,3.0
1274510,7.0,86.0,26.0,Unknown,2.0,25871.59,6.0,9.0
8409638,7.0,94.0,41.5,Unknown,2.0,37954.22,6.0,9.0
7118661,6.0,73.0,30.5,Unknown,2.0,60250.92,6.0,9.0
3588397,5.0,60.0,27.0,Unknown,2.0,29744.4,2.0,5.0
9076766,9.0,118.0,67.0,Male,2.0,252510.1,0.0,4.0
1550877,12.0,155.0,43.5,Female,3.0,83305.51999999999,1.0,4.0
5899205,22.0,275.0,62.0,Female,2.0,385377.43,6.0,9.0
4832032,10.0,130.0,67.5,Male,3.0,165593.21000000002,4.0,8.0
3644084,14.0,169.0,54.0,Male,2.0,134957.64,4.0,7.0
3437771,15.0,184.0,71.5,Male,2.0,160503.28999999998,1.0,4.0
5623391,10.0,121.0,24.5,Female,2.0,33901.8,1.0,4.0
427628,7.0,85.0,34.0,Female,2.0,73123.17,2.0,5.0
6901495,34.0,408.0,67.0,Male,2.0,57098.4,2.0,5.0
2958474,7.0,86.0,58.0,Unknown,2.0,189872.32,3.0,6.0
1541754,16.0,194.0,42.0,Male,2.0,53061.74,0.0,3.0
8799190,5.0,65.0,54.5,Unknown,2.0,31445.49,6.0,9.0
2212962,5.0,70.0,54.5,Unknown,2.0,58207.86,6.0,9.0
4882327,13.0,158.0,32.5,Male,2.0,106621.98,2.0,5.0
8966228,6.0,80.0,66.0,Unknown,2.0,115204.33,5.0,8.0
9506863,12.0,152.0,73.5,Female,2.0,496035.97,4.0,7.0
8189521,8.0,98.0,28.0,Male,2.0,78986.36,3.0,6.0
8490525,4.0,58.0,32.5,Unknown,2.0,45050.4,0.0,3.0
9645276,5.0,70.0,24.5,Unknown,2.0,51739.65,0.0,3.0
5444141,8.0,100.0,27.0,Unknown,2.0,40872.0,5.0,8.0
7789673,13.0,160.0,71.5,Female,2.0,602889.3,6.0,9.0
6747997,19.0,228.0,64.5,Female,2.0,340215.64,0.0,3.0
9293360,11.0,140.0,41.5,Female,2.0,141604.86,1.0,4.0
9990369,15.0,191.0,61.0,Male,2.0,57665.74,2.0,5.0
6850987,13.0,163.0,54.5,Male,2.0,64328.65,2.0,5.0
7674704,4.0,58.0,44.5,Male,2.0,84715.43,0.0,3.0
6225921,22.0,270.0,57.0,Female,4.0,434301.2,6.0,9.0
7592187,21.0,253.0,26.0,Male,2.0,45591.7,3.0,6.0
3873802,21.0,253.0,69.0,Female,2.0,30834.19,2.0,5.0
5709624,17.0,206.0,69.5,Male,3.0,182884.9,5.0,8.0
4865819,7.0,94.0,60.0,Unknown,2.0,76129.66,6.0,9.0
6879669,13.0,164.0,33.5,Female,2.0,64763.3,6.0,9.0
8378562,12.0,151.0,46.5,Male,2.0,177216.52999999997,6.0,9.0
6224431,9.0,119.0,64.0,Male,2.0,94716.61,4.0,7.0
5463364,5.0,67.0,34.5,Unknown,2.0,35582.259999999995,1.0,4.0
1656237,9.0,113.0,59.0,Female,3.0,42627.37,1.0,4.0
5251053,34.0,413.0,75.5,Female,2.0,358523.67,6.0,9.0
2453811,4.0,59.0,30.0,Unknown,2.0,27616.1,0.0,3.0
2655032,11.0,142.0,56.5,Female,2.0,43152.62,0.0,3.0
6690373,33.0,406.0,63.5,Female,3.0,724029.7200000001,6.0,9.0
1731624,12.0,152.0,53.0,Female,2.0,186499.95,2.0,5.0
8383721,13.0,156.0,54.0,Female,2.0,110800.14,5.0,8.0
9344945,33.0,407.0,28.5,Male,3.0,180719.24,4.0,7.0
6114049,20.0,240.0,67.5,Female,3.0,362292.13,0.0,3.0
2060349,6.0,79.0,28.5,Unknown,2.0,62064.45,6.0,9.0
7353336,14.0,176.0,43.5,Unknown,2.0,82794.18,5.0,8.0
7183152,5.0,70.0,59.0,Unknown,2.0,25073.24,4.0,7.0
332658,6.0,78.0,71.5,Male,2.0,47909.21,3.0,6.0
2365141,15.0,188.0,46.0,Male,2.0,131271.38,5.0,8.0
1294370,6.0,81.0,46.0,Unknown,2.0,60315.99,1.0,4.0
6353212,8.0,97.0,24.5,Female,2.0,66894.45,6.0,9.0
1511438,6.0,74.0,27.0,Unknown,2.0,26859.31,2.0,5.0
4353285,8.0,105.0,40.5,Male,2.0,62360.16,0.0,4.0
8368455,13.0,160.0,39.5,Male,2.0,949665.19,6.0,9.0
5014123,6.0,75.0,26.5,Unknown,3.0,223260.81,6.0,9.0
8360513,10.0,127.0,35.5,Female,2.0,105405.84,1.0,4.0
8062855,8.0,102.0,40.5,Unknown,2.0,46428.42999999999,3.0,6.0
525234,7.0,84.0,21.5,Unknown,2.0,56648.02,6.0,9.0
4771309,9.0,111.0,34.0,Male,2.0,63251.34,0.0,3.0
2349521,6.0,73.0,61.5,Unknown,2.0,37230.82,6.0,9.0
2900178,11.0,143.0,82.5,Male,2.0,185803.43,1.0,5.0
3265158,11.0,134.0,67.5,Female,2.0,83601.07,0.0,3.0
5969913,7.0,87.0,65.5,Unknown,2.0,102344.64,1.0,4.0
8583667,5.0,62.0,46.0,Unknown,2.0,242747.68,6.0,9.0
1263631,5.0,70.0,67.5,Unknown,3.0,133913.59999999998,6.0,9.0
1950203,6.0,83.0,57.5,Unknown,2.0,161888.91999999998,6.0,9.0
7782146,8.0,103.0,33.5,Unknown,2.0,59687.59,2.0,5.0
7946204,13.0,160.0,29.5,Male,3.0,56903.34,0.0,3.0
9013834,24.0,290.0,68.5,Male,2.0,217943.3,1.0,4.0
9026497,21.0,260.0,45.0,Male,5.0,370174.2,5.0,8.0
9807333,21.0,254.0,31.5,Female,2.0,65669.88,2.0,5.0
1844826,19.0,233.0,55.5,Male,3.0,314195.06,4.0,8.0
2860895,19.0,228.0,43.5,Female,2.0,384961.06,6.0,9.0
4219157,11.0,134.0,34.5,Female,2.0,57720.71,6.0,9.0
8950311,7.0,92.0,63.0,Female,2.0,81823.73,0.0,5.0
2849180,9.0,118.0,61.0,Male,2.0,58855.53,0.0,3.0
9661426,4.0,49.0,25.5,Unknown,3.0,39078.89,0.0,3.0
62284,8.0,105.0,64.5,Female,2.0,33332.71,4.0,7.0
7922438,5.0,67.0,46.5,Unknown,2.0,52794.48,3.0,6.0
9497044,3.0,44.0,33.5,Unknown,2.0,29865.63,0.0,3.0
5395719,8.0,97.0,65.0,Unknown,2.0,167011.39,2.0,5.0
2315091,28.0,345.0,53.0,Male,2.0,779517.38,0.0,3.0
798375,30.0,360.0,50.5,Male,3.0,135604.09999999998,6.0,9.0
8254057,5.0,65.0,24.0,Male,2.0,148274.26,3.0,6.0
6750249,7.0,95.0,69.5,Unknown,2.0,29750.19,3.0,6.0
7424589,6.0,72.0,59.5,Unknown,2.0,60604.53,0.0,3.0
513864,23.0,276.0,66.5,Male,4.0,1197844.98,6.0,9.0
3373762,16.0,194.0,41.0,Female,2.0,136483.44,6.0,9.0
6193335,14.0,174.0,43.0,Male,2.0,129787.94,1.0,4.0
3538787,16.0,192.0,49.5,Unknown,2.0,69569.83,0.0,3.0
5629129,12.0,150.0,42.5,Female,3.0,36138.12,4.0,7.0
6707552,11.0,143.0,37.5,Female,3.0,66993.29999999999,6.0,9.0
6473469,9.0,109.0,41.0,Male,3.0,70693.26,0.0,3.0
8278713,9.0,110.0,63.5,Male,2.0,83887.25,2.0,5.0
2396230,14.0,169.0,44.5,Female,3.0,67452.94,2.0,5.0
6121453,4.0,56.0,52.0,Unknown,2.0,234846.13,5.0,8.0
4157037,14.0,173.0,45.0,Female,3.0,61110.35,1.0,4.0
1621856,6.0,74.0,27.0,Unknown,2.0,39422.81,0.0,3.0
5048749,16.0,193.0,55.0,Female,2.0,498488.58,6.0,9.0
6752369,4.0,57.0,21.0,Unknown,2.0,27283.06,3.0,6.0
7756489,12.0,150.0,54.5,Female,2.0,33308.78,0.0,3.0
1433649,12.0,155.0,68.0,Male,2.0,761763.75,5.0,8.0
3623291,15.0,188.0,54.0,Male,2.0,175764.74,5.0,8.0
2160702,15.0,189.0,41.0,Female,2.0,44934.26,0.0,3.0
4637373,15.0,189.0,51.0,Male,2.0,113530.41,6.0,9.0
4155300,13.0,166.0,25.5,Male,3.0,57014.74,6.0,9.0
965266,16.0,195.0,57.0,Female,2.0,23884.45,1.0,4.0
9840124,16.0,195.0,70.0,Male,2.0,80330.68,3.0,6.0
5917716,15.0,180.0,68.0,Male,2.0,83497.73,6.0,9.0
2756618,25.0,300.0,63.5,Female,2.0,172439.39,6.0,9.0
3222141,24.0,298.0,35.0,Male,3.0,147215.95,6.0,9.0
81976,24.0,289.0,52.5,Female,2.0,274847.33,0.0,3.0
8348041,20.0,250.0,24.5,Female,3.0,43201.41,4.0,7.0
9048437,21.0,253.0,67.0,Male,2.0,85647.26,4.0,7.0
600986,18.0,217.0,53.0,Male,3.0,814540.92,3.0,6.0
6542682,15.0,187.0,47.5,Female,2.0,76666.64,2.0,5.0
5169181,6.0,82.0,43.0,Unknown,2.0,44092.02,0.0,3.0
1547888,5.0,71.0,25.5,Unknown,2.0,33166.11,3.0,6.0
938088,6.0,83.0,35.5,Unknown,3.0,907080.18,6.0,9.0
7374336,6.0,76.0,57.0,Unknown,2.0,123920.84,2.0,5.0
9616872,4.0,56.0,27.0,Unknown,2.0,55926.7,6.0,9.0
8742053,13.0,159.0,26.5,Male,2.0,57791.34,3.0,6.0
989483,6.0,83.0,57.5,Unknown,2.0,316589.7,0.0,3.0
2417368,6.0,81.0,31.0,Unknown,3.0,53504.66,1.0,4.0
7152522,16.0,192.0,55.5,Female,2.0,24028.65,3.0,6.0
4823018,26.0,323.0,66.5,Female,3.0,399009.33,3.0,6.0
477418,6.0,73.0,89.0,Unknown,2.0,39292.35,0.0,3.0
5376682,16.0,198.0,50.5,Female,2.0,78586.25,6.0,9.0
555975,11.0,142.0,67.5,Female,2.0,74290.0,1.0,4.0
8338197,15.0,181.0,30.5,Female,2.0,31247.82,2.0,5.0
7564180,14.0,169.0,51.5,Male,2.0,40696.36,0.0,3.0
2523858,11.0,136.0,25.0,Male,2.0,29105.42,0.0,3.0
484481,21.0,253.0,55.0,Female,2.0,38500.34,6.0,9.0
1925220,26.0,321.0,69.0,Male,2.0,74989.81,5.0,8.0
7709301,6.0,77.0,26.5,Unknown,2.0,46037.67999999999,6.0,9.0
7734945,14.0,175.0,38.0,Male,2.0,123865.93,1.0,4.0
7343230,15.0,188.0,36.5,Female,2.0,98987.35,1.0,4.0
7198052,7.0,90.0,34.0,Female,2.0,32158.36,4.0,7.0
2009732,6.0,83.0,35.5,Unknown,2.0,61663.64,1.0,4.0
7733547,8.0,100.0,51.5,Unknown,2.0,33049.1,2.0,5.0
7054811,6.0,78.0,66.0,Unknown,2.0,449838.21,6.0,9.0
2995237,7.0,93.0,37.5,Unknown,2.0,305853.42,3.0,6.0
8759490,16.0,193.0,17.5,Male,2.0,27028.18,1.0,4.0
7986054,7.0,84.0,26.0,Unknown,2.0,69579.51999999999,6.0,9.0
2747819,5.0,67.0,64.0,Female,2.0,236917.31,2.0,5.0
6170935,7.0,88.0,62.5,Unknown,2.0,381238.06,2.0,5.0
6228133,14.0,168.0,78.0,Male,2.0,213472.33,2.0,5.0
1231274,4.0,58.0,51.5,Unknown,2.0,26210.72,3.0,6.0
4140577,11.0,135.0,58.0,Male,4.0,558829.37,6.0,9.0
3974644,16.0,202.0,39.5,Female,3.0,55613.59,4.0,7.0
4781303,6.0,78.0,64.0,Unknown,2.0,96814.1,1.0,4.0
6131525,14.0,175.0,74.0,Female,2.0,37042.48,0.0,3.0
1170325,12.0,149.0,31.5,Female,2.0,52715.35,5.0,8.0
6736705,27.0,328.0,53.0,Male,3.0,1068521.1,5.0,9.0
5751638,23.0,287.0,80.0,Female,2.0,71584.70999999999,4.0,7.0
4836825,23.0,276.0,44.5,Female,3.0,116428.02,2.0,5.0
49450,22.0,271.0,62.5,Unknown,2.0,31843.88,3.0,6.0
8268271,20.0,245.0,67.5,Male,2.0,525410.66,6.0,9.0
9953790,19.0,229.0,20.5,Male,2.0,35666.55,1.0,4.0
4026832,11.0,143.0,59.0,Male,2.0,27716.23,0.0,3.0
3563466,10.0,130.0,58.5,Female,2.0,30331.49,0.0,3.0
4911936,4.0,58.0,36.5,Unknown,2.0,43863.15,0.0,3.0
578478,5.0,64.0,55.0,Unknown,2.0,56781.88,2.0,5.0
4502846,15.0,187.0,49.5,Male,2.0,297285.78,6.0,9.0
5011827,14.0,177.0,36.5,Male,2.0,74828.07,6.0,9.0
3044203,7.0,85.0,25.5,Male,2.0,47961.53,6.0,9.0
3950236,8.0,107.0,63.0,Female,2.0,62744.11,5.0,8.0
9088028,15.0,189.0,56.0,Male,2.0,108103.04,1.0,4.0
4017786,15.0,189.0,49.0,Male,2.0,39835.82,2.0,5.0
8204656,8.0,96.0,61.5,Unknown,2.0,97898.81,2.0,5.0
9599779,4.0,58.0,50.0,Unknown,2.0,53118.67999999999,2.0,5.0
9110731,14.0,179.0,56.0,Male,2.0,80017.72,6.0,9.0
8390336,4.0,58.0,25.0,Unknown,2.0,43256.92,0.0,3.0
2334903,7.0,88.0,48.5,Unknown,2.0,40110.19,1.0,4.0
7764241,5.0,70.0,23.0,Unknown,2.0,51476.78,4.0,7.0
4322460,12.0,146.0,37.0,Female,2.0,63849.07,0.0,3.0
3461541,6.0,80.0,28.5,Unknown,2.0,41519.87,3.0,6.0
8078763,5.0,71.0,53.5,Unknown,2.0,35008.78,0.0,3.0
9115330,6.0,75.0,32.0,Unknown,2.0,46106.7,6.0,9.0
9825063,4.0,58.0,60.0,Female,2.0,35937.09,6.0,9.0
4049668,4.0,51.0,33.0,Unknown,3.0,121434.28,6.0,9.0
5653500,10.0,121.0,30.5,Female,2.0,49188.82,0.0,3.0
872979,4.0,58.0,26.0,Unknown,2.0,44058.69,0.0,3.0
553718,16.0,196.0,36.0,Female,2.0,90357.59,6.0,9.0
876173,15.0,185.0,59.0,Female,2.0,87296.26999999999,1.0,4.0
2187978,8.0,97.0,28.5,Unknown,2.0,45631.1,1.0,4.0
8728689,14.0,178.0,39.5,Male,2.0,53181.57,0.0,3.0
5897837,8.0,98.0,63.5,Male,2.0,126077.0,1.0,4.0
5748636,14.0,178.0,37.0,Male,2.0,75972.98999999999,1.0,4.0
7114816,8.0,106.0,55.0,Female,2.0,80098.72,6.0,9.0
8079695,6.0,82.0,34.0,Unknown,2.0,28642.06,0.0,3.0
1683664,11.0,142.0,44.5,Female,2.0,112985.06,2.0,5.0
5876920,11.0,142.0,38.0,Male,4.0,470091.53,3.0,6.0
275288,14.0,178.0,73.0,Female,2.0,30056.01,3.0,6.0
2313272,7.0,88.0,59.5,Unknown,2.0,61081.31,0.0,3.0
8050462,6.0,82.0,52.5,Unknown,3.0,55186.26,4.0,7.0
5883955,6.0,81.0,24.0,Unknown,2.0,51798.08,1.0,4.0
6605089,8.0,97.0,28.0,Unknown,2.0,53243.32,4.0,7.0
5777311,23.0,286.0,47.5,Male,2.0,374613.04,6.0,9.0
5911953,22.0,270.0,56.0,Male,3.0,188940.99,2.0,5.0
258198,22.0,268.0,55.5,Male,2.0,24791.59,0.0,3.0
6224299,21.0,257.0,45.5,Female,3.0,204074.51,2.0,5.0
9347944,21.0,253.0,46.5,Unknown,2.0,80125.75,4.0,7.0
2410363,20.0,249.0,48.0,Female,2.0,255608.36,5.0,8.0
4317880,19.0,239.0,62.5,Male,2.0,34771.95,5.0,8.0
6759025,19.0,238.0,63.5,Female,2.0,53421.6,3.0,6.0
4537483,13.0,164.0,62.5,Male,2.0,36190.42,3.0,6.0
2144039,8.0,104.0,36.5,Female,2.0,36044.45,6.0,9.0
6506090,10.0,130.0,41.0,Female,3.0,220326.79,6.0,9.0
3606737,5.0,70.0,43.0,Male,2.0,56139.78,4.0,7.0
3684402,5.0,67.0,64.0,Unknown,2.0,67585.76999999999,2.0,5.0
4551817,11.0,136.0,21.0,Female,2.0,44845.01,4.0,7.0
5146873,9.0,108.0,52.0,Male,5.0,937839.89,6.0,9.0
3732958,8.0,107.0,47.0,Female,2.0,37974.6,0.0,3.0
8241992,34.0,418.0,64.5,Female,3.0,147239.63,6.0,9.0
9764966,8.0,100.0,60.0,Unknown,2.0,72483.43,4.0,7.0
6504614,7.0,92.0,26.0,Unknown,3.0,104247.87,6.0,9.0
5943724,4.0,56.0,57.5,Unknown,2.0,33384.619999999995,2.0,6.0
939103,14.0,173.0,71.5,Male,2.0,125758.24,2.0,5.0
2575645,12.0,145.0,46.5,Male,2.0,28114.22,3.0,6.0
4728491,21.0,262.0,45.5,Male,3.0,33097.25,4.0,7.0
9141367,14.0,179.0,63.0,Female,2.0,62177.76,2.0,5.0
8450389,15.0,191.0,59.5,Male,2.0,38952.68,3.0,6.0
3908093,3.0,43.0,68.0,Unknown,2.0,36947.72,0.0,3.0
9690466,16.0,202.0,34.0,Male,2.0,142008.18,2.0,5.0
6599844,7.0,91.0,73.0,Unknown,2.0,55094.01,6.0,9.0
4471245,15.0,191.0,34.5,Male,3.0,465757.83,4.0,7.0
6723051,11.0,143.0,42.5,Male,2.0,33261.05,1.0,4.0
7433598,6.0,74.0,32.5,Unknown,2.0,43400.22,6.0,9.0
2493522,6.0,74.0,24.0,Unknown,2.0,25319.73,0.0,3.0
9637176,11.0,143.0,40.0,Male,2.0,110228.46,2.0,5.0
1357936,13.0,166.0,68.0,Female,2.0,272785.94,6.0,9.0
4396676,9.0,116.0,27.5,Female,3.0,119786.0,3.0,6.0
6021509,20.0,249.0,59.5,Male,2.0,61771.72,4.0,7.0
8396404,10.0,125.0,32.0,Male,2.0,317695.08,6.0,9.0
8453834,11.0,138.0,86.0,Male,2.0,118574.86,3.0,6.0
220644,6.0,81.0,62.5,Unknown,2.0,92210.15,3.0,6.0
2532415,6.0,76.0,67.0,Female,2.0,77558.01,6.0,9.0
3984566,6.0,80.0,45.5,Unknown,2.0,58563.49,1.0,4.0
2356445,14.0,179.0,71.5,Female,2.0,96687.93,5.0,8.0
2135962,17.0,205.0,58.5,Female,2.0,35609.77,5.0,8.0
7475044,11.0,143.0,50.0,Male,2.0,189675.96,3.0,6.0
3493456,9.0,114.0,63.5,Female,2.0,555877.5800000001,2.0,5.0
1399011,8.0,100.0,57.0,Unknown,2.0,29068.97,5.0,9.0
2228464,21.0,253.0,65.0,Unknown,2.0,89351.0,6.0,9.0
1329649,11.0,143.0,45.0,Female,2.0,165411.94,1.0,4.0
7327619,24.0,290.0,49.0,Unknown,2.0,32165.84,0.0,4.0
698686,21.0,260.0,63.0,Female,3.0,77754.98,4.0,7.0
5964393,21.0,258.0,66.0,Male,2.0,176244.52000000002,5.0,8.0
2452066,5.0,60.0,30.0,Male,2.0,28445.47,3.0,6.0
9312698,5.0,70.0,52.5,Unknown,2.0,348273.33,6.0,9.0
7302513,14.0,179.0,37.5,Unknown,2.0,77094.14,0.0,3.0
4203907,10.0,130.0,40.0,Male,2.0,38994.44,4.0,7.0
1966588,4.0,54.0,31.0,Unknown,2.0,28555.01,0.0,3.0
6461378,11.0,142.0,55.5,Female,2.0,57777.6,0.0,3.0
21281,12.0,144.0,63.5,Male,2.0,24221.12,0.0,3.0
5215997,10.0,129.0,42.0,Male,3.0,100091.73,0.0,3.0
4221630,11.0,141.0,65.0,Male,2.0,107721.81,3.0,6.0
4205329,8.0,107.0,58.5,Female,2.0,56940.14,2.0,5.0
6089566,12.0,149.0,31.5,Male,2.0,55672.56,6.0,9.0
6084871,13.0,166.0,55.5,Male,2.0,573488.66,5.0,8.0
2478632,14.0,171.0,43.5,Female,2.0,30172.24,0.0,3.0
931561,13.0,166.0,28.5,Male,2.0,126670.27,6.0,9.0
5075723,6.0,83.0,25.5,Unknown,2.0,55699.01,2.0,5.0
7603655,15.0,185.0,39.5,Male,3.0,124293.97,4.0,7.0
9734894,14.0,172.0,42.0,Female,2.0,79933.15,3.0,6.0
1700375,17.0,208.0,68.5,Female,2.0,38890.52,0.0,3.0
6986049,16.0,193.0,37.5,Female,2.0,153329.34,6.0,9.0
9313219,5.0,64.0,39.5,Unknown,2.0,216190.43,1.0,4.0
2070044,6.0,79.0,25.0,Unknown,2.0,66248.31,2.0,5.0
403509,3.0,39.0,51.0,Unknown,2.0,164980.18,5.0,8.0
6143642,5.0,70.0,42.5,Unknown,4.0,255618.7,6.0,9.0
2433851,13.0,157.0,62.5,Female,2.0,299925.76,4.0,7.0
1299623,11.0,132.0,29.0,Female,2.0,31992.84,1.0,4.0
9893446,29.0,353.0,65.0,Male,3.0,3193269.83,6.0,9.0
9740561,15.0,190.0,39.5,Female,2.0,26822.5,0.0,3.0
1129766,6.0,82.0,25.0,Unknown,2.0,33032.619999999995,2.0,5.0
6167895,4.0,56.0,28.0,Unknown,2.0,50848.53999999999,1.0,4.0
6503866,12.0,154.0,42.5,Female,2.0,64063.63,1.0,4.0
2896084,5.0,70.0,36.0,Unknown,3.0,41706.85,6.0,9.0
6170009,27.0,328.0,54.5,Male,2.0,550359.63,6.0,9.0
7978056,9.0,108.0,58.5,Male,2.0,689629.86,6.0,9.0
5925382,9.0,119.0,60.0,Female,2.0,77683.51999999999,5.0,8.0
2040900,5.0,68.0,39.5,Unknown,2.0,32227.7,6.0,9.0
9432141,5.0,71.0,28.0,Unknown,2.0,35245.58,2.0,5.0
7913206,5.0,70.0,30.0,Unknown,2.0,45696.85,2.0,5.0
5203969,4.0,54.0,51.5,Unknown,2.0,32674.61,1.0,4.0
5601718,6.0,74.0,58.0,Female,2.0,132006.19,1.0,4.0
1362382,6.0,82.0,54.0,Unknown,2.0,64763.37,0.0,3.0
700448,4.0,56.0,21.5,Female,2.0,26965.17,0.0,3.0
7999619,16.0,198.0,30.0,Female,2.0,55659.42999999999,3.0,6.0
1232744,11.0,142.0,61.5,Female,2.0,100754.54,3.0,6.0
2647605,5.0,71.0,35.5,Unknown,2.0,48707.39,0.0,3.0
5301953,14.0,173.0,65.5,Female,2.0,74567.7,2.0,5.0
2194589,13.0,160.0,67.5,Male,2.0,25291.7,1.0,4.0
6802075,28.0,342.0,60.5,Male,2.0,33250.09,6.0,9.0
471506,25.0,308.0,50.0,Male,3.0,178494.83000000002,6.0,9.0
6671813,24.0,288.0,52.5,Male,2.0,31565.98,1.0,4.0
3196595,20.0,240.0,59.5,Female,3.0,476991.91,6.0,9.0
1500622,19.0,239.0,23.5,Male,2.0,44069.96,6.0,9.0
4993371,18.0,220.0,40.5,Male,2.0,24392.3,6.0,9.0
6115286,4.0,58.0,23.0,Unknown,2.0,31626.91,4.0,7.0
2907112,5.0,64.0,47.5,Unknown,2.0,116912.43,1.0,4.0
3096335,8.0,106.0,25.5,Male,3.0,41440.03999999999,3.0,6.0
5172248,4.0,58.0,57.0,Unknown,2.0,42521.82,3.0,6.0
3407712,8.0,107.0,42.0,Male,2.0,245769.95,2.0,5.0
1253941,8.0,102.0,31.0,Unknown,3.0,174666.95,5.0,8.0
2163974,6.0,73.0,62.0,Female,3.0,374626.63,5.0,8.0
5710023,11.0,143.0,30.5,Male,3.0,173900.11,6.0,9.0
7767586,9.0,112.0,62.0,Male,3.0,2110404.11,5.0,9.0
5168960,12.0,147.0,54.0,Female,2.0,215552.26,1.0,4.0
7303563,11.0,142.0,40.0,Male,2.0,109218.13,0.0,3.0
2351894,5.0,67.0,33.0,Unknown,2.0,46964.48,2.0,5.0
133779,13.0,166.0,69.0,Male,2.0,73034.15,1.0,6.0
5124964,15.0,185.0,38.0,Female,2.0,49864.14,2.0,5.0
3916407,4.0,59.0,31.0,Unknown,2.0,48225.72,6.0,9.0
197374,12.0,147.0,35.5,Unknown,2.0,49494.51,0.0,3.0
8094263,7.0,94.0,52.5,Unknown,2.0,37796.2,3.0,6.0
4235619,7.0,84.0,45.0,Unknown,2.0,69871.11,6.0,9.0
7371185,20.0,241.0,88.0,Female,2.0,76100.9,5.0,8.0
1014761,9.0,119.0,29.0,Female,2.0,68954.51,5.0,8.0
2771405,8.0,106.0,23.0,Female,2.0,50245.77,2.0,5.0
8501770,13.0,163.0,64.5,Male,2.0,543128.89,6.0,9.0
4228858,6.0,81.0,58.0,Unknown,2.0,164367.96999999997,3.0,6.0
9869094,8.0,102.0,58.5,Unknown,3.0,781163.6000000001,5.0,8.0
7787381,4.0,57.0,62.5,Unknown,3.0,330435.71,6.0,9.0
5003348,6.0,72.0,87.0,Female,3.0,1100315.26,6.0,9.0
403658,5.0,60.0,60.5,Unknown,2.0,207877.1,2.0,5.0
7669299,6.0,73.0,53.5,Unknown,2.0,61233.8,5.0,8.0
4372327,10.0,130.0,49.5,Female,2.0,36202.46,1.0,4.0
6388327,13.0,156.0,32.0,Male,2.0,31947.45,0.0,3.0
206829,5.0,60.0,58.5,Unknown,2.0,62565.74,3.0,6.0
9430648,7.0,95.0,33.5,Unknown,2.0,70575.98999999999,0.0,3.0
9901958,5.0,68.0,30.0,Unknown,3.0,35930.89,3.0,6.0
1711408,12.0,154.0,25.5,Female,2.0,137816.84,2.0,5.0
1208839,10.0,130.0,56.5,Male,3.0,64220.51,0.0,3.0
5387183,15.0,180.0,75.5,Female,2.0,77217.93,4.0,7.0
3016960,9.0,113.0,35.5,Unknown,2.0,153430.72,3.0,6.0
8406295,15.0,183.0,28.0,Male,2.0,32095.67,0.0,3.0
6033918,14.0,179.0,37.0,Unknown,2.0,140093.05,0.0,3.0
3523665,6.0,72.0,47.5,Unknown,2.0,50991.35,1.0,4.0
1667324,34.0,409.0,52.5,Female,2.0,119156.31,1.0,4.0
3302512,6.0,72.0,20.5,Unknown,2.0,25263.9,0.0,3.0
7230446,6.0,74.0,62.0,Male,2.0,58778.11,2.0,5.0
9182109,5.0,66.0,49.5,Male,4.0,389144.69,6.0,9.0
2269601,13.0,157.0,45.5,Female,2.0,221436.36,1.0,5.0
6419280,14.0,178.0,58.5,Female,2.0,36657.12,1.0,4.0
1576378,14.0,168.0,56.0,Male,2.0,241149.99,6.0,9.0
36432,29.0,355.0,59.0,Female,2.0,114138.71,2.0,5.0
3650421,15.0,190.0,41.0,Female,2.0,172405.40999999997,6.0,9.0
5284464,15.0,190.0,24.0,Male,2.0,127867.39,0.0,3.0
8540165,16.0,197.0,53.5,Female,2.0,28587.95,0.0,3.0
4355941,12.0,151.0,36.0,Male,4.0,187266.47,0.0,4.0
4393977,23.0,284.0,52.0,Male,2.0,146143.05,6.0,9.0
8016194,22.0,275.0,41.0,Male,2.0,181332.4,6.0,9.0
4162111,22.0,269.0,50.5,Female,2.0,101696.93,1.0,4.0
5749929,22.0,269.0,53.0,Female,3.0,307977.73,6.0,9.0
7093538,20.0,251.0,79.0,Unknown,2.0,147877.44,6.0,9.0
6044594,18.0,221.0,51.5,Male,2.0,86384.43,1.0,4.0
5357905,5.0,64.0,63.0,Male,3.0,44144.91,4.0,7.0
7231818,5.0,71.0,42.5,Unknown,2.0,128958.71,2.0,5.0
5040008,12.0,148.0,40.5,Female,2.0,48521.82,2.0,5.0
7137234,6.0,73.0,66.0,Unknown,2.0,363038.61,6.0,9.0
5856694,20.0,250.0,61.5,Female,4.0,574591.43,4.0,7.0
4204913,11.0,137.0,55.0,Female,2.0,793763.12,5.0,8.0
3432025,4.0,58.0,63.5,Unknown,2.0,32825.35,0.0,3.0
4231894,4.0,54.0,34.5,Female,3.0,41630.89,4.0,7.0
3749265,6.0,81.0,66.0,Unknown,2.0,53522.34,6.0,9.0
1104757,10.0,123.0,38.5,Female,2.0,46426.35,1.0,4.0
9169430,11.0,140.0,72.0,Female,2.0,476077.94,6.0,9.0
3126806,34.0,415.0,35.5,Male,2.0,25545.09,2.0,5.0
9425999,8.0,107.0,54.5,Male,2.0,72685.54999999999,6.0,9.0
9172302,9.0,115.0,55.0,Unknown,3.0,49928.2,4.0,7.0
4122278,9.0,118.0,72.0,Female,2.0,55980.92999999999,3.0,6.0
8669103,6.0,78.0,57.5,Unknown,2.0,32603.78,3.0,6.0
1423584,9.0,111.0,53.0,Male,2.0,79790.62,4.0,7.0
2290198,8.0,106.0,55.5,Female,2.0,62841.03,6.0,9.0
8902724,15.0,185.0,35.0,Female,2.0,79175.82,5.0,8.0
5935341,9.0,119.0,56.5,Female,2.0,63803.34,1.0,4.0
5206243,13.0,162.0,42.5,Female,3.0,28512.16,2.0,5.0
5389964,12.0,145.0,35.0,Male,3.0,60691.75,1.0,5.0
2537848,14.0,178.0,32.5,Unknown,2.0,29316.25,0.0,3.0
7594772,7.0,86.0,37.0,Unknown,2.0,32471.11,1.0,4.0
9304191,11.0,143.0,29.0,Male,3.0,86508.1,5.0,8.0
4450104,11.0,135.0,66.5,Male,2.0,29824.92,6.0,9.0
6822308,4.0,58.0,41.0,Unknown,2.0,51322.83,4.0,7.0
5490826,27.0,333.0,52.0,Male,2.0,36836.74,5.0,8.0
3154239,7.0,91.0,28.0,Unknown,3.0,124070.54,3.0,6.0
647474,7.0,89.0,27.0,Unknown,2.0,48364.75,6.0,9.0
7500270,31.0,374.0,56.0,Female,2.0,28166.5,5.0,8.0
9887195,26.0,316.0,59.0,Male,3.0,523958.88,3.0,6.0
1445252,12.0,145.0,55.5,Female,2.0,45509.0,1.0,4.0
5166590,17.0,205.0,68.0,Female,2.0,64452.25,6.0,9.0
660540,12.0,146.0,61.5,Male,2.0,52932.75,0.0,3.0
5478643,20.0,250.0,71.0,Female,2.0,73422.26999999999,5.0,8.0
871246,18.0,224.0,66.5,Male,2.0,1056063.12,6.0,9.0
8432960,18.0,222.0,45.0,Female,3.0,347465.26,6.0,9.0
42349,17.0,205.0,23.5,Unknown,2.0,36845.23,3.0,6.0
1198732,5.0,60.0,23.0,Unknown,2.0,32698.47,6.0,9.0
4081136,7.0,90.0,28.0,Unknown,4.0,74226.23,6.0,9.0
8700865,5.0,60.0,41.5,Unknown,2.0,32518.02,3.0,6.0
3816418,6.0,83.0,39.0,Unknown,2.0,150443.47,0.0,3.0
4254249,16.0,201.0,43.0,Male,2.0,73636.87,1.0,4.0
8150060,12.0,148.0,39.0,Female,2.0,34454.85,1.0,4.0
9405925,4.0,58.0,38.0,Unknown,2.0,25673.05,2.0,5.0
6723429,5.0,65.0,39.5,Unknown,2.0,74270.83,0.0,3.0
1434264,9.0,110.0,53.5,Female,2.0,102594.61,2.0,5.0
9055966,5.0,66.0,20.5,Unknown,2.0,207101.7,2.0,5.0
6097544,7.0,85.0,23.5,Unknown,3.0,162858.76,6.0,9.0
6484957,14.0,170.0,34.5,Male,2.0,36752.87,0.0,3.0
2203412,13.0,166.0,29.0,Female,3.0,115836.0,6.0,9.0
5860978,5.0,70.0,54.5,Unknown,2.0,72329.89,1.0,4.0
481539,9.0,112.0,37.5,Male,2.0,169354.55,6.0,9.0
1023699,11.0,138.0,87.5,Female,3.0,247539.0,2.0,6.0
2076087,2.0,35.0,29.5,Unknown,2.0,30085.17,2.0,5.0
7410126,14.0,168.0,52.0,Male,6.0,492171.85,6.0,9.0
1339225,15.0,188.0,46.0,Male,2.0,244543.74,6.0,9.0
7185182,12.0,150.0,48.5,Female,2.0,350331.17,0.0,3.0
3586330,20.0,241.0,54.5,Female,2.0,192293.1,6.0,9.0
1275397,6.0,82.0,22.5,Unknown,3.0,407125.46,3.0,6.0
4284960,13.0,157.0,41.5,Male,2.0,36405.37,3.0,6.0
7785327,6.0,73.0,71.0,Unknown,2.0,29249.84,4.0,7.0
6544888,9.0,110.0,44.0,Female,3.0,122110.95,5.0,8.0
3515457,6.0,83.0,62.5,Unknown,2.0,41352.9,4.0,7.0
6389276,15.0,185.0,31.0,Male,2.0,275538.04,6.0,9.0
4320138,8.0,106.0,52.0,Female,2.0,56129.23,4.0,7.0
6187548,11.0,135.0,66.0,Female,2.0,55046.21,2.0,5.0
4448053,8.0,106.0,28.0,Male,3.0,167497.41999999998,5.0,8.0
5317548,5.0,64.0,31.5,Unknown,2.0,46574.13,3.0,6.0
7867896,10.0,126.0,48.0,Male,2.0,428704.3,1.0,4.0
5993170,4.0,59.0,31.0,Unknown,3.0,37641.75,6.0,9.0
3528580,14.0,175.0,62.5,Female,2.0,160482.25,6.0,9.0
2328287,24.0,291.0,51.5,Female,2.0,41319.63,0.0,3.0
2492053,5.0,65.0,67.0,Unknown,2.0,118012.64,2.0,5.0
2095170,4.0,59.0,22.0,Female,2.0,68996.93,1.0,4.0
1124141,34.0,419.0,65.0,Unknown,2.0,94180.06,1.0,4.0
148369,22.0,269.0,48.5,Female,2.0,44267.27,1.0,4.0
3268024,21.0,259.0,51.5,Male,3.0,304009.0,1.0,4.0
4079273,20.0,240.0,38.5,Male,2.0,210784.06,2.0,5.0
1867695,23.0,285.0,37.5,Male,2.0,44183.13,6.0,9.0
1750910,18.0,225.0,69.0,Female,2.0,85059.6,6.0,9.0
5680791,4.0,58.0,27.0,Unknown,3.0,37084.49,2.0,5.0
4364897,5.0,71.0,27.0,Unknown,3.0,83206.54000000001,2.0,5.0
2862693,15.0,182.0,32.0,Male,2.0,138653.71,2.0,6.0
8175603,15.0,189.0,50.0,Female,2.0,286712.25,0.0,3.0
783823,4.0,58.0,43.5,Unknown,2.0,30658.85,1.0,4.0
8364792,15.0,189.0,39.0,Female,3.0,288723.33,2.0,5.0
8548327,6.0,78.0,39.5,Unknown,4.0,169453.09999999998,0.0,3.0
4885497,8.0,99.0,49.0,Unknown,3.0,221617.43,6.0,9.0
7372308,14.0,173.0,37.5,Unknown,2.0,147349.09,0.0,3.0
6728638,5.0,64.0,58.0,Unknown,2.0,26362.52,2.0,5.0
9783938,7.0,86.0,49.0,Unknown,2.0,162629.09999999998,1.0,4.0
6597999,15.0,181.0,31.5,Female,3.0,35583.23,2.0,5.0
2781124,5.0,61.0,63.0,Unknown,3.0,134063.34,6.0,9.0
3978758,9.0,112.0,36.0,Male,3.0,105910.55,6.0,9.0
7452055,5.0,66.0,32.5,Female,3.0,147322.22999999998,3.0,6.0
5937062,8.0,106.0,25.0,Female,3.0,48689.28,6.0,9.0
7778678,11.0,134.0,37.0,Female,2.0,56317.15,6.0,9.0
2399324,29.0,351.0,69.5,Unknown,3.0,1374585.42,6.0,9.0
2970209,15.0,187.0,58.5,Female,2.0,23846.96,6.0,9.0
365525,4.0,59.0,24.5,Unknown,3.0,25797.84,4.0,7.0
5347505,26.0,318.0,23.0,Female,2.0,396802.1,3.0,6.0
3527715,11.0,132.0,42.0,Female,2.0,107658.41,6.0,9.0
3352614,13.0,157.0,36.0,Female,2.0,77668.34,6.0,9.0
2137312,6.0,80.0,25.5,Unknown,2.0,75591.7,2.0,5.0
952747,14.0,175.0,33.5,Female,2.0,29939.11,1.0,4.0
9943162,16.0,202.0,47.0,Female,2.0,169348.43,0.0,3.0
1308902,14.0,170.0,56.5,Female,2.0,34822.869999999995,0.0,4.0
1472844,7.0,87.0,60.0,Unknown,2.0,79283.63,5.0,8.0
6582979,12.0,155.0,46.5,Female,2.0,31642.64,1.0,4.0
4599587,6.0,81.0,63.0,Unknown,2.0,64303.99,6.0,9.0
6658155,9.0,119.0,52.0,Female,2.0,30979.72,4.0,7.0
26211,15.0,181.0,41.5,Female,2.0,175885.87,0.0,3.0
2941566,9.0,109.0,56.0,Male,2.0,57833.64,0.0,3.0
5700388,5.0,70.0,40.5,Unknown,2.0,57964.66,2.0,6.0
6768889,4.0,57.0,59.0,Unknown,2.0,31798.6,0.0,3.0
2808156,12.0,149.0,30.5,Female,2.0,85385.84,0.0,3.0
4816044,4.0,58.0,41.5,Unknown,2.0,37241.85,1.0,4.0
8627334,5.0,64.0,68.5,Female,3.0,528949.43,6.0,9.0
6322195,13.0,156.0,56.0,Female,2.0,40794.6,5.0,8.0
7623617,10.0,123.0,30.5,Female,2.0,77382.58,0.0,3.0
2053769,24.0,288.0,64.5,Female,2.0,190969.67,6.0,9.0
9739108,21.0,262.0,84.0,Female,2.0,132786.84999999998,4.0,7.0
7151107,21.0,253.0,77.5,Male,4.0,778734.99,6.0,9.0
2014286,20.0,247.0,83.0,Female,2.0,193640.47,5.0,8.0
9643848,19.0,234.0,67.5,Male,2.0,446464.42,3.0,6.0
3012216,8.0,103.0,49.0,Male,2.0,48576.08,6.0,9.0
1241532,7.0,94.0,66.5,Male,2.0,158941.37,5.0,8.0
5809746,6.0,78.0,43.0,Unknown,2.0,66497.26999999999,6.0,9.0
2623075,8.0,106.0,61.5,Male,2.0,93752.29,1.0,4.0
7166510,25.0,311.0,57.5,Male,2.0,527689.5,5.0,8.0
9236867,17.0,207.0,61.5,Male,2.0,98486.86,1.0,4.0
3019683,7.0,89.0,55.0,Unknown,2.0,150231.03999999998,2.0,5.0
2277480,15.0,191.0,47.5,Male,2.0,76867.43,5.0,8.0
3702725,6.0,75.0,21.5,Unknown,2.0,44293.08,6.0,9.0
9882582,4.0,59.0,33.5,Unknown,3.0,76498.28,6.0,9.0
2290927,7.0,90.0,69.0,Unknown,2.0,102718.4,3.0,6.0
6823368,21.0,263.0,24.0,Unknown,2.0,34929.41,3.0,6.0
4561605,10.0,124.0,74.0,Female,2.0,66940.59,1.0,4.0
3670962,16.0,196.0,43.0,Female,2.0,35564.77,4.0,7.0
7423817,15.0,183.0,69.0,Female,2.0,380267.24,4.0,7.0
192775,6.0,75.0,52.0,Male,2.0,111922.64,0.0,3.0
3748827,13.0,161.0,67.0,Male,2.0,39094.37,5.0,8.0
4896312,5.0,71.0,46.0,Unknown,2.0,57902.56,3.0,6.0
7265931,16.0,203.0,54.0,Female,2.0,94830.04,0.0,3.0
9221013,16.0,195.0,42.5,Male,2.0,23936.74,0.0,3.0
2434281,4.0,59.0,43.5,Female,2.0,56142.31,3.0,6.0
8041948,34.0,418.0,61.5,Female,2.0,136966.09999999998,0.0,3.0
6690559,4.0,58.0,63.0,Unknown,2.0,43807.92,0.0,3.0
6966107,6.0,79.0,43.0,Unknown,3.0,96512.29,4.0,7.0
2671983,14.0,175.0,44.5,Male,3.0,560313.9400000001,5.0,8.0
4370785,13.0,157.0,55.5,Female,2.0,228689.82,0.0,3.0
8887437,6.0,80.0,66.5,Unknown,2.0,109638.77,6.0,9.0
4786153,33.0,407.0,79.0,Female,3.0,248003.62,6.0,9.0
4474258,14.0,171.0,62.0,Female,3.0,405175.32,1.0,4.0
4566615,12.0,152.0,56.5,Female,2.0,40558.49,0.0,3.0
533320,5.0,70.0,31.0,Unknown,2.0,39048.96,0.0,3.0
1651334,9.0,118.0,23.0,Male,2.0,35102.759999999995,0.0,3.0
1434751,14.0,168.0,60.5,Male,2.0,39402.78,6.0,9.0
1442097,9.0,113.0,58.0,Female,2.0,127535.76,3.0,6.0
430101,4.0,56.0,20.5,Unknown,4.0,145854.47,0.0,3.0
5863138,5.0,67.0,22.0,Unknown,2.0,195776.56,3.0,7.0
6345064,9.0,108.0,50.5,Female,2.0,82112.31,2.0,5.0
5766096,10.0,128.0,52.0,Female,3.0,35078.04,4.0,7.0
4818612,38.0,457.0,53.0,Male,3.0,471362.61,5.0,8.0
422480,19.0,237.0,60.0,Male,2.0,55888.45,4.0,7.0
9767375,14.0,169.0,39.5,Female,2.0,41034.47,4.0,7.0
9717596,5.0,69.0,58.0,Unknown,2.0,65498.2,6.0,9.0
7763094,15.0,189.0,53.5,Unknown,2.0,39998.01,3.0,6.0
5268101,7.0,91.0,32.5,Unknown,2.0,55314.0,3.0,6.0
6256190,12.0,155.0,74.0,Male,2.0,38205.44,1.0,4.0
5945897,23.0,277.0,49.5,Female,2.0,26875.77,6.0,9.0
740217,23.0,276.0,38.5,Male,2.0,86167.51,6.0,9.0
9515063,22.0,275.0,58.0,Female,2.0,24042.76,2.0,5.0
702591,22.0,271.0,47.0,Female,2.0,50290.69,2.0,5.0
9480824,22.0,265.0,68.0,Female,2.0,1580907.01,0.0,3.0
5534059,21.0,262.0,45.0,Female,3.0,177971.87,2.0,5.0
3901427,21.0,259.0,71.0,Male,2.0,33905.06,0.0,3.0
9110521,21.0,252.0,70.5,Male,2.0,31054.28,3.0,6.0
9694803,18.0,227.0,44.5,Female,2.0,145917.26,2.0,5.0
4215317,18.0,226.0,57.0,Female,3.0,321816.3,2.0,5.0
9127298,17.0,215.0,44.5,Female,2.0,150774.38,0.0,3.0
9086639,18.0,216.0,59.5,Female,3.0,62048.89,6.0,9.0
5910209,17.0,214.0,58.5,Female,3.0,38377.53,6.0,9.0
2621516,17.0,205.0,36.5,Female,2.0,93980.29,0.0,3.0
3285000,8.0,100.0,43.0,Unknown,2.0,103880.78,6.0,9.0
564967,9.0,113.0,30.0,Unknown,2.0,25055.58,6.0,9.0
8984189,8.0,105.0,29.5,Male,2.0,35103.09,0.0,3.0
31191,15.0,189.0,20.0,Male,2.0,26368.84,3.0,6.0
1319161,28.0,337.0,59.0,Male,3.0,1798482.41,6.0,9.0
7028286,9.0,114.0,59.0,Female,3.0,81857.57,4.0,7.0
8649460,16.0,192.0,62.0,Male,2.0,84756.51,2.0,5.0
9591145,6.0,73.0,32.0,Unknown,2.0,31614.79,2.0,5.0
2079676,15.0,182.0,70.0,Male,2.0,24488.5,0.0,3.0
1488806,4.0,59.0,35.5,Male,2.0,49723.83,6.0,9.0
7829136,14.0,168.0,43.0,Male,2.0,55843.32,6.0,9.0
427931,6.0,74.0,23.5,Unknown,4.0,69183.18,6.0,9.0
509310,13.0,167.0,36.5,Male,2.0,43965.13,0.0,3.0
9219678,14.0,176.0,49.0,Female,2.0,285653.0,3.0,6.0
8098846,14.0,179.0,43.0,Female,3.0,72584.59,4.0,7.0
7409414,10.0,127.0,61.0,Male,2.0,30759.02,4.0,7.0
864487,4.0,57.0,38.0,Unknown,2.0,137814.38,3.0,6.0
1216772,6.0,73.0,36.0,Unknown,2.0,47313.24,3.0,6.0
1116619,5.0,65.0,49.5,Unknown,3.0,71745.76999999999,2.0,5.0
511678,6.0,72.0,54.0,Unknown,2.0,30503.18,1.0,4.0
3614480,6.0,72.0,44.0,Unknown,3.0,59033.69,3.0,6.0
8953930,13.0,161.0,55.0,Male,2.0,205371.95,0.0,4.0
2651390,8.0,103.0,31.0,Female,2.0,80036.29000000001,5.0,8.0
8288642,16.0,193.0,67.0,Male,2.0,24422.59,1.0,4.0
3009151,12.0,150.0,31.0,Female,2.0,28892.8,0.0,3.0
5826728,26.0,323.0,60.5,Female,2.0,72614.76,3.0,6.0
4760057,4.0,58.0,21.5,Unknown,3.0,41463.32,6.0,9.0
1617872,4.0,58.0,44.0,Unknown,2.0,92625.95,3.0,6.0
1473551,7.0,94.0,27.5,Unknown,2.0,42101.85,6.0,9.0
1110311,11.0,142.0,26.5,Male,2.0,73934.79000000001,0.0,3.0
685801,10.0,120.0,30.0,Male,2.0,67212.36,3.0,6.0
5790296,13.0,166.0,58.0,Female,2.0,53180.92,0.0,3.0
5889057,4.0,58.0,22.5,Unknown,2.0,35007.509999999995,1.0,4.0
417642,14.0,174.0,37.0,Female,2.0,38652.04,1.0,4.0
1346168,14.0,168.0,44.5,Female,3.0,170091.44,0.0,3.0
5135889,12.0,151.0,29.5,Male,2.0,185317.67,3.0,6.0
4700269,16.0,197.0,56.0,Female,2.0,67719.29999999999,3.0,6.0
8267012,8.0,107.0,66.0,Female,2.0,59196.99,0.0,3.0
1705090,8.0,102.0,22.5,Unknown,2.0,123734.57,2.0,5.0
902073,12.0,149.0,69.0,Male,2.0,26810.6,4.0,7.0
1583484,16.0,199.0,46.0,Female,2.0,31069.72,6.0,9.0
8210027,15.0,184.0,67.5,Male,2.0,1775456.69,3.0,6.0
6376323,7.0,85.0,29.5,Unknown,2.0,25430.15,0.0,3.0
8538695,5.0,60.0,33.5,Unknown,2.0,32419.98,0.0,3.0
7670689,11.0,137.0,46.5,Female,2.0,34912.84,0.0,3.0
5270469,7.0,89.0,46.0,Female,2.0,63322.09,6.0,9.0
774276,6.0,77.0,41.5,Unknown,2.0,35631.66,5.0,8.0
8547969,8.0,96.0,26.0,Female,3.0,62537.5,6.0,9.0
9133920,5.0,68.0,81.0,Unknown,2.0,88677.09,6.0,9.0
2395424,6.0,78.0,34.0,Unknown,2.0,133328.71,2.0,5.0
967521,22.0,272.0,26.0,Female,2.0,33913.96,2.0,5.0
667494,15.0,181.0,50.0,Unknown,3.0,102998.15,0.0,3.0
6849746,23.0,287.0,41.5,Female,3.0,99398.76,1.0,4.0
9490262,22.0,268.0,58.0,Male,3.0,119828.75,2.0,5.0
1462983,21.0,263.0,73.5,Male,4.0,266435.53,1.0,4.0
7325425,21.0,261.0,49.5,Female,2.0,61330.09,6.0,9.0
5487657,20.0,247.0,47.5,Female,3.0,242074.64,2.0,5.0
3928547,20.0,244.0,44.5,Male,2.0,58817.42,1.0,4.0
3877780,19.0,230.0,51.0,Male,2.0,85576.14,3.0,6.0
3174168,19.0,229.0,67.0,Female,2.0,496315.49,5.0,9.0
9856717,17.0,213.0,60.0,Male,2.0,425528.24,6.0,9.0
6531402,17.0,211.0,67.0,Female,2.0,342117.1,6.0,9.0
5941835,8.0,104.0,51.5,Female,2.0,66752.83,4.0,7.0
280640,14.0,172.0,54.0,Male,2.0,141098.16999999998,4.0,7.0
4448805,15.0,186.0,68.0,Male,4.0,1833654.69,6.0,9.0
7548414,4.0,58.0,59.0,Male,2.0,39787.72,1.0,4.0
8466521,10.0,129.0,50.0,Male,2.0,54463.67,0.0,3.0
9775312,11.0,142.0,35.0,Female,2.0,27711.5,2.0,5.0
3107324,6.0,82.0,56.5,Unknown,2.0,34679.43,2.0,5.0
6046772,4.0,58.0,27.5,Unknown,2.0,44865.32,6.0,9.0
2623148,6.0,79.0,85.0,Unknown,2.0,319082.38,6.0,9.0
6800328,9.0,109.0,27.5,Female,2.0,46026.72,2.0,5.0
4699642,8.0,96.0,46.5,Unknown,2.0,61940.03,3.0,6.0
9541677,5.0,71.0,66.0,Unknown,2.0,67740.59,0.0,5.0
3416889,9.0,109.0,51.5,Female,2.0,35140.89,0.0,3.0
964596,15.0,190.0,46.0,Male,3.0,118933.04,2.0,5.0
6539335,18.0,221.0,75.5,Female,2.0,668144.79,5.0,8.0
4894259,7.0,85.0,28.5,Unknown,2.0,37291.37,1.0,4.0
3227110,7.0,91.0,55.5,Female,2.0,227759.18,2.0,5.0
2708787,16.0,192.0,65.0,Male,2.0,189310.55,5.0,8.0
9558928,13.0,158.0,38.0,Male,3.0,83285.66,5.0,8.0
2959315,28.0,336.0,58.0,Female,3.0,146371.21,0.0,3.0
1225131,13.0,164.0,33.0,Male,2.0,50079.52,6.0,9.0
3578780,13.0,160.0,69.0,Male,2.0,95262.67,3.0,8.0
5229181,26.0,312.0,53.0,Male,4.0,1156744.34,3.0,6.0
8206767,6.0,81.0,62.5,Unknown,2.0,95355.95,6.0,9.0
7427307,4.0,55.0,34.0,Female,2.0,218147.76,5.0,8.0
6181154,6.0,83.0,25.0,Unknown,3.0,73282.66,3.0,6.0
7985820,17.0,214.0,48.5,Female,4.0,354084.43,6.0,9.0
4490765,6.0,74.0,43.5,Unknown,2.0,41621.15,1.0,4.0
3308183,16.0,193.0,34.5,Male,2.0,104616.87,2.0,5.0
5097441,12.0,149.0,29.5,Male,2.0,40518.25,6.0,9.0
345640,4.0,57.0,47.0,Unknown,2.0,169492.99,2.0,5.0
9136110,7.0,93.0,53.0,Unknown,2.0,287696.13,6.0,9.0
9965526,12.0,145.0,31.0,Female,2.0,26342.03,2.0,5.0
9083775,6.0,83.0,57.5,Unknown,2.0,628604.81,4.0,7.0
4329155,10.0,121.0,40.0,Female,2.0,27898.53,0.0,3.0
4691855,7.0,94.0,48.5,Unknown,2.0,57024.56,0.0,3.0
8874632,6.0,75.0,62.5,Unknown,3.0,227582.81,4.0,7.0
1191527,5.0,60.0,58.0,Unknown,2.0,42638.1,5.0,8.0
6581322,8.0,103.0,45.0,Female,2.0,95114.69,3.0,6.0
7851919,8.0,106.0,30.5,Female,2.0,43412.77,6.0,9.0
3288914,5.0,70.0,43.5,Unknown,3.0,32204.87,5.0,8.0
8321972,4.0,59.0,54.5,Female,2.0,56735.67,4.0,7.0
3500783,12.0,154.0,52.5,Female,2.0,126729.74,2.0,5.0
9765129,7.0,90.0,69.0,Unknown,3.0,40920.6,0.0,3.0
969629,10.0,121.0,26.5,Male,2.0,71190.48999999999,2.0,5.0
6303786,7.0,89.0,43.5,Male,2.0,48979.94,3.0,6.0
7687397,5.0,66.0,52.0,Unknown,3.0,59776.65,5.0,8.0
2903383,10.0,121.0,71.5,Female,2.0,119198.66,5.0,8.0
2370481,6.0,73.0,53.0,Unknown,2.0,34326.75,3.0,6.0
685685,11.0,136.0,60.0,Male,2.0,27613.08,0.0,3.0
466588,23.0,285.0,51.5,Male,4.0,631384.05,5.0,8.0
2278798,22.0,267.0,51.5,Male,2.0,98431.56,6.0,9.0
2519148,21.0,263.0,71.0,Male,3.0,138921.97,5.0,8.0
451603,21.0,258.0,67.5,Male,2.0,56292.76,2.0,5.0
3599159,19.0,238.0,55.5,Male,2.0,156374.05,1.0,4.0
1565067,17.0,214.0,47.5,Female,2.0,43902.03,6.0,9.0
5451503,17.0,209.0,46.5,Male,2.0,27673.3,2.0,5.0
7692525,21.0,262.0,49.0,Female,3.0,65773.68,5.0,8.0
1331385,7.0,91.0,32.5,Male,2.0,64403.77,5.0,8.0
2078407,5.0,70.0,38.5,Unknown,2.0,32581.61,2.0,5.0
9999150,5.0,66.0,30.0,Unknown,3.0,97141.71,6.0,9.0
7440894,9.0,110.0,48.0,Male,3.0,214187.72,6.0,9.0
2398138,8.0,101.0,49.5,Male,2.0,29531.46,1.0,4.0
7938349,6.0,79.0,67.5,Unknown,3.0,199616.27,5.0,8.0
5526223,17.0,210.0,69.5,Female,2.0,85789.06,1.0,4.0
1029502,5.0,60.0,24.0,Unknown,2.0,30567.37,6.0,9.0
7286298,29.0,358.0,70.0,Male,4.0,2585395.51,6.0,9.0
8753196,5.0,67.0,72.5,Unknown,2.0,174051.83000000002,4.0,7.0
8142716,4.0,57.0,23.5,Unknown,3.0,28803.69,1.0,4.0
6978159,14.0,168.0,66.5,Female,3.0,202424.64,1.0,4.0
5393255,25.0,311.0,27.5,Male,3.0,45545.37,2.0,5.0
2943867,7.0,94.0,58.0,Unknown,2.0,41604.49,1.0,4.0
7311422,9.0,108.0,34.5,Male,2.0,327792.62,4.0,7.0
3149820,8.0,96.0,32.0,Unknown,2.0,38386.99,6.0,9.0
9358513,7.0,92.0,64.0,Unknown,2.0,432698.25,6.0,9.0
2240373,11.0,139.0,28.0,Male,3.0,132805.4,3.0,6.0
5268732,15.0,182.0,47.5,Female,2.0,114649.23,6.0,9.0
3931941,15.0,180.0,53.0,Male,2.0,28137.65,2.0,5.0
6744669,5.0,71.0,20.5,Unknown,2.0,48391.64,2.0,5.0
9165216,28.0,339.0,84.0,Male,2.0,55644.34,1.0,4.0
4340493,15.0,180.0,61.5,Male,2.0,112466.11,3.0,6.0
1264091,14.0,175.0,52.5,Female,2.0,206647.75,3.0,6.0
5954703,21.0,262.0,62.5,Female,2.0,46354.84,0.0,3.0
3993204,12.0,147.0,40.0,Male,2.0,3005126.9,6.0,9.0
8033551,6.0,79.0,32.5,Unknown,2.0,73026.14,5.0,8.0
1128575,5.0,61.0,53.5,Female,2.0,27429.68,1.0,4.0
8061105,13.0,158.0,46.0,Male,2.0,317965.6,5.0,8.0
978584,9.0,108.0,52.0,Male,2.0,63107.31,5.0,8.0
5311333,3.0,43.0,69.5,Unknown,2.0,151063.95,2.0,6.0
4792975,15.0,190.0,52.0,Female,2.0,155544.74,6.0,9.0
6601257,12.0,155.0,66.5,Female,2.0,41571.22,1.0,4.0
9851927,5.0,64.0,24.5,Unknown,2.0,39058.22,1.0,4.0
3761562,4.0,58.0,29.5,Unknown,2.0,52832.0,1.0,4.0
9330492,13.0,160.0,63.0,Female,2.0,75390.11,0.0,3.0
6200853,7.0,87.0,41.0,Unknown,2.0,41433.0,4.0,7.0
2530807,4.0,58.0,23.0,Unknown,2.0,30220.88,0.0,3.0
5057952,6.0,82.0,58.5,Unknown,2.0,87073.33,2.0,5.0
3342556,10.0,127.0,68.0,Female,2.0,268687.2,6.0,9.0
8668672,7.0,91.0,27.5,Male,3.0,74795.11,6.0,9.0
5599461,6.0,75.0,53.0,Unknown,3.0,62461.14,6.0,9.0
3027182,6.0,83.0,64.0,Unknown,2.0,32205.74,6.0,9.0
6055057,4.0,59.0,58.0,Unknown,2.0,54356.72,0.0,3.0
7584263,23.0,285.0,59.0,Male,2.0,32360.11,2.0,5.0
614475,22.0,272.0,62.0,Male,2.0,24679.17,4.0,7.0
2411864,22.0,268.0,52.0,Female,2.0,88738.62,4.0,7.0
8713813,20.0,240.0,50.5,Female,2.0,168881.11,6.0,9.0
6048186,17.0,208.0,65.0,Female,2.0,65501.56,0.0,3.0
3886476,5.0,71.0,30.0,Unknown,2.0,37755.71,2.0,5.0
6275547,9.0,118.0,31.0,Unknown,3.0,38105.82,6.0,9.0
751538,5.0,70.0,29.5,Unknown,2.0,52588.13,0.0,3.0
5896467,15.0,185.0,67.0,Female,2.0,36858.25,1.0,4.0
9070080,4.0,55.0,36.5,Female,2.0,25194.78,3.0,6.0
5717707,12.0,147.0,40.5,Male,2.0,832205.8300000001,3.0,6.0
6177885,4.0,58.0,61.5,Unknown,2.0,26140.35,0.0,3.0
6843571,5.0,65.0,61.5,Male,2.0,253688.9,0.0,3.0
3977654,6.0,80.0,29.0,Unknown,2.0,30752.72,1.0,4.0
8995363,11.0,133.0,33.5,Male,2.0,34343.89,6.0,9.0
5133900,5.0,60.0,32.0,Male,2.0,36400.42,2.0,5.0
2923145,11.0,143.0,31.0,Female,2.0,37980.38,6.0,9.0
7049416,15.0,189.0,51.5,Male,2.0,39284.46,2.0,5.0
8885555,5.0,60.0,44.5,Unknown,2.0,24967.66,5.0,8.0
5847269,12.0,151.0,48.0,Female,2.0,48928.08,3.0,6.0
4706274,13.0,157.0,30.5,Female,2.0,131512.95,1.0,4.0
1377017,10.0,121.0,61.0,Female,2.0,26757.78,1.0,4.0
6964196,5.0,70.0,46.5,Unknown,3.0,96745.08,6.0,9.0
4249451,9.0,109.0,35.0,Male,3.0,88766.23,4.0,7.0
2250558,6.0,72.0,69.0,Unknown,2.0,130391.31,1.0,4.0
3837582,8.0,98.0,51.0,Male,2.0,27388.84,6.0,9.0
5083909,4.0,59.0,62.0,Unknown,2.0,40512.45,3.0,6.0
5259609,8.0,103.0,57.0,Unknown,2.0,74235.88,4.0,7.0
5398009,6.0,76.0,26.5,Unknown,2.0,30870.26,1.0,5.0
7719952,7.0,85.0,64.5,Unknown,2.0,247038.17,6.0,9.0
7835047,5.0,60.0,49.5,Unknown,3.0,615467.14,2.0,5.0
3355713,14.0,178.0,60.0,Female,2.0,114372.99,0.0,3.0
6905463,7.0,85.0,23.5,Unknown,2.0,33972.77,0.0,3.0
262591,9.0,110.0,69.0,Unknown,2.0,73657.84,2.0,5.0
8190789,6.0,72.0,39.5,Unknown,2.0,61081.24,6.0,9.0
4312503,7.0,89.0,62.5,Unknown,2.0,58771.6,6.0,9.0
9746578,6.0,76.0,45.0,Unknown,2.0,68467.45999999999,6.0,9.0
9308561,15.0,191.0,51.0,Male,2.0,33341.66,1.0,4.0
2362808,7.0,94.0,46.5,Unknown,2.0,53802.66,1.0,4.0
9366421,7.0,89.0,36.0,Unknown,3.0,351556.62,6.0,9.0
7616121,10.0,124.0,60.0,Male,2.0,33056.649999999994,0.0,3.0
2189784,6.0,81.0,66.5,Unknown,2.0,115208.87,3.0,6.0
6615572,5.0,70.0,80.0,Female,2.0,182957.31,4.0,7.0
4100642,7.0,88.0,32.5,Unknown,2.0,32872.82,6.0,9.0
5116603,4.0,56.0,17.5,Unknown,2.0,25040.42,1.0,4.0
4935884,4.0,54.0,38.5,Male,3.0,169508.96999999997,6.0,9.0
8134838,5.0,64.0,27.0,Unknown,2.0,51721.13,1.0,4.0
138395,15.0,181.0,70.0,Female,2.0,436151.11,6.0,9.0
1939527,16.0,201.0,52.0,Female,3.0,205822.57,5.0,8.0
1566028,20.0,249.0,57.5,Male,3.0,1022683.95,4.0,7.0
392318,19.0,233.0,21.0,Male,2.0,43915.63,1.0,4.0
8671775,19.0,230.0,42.5,Female,2.0,178253.49,2.0,5.0
8156551,9.0,115.0,55.0,Female,2.0,47709.73,3.0,6.0
5945765,4.0,57.0,30.0,Unknown,2.0,49987.97,0.0,3.0
433498,15.0,182.0,43.0,Male,2.0,31810.57,6.0,9.0
4806791,11.0,136.0,40.0,Unknown,2.0,31437.35,6.0,9.0
7378289,11.0,141.0,32.0,Male,2.0,56886.53,4.0,8.0
4796189,13.0,156.0,49.5,Female,2.0,54982.78999999999,5.0,8.0
3618264,6.0,72.0,27.0,Unknown,2.0,29275.27,3.0,6.0
7671133,7.0,85.0,52.0,Unknown,2.0,50427.08,0.0,3.0
292742,4.0,58.0,48.5,Male,2.0,507452.48,1.0,4.0
7187059,7.0,85.0,40.5,Unknown,2.0,31735.25,1.0,4.0
4505093,4.0,58.0,23.0,Unknown,2.0,28169.9,4.0,7.0
7148890,14.0,170.0,71.0,Male,2.0,47810.33,0.0,3.0
2987845,3.0,45.0,22.5,Unknown,3.0,42151.26,6.0,9.0
6133281,6.0,82.0,45.5,Unknown,2.0,37254.27,2.0,5.0
609897,10.0,130.0,60.5,Male,2.0,47194.85,2.0,5.0
5796790,4.0,48.0,49.5,Unknown,2.0,27464.46,0.0,3.0
6768605,27.0,324.0,35.5,Female,2.0,29271.58,2.0,5.0
4366790,4.0,57.0,25.5,Unknown,2.0,27023.32,1.0,4.0
8197409,13.0,156.0,20.0,Male,2.0,36696.21,1.0,4.0
7893490,2.0,34.0,23.5,Female,4.0,61749.53,4.0,7.0
5897504,12.0,152.0,40.5,Male,4.0,34758.32,3.0,6.0
7602354,5.0,71.0,55.0,Unknown,2.0,63336.89,6.0,9.0
3121140,26.0,312.0,20.5,Male,3.0,46184.46,6.0,9.0
1769974,13.0,163.0,59.5,Female,2.0,161305.26,5.0,8.0
3409704,11.0,141.0,64.5,Male,2.0,118893.99,3.0,6.0
7088457,7.0,93.0,57.0,Unknown,2.0,84717.63,4.0,8.0
9428704,5.0,70.0,20.0,Unknown,2.0,46415.76,4.0,7.0
2028457,15.0,185.0,36.5,Male,2.0,166563.84999999998,6.0,9.0
9465725,6.0,72.0,31.0,Female,2.0,36599.89,4.0,7.0
6905148,8.0,101.0,36.0,Unknown,2.0,58816.04,6.0,9.0
5750368,7.0,94.0,55.5,Unknown,2.0,73306.36,0.0,3.0
2584275,9.0,118.0,32.5,Female,2.0,79051.34,5.0,8.0
3711495,6.0,75.0,27.5,Unknown,3.0,81768.91,4.0,7.0
4565716,12.0,150.0,56.5,Male,2.0,40031.01,3.0,6.0
8178009,9.0,112.0,67.0,Male,3.0,94453.2,6.0,9.0
2763008,27.0,326.0,48.5,Male,2.0,124894.81,5.0,8.0
5429961,14.0,169.0,62.5,Female,2.0,75099.18,1.0,4.0
1347682,10.0,124.0,48.5,Male,2.0,27708.59,0.0,3.0
6289253,5.0,65.0,45.0,Unknown,2.0,145273.8,6.0,9.0
4102723,6.0,78.0,55.5,Female,2.0,48359.76,6.0,9.0
5131826,23.0,282.0,37.5,Female,3.0,79115.97,6.0,9.0
433443,22.0,274.0,47.5,Female,2.0,164120.8,5.0,8.0
3206726,21.0,258.0,38.0,Male,5.0,193344.69,5.0,8.0
4870,21.0,253.0,26.5,Male,3.0,89408.8,6.0,9.0
9636891,21.0,252.0,62.5,Female,2.0,68031.08,4.0,7.0
5633899,17.0,211.0,30.0,Unknown,2.0,78241.35,1.0,4.0
3290090,6.0,72.0,60.5,Unknown,2.0,126940.22,1.0,4.0
7554169,4.0,58.0,24.0,Unknown,2.0,49749.81,4.0,7.0
7189473,11.0,136.0,38.5,Male,2.0,215036.61,3.0,6.0
2693433,5.0,71.0,54.5,Unknown,2.0,69296.97,6.0,9.0
1147806,13.0,163.0,51.5,Unknown,2.0,71811.95999999999,3.0,6.0
9003268,10.0,125.0,36.0,Female,2.0,109693.81,2.0,5.0
2016325,15.0,180.0,35.5,Male,2.0,29899.55,3.0,6.0
7827065,9.0,112.0,52.0,Female,2.0,43631.22,0.0,3.0
4974222,11.0,143.0,35.0,Female,2.0,53021.53999999999,5.0,8.0
7449128,15.0,181.0,32.5,Female,3.0,66205.59,3.0,7.0
5633319,7.0,85.0,27.5,Unknown,3.0,184754.4,6.0,9.0
5203247,7.0,85.0,47.5,Unknown,2.0,372782.74,5.0,8.0
5913950,17.0,204.0,54.5,Male,2.0,26429.3,0.0,3.0
1646892,6.0,75.0,52.5,Unknown,2.0,123758.68,6.0,9.0
9479651,12.0,149.0,31.0,Unknown,3.0,224070.36,3.0,6.0
8043075,12.0,149.0,42.5,Female,2.0,25107.86,1.0,4.0
773868,12.0,147.0,57.5,Male,2.0,106476.4,5.0,8.0
7326849,26.0,317.0,56.0,Unknown,2.0,90625.76,0.0,3.0
6158814,14.0,176.0,68.0,Male,2.0,44801.42,2.0,5.0
7106061,4.0,58.0,22.5,Unknown,3.0,77497.14,4.0,7.0
8041943,4.0,58.0,24.5,Unknown,2.0,48878.28,2.0,5.0
9110421,9.0,108.0,25.5,Male,2.0,63054.95,1.0,4.0
3915694,8.0,105.0,43.5,Female,2.0,61262.54,5.0,8.0
722270,7.0,84.0,28.0,Unknown,3.0,49732.7,3.0,6.0
6618847,9.0,112.0,68.5,Male,2.0,36083.32,0.0,3.0
6966565,7.0,95.0,37.5,Unknown,3.0,70235.70999999999,3.0,6.0
7123998,15.0,188.0,62.0,Male,2.0,146984.57,3.0,6.0
3468185,4.0,59.0,33.5,Unknown,2.0,28416.81,4.0,7.0
9162908,12.0,153.0,61.0,Male,2.0,128974.56,4.0,8.0
7164355,7.0,95.0,27.5,Male,2.0,27101.97,1.0,4.0
9046163,15.0,190.0,57.0,Female,2.0,43013.58,1.0,4.0
2271229,13.0,158.0,29.5,Male,3.0,54313.24,5.0,8.0
8845269,15.0,185.0,40.0,Female,2.0,86961.48,4.0,7.0
5470686,4.0,52.0,24.5,Unknown,3.0,62907.87,5.0,8.0
4391098,11.0,134.0,41.5,Female,2.0,40621.22,1.0,4.0
7091988,13.0,158.0,60.0,Female,2.0,47530.73,3.0,6.0
343906,6.0,83.0,52.5,Unknown,2.0,60432.09,3.0,6.0
3855635,22.0,275.0,58.0,Female,2.0,77366.0,1.0,4.0
1962381,21.0,256.0,29.0,Male,2.0,104771.87,2.0,5.0
6496128,21.0,256.0,63.5,Male,2.0,39939.88,4.0,7.0
1009911,19.0,233.0,64.0,Unknown,2.0,60868.26,2.0,6.0
6332248,19.0,228.0,32.0,Male,3.0,79351.31,2.0,5.0
7097814,17.0,210.0,47.5,Female,2.0,188789.12,5.0,8.0
6829146,13.0,159.0,55.5,Female,2.0,75246.89,6.0,9.0
9849710,12.0,151.0,28.0,Male,3.0,40450.05,0.0,3.0
3600404,8.0,96.0,38.0,Unknown,2.0,44732.25,4.0,7.0
8906316,3.0,40.0,56.5,Unknown,2.0,345947.71,6.0,9.0
7932008,7.0,85.0,69.0,Unknown,2.0,32422.85,3.0,6.0
1155711,12.0,146.0,44.5,Male,2.0,26029.46,3.0,6.0
3525653,6.0,78.0,33.0,Unknown,2.0,29460.1,0.0,3.0
3344729,6.0,76.0,44.5,Unknown,2.0,101549.57,4.0,8.0
3980961,6.0,79.0,23.0,Unknown,3.0,48829.22,3.0,6.0
6494165,5.0,60.0,44.5,Unknown,2.0,31293.85,6.0,9.0
3377761,4.0,51.0,45.0,Unknown,2.0,62178.14,1.0,4.0
4090544,14.0,175.0,51.0,Male,2.0,45798.27,2.0,5.0
1894515,22.0,275.0,62.5,Female,3.0,142763.77000000002,6.0,9.0
9572005,14.0,170.0,55.5,Unknown,2.0,24923.54,3.0,6.0
8553638,12.0,144.0,72.5,Male,2.0,424144.19,0.0,3.0
2024442,16.0,192.0,62.5,Female,2.0,210592.79,0.0,3.0
4601698,17.0,205.0,58.0,Male,2.0,226232.49,2.0,5.0
3415032,13.0,160.0,43.5,Male,3.0,426734.08,5.0,9.0
2097917,4.0,59.0,27.5,Unknown,3.0,32373.49,2.0,5.0
3378508,13.0,158.0,46.5,Female,2.0,31380.21,0.0,3.0
7688784,6.0,74.0,29.5,Unknown,2.0,36148.78,0.0,3.0
6056987,16.0,199.0,32.0,Male,2.0,107498.31,6.0,9.0
1096180,7.0,91.0,55.0,Unknown,2.0,493118.87,5.0,8.0
3950678,26.0,320.0,61.5,Male,2.0,163764.84999999998,2.0,5.0
254604,10.0,121.0,30.5,Unknown,2.0,92156.17,2.0,5.0
4030724,13.0,156.0,54.5,Female,2.0,214269.49,2.0,5.0
587314,5.0,65.0,24.5,Unknown,2.0,35762.82,3.0,6.0
7050923,6.0,83.0,62.0,Unknown,2.0,39488.96,2.0,5.0
3828970,6.0,83.0,22.0,Unknown,2.0,41836.01,1.0,4.0
7421173,11.0,141.0,42.0,Male,2.0,87548.48,1.0,4.0
8644245,15.0,185.0,46.5,Male,3.0,160842.28999999998,6.0,9.0
3499592,6.0,74.0,23.5,Unknown,2.0,94663.61,6.0,9.0
8139839,8.0,101.0,28.0,Male,3.0,266273.47,5.0,9.0
7655690,12.0,144.0,39.5,Female,2.0,131837.91999999998,6.0,9.0
1727327,7.0,92.0,36.0,Male,2.0,29599.09,6.0,9.0
5527037,15.0,189.0,55.0,Female,2.0,55497.42,6.0,9.0
8115055,5.0,66.0,25.5,Female,2.0,52466.42,6.0,9.0
2754521,29.0,355.0,28.5,Male,2.0,61729.36,2.0,5.0
8260257,14.0,178.0,43.0,Female,2.0,37687.66,2.0,5.0
795341,12.0,149.0,30.5,Female,2.0,110405.46,3.0,6.0
7410749,8.0,104.0,40.5,Female,2.0,32551.7,2.0,5.0
1244969,6.0,78.0,41.0,Unknown,2.0,173285.19,5.0,8.0
6634554,8.0,97.0,58.5,Unknown,2.0,37257.05,0.0,3.0
5531736,14.0,177.0,51.5,Male,2.0,27677.04,0.0,3.0
2341202,15.0,191.0,40.5,Male,2.0,55741.38,0.0,3.0
1953157,9.0,111.0,60.5,Unknown,2.0,25787.87,2.0,5.0
4536493,27.0,327.0,69.5,Male,3.0,466957.3,3.0,6.0
7894188,13.0,166.0,70.5,Female,2.0,47717.09,3.0,6.0
4057120,11.0,140.0,32.5,Female,2.0,27351.78,1.0,4.0
184127,5.0,68.0,44.5,Unknown,2.0,82196.98999999999,3.0,6.0
4494146,6.0,82.0,39.0,Unknown,3.0,67683.57,2.0,5.0
4004950,21.0,263.0,58.5,Male,2.0,38391.16,2.0,5.0
7082099,20.0,241.0,25.0,Male,3.0,126740.93,2.0,5.0
3568169,18.0,226.0,67.0,Female,2.0,45649.63,1.0,4.0
4034949,6.0,77.0,58.5,Unknown,3.0,55486.41,6.0,9.0
2928028,35.0,430.0,66.0,Female,2.0,64418.92,3.0,6.0
8126014,6.0,75.0,67.0,Unknown,2.0,100581.12,6.0,9.0
5764613,19.0,238.0,56.5,Male,3.0,58604.54,4.0,7.0
3201983,6.0,83.0,28.0,Unknown,2.0,46758.31,6.0,9.0
1387646,5.0,69.0,23.5,Unknown,2.0,28543.44,3.0,6.0
9690614,12.0,153.0,46.5,Male,2.0,72297.01,1.0,4.0
2541576,12.0,146.0,42.0,Female,2.0,50126.5,6.0,9.0
8793642,8.0,104.0,47.0,Unknown,2.0,224878.16,1.0,4.0
7254302,6.0,74.0,21.0,Unknown,2.0,25245.38,1.0,4.0
823839,7.0,94.0,51.5,Unknown,2.0,58621.97,0.0,3.0
6608763,15.0,185.0,38.5,Male,2.0,165525.33000000002,3.0,6.0
7873434,12.0,152.0,47.5,Male,2.0,41448.08,6.0,9.0
3988134,7.0,93.0,72.0,Unknown,3.0,520986.68,6.0,9.0
3074145,12.0,144.0,52.5,Female,2.0,55475.28,1.0,4.0
9336181,8.0,101.0,57.0,Unknown,2.0,226857.1,0.0,3.0
3213534,15.0,185.0,56.0,Male,2.0,316596.33,6.0,9.0
1433299,5.0,71.0,38.5,Male,2.0,41387.35,5.0,8.0
4786867,15.0,184.0,54.5,Male,2.0,132095.2,0.0,3.0
799161,5.0,70.0,39.0,Unknown,2.0,38519.87,6.0,9.0
4412020,6.0,74.0,52.0,Unknown,2.0,43895.31,0.0,3.0
6899322,10.0,130.0,61.5,Female,2.0,56524.02,0.0,3.0
6772920,9.0,108.0,27.0,Female,3.0,35034.48,0.0,3.0
7318823,16.0,202.0,62.5,Male,2.0,110277.25,6.0,9.0
6021018,15.0,191.0,46.0,Male,2.0,181866.52,6.0,9.0
5126271,12.0,145.0,27.5,Female,2.0,106987.78,0.0,3.0
6873326,9.0,112.0,61.5,Male,3.0,827689.5800000001,6.0,9.0
4966098,17.0,214.0,49.5,Female,2.0,45422.59,3.0,6.0
6116055,27.0,334.0,81.0,Female,2.0,68442.72,3.0,6.0
7119787,8.0,100.0,50.5,Unknown,2.0,348880.73,0.0,3.0
5826449,29.0,352.0,56.5,Unknown,2.0,42913.87,6.0,9.0
6888943,4.0,57.0,65.5,Unknown,2.0,49969.55,4.0,7.0
128919,14.0,170.0,37.0,Female,2.0,24015.38,3.0,6.0
556046,14.0,179.0,78.0,Female,2.0,73828.87,0.0,4.0
3845120,15.0,183.0,43.0,Male,3.0,117080.82,2.0,5.0
1760947,15.0,184.0,39.5,Male,2.0,88299.95999999999,2.0,5.0
9513516,4.0,57.0,37.0,Unknown,3.0,46005.91,2.0,5.0
4055364,8.0,99.0,26.5,Unknown,2.0,82107.48,6.0,9.0
2269867,9.0,108.0,25.0,Male,2.0,52969.75,5.0,8.0
2517871,9.0,109.0,75.5,Male,2.0,42781.94,0.0,3.0
6996375,14.0,173.0,58.0,Male,2.0,304632.4,3.0,6.0
2083525,21.0,263.0,71.5,Female,2.0,189406.06,5.0,8.0
4210290,21.0,262.0,49.0,Female,2.0,72214.85,6.0,9.0
1981053,21.0,255.0,22.0,Unknown,2.0,51735.77,5.0,8.0
4570653,21.0,254.0,70.0,Female,2.0,56211.91,2.0,5.0
8130211,21.0,254.0,27.0,Male,2.0,58204.73,2.0,5.0
5158443,19.0,234.0,46.0,Male,4.0,706785.87,2.0,5.0
4775994,17.0,205.0,49.5,Male,2.0,59853.84,3.0,6.0
3789198,17.0,213.0,53.5,Male,2.0,128691.46,6.0,9.0
9628627,7.0,94.0,48.0,Unknown,2.0,71018.88,0.0,3.0
2165764,17.0,205.0,49.0,Male,3.0,229521.99,6.0,9.0
5824640,5.0,68.0,55.0,Female,3.0,135226.87,5.0,8.0
2232833,5.0,67.0,55.5,Unknown,2.0,49981.17999999999,1.0,4.0
9119907,8.0,97.0,58.5,Unknown,2.0,36119.33,0.0,3.0
3082671,9.0,112.0,32.0,Female,2.0,32960.35,2.0,5.0
4597726,4.0,49.0,27.0,Female,2.0,25395.19,2.0,5.0
5818000,10.0,121.0,51.0,Male,2.0,106120.57,1.0,4.0
292768,14.0,176.0,30.0,Male,2.0,142827.87,5.0,8.0
7336237,34.0,408.0,66.0,Unknown,2.0,32772.619999999995,1.0,6.0
3743953,5.0,71.0,24.0,Unknown,2.0,34117.8,3.0,6.0
1980260,10.0,121.0,69.5,Female,2.0,194552.55,6.0,9.0
1830451,4.0,58.0,21.0,Unknown,2.0,34549.52,2.0,5.0
6394638,16.0,203.0,43.5,Female,4.0,67708.34,6.0,9.0
4021663,8.0,97.0,23.5,Unknown,2.0,246435.98,2.0,5.0
1684699,4.0,59.0,30.0,Unknown,4.0,65926.51,6.0,9.0
7920730,6.0,82.0,25.5,Unknown,2.0,30357.35,1.0,4.0
7528331,11.0,142.0,34.5,Female,3.0,34085.94,0.0,3.0
5650468,5.0,71.0,67.0,Male,2.0,114670.16,6.0,9.0
7554994,5.0,64.0,29.0,Unknown,2.0,43872.19,1.0,4.0
3248881,6.0,80.0,30.0,Unknown,2.0,33834.2,4.0,7.0
2200520,4.0,58.0,19.0,Unknown,2.0,30379.26,3.0,6.0
1720273,5.0,60.0,67.5,Unknown,2.0,209688.7,2.0,5.0
4424485,5.0,62.0,60.0,Female,2.0,50851.5,6.0,9.0
3180374,10.0,125.0,31.5,Unknown,2.0,100427.69,1.0,4.0
9655405,7.0,92.0,47.5,Unknown,2.0,255761.49,2.0,5.0
1311685,14.0,178.0,62.0,Female,2.0,29553.85,3.0,6.0
2576314,7.0,88.0,31.5,Female,2.0,35576.16,2.0,5.0
927353,6.0,82.0,33.0,Unknown,2.0,55251.76,2.0,5.0
8226139,5.0,63.0,27.5,Unknown,2.0,34536.7,5.0,8.0
7498309,8.0,99.0,44.0,Unknown,2.0,48219.99,3.0,6.0
4504059,5.0,60.0,47.0,Unknown,2.0,46713.27,3.0,6.0
5451698,7.0,94.0,61.0,Unknown,2.0,56167.01,6.0,9.0
4761169,8.0,104.0,59.5,Male,2.0,169032.86,5.0,8.0
6957468,4.0,58.0,44.0,Unknown,2.0,37705.03,1.0,4.0
1518449,15.0,189.0,34.5,Male,2.0,141169.72,6.0,9.0
1682282,7.0,86.0,66.5,Unknown,2.0,34499.149999999994,0.0,3.0
4571650,6.0,78.0,48.5,Female,2.0,47137.74,6.0,9.0
5548724,21.0,253.0,72.5,Male,3.0,59786.45,6.0,9.0
4572528,21.0,253.0,48.5,Female,2.0,65055.16,2.0,5.0
9326496,20.0,249.0,64.5,Male,3.0,276356.29,3.0,6.0
4565623,6.0,82.0,22.5,Unknown,2.0,25430.22,0.0,3.0
7734332,15.0,181.0,43.0,Male,2.0,293894.42,5.0,8.0
480111,9.0,109.0,26.0,Female,2.0,129196.78,3.0,6.0
2975647,15.0,190.0,28.5,Male,2.0,34124.08,1.0,4.0
4887463,7.0,94.0,50.5,Unknown,2.0,35774.63,3.0,6.0
6987999,17.0,205.0,70.5,Male,2.0,368599.37,2.0,5.0
7736945,9.0,109.0,48.0,Unknown,2.0,49154.91,3.0,6.0
4521176,4.0,56.0,55.5,Unknown,2.0,33955.45,0.0,3.0
1325390,11.0,142.0,59.0,Female,2.0,113549.66,1.0,5.0
2061267,7.0,94.0,67.0,Unknown,2.0,52963.05,5.0,8.0
2989314,12.0,149.0,63.0,Female,2.0,35522.86,0.0,3.0
9211539,5.0,69.0,27.5,Unknown,2.0,60991.26,6.0,9.0
2474953,13.0,166.0,60.0,Female,2.0,368134.49,3.0,6.0
3342455,14.0,170.0,55.5,Female,2.0,54175.66,1.0,4.0
2248091,8.0,106.0,33.0,Female,2.0,76056.92,3.0,6.0
3715028,10.0,123.0,68.0,Male,2.0,41507.07,2.0,6.0
945455,12.0,153.0,35.0,Male,3.0,57581.84,2.0,5.0
5252820,4.0,58.0,19.0,Unknown,2.0,45464.28999999999,2.0,5.0
4999362,4.0,49.0,60.0,Unknown,2.0,169197.14,0.0,3.0
4551832,10.0,123.0,23.0,Female,2.0,32152.35,0.0,3.0
3724649,28.0,341.0,57.5,Male,2.0,776636.11,5.0,8.0
3830867,13.0,160.0,54.5,Female,2.0,78471.01999999999,0.0,4.0
4612333,11.0,134.0,25.0,Female,2.0,29570.38,2.0,5.0
201846,11.0,141.0,31.0,Female,2.0,31019.26,6.0,9.0
5740001,12.0,150.0,59.0,Female,2.0,32221.61,0.0,3.0
8639803,4.0,59.0,50.5,Female,3.0,47504.19,2.0,5.0
818914,13.0,157.0,56.5,Female,2.0,37781.94,5.0,8.0
984456,13.0,166.0,53.0,Female,2.0,117794.61,1.0,4.0
484640,4.0,58.0,63.0,Unknown,2.0,31171.48,1.0,4.0
7228212,36.0,443.0,57.0,Male,2.0,1274761.74,6.0,9.0
8101,11.0,143.0,70.5,Male,2.0,257863.03,6.0,9.0
2743662,6.0,72.0,22.5,Male,4.0,30677.93,6.0,9.0
9265299,12.0,153.0,60.5,Male,2.0,30734.75,0.0,3.0
7592011,13.0,166.0,32.0,Female,2.0,33635.06,0.0,3.0
1680180,12.0,155.0,31.5,Male,2.0,35076.75,4.0,7.0
999095,6.0,76.0,38.5,Unknown,2.0,52753.3,5.0,8.0
1734560,11.0,143.0,30.5,Male,3.0,156480.3,4.0,7.0
7327373,15.0,180.0,51.5,Female,2.0,35431.41,0.0,3.0
2292390,9.0,111.0,31.0,Male,3.0,504282.48,5.0,8.0
5867937,3.0,37.0,19.5,Unknown,2.0,26825.34,0.0,3.0
3076639,8.0,107.0,28.5,Female,3.0,42826.42,5.0,8.0
1087634,15.0,181.0,46.5,Female,2.0,65438.7,2.0,5.0
8670757,33.0,398.0,72.0,Female,2.0,318877.85,2.0,5.0
2489233,6.0,83.0,51.5,Unknown,2.0,57985.58,2.0,5.0
5449329,24.0,295.0,59.0,Male,2.0,284551.39,4.0,7.0
5785189,24.0,289.0,45.5,Female,3.0,678353.79,1.0,4.0
795621,23.0,280.0,46.5,Unknown,2.0,515552.83,1.0,4.0
3432704,21.0,252.0,60.0,Male,2.0,27970.87,1.0,4.0
3995877,20.0,251.0,71.0,Male,3.0,173900.99,6.0,9.0
3189056,8.0,107.0,32.5,Male,2.0,55379.15,0.0,3.0
9698834,12.0,146.0,62.5,Male,2.0,307955.19,6.0,9.0
9978295,8.0,106.0,64.5,Male,2.0,88785.63,6.0,9.0
3503092,5.0,69.0,31.5,Unknown,2.0,99307.81,3.0,6.0
3837450,6.0,73.0,43.5,Unknown,2.0,48241.55,6.0,9.0
8646213,14.0,169.0,58.0,Male,2.0,143831.47,6.0,9.0
1846831,10.0,123.0,27.5,Unknown,4.0,78871.23999999999,6.0,9.0
658163,4.0,59.0,18.0,Unknown,2.0,27983.37,0.0,3.0
7619838,8.0,104.0,62.5,Female,2.0,76391.65,2.0,5.0
608403,10.0,129.0,52.0,Female,3.0,101024.68,3.0,7.0
3539057,7.0,86.0,27.5,Unknown,2.0,30158.44,1.0,4.0
1305958,9.0,108.0,31.0,Female,2.0,67770.63,6.0,9.0
2762360,10.0,130.0,26.0,Female,2.0,37331.52,0.0,3.0
6446475,7.0,90.0,32.0,Unknown,3.0,51391.86,5.0,8.0
2206736,8.0,106.0,65.5,Male,3.0,437463.85,6.0,9.0
1236371,4.0,59.0,27.5,Unknown,2.0,39421.86,0.0,3.0
9841027,23.0,280.0,52.5,Male,3.0,247461.13,5.0,8.0
4337123,14.0,169.0,31.5,Male,3.0,78169.01999999999,5.0,8.0
7361907,11.0,137.0,50.5,Unknown,2.0,26881.68,1.0,4.0
7554652,6.0,82.0,51.0,Unknown,2.0,643146.75,1.0,4.0
3815559,6.0,73.0,29.0,Unknown,2.0,45745.86,5.0,8.0
6646681,13.0,156.0,42.0,Unknown,2.0,33504.99,0.0,3.0
5079756,6.0,73.0,48.0,Unknown,3.0,38363.9,1.0,4.0
8041338,16.0,192.0,38.5,Female,3.0,41899.11,3.0,6.0
819870,13.0,166.0,45.0,Female,2.0,51818.72,0.0,3.0
2446381,17.0,215.0,54.5,Female,2.0,69992.4,3.0,6.0
2990838,14.0,178.0,34.0,Male,2.0,48487.95,2.0,5.0
6190008,12.0,155.0,28.0,Female,2.0,37545.49,5.0,8.0
7104143,5.0,69.0,60.5,Male,2.0,272216.31,6.0,9.0
1656762,4.0,48.0,46.0,Unknown,3.0,32286.29,4.0,7.0
9198255,12.0,152.0,38.5,Male,2.0,153110.88,6.0,9.0
7978454,13.0,163.0,46.5,Female,3.0,86392.38,6.0,9.0
5699239,11.0,138.0,50.5,Female,2.0,57905.34,6.0,9.0
5314916,4.0,59.0,32.0,Unknown,3.0,49123.21,6.0,9.0
6146877,14.0,179.0,21.5,Female,2.0,48358.39,6.0,9.0
8686115,7.0,95.0,32.5,Unknown,2.0,34100.83,6.0,9.0
5729024,14.0,171.0,59.5,Female,2.0,44420.85,0.0,3.0
7896159,23.0,287.0,76.0,Female,2.0,29685.6,1.0,4.0
3186929,23.0,285.0,47.0,Female,2.0,175365.78999999998,6.0,9.0
7057752,23.0,278.0,49.0,Female,2.0,172578.22999999998,4.0,7.0
897243,22.0,264.0,53.5,Male,3.0,56681.92,5.0,8.0
8974232,21.0,260.0,64.0,Female,2.0,100458.54,6.0,9.0
5072014,21.0,252.0,50.5,Unknown,2.0,44839.17999999999,1.0,4.0
9412146,20.0,242.0,48.0,Male,2.0,138971.07,4.0,7.0
8713775,18.0,226.0,70.0,Male,2.0,45457.66,1.0,4.0
7222377,17.0,214.0,57.0,Male,2.0,29579.52,2.0,5.0
3769323,14.0,175.0,67.0,Male,2.0,32625.85,0.0,3.0
5194754,16.0,200.0,40.5,Male,2.0,630041.87,2.0,5.0
9544510,20.0,242.0,53.0,Male,2.0,125069.42,6.0,9.0
5894768,4.0,59.0,38.5,Female,2.0,52747.7,0.0,3.0
1554554,16.0,202.0,62.0,Male,2.0,39433.76,0.0,3.0
9855280,7.0,85.0,28.5,Unknown,2.0,40275.42999999999,0.0,3.0
5933623,26.0,317.0,73.0,Unknown,2.0,180393.09000000003,1.0,4.0
4247153,5.0,66.0,57.5,Unknown,2.0,92528.36,4.0,7.0
1389096,11.0,140.0,41.5,Female,2.0,64147.25,2.0,5.0
3570973,4.0,56.0,19.0,Unknown,2.0,37442.6,2.0,5.0
6296471,11.0,135.0,18.5,Unknown,2.0,24978.26,2.0,5.0
1751041,13.0,156.0,40.5,Male,2.0,69527.29999999999,1.0,4.0
6808314,5.0,70.0,27.5,Unknown,2.0,37478.25,1.0,4.0
6110662,4.0,58.0,52.0,Unknown,4.0,147107.59999999998,6.0,9.0
93610,9.0,118.0,58.5,Male,2.0,52592.73,4.0,7.0
7787809,13.0,158.0,37.0,Male,2.0,55222.76,2.0,5.0
7814849,4.0,58.0,69.5,Unknown,2.0,30820.21,4.0,7.0
6817555,7.0,92.0,63.5,Unknown,3.0,502221.06,6.0,9.0
8048009,14.0,172.0,52.5,Female,5.0,1410859.87,3.0,7.0
2542704,5.0,70.0,61.0,Unknown,2.0,33956.88,1.0,4.0
3412199,12.0,154.0,56.0,Female,2.0,48230.09,1.0,4.0
5565298,15.0,189.0,59.0,Male,2.0,96442.52,6.0,9.0
5521628,11.0,133.0,37.0,Male,2.0,61060.43,6.0,9.0
5056455,7.0,94.0,50.5,Unknown,2.0,76479.25,2.0,5.0
9168022,9.0,119.0,39.5,Male,2.0,484270.8,4.0,7.0
2381209,8.0,98.0,39.0,Unknown,2.0,100618.54,2.0,5.0
8336001,14.0,170.0,60.5,Male,2.0,59823.69,0.0,3.0
9924300,4.0,56.0,21.5,Unknown,2.0,24843.5,4.0,7.0
200707,2.0,34.0,50.5,Unknown,2.0,48487.91,1.0,4.0
2284833,14.0,172.0,47.5,Male,2.0,36298.89,5.0,8.0
1677411,10.0,130.0,31.5,Female,2.0,46950.07,0.0,3.0
7392757,15.0,180.0,34.5,Male,2.0,121130.97,6.0,9.0
3637315,11.0,140.0,30.0,Male,2.0,75827.68,4.0,7.0
5833579,11.0,143.0,32.0,Female,2.0,112676.33,1.0,4.0
6246252,16.0,197.0,37.0,Female,2.0,156063.84000000003,0.0,3.0
7234094,13.0,161.0,30.0,Male,2.0,23798.49,0.0,3.0
7413409,22.0,268.0,65.0,Female,3.0,201428.98,3.0,6.0
4216690,22.0,268.0,76.5,Male,2.0,35831.88,2.0,5.0
2231220,22.0,264.0,47.0,Female,2.0,157394.34999999998,2.0,5.0
6022147,20.0,251.0,56.5,Female,2.0,40404.21,3.0,6.0
988635,19.0,228.0,47.5,Male,2.0,1198029.78,6.0,9.0
643735,17.0,211.0,55.0,Female,2.0,84685.01999999999,6.0,9.0
5177923,14.0,169.0,50.0,Male,2.0,32216.13,0.0,3.0
320321,6.0,74.0,29.5,Unknown,2.0,25967.74,0.0,3.0
4807080,7.0,86.0,23.5,Unknown,2.0,25539.63,0.0,3.0
1090208,15.0,189.0,57.0,Unknown,2.0,165390.89,1.0,4.0
7983890,14.0,178.0,60.5,Male,2.0,74033.9,0.0,3.0
121029,5.0,70.0,65.5,Unknown,2.0,29846.31,2.0,5.0
6618173,5.0,70.0,39.5,Unknown,2.0,34513.61,0.0,3.0
714163,6.0,76.0,25.0,Unknown,2.0,47022.32,3.0,6.0
9610926,5.0,70.0,34.0,Unknown,2.0,54169.23,6.0,9.0
5871071,15.0,190.0,68.0,Male,2.0,36617.1,5.0,8.0
2411512,14.0,178.0,41.5,Female,2.0,33231.86,0.0,3.0
7123977,8.0,106.0,56.5,Female,2.0,60602.39,1.0,4.0
6043666,6.0,82.0,48.0,Unknown,2.0,43370.94,5.0,8.0
2808411,12.0,155.0,71.0,Female,2.0,184781.73,5.0,9.0
7069926,7.0,87.0,57.5,Unknown,2.0,222960.11,2.0,5.0
9908372,6.0,82.0,57.5,Unknown,2.0,52673.45,0.0,3.0
2663355,8.0,100.0,59.0,Unknown,2.0,611788.9400000001,6.0,9.0
2983616,6.0,78.0,21.5,Unknown,2.0,39264.97,0.0,3.0
6008144,4.0,58.0,29.0,Unknown,2.0,73856.39,4.0,7.0
4843240,13.0,160.0,49.0,Female,2.0,50377.6,3.0,6.0
3929399,16.0,193.0,60.5,Female,2.0,79865.18,1.0,5.0
1568385,12.0,153.0,66.0,Female,2.0,56424.3,0.0,3.0
2675470,11.0,142.0,54.0,Female,2.0,63762.17,0.0,3.0
4328918,5.0,71.0,28.0,Unknown,2.0,51501.91,6.0,9.0
9452134,8.0,105.0,32.5,Male,2.0,40691.21,6.0,9.0
4591997,9.0,112.0,35.0,Female,2.0,50850.62,0.0,3.0
8454891,14.0,179.0,45.0,Female,2.0,82066.95,2.0,5.0
5494657,5.0,64.0,36.0,Unknown,2.0,26957.38,1.0,4.0
3347126,12.0,144.0,38.0,Male,2.0,71276.08,5.0,8.0
2081243,16.0,194.0,75.0,Female,2.0,118839.73,5.0,8.0
9888375,22.0,269.0,52.5,Female,2.0,41783.22,0.0,3.0
3708400,11.0,136.0,41.5,Female,3.0,344643.4,6.0,9.0
9617756,6.0,78.0,20.5,Unknown,2.0,29871.41,2.0,5.0
5473808,23.0,276.0,44.5,Male,2.0,132689.41999999998,5.0,8.0
5581176,22.0,272.0,64.5,Female,2.0,58472.82,6.0,9.0
4373373,21.0,259.0,47.5,Unknown,3.0,107624.52,5.0,8.0
4657833,21.0,258.0,61.5,Male,2.0,104849.17,4.0,7.0
1723419,21.0,255.0,40.5,Female,2.0,34151.05,1.0,4.0
7518013,20.0,251.0,52.0,Male,2.0,60140.69,4.0,7.0
861904,20.0,249.0,59.5,Male,3.0,259958.2,6.0,9.0
8589900,20.0,241.0,46.5,Female,5.0,109555.12,6.0,9.0
1579287,18.0,217.0,55.5,Male,3.0,222813.25,3.0,6.0
1652025,17.0,215.0,64.5,Male,3.0,33402.66,2.0,5.0
7378570,16.0,202.0,27.5,Male,2.0,96475.19,2.0,5.0
5770418,12.0,153.0,31.0,Female,2.0,34478.43,0.0,3.0
4158404,5.0,67.0,40.5,Unknown,3.0,28012.74,6.0,9.0
2723013,14.0,179.0,34.0,Male,2.0,138478.71,6.0,9.0
5776681,14.0,168.0,66.5,Female,2.0,63353.28,1.0,5.0
8366652,14.0,175.0,68.0,Female,3.0,515380.21,2.0,5.0
1715842,16.0,193.0,69.0,Female,3.0,25700.09,0.0,3.0
965865,10.0,121.0,30.0,Female,2.0,54212.12,2.0,5.0
2010054,10.0,121.0,70.0,Male,2.0,69902.41,6.0,9.0
596483,5.0,70.0,32.0,Unknown,2.0,27352.91,1.0,6.0
3370820,9.0,109.0,38.5,Male,2.0,30423.46,1.0,4.0
5132311,31.0,379.0,69.5,Male,2.0,215986.39,3.0,6.0
6432920,25.0,311.0,65.5,Female,2.0,119802.72,4.0,7.0
8488343,13.0,163.0,67.5,Male,2.0,84897.88,2.0,6.0
6875095,15.0,189.0,55.0,Male,2.0,935151.0,5.0,8.0
7741281,12.0,147.0,62.5,Female,2.0,104741.21,2.0,5.0
8893526,27.0,330.0,49.5,Female,2.0,55222.02,0.0,3.0
9599611,17.0,208.0,68.5,Male,4.0,482075.8,6.0,9.0
530914,14.0,178.0,35.0,Male,3.0,67759.79000000001,6.0,9.0
7419949,14.0,178.0,28.5,Female,2.0,105150.75,3.0,6.0
9839451,8.0,98.0,39.5,Unknown,2.0,76559.39,1.0,4.0
8795052,13.0,159.0,56.5,Male,4.0,495632.63,6.0,9.0
1529419,4.0,56.0,34.5,Unknown,2.0,96304.77,6.0,9.0
9523552,14.0,175.0,42.5,Male,2.0,28650.57,6.0,9.0
7091680,7.0,88.0,28.0,Unknown,2.0,97119.07,3.0,6.0
6966261,4.0,56.0,19.5,Unknown,2.0,25146.4,6.0,9.0
1604587,15.0,189.0,39.0,Female,2.0,90928.21,0.0,3.0
6350886,6.0,73.0,29.5,Unknown,3.0,404839.69,4.0,7.0
2764821,13.0,165.0,31.5,Female,3.0,50716.86,3.0,6.0
9585944,13.0,166.0,31.5,Female,3.0,32257.8,6.0,9.0
5446017,8.0,98.0,25.5,Unknown,2.0,26065.05,1.0,4.0
852877,9.0,108.0,37.5,Male,2.0,53044.09,3.0,6.0
1599177,6.0,74.0,56.5,Male,2.0,942700.99,5.0,9.0
3279139,7.0,94.0,57.5,Unknown,2.0,43103.2,1.0,4.0
1036396,6.0,76.0,71.0,Unknown,2.0,208023.72,1.0,4.0
3398348,30.0,369.0,59.5,Unknown,3.0,42627.36,2.0,5.0
722950,6.0,73.0,24.0,Unknown,3.0,119711.47,6.0,9.0
4208340,28.0,346.0,55.5,Male,3.0,725856.7300000001,4.0,7.0
359374,8.0,106.0,55.0,Female,2.0,58584.74,2.0,5.0
7136607,12.0,145.0,75.0,Male,2.0,121997.38,5.0,8.0
7885933,27.0,327.0,62.5,Male,2.0,101669.82,6.0,9.0
5231420,6.0,74.0,30.5,Male,3.0,45564.85,1.0,4.0
7760221,28.0,344.0,60.0,Female,2.0,173795.86,1.0,4.0
9689015,16.0,192.0,35.5,Female,2.0,40856.63,1.0,4.0
5995901,14.0,178.0,48.0,Female,2.0,25380.46,0.0,3.0
4046178,15.0,191.0,60.5,Female,2.0,59035.23,3.0,6.0
6162431,12.0,146.0,44.0,Male,2.0,47199.82,6.0,9.0
4475862,10.0,126.0,53.0,Male,2.0,212291.17,5.0,8.0
5053245,9.0,114.0,65.5,Female,2.0,89980.58,6.0,9.0
9289457,8.0,107.0,22.5,Unknown,2.0,28438.23,0.0,3.0
8300568,23.0,287.0,38.0,Male,3.0,172868.09999999998,6.0,9.0
4752728,23.0,277.0,75.0,Female,2.0,41289.8,0.0,3.0
1774938,20.0,241.0,55.5,Unknown,3.0,64329.18,5.0,8.0
2010561,19.0,239.0,39.5,Male,2.0,56695.63,3.0,6.0
3341851,19.0,238.0,55.0,Female,3.0,33829.31,1.0,4.0
8241291,10.0,121.0,33.0,Female,2.0,91149.28,2.0,5.0
2814263,6.0,77.0,30.5,Unknown,2.0,79665.68,6.0,9.0
643419,12.0,150.0,34.5,Male,2.0,241097.41,2.0,5.0
6798836,3.0,36.0,22.5,Female,2.0,26004.29,2.0,5.0
8524876,26.0,323.0,47.5,Female,3.0,75393.33,6.0,9.0
4308319,5.0,70.0,28.5,Unknown,2.0,33225.61,6.0,9.0
3174171,7.0,85.0,22.0,Unknown,2.0,33241.399999999994,4.0,7.0
253049,7.0,91.0,60.5,Unknown,2.0,823462.5900000001,0.0,3.0
8131034,6.0,83.0,42.0,Unknown,2.0,126745.42,2.0,5.0
1524280,14.0,175.0,60.5,Female,2.0,119189.73,0.0,3.0
8834933,6.0,81.0,33.5,Unknown,2.0,32103.82,6.0,9.0
3160380,29.0,349.0,64.0,Male,2.0,1504459.2999999998,3.0,6.0
798716,6.0,79.0,56.0,Unknown,2.0,227044.24,5.0,8.0
7221834,4.0,57.0,57.5,Unknown,2.0,103526.97,5.0,8.0
3432043,9.0,109.0,37.5,Male,2.0,244709.87,4.0,7.0
3875205,12.0,144.0,46.0,Female,2.0,100433.41,3.0,6.0
6097581,15.0,189.0,57.5,Male,2.0,104702.96,0.0,3.0
8465302,16.0,192.0,66.5,Male,4.0,760391.91,6.0,9.0
3868422,4.0,55.0,39.5,Unknown,2.0,25766.03,4.0,7.0
3232,9.0,116.0,52.0,Female,2.0,45617.96,3.0,6.0
9904011,5.0,64.0,33.5,Unknown,5.0,117596.54,6.0,9.0
1087096,5.0,70.0,28.5,Unknown,2.0,33108.85,3.0,6.0
1613567,7.0,86.0,37.0,Unknown,3.0,175836.96999999997,4.0,7.0
8320141,4.0,54.0,48.0,Unknown,2.0,23799.49,4.0,7.0
2838613,5.0,71.0,57.0,Unknown,2.0,36571.73,0.0,3.0
3008621,5.0,71.0,66.0,Unknown,2.0,29320.16,2.0,5.0
4244266,4.0,58.0,19.5,Unknown,2.0,27904.47,1.0,4.0
161127,14.0,173.0,48.5,Female,2.0,242884.31,1.0,4.0
1171272,9.0,115.0,45.5,Female,2.0,90958.37,6.0,9.0
2150129,14.0,178.0,66.5,Male,3.0,419852.21,2.0,5.0
2785779,6.0,74.0,29.0,Unknown,2.0,53189.97,4.0,7.0
5318633,8.0,96.0,57.0,Female,2.0,226577.61,2.0,5.0
2606074,28.0,347.0,48.5,Female,3.0,162012.84000000003,1.0,4.0
3855695,9.0,115.0,42.5,Male,2.0,25106.59,4.0,7.0
7902372,7.0,91.0,63.0,Unknown,2.0,230185.47,3.0,6.0
7644619,12.0,147.0,32.5,Female,2.0,65146.17,0.0,3.0
7813940,4.0,58.0,48.5,Unknown,2.0,46313.98,3.0,6.0
2336280,6.0,83.0,46.5,Unknown,3.0,43869.53999999999,0.0,3.0
6328652,15.0,190.0,52.0,Male,2.0,30682.65,0.0,3.0
3175143,17.0,206.0,42.5,Male,4.0,269749.39,5.0,8.0
549038,6.0,73.0,31.0,Unknown,2.0,29536.91,6.0,9.0
6482562,11.0,132.0,62.0,Female,2.0,69142.91,4.0,7.0
6230140,13.0,167.0,37.5,Female,2.0,32970.58,0.0,3.0
8008043,12.0,144.0,65.0,Male,2.0,113928.68,2.0,5.0
8154663,4.0,57.0,73.0,Female,2.0,58106.41,5.0,9.0
5361794,9.0,108.0,86.5,Female,3.0,674530.92,4.0,7.0
2941743,6.0,80.0,27.0,Unknown,2.0,33605.09,0.0,3.0
4471192,13.0,166.0,66.5,Male,2.0,52441.36,3.0,6.0
7381328,22.0,271.0,46.0,Unknown,3.0,101717.39,1.0,4.0
4400980,22.0,266.0,59.5,Male,3.0,553123.5900000001,0.0,3.0
9267164,21.0,252.0,54.5,Male,2.0,131480.03999999998,1.0,4.0
7215502,18.0,223.0,47.5,Female,2.0,31013.64,1.0,4.0
1333457,18.0,216.0,57.5,Female,2.0,40546.22,6.0,9.0
6825149,5.0,70.0,63.0,Unknown,2.0,120046.39,6.0,9.0
4234977,5.0,68.0,30.0,Female,2.0,33688.899999999994,3.0,6.0
6924555,6.0,83.0,64.0,Unknown,2.0,119477.49,1.0,4.0
2223546,6.0,81.0,31.5,Unknown,3.0,50874.6,2.0,5.0
8902017,5.0,65.0,66.5,Male,2.0,38246.61,6.0,9.0
7550463,16.0,195.0,52.5,Female,5.0,139050.27000000002,3.0,6.0
3598849,13.0,159.0,77.0,Male,2.0,94045.42,5.0,8.0
7705474,11.0,141.0,38.5,Female,2.0,38594.56,1.0,4.0
4617382,7.0,90.0,33.0,Unknown,2.0,37383.82,1.0,4.0
8969133,6.0,83.0,59.0,Female,4.0,238667.01,5.0,8.0
1082499,12.0,151.0,26.0,Female,2.0,64245.0,0.0,3.0
9103724,7.0,94.0,58.5,Unknown,2.0,132386.99,3.0,6.0
5175035,4.0,59.0,29.0,Unknown,2.0,43049.31,3.0,6.0
2327485,9.0,110.0,53.5,Male,2.0,33397.46,6.0,9.0
203427,19.0,231.0,85.0,Male,2.0,96027.49,6.0,9.0
7634807,6.0,83.0,38.5,Unknown,2.0,43243.78,3.0,6.0
1533449,8.0,96.0,67.0,Unknown,2.0,33390.34,1.0,4.0
584202,14.0,179.0,34.0,Male,2.0,92799.52,3.0,6.0
7541570,8.0,102.0,30.5,Unknown,2.0,41268.06,2.0,5.0
7506521,15.0,183.0,44.0,Female,2.0,31148.95,0.0,3.0
3957748,15.0,181.0,75.0,Male,2.0,185963.15,4.0,7.0
5255453,6.0,80.0,62.0,Unknown,2.0,374414.48,0.0,3.0
9641585,8.0,107.0,36.5,Male,2.0,29242.93,2.0,5.0
201394,21.0,260.0,25.5,Female,4.0,59256.04,4.0,7.0
552898,14.0,178.0,30.5,Female,2.0,56061.12,0.0,3.0
6529844,18.0,221.0,58.0,Female,2.0,535567.27,0.0,3.0
2994114,8.0,96.0,47.0,Unknown,2.0,42139.3,1.0,4.0
4772911,6.0,72.0,60.0,Unknown,2.0,55212.78999999999,1.0,4.0
9215453,14.0,171.0,69.0,Male,3.0,704549.29,5.0,8.0
393252,16.0,198.0,36.5,Male,3.0,192107.81,5.0,8.0
2988219,8.0,97.0,41.5,Unknown,2.0,59915.03,1.0,4.0
9841100,15.0,183.0,34.0,Male,4.0,126468.14,6.0,9.0
4703000,4.0,59.0,24.5,Unknown,3.0,51610.76,1.0,5.0
1345292,7.0,92.0,44.5,Unknown,2.0,62262.23,0.0,3.0
5286628,15.0,190.0,50.5,Unknown,2.0,160193.24,6.0,9.0
2444894,5.0,70.0,25.5,Unknown,2.0,39665.06,0.0,3.0
6400977,9.0,109.0,43.0,Male,2.0,71489.32,4.0,7.0
2242363,13.0,167.0,31.0,Male,2.0,41224.33,0.0,3.0
1678508,8.0,107.0,30.0,Male,2.0,44002.49,1.0,4.0
5520970,14.0,178.0,39.0,Female,2.0,85466.07,1.0,4.0
1622083,16.0,197.0,41.5,Male,2.0,29558.08,5.0,8.0
6421913,5.0,71.0,30.0,Unknown,2.0,51148.53999999999,1.0,4.0
2103635,5.0,69.0,25.5,Unknown,2.0,40227.58,0.0,3.0
9853868,4.0,58.0,71.0,Female,2.0,44088.51,4.0,7.0
4202815,4.0,52.0,22.0,Unknown,4.0,108977.36,6.0,9.0
170383,6.0,77.0,26.0,Unknown,3.0,37245.02,3.0,6.0
3518501,14.0,176.0,53.0,Male,2.0,71101.14,1.0,4.0
9106010,11.0,137.0,58.0,Female,3.0,33115.06,4.0,7.0
6391371,15.0,191.0,58.5,Female,2.0,85295.54999999999,0.0,3.0
6805903,6.0,72.0,31.0,Unknown,2.0,27381.61,2.0,5.0
9466891,6.0,80.0,47.5,Unknown,3.0,37755.01,6.0,9.0
2028340,23.0,276.0,48.5,Female,2.0,59526.41,4.0,7.0
5314074,21.0,263.0,21.0,Male,3.0,104270.43,6.0,9.0
4482250,18.0,218.0,43.5,Female,3.0,85279.28,3.0,6.0
8833500,21.0,255.0,42.0,Female,2.0,296882.54,6.0,9.0
2572316,17.0,212.0,58.5,Male,4.0,626956.8,5.0,8.0
1766394,17.0,209.0,63.5,Female,2.0,43470.08,4.0,7.0
9871658,21.0,262.0,44.0,Female,2.0,721970.4,1.0,4.0
8969101,27.0,324.0,66.0,Male,2.0,71454.36,5.0,8.0
3612014,8.0,107.0,50.5,Male,2.0,65736.79999999999,2.0,5.0
1466000,7.0,88.0,46.5,Unknown,2.0,38744.0,0.0,3.0
319807,6.0,82.0,56.0,Unknown,2.0,29002.36,5.0,8.0
7239256,13.0,160.0,45.0,Female,2.0,66024.18,5.0,8.0
6951341,5.0,66.0,22.5,Unknown,2.0,45034.65,6.0,9.0
465982,15.0,181.0,45.0,Male,2.0,53065.75,5.0,8.0
9189058,9.0,114.0,63.5,Female,2.0,99764.16,2.0,5.0
9650790,8.0,102.0,61.5,Unknown,2.0,34946.27,1.0,4.0
1284080,5.0,69.0,72.5,Unknown,2.0,121529.4,2.0,5.0
8220893,14.0,169.0,49.0,Male,2.0,42100.57,6.0,9.0
4069070,6.0,81.0,32.5,Unknown,2.0,59916.62,0.0,3.0
1936,5.0,63.0,26.5,Male,2.0,52447.9,6.0,9.0
5184711,16.0,193.0,38.0,Male,2.0,168850.03999999998,3.0,6.0
1390367,6.0,74.0,24.5,Unknown,2.0,78061.98999999999,4.0,7.0
89052,15.0,186.0,49.5,Male,2.0,43000.55,0.0,3.0
924425,5.0,69.0,56.0,Unknown,2.0,36137.88,0.0,3.0
3039602,15.0,189.0,46.5,Female,2.0,26402.18,0.0,3.0
4446011,5.0,61.0,61.5,Female,2.0,33673.83,1.0,4.0
2062413,4.0,59.0,24.0,Unknown,2.0,33633.81,0.0,3.0
5077348,11.0,136.0,47.5,Female,2.0,96858.37,2.0,5.0
3097679,28.0,347.0,71.0,Female,2.0,112687.66,6.0,9.0
8006148,13.0,158.0,39.5,Female,2.0,42803.77,0.0,3.0
1694871,8.0,97.0,56.0,Unknown,2.0,29901.83,1.0,4.0
2307728,13.0,160.0,44.0,Male,3.0,169796.46999999997,0.0,3.0
956435,13.0,160.0,54.5,Male,2.0,102044.64,5.0,8.0
113597,9.0,109.0,31.0,Female,2.0,90741.84,6.0,9.0
551983,9.0,114.0,59.5,Female,2.0,169043.47999999998,0.0,3.0
4276315,8.0,97.0,54.5,Unknown,2.0,302606.95,6.0,9.0
6394395,6.0,75.0,29.0,Unknown,2.0,640855.88,6.0,9.0
1126310,8.0,96.0,31.0,Unknown,2.0,38284.56,0.0,3.0
3250807,6.0,78.0,27.0,Unknown,2.0,26852.6,1.0,4.0
969174,13.0,158.0,59.0,Female,2.0,33041.31,4.0,7.0
9725581,4.0,56.0,24.0,Unknown,2.0,45894.97,3.0,6.0
4231775,5.0,65.0,24.0,Unknown,2.0,58997.59,3.0,6.0
4968581,5.0,60.0,32.5,Female,2.0,45280.87,0.0,3.0
7590829,10.0,126.0,67.5,Male,3.0,551246.9800000001,6.0,9.0
5723120,5.0,67.0,32.0,Female,2.0,30402.31,6.0,9.0
5162796,10.0,130.0,24.5,Male,3.0,53261.55,3.0,6.0
1947956,22.0,271.0,43.0,Unknown,3.0,1820906.65,6.0,9.0
3019916,17.0,205.0,67.0,Male,2.0,245359.39,1.0,4.0
4315722,26.0,320.0,64.5,Female,2.0,66232.84,5.0,8.0
7207515,6.0,83.0,33.5,Unknown,2.0,59661.32,0.0,3.0
760554,10.0,121.0,34.5,Male,3.0,133498.32,4.0,7.0
8696517,7.0,95.0,64.0,Unknown,2.0,32382.92,2.0,5.0
4176656,4.0,59.0,50.5,Unknown,4.0,64075.8,4.0,7.0
4183269,23.0,284.0,50.5,Male,2.0,68652.03,0.0,3.0
6199279,23.0,277.0,76.5,Female,2.0,173587.45,2.0,5.0
6650440,21.0,254.0,52.5,Male,3.0,81010.37,3.0,6.0
3983119,17.0,215.0,72.0,Male,3.0,139001.32,1.0,4.0
3418053,17.0,214.0,60.5,Male,2.0,88621.62,6.0,9.0
8027229,5.0,70.0,34.0,Female,2.0,29630.18,0.0,3.0
9752962,18.0,222.0,57.5,Female,2.0,82326.13,5.0,8.0
2465411,5.0,71.0,27.0,Unknown,2.0,31486.97,6.0,9.0
5023867,18.0,227.0,73.5,Female,2.0,76883.12,4.0,7.0
4750401,16.0,193.0,48.5,Female,2.0,184759.95,3.0,6.0
8530901,9.0,119.0,54.0,Female,2.0,81389.98999999999,2.0,5.0
5742800,7.0,91.0,27.0,Unknown,2.0,41450.98,2.0,5.0
6729737,16.0,193.0,30.0,Male,2.0,86197.43,2.0,5.0
5133374,8.0,97.0,34.0,Unknown,2.0,29253.51,2.0,6.0
8253552,6.0,82.0,42.5,Unknown,2.0,28045.96,1.0,4.0
5783371,15.0,182.0,58.5,Female,2.0,500995.77,6.0,9.0
7721395,7.0,86.0,63.0,Male,2.0,493986.38,6.0,9.0
4800593,13.0,165.0,64.0,Male,3.0,38817.23,6.0,9.0
6849764,17.0,211.0,43.0,Female,2.0,89356.01,4.0,7.0
1486086,12.0,144.0,52.0,Female,2.0,28768.67,4.0,8.0
6986382,15.0,180.0,53.0,Male,2.0,286973.4,2.0,5.0
5883378,33.0,406.0,64.5,Female,2.0,23815.57,1.0,4.0
1805764,14.0,174.0,20.0,Unknown,2.0,25446.46,2.0,5.0
3907538,28.0,340.0,66.5,Male,2.0,117512.3,6.0,9.0
5883791,5.0,60.0,61.0,Unknown,2.0,32517.95,1.0,4.0
3960029,8.0,107.0,33.5,Male,2.0,82314.54999999999,5.0,8.0
5273168,14.0,177.0,69.0,Female,2.0,64492.2,3.0,6.0
549987,7.0,93.0,52.0,Unknown,2.0,731825.3200000001,6.0,9.0
4097289,34.0,414.0,76.0,Male,3.0,555496.0700000001,6.0,9.0
7000312,26.0,315.0,22.0,Male,2.0,40760.58,5.0,8.0
6583985,27.0,333.0,66.5,Male,3.0,172934.40000000002,5.0,8.0
4378882,7.0,86.0,32.5,Unknown,3.0,102462.07,6.0,9.0
9682469,4.0,50.0,22.5,Unknown,2.0,26715.58,6.0,9.0
624085,12.0,145.0,61.0,Male,2.0,75152.22,3.0,6.0
6078015,15.0,181.0,77.0,Male,2.0,43703.05,5.0,8.0
5729005,6.0,83.0,55.5,Unknown,2.0,49908.41,6.0,9.0
9825833,9.0,111.0,58.5,Male,2.0,66201.75,3.0,7.0
1576746,7.0,95.0,39.5,Unknown,2.0,86373.16,0.0,3.0
2223269,5.0,70.0,30.0,Unknown,2.0,58114.16,1.0,4.0
8743022,8.0,96.0,46.0,Unknown,2.0,48153.81,6.0,9.0
2459169,15.0,184.0,61.5,Female,2.0,154249.56,0.0,3.0
2247921,6.0,83.0,71.5,Unknown,2.0,36939.05,0.0,3.0
1895406,14.0,178.0,53.5,Female,2.0,25042.96,0.0,3.0
6857321,28.0,341.0,68.0,Female,2.0,121924.6,2.0,5.0
7579546,5.0,60.0,44.5,Unknown,2.0,188389.63,6.0,9.0
1484808,24.0,289.0,44.0,Female,2.0,63632.11,6.0,9.0
118415,29.0,354.0,56.5,Male,3.0,607775.8200000001,2.0,5.0
6808836,21.0,263.0,57.5,Female,3.0,145531.9,6.0,9.0
6783693,21.0,262.0,52.0,Female,2.0,181978.57,2.0,5.0
7418208,21.0,253.0,53.0,Male,2.0,174420.33000000002,4.0,7.0
2429252,20.0,250.0,38.5,Female,2.0,195091.9,1.0,4.0
1018270,20.0,243.0,50.5,Unknown,3.0,214009.5,2.0,5.0
9283472,19.0,230.0,56.5,Female,2.0,150390.96,6.0,9.0
5479065,8.0,96.0,21.0,Unknown,2.0,62494.17,0.0,3.0
9310803,11.0,142.0,53.0,Female,2.0,47870.76,0.0,3.0
1444905,5.0,69.0,66.5,Unknown,2.0,87440.6,5.0,8.0
1195541,7.0,88.0,29.5,Unknown,3.0,57505.73,2.0,5.0
3476871,11.0,140.0,51.5,Male,2.0,89363.74,2.0,5.0
6230768,12.0,145.0,41.0,Male,2.0,29720.46,0.0,3.0
7181531,15.0,183.0,57.5,Female,2.0,202559.45,1.0,4.0
3971814,5.0,71.0,55.0,Unknown,2.0,35560.57,1.0,4.0
7665323,4.0,59.0,24.0,Unknown,3.0,39257.86,3.0,6.0
1866169,13.0,157.0,50.5,Unknown,2.0,309606.34,6.0,9.0
6898781,13.0,167.0,37.5,Female,2.0,68594.04000000001,2.0,5.0
2221946,9.0,110.0,32.5,Male,3.0,73506.35,4.0,7.0
1430088,5.0,68.0,56.5,Unknown,2.0,37688.42,6.0,9.0
8286068,10.0,127.0,59.0,Female,2.0,41154.56,2.0,5.0
4671078,23.0,279.0,56.5,Female,4.0,183095.09000000003,6.0,9.0
9711093,15.0,187.0,68.5,Female,2.0,1233087.04,4.0,7.0
8270441,8.0,105.0,30.0,Male,2.0,92843.25,6.0,9.0
3639133,10.0,123.0,35.5,Female,2.0,54981.76,1.0,4.0
4343302,35.0,430.0,64.5,Female,2.0,241787.18,6.0,9.0
1533341,10.0,122.0,55.0,Female,3.0,577256.54,6.0,9.0
6159612,14.0,168.0,56.5,Female,2.0,39623.34,1.0,4.0
2100717,9.0,117.0,64.5,Male,2.0,78008.39,2.0,5.0
4945232,33.0,406.0,65.0,Male,2.0,208305.6,3.0,6.0
5085135,15.0,180.0,37.5,Male,3.0,226703.24,2.0,5.0
8602786,5.0,65.0,31.5,Female,2.0,60426.86,6.0,9.0
4444742,14.0,178.0,26.5,Male,2.0,41447.81,6.0,9.0
3603721,13.0,166.0,75.5,Female,2.0,42472.56,4.0,7.0
3820374,15.0,190.0,70.5,Female,2.0,45117.27,1.0,4.0
529380,15.0,191.0,48.0,Unknown,2.0,263562.48,5.0,8.0
873622,5.0,70.0,20.0,Unknown,2.0,31618.55,0.0,3.0
8444187,13.0,156.0,63.0,Male,2.0,46344.6,2.0,5.0
6361221,35.0,427.0,69.0,Female,2.0,127643.5,2.0,5.0
1943211,8.0,99.0,29.0,Male,2.0,36341.09,4.0,7.0
4838456,14.0,175.0,31.0,Female,2.0,28691.2,1.0,4.0
5671184,10.0,121.0,31.0,Female,3.0,110128.42,6.0,9.0
4857012,6.0,74.0,42.5,Unknown,2.0,30264.9,6.0,9.0
9445016,3.0,43.0,42.0,Unknown,2.0,56909.73,6.0,9.0
7898021,4.0,59.0,53.0,Unknown,2.0,483995.18,0.0,3.0
9701979,5.0,60.0,44.0,Unknown,2.0,35639.02,2.0,5.0
542563,14.0,178.0,76.5,Female,3.0,251843.76,6.0,9.0
6457559,24.0,298.0,67.0,Female,2.0,172166.81,5.0,8.0
1286856,23.0,277.0,67.5,Male,2.0,37410.0,2.0,5.0
3096259,23.0,276.0,26.0,Female,2.0,92735.11,1.0,4.0
7278607,22.0,264.0,42.0,Male,2.0,31114.85,6.0,9.0
7215328,22.0,264.0,49.5,Male,2.0,136804.2,2.0,5.0
4279133,21.0,263.0,68.0,Female,3.0,536326.9400000001,3.0,6.0
9058949,20.0,246.0,62.0,Female,2.0,205171.27,3.0,6.0
4373565,18.0,218.0,57.5,Female,2.0,92713.66,1.0,4.0
4437808,10.0,122.0,38.5,Male,2.0,144489.59999999998,6.0,9.0
7639568,4.0,59.0,34.5,Unknown,2.0,26120.31,4.0,7.0
5254323,14.0,179.0,56.5,Female,2.0,112538.23,1.0,4.0
3630175,26.0,320.0,66.5,Male,2.0,34908.47,1.0,4.0
4600084,12.0,152.0,36.5,Female,2.0,80993.83,4.0,7.0
5437254,4.0,59.0,25.0,Female,2.0,32514.65,1.0,4.0
256199,13.0,165.0,56.0,Female,3.0,719371.26,2.0,5.0
7603857,6.0,75.0,52.5,Unknown,2.0,58245.01,0.0,3.0
1498304,13.0,157.0,57.5,Male,2.0,97536.46,5.0,8.0
8083597,17.0,205.0,40.5,Male,2.0,87135.34,6.0,9.0
3307059,6.0,82.0,60.5,Female,2.0,302548.3,6.0,9.0
1872085,6.0,74.0,28.0,Unknown,2.0,32386.75,6.0,9.0
3959756,16.0,195.0,67.5,Male,2.0,211333.7,6.0,9.0
3145003,4.0,49.0,58.5,Unknown,2.0,35532.869999999995,0.0,3.0
4730185,11.0,142.0,62.5,Male,2.0,273126.42,2.0,5.0
6089880,15.0,185.0,63.0,Male,2.0,43113.36,1.0,4.0
3920173,7.0,84.0,53.5,Unknown,2.0,33888.96,6.0,9.0
1476869,5.0,70.0,39.5,Unknown,2.0,39408.41,1.0,4.0
4818367,7.0,92.0,75.0,Unknown,3.0,615548.56,2.0,5.0
548028,7.0,85.0,64.5,Unknown,2.0,38282.41,0.0,3.0
5027502,16.0,195.0,33.5,Female,2.0,55295.37,0.0,3.0
8434228,13.0,164.0,58.0,Male,2.0,172344.19,2.0,5.0
2353745,9.0,114.0,36.0,Male,2.0,30442.72,4.0,7.0
6053599,10.0,127.0,47.0,Female,2.0,619506.4400000001,5.0,8.0
1825957,13.0,161.0,63.5,Female,2.0,113419.98,5.0,8.0
4085994,14.0,178.0,42.5,Male,2.0,88120.04999999999,2.0,5.0
546244,10.0,127.0,35.0,Unknown,2.0,62378.22,6.0,9.0
1260122,10.0,131.0,50.0,Female,2.0,38304.73,1.0,4.0
8254224,12.0,144.0,32.0,Unknown,2.0,74434.32,4.0,7.0
1425787,4.0,59.0,26.5,Unknown,3.0,106857.78,4.0,7.0
4082474,15.0,184.0,69.0,Male,2.0,54838.53,2.0,5.0
3399499,16.0,202.0,53.0,Female,2.0,65631.95999999999,6.0,9.0
3059225,28.0,346.0,72.0,Female,3.0,94669.95,5.0,8.0
5337833,7.0,87.0,54.5,Unknown,2.0,76954.76999999999,3.0,6.0
9155004,12.0,149.0,43.0,Male,2.0,24145.34,0.0,3.0
4807174,12.0,152.0,48.5,Male,2.0,35940.24,6.0,9.0
4797464,6.0,81.0,62.5,Unknown,2.0,266444.16,5.0,8.0
3555462,8.0,99.0,36.5,Unknown,3.0,205650.31,1.0,4.0
8342684,5.0,70.0,32.0,Female,2.0,27595.81,6.0,9.0
6147265,4.0,58.0,38.5,Unknown,2.0,37597.83,6.0,9.0
8609870,16.0,194.0,49.5,Male,2.0,91774.41,0.0,3.0
5225985,12.0,146.0,29.5,Female,2.0,57432.89,0.0,3.0
2844117,6.0,73.0,33.0,Unknown,2.0,31165.1,3.0,6.0
6351670,13.0,160.0,42.0,Male,2.0,75828.84,0.0,3.0
5995219,26.0,314.0,58.5,Male,2.0,150338.34999999998,6.0,9.0
4673092,24.0,288.0,73.5,Female,4.0,87936.94,1.0,4.0
4712253,23.0,280.0,75.5,Female,3.0,2416888.09,6.0,9.0
9485108,23.0,276.0,52.0,Male,2.0,68980.34,0.0,3.0
8366866,20.0,251.0,78.0,Female,2.0,85603.58,0.0,3.0
5597360,32.0,390.0,73.5,Female,3.0,630721.79,5.0,8.0
4145904,28.0,341.0,47.0,Male,3.0,1680085.16,6.0,9.0
7183287,26.0,323.0,44.0,Female,2.0,94064.34,0.0,3.0
8389957,15.0,181.0,56.0,Female,2.0,48154.14,1.0,4.0
3427205,8.0,99.0,51.0,Unknown,2.0,108831.09,5.0,8.0
1967815,6.0,76.0,37.5,Unknown,2.0,35674.34,0.0,3.0
5647696,26.0,319.0,55.0,Female,2.0,311468.78,4.0,7.0
7968992,6.0,74.0,27.0,Unknown,3.0,52901.03,6.0,9.0
9080796,10.0,130.0,24.0,Male,2.0,78553.53,5.0,8.0
2000438,7.0,94.0,41.5,Unknown,2.0,73830.36,1.0,4.0
6871774,6.0,72.0,45.5,Unknown,2.0,57868.14,2.0,5.0
6437044,12.0,155.0,67.0,Female,2.0,49686.77,0.0,3.0
9611285,17.0,204.0,55.5,Male,2.0,90622.87,6.0,9.0
9038995,8.0,103.0,28.0,Unknown,2.0,35011.32,5.0,8.0
9409836,24.0,298.0,53.5,Male,2.0,325629.71,5.0,8.0
8207575,13.0,166.0,36.5,Female,2.0,133171.82,1.0,4.0
2590485,14.0,172.0,57.5,Male,2.0,27591.32,0.0,3.0
2081780,13.0,163.0,30.5,Male,3.0,53130.99,2.0,5.0
5575459,5.0,62.0,29.5,Female,2.0,25092.76,2.0,5.0
1827023,6.0,82.0,24.0,Unknown,3.0,30618.74,2.0,5.0
4251934,8.0,103.0,20.5,Unknown,2.0,61311.81,2.0,5.0
7567165,13.0,163.0,60.5,Female,2.0,46648.98,1.0,4.0
8342480,7.0,88.0,53.5,Female,3.0,73338.67,2.0,5.0
6175380,7.0,85.0,64.0,Unknown,2.0,33767.44,6.0,9.0
5308804,7.0,94.0,58.0,Unknown,2.0,35865.85,6.0,9.0
9873188,8.0,105.0,50.0,Unknown,2.0,39465.51,0.0,3.0
2824912,13.0,166.0,46.0,Unknown,2.0,113417.12,0.0,3.0
4236961,8.0,97.0,47.5,Unknown,2.0,246477.35,6.0,9.0
6758365,14.0,178.0,69.5,Female,2.0,40967.03,4.0,7.0
5627725,4.0,58.0,80.0,Unknown,2.0,99851.72,5.0,8.0
4754246,5.0,68.0,64.5,Unknown,2.0,1334420.26,6.0,9.0
8106540,16.0,196.0,35.5,Female,2.0,169577.39,3.0,6.0
2353550,13.0,163.0,29.5,Female,2.0,45682.8,2.0,5.0
2949340,6.0,82.0,53.5,Unknown,2.0,72983.92,1.0,4.0
6826792,9.0,108.0,29.5,Male,2.0,49441.16,1.0,4.0
256308,11.0,143.0,68.0,Male,2.0,428201.68,4.0,7.0
6187864,13.0,163.0,55.0,Female,2.0,174412.75,4.0,7.0
5492724,10.0,122.0,35.5,Female,2.0,45224.13,0.0,3.0
2689588,7.0,84.0,72.5,Male,2.0,472260.14,5.0,8.0
8838068,16.0,194.0,55.5,Male,2.0,100233.77,5.0,8.0
2041578,9.0,119.0,29.5,Female,2.0,68313.64,0.0,3.0
8506693,5.0,69.0,59.0,Unknown,2.0,265380.88,6.0,9.0
4996294,4.0,56.0,17.5,Unknown,2.0,30876.2,3.0,6.0
9676457,6.0,81.0,53.5,Unknown,2.0,87713.65,0.0,3.0
8121036,5.0,68.0,30.5,Unknown,2.0,42420.11,4.0,7.0
6950389,16.0,196.0,57.5,Male,2.0,86546.81,3.0,6.0
9531788,12.0,149.0,80.0,Female,2.0,237279.3,5.0,8.0
7047205,5.0,70.0,19.5,Unknown,2.0,29682.19,0.0,3.0
9115963,12.0,144.0,51.5,Female,2.0,79723.51999999999,1.0,4.0
351093,6.0,72.0,28.5,Unknown,2.0,56944.23,3.0,6.0
5611197,7.0,89.0,73.5,Unknown,2.0,95918.47,6.0,9.0
8164330,24.0,289.0,24.5,Female,2.0,33485.09,1.0,4.0
8240010,22.0,274.0,55.0,Male,2.0,49414.03,3.0,6.0
7563717,22.0,272.0,61.5,Female,2.0,116779.95,6.0,9.0
4747441,21.0,256.0,65.5,Male,4.0,650626.8300000001,6.0,9.0
4094154,21.0,254.0,56.0,Female,2.0,26606.53,0.0,3.0
4069324,19.0,233.0,51.5,Female,2.0,254150.29,2.0,7.0
1837031,17.0,214.0,39.5,Unknown,3.0,281055.61,2.0,6.0
7512056,13.0,163.0,61.0,Female,2.0,40083.27,2.0,5.0
7038675,5.0,66.0,24.5,Unknown,2.0,30265.76,0.0,3.0
6271373,10.0,130.0,67.5,Female,2.0,32360.51,3.0,6.0
4457078,8.0,96.0,25.5,Unknown,2.0,37692.7,2.0,5.0
6616954,8.0,97.0,64.0,Unknown,2.0,43766.73,3.0,6.0
3707462,5.0,68.0,22.5,Unknown,2.0,25244.72,5.0,8.0
7861574,7.0,87.0,45.0,Male,2.0,67191.79999999999,2.0,5.0
9872674,10.0,121.0,23.5,Male,2.0,54238.7,3.0,6.0
6361144,13.0,166.0,55.0,Male,2.0,52691.22,3.0,6.0
660484,15.0,189.0,72.5,Male,2.0,58602.61,6.0,9.0
2556428,28.0,338.0,60.5,Female,2.0,88355.82,1.0,4.0
3583712,12.0,144.0,32.0,Female,2.0,63173.08,4.0,7.0
3364689,12.0,155.0,31.0,Male,3.0,95559.06,5.0,8.0
7126892,12.0,145.0,43.5,Male,2.0,52563.41,1.0,4.0
1336538,11.0,140.0,58.5,Male,2.0,179782.96000000002,0.0,3.0
3796106,15.0,189.0,60.0,Male,2.0,180422.48,0.0,3.0
3990344,13.0,166.0,40.5,Female,2.0,27265.72,2.0,5.0
2286797,5.0,69.0,75.5,Unknown,4.0,482333.23,5.0,8.0
2727344,10.0,124.0,49.5,Male,2.0,258274.89,1.0,4.0
9068531,29.0,356.0,68.0,Male,3.0,511737.52,3.0,6.0
9451034,7.0,90.0,63.0,Unknown,2.0,700980.27,3.0,6.0
8126956,4.0,58.0,28.5,Unknown,2.0,27864.97,2.0,5.0
8070244,6.0,72.0,28.5,Unknown,2.0,31696.06,0.0,3.0
9826969,16.0,202.0,52.5,Female,2.0,30854.03,0.0,3.0
5729629,13.0,165.0,46.0,Male,2.0,281223.5,3.0,6.0
5965083,11.0,135.0,25.0,Male,2.0,24913.85,5.0,8.0
7988559,11.0,143.0,28.5,Male,2.0,52591.12,3.0,6.0
8199978,14.0,170.0,52.0,Male,2.0,46560.85,6.0,9.0
957006,8.0,103.0,44.0,Unknown,2.0,304940.55,1.0,4.0
6684091,33.0,407.0,61.5,Male,3.0,513671.86,3.0,6.0
9058579,5.0,65.0,51.5,Unknown,2.0,53269.42999999999,2.0,5.0
9708601,23.0,281.0,63.0,Unknown,2.0,45763.27,6.0,9.0
8979924,22.0,274.0,56.0,Female,2.0,195052.83,4.0,7.0
4866504,22.0,269.0,56.5,Female,2.0,177782.82,6.0,9.0
2062515,22.0,265.0,66.5,Female,3.0,96501.79,6.0,9.0
7963969,22.0,265.0,54.5,Male,3.0,460148.67,5.0,8.0
6594759,21.0,259.0,72.0,Female,2.0,37831.67,0.0,3.0
5351307,19.0,237.0,47.0,Female,2.0,74995.87,1.0,4.0
5954807,19.0,230.0,42.5,Female,2.0,26681.9,2.0,5.0
1526732,18.0,227.0,47.0,Male,2.0,131027.77,1.0,4.0
33265,18.0,219.0,42.5,Unknown,3.0,499871.06,6.0,9.0
4830192,16.0,202.0,56.5,Unknown,3.0,68142.14,1.0,4.0
9772823,8.0,97.0,26.0,Unknown,2.0,42778.53999999999,5.0,8.0
6305110,10.0,129.0,31.5,Male,2.0,67188.81,2.0,5.0
1894800,5.0,70.0,52.5,Unknown,2.0,33362.77,3.0,6.0
7523205,5.0,71.0,37.5,Female,2.0,36797.43,1.0,4.0
4769605,6.0,82.0,56.0,Unknown,2.0,56558.38,0.0,3.0
229490,6.0,79.0,59.5,Unknown,2.0,215323.41,2.0,5.0
3540614,14.0,179.0,64.0,Female,2.0,120155.97,1.0,4.0
9367245,17.0,205.0,53.0,Female,2.0,86199.89,3.0,6.0
8894823,12.0,145.0,54.0,Female,2.0,114579.55,3.0,6.0
3071651,4.0,59.0,46.5,Female,3.0,123616.46,6.0,9.0
689136,10.0,130.0,58.5,Male,2.0,177628.21999999997,0.0,3.0
6281570,15.0,191.0,51.5,Female,2.0,40832.7,0.0,3.0
4471620,15.0,181.0,47.5,Female,2.0,41178.69,0.0,3.0
3500486,5.0,67.0,71.0,Unknown,2.0,40000.27,3.0,6.0
8109359,11.0,140.0,43.0,Female,2.0,73499.83,1.0,4.0
9658207,5.0,69.0,25.0,Unknown,2.0,27487.92,1.0,4.0
7159190,14.0,171.0,45.5,Male,3.0,305040.06,5.0,8.0
883254,9.0,116.0,58.5,Male,2.0,36915.61,3.0,6.0
882354,16.0,195.0,43.5,Female,2.0,54060.07,1.0,4.0
4075832,8.0,98.0,28.5,Unknown,2.0,56645.58,3.0,6.0
2648419,7.0,95.0,55.5,Unknown,2.0,33722.83,0.0,3.0
9678771,4.0,58.0,62.0,Unknown,2.0,34236.06,2.0,5.0
3526750,19.0,238.0,68.0,Unknown,2.0,40489.38,4.0,7.0
9584971,6.0,83.0,53.0,Unknown,2.0,30067.36,3.0,6.0
7798288,14.0,169.0,63.0,Female,2.0,56578.39,1.0,4.0
7928881,5.0,68.0,77.0,Unknown,2.0,61401.37,1.0,4.0
9364546,10.0,129.0,46.0,Male,2.0,48135.82,1.0,4.0
9657960,15.0,186.0,56.5,Male,2.0,50722.94,3.0,6.0
7596860,5.0,70.0,50.5,Unknown,2.0,32450.94,0.0,4.0
1211589,9.0,116.0,30.0,Female,2.0,36155.7,1.0,4.0
38275,5.0,70.0,57.0,Unknown,2.0,27780.68,0.0,3.0
694842,18.0,220.0,59.0,Female,2.0,48894.03,6.0,9.0
2936364,16.0,195.0,48.5,Female,4.0,305265.38,6.0,9.0
9574316,5.0,64.0,27.0,Unknown,3.0,85512.97,6.0,9.0
7340109,6.0,73.0,66.0,Unknown,2.0,59826.9,6.0,9.0
9714351,12.0,155.0,68.0,Female,2.0,48467.78,0.0,3.0
6829103,9.0,108.0,28.5,Male,2.0,43190.48,0.0,3.0
2745600,11.0,143.0,30.5,Male,2.0,34072.97,6.0,9.0
8890113,10.0,127.0,36.0,Female,4.0,166075.18,6.0,9.0
432803,10.0,120.0,50.0,Female,2.0,112669.28,0.0,3.0
9870057,15.0,184.0,37.0,Female,2.0,177420.88,6.0,9.0
8617185,10.0,122.0,72.0,Female,2.0,206404.5,6.0,9.0
9448917,11.0,143.0,67.5,Female,2.0,51029.34,4.0,7.0
9331460,6.0,78.0,29.0,Unknown,2.0,115820.29,2.0,5.0
1455162,7.0,85.0,47.0,Unknown,2.0,78385.94,2.0,5.0
4944394,15.0,187.0,46.0,Male,3.0,168102.02000000002,4.0,7.0
7017572,8.0,104.0,22.0,Female,2.0,29197.62,4.0,7.0
7233758,4.0,58.0,52.5,Unknown,2.0,27106.36,0.0,3.0
6543742,13.0,157.0,41.0,Male,4.0,176655.63,5.0,8.0
6365333,6.0,80.0,59.0,Female,2.0,65858.04000000001,0.0,3.0
9522035,5.0,67.0,41.0,Female,2.0,33370.05,1.0,4.0
2947410,21.0,253.0,68.0,Male,2.0,554607.0900000001,6.0,9.0
7780028,20.0,251.0,76.0,Male,3.0,1170522.1,6.0,9.0
6092556,18.0,223.0,22.0,Male,3.0,56301.31,1.0,4.0
1229236,9.0,113.0,28.0,Male,4.0,34663.54,6.0,9.0
1279165,8.0,100.0,48.0,Unknown,3.0,83019.76999999999,3.0,6.0
2386890,17.0,206.0,48.0,Female,2.0,104272.7,3.0,6.0
154458,6.0,72.0,42.0,Unknown,2.0,57851.96,6.0,9.0
1853288,13.0,157.0,50.0,Female,2.0,35851.759999999995,0.0,3.0
3029315,4.0,57.0,22.0,Unknown,2.0,27900.15,5.0,8.0
9651415,10.0,123.0,40.5,Female,2.0,32894.71,0.0,3.0
2560783,10.0,129.0,69.5,Female,2.0,72460.85,0.0,3.0
7789966,13.0,158.0,73.0,Female,2.0,97518.33,1.0,4.0
1518204,4.0,59.0,22.0,Unknown,2.0,26739.75,6.0,9.0
2467505,20.0,243.0,54.0,Male,2.0,37144.56,6.0,9.0
4495996,16.0,192.0,29.5,Female,3.0,132392.94,4.0,7.0
4791008,5.0,65.0,27.5,Unknown,3.0,69168.53,5.0,8.0
1235981,16.0,199.0,68.0,Male,2.0,48862.55,0.0,3.0
6257765,14.0,176.0,41.5,Male,2.0,28155.7,0.0,3.0
1676632,8.0,99.0,64.5,Male,3.0,1030196.4,6.0,9.0
9639697,10.0,120.0,83.0,Female,2.0,46504.57,6.0,9.0
6122115,13.0,156.0,29.0,Female,2.0,80683.0,6.0,9.0
4967715,15.0,181.0,57.0,Female,2.0,35853.34,0.0,3.0
5665278,12.0,147.0,50.5,Male,2.0,55008.39,1.0,4.0
805952,10.0,120.0,24.0,Female,2.0,39415.22,3.0,7.0
3429201,8.0,103.0,40.5,Unknown,3.0,151152.36,3.0,6.0
3088472,31.0,375.0,63.0,Female,2.0,70001.61,3.0,6.0
9974466,9.0,115.0,57.5,Female,2.0,532825.34,6.0,9.0
1902079,11.0,136.0,34.5,Male,2.0,52289.53,6.0,9.0
9166493,13.0,167.0,36.0,Male,2.0,49767.11,4.0,7.0
9359900,14.0,173.0,44.0,Male,2.0,55395.38,1.0,4.0
1979830,10.0,131.0,53.0,Male,2.0,31817.16,1.0,4.0
6249597,5.0,70.0,28.5,Male,2.0,73343.09,2.0,5.0
2092004,8.0,107.0,35.5,Male,2.0,32010.91,1.0,4.0
58456,15.0,183.0,61.0,Unknown,2.0,33476.259999999995,5.0,8.0
13831,16.0,194.0,42.0,Female,3.0,241208.2,6.0,9.0
2933245,5.0,60.0,25.5,Unknown,2.0,25850.55,4.0,7.0
3831391,10.0,128.0,51.0,Female,2.0,587435.91,2.0,5.0
4834157,6.0,73.0,25.0,Unknown,2.0,45850.86,0.0,3.0
4674314,9.0,108.0,55.0,Female,3.0,148271.89,6.0,9.0
2957681,22.0,265.0,67.0,Female,2.0,77602.23,4.0,7.0
5396631,4.0,58.0,61.5,Female,2.0,37072.81,1.0,4.0
9171585,23.0,277.0,65.5,Male,2.0,44358.2,2.0,5.0
5617700,23.0,276.0,71.5,Female,2.0,52431.49,2.0,5.0
3478239,22.0,273.0,59.5,Female,3.0,431914.54,4.0,7.0
5178522,22.0,264.0,69.5,Female,2.0,36822.4,4.0,7.0
257411,25.0,310.0,76.0,Female,2.0,41967.92,5.0,8.0
4636910,12.0,155.0,33.5,Female,3.0,384056.82,6.0,9.0
2390397,5.0,69.0,60.0,Unknown,2.0,452653.8,6.0,9.0
8965464,7.0,91.0,32.5,Unknown,2.0,276955.8,6.0,9.0
6034128,33.0,399.0,62.5,Female,2.0,356252.46,1.0,4.0
2276074,3.0,46.0,59.0,Unknown,2.0,32682.04,5.0,8.0
8943719,16.0,203.0,28.5,Female,2.0,58875.2,2.0,5.0
9154363,13.0,166.0,46.0,Unknown,2.0,717944.5,3.0,6.0
3390482,6.0,83.0,48.5,Unknown,2.0,74329.67,6.0,9.0
8252266,4.0,57.0,25.5,Unknown,2.0,26387.76,1.0,4.0
3638986,8.0,106.0,30.0,Male,3.0,113341.11,6.0,9.0
7638634,5.0,66.0,56.0,Unknown,2.0,40283.63,4.0,7.0
6112039,15.0,189.0,62.0,Female,2.0,76568.2,2.0,5.0
7732731,34.0,413.0,69.5,Female,2.0,187642.95,4.0,8.0
809046,26.0,316.0,54.0,Female,2.0,104856.56,1.0,4.0
170865,6.0,83.0,33.0,Unknown,2.0,52452.02,3.0,6.0
1932162,13.0,157.0,62.5,Male,2.0,286077.5,4.0,7.0
5194824,12.0,155.0,57.0,Female,2.0,32898.649999999994,4.0,7.0
80241,13.0,157.0,65.0,Female,2.0,33963.69,4.0,7.0
938268,30.0,368.0,67.5,Male,3.0,2672736.07,6.0,9.0
1189894,16.0,192.0,22.5,Male,2.0,115173.8,3.0,7.0
9690558,15.0,182.0,33.5,Male,3.0,45821.1,6.0,9.0
4634966,12.0,150.0,69.0,Male,2.0,25617.42,5.0,8.0
1042593,5.0,70.0,34.0,Unknown,3.0,71841.73,6.0,9.0
7273049,7.0,85.0,62.5,Unknown,2.0,115327.88,3.0,6.0
8577484,14.0,171.0,51.5,Male,2.0,33758.75,0.0,3.0
4046358,5.0,66.0,29.5,Unknown,2.0,122031.43,1.0,4.0
6331553,8.0,104.0,36.5,Female,3.0,989257.72,5.0,8.0
5887829,6.0,75.0,50.5,Unknown,2.0,43160.81,6.0,9.0
607427,8.0,98.0,38.5,Female,2.0,25965.53,1.0,4.0
962255,4.0,56.0,28.5,Female,2.0,42644.19,1.0,4.0
2918674,14.0,171.0,48.5,Female,2.0,240142.15,1.0,4.0
4219512,6.0,72.0,32.0,Female,2.0,63033.51,4.0,7.0
1435291,6.0,76.0,67.5,Unknown,2.0,31848.09,4.0,7.0
3912353,16.0,192.0,59.5,Female,2.0,43642.37,6.0,9.0
8475183,3.0,46.0,21.5,Unknown,2.0,27116.69,1.0,4.0
4022071,5.0,67.0,32.5,Unknown,2.0,25048.03,1.0,4.0
3535465,10.0,121.0,75.5,Male,2.0,158016.46000000002,2.0,5.0
9585752,9.0,116.0,55.5,Female,2.0,147119.11,0.0,3.0
1941452,6.0,83.0,33.0,Unknown,2.0,55711.13,6.0,9.0
4876243,21.0,263.0,57.5,Unknown,2.0,53061.34,5.0,8.0
6229944,21.0,261.0,50.5,Unknown,2.0,226312.72,2.0,5.0
4453835,19.0,238.0,32.0,Male,3.0,136283.78,4.0,7.0
8039,18.0,226.0,58.0,Unknown,2.0,79960.0,6.0,9.0
6829634,17.0,214.0,47.0,Unknown,3.0,283002.3,2.0,5.0
6968533,17.0,214.0,45.0,Male,2.0,29572.91,1.0,4.0
6938438,22.0,271.0,38.0,Female,3.0,32150.45,4.0,7.0
2345113,12.0,154.0,52.0,Female,2.0,34777.18,0.0,3.0
6319952,5.0,60.0,42.0,Unknown,3.0,65032.84,3.0,6.0
3008375,10.0,131.0,41.5,Female,2.0,102428.72,4.0,7.0
7075904,10.0,130.0,42.0,Female,4.0,264219.09,3.0,6.0
1981903,6.0,83.0,58.0,Unknown,2.0,164496.94,1.0,4.0
9316616,29.0,356.0,33.5,Female,4.0,253476.2,6.0,9.0
4601637,6.0,73.0,29.0,Unknown,2.0,67202.44,2.0,5.0
7966006,3.0,46.0,45.0,Unknown,2.0,36608.5,1.0,4.0
8964788,16.0,196.0,62.5,Female,2.0,100350.11,4.0,7.0
9615383,32.0,393.0,47.0,Male,2.0,45727.71,1.0,4.0
7052152,28.0,347.0,24.0,Male,2.0,681851.0800000001,3.0,6.0
8027961,20.0,242.0,68.5,Male,2.0,141267.22,6.0,9.0
5815644,7.0,95.0,25.5,Unknown,2.0,61571.26,2.0,5.0
5812262,6.0,75.0,32.0,Unknown,3.0,51357.86,1.0,4.0
615245,13.0,157.0,66.0,Male,2.0,32323.04,4.0,7.0
610964,31.0,381.0,58.0,Female,2.0,603834.65,6.0,9.0
3261503,9.0,108.0,57.0,Male,3.0,80625.31,6.0,9.0
3366510,6.0,83.0,49.5,Unknown,2.0,105214.76,3.0,6.0
9691746,4.0,58.0,38.0,Unknown,2.0,66913.03,5.0,8.0
1061310,11.0,136.0,31.5,Male,2.0,100635.83,3.0,6.0
2707817,15.0,188.0,80.0,Male,2.0,28604.36,5.0,8.0
8967374,8.0,106.0,31.0,Female,2.0,53266.86,4.0,7.0
7717237,6.0,83.0,40.0,Unknown,3.0,74878.2,4.0,7.0
1064769,13.0,156.0,55.5,Male,2.0,65881.35,0.0,4.0
7758352,13.0,156.0,29.5,Male,2.0,59560.3,1.0,4.0
5394104,7.0,94.0,46.0,Unknown,2.0,31910.93,5.0,8.0
6030486,11.0,133.0,43.5,Female,2.0,23798.77,0.0,3.0
550793,7.0,92.0,27.5,Unknown,2.0,32073.2,3.0,6.0
7867689,11.0,140.0,41.0,Female,2.0,108578.66,3.0,6.0
3815125,14.0,171.0,61.0,Male,2.0,372476.67,6.0,9.0
5700235,6.0,81.0,54.5,Female,2.0,180848.17,3.0,6.0
2694902,8.0,106.0,56.0,Male,2.0,663446.81,5.0,8.0
6423460,17.0,212.0,56.0,Male,3.0,1654536.75,6.0,9.0
7550339,12.0,145.0,44.0,Female,2.0,44234.39,4.0,7.0
2065383,19.0,238.0,56.0,Male,2.0,32024.11,3.0,6.0
2778172,11.0,137.0,57.5,Male,2.0,75227.51,5.0,8.0
8315340,4.0,58.0,29.0,Male,3.0,356945.72,6.0,9.0
3877620,10.0,124.0,29.5,Female,2.0,91819.19,0.0,3.0
7749080,8.0,104.0,28.0,Female,2.0,36908.07,1.0,4.0
7193766,6.0,75.0,22.5,Unknown,2.0,36907.51,5.0,8.0
5624983,6.0,76.0,40.5,Female,2.0,65284.82,6.0,9.0
9887604,15.0,181.0,43.0,Male,2.0,58962.42,2.0,5.0
7320660,15.0,190.0,65.5,Female,2.0,81117.20999999999,4.0,7.0
631366,15.0,189.0,49.0,Male,2.0,25001.95,6.0,9.0
1282142,8.0,105.0,33.0,Male,2.0,80168.6,5.0,8.0
2706171,17.0,212.0,56.5,Male,2.0,325036.97,6.0,9.0
7162304,23.0,280.0,73.0,Male,2.0,206006.34000000003,6.0,9.0
6528518,23.0,279.0,72.5,Male,3.0,73939.20999999999,6.0,9.0
1835426,22.0,274.0,77.5,Male,3.0,249444.74,5.0,8.0
8095324,21.0,262.0,51.0,Female,2.0,191007.81,1.0,4.0
6106797,21.0,252.0,65.0,Male,4.0,350010.87,6.0,9.0
4740995,20.0,250.0,62.5,Female,2.0,33980.68,0.0,3.0
6049963,20.0,249.0,79.0,Unknown,2.0,229280.72,1.0,4.0
3780735,26.0,315.0,70.5,Female,2.0,111955.07,2.0,5.0
4972499,17.0,209.0,40.5,Female,2.0,285949.28,2.0,5.0
8013513,16.0,202.0,61.0,Male,2.0,67880.23,1.0,4.0
8262866,10.0,121.0,32.0,Male,2.0,85067.56,6.0,9.0
1634583,5.0,69.0,36.0,Unknown,2.0,106828.6,1.0,4.0
7018882,7.0,91.0,53.5,Unknown,2.0,65614.86,3.0,6.0
8334958,29.0,354.0,70.5,Male,2.0,54917.73,3.0,7.0
8525111,11.0,134.0,61.5,Male,2.0,361758.2,1.0,6.0
9436768,14.0,179.0,33.0,Female,2.0,57675.7,1.0,5.0
6594076,5.0,70.0,25.5,Female,2.0,76013.87,0.0,4.0
7197673,5.0,71.0,19.5,Unknown,2.0,27834.81,2.0,5.0
2557122,16.0,193.0,73.0,Male,3.0,245010.75,6.0,9.0
2681612,25.0,308.0,27.5,Male,3.0,337093.46,0.0,3.0
9235731,14.0,176.0,78.0,Male,3.0,108712.15,6.0,9.0
753410,14.0,170.0,59.0,Female,2.0,42493.23,2.0,5.0
2318565,7.0,86.0,51.5,Unknown,2.0,116151.14,2.0,5.0
1814949,9.0,118.0,46.5,Female,2.0,29672.99,0.0,3.0
3760660,19.0,237.0,49.5,Male,2.0,129287.16,2.0,5.0
5624781,7.0,84.0,38.5,Unknown,2.0,27806.87,4.0,7.0
6949145,15.0,182.0,30.5,Female,2.0,25076.71,1.0,4.0
7364879,5.0,65.0,25.0,Unknown,2.0,38556.3,5.0,8.0
1302897,18.0,226.0,58.5,Male,2.0,41462.81,4.0,7.0
7059880,16.0,202.0,44.0,Female,3.0,35619.81,1.0,4.0
9427939,16.0,201.0,67.0,Male,2.0,631824.01,4.0,7.0
8172442,19.0,228.0,51.5,Male,2.0,48143.14,4.0,7.0
4912795,10.0,130.0,31.5,Female,2.0,39317.55,2.0,5.0
7302525,5.0,62.0,63.5,Unknown,2.0,35198.83,2.0,5.0
6612005,6.0,81.0,51.0,Unknown,2.0,84451.03,2.0,5.0
2735258,16.0,192.0,66.5,Female,2.0,69196.0,0.0,3.0
1911636,10.0,130.0,33.0,Female,2.0,130033.21,4.0,7.0
4214883,11.0,132.0,73.0,Male,2.0,70475.39,0.0,3.0
1197861,16.0,199.0,40.0,Female,2.0,70032.54999999999,0.0,3.0
6764551,8.0,106.0,74.0,Male,2.0,178159.82,6.0,9.0
3797582,9.0,118.0,33.0,Female,2.0,96033.0,0.0,3.0
4527092,16.0,197.0,25.0,Male,2.0,74879.26,1.0,4.0
525775,11.0,141.0,73.5,Male,2.0,823277.56,6.0,9.0
2919562,21.0,253.0,72.0,Male,2.0,63231.87,2.0,5.0
9254970,7.0,85.0,37.5,Unknown,2.0,40634.09,3.0,6.0
1140618,13.0,165.0,56.5,Female,2.0,38905.63,2.0,5.0
3874965,4.0,57.0,22.0,Unknown,2.0,54413.26,3.0,6.0
606139,14.0,177.0,39.5,Unknown,2.0,30017.91,0.0,3.0
4155707,25.0,300.0,61.0,Female,2.0,42548.3,2.0,5.0
5705780,24.0,295.0,31.5,Male,3.0,87365.29000000001,6.0,9.0
6950569,21.0,262.0,67.0,Male,2.0,72200.01,3.0,6.0
9115050,13.0,162.0,25.5,Male,2.0,28099.64,0.0,3.0
7070873,7.0,85.0,25.5,Unknown,2.0,75092.93,1.0,4.0
1455660,15.0,191.0,55.5,Female,2.0,56588.44,5.0,8.0
9099010,7.0,94.0,25.0,Unknown,2.0,35423.53,4.0,7.0
722552,15.0,191.0,57.5,Male,4.0,71949.31,4.0,7.0
4516576,8.0,107.0,23.5,Male,2.0,36241.61,6.0,9.0
6297367,14.0,168.0,58.5,Male,2.0,2546117.7,4.0,7.0
3600460,7.0,87.0,22.5,Male,2.0,26709.66,0.0,3.0
92665,5.0,70.0,35.0,Unknown,3.0,87511.85,5.0,8.0
579429,23.0,287.0,70.5,Female,2.0,31998.08,4.0,7.0
2269185,10.0,130.0,37.0,Female,2.0,35124.16,3.0,6.0
3173410,14.0,173.0,59.0,Male,2.0,186042.95,4.0,7.0
5581214,7.0,85.0,51.5,Unknown,2.0,40852.25,3.0,6.0
3327676,5.0,67.0,70.0,Male,2.0,378224.48,6.0,9.0
3570177,5.0,70.0,31.5,Unknown,3.0,69783.64,3.0,6.0
518664,4.0,58.0,20.5,Unknown,2.0,36175.2,1.0,4.0
9402612,5.0,61.0,31.5,Unknown,2.0,30928.7,2.0,5.0
9061738,14.0,168.0,32.5,Male,2.0,96448.69,6.0,9.0
9627836,14.0,179.0,60.5,Female,2.0,45281.1,6.0,9.0
4702475,14.0,178.0,56.5,Male,2.0,46521.57,0.0,4.0
1658654,4.0,59.0,27.5,Unknown,2.0,39474.64,1.0,4.0
128147,9.0,113.0,26.0,Male,2.0,54746.26,6.0,9.0
7871152,6.0,82.0,20.0,Male,2.0,38507.0,0.0,3.0
1860313,4.0,58.0,31.0,Unknown,3.0,91056.89,6.0,9.0
9259068,11.0,136.0,34.0,Male,2.0,139612.12,3.0,6.0
5360325,5.0,60.0,60.0,Unknown,2.0,53621.57,2.0,5.0
1246588,5.0,62.0,53.5,Unknown,2.0,119439.36,4.0,8.0
1196136,7.0,94.0,29.0,Unknown,3.0,33005.8,6.0,9.0
3252218,12.0,147.0,33.5,Male,2.0,36023.0,1.0,4.0
3214901,6.0,82.0,35.5,Male,3.0,52134.22,2.0,5.0
4968571,27.0,327.0,34.5,Male,2.0,154065.12,6.0,9.0
8302339,7.0,85.0,47.0,Unknown,2.0,55987.12,0.0,3.0
2846232,7.0,94.0,63.5,Unknown,2.0,74593.32,5.0,8.0
8006118,7.0,94.0,45.0,Unknown,2.0,51274.65,2.0,5.0
2008582,4.0,57.0,29.0,Male,3.0,195326.48,6.0,9.0
9348903,6.0,73.0,23.0,Unknown,2.0,50442.14,3.0,6.0
744039,6.0,82.0,26.5,Unknown,2.0,38238.72,0.0,3.0
8330372,9.0,116.0,73.5,Female,2.0,64975.25,1.0,4.0
6508011,12.0,155.0,70.0,Unknown,2.0,271066.47,6.0,9.0
4174906,8.0,97.0,27.5,Unknown,3.0,132729.05,6.0,9.0
3123548,4.0,57.0,52.5,Male,2.0,75381.5,3.0,6.0
4592206,24.0,290.0,59.5,Female,2.0,136404.37,2.0,5.0
6630292,23.0,281.0,56.5,Female,2.0,29239.65,1.0,4.0
9628678,21.0,262.0,45.5,Female,4.0,406753.7,2.0,5.0
3848142,21.0,253.0,54.0,Male,2.0,195405.29,6.0,9.0
4211128,21.0,252.0,47.5,Female,2.0,622391.24,3.0,6.0
7007284,34.0,413.0,70.5,Male,2.0,2204296.96,6.0,9.0
8338121,19.0,239.0,21.5,Male,2.0,38813.73,0.0,3.0
6696882,4.0,54.0,42.0,Female,2.0,111237.96,3.0,6.0
8482283,9.0,114.0,63.5,Male,2.0,126286.04,4.0,7.0
3816420,26.0,317.0,28.5,Female,2.0,47921.41,1.0,4.0
1383318,29.0,351.0,62.5,Female,2.0,131208.44,3.0,6.0
8498591,7.0,88.0,54.5,Unknown,3.0,65707.01,6.0,9.0
3618224,5.0,70.0,22.5,Unknown,2.0,28078.75,1.0,4.0
2923510,7.0,91.0,67.0,Unknown,3.0,104236.34,4.0,7.0
9194809,8.0,102.0,32.5,Unknown,2.0,39333.04,6.0,9.0
2001658,9.0,118.0,37.5,Male,2.0,72083.39,0.0,3.0
1425337,4.0,59.0,30.0,Unknown,3.0,41312.67,0.0,3.0
4822884,7.0,90.0,27.0,Unknown,2.0,31846.61,0.0,3.0
7250188,15.0,189.0,57.0,Male,2.0,234109.92,6.0,9.0
9967908,7.0,84.0,60.5,Unknown,2.0,55482.95,3.0,6.0
1783799,8.0,107.0,51.5,Male,2.0,53694.24,6.0,9.0
9784340,5.0,70.0,26.5,Unknown,2.0,33781.66,3.0,6.0
7840823,5.0,69.0,50.0,Unknown,2.0,53253.92999999999,6.0,9.0
4934628,9.0,119.0,34.5,Male,2.0,113816.49,1.0,4.0
1322248,4.0,53.0,41.5,Unknown,2.0,114170.11,2.0,5.0
6662624,9.0,112.0,65.0,Female,2.0,49127.14,2.0,5.0
1919252,14.0,168.0,43.5,Male,2.0,797366.4700000001,4.0,7.0
2623233,3.0,46.0,22.0,Unknown,3.0,39777.8,4.0,7.0
464539,15.0,190.0,31.0,Male,2.0,130168.6,0.0,3.0
5204398,14.0,173.0,45.5,Female,2.0,45172.01,3.0,6.0
1495501,11.0,137.0,35.5,Male,2.0,55659.32,1.0,4.0
4060998,11.0,136.0,48.5,Unknown,2.0,74371.63,0.0,3.0
9340582,4.0,59.0,52.0,Unknown,2.0,26682.97,0.0,5.0
9205890,14.0,171.0,48.5,Female,2.0,105659.65,1.0,5.0
2251990,5.0,68.0,44.0,Unknown,2.0,36167.24,6.0,9.0
5409735,6.0,73.0,31.0,Unknown,2.0,123134.1,6.0,9.0
7411340,6.0,82.0,65.5,Unknown,3.0,757392.64,6.0,9.0
1467266,4.0,59.0,26.5,Unknown,2.0,31401.94,6.0,9.0
2536235,8.0,104.0,41.0,Female,2.0,33990.38,3.0,6.0
4215349,14.0,172.0,51.0,Female,2.0,25329.12,2.0,6.0
4713128,8.0,102.0,78.0,Unknown,2.0,190827.34000000003,4.0,7.0
5294087,15.0,191.0,43.5,Female,2.0,283490.15,0.0,5.0
8127073,5.0,63.0,47.5,Female,2.0,49769.37,1.0,4.0
9713227,15.0,191.0,53.5,Female,2.0,148497.26,3.0,6.0
4006336,20.0,240.0,43.0,Female,2.0,59032.53,6.0,9.0
1016444,36.0,442.0,73.5,Female,2.0,74509.75,6.0,9.0
6148714,5.0,70.0,57.0,Unknown,2.0,27332.33,1.0,4.0
2608015,15.0,184.0,56.5,Male,2.0,525700.15,2.0,5.0
7335613,24.0,298.0,52.0,Male,4.0,444775.44,6.0,9.0
6905618,32.0,395.0,62.5,Female,2.0,294034.58,6.0,9.0
7125111,5.0,65.0,23.5,Unknown,3.0,61777.83,5.0,8.0
9866491,4.0,59.0,18.5,Unknown,2.0,39533.97,1.0,4.0
1602451,15.0,189.0,40.0,Female,2.0,76351.73999999999,3.0,6.0
5354,4.0,58.0,50.5,Unknown,2.0,62282.38,2.0,5.0
9298375,7.0,85.0,21.5,Unknown,3.0,55261.71,3.0,6.0
8849704,23.0,282.0,56.5,Male,2.0,24047.56,0.0,3.0
7571586,23.0,277.0,67.5,Female,3.0,126636.59,6.0,9.0
8145262,21.0,252.0,51.5,Female,2.0,191545.88,1.0,6.0
9901800,20.0,250.0,57.0,Female,2.0,202751.64,2.0,5.0
4225354,20.0,245.0,53.5,Female,2.0,41508.32,0.0,3.0
2651141,19.0,238.0,41.5,Female,2.0,69052.4,3.0,6.0
7612839,18.0,226.0,39.5,Male,3.0,101282.37,6.0,9.0
9895052,21.0,262.0,68.0,Male,2.0,52044.16,0.0,3.0
2147992,6.0,73.0,31.0,Unknown,3.0,167377.55,6.0,9.0
3293746,7.0,94.0,77.0,Female,4.0,705141.9600000001,4.0,7.0
8813652,12.0,149.0,52.0,Male,2.0,26591.12,1.0,4.0
4450530,18.0,224.0,50.5,Female,2.0,65386.06,1.0,4.0
6176788,5.0,60.0,57.5,Male,3.0,333968.81,6.0,9.0
8214005,5.0,60.0,30.0,Unknown,2.0,39072.07,1.0,4.0
1627521,6.0,73.0,37.0,Unknown,3.0,115781.78,4.0,7.0
2761914,6.0,79.0,24.0,Unknown,2.0,32252.61,6.0,9.0
5421639,13.0,156.0,34.0,Male,2.0,79840.33,3.0,6.0
2530984,7.0,88.0,38.5,Unknown,2.0,68804.48999999999,1.0,4.0
7487434,11.0,142.0,59.0,Male,2.0,403205.56,1.0,4.0
1131760,4.0,58.0,62.5,Unknown,2.0,27348.96,0.0,3.0
8689959,13.0,163.0,31.0,Female,3.0,220819.32,6.0,9.0
6865176,15.0,187.0,28.5,Male,3.0,295547.64,6.0,9.0
9885646,6.0,82.0,53.0,Unknown,2.0,70815.12,4.0,7.0
7770671,5.0,69.0,63.0,Unknown,2.0,55096.59,4.0,7.0
5425420,6.0,80.0,50.0,Female,2.0,202393.37,3.0,6.0
9370903,13.0,166.0,28.0,Male,2.0,116022.97,6.0,9.0
3839983,3.0,47.0,39.0,Unknown,2.0,31714.67,3.0,6.0
9917115,7.0,94.0,65.5,Unknown,3.0,86889.15,6.0,9.0
1260287,17.0,205.0,42.0,Female,2.0,114986.22,0.0,3.0
2857759,23.0,284.0,72.5,Female,2.0,107517.07,3.0,6.0
1939910,30.0,370.0,58.5,Male,3.0,559941.76,6.0,9.0
5789598,9.0,116.0,29.0,Male,2.0,82596.9,6.0,9.0
3864357,13.0,165.0,52.5,Female,2.0,289768.98,2.0,5.0
5688471,12.0,149.0,42.0,Female,2.0,47167.37,0.0,3.0
9833588,4.0,58.0,22.5,Unknown,3.0,55944.34,6.0,9.0
2302824,19.0,236.0,56.0,Male,2.0,29000.16,4.0,7.0
7567972,16.0,196.0,56.5,Female,2.0,59318.63,0.0,3.0
7326955,3.0,46.0,67.0,Unknown,2.0,40236.05,4.0,7.0
9940066,12.0,145.0,56.0,Female,2.0,56658.56,0.0,5.0
4976299,9.0,109.0,39.5,Female,2.0,79049.45999999999,2.0,5.0
5664043,13.0,159.0,50.5,Female,2.0,412037.56,6.0,9.0
521225,14.0,172.0,50.0,Male,2.0,181100.91,2.0,5.0
7203621,5.0,68.0,53.0,Unknown,2.0,178897.95,4.0,7.0
5251384,23.0,276.0,68.0,Female,2.0,255382.63,4.0,7.0
9677325,23.0,276.0,55.0,Male,2.0,360504.45,6.0,9.0
316689,21.0,263.0,63.5,Male,4.0,488424.29,3.0,6.0
7219944,21.0,258.0,26.0,Male,3.0,59921.94,3.0,6.0
5293759,18.0,220.0,46.5,Female,2.0,953670.78,4.0,7.0
2351870,17.0,206.0,44.5,Female,4.0,140024.02000000002,6.0,9.0
2733202,11.0,143.0,41.5,Male,2.0,139889.16999999998,0.0,3.0
1856181,8.0,106.0,62.0,Female,2.0,60837.95,3.0,6.0
862897,7.0,84.0,36.0,Unknown,2.0,55986.98,4.0,7.0
8148299,5.0,70.0,80.5,Female,2.0,599335.0900000001,1.0,4.0
2606984,10.0,123.0,69.5,Female,2.0,65949.70999999999,4.0,7.0
9112360,10.0,130.0,44.5,Male,2.0,26629.13,2.0,5.0
346580,11.0,141.0,26.0,Female,3.0,103758.72,6.0,9.0
1259481,6.0,75.0,24.0,Unknown,3.0,62237.03,5.0,8.0
7379399,4.0,58.0,50.0,Unknown,2.0,31674.5,0.0,3.0
7521803,28.0,336.0,44.0,Male,3.0,39146.34,2.0,5.0
4825054,13.0,158.0,59.5,Male,2.0,40070.16,6.0,9.0
6575899,14.0,174.0,38.0,Male,2.0,83414.45999999999,6.0,9.0
4905164,9.0,109.0,65.0,Male,2.0,541093.3,4.0,7.0
4266634,6.0,80.0,29.0,Unknown,2.0,27612.74,6.0,9.0
301637,4.0,58.0,21.5,Female,2.0,37098.33,1.0,4.0
8127212,11.0,133.0,37.5,Female,4.0,272710.32,6.0,9.0
9217608,4.0,59.0,34.5,Unknown,3.0,52900.73,0.0,3.0
8377551,4.0,59.0,26.0,Unknown,2.0,43505.69,1.0,4.0
6782309,6.0,82.0,41.0,Unknown,3.0,290197.47,5.0,8.0
9883785,8.0,97.0,50.5,Unknown,2.0,109098.86,2.0,5.0
6305171,8.0,103.0,29.0,Male,2.0,32880.619999999995,3.0,6.0
2544793,16.0,195.0,45.5,Female,3.0,70125.11,0.0,3.0
2284157,5.0,70.0,45.0,Unknown,2.0,344352.0,6.0,9.0
6853899,5.0,70.0,43.0,Unknown,2.0,31991.89,0.0,3.0
5740867,14.0,169.0,38.0,Female,2.0,51128.57,5.0,8.0
4814613,9.0,110.0,40.5,Female,2.0,65734.33,1.0,4.0
7980278,12.0,145.0,36.5,Female,2.0,54493.59,1.0,4.0
4254856,4.0,58.0,59.0,Unknown,2.0,37013.08,1.0,4.0
578755,7.0,85.0,57.0,Unknown,2.0,492169.61,6.0,9.0
6933882,21.0,253.0,49.0,Male,2.0,159362.62,6.0,9.0
3029208,18.0,218.0,56.0,Male,2.0,53717.7,6.0,9.0
9292933,4.0,57.0,22.5,Unknown,2.0,31710.46,2.0,5.0
6940180,15.0,185.0,57.5,Female,2.0,81976.73,0.0,3.0
7971052,14.0,171.0,43.0,Male,2.0,28550.59,2.0,5.0
8274603,15.0,188.0,55.5,Male,2.0,316754.26,3.0,6.0
1559905,10.0,125.0,38.5,Female,2.0,41270.05,0.0,3.0
5173793,7.0,94.0,28.5,Unknown,2.0,23801.11,2.0,5.0
6670228,27.0,334.0,70.5,Male,3.0,822359.14,6.0,9.0
1671845,11.0,143.0,30.5,Male,2.0,44697.45,1.0,4.0
1097270,4.0,58.0,32.5,Unknown,2.0,37391.9,4.0,7.0
9938688,11.0,136.0,34.5,Female,2.0,34200.04,6.0,9.0
3906238,23.0,286.0,72.5,Male,3.0,297445.42,3.0,6.0
1381379,23.0,282.0,60.5,Female,2.0,26527.85,2.0,5.0
5117714,23.0,277.0,62.0,Female,3.0,307434.97,4.0,7.0
847990,21.0,261.0,73.0,Male,3.0,1012766.85,6.0,9.0
1377697,21.0,258.0,53.5,Female,3.0,173095.62,5.0,8.0
743170,20.0,247.0,58.0,Male,2.0,138316.32,2.0,5.0
1437753,9.0,108.0,35.0,Male,2.0,119993.63,6.0,9.0
7723505,11.0,143.0,52.5,Female,2.0,51359.91,1.0,4.0
6902554,13.0,161.0,34.0,Male,2.0,24214.88,0.0,3.0
957541,11.0,142.0,55.0,Female,2.0,95868.44,0.0,3.0
5226745,4.0,48.0,61.0,Female,2.0,660157.7300000001,1.0,7.0
5396558,4.0,58.0,57.0,Male,2.0,57039.3,4.0,7.0
9688017,10.0,121.0,26.0,Male,2.0,81390.51999999999,4.0,7.0
5085663,33.0,396.0,76.5,Male,2.0,362581.68,3.0,6.0
7396152,15.0,190.0,87.0,Female,2.0,63827.04,3.0,6.0
6928557,4.0,57.0,32.0,Male,2.0,159132.07,6.0,9.0
7598094,15.0,181.0,75.5,Female,2.0,39850.16,4.0,7.0
6405208,4.0,58.0,27.5,Unknown,2.0,33786.619999999995,6.0,9.0
8597536,15.0,187.0,50.5,Male,2.0,42432.59,0.0,3.0
6763636,7.0,92.0,60.5,Unknown,2.0,34374.509999999995,0.0,3.0
4790831,11.0,135.0,69.5,Male,6.0,673658.9400000001,6.0,9.0
2071121,6.0,80.0,26.0,Unknown,3.0,37069.79,4.0,7.0
590336,7.0,84.0,25.5,Unknown,2.0,48327.12,0.0,3.0
8606507,7.0,88.0,58.0,Male,2.0,265286.35,4.0,7.0
3247283,6.0,79.0,31.5,Unknown,2.0,27919.28,4.0,7.0
6448530,4.0,59.0,55.5,Unknown,2.0,43298.48,6.0,9.0
9397101,5.0,69.0,61.5,Unknown,2.0,643388.4800000001,6.0,9.0
3732770,6.0,72.0,33.5,Unknown,3.0,57928.51,1.0,4.0
2969524,14.0,178.0,42.0,Male,2.0,129252.75,0.0,3.0
8848698,6.0,73.0,34.5,Unknown,2.0,184925.94,6.0,9.0
1866710,7.0,88.0,24.5,Unknown,2.0,28578.02,3.0,6.0
6058229,26.0,315.0,48.0,Male,4.0,350414.63,2.0,6.0
2590512,4.0,51.0,49.5,Unknown,2.0,60832.57,1.0,4.0
9658480,15.0,188.0,36.5,Male,2.0,85777.17,1.0,4.0
625038,3.0,40.0,57.5,Female,3.0,43675.42999999999,1.0,4.0
3725634,5.0,67.0,27.5,Unknown,2.0,33787.5,5.0,8.0
2798458,14.0,178.0,41.5,Male,2.0,31611.5,1.0,4.0
7036316,33.0,398.0,61.5,Female,2.0,92542.53,1.0,4.0
6332012,13.0,165.0,45.0,Female,2.0,50313.71,3.0,6.0
628058,40.0,484.0,62.5,Unknown,2.0,219722.01,4.0,7.0
7571228,16.0,196.0,29.5,Male,2.0,30041.55,0.0,3.0
3806379,10.0,126.0,52.0,Female,2.0,35852.56,3.0,6.0
4479167,12.0,154.0,35.0,Female,3.0,202817.19,4.0,7.0
6034953,21.0,258.0,47.0,Female,2.0,105294.6,6.0,9.0
1654715,15.0,189.0,54.5,Female,4.0,439603.21,3.0,6.0
7996632,7.0,85.0,56.0,Unknown,2.0,300221.36,4.0,7.0
9164450,6.0,83.0,22.0,Unknown,2.0,35506.21,4.0,7.0
1246546,5.0,60.0,44.5,Unknown,2.0,23962.24,0.0,3.0
1631795,12.0,149.0,26.5,Female,2.0,25385.49,6.0,9.0
9681169,9.0,119.0,33.5,Male,2.0,56791.33,3.0,6.0
9886721,4.0,58.0,49.5,Unknown,2.0,46933.38,0.0,4.0
2484785,10.0,123.0,68.0,Male,2.0,61787.89,6.0,9.0
7548592,6.0,79.0,25.0,Unknown,2.0,54436.32,6.0,9.0
4404939,14.0,170.0,55.5,Male,2.0,112731.22,0.0,3.0
1263818,11.0,138.0,62.5,Female,2.0,109960.77,3.0,6.0
1610544,8.0,106.0,69.5,Male,3.0,58194.43,2.0,5.0
341429,7.0,93.0,48.0,Unknown,3.0,69318.26,6.0,9.0
8331994,24.0,289.0,42.0,Male,3.0,95426.58,3.0,6.0
5172392,23.0,281.0,33.5,Male,2.0,51787.41,1.0,4.0
8148127,22.0,274.0,57.5,Male,2.0,542490.06,4.0,7.0
3433998,6.0,83.0,40.5,Unknown,2.0,36595.83,1.0,4.0
7715715,14.0,178.0,31.5,Female,2.0,94053.89,6.0,9.0
6519864,6.0,74.0,31.0,Male,2.0,116440.88,1.0,4.0
5471281,16.0,202.0,55.5,Female,2.0,68954.91,6.0,9.0
1365573,16.0,193.0,47.0,Female,2.0,85304.04000000001,0.0,3.0
7301705,13.0,158.0,49.0,Male,2.0,24537.32,1.0,4.0
7331806,7.0,86.0,50.0,Unknown,2.0,120278.28,2.0,5.0
3406078,7.0,84.0,63.0,Unknown,2.0,170587.55,1.0,4.0
732599,5.0,65.0,53.5,Unknown,2.0,89552.25,2.0,5.0
2329010,5.0,68.0,31.0,Male,2.0,53878.06,0.0,3.0
6394297,7.0,91.0,45.0,Unknown,3.0,127210.34,6.0,9.0
2601807,6.0,82.0,64.5,Unknown,2.0,33459.95,3.0,6.0
1511490,11.0,132.0,39.5,Male,2.0,81033.53,4.0,7.0
429351,9.0,109.0,48.0,Male,2.0,305317.41,5.0,8.0
3761836,4.0,58.0,56.0,Unknown,2.0,55482.87,1.0,4.0
3399237,5.0,68.0,21.5,Unknown,2.0,25311.61,6.0,9.0
1101942,14.0,175.0,68.0,Male,2.0,61897.74,5.0,8.0
134164,4.0,58.0,40.0,Unknown,2.0,30632.39,1.0,4.0
5477208,6.0,72.0,24.5,Unknown,2.0,54029.66,6.0,9.0
6649391,16.0,203.0,70.0,Male,2.0,86173.35,5.0,8.0
5165430,16.0,195.0,71.5,Female,2.0,480249.07,1.0,4.0
2340168,5.0,71.0,28.0,Unknown,2.0,34679.85,2.0,5.0
2937318,29.0,348.0,31.0,Male,3.0,79709.33,2.0,5.0
3084284,12.0,144.0,59.0,Female,2.0,128577.85,5.0,8.0
684181,7.0,95.0,51.0,Unknown,2.0,193263.09000000003,3.0,6.0
6960924,6.0,83.0,57.5,Unknown,2.0,206463.2,2.0,5.0
4217313,6.0,79.0,24.5,Unknown,3.0,72676.73999999999,2.0,5.0
7016758,26.0,319.0,57.0,Female,2.0,313282.53,0.0,3.0
995510,9.0,119.0,41.0,Male,2.0,38455.22,3.0,6.0
7174415,12.0,145.0,49.5,Female,2.0,110406.73,4.0,7.0
743037,5.0,71.0,60.0,Unknown,3.0,400159.5,5.0,8.0
7673881,15.0,190.0,43.0,Male,2.0,36474.05,6.0,9.0
5420210,6.0,81.0,42.0,Unknown,3.0,87340.35,1.0,4.0
4946270,8.0,106.0,32.0,Female,2.0,41204.23,1.0,4.0
6285002,15.0,183.0,33.5,Female,2.0,45431.77,0.0,3.0
976192,6.0,83.0,39.5,Unknown,2.0,32387.86,1.0,4.0
9516496,9.0,113.0,51.0,Female,2.0,85615.82,5.0,8.0
4223910,14.0,175.0,56.5,Female,2.0,30108.88,0.0,3.0
639921,12.0,150.0,32.0,Female,3.0,210093.41,4.0,7.0
6669562,5.0,70.0,51.5,Unknown,2.0,40955.15,2.0,5.0
4297435,24.0,294.0,56.0,Female,3.0,324208.02,6.0,9.0
6609008,23.0,277.0,51.5,Female,2.0,25066.23,4.0,7.0
7517429,21.0,257.0,53.5,Unknown,2.0,96064.75,3.0,6.0
8771993,20.0,250.0,41.0,Unknown,3.0,152512.28999999998,3.0,7.0
4718349,18.0,217.0,22.0,Male,2.0,115338.26,5.0,8.0
8383454,8.0,104.0,28.5,Unknown,2.0,98906.91,2.0,5.0
1919346,8.0,103.0,33.0,Unknown,3.0,53880.21,6.0,9.0
89693,11.0,142.0,35.5,Male,3.0,84456.48,5.0,8.0
2628332,3.0,41.0,26.5,Unknown,2.0,30255.61,3.0,6.0
2788414,6.0,82.0,52.0,Unknown,2.0,46962.81,1.0,4.0
5434066,6.0,82.0,28.0,Unknown,2.0,31375.0,6.0,9.0
3429239,13.0,167.0,58.5,Female,2.0,91217.56,6.0,9.0
1286454,15.0,189.0,43.5,Male,4.0,963681.64,6.0,9.0
4494220,8.0,106.0,25.0,Male,2.0,79109.84,2.0,5.0
631044,6.0,83.0,27.0,Unknown,2.0,30497.76,5.0,8.0
8765017,4.0,59.0,32.0,Unknown,2.0,27874.88,0.0,3.0
7350449,7.0,86.0,39.5,Unknown,2.0,26747.58,0.0,3.0
5527784,8.0,97.0,32.5,Unknown,2.0,35647.63,0.0,3.0
9054200,10.0,121.0,56.0,Female,2.0,24287.44,1.0,4.0
7058602,12.0,150.0,53.5,Female,3.0,221433.43,0.0,3.0
1664458,4.0,58.0,24.5,Unknown,2.0,45075.48,4.0,7.0
1788956,13.0,166.0,48.5,Male,2.0,144913.84999999998,0.0,3.0
268908,9.0,117.0,51.0,Male,2.0,62191.14,5.0,8.0
4174800,27.0,335.0,49.5,Male,4.0,159151.0,6.0,9.0
6413727,14.0,174.0,56.5,Male,2.0,593187.7200000001,5.0,8.0
9575548,14.0,176.0,52.0,Female,2.0,83711.13,1.0,4.0
6238744,15.0,189.0,56.0,Female,2.0,44101.7,3.0,6.0
2822255,8.0,104.0,32.5,Male,2.0,31797.99,3.0,6.0
7122737,4.0,58.0,42.0,Unknown,2.0,25786.33,0.0,3.0
6740178,26.0,314.0,68.0,Female,2.0,37624.25,3.0,6.0
4095697,14.0,176.0,54.0,Female,2.0,33754.869999999995,0.0,3.0
358827,7.0,93.0,36.5,Unknown,2.0,47908.76,0.0,3.0
2025451,3.0,47.0,25.5,Unknown,2.0,38870.85,1.0,4.0
4199359,10.0,125.0,28.0,Unknown,2.0,43118.74,6.0,9.0
1205921,31.0,373.0,84.0,Male,2.0,352644.14,6.0,9.0
6781497,6.0,80.0,61.5,Unknown,2.0,260143.7,0.0,3.0
5971471,6.0,72.0,63.0,Unknown,2.0,74552.1,1.0,4.0
9815282,7.0,85.0,60.0,Unknown,2.0,46751.31,6.0,9.0
8892267,13.0,165.0,60.0,Female,2.0,65667.35,4.0,7.0
3329726,8.0,96.0,23.0,Unknown,2.0,52856.76,0.0,3.0
5326567,13.0,163.0,59.5,Female,2.0,58711.42,1.0,4.0
8364922,7.0,84.0,61.0,Unknown,2.0,32796.46,0.0,3.0
1168552,8.0,107.0,32.0,Female,2.0,79316.19,6.0,9.0
4998916,13.0,156.0,65.5,Male,2.0,41421.96,1.0,4.0
8549209,12.0,151.0,49.5,Female,2.0,26722.42,5.0,8.0
2304444,9.0,109.0,45.0,Female,3.0,30139.62,4.0,7.0
3289328,10.0,121.0,55.0,Male,2.0,164946.55,2.0,5.0
4857404,7.0,88.0,73.5,Unknown,2.0,117390.6,5.0,8.0
132547,8.0,107.0,55.0,Female,2.0,302203.09,0.0,3.0
8404411,12.0,145.0,60.0,Female,2.0,174008.64,6.0,9.0
9939805,11.0,135.0,51.0,Male,3.0,2498185.18,6.0,9.0
4980713,16.0,193.0,50.5,Male,2.0,121630.62,6.0,9.0
273872,25.0,306.0,21.5,Male,2.0,26465.04,0.0,3.0
927541,24.0,293.0,60.5,Female,3.0,380237.88,6.0,9.0
8815636,23.0,284.0,52.5,Male,3.0,235377.71,1.0,4.0
5133549,21.0,258.0,37.5,Male,3.0,251632.49,6.0,9.0
2671815,19.0,232.0,33.0,Female,3.0,36823.47,5.0,8.0
3274136,15.0,191.0,66.5,Female,2.0,87092.6,1.0,4.0
5938853,12.0,153.0,40.5,Male,2.0,43082.55,1.0,4.0
1190149,6.0,83.0,57.5,Unknown,2.0,26124.2,2.0,5.0
741246,13.0,157.0,55.0,Female,2.0,139111.03,1.0,4.0
1436711,11.0,142.0,20.5,Male,2.0,83040.36,6.0,9.0
1726666,10.0,130.0,58.5,Female,2.0,30309.0,1.0,4.0
6169715,28.0,344.0,51.0,Male,3.0,300307.96,5.0,8.0
3597060,6.0,82.0,56.0,Unknown,2.0,48377.47,0.0,3.0
2268780,11.0,141.0,52.5,Female,3.0,189887.21,5.0,8.0
1984136,27.0,333.0,70.0,Male,3.0,212121.88,4.0,7.0
9441056,5.0,69.0,37.0,Unknown,2.0,23835.81,1.0,4.0
5216939,4.0,59.0,50.5,Unknown,2.0,54706.73,5.0,8.0
5262119,23.0,285.0,54.0,Female,2.0,442036.6,1.0,4.0
1067510,13.0,167.0,49.5,Male,2.0,35259.16,2.0,5.0
3659186,5.0,66.0,52.5,Unknown,2.0,41007.86,2.0,5.0
4867615,13.0,158.0,62.5,Male,2.0,546170.58,0.0,3.0
1357942,5.0,68.0,28.5,Female,2.0,33285.52,1.0,4.0
7272106,7.0,94.0,66.0,Unknown,2.0,29901.11,1.0,4.0
4422811,13.0,160.0,47.0,Female,2.0,166218.86,3.0,6.0
3111038,4.0,57.0,51.5,Female,2.0,46718.72,2.0,5.0
1089812,4.0,56.0,63.0,Male,2.0,41163.72,6.0,9.0
8504603,8.0,98.0,48.0,Female,2.0,27042.94,6.0,9.0
399065,28.0,344.0,72.0,Female,3.0,517088.04,0.0,3.0
3306516,9.0,118.0,22.5,Female,4.0,43667.51,0.0,3.0
4419243,13.0,167.0,30.0,Female,2.0,30580.49,0.0,3.0
5780472,5.0,71.0,38.0,Unknown,2.0,38215.05,4.0,7.0
7996704,12.0,151.0,38.5,Male,2.0,26286.31,1.0,4.0
994588,8.0,102.0,60.0,Unknown,2.0,57980.08,1.0,4.0
7674595,26.0,314.0,52.0,Female,2.0,211635.28,2.0,5.0
8545156,6.0,82.0,58.0,Unknown,2.0,83138.12,6.0,9.0
3963765,5.0,67.0,42.5,Unknown,2.0,39095.0,2.0,5.0
6822246,37.0,445.0,65.0,Female,2.0,215769.87,3.0,6.0
8341199,22.0,264.0,67.5,Female,2.0,273429.59,3.0,6.0
4797173,21.0,261.0,57.5,Male,2.0,27227.01,6.0,9.0
5090376,21.0,258.0,47.5,Female,2.0,62576.84,2.0,5.0
5583950,21.0,253.0,75.5,Male,4.0,296577.31,6.0,9.0
3831506,22.0,268.0,50.0,Female,3.0,68182.0,1.0,4.0
7810411,5.0,69.0,71.0,Unknown,2.0,104727.08,6.0,9.0
5079554,28.0,344.0,69.5,Female,3.0,621112.93,4.0,7.0
8248501,7.0,95.0,32.0,Unknown,2.0,32766.63,0.0,3.0
8384969,10.0,129.0,43.0,Female,2.0,291942.28,1.0,4.0
5505565,14.0,169.0,28.0,Male,2.0,29393.52,0.0,3.0
6744278,5.0,66.0,56.5,Male,3.0,38820.6,0.0,3.0
9178158,13.0,166.0,38.0,Female,2.0,132184.55,5.0,8.0
8014657,11.0,142.0,29.5,Female,2.0,92772.43,0.0,3.0
8692513,8.0,107.0,22.5,Male,3.0,54659.49,1.0,4.0
1013414,8.0,107.0,27.0,Male,2.0,32221.28,0.0,3.0
1849371,4.0,58.0,37.5,Unknown,2.0,30667.11,0.0,3.0
6774933,6.0,74.0,24.5,Unknown,3.0,137213.39,6.0,9.0
6425263,4.0,59.0,20.5,Unknown,2.0,42547.57,6.0,9.0
6986475,13.0,161.0,30.5,Female,2.0,44984.05,3.0,6.0
8976108,10.0,122.0,44.0,Male,2.0,107397.09,3.0,6.0
1277746,14.0,169.0,65.0,Male,2.0,385193.5,1.0,4.0
5475328,26.0,318.0,25.5,Male,2.0,112176.39,0.0,3.0
2092631,9.0,110.0,76.0,Male,2.0,46948.94,1.0,4.0
3731776,15.0,190.0,58.0,Male,2.0,183347.46,4.0,7.0
3831672,27.0,324.0,44.5,Female,2.0,279537.62,0.0,4.0
9457052,5.0,63.0,52.5,Unknown,2.0,273878.69,2.0,5.0
4238081,12.0,154.0,33.5,Female,3.0,122958.03,6.0,9.0
506333,9.0,108.0,36.0,Male,3.0,102751.45,2.0,5.0
4518527,6.0,80.0,53.0,Unknown,2.0,60335.03,2.0,5.0
1329020,13.0,159.0,49.5,Female,2.0,46849.71,2.0,5.0
3886418,4.0,58.0,51.0,Unknown,2.0,29990.22,1.0,4.0
8460140,16.0,194.0,54.5,Male,3.0,92975.02,6.0,9.0
4924821,10.0,124.0,61.5,Female,2.0,101937.48,0.0,3.0
7460419,11.0,140.0,29.0,Male,2.0,40543.0,6.0,9.0
2199516,13.0,164.0,66.5,Male,2.0,38977.88,0.0,3.0
4604763,10.0,130.0,37.5,Female,3.0,101468.0,6.0,9.0
5328209,14.0,177.0,50.5,Male,2.0,32684.38,0.0,3.0
7869458,10.0,130.0,34.0,Female,2.0,34093.1,2.0,5.0
2496055,8.0,98.0,51.0,Unknown,2.0,90148.25,0.0,3.0
3481694,6.0,77.0,28.0,Unknown,2.0,60756.09,6.0,9.0
2722729,11.0,143.0,38.0,Female,2.0,122313.48,0.0,3.0
2456244,4.0,58.0,48.5,Unknown,3.0,37247.53,0.0,3.0
9215572,6.0,76.0,26.5,Unknown,2.0,35062.23,3.0,6.0
3273879,27.0,325.0,63.0,Female,3.0,382053.19,2.0,6.0
3647,15.0,190.0,63.0,Female,2.0,154244.15,4.0,7.0
4653071,5.0,66.0,43.5,Unknown,2.0,41458.77,3.0,6.0
1186455,17.0,212.0,44.0,Male,2.0,34841.45,4.0,7.0
4263526,11.0,143.0,34.5,Female,2.0,65071.76,6.0,9.0
3710094,14.0,170.0,43.5,Male,2.0,55705.99,6.0,9.0
1117619,22.0,274.0,56.5,Female,2.0,27244.94,1.0,4.0
2191227,21.0,254.0,46.0,Female,2.0,127827.62,6.0,9.0
5352734,20.0,251.0,69.5,Female,3.0,238005.23,6.0,9.0
8678456,5.0,60.0,24.5,Unknown,2.0,113514.43,2.0,5.0
7541656,12.0,145.0,65.5,Female,2.0,59234.3,1.0,4.0
6935209,8.0,96.0,52.5,Unknown,2.0,183458.09000000003,1.0,4.0
385052,5.0,71.0,28.0,Unknown,3.0,54756.82,6.0,9.0
3921085,4.0,58.0,27.5,Unknown,2.0,31188.62,6.0,9.0
9595233,6.0,82.0,54.0,Unknown,3.0,64521.21,3.0,6.0
5225492,14.0,178.0,32.5,Male,4.0,413482.64,2.0,5.0
7148673,8.0,106.0,44.0,Male,2.0,78541.11,5.0,8.0
9455842,15.0,186.0,74.5,Female,2.0,56145.53,2.0,5.0
8040052,4.0,59.0,66.5,Female,2.0,29759.82,3.0,6.0
8413298,8.0,97.0,28.5,Unknown,2.0,28884.69,1.0,4.0
436352,14.0,179.0,69.0,Female,2.0,2937521.65,5.0,8.0
8162066,6.0,81.0,37.5,Male,2.0,263909.32,6.0,9.0
9041483,18.0,222.0,49.5,Male,2.0,72583.81,3.0,6.0
5347718,7.0,92.0,31.5,Unknown,2.0,34417.34,0.0,3.0
866712,5.0,68.0,67.0,Unknown,2.0,38448.12,3.0,6.0
5650729,14.0,175.0,35.5,Male,3.0,154449.41,2.0,5.0
547427,16.0,197.0,45.5,Male,2.0,35238.82,0.0,3.0
8991599,14.0,178.0,46.0,Female,3.0,165827.26,5.0,8.0
2274475,11.0,132.0,59.5,Female,2.0,66733.56,5.0,8.0
9750488,14.0,179.0,44.5,Male,2.0,38043.48,1.0,4.0
9033815,14.0,177.0,28.5,Male,2.0,29717.55,2.0,5.0
708099,14.0,178.0,42.0,Female,2.0,147011.11,0.0,3.0
3141131,4.0,59.0,55.5,Unknown,2.0,27059.18,3.0,6.0
9330958,12.0,146.0,34.5,Female,2.0,98745.38,3.0,6.0
9111859,6.0,75.0,20.5,Unknown,4.0,142555.28999999998,5.0,8.0
3931309,10.0,129.0,56.5,Female,2.0,75489.45,0.0,3.0
8734295,6.0,83.0,56.0,Unknown,3.0,47147.2,6.0,9.0
714613,27.0,324.0,58.0,Female,2.0,1024987.48,5.0,8.0
8787521,8.0,98.0,23.5,Unknown,2.0,38704.71,0.0,3.0
9586826,5.0,67.0,26.5,Unknown,2.0,50891.76,6.0,9.0
9113602,9.0,108.0,47.5,Male,2.0,36975.71,6.0,9.0
8305136,8.0,96.0,47.0,Unknown,2.0,200196.92,4.0,7.0
6134357,13.0,158.0,26.5,Male,3.0,113570.67,6.0,9.0
6636812,8.0,102.0,23.5,Unknown,2.0,28940.73,6.0,9.0
6376046,12.0,153.0,29.0,Male,2.0,25669.1,4.0,7.0
7174211,6.0,73.0,56.5,Unknown,2.0,45987.01,6.0,9.0
5864969,5.0,65.0,29.0,Unknown,2.0,32227.75,6.0,9.0
2444815,9.0,111.0,58.5,Unknown,2.0,38023.34,6.0,9.0
8053145,28.0,342.0,53.0,Male,3.0,481855.75,6.0,9.0
5707484,8.0,104.0,58.5,Male,2.0,79026.14,3.0,6.0
3753901,23.0,277.0,51.5,Male,2.0,126000.02,3.0,6.0
2959614,22.0,274.0,22.5,Male,2.0,42647.42999999999,2.0,5.0
3081216,22.0,265.0,51.5,Male,2.0,201268.81,2.0,5.0
7300229,22.0,264.0,71.0,Female,2.0,31830.24,2.0,5.0
395018,21.0,261.0,59.0,Male,3.0,204941.94,4.0,7.0
3914703,16.0,196.0,71.5,Male,2.0,881347.8400000001,6.0,9.0
7251333,12.0,153.0,64.0,Female,2.0,65117.8,2.0,5.0
1236186,16.0,192.0,67.5,Male,3.0,321145.87,3.0,6.0
3189211,5.0,66.0,21.5,Unknown,2.0,33057.77,3.0,7.0
4613590,5.0,60.0,55.0,Unknown,2.0,73016.1,3.0,6.0
5588167,4.0,57.0,29.0,Unknown,3.0,59708.98,3.0,6.0
5718767,16.0,194.0,68.5,Male,2.0,431788.9,1.0,4.0
5525477,15.0,187.0,46.0,Male,2.0,64168.49,2.0,5.0
861217,16.0,192.0,51.5,Female,2.0,34615.35,0.0,3.0
5892672,8.0,103.0,29.0,Female,2.0,29013.94,1.0,4.0
8006067,12.0,155.0,39.5,Male,3.0,82039.86,6.0,9.0
8038190,14.0,170.0,66.0,Female,2.0,27327.32,5.0,8.0
7297859,7.0,86.0,28.5,Unknown,2.0,59277.01,3.0,6.0
7302865,6.0,81.0,26.0,Unknown,2.0,40823.08,1.0,4.0
2052157,12.0,149.0,36.0,Male,2.0,100149.3,0.0,4.0
5604822,13.0,156.0,43.5,Male,2.0,61780.76,6.0,9.0
9475518,6.0,80.0,24.5,Unknown,2.0,64448.3,0.0,3.0
5950382,11.0,138.0,44.5,Male,2.0,35819.369999999995,4.0,7.0
9723608,8.0,98.0,32.0,Unknown,2.0,72266.01,5.0,8.0
8908639,13.0,163.0,60.0,Male,2.0,357704.6,1.0,5.0
5522530,8.0,106.0,45.5,Female,2.0,77089.14,0.0,3.0
5692083,8.0,96.0,66.5,Unknown,2.0,27263.63,1.0,4.0
4928864,8.0,104.0,39.5,Female,3.0,149905.27000000002,3.0,6.0
5244645,26.0,313.0,61.0,Female,3.0,310277.58,2.0,7.0
9112702,10.0,131.0,60.5,Female,2.0,60481.22,1.0,4.0
4472811,5.0,66.0,31.0,Unknown,2.0,28947.03,1.0,4.0
3994136,6.0,83.0,25.5,Unknown,2.0,24241.73,0.0,3.0
482558,11.0,140.0,75.5,Male,2.0,81172.98,0.0,3.0
7519549,17.0,205.0,64.5,Male,2.0,73118.64,4.0,7.0
6441802,12.0,149.0,57.0,Female,2.0,168570.41999999998,4.0,7.0
7495325,10.0,123.0,50.0,Male,2.0,257354.53,1.0,4.0
3575743,5.0,65.0,33.0,Unknown,2.0,29368.7,4.0,7.0
6295124,7.0,87.0,72.0,Unknown,2.0,255300.24,2.0,5.0
9642367,5.0,65.0,78.5,Unknown,2.0,70221.32,6.0,9.0
2501468,10.0,130.0,51.0,Male,4.0,72355.41,2.0,5.0
3485651,12.0,144.0,69.0,Male,3.0,231175.28,3.0,6.0
120351,4.0,56.0,29.5,Unknown,2.0,91840.51,6.0,9.0
2287462,16.0,193.0,42.0,Female,2.0,56819.7,2.0,5.0
8214483,15.0,182.0,39.0,Male,2.0,32399.47,2.0,5.0
580208,6.0,82.0,62.0,Unknown,2.0,28023.77,0.0,3.0
4218860,15.0,189.0,60.0,Male,2.0,28858.0,0.0,3.0
8907499,7.0,85.0,36.0,Unknown,3.0,61223.77,3.0,6.0
1665790,25.0,304.0,55.5,Female,2.0,26420.8,1.0,4.0
4262740,23.0,281.0,28.5,Male,3.0,738996.6000000001,5.0,8.0
7369619,21.0,262.0,74.0,Male,2.0,170273.66999999998,2.0,5.0
952435,21.0,256.0,64.5,Male,2.0,347443.16,5.0,8.0
1070949,21.0,256.0,64.5,Female,2.0,113746.4,6.0,9.0
1106136,21.0,255.0,72.0,Female,2.0,81198.45,0.0,3.0
9646284,21.0,254.0,39.0,Male,2.0,132378.75,5.0,8.0
8596397,21.0,254.0,26.0,Female,2.0,48226.59,2.0,5.0
9057739,20.0,245.0,48.0,Female,2.0,45896.57,1.0,4.0
1406777,19.0,238.0,28.0,Male,2.0,83231.97,1.0,4.0
7141944,19.0,230.0,50.0,Male,3.0,50090.02,4.0,7.0
9406998,21.0,255.0,65.0,Female,3.0,332232.96,6.0,9.0
2586304,18.0,227.0,32.5,Unknown,3.0,62988.09,3.0,6.0
8207559,17.0,209.0,41.0,Male,3.0,100290.93,0.0,3.0
2273603,13.0,167.0,46.5,Female,2.0,48507.36,1.0,4.0
8392344,34.0,419.0,62.0,Female,3.0,2354002.43,4.0,7.0
8552526,7.0,95.0,63.0,Unknown,2.0,359295.55,6.0,9.0
6936319,5.0,60.0,39.0,Unknown,2.0,28883.58,6.0,9.0
9546928,12.0,152.0,28.0,Female,2.0,31315.99,6.0,9.0
9218641,9.0,117.0,51.5,Male,2.0,36479.17,1.0,4.0
3863399,18.0,223.0,71.0,Male,2.0,209949.52,2.0,5.0
2397115,6.0,82.0,32.0,Unknown,2.0,35661.98,1.0,4.0
7111036,10.0,126.0,29.5,Unknown,2.0,30068.26,0.0,3.0
944089,8.0,102.0,35.5,Unknown,3.0,45048.35,1.0,4.0
8988125,15.0,186.0,54.5,Female,2.0,116110.37,1.0,4.0
4204215,8.0,107.0,28.0,Male,2.0,72521.83,6.0,9.0
2402375,5.0,71.0,22.0,Unknown,2.0,38689.95,0.0,3.0
4386339,7.0,85.0,60.0,Unknown,2.0,25793.66,0.0,3.0
1245517,4.0,58.0,28.5,Unknown,2.0,30734.51,6.0,9.0
1031274,7.0,94.0,65.5,Male,2.0,278101.46,3.0,7.0
1347359,3.0,44.0,30.0,Male,2.0,141297.22999999998,6.0,9.0
8196373,14.0,169.0,50.5,Male,2.0,87391.93,6.0,9.0
2408649,6.0,72.0,43.5,Unknown,2.0,63484.97,1.0,4.0
3789134,8.0,103.0,61.5,Male,2.0,30196.31,6.0,9.0
5093726,8.0,106.0,53.0,Male,2.0,60859.21,2.0,5.0
3796389,6.0,81.0,77.5,Unknown,2.0,455910.97,4.0,7.0
1251676,4.0,54.0,68.5,Male,2.0,215910.16,5.0,8.0
1505791,6.0,75.0,64.0,Female,2.0,49317.78,2.0,5.0
4649532,4.0,56.0,62.0,Female,3.0,75566.01999999999,5.0,8.0
1086000,12.0,146.0,40.5,Female,2.0,27908.72,0.0,3.0
4789377,9.0,108.0,63.0,Male,2.0,430498.99,6.0,9.0
1653342,5.0,66.0,62.0,Unknown,2.0,214284.37,6.0,9.0
574136,8.0,98.0,41.5,Unknown,3.0,63956.86,2.0,5.0
2230146,15.0,189.0,40.5,Female,2.0,26177.14,3.0,6.0
5437696,5.0,70.0,67.0,Male,2.0,1340765.13,2.0,5.0
6928355,4.0,59.0,24.5,Unknown,2.0,36492.9,0.0,3.0
7293853,20.0,240.0,60.5,Male,2.0,605205.78,0.0,3.0
2412181,5.0,70.0,32.5,Unknown,2.0,42726.47,4.0,7.0
3821408,15.0,181.0,53.5,Male,2.0,157724.55,6.0,9.0
3478652,7.0,86.0,71.5,Unknown,2.0,455941.17,2.0,5.0
9169459,2.0,33.0,60.5,Unknown,2.0,26814.29,2.0,5.0
2584029,9.0,119.0,67.0,Unknown,2.0,174923.09999999998,4.0,7.0
3181564,4.0,56.0,72.5,Unknown,2.0,71262.01,6.0,9.0
400621,4.0,56.0,29.0,Unknown,2.0,48269.75,6.0,9.0
4992834,5.0,67.0,31.0,Unknown,2.0,25267.07,2.0,5.0
5814124,25.0,304.0,44.5,Male,3.0,2356726.83,6.0,9.0
7212071,22.0,268.0,64.5,Female,2.0,32667.12,2.0,5.0
6833535,22.0,264.0,35.0,Female,2.0,83967.87,1.0,5.0
8534233,21.0,262.0,47.0,Female,2.0,125072.02,4.0,7.0
8880791,21.0,262.0,67.5,Male,3.0,118500.2,4.0,7.0
2406034,21.0,257.0,28.0,Female,2.0,90767.73,6.0,9.0
3169491,20.0,244.0,42.0,Female,2.0,46825.95,1.0,4.0
2527405,10.0,129.0,43.0,Female,2.0,48686.28999999999,0.0,3.0
9738042,13.0,165.0,45.0,Female,2.0,44671.6,0.0,3.0
5342509,7.0,91.0,28.5,Unknown,2.0,56690.65,6.0,9.0
6063554,7.0,85.0,24.5,Male,2.0,31608.82,6.0,9.0
7529460,4.0,58.0,19.5,Unknown,2.0,31301.07,2.0,5.0
7203853,22.0,267.0,50.0,Male,2.0,100762.17,5.0,8.0
8049996,13.0,161.0,62.5,Male,2.0,35958.0,6.0,9.0
6046741,9.0,115.0,46.5,Male,2.0,26963.4,0.0,3.0
9089260,13.0,162.0,40.0,Male,2.0,33886.509999999995,2.0,5.0
9374016,26.0,319.0,88.0,Male,2.0,402193.15,6.0,9.0
3958645,10.0,126.0,53.0,Female,3.0,67208.26999999999,2.0,5.0
1318988,15.0,182.0,34.5,Female,2.0,29702.66,0.0,3.0
2733707,9.0,109.0,36.5,Male,3.0,195839.67,6.0,9.0
5791120,13.0,166.0,33.0,Male,2.0,38618.82,1.0,4.0
4134088,12.0,154.0,46.0,Female,2.0,96846.13,5.0,8.0
8238138,17.0,212.0,55.0,Female,2.0,63596.01,0.0,3.0
2842485,6.0,78.0,27.5,Unknown,2.0,24636.85,6.0,9.0
5090001,3.0,46.0,67.0,Unknown,2.0,428434.01,4.0,7.0
5777985,10.0,130.0,31.0,Male,2.0,62274.67,1.0,4.0
805850,14.0,179.0,29.5,Female,2.0,42996.48,1.0,4.0
7421288,16.0,192.0,33.0,Female,2.0,80225.42,5.0,8.0
451443,4.0,59.0,45.5,Unknown,2.0,31665.48,0.0,3.0
4514596,14.0,178.0,41.5,Female,2.0,94184.5,1.0,4.0
7928118,8.0,99.0,39.0,Unknown,2.0,83362.86,0.0,3.0
9119414,7.0,85.0,32.5,Unknown,2.0,55657.77,6.0,9.0
8300275,6.0,83.0,43.5,Unknown,2.0,280903.99,6.0,9.0
6047255,11.0,133.0,59.5,Male,3.0,121160.37,6.0,9.0
336903,12.0,148.0,72.0,Male,2.0,55417.92,6.0,9.0
2879592,33.0,397.0,79.5,Unknown,2.0,43787.63,2.0,5.0
5975067,9.0,112.0,59.5,Male,3.0,984371.07,6.0,9.0
1607526,15.0,191.0,49.5,Male,3.0,1063685.2,5.0,8.0
4518019,7.0,87.0,60.5,Unknown,2.0,51218.26,2.0,5.0
1377639,14.0,179.0,66.5,Female,2.0,46575.28999999999,0.0,4.0
2819742,11.0,142.0,64.5,Female,2.0,122128.69,1.0,4.0
7938926,6.0,82.0,21.0,Unknown,2.0,30365.42,0.0,3.0
3176103,9.0,109.0,74.5,Female,2.0,176462.61,0.0,4.0
852615,5.0,69.0,26.5,Male,2.0,35710.3,6.0,9.0
1470768,14.0,174.0,57.5,Male,2.0,102768.88,0.0,3.0
2992443,6.0,74.0,30.5,Unknown,2.0,59906.79,2.0,5.0
9477401,15.0,191.0,45.5,Male,2.0,71620.07,1.0,4.0
161771,6.0,79.0,37.0,Unknown,2.0,38336.1,1.0,4.0
2782820,13.0,160.0,66.5,Female,2.0,79882.98999999999,2.0,5.0
8614932,12.0,144.0,34.0,Male,2.0,37035.12,4.0,7.0
3194023,23.0,286.0,46.5,Male,3.0,262259.94,6.0,9.0
6116444,24.0,297.0,59.0,Male,2.0,542801.59,6.0,9.0
5380629,24.0,297.0,20.5,Unknown,2.0,47652.32,3.0,6.0
9132749,23.0,285.0,56.5,Female,2.0,40015.24,5.0,8.0
5908353,23.0,281.0,74.5,Male,4.0,423713.95,6.0,9.0
6492992,23.0,276.0,43.5,Male,3.0,276565.03,6.0,9.0
6779709,21.0,263.0,43.0,Male,3.0,228899.9,6.0,9.0
8843800,22.0,268.0,66.0,Male,3.0,26539.18,0.0,3.0
3933442,21.0,258.0,37.5,Female,3.0,211422.41,4.0,7.0
5794080,19.0,239.0,57.0,Male,3.0,179654.47999999998,2.0,5.0
1806750,17.0,214.0,56.0,Female,3.0,502197.55,6.0,9.0
2044436,5.0,68.0,29.0,Unknown,3.0,121126.6,6.0,9.0
6791344,8.0,103.0,36.5,Unknown,2.0,76953.09,0.0,3.0
3961852,5.0,66.0,25.5,Unknown,2.0,88944.66,6.0,9.0
5537155,9.0,113.0,26.0,Unknown,2.0,25380.34,1.0,4.0
7150043,6.0,76.0,28.0,Male,4.0,39354.81,6.0,9.0
4106308,18.0,216.0,49.5,Male,2.0,495469.58,6.0,9.0
9448266,15.0,181.0,43.0,Female,2.0,33561.759999999995,0.0,3.0
7383801,12.0,155.0,52.5,Male,3.0,40348.21,1.0,4.0
1262019,15.0,181.0,63.5,Female,2.0,24142.56,1.0,4.0
154640,15.0,187.0,38.5,Female,2.0,148604.08000000002,0.0,3.0
8073817,10.0,127.0,39.0,Female,2.0,46496.1,2.0,5.0
5090965,8.0,106.0,66.5,Male,2.0,29972.63,0.0,4.0
6615993,16.0,197.0,48.5,Male,2.0,37648.95,4.0,7.0
8653749,12.0,147.0,31.5,Male,3.0,41045.1,5.0,8.0
5870289,7.0,94.0,59.5,Unknown,2.0,54622.85,1.0,4.0
4585362,15.0,189.0,70.5,Male,3.0,87056.64,6.0,9.0
6838075,10.0,130.0,31.0,Male,2.0,76394.33,3.0,6.0
6418806,17.0,204.0,51.0,Female,2.0,223442.17,4.0,7.0
6890085,9.0,109.0,83.5,Female,2.0,217332.08,0.0,3.0
7319328,11.0,142.0,49.5,Female,2.0,33801.509999999995,1.0,4.0
1292757,12.0,153.0,33.5,Male,2.0,41665.83,1.0,4.0
7336628,16.0,192.0,53.5,Male,2.0,84799.45,0.0,3.0
5569747,4.0,56.0,38.0,Unknown,2.0,28896.68,2.0,5.0
3635775,4.0,54.0,28.0,Female,2.0,29519.3,0.0,3.0
2395779,30.0,361.0,28.0,Female,2.0,68389.38,6.0,9.0
8665346,15.0,187.0,63.5,Male,2.0,275944.41,2.0,5.0
8695030,10.0,124.0,32.0,Female,2.0,387349.09,3.0,6.0
3961904,5.0,61.0,70.0,Female,2.0,89432.73,3.0,6.0
4536886,18.0,221.0,53.0,Female,2.0,172556.78999999998,5.0,8.0
1920117,16.0,202.0,42.5,Male,2.0,40360.71,1.0,4.0
7952166,14.0,168.0,32.0,Female,2.0,41616.55,4.0,7.0
644449,5.0,69.0,39.5,Unknown,2.0,33790.57,1.0,4.0
2268089,6.0,82.0,67.0,Unknown,2.0,44365.14,5.0,8.0
7236151,26.0,313.0,62.5,Male,3.0,286084.25,4.0,7.0
3111768,4.0,59.0,22.5,Unknown,2.0,37351.64,4.0,7.0
6244963,5.0,71.0,35.5,Unknown,2.0,52328.74,2.0,5.0
4228011,6.0,74.0,20.5,Unknown,2.0,40140.76,2.0,5.0
3195967,10.0,128.0,50.5,Male,2.0,98196.98,1.0,4.0
1899577,14.0,168.0,32.5,Male,2.0,73304.97,0.0,3.0
6440180,5.0,65.0,26.5,Unknown,2.0,46570.02,4.0,7.0
3749182,14.0,168.0,35.0,Male,2.0,32907.29,0.0,3.0
9733386,10.0,129.0,65.0,Female,2.0,150694.9,4.0,7.0
9345807,15.0,183.0,67.0,Male,2.0,79985.23,1.0,4.0
6436966,13.0,162.0,55.0,Unknown,2.0,42480.65,1.0,4.0
658038,8.0,106.0,48.5,Male,2.0,142023.0,1.0,4.0
5757524,15.0,189.0,45.5,Male,2.0,59305.83,2.0,5.0
7388626,15.0,189.0,40.5,Male,2.0,64524.74,3.0,6.0
2691102,5.0,65.0,47.5,Unknown,3.0,33612.54,6.0,9.0
530654,6.0,81.0,56.0,Unknown,2.0,49456.82,3.0,6.0
7859820,12.0,154.0,40.0,Female,2.0,29606.64,1.0,4.0
5563287,14.0,179.0,60.0,Female,2.0,60544.97,0.0,3.0
2455111,23.0,285.0,63.0,Male,2.0,217524.81,6.0,9.0
1091552,23.0,279.0,57.5,Female,3.0,126737.99,6.0,9.0
9753394,21.0,253.0,30.0,Male,2.0,162805.96999999997,3.0,6.0
4415530,18.0,222.0,52.0,Female,3.0,626437.4600000001,2.0,5.0
6635407,17.0,209.0,48.5,Female,3.0,171955.82,6.0,9.0
2367390,15.0,186.0,44.5,Male,2.0,301611.33,3.0,6.0
2585138,12.0,144.0,56.0,Male,2.0,110628.53,3.0,7.0
1139286,6.0,72.0,26.5,Unknown,3.0,32538.39,3.0,6.0
1855797,5.0,71.0,57.5,Unknown,3.0,66416.04000000001,6.0,9.0
3412220,9.0,114.0,29.5,Male,2.0,34064.82,2.0,5.0
718243,15.0,191.0,62.0,Male,2.0,273506.06,5.0,8.0
5072657,8.0,105.0,33.5,Male,2.0,63308.7,4.0,7.0
2116544,7.0,86.0,55.0,Unknown,2.0,24127.5,1.0,4.0
4908136,5.0,71.0,22.0,Unknown,3.0,58744.36,2.0,5.0
9655611,13.0,157.0,66.0,Female,2.0,112567.09,6.0,9.0
9222392,6.0,74.0,27.5,Unknown,2.0,45182.17999999999,2.0,5.0
7028096,9.0,113.0,33.5,Male,2.0,44207.2,4.0,7.0
8428699,5.0,70.0,58.0,Unknown,2.0,26286.71,0.0,3.0
7777790,6.0,74.0,53.0,Unknown,2.0,62170.22,1.0,4.0
1246799,16.0,196.0,36.0,Male,4.0,394565.43,6.0,9.0
1936892,7.0,95.0,29.5,Unknown,2.0,33092.3,6.0,9.0
4986769,8.0,104.0,31.5,Unknown,2.0,53650.78999999999,0.0,3.0
2933843,17.0,209.0,40.5,Female,2.0,47032.78999999999,3.0,6.0
4063413,5.0,71.0,46.5,Unknown,2.0,51631.56,6.0,9.0
1924404,12.0,154.0,62.0,Male,2.0,114383.79,0.0,3.0
5543493,37.0,444.0,72.0,Female,2.0,32091.71,0.0,3.0
1119940,4.0,58.0,38.0,Unknown,3.0,36959.92,6.0,9.0
5136652,7.0,95.0,49.5,Unknown,2.0,31020.74,0.0,3.0
1383557,6.0,73.0,24.5,Unknown,2.0,28481.23,5.0,8.0
9710008,7.0,87.0,60.5,Unknown,3.0,50991.13,3.0,6.0
9128175,5.0,66.0,35.0,Female,2.0,30755.12,2.0,5.0
5627816,8.0,107.0,54.5,Male,2.0,118578.27,0.0,3.0
2550059,5.0,67.0,42.0,Unknown,3.0,772772.99,6.0,9.0
3671973,6.0,78.0,41.5,Unknown,2.0,25454.35,4.0,7.0
6255489,14.0,169.0,43.5,Female,2.0,92183.64,2.0,5.0
1884535,10.0,121.0,57.5,Female,2.0,34490.009999999995,4.0,7.0
9714234,15.0,189.0,52.5,Female,2.0,42068.01,1.0,4.0
9899904,4.0,58.0,23.0,Unknown,2.0,41374.82,4.0,7.0
5523886,16.0,193.0,35.5,Male,2.0,199047.32,6.0,9.0
3246398,16.0,192.0,71.0,Female,2.0,75835.85,2.0,5.0
6747044,6.0,82.0,19.0,Unknown,2.0,34878.64,6.0,9.0
2890687,3.0,47.0,60.0,Unknown,2.0,290313.25,6.0,9.0
2184455,5.0,66.0,20.5,Unknown,3.0,85377.54000000001,6.0,9.0
9546719,26.0,316.0,71.0,Male,2.0,184094.34000000003,2.0,5.0
8965367,6.0,72.0,62.5,Unknown,2.0,50110.22,2.0,5.0
5450432,12.0,144.0,32.5,Female,2.0,29184.83,2.0,5.0
4378886,9.0,108.0,67.5,Female,2.0,204390.34000000003,3.0,6.0
3361098,15.0,190.0,45.0,Female,3.0,88510.19,6.0,9.0
2045087,10.0,129.0,61.5,Female,2.0,33280.369999999995,2.0,5.0
3078775,10.0,124.0,67.0,Male,2.0,809811.87,0.0,4.0
3359150,6.0,82.0,31.0,Unknown,4.0,84862.19,4.0,7.0
3508086,5.0,67.0,24.5,Unknown,2.0,28172.26,4.0,7.0
4318832,9.0,109.0,30.5,Female,2.0,76195.45,3.0,6.0
3400889,15.0,190.0,69.0,Female,2.0,27818.14,3.0,7.0
8249927,4.0,55.0,58.0,Male,2.0,254425.7,3.0,6.0
3214191,11.0,142.0,29.5,Female,2.0,43956.56,3.0,6.0
514104,4.0,53.0,20.0,Unknown,2.0,24461.91,1.0,4.0
6275704,7.0,93.0,30.5,Male,2.0,165547.90999999997,2.0,5.0
4004319,4.0,58.0,51.0,Unknown,2.0,188064.08,0.0,3.0
8030541,11.0,139.0,74.0,Female,2.0,43396.53,0.0,3.0
3650423,18.0,222.0,57.0,Female,2.0,43046.48,0.0,3.0
5292288,8.0,100.0,29.0,Unknown,3.0,87624.34,1.0,4.0
3249151,23.0,284.0,72.0,Female,2.0,108559.64,3.0,6.0
3447384,22.0,274.0,63.5,Unknown,2.0,40004.26,2.0,5.0
146317,21.0,258.0,48.5,Female,2.0,98473.48,0.0,3.0
7158922,21.0,254.0,55.0,Female,3.0,176195.90999999997,4.0,7.0
3803353,20.0,250.0,73.5,Male,3.0,86337.68,5.0,8.0
7328589,21.0,253.0,58.0,Female,3.0,501869.91,6.0,9.0
2858768,30.0,371.0,77.0,Male,2.0,37192.82,1.0,4.0
3554093,19.0,231.0,30.5,Unknown,2.0,30089.76,0.0,3.0
301141,19.0,229.0,56.0,Female,2.0,64423.56,0.0,3.0
8979331,16.0,201.0,47.0,Unknown,3.0,107995.76,4.0,7.0
6487245,18.0,222.0,55.0,Female,2.0,559116.27,0.0,4.0
3582059,16.0,193.0,34.0,Female,2.0,130447.28,3.0,6.0
8647399,7.0,84.0,57.5,Unknown,2.0,120343.84,5.0,8.0
9059746,10.0,120.0,33.5,Male,2.0,30759.34,0.0,3.0
1552160,10.0,121.0,33.0,Male,2.0,34048.0,6.0,9.0
8717040,5.0,69.0,62.0,Female,2.0,407999.71,6.0,9.0
2706512,8.0,96.0,49.5,Unknown,2.0,32664.28,2.0,5.0
7707762,7.0,95.0,42.5,Unknown,2.0,41003.02,5.0,8.0
5597601,7.0,89.0,26.5,Unknown,3.0,120423.35,6.0,9.0
5682006,14.0,174.0,37.5,Female,2.0,27236.24,2.0,5.0
6997573,12.0,155.0,54.0,Female,2.0,27577.64,1.0,4.0
3717025,6.0,75.0,29.0,Unknown,3.0,60459.75,1.0,4.0
3438431,8.0,105.0,58.5,Female,3.0,216773.42,6.0,9.0
1204446,14.0,168.0,25.5,Female,2.0,70853.26,0.0,3.0
9435205,8.0,103.0,38.5,Unknown,2.0,52236.24,5.0,8.0
1135785,5.0,65.0,51.0,Unknown,2.0,107397.86,1.0,4.0
5529882,5.0,60.0,33.0,Unknown,2.0,27806.18,2.0,5.0
4666767,10.0,131.0,37.5,Female,2.0,84071.19,0.0,3.0
8510293,10.0,122.0,36.5,Female,2.0,106640.12,2.0,5.0
6806435,4.0,57.0,36.5,Unknown,2.0,71530.59,2.0,5.0
3677393,15.0,181.0,50.5,Male,2.0,38951.73,0.0,3.0
879034,5.0,71.0,34.5,Male,2.0,28473.6,0.0,3.0
392757,5.0,71.0,24.0,Unknown,2.0,31087.99,6.0,9.0
6055967,4.0,55.0,29.0,Unknown,2.0,72054.69,6.0,9.0
9451729,5.0,71.0,20.5,Male,2.0,36245.21,2.0,5.0
8226609,9.0,118.0,30.0,Male,2.0,98795.12,4.0,7.0
1538798,6.0,83.0,63.0,Unknown,2.0,52910.28,2.0,5.0
542527,10.0,125.0,26.5,Unknown,2.0,32431.85,1.0,4.0
7271914,14.0,171.0,48.0,Female,2.0,61984.55,6.0,9.0
2881524,2.0,33.0,33.5,Unknown,2.0,26903.76,1.0,4.0
2413234,7.0,91.0,61.0,Unknown,3.0,242546.89,6.0,9.0
4846655,28.0,347.0,80.0,Male,2.0,46642.59,6.0,9.0
8369773,28.0,347.0,58.5,Female,3.0,243227.92,6.0,9.0
4485581,6.0,82.0,63.0,Unknown,2.0,106484.93,4.0,7.0
3636219,15.0,186.0,18.0,Male,2.0,36153.61,0.0,3.0
3751021,4.0,57.0,23.5,Unknown,3.0,41135.17,6.0,9.0
4305729,14.0,168.0,31.0,Female,2.0,31907.68,2.0,5.0
6199623,15.0,186.0,41.0,Male,2.0,45697.49,1.0,4.0
5396257,8.0,107.0,55.5,Female,2.0,66614.38,2.0,5.0
2942468,12.0,145.0,44.5,Male,2.0,44437.7,0.0,3.0
5184243,5.0,67.0,25.5,Unknown,2.0,32358.87,3.0,6.0
7308902,7.0,89.0,57.0,Male,2.0,107213.17,2.0,5.0
8526525,7.0,86.0,56.5,Unknown,2.0,248580.02,0.0,3.0
8059101,16.0,197.0,39.5,Male,2.0,65621.5,0.0,3.0
2939579,6.0,73.0,19.5,Unknown,2.0,48550.22,3.0,6.0
7821049,12.0,144.0,41.0,Male,2.0,112796.45,3.0,6.0
253211,12.0,146.0,31.0,Male,2.0,75274.61,0.0,3.0
5251417,13.0,160.0,33.5,Male,4.0,222975.44,2.0,5.0
9585598,6.0,82.0,27.5,Unknown,2.0,48039.53999999999,0.0,3.0
6514196,14.0,169.0,48.5,Female,2.0,50053.56,5.0,8.0
2989514,24.0,294.0,62.5,Female,2.0,50063.53,0.0,4.0
7829676,22.0,265.0,38.5,Male,7.0,99703.69,5.0,8.0
6575520,21.0,258.0,48.0,Male,3.0,809411.8200000001,6.0,9.0
8442245,20.0,244.0,38.0,Female,3.0,130351.37,1.0,4.0
5986882,20.0,240.0,41.0,Male,3.0,32374.38,4.0,7.0
9770841,18.0,225.0,52.0,Female,4.0,514887.27,2.0,5.0
7382665,18.0,222.0,68.5,Male,3.0,243530.2,3.0,6.0
6148802,17.0,215.0,74.0,Female,2.0,32119.62,1.0,4.0
8166540,7.0,94.0,56.5,Unknown,2.0,593953.2200000001,5.0,8.0
93370,13.0,157.0,34.0,Male,3.0,94987.29,5.0,8.0
4539371,6.0,82.0,25.0,Unknown,2.0,27914.72,0.0,3.0
238874,15.0,181.0,60.0,Female,2.0,42848.31,4.0,7.0
9734167,4.0,58.0,69.0,Unknown,3.0,88003.29999999999,3.0,6.0
1464469,12.0,149.0,30.0,Male,2.0,24574.69,6.0,9.0
982870,9.0,111.0,54.5,Female,2.0,67939.38,0.0,3.0
1353950,3.0,46.0,23.5,Unknown,2.0,28678.28,1.0,4.0
4063257,26.0,323.0,68.0,Male,2.0,1886150.32,3.0,6.0
7534275,13.0,162.0,39.0,Female,2.0,82101.32,3.0,6.0
9353752,7.0,94.0,33.0,Unknown,3.0,58191.12,3.0,6.0
5066437,5.0,70.0,76.5,Female,2.0,24501.15,6.0,9.0
17318,16.0,195.0,69.0,Male,2.0,51120.27,0.0,3.0
2780782,13.0,166.0,35.5,Female,2.0,46681.64,1.0,4.0
7047368,7.0,94.0,29.5,Unknown,2.0,55185.96,6.0,9.0
7938527,10.0,129.0,60.5,Male,2.0,23986.5,2.0,5.0
7108590,8.0,97.0,65.5,Unknown,2.0,247256.83,1.0,4.0
4632746,27.0,328.0,62.5,Female,2.0,592485.15,6.0,9.0
606892,16.0,195.0,39.0,Female,2.0,109016.8,6.0,9.0
1570423,3.0,37.0,29.0,Unknown,2.0,43808.82,5.0,8.0
4793581,8.0,98.0,63.5,Unknown,2.0,167588.86,3.0,6.0
89108,15.0,189.0,44.5,Female,2.0,156971.33000000002,3.0,6.0
2221950,13.0,157.0,67.5,Female,2.0,129593.05,6.0,9.0
766981,12.0,150.0,69.5,Male,2.0,333235.63,6.0,9.0
6619256,9.0,115.0,38.0,Female,2.0,534244.63,2.0,5.0
9097731,11.0,140.0,67.5,Female,2.0,76861.18,5.0,8.0
9810735,11.0,142.0,64.5,Female,2.0,242768.55,6.0,9.0
934958,6.0,74.0,41.0,Unknown,3.0,147640.78,5.0,8.0
7544121,19.0,236.0,44.5,Male,2.0,139319.47999999998,4.0,7.0
6089595,8.0,105.0,37.0,Male,3.0,81808.25,6.0,9.0
1990597,29.0,356.0,59.0,Male,3.0,420633.94,5.0,8.0
1375726,10.0,131.0,43.0,Male,2.0,45989.82,4.0,7.0
9430937,12.0,150.0,46.5,Male,2.0,59445.49,4.0,7.0
7209337,4.0,55.0,57.0,Unknown,2.0,40780.9,3.0,6.0
1316243,7.0,94.0,56.5,Unknown,3.0,70050.81,2.0,5.0
9900823,9.0,118.0,39.0,Male,2.0,34293.53,0.0,3.0
7405869,6.0,72.0,18.5,Unknown,2.0,33272.25,2.0,5.0
8237457,6.0,78.0,30.5,Unknown,2.0,31993.87,6.0,9.0
4380776,5.0,70.0,48.0,Female,4.0,137903.8,6.0,9.0
9049892,24.0,296.0,66.5,Female,3.0,661080.3500000001,4.0,7.0
697991,23.0,276.0,18.5,Unknown,3.0,74426.26999999999,6.0,9.0
354541,22.0,270.0,64.5,Female,5.0,1891940.01,6.0,9.0
7967581,28.0,338.0,57.5,Female,2.0,139478.58000000002,2.0,5.0
550099,16.0,201.0,44.5,Female,2.0,57034.95,5.0,8.0
4213724,9.0,111.0,26.5,Female,3.0,104796.6,0.0,3.0
8492567,7.0,85.0,64.0,Unknown,3.0,1260868.5499999998,6.0,9.0
6697776,11.0,143.0,60.0,Female,2.0,78069.01,2.0,5.0
8577522,14.0,170.0,45.0,Male,3.0,167865.68,6.0,9.0
1756663,15.0,181.0,32.0,Male,2.0,39751.51,0.0,3.0
6631849,7.0,94.0,57.0,Unknown,2.0,35897.48,4.0,7.0
6867006,14.0,178.0,62.5,Female,2.0,361083.53,3.0,6.0
4310302,6.0,81.0,33.5,Male,2.0,37370.42,6.0,9.0
6646483,12.0,154.0,65.5,Male,2.0,37923.19,1.0,4.0
6377949,9.0,116.0,30.5,Female,3.0,173168.12,4.0,7.0
5905652,6.0,79.0,42.0,Unknown,2.0,48022.81,4.0,7.0
6683301,5.0,66.0,26.0,Unknown,2.0,41081.65,0.0,3.0
7105437,5.0,67.0,28.0,Unknown,2.0,31771.64,2.0,5.0
6036578,6.0,78.0,53.0,Unknown,2.0,63349.14,6.0,9.0
9641810,8.0,97.0,67.5,Unknown,2.0,48727.12,1.0,5.0
7391156,6.0,78.0,40.5,Unknown,2.0,74048.64,2.0,5.0
770147,6.0,72.0,58.0,Unknown,2.0,53927.21,1.0,4.0
1084969,12.0,150.0,58.5,Male,2.0,39115.93,2.0,6.0
6186955,9.0,108.0,27.0,Female,2.0,72756.61,1.0,4.0
6535114,4.0,58.0,37.0,Unknown,2.0,37598.53,5.0,8.0
342646,22.0,270.0,57.0,Male,2.0,126613.73,3.0,6.0
5477964,27.0,332.0,74.0,Male,2.0,2180242.98,6.0,9.0
1678185,6.0,72.0,34.0,Unknown,2.0,40804.58,3.0,6.0
3380173,16.0,195.0,58.0,Female,2.0,78815.18,6.0,9.0
6575568,10.0,121.0,85.0,Female,2.0,41519.26,2.0,5.0
5236006,13.0,158.0,33.0,Female,2.0,59973.52,0.0,3.0
8483529,8.0,106.0,33.0,Female,2.0,45085.83,3.0,6.0
6768335,10.0,130.0,66.5,Female,2.0,42613.1,3.0,6.0
4257759,6.0,81.0,31.5,Unknown,2.0,28836.12,6.0,9.0
8653282,10.0,120.0,57.0,Male,2.0,209283.63,4.0,7.0
1634257,5.0,64.0,55.5,Male,2.0,189961.4,6.0,9.0
3982648,11.0,142.0,43.0,Female,2.0,37749.47,6.0,9.0
7729416,8.0,104.0,63.0,Female,2.0,78313.45999999999,6.0,9.0
6983357,12.0,154.0,34.0,Male,2.0,74827.45999999999,0.0,3.0
1471147,23.0,285.0,61.5,Male,6.0,1272457.18,6.0,9.0
8278144,21.0,261.0,58.5,Female,2.0,37851.78,0.0,5.0
2884295,20.0,246.0,48.0,Female,3.0,59596.88,6.0,9.0
8828227,20.0,243.0,58.5,Female,2.0,34883.05,2.0,5.0
7645988,19.0,230.0,61.0,Male,3.0,514014.83,4.0,7.0
2565627,8.0,105.0,59.0,Male,2.0,971878.6,5.0,9.0
3945965,6.0,74.0,59.5,Unknown,2.0,76926.83,6.0,9.0
1575474,15.0,190.0,33.0,Male,2.0,170466.2,6.0,9.0
2371126,6.0,82.0,60.5,Unknown,2.0,119842.52,5.0,8.0
5146201,32.0,390.0,61.0,Male,3.0,87483.6,6.0,9.0
7704702,5.0,71.0,21.5,Unknown,2.0,33750.399999999994,2.0,5.0
8856130,16.0,192.0,46.0,Male,2.0,101628.64,3.0,6.0
882612,6.0,82.0,33.5,Unknown,2.0,28686.46,4.0,7.0
529710,5.0,67.0,27.5,Unknown,2.0,29308.57,4.0,7.0
5065361,12.0,155.0,42.0,Male,2.0,131248.81,3.0,6.0
6627355,7.0,85.0,30.0,Unknown,2.0,31887.66,3.0,7.0
8565944,7.0,94.0,24.5,Female,2.0,47146.02,3.0,6.0
6618240,14.0,179.0,40.5,Male,2.0,106219.06,6.0,9.0
4788508,12.0,145.0,30.0,Male,2.0,31870.79,5.0,8.0
9212950,9.0,109.0,32.0,Unknown,2.0,62091.37,4.0,7.0
9976102,14.0,173.0,51.5,Male,2.0,286461.89,1.0,4.0
9069804,8.0,103.0,55.5,Male,2.0,173413.05,3.0,6.0
8050938,16.0,201.0,76.0,Male,3.0,857143.38,5.0,8.0
4142755,12.0,150.0,41.0,Female,2.0,140887.34,2.0,5.0
325301,12.0,155.0,45.5,Male,2.0,38355.04,1.0,4.0
5059692,11.0,134.0,51.0,Male,3.0,848248.61,2.0,5.0
2379892,21.0,253.0,63.0,Male,2.0,47624.26,0.0,3.0
6762636,4.0,58.0,57.5,Unknown,2.0,275724.14,0.0,3.0
8689349,10.0,128.0,59.5,Male,2.0,70336.47,3.0,6.0
4003380,5.0,66.0,31.0,Male,2.0,96620.35,5.0,8.0
6826141,14.0,178.0,73.0,Female,2.0,31221.08,2.0,5.0
4564948,8.0,106.0,23.5,Male,2.0,37451.03,0.0,3.0
7221996,12.0,151.0,73.0,Male,2.0,203281.81,2.0,5.0
372780,6.0,74.0,36.5,Unknown,3.0,110182.09,6.0,9.0
6238820,15.0,189.0,66.5,Male,2.0,251472.78,4.0,7.0
9047674,26.0,315.0,52.5,Female,2.0,122506.36,2.0,5.0
3027315,5.0,71.0,32.0,Female,2.0,25306.22,0.0,3.0
1512573,5.0,68.0,33.0,Female,2.0,50038.03,0.0,3.0
7871443,6.0,79.0,36.5,Unknown,2.0,34519.88,1.0,4.0
2519329,8.0,107.0,62.5,Female,2.0,269902.22,6.0,9.0
2496332,5.0,67.0,52.5,Male,2.0,107002.53,1.0,4.0
889271,13.0,166.0,62.5,Male,2.0,70345.03,3.0,6.0
6776216,6.0,74.0,52.0,Unknown,2.0,40927.31,0.0,3.0
4470019,9.0,108.0,60.0,Female,2.0,37371.97,4.0,7.0
8984082,6.0,73.0,50.0,Unknown,2.0,38908.34,4.0,7.0
4697196,14.0,169.0,19.5,Male,3.0,58048.6,5.0,8.0
8378262,15.0,189.0,52.0,Female,3.0,83233.12,4.0,7.0
5227926,5.0,70.0,49.5,Unknown,2.0,30325.2,3.0,6.0
3837966,25.0,305.0,22.5,Male,2.0,46466.78,0.0,3.0
9313825,25.0,303.0,51.0,Female,3.0,1067514.64,6.0,9.0
7630153,24.0,293.0,55.5,Female,2.0,46030.49,0.0,3.0
3624125,23.0,287.0,52.5,Female,3.0,104027.78,5.0,8.0
5807332,23.0,276.0,58.0,Unknown,2.0,36233.4,4.0,7.0
7685279,21.0,254.0,68.0,Male,3.0,91786.8,5.0,8.0
9059099,20.0,242.0,24.5,Female,2.0,25599.74,6.0,9.0
6291449,17.0,213.0,18.0,Female,2.0,25747.03,3.0,6.0
5959013,16.0,202.0,45.0,Male,3.0,110985.34,4.0,7.0
6407166,9.0,118.0,27.5,Male,3.0,189917.17,2.0,5.0
2753459,11.0,139.0,27.5,Male,2.0,34323.77,1.0,4.0
3201404,7.0,94.0,25.0,Unknown,2.0,75637.92,6.0,9.0
6081543,4.0,59.0,56.5,Unknown,2.0,40457.64,0.0,3.0
2012466,12.0,149.0,52.5,Female,2.0,107184.13,4.0,7.0
5275476,10.0,120.0,49.5,Female,2.0,83220.45999999999,1.0,4.0
739194,7.0,88.0,38.5,Unknown,2.0,118902.26,1.0,4.0
5590523,6.0,81.0,66.0,Unknown,2.0,200044.21,6.0,9.0
1128550,20.0,244.0,41.5,Unknown,2.0,494312.87,5.0,8.0
6177495,6.0,74.0,38.0,Male,3.0,114192.77,6.0,9.0
6554745,8.0,107.0,44.0,Female,2.0,50378.22,3.0,6.0
2222307,11.0,139.0,42.0,Male,2.0,239018.88,2.0,5.0
6160798,13.0,157.0,48.0,Female,2.0,31157.91,4.0,7.0
6517761,7.0,85.0,63.0,Unknown,2.0,170143.72999999998,2.0,5.0
1512070,6.0,75.0,37.0,Unknown,2.0,82030.4,6.0,9.0
4351762,3.0,39.0,61.5,Unknown,2.0,77999.14,6.0,9.0
4327573,13.0,167.0,54.5,Male,2.0,151436.91,6.0,9.0
3728457,9.0,110.0,65.0,Male,2.0,632015.0900000001,6.0,9.0
9527937,9.0,112.0,38.5,Female,2.0,115828.99,5.0,8.0
3359228,12.0,145.0,49.0,Unknown,5.0,390240.07,1.0,8.0
2822730,5.0,70.0,29.5,Male,3.0,50572.51,5.0,8.0
8765304,10.0,131.0,43.5,Female,2.0,61209.21,0.0,3.0
7830918,6.0,82.0,24.5,Unknown,2.0,37149.84,6.0,9.0
2719803,6.0,77.0,36.0,Unknown,2.0,265164.96,3.0,6.0
4315157,5.0,70.0,45.5,Unknown,2.0,57770.67,0.0,3.0
5461564,5.0,69.0,60.5,Unknown,2.0,87167.81,3.0,6.0
1497256,11.0,142.0,29.5,Male,3.0,148857.76,6.0,9.0
3606469,15.0,184.0,29.5,Unknown,3.0,57515.77,2.0,5.0
2650217,6.0,72.0,35.5,Unknown,2.0,38653.28,3.0,6.0
1481056,12.0,150.0,43.5,Male,2.0,121841.62,1.0,4.0
2654807,16.0,192.0,51.5,Female,2.0,107169.48,3.0,6.0
7292471,14.0,179.0,64.0,Male,2.0,109046.67,6.0,9.0
8546353,12.0,151.0,61.5,Male,2.0,96815.57,6.0,9.0
4668474,9.0,116.0,59.5,Female,2.0,47269.77,1.0,4.0
3365267,12.0,154.0,74.0,Female,2.0,86555.23,2.0,5.0
3760829,10.0,129.0,49.5,Female,2.0,215121.05,6.0,9.0
5241540,24.0,293.0,60.0,Male,2.0,143371.28999999998,1.0,4.0
7225653,24.0,289.0,75.0,Female,4.0,63932.15,3.0,6.0
2644182,23.0,285.0,52.5,Female,4.0,446386.41,5.0,8.0
9829438,23.0,282.0,50.5,Male,3.0,1808476.25,6.0,9.0
1865475,23.0,278.0,21.0,Male,2.0,46289.11,0.0,3.0
2058346,22.0,270.0,21.0,Female,3.0,219491.49,6.0,9.0
2828426,21.0,260.0,45.0,Female,3.0,69872.03,3.0,6.0
6144296,21.0,259.0,64.5,Male,3.0,500546.44,3.0,6.0
8257990,21.0,253.0,50.5,Male,3.0,1739282.5,6.0,9.0
6917138,20.0,251.0,55.5,Female,2.0,249961.95,6.0,9.0
1520551,19.0,238.0,39.5,Female,3.0,44963.74,0.0,3.0
257259,19.0,233.0,29.5,Male,2.0,69284.87,1.0,4.0
7663280,19.0,230.0,42.0,Male,2.0,34701.95,4.0,7.0
2189824,18.0,221.0,34.5,Female,2.0,74984.89,0.0,3.0
5747614,15.0,180.0,35.0,Male,2.0,44457.07,2.0,5.0
1130281,35.0,431.0,67.5,Male,2.0,95657.51,4.0,8.0
3845071,17.0,208.0,37.0,Female,2.0,68324.16,6.0,9.0
3501299,7.0,87.0,64.0,Unknown,2.0,166280.14,3.0,6.0
2296131,15.0,182.0,55.0,Male,2.0,33801.55,6.0,9.0
4681498,10.0,130.0,24.5,Female,2.0,29302.61,2.0,5.0
6694635,5.0,70.0,46.5,Unknown,2.0,44901.61,2.0,5.0
1238090,8.0,100.0,39.5,Male,2.0,25397.4,1.0,4.0
1454516,38.0,464.0,33.0,Female,2.0,280224.28,1.0,4.0
775843,6.0,76.0,27.0,Unknown,4.0,64770.74,4.0,7.0
3571495,4.0,55.0,54.0,Unknown,2.0,37481.73,1.0,4.0
7920313,13.0,164.0,26.5,Male,2.0,32763.03,3.0,6.0
8587434,12.0,151.0,45.5,Female,2.0,63011.9,0.0,3.0
1091725,10.0,129.0,33.0,Male,2.0,37472.82,6.0,9.0
1424457,12.0,155.0,74.0,Male,2.0,1497274.73,0.0,3.0
1292630,13.0,166.0,39.0,Female,2.0,89627.37,3.0,6.0
9716767,7.0,85.0,24.5,Unknown,2.0,45101.92,6.0,9.0
9198877,14.0,169.0,69.5,Unknown,2.0,39414.71,0.0,3.0
3235286,22.0,269.0,64.0,Male,4.0,543480.29,1.0,4.0
3930392,10.0,124.0,43.5,Male,2.0,74572.92,0.0,3.0
2990592,8.0,99.0,48.0,Unknown,2.0,34768.17,0.0,3.0
1685349,14.0,176.0,34.0,Female,2.0,42087.03999999999,4.0,7.0
3207103,6.0,82.0,43.5,Unknown,3.0,126404.04,1.0,4.0
1362308,14.0,169.0,35.5,Male,2.0,30640.59,1.0,4.0
4770721,16.0,194.0,55.0,Male,2.0,43998.56,1.0,4.0
7226583,15.0,185.0,38.0,Male,2.0,43022.19,0.0,3.0
1346799,4.0,56.0,64.0,Unknown,2.0,89023.7,0.0,3.0
1784749,4.0,58.0,52.5,Female,2.0,213666.61,1.0,4.0
8842749,8.0,96.0,48.5,Unknown,2.0,48929.7,6.0,9.0
5055040,4.0,57.0,64.0,Unknown,2.0,99810.67,2.0,5.0
4172990,11.0,136.0,42.5,Female,2.0,141805.45,0.0,3.0
3482718,26.0,317.0,68.0,Male,3.0,350484.23,0.0,3.0
3498908,15.0,191.0,62.5,Female,2.0,300775.65,6.0,9.0
3999608,7.0,89.0,87.0,Female,2.0,51859.58,6.0,9.0
9652446,14.0,173.0,51.5,Female,2.0,53891.61,1.0,4.0
7486083,7.0,90.0,49.5,Unknown,2.0,880869.03,6.0,9.0
2058253,4.0,59.0,42.5,Male,2.0,60949.4,1.0,4.0
7404361,8.0,106.0,50.0,Male,2.0,100893.14,0.0,3.0
6479358,7.0,85.0,26.5,Unknown,2.0,30269.06,4.0,7.0
2500988,5.0,66.0,71.5,Male,2.0,303233.63,0.0,3.0
4702614,12.0,144.0,67.0,Male,2.0,287129.25,6.0,9.0
7673842,24.0,296.0,51.5,Male,2.0,616895.28,5.0,8.0
6160544,23.0,283.0,70.0,Female,2.0,175077.96000000002,5.0,8.0
9388092,21.0,257.0,63.5,Female,2.0,51997.17999999999,0.0,3.0
4889751,20.0,247.0,54.5,Female,3.0,133918.97,1.0,4.0
3942363,20.0,241.0,23.5,Male,2.0,75045.94,2.0,5.0
6228965,19.0,236.0,31.5,Male,3.0,37334.75,2.0,5.0
7960156,19.0,228.0,68.5,Female,5.0,234294.37,6.0,9.0
7714175,17.0,214.0,20.5,Unknown,3.0,112536.57,6.0,9.0
3277379,11.0,136.0,28.0,Male,2.0,58492.19,4.0,7.0
7205421,7.0,85.0,67.0,Unknown,2.0,89716.97,6.0,9.0
5884133,6.0,81.0,27.5,Unknown,3.0,31043.53,0.0,3.0
98248,6.0,83.0,60.0,Unknown,2.0,262612.85,6.0,9.0
9667867,6.0,73.0,33.0,Unknown,2.0,66540.45999999999,4.0,7.0
4703812,6.0,79.0,31.0,Unknown,2.0,32686.82,6.0,9.0
3999004,12.0,154.0,32.5,Female,2.0,48413.16,6.0,9.0
8204700,13.0,166.0,54.5,Male,2.0,46251.57,3.0,6.0
7914173,6.0,74.0,20.0,Unknown,2.0,27188.92,1.0,4.0
2910449,5.0,63.0,25.5,Unknown,2.0,105269.54,5.0,8.0
922832,39.0,473.0,71.0,Male,3.0,2392409.58,4.0,8.0
1125026,8.0,96.0,47.0,Unknown,2.0,42174.33,2.0,5.0
1550378,14.0,174.0,40.0,Male,2.0,93923.08,1.0,4.0
5412643,11.0,139.0,66.5,Female,2.0,92168.18,4.0,7.0
9904782,26.0,312.0,81.0,Female,2.0,141050.36,1.0,4.0
6704362,14.0,175.0,59.0,Female,2.0,53278.66,2.0,5.0
6708135,5.0,69.0,33.0,Male,3.0,235663.05,4.0,7.0
6293657,5.0,71.0,30.5,Unknown,2.0,36205.49,1.0,4.0
8446876,14.0,169.0,59.0,Female,2.0,38765.84,1.0,4.0
4280545,5.0,69.0,67.0,Unknown,2.0,67619.26999999999,6.0,9.0
591020,14.0,170.0,29.5,Male,2.0,107085.03,2.0,5.0
9092651,9.0,118.0,43.5,Female,2.0,125430.31,5.0,8.0
9932773,10.0,129.0,62.0,Female,2.0,38798.15,0.0,3.0
7897094,27.0,328.0,32.0,Female,2.0,74287.73,6.0,9.0
1848189,13.0,166.0,27.5,Unknown,2.0,53456.91,3.0,6.0
7509627,9.0,108.0,53.0,Female,2.0,66262.98999999999,3.0,6.0
8643140,15.0,189.0,77.0,Female,2.0,244284.27,3.0,6.0
58676,4.0,58.0,51.5,Female,2.0,42749.84,0.0,3.0
5475466,15.0,189.0,21.5,Male,3.0,46728.07,1.0,4.0
3436674,6.0,72.0,42.0,Unknown,3.0,56427.33,6.0,9.0
2544704,16.0,199.0,31.5,Male,2.0,137955.05,0.0,3.0
3933525,12.0,147.0,66.5,Female,2.0,25150.29,0.0,3.0
7891885,12.0,147.0,53.5,Female,2.0,42995.42,0.0,3.0
7016465,6.0,75.0,61.5,Unknown,2.0,172374.69,2.0,5.0
9117582,4.0,58.0,27.0,Unknown,2.0,37650.65,1.0,4.0
1612789,8.0,104.0,39.0,Female,2.0,40479.58,0.0,3.0
5890737,13.0,161.0,36.5,Female,2.0,105834.13,5.0,8.0
263177,7.0,90.0,56.0,Unknown,2.0,132550.36,1.0,4.0
3205096,25.0,306.0,58.5,Male,2.0,38704.06,0.0,3.0
9419417,25.0,306.0,35.5,Male,3.0,148963.72999999998,4.0,7.0
5013337,24.0,288.0,54.5,Female,3.0,53823.65,3.0,6.0
8978031,23.0,282.0,56.0,Male,2.0,572707.16,6.0,9.0
7161415,21.0,257.0,61.5,Male,2.0,129728.32,6.0,9.0
7956471,20.0,248.0,60.5,Female,2.0,51923.92,3.0,6.0
3649022,20.0,241.0,24.0,Male,2.0,205297.0,6.0,9.0
4933317,19.0,239.0,32.0,Female,3.0,161920.13,6.0,9.0
7821194,15.0,188.0,20.0,Male,3.0,45679.12,4.0,7.0
6902036,21.0,253.0,64.0,Male,2.0,618902.8300000001,2.0,5.0
6802120,4.0,56.0,70.0,Female,2.0,222870.69,2.0,5.0
2324981,7.0,86.0,22.0,Unknown,3.0,71370.62,1.0,4.0
6747431,10.0,131.0,41.0,Female,2.0,70110.70999999999,0.0,4.0
627897,28.0,336.0,48.5,Male,2.0,30791.93,2.0,5.0
3238375,3.0,46.0,21.0,Male,2.0,25474.23,5.0,8.0
8500861,6.0,74.0,25.0,Unknown,2.0,33883.8,6.0,9.0
3210525,7.0,94.0,32.5,Unknown,2.0,42854.98,1.0,4.0
1501027,10.0,131.0,35.0,Female,2.0,96951.32,6.0,9.0
1093520,9.0,108.0,25.5,Male,2.0,39180.26,3.0,6.0
1465625,10.0,128.0,65.0,Female,2.0,81891.13,6.0,9.0
8879065,6.0,72.0,45.0,Unknown,3.0,543745.28,3.0,7.0
9529396,6.0,72.0,24.0,Unknown,3.0,34027.88,0.0,3.0
2485176,32.0,394.0,57.5,Male,3.0,440521.13,5.0,9.0
2503558,14.0,179.0,63.5,Female,2.0,27355.18,5.0,8.0
3842780,4.0,57.0,29.5,Unknown,2.0,45837.26,6.0,9.0
3894548,7.0,94.0,49.5,Unknown,2.0,32379.19,0.0,3.0
910415,4.0,56.0,60.0,Unknown,2.0,31498.49,4.0,7.0
1577727,15.0,188.0,53.0,Female,2.0,204112.67,2.0,5.0
1955277,8.0,103.0,28.5,Unknown,3.0,42070.76,4.0,7.0
38340,6.0,78.0,38.5,Unknown,2.0,55491.25,2.0,5.0
2717283,6.0,76.0,21.5,Unknown,3.0,54287.38,1.0,4.0
395988,8.0,104.0,60.5,Male,2.0,81475.42,6.0,9.0
7556563,27.0,335.0,78.0,Female,2.0,224991.93,1.0,4.0
8038699,12.0,150.0,33.5,Male,2.0,32439.79,2.0,5.0
6309891,8.0,107.0,35.5,Female,2.0,59354.77,2.0,5.0
5449968,21.0,253.0,57.5,Male,3.0,58294.54,5.0,9.0
7181488,28.0,344.0,58.0,Male,3.0,2528306.73,4.0,7.0
3933965,24.0,299.0,55.0,Male,2.0,287033.08,0.0,3.0
6787999,13.0,156.0,67.0,Female,2.0,31216.49,1.0,4.0
7932951,28.0,337.0,56.0,Female,3.0,107769.49,2.0,5.0
6583508,10.0,126.0,30.0,Female,2.0,32858.14,0.0,3.0
6454945,14.0,179.0,64.0,Male,2.0,171085.39,6.0,9.0
5284364,6.0,72.0,45.0,Unknown,2.0,49123.14,5.0,8.0
9159526,6.0,78.0,24.5,Unknown,2.0,29663.23,3.0,6.0
1247526,7.0,95.0,60.0,Unknown,2.0,48415.99,6.0,9.0
4060581,13.0,158.0,40.5,Male,2.0,86293.16,4.0,7.0
2529944,13.0,167.0,45.0,Female,2.0,24084.4,6.0,9.0
8649227,9.0,116.0,67.0,Female,2.0,88660.18,1.0,4.0
6269285,16.0,196.0,43.5,Female,2.0,339483.89,0.0,3.0
5147910,4.0,58.0,54.0,Unknown,2.0,25993.49,0.0,3.0
4152899,7.0,92.0,32.0,Unknown,2.0,67100.9,3.0,6.0
4869262,5.0,70.0,32.0,Unknown,2.0,57520.12,1.0,4.0
4117938,5.0,65.0,29.5,Unknown,2.0,47821.78,6.0,9.0
8919311,21.0,253.0,49.5,Male,2.0,27772.63,4.0,7.0
5974043,4.0,58.0,46.0,Unknown,2.0,48088.87,3.0,6.0
7308546,16.0,193.0,29.0,Male,2.0,66329.6,6.0,9.0
864116,7.0,87.0,63.0,Unknown,2.0,81901.44,2.0,5.0
5564018,6.0,77.0,30.5,Unknown,2.0,52570.3,1.0,4.0
4020479,5.0,62.0,50.5,Female,2.0,141230.31,1.0,4.0
6415042,10.0,125.0,77.0,Male,3.0,373439.42,2.0,5.0
5741247,7.0,85.0,94.0,Unknown,2.0,950793.99,4.0,7.0
8924772,13.0,165.0,29.5,Male,3.0,63956.59,4.0,7.0
2350690,4.0,59.0,28.0,Unknown,4.0,37184.14,5.0,8.0
6654261,12.0,144.0,30.5,Female,3.0,122311.19,5.0,8.0
7063037,33.0,406.0,32.0,Male,3.0,34297.49,2.0,5.0
8455042,10.0,130.0,32.5,Female,2.0,80054.84,0.0,3.0
8988638,9.0,118.0,68.0,Female,2.0,54953.56,2.0,5.0
6701380,4.0,59.0,71.5,Unknown,2.0,34196.95,3.0,6.0
4170615,10.0,131.0,60.0,Female,2.0,47417.52,2.0,5.0
4510805,25.0,306.0,63.0,Female,2.0,37918.78,2.0,8.0
4746025,23.0,285.0,46.0,Female,2.0,41068.77,6.0,9.0
9649593,23.0,283.0,67.5,Male,2.0,116231.56,0.0,3.0
6317332,21.0,259.0,46.5,Male,3.0,162412.32,6.0,9.0
3474098,7.0,90.0,69.0,Unknown,2.0,493837.58,4.0,7.0
2121101,18.0,221.0,57.0,Male,3.0,139629.69,3.0,6.0
8863351,4.0,58.0,25.5,Unknown,3.0,44120.55,4.0,7.0
744915,13.0,156.0,36.0,Male,2.0,46120.35,1.0,4.0
7707869,6.0,80.0,25.5,Unknown,3.0,184171.16,6.0,9.0
696176,4.0,56.0,28.0,Unknown,2.0,32252.95,4.0,7.0
5712194,8.0,96.0,35.5,Unknown,3.0,143267.16,0.0,4.0
6466137,15.0,189.0,49.5,Male,2.0,468981.59,6.0,9.0
1922378,26.0,322.0,45.5,Male,2.0,61545.03,0.0,3.0
8459841,8.0,97.0,30.0,Unknown,2.0,41020.71,0.0,3.0
4727053,26.0,317.0,46.5,Female,2.0,104623.32,6.0,9.0
5689853,27.0,332.0,62.0,Male,2.0,193129.98,0.0,3.0
2849164,10.0,130.0,61.0,Female,2.0,45414.16,0.0,3.0
7239215,10.0,120.0,30.0,Female,2.0,99724.73,3.0,6.0
352713,12.0,154.0,33.0,Male,2.0,87468.41,4.0,7.0
9729013,13.0,167.0,50.5,Female,2.0,25369.48,2.0,5.0
7657181,6.0,83.0,40.5,Unknown,2.0,83702.36,3.0,6.0
6652997,5.0,67.0,30.5,Unknown,2.0,64595.2,2.0,5.0
101143,9.0,112.0,68.0,Male,2.0,56628.39,4.0,7.0
2172278,9.0,108.0,71.5,Female,2.0,39844.25,1.0,4.0
8648392,8.0,105.0,57.5,Female,2.0,38422.71,0.0,3.0
4808932,13.0,163.0,34.0,Female,3.0,2614563.92,4.0,7.0
5250931,6.0,81.0,50.0,Unknown,2.0,654841.81,4.0,7.0
9019969,15.0,188.0,76.0,Male,2.0,344297.28,5.0,8.0
8092909,5.0,67.0,47.5,Unknown,2.0,89789.41,3.0,7.0
3876565,12.0,146.0,45.5,Female,2.0,30977.61,2.0,5.0
8270123,6.0,73.0,29.0,Unknown,2.0,56977.77,6.0,9.0
3961269,7.0,95.0,62.5,Unknown,2.0,75427.62,6.0,9.0
6164570,23.0,287.0,71.5,Male,3.0,102026.76,6.0,9.0
7082842,11.0,140.0,42.0,Male,2.0,46876.88,3.0,6.0
8429054,23.0,286.0,57.5,Male,2.0,347626.05,4.0,7.0
4952622,9.0,114.0,62.0,Female,2.0,65479.51,2.0,5.0
8463084,28.0,342.0,51.5,Female,3.0,983771.32,3.0,6.0
2730048,7.0,93.0,67.5,Unknown,2.0,94892.85,3.0,6.0
9262413,7.0,86.0,52.5,Unknown,2.0,31875.29,1.0,4.0
5057465,5.0,64.0,37.0,Unknown,2.0,33743.07,2.0,5.0
4772286,24.0,293.0,30.5,Female,2.0,42461.11,2.0,5.0
3173811,4.0,59.0,35.5,Unknown,2.0,38880.18,0.0,3.0
8216174,12.0,154.0,61.0,Male,2.0,116661.2,0.0,3.0
4234389,4.0,56.0,66.5,Female,2.0,80507.19,4.0,7.0
2209005,11.0,132.0,43.5,Female,2.0,59195.36,0.0,3.0
3783667,24.0,294.0,55.5,Female,5.0,422598.03,4.0,7.0
9331129,23.0,281.0,39.5,Male,2.0,74968.23,6.0,9.0
5341464,23.0,277.0,18.0,Male,2.0,26909.47,1.0,4.0
374835,17.0,215.0,37.0,Male,2.0,103624.83,4.0,7.0
8408800,17.0,215.0,45.5,Male,2.0,35206.23,0.0,3.0
6377119,9.0,113.0,69.0,Female,2.0,95358.46,1.0,4.0
1131259,4.0,49.0,28.0,Unknown,2.0,44403.05,6.0,9.0
9713872,15.0,188.0,62.0,Female,2.0,115108.2,6.0,9.0
5692800,13.0,162.0,30.5,Female,2.0,123098.59,1.0,4.0
7828347,11.0,136.0,78.0,Female,2.0,73642.51999999999,2.0,5.0
6092861,33.0,407.0,59.5,Male,3.0,104610.22,3.0,6.0
6768904,15.0,190.0,59.5,Unknown,3.0,322368.4,3.0,6.0
6543959,5.0,66.0,29.5,Unknown,2.0,49469.03,1.0,4.0
4713503,11.0,143.0,63.5,Female,2.0,115945.63,2.0,5.0
670729,17.0,213.0,72.0,Male,3.0,1130171.8199999998,6.0,9.0
3414698,4.0,56.0,34.0,Unknown,2.0,35811.93,0.0,3.0
8197609,5.0,70.0,23.0,Male,2.0,28757.61,0.0,3.0
1142370,6.0,74.0,57.5,Female,2.0,63173.96,1.0,4.0
7449202,15.0,191.0,68.5,Male,2.0,69954.88,5.0,8.0
5981721,11.0,140.0,28.0,Male,2.0,31600.87,5.0,8.0
219882,15.0,188.0,38.0,Male,2.0,65007.74,5.0,8.0
9659405,10.0,128.0,67.0,Female,2.0,46154.11,0.0,3.0
44216,16.0,196.0,44.0,Male,2.0,79616.53,6.0,9.0
4371805,16.0,193.0,51.0,Male,2.0,670966.42,6.0,9.0
6942071,14.0,175.0,43.5,Female,2.0,33331.83,2.0,6.0
4257470,4.0,59.0,43.0,Unknown,2.0,27738.69,2.0,5.0
6840168,16.0,194.0,72.0,Female,2.0,172830.11,1.0,4.0
7560401,12.0,155.0,49.0,Male,2.0,98388.58,1.0,4.0
7235377,4.0,59.0,53.0,Unknown,2.0,47535.86,2.0,5.0
6683623,6.0,79.0,25.5,Unknown,2.0,33662.32,1.0,4.0
3317334,11.0,137.0,33.0,Male,2.0,70662.61,6.0,9.0
382202,14.0,179.0,58.5,Female,2.0,142690.65,3.0,6.0
2091795,4.0,59.0,22.0,Unknown,2.0,28003.2,6.0,9.0
5841975,4.0,56.0,44.0,Unknown,3.0,207372.64,5.0,8.0
6532710,6.0,76.0,24.5,Unknown,2.0,60524.62,6.0,9.0
2514528,13.0,157.0,55.5,Female,2.0,509678.43,6.0,9.0
5517631,6.0,82.0,50.0,Unknown,2.0,40547.86,1.0,4.0
6885985,26.0,321.0,22.5,Male,2.0,29880.75,1.0,4.0
4312267,5.0,70.0,40.5,Male,2.0,91845.68,6.0,9.0
1826773,11.0,142.0,42.0,Female,2.0,63994.99,4.0,7.0
304915,5.0,64.0,65.5,Unknown,2.0,231831.11,3.0,6.0
6542671,9.0,118.0,32.0,Male,5.0,262335.52,6.0,9.0
8826014,10.0,131.0,49.5,Female,3.0,253061.27,4.0,7.0
8230364,8.0,106.0,52.5,Female,2.0,31547.96,3.0,6.0
9509555,11.0,136.0,24.5,Female,2.0,60769.31,6.0,9.0
9396373,6.0,80.0,37.5,Unknown,2.0,50844.71,6.0,9.0
5768111,7.0,84.0,28.5,Unknown,2.0,47098.21,2.0,5.0
3190934,11.0,137.0,32.5,Male,2.0,72098.2,6.0,9.0
3813163,28.0,346.0,47.0,Female,2.0,184201.91,6.0,9.0
7693669,23.0,282.0,59.5,Female,3.0,183905.19,3.0,6.0
3448244,23.0,277.0,59.5,Male,3.0,499860.56,1.0,4.0
856311,22.0,275.0,21.0,Female,3.0,288377.9,5.0,8.0
1998506,22.0,268.0,55.0,Female,2.0,46838.47,2.0,6.0
5973424,21.0,260.0,62.5,Male,3.0,393830.54,5.0,8.0
5282553,21.0,259.0,50.0,Female,2.0,58543.33,6.0,9.0
3719522,22.0,268.0,41.5,Female,2.0,61171.27,0.0,3.0
2610631,19.0,229.0,55.5,Female,3.0,124037.39,6.0,9.0
1963382,5.0,71.0,21.0,Male,2.0,27940.21,0.0,3.0
6231137,7.0,91.0,45.5,Unknown,3.0,181835.9,6.0,9.0
4035951,15.0,183.0,69.5,Male,2.0,36706.3,3.0,6.0
1956823,8.0,101.0,36.0,Unknown,2.0,103775.92,0.0,3.0
9333749,9.0,108.0,62.5,Male,2.0,26737.57,1.0,4.0
2938239,9.0,119.0,49.5,Male,2.0,274485.3,1.0,4.0
4084333,5.0,64.0,57.5,Female,2.0,41369.9,6.0,9.0
2989013,32.0,394.0,84.0,Male,3.0,144169.39,6.0,9.0
9889738,11.0,142.0,30.0,Male,3.0,95235.8,1.0,4.0
3503591,3.0,38.0,33.5,Male,3.0,305778.59,5.0,8.0
6867301,11.0,143.0,35.5,Female,2.0,33793.83,6.0,9.0
7695829,6.0,72.0,36.0,Unknown,2.0,61531.04,0.0,3.0
9524455,14.0,169.0,34.0,Male,2.0,59290.47,3.0,6.0
9061226,10.0,123.0,79.5,Male,2.0,210329.67,6.0,9.0
8905969,8.0,103.0,46.0,Male,3.0,62024.42,6.0,9.0
6040488,13.0,164.0,74.0,Male,2.0,28531.32,6.0,9.0
179667,16.0,196.0,67.0,Female,2.0,85341.08,5.0,8.0
1887771,12.0,148.0,62.5,Female,3.0,220868.86,2.0,5.0
135199,4.0,59.0,32.0,Unknown,2.0,45417.28,6.0,9.0
6372038,10.0,130.0,67.5,Male,2.0,59487.67,4.0,8.0
6541730,5.0,71.0,28.5,Unknown,2.0,51704.42,1.0,4.0
6640268,12.0,147.0,49.0,Male,2.0,120270.74,3.0,6.0
6678962,7.0,89.0,37.0,Unknown,2.0,56465.33,0.0,3.0
9115560,5.0,67.0,23.5,Unknown,3.0,31952.27,2.0,5.0
3642371,11.0,135.0,55.5,Unknown,2.0,1108463.76,6.0,9.0
5602726,6.0,75.0,27.5,Unknown,2.0,29830.51,2.0,5.0
2594534,5.0,64.0,24.5,Unknown,2.0,30027.3,6.0,9.0
7395549,14.0,173.0,43.5,Male,2.0,64576.58,5.0,8.0
1184945,15.0,181.0,66.5,Male,3.0,29727.25,5.0,8.0
3297245,7.0,94.0,34.0,Unknown,2.0,92483.99,0.0,4.0
2723277,4.0,58.0,29.5,Unknown,2.0,28847.88,1.0,4.0
613804,16.0,192.0,59.5,Male,2.0,376160.72,6.0,9.0
5823006,10.0,128.0,32.5,Female,2.0,77516.95999999999,6.0,9.0
2372059,13.0,156.0,53.0,Female,2.0,142574.8,1.0,4.0
7936212,6.0,75.0,54.5,Unknown,2.0,49347.76,5.0,8.0
623101,18.0,223.0,49.5,Male,2.0,24328.96,5.0,8.0
9546908,15.0,189.0,37.5,Male,2.0,44130.89,0.0,3.0
9351887,8.0,101.0,29.0,Unknown,2.0,30025.06,3.0,6.0
267551,21.0,263.0,57.0,Male,6.0,636705.17,6.0,9.0
8804345,25.0,301.0,55.5,Female,3.0,157508.18,3.0,6.0
3069573,21.0,257.0,25.5,Male,2.0,35571.06,2.0,5.0
1108747,20.0,251.0,62.0,Female,2.0,95406.57,1.0,4.0
5855839,20.0,245.0,29.5,Male,3.0,103859.41,6.0,9.0
2826827,20.0,241.0,50.5,Female,2.0,33994.75,2.0,5.0
6814118,19.0,232.0,26.5,Male,2.0,65252.08,1.0,4.0
5550061,17.0,215.0,70.0,Male,3.0,402943.83,4.0,7.0
9265410,16.0,202.0,44.5,Unknown,2.0,90156.57,3.0,6.0
4928421,13.0,160.0,65.5,Female,2.0,32675.34,6.0,9.0
5250698,6.0,83.0,27.0,Unknown,2.0,32143.91,6.0,9.0
5077812,12.0,155.0,62.0,Male,2.0,151902.05,2.0,5.0
8938746,6.0,76.0,43.5,Unknown,2.0,35810.81,0.0,3.0
4031173,9.0,109.0,73.5,Female,2.0,86644.36,0.0,3.0
376793,15.0,190.0,71.0,Male,2.0,42273.78999999999,2.0,5.0
9151290,8.0,107.0,37.5,Male,2.0,39443.99,0.0,3.0
9305842,10.0,126.0,38.5,Male,2.0,61224.04,4.0,7.0
2532526,5.0,66.0,62.0,Female,2.0,34550.149999999994,0.0,3.0
3406058,15.0,191.0,54.5,Male,2.0,127015.39,6.0,9.0
6191203,11.0,143.0,49.0,Male,2.0,81739.41,2.0,5.0
7104005,13.0,163.0,61.0,Female,3.0,665919.8500000001,6.0,9.0
246901,9.0,116.0,59.5,Female,2.0,103597.65,6.0,9.0
3668546,12.0,153.0,48.5,Male,2.0,144563.63,1.0,4.0
1096581,11.0,133.0,62.0,Male,2.0,452098.3,4.0,7.0
5007915,4.0,57.0,35.5,Unknown,2.0,25025.05,6.0,9.0
4495039,9.0,118.0,68.0,Female,2.0,44981.11,4.0,7.0
5644756,13.0,166.0,49.0,Male,2.0,107025.56,5.0,8.0
5626200,9.0,113.0,43.5,Female,2.0,28886.49,0.0,3.0
778886,12.0,155.0,33.0,Female,2.0,105056.0,1.0,4.0
4969763,9.0,108.0,61.5,Female,2.0,68611.23999999999,2.0,5.0
6027107,8.0,103.0,57.5,Unknown,2.0,256531.2,0.0,4.0
3530419,14.0,179.0,45.0,Male,2.0,61689.69,2.0,5.0
944227,16.0,200.0,43.0,Female,2.0,68548.31,2.0,5.0
1015227,6.0,72.0,29.0,Unknown,2.0,53119.34,6.0,9.0
5906129,26.0,318.0,52.0,Female,2.0,65610.94,1.0,4.0
377380,20.0,250.0,62.0,Female,2.0,25115.62,2.0,5.0
1547210,7.0,85.0,35.5,Unknown,2.0,79104.64,6.0,9.0
4803230,5.0,69.0,57.5,Female,2.0,143850.89,3.0,6.0
9914393,5.0,65.0,59.5,Male,2.0,70874.56,3.0,6.0
7721837,7.0,91.0,61.5,Unknown,2.0,144696.39,4.0,7.0
8519232,9.0,119.0,64.5,Male,2.0,145607.9,4.0,7.0
4600907,11.0,137.0,63.5,Female,2.0,34031.91,2.0,5.0
1277300,8.0,97.0,53.5,Unknown,2.0,195623.79,6.0,9.0
3830710,11.0,143.0,48.5,Female,2.0,82276.69,0.0,3.0
6530293,10.0,120.0,31.0,Male,2.0,41362.81,5.0,8.0
7227648,13.0,156.0,50.5,Male,2.0,526088.4400000001,0.0,3.0
5630341,5.0,68.0,63.0,Unknown,2.0,62320.23,4.0,7.0
503064,5.0,64.0,34.0,Unknown,2.0,36491.38,3.0,6.0
4587107,4.0,56.0,25.0,Unknown,2.0,34683.57,6.0,9.0
5456763,5.0,62.0,49.0,Male,2.0,65643.39,2.0,5.0
1465089,6.0,72.0,24.5,Unknown,2.0,63547.18,1.0,4.0
5842948,4.0,59.0,44.5,Unknown,2.0,105414.03,1.0,4.0
7153949,6.0,76.0,29.5,Unknown,2.0,39804.97,6.0,9.0
1618887,15.0,191.0,44.5,Unknown,2.0,116069.51,2.0,5.0
2553353,11.0,133.0,36.5,Male,2.0,58942.16,6.0,9.0
4261163,9.0,119.0,46.5,Female,3.0,159158.25,2.0,5.0
4009468,12.0,155.0,34.5,Female,2.0,67582.29999999999,1.0,4.0
9073501,6.0,82.0,48.5,Unknown,3.0,125583.2,1.0,4.0
4843711,25.0,305.0,53.5,Male,3.0,530007.26,6.0,9.0
2653125,24.0,289.0,67.5,Male,2.0,284234.57,1.0,4.0
506615,27.0,332.0,55.5,Female,3.0,542176.58,5.0,8.0
3831041,22.0,274.0,66.0,Female,2.0,213585.91,6.0,9.0
1873941,21.0,260.0,49.5,Female,3.0,196402.83,3.0,6.0
2378794,21.0,257.0,47.5,Female,2.0,109143.19,2.0,5.0
9025077,19.0,238.0,50.0,Male,3.0,380373.72,6.0,9.0
7414313,18.0,226.0,35.0,Female,2.0,36535.22,6.0,9.0
1318472,18.0,217.0,25.0,Male,2.0,63644.06,5.0,8.0
875259,11.0,143.0,45.5,Male,2.0,124317.17,0.0,3.0
3431846,5.0,64.0,67.5,Unknown,2.0,34399.88,3.0,7.0
4376392,3.0,45.0,68.5,Unknown,2.0,77334.29000000001,0.0,3.0
6139724,10.0,131.0,49.5,Male,2.0,48052.56,2.0,5.0
449421,4.0,59.0,18.5,Unknown,2.0,55003.42999999999,1.0,4.0
1599039,13.0,161.0,77.0,Male,2.0,145112.24,6.0,9.0
2309549,5.0,67.0,52.0,Male,3.0,44529.03999999999,6.0,9.0
5891980,18.0,227.0,66.0,Male,2.0,156569.62,6.0,9.0
2873060,6.0,72.0,25.5,Unknown,2.0,57673.27,2.0,5.0
5583943,12.0,152.0,55.0,Male,3.0,171418.81,0.0,3.0
8349427,4.0,59.0,31.0,Unknown,2.0,30626.88,0.0,3.0
8163610,4.0,55.0,47.0,Unknown,2.0,51799.82,0.0,3.0
208784,11.0,143.0,60.5,Female,2.0,23921.66,3.0,6.0
5161244,15.0,182.0,26.5,Male,2.0,54606.81,5.0,8.0
4474393,7.0,87.0,24.0,Unknown,2.0,36377.95,0.0,4.0
4032483,5.0,64.0,70.5,Male,2.0,149341.58000000002,6.0,9.0
6038666,6.0,73.0,20.0,Unknown,2.0,37791.18,0.0,3.0
4055484,7.0,85.0,46.5,Unknown,2.0,127942.62,2.0,5.0
312042,6.0,73.0,71.5,Female,2.0,317169.33,4.0,7.0
612529,13.0,158.0,57.0,Male,2.0,138140.09999999998,5.0,8.0
8101345,26.0,313.0,64.5,Male,2.0,81476.78,6.0,9.0
7632901,14.0,176.0,47.5,Female,2.0,27164.77,1.0,4.0
1808373,28.0,339.0,52.0,Male,3.0,108789.11,0.0,3.0
5503836,29.0,354.0,52.5,Male,3.0,885370.62,6.0,9.0
3957356,13.0,167.0,57.5,Male,2.0,299079.06,3.0,6.0
2174882,6.0,72.0,31.5,Unknown,2.0,32747.55,2.0,5.0
8153271,6.0,78.0,37.0,Unknown,2.0,121869.61,2.0,5.0
9421926,5.0,66.0,45.0,Unknown,2.0,39178.38,2.0,5.0
7546948,21.0,260.0,60.5,Male,2.0,242730.75,5.0,8.0
6103024,15.0,180.0,50.5,Male,2.0,79396.47,1.0,4.0
3089464,5.0,65.0,33.0,Unknown,2.0,44330.05,5.0,8.0
3024259,28.0,345.0,71.0,Female,2.0,293523.02,2.0,5.0
3223702,9.0,114.0,49.5,Female,2.0,75427.51999999999,6.0,9.0
2894996,5.0,62.0,49.5,Male,2.0,54878.15,1.0,4.0
6974954,8.0,106.0,53.5,Male,2.0,73568.75,4.0,7.0
6793485,15.0,181.0,27.0,Male,2.0,56357.73,2.0,5.0
5094615,5.0,70.0,40.0,Unknown,2.0,41573.67,2.0,5.0
6101171,10.0,127.0,52.5,Male,2.0,40848.0,4.0,7.0
3880183,7.0,94.0,52.0,Unknown,3.0,136796.28,3.0,6.0
4430346,9.0,109.0,52.0,Female,2.0,109371.44,4.0,7.0
9677939,27.0,334.0,60.5,Male,3.0,382220.22,6.0,9.0
3907200,23.0,282.0,53.5,Male,3.0,187002.16,6.0,9.0
3734268,23.0,277.0,71.5,Male,2.0,43986.17999999999,0.0,5.0
3097686,22.0,273.0,66.5,Female,2.0,209700.29,1.0,4.0
9595203,21.0,262.0,77.0,Male,3.0,283091.61,6.0,9.0
6322292,21.0,262.0,19.5,Female,2.0,26983.06,2.0,5.0
7327707,21.0,260.0,53.5,Male,2.0,73440.70999999999,6.0,9.0
2569271,21.0,257.0,22.0,Female,2.0,49222.56,6.0,9.0
2283044,20.0,245.0,58.0,Female,3.0,131514.81,1.0,5.0
2611104,19.0,233.0,61.0,Female,2.0,39083.11,2.0,5.0
5162023,18.0,216.0,34.5,Female,3.0,511280.72,2.0,5.0
2568838,8.0,96.0,58.5,Unknown,2.0,176728.78999999998,6.0,9.0
3119037,4.0,58.0,53.5,Unknown,3.0,168310.52999999997,3.0,6.0
5146890,15.0,183.0,37.5,Male,2.0,155028.68,1.0,4.0
9209908,12.0,153.0,40.5,Female,2.0,29337.99,3.0,6.0
8108520,11.0,143.0,47.0,Male,2.0,113101.54,6.0,9.0
688347,8.0,106.0,29.0,Unknown,3.0,57137.47,3.0,6.0
4560132,14.0,178.0,36.5,Female,2.0,53829.96,6.0,9.0
6701737,5.0,71.0,64.5,Male,2.0,37864.19,4.0,7.0
8205765,16.0,199.0,75.5,Female,2.0,76069.35,1.0,4.0
8537775,7.0,87.0,25.5,Male,2.0,51184.14,6.0,9.0
3855689,16.0,197.0,51.0,Female,2.0,305180.99,6.0,9.0
4381369,12.0,145.0,76.5,Female,2.0,140039.84999999998,0.0,4.0
6325520,6.0,74.0,29.0,Unknown,2.0,69464.19,3.0,6.0
4083801,7.0,95.0,66.0,Unknown,2.0,70665.37,3.0,6.0
5193751,28.0,336.0,70.5,Male,4.0,716919.5700000001,5.0,8.0
7081433,8.0,107.0,26.0,Female,2.0,52145.03,2.0,5.0
5233024,7.0,93.0,34.0,Unknown,2.0,134129.71,6.0,9.0
2284757,4.0,56.0,50.0,Unknown,2.0,104040.35,2.0,5.0
5182699,7.0,95.0,43.5,Unknown,2.0,40828.69,6.0,9.0
2538680,14.0,179.0,46.5,Female,2.0,35205.13,4.0,7.0
8519626,9.0,110.0,43.0,Female,2.0,432864.61,6.0,9.0
6705334,3.0,47.0,19.0,Unknown,2.0,42447.42,4.0,7.0
5131664,6.0,81.0,32.5,Unknown,2.0,182190.84000000003,6.0,9.0
3113361,14.0,178.0,28.5,Male,4.0,210877.51,3.0,6.0
6298404,8.0,99.0,45.5,Unknown,2.0,129373.47,6.0,9.0
2612667,5.0,60.0,56.5,Unknown,2.0,56806.54,6.0,9.0
2117485,4.0,57.0,27.5,Unknown,4.0,57706.34,6.0,9.0
840643,10.0,131.0,43.5,Male,2.0,191381.0,2.0,5.0
3289674,22.0,275.0,67.5,Female,2.0,45982.91,3.0,6.0
6460183,6.0,81.0,27.0,Unknown,2.0,32041.74,0.0,3.0
1313090,14.0,175.0,60.5,Female,2.0,25913.66,3.0,6.0
5694254,4.0,59.0,75.5,Male,2.0,850277.3200000001,6.0,9.0
7785137,16.0,203.0,38.0,Female,2.0,47594.13,5.0,8.0
3959664,4.0,58.0,21.5,Unknown,2.0,49590.77,2.0,5.0
9151536,5.0,71.0,48.5,Female,2.0,60238.94,0.0,3.0
1123726,11.0,142.0,39.0,Female,2.0,32849.44,0.0,3.0
4678997,9.0,112.0,36.5,Male,2.0,40958.52,0.0,3.0
9485636,6.0,78.0,38.0,Unknown,2.0,44487.22,6.0,9.0
9832892,12.0,150.0,47.5,Unknown,2.0,59100.42,1.0,4.0
3959160,11.0,139.0,36.5,Female,2.0,79415.01999999999,6.0,9.0
3871065,4.0,57.0,25.0,Unknown,2.0,157526.90999999997,2.0,5.0
8369837,4.0,58.0,61.5,Male,3.0,55386.05,1.0,5.0
3728210,16.0,194.0,32.5,Female,3.0,61439.88,0.0,3.0
60958,5.0,70.0,24.0,Male,3.0,54408.88,6.0,9.0
3966228,7.0,90.0,43.5,Unknown,3.0,171266.46000000002,3.0,6.0
7728997,12.0,146.0,58.0,Female,2.0,45739.82,3.0,7.0
5833618,14.0,169.0,34.0,Female,2.0,31931.9,6.0,9.0
5234643,25.0,303.0,77.5,Female,2.0,58692.27,6.0,9.0
5584405,21.0,263.0,18.5,Female,2.0,33005.52,0.0,3.0
8569688,21.0,263.0,52.5,Female,3.0,1033855.85,4.0,7.0
5436610,21.0,260.0,73.0,Male,2.0,257320.9,3.0,6.0
4756364,21.0,254.0,61.5,Male,2.0,28222.72,2.0,5.0
8767041,20.0,250.0,44.5,Female,3.0,1372812.45,0.0,4.0
729369,20.0,243.0,75.5,Male,3.0,648987.41,5.0,8.0
211786,15.0,185.0,35.0,Female,2.0,66957.92,0.0,3.0
1891596,24.0,288.0,44.5,Male,3.0,250468.89,0.0,3.0
342333,26.0,322.0,57.5,Female,2.0,104201.01,1.0,4.0
1497502,14.0,174.0,54.5,Female,2.0,291597.89,4.0,7.0
4796339,8.0,100.0,46.0,Unknown,2.0,59120.5,1.0,4.0
4980697,5.0,65.0,68.0,Female,3.0,231124.96,4.0,7.0
4706130,7.0,86.0,19.5,Unknown,2.0,45743.07,1.0,5.0
639639,7.0,90.0,58.5,Unknown,2.0,144822.39,6.0,9.0
4129506,6.0,80.0,23.5,Unknown,2.0,51421.8,1.0,4.0
5588539,12.0,150.0,50.0,Female,2.0,49947.12,2.0,5.0
3490396,4.0,51.0,27.5,Unknown,2.0,35738.72,0.0,3.0
4801845,6.0,77.0,27.5,Unknown,3.0,65154.47,6.0,9.0
6874427,14.0,169.0,31.5,Male,3.0,127320.07,6.0,9.0
4939160,6.0,80.0,25.5,Female,2.0,24130.28,0.0,3.0
9645151,9.0,116.0,27.5,Male,2.0,30388.44,2.0,5.0
5255286,4.0,56.0,58.5,Unknown,2.0,649600.36,5.0,8.0
3249253,8.0,96.0,51.0,Male,2.0,106284.08,4.0,8.0
1807648,10.0,123.0,27.5,Male,2.0,42604.9,1.0,4.0
790615,7.0,95.0,28.0,Unknown,2.0,42345.9,6.0,9.0
312165,8.0,106.0,45.0,Male,2.0,32386.44,0.0,3.0
4148564,17.0,214.0,52.0,Female,2.0,54490.85,5.0,8.0
9185388,6.0,74.0,63.5,Unknown,2.0,50448.77,4.0,7.0
1439526,7.0,92.0,19.0,Unknown,3.0,104998.97,2.0,5.0
1100138,13.0,167.0,57.0,Female,3.0,124070.54,3.0,6.0
2820006,11.0,142.0,32.0,Female,2.0,74115.33,0.0,3.0
5951110,12.0,155.0,29.5,Unknown,2.0,38252.22,5.0,8.0
5808689,7.0,92.0,41.0,Unknown,2.0,45688.1,3.0,6.0
545273,9.0,109.0,52.5,Female,2.0,112607.69,2.0,5.0
2787015,16.0,194.0,66.0,Female,2.0,45127.74,4.0,7.0
6809452,4.0,53.0,65.0,Male,2.0,104459.12,6.0,9.0
6499575,7.0,85.0,30.0,Unknown,3.0,102130.99,6.0,9.0
762230,16.0,203.0,52.5,Female,2.0,140451.91,0.0,3.0
8506529,28.0,343.0,58.0,Unknown,2.0,115659.56,0.0,3.0
6062754,12.0,147.0,67.0,Male,2.0,36650.97,0.0,3.0
9443692,6.0,83.0,23.0,Unknown,2.0,25324.96,1.0,5.0
2482142,10.0,122.0,39.5,Unknown,3.0,492387.36,4.0,7.0
947167,12.0,151.0,61.0,Male,3.0,385738.3,5.0,8.0
8593130,25.0,304.0,56.5,Female,2.0,38119.5,5.0,8.0
4809920,15.0,180.0,59.0,Female,4.0,237439.76,6.0,9.0
6992523,4.0,58.0,32.0,Unknown,2.0,46518.11,4.0,7.0
9707262,13.0,166.0,34.0,Female,2.0,106356.36,1.0,4.0
9450972,4.0,59.0,27.0,Unknown,2.0,43730.31,3.0,6.0
1911987,5.0,67.0,33.5,Unknown,2.0,56287.78,3.0,6.0
4760297,16.0,195.0,52.5,Male,2.0,165277.3,0.0,3.0
3601355,29.0,350.0,50.5,Male,2.0,2581444.81,2.0,5.0
1221586,5.0,68.0,53.5,Male,2.0,35032.21,4.0,7.0
3672119,16.0,193.0,44.5,Male,3.0,251662.6,6.0,9.0
8953993,15.0,190.0,44.5,Female,2.0,31900.25,2.0,5.0
8456479,14.0,173.0,59.0,Female,2.0,97844.91,4.0,7.0
3401687,6.0,75.0,36.0,Female,3.0,38833.35,1.0,4.0
4705884,16.0,199.0,65.0,Male,2.0,168971.24,1.0,4.0
8678481,15.0,190.0,38.0,Unknown,2.0,76304.22,2.0,5.0
5709653,24.0,298.0,21.5,Male,2.0,111526.49,3.0,6.0
4589107,22.0,265.0,51.5,Unknown,2.0,147058.93,2.0,5.0
3898625,21.0,262.0,57.0,Female,2.0,69035.61,1.0,4.0
9059253,20.0,242.0,48.0,Male,2.0,48835.12,6.0,9.0
5503734,19.0,231.0,59.5,Male,2.0,33804.14,0.0,3.0
8825819,19.0,230.0,23.0,Unknown,3.0,29555.45,0.0,3.0
6751866,17.0,215.0,57.5,Female,3.0,247728.74,4.0,7.0
1534058,6.0,82.0,40.0,Unknown,3.0,81942.41,3.0,7.0
1512596,6.0,77.0,51.0,Unknown,2.0,25184.24,4.0,7.0
7779842,26.0,313.0,71.5,Male,2.0,96850.89,1.0,4.0
8488607,7.0,94.0,59.5,Unknown,2.0,48048.08,1.0,4.0
1478657,9.0,113.0,27.5,Female,2.0,47876.37,6.0,9.0
9066398,5.0,65.0,35.5,Unknown,2.0,468509.56,6.0,9.0
874566,12.0,146.0,36.5,Female,3.0,38757.22,2.0,5.0
6045950,8.0,102.0,62.5,Female,2.0,137863.68,3.0,6.0
7379545,4.0,58.0,23.5,Unknown,2.0,44654.98,3.0,6.0
1677568,4.0,59.0,26.0,Unknown,2.0,26935.83,0.0,3.0
1267351,8.0,104.0,71.0,Unknown,2.0,36671.63,2.0,5.0
9884321,6.0,73.0,46.0,Female,2.0,85104.7,1.0,4.0
6360654,13.0,158.0,43.5,Male,2.0,60366.1,1.0,4.0
296161,12.0,149.0,67.5,Male,2.0,100549.28,4.0,7.0
1693716,8.0,96.0,36.0,Female,2.0,196560.63,6.0,9.0
7248158,4.0,58.0,52.0,Unknown,2.0,51100.62,6.0,9.0
7897392,15.0,180.0,51.0,Male,2.0,76092.47,2.0,5.0
1482195,5.0,63.0,59.5,Female,2.0,308939.74,6.0,9.0
267576,14.0,179.0,38.0,Female,2.0,111078.38,5.0,8.0
7898712,25.0,302.0,45.0,Male,2.0,32312.3,6.0,9.0
3630049,6.0,77.0,28.5,Unknown,4.0,311249.5,6.0,9.0
3803184,4.0,52.0,59.5,Male,2.0,538285.47,4.0,7.0
5407437,6.0,72.0,46.0,Unknown,2.0,32628.14,4.0,7.0
7521788,30.0,369.0,51.5,Male,2.0,87757.78,5.0,8.0
1671784,9.0,118.0,45.5,Female,2.0,154885.26,2.0,5.0
4062529,42.0,507.0,65.5,Female,2.0,38814.25,0.0,3.0
5871132,16.0,193.0,43.5,Male,2.0,41659.46,2.0,5.0
87300,5.0,70.0,27.5,Unknown,2.0,44234.56,1.0,4.0
2629882,6.0,83.0,52.0,Unknown,3.0,39918.44,3.0,6.0
2254754,12.0,152.0,31.0,Male,2.0,30599.31,6.0,9.0
2565679,12.0,155.0,53.5,Female,2.0,36344.05,0.0,3.0
8307059,4.0,58.0,64.5,Unknown,2.0,182427.37,4.0,7.0
627647,9.0,108.0,26.5,Male,2.0,43160.17999999999,2.0,5.0
9636768,14.0,172.0,27.5,Female,2.0,41343.61,1.0,4.0
518323,10.0,125.0,25.0,Female,2.0,33072.73,1.0,4.0
9763426,6.0,80.0,59.0,Unknown,2.0,34677.32,6.0,9.0
1969696,4.0,58.0,25.5,Unknown,2.0,34085.56,0.0,3.0
2352141,9.0,113.0,31.5,Female,2.0,28315.14,0.0,3.0
8025718,18.0,227.0,45.5,Male,2.0,43714.48,0.0,3.0
5981243,18.0,216.0,55.5,Female,2.0,191133.34000000003,1.0,4.0
4679130,7.0,95.0,50.5,Male,2.0,386600.85,6.0,9.0
4757536,6.0,83.0,57.5,Unknown,3.0,119383.54,5.0,8.0
9805884,21.0,255.0,25.0,Male,2.0,28860.05,3.0,6.0
5606858,16.0,202.0,32.0,Male,2.0,61839.27,0.0,3.0
8285423,12.0,144.0,30.0,Male,2.0,46041.63,1.0,4.0
537901,15.0,181.0,40.5,Male,2.0,137001.69,1.0,4.0
8013100,6.0,76.0,22.0,Unknown,3.0,35279.67,4.0,7.0
6375571,10.0,126.0,68.0,Male,3.0,144354.16,4.0,7.0
2870521,7.0,87.0,39.5,Unknown,2.0,78724.01,3.0,6.0
7134160,9.0,119.0,33.5,Male,2.0,41674.86,1.0,4.0
138093,14.0,169.0,56.0,Female,2.0,111851.95,5.0,8.0
9519918,14.0,179.0,51.5,Female,3.0,84038.82,4.0,7.0
6486127,9.0,112.0,61.0,Male,2.0,63398.81,6.0,9.0
8102369,5.0,60.0,54.0,Unknown,2.0,81386.51,3.0,6.0
9235724,12.0,150.0,42.0,Female,2.0,121068.81,0.0,3.0
2329275,6.0,82.0,62.0,Unknown,2.0,232620.56,1.0,4.0
4625121,13.0,162.0,38.5,Female,3.0,137484.44,6.0,9.0
7133081,4.0,58.0,55.5,Unknown,3.0,82482.48,3.0,6.0
3537052,6.0,81.0,27.0,Unknown,2.0,70514.83,1.0,4.0
5466411,5.0,71.0,82.0,Male,2.0,86507.83,0.0,3.0
3022559,16.0,192.0,42.5,Unknown,2.0,36815.14,0.0,3.0
7653425,15.0,180.0,51.5,Female,2.0,99869.94,6.0,9.0
8995044,5.0,71.0,30.5,Unknown,2.0,44309.08,6.0,9.0
201909,11.0,133.0,65.5,Male,2.0,102134.3,2.0,5.0
3657999,9.0,118.0,50.5,Male,2.0,33657.54,2.0,5.0
4199402,6.0,73.0,69.0,Unknown,2.0,98835.19,6.0,9.0
9100156,10.0,125.0,31.5,Female,2.0,74982.79999999999,6.0,9.0
4213745,6.0,82.0,37.5,Unknown,2.0,53849.49,0.0,3.0
5352731,14.0,171.0,44.5,Female,2.0,125757.14,6.0,9.0
4389198,6.0,81.0,44.0,Female,2.0,1634893.88,6.0,9.0
4884909,39.0,475.0,67.5,Female,3.0,973053.18,0.0,4.0
9429852,13.0,156.0,34.5,Male,2.0,96150.56,0.0,3.0
5258269,11.0,136.0,43.0,Female,2.0,26170.96,2.0,5.0
5595823,8.0,106.0,59.5,Male,3.0,90671.26,2.0,5.0
4623083,14.0,172.0,37.0,Male,2.0,60329.31,0.0,3.0
8110402,7.0,95.0,34.0,Unknown,3.0,62241.44,4.0,7.0
3167031,12.0,155.0,47.5,Male,2.0,25703.79,4.0,7.0
6383598,4.0,59.0,51.0,Male,2.0,330545.89,3.0,6.0
6891366,6.0,73.0,58.0,Female,3.0,354786.22,6.0,9.0
1506152,6.0,74.0,28.5,Unknown,2.0,31882.96,3.0,6.0
5775362,13.0,166.0,35.0,Male,2.0,53423.75,0.0,3.0
4275501,4.0,59.0,32.0,Unknown,3.0,45306.26,1.0,4.0
4447213,8.0,97.0,63.5,Unknown,2.0,39941.55,2.0,5.0
4807195,24.0,296.0,56.5,Female,3.0,735048.0,2.0,5.0
6233261,29.0,358.0,49.5,Female,3.0,102063.28,2.0,5.0
4672906,21.0,263.0,68.5,Unknown,3.0,393515.32,6.0,9.0
4219223,17.0,214.0,71.0,Female,2.0,40435.1,3.0,6.0
9342917,7.0,91.0,54.5,Unknown,2.0,72056.6,1.0,4.0
6244536,9.0,113.0,62.0,Male,2.0,77489.41,3.0,6.0
6038294,4.0,57.0,31.5,Unknown,2.0,28737.94,6.0,9.0
472382,23.0,276.0,60.0,Male,2.0,66770.17,0.0,3.0
6596822,14.0,176.0,32.5,Male,2.0,87589.26,2.0,5.0
8877805,6.0,74.0,38.5,Unknown,2.0,26247.72,0.0,3.0
614008,28.0,341.0,62.5,Male,3.0,260365.21,0.0,3.0
1142512,6.0,74.0,26.0,Unknown,2.0,62382.51,1.0,4.0
3840806,6.0,80.0,34.5,Unknown,2.0,46188.15,6.0,9.0
7195183,8.0,97.0,60.5,Female,4.0,204897.61,6.0,9.0
653767,8.0,100.0,33.5,Unknown,2.0,78129.45,6.0,9.0
7194673,11.0,142.0,35.0,Female,3.0,36704.91,2.0,5.0
4272044,5.0,65.0,58.5,Male,2.0,32051.97,5.0,8.0
3259240,11.0,134.0,49.0,Male,2.0,132839.83000000002,3.0,6.0
9261041,6.0,82.0,42.0,Unknown,2.0,32954.31,5.0,8.0
1260749,15.0,189.0,55.5,Male,2.0,181538.82,6.0,9.0
7603589,7.0,92.0,32.5,Unknown,2.0,32003.39,2.0,5.0
1354401,28.0,342.0,49.5,Male,2.0,62450.28,4.0,7.0
3874722,14.0,173.0,42.0,Female,2.0,37362.86,1.0,4.0
4821950,10.0,126.0,26.5,Male,2.0,30494.39,6.0,9.0
4317222,14.0,170.0,34.0,Female,2.0,41557.82,2.0,5.0
7141662,4.0,59.0,31.5,Unknown,2.0,34791.259999999995,6.0,9.0
3794663,7.0,94.0,30.5,Unknown,3.0,78808.93,6.0,9.0
2910062,15.0,191.0,51.0,Male,2.0,80513.61,2.0,5.0
7821175,7.0,90.0,33.5,Unknown,2.0,29289.16,1.0,4.0
9442369,6.0,83.0,49.5,Unknown,2.0,62187.06,1.0,4.0
5264946,14.0,179.0,39.0,Male,2.0,44754.33,1.0,4.0
4783904,17.0,208.0,71.5,Male,2.0,475570.16,0.0,3.0
7676929,4.0,59.0,28.0,Male,3.0,143704.47999999998,2.0,5.0
9244192,4.0,59.0,40.0,Female,2.0,49539.0,1.0,4.0
4376856,6.0,75.0,42.0,Female,3.0,111264.01,4.0,7.0
6664663,30.0,369.0,59.0,Female,2.0,1562801.0599999998,6.0,9.0
2415482,4.0,59.0,27.0,Unknown,2.0,36529.93,0.0,3.0
7027974,14.0,178.0,65.0,Female,2.0,52279.73,2.0,5.0
1794890,12.0,147.0,37.5,Unknown,2.0,35761.63,0.0,3.0
4725865,5.0,70.0,57.5,Unknown,2.0,71864.43,3.0,6.0
7751392,10.0,120.0,28.0,Male,3.0,66456.28,3.0,6.0
1880916,26.0,323.0,67.5,Male,4.0,345028.95,4.0,7.0
4999319,5.0,70.0,51.5,Unknown,2.0,220777.96,1.0,4.0
5814099,16.0,197.0,56.5,Female,2.0,104094.21,0.0,3.0
7884153,5.0,70.0,66.5,Unknown,2.0,30613.29,2.0,6.0
9461348,25.0,300.0,63.5,Female,3.0,504094.73,6.0,9.0
3042494,23.0,284.0,61.0,Male,2.0,209812.11,0.0,3.0
9669426,23.0,282.0,68.5,Female,2.0,156639.59999999998,0.0,6.0
7266587,22.0,275.0,62.0,Male,2.0,217230.54,6.0,9.0
3805340,22.0,267.0,48.0,Male,2.0,219087.39,6.0,9.0
784619,21.0,262.0,46.5,Male,3.0,72951.07,6.0,9.0
9140320,20.0,250.0,23.0,Male,4.0,44094.52,2.0,5.0
2728663,23.0,285.0,52.0,Female,3.0,475533.96,5.0,8.0
6713049,20.0,248.0,72.0,Male,3.0,168566.51,2.0,5.0
1559448,10.0,127.0,53.5,Female,2.0,33000.29,6.0,9.0
165301,6.0,82.0,67.5,Unknown,2.0,41947.0,6.0,9.0
8561185,11.0,140.0,61.0,Male,2.0,120147.34,4.0,7.0
6662704,9.0,110.0,29.5,Female,2.0,73356.36,6.0,9.0
6781284,4.0,58.0,22.5,Unknown,2.0,28622.21,1.0,4.0
7856088,5.0,67.0,35.0,Unknown,3.0,57975.78,5.0,8.0
7074837,7.0,89.0,27.0,Male,2.0,30363.08,6.0,9.0
9564062,11.0,142.0,46.5,Female,2.0,35110.57,0.0,3.0
2904153,6.0,81.0,48.0,Unknown,2.0,63666.66,6.0,9.0
3600955,14.0,176.0,39.5,Female,2.0,127952.33,2.0,5.0
584752,8.0,96.0,26.0,Unknown,2.0,33976.3,0.0,3.0
3216928,13.0,163.0,31.0,Male,2.0,72632.48999999999,0.0,3.0
372563,6.0,73.0,26.5,Unknown,2.0,49672.36,6.0,9.0
6386902,17.0,212.0,64.0,Male,2.0,80666.59,6.0,9.0
2524845,6.0,81.0,55.5,Unknown,2.0,44115.66,0.0,3.0
5054199,19.0,232.0,50.0,Female,3.0,604518.27,6.0,9.0
9787102,12.0,154.0,73.0,Male,2.0,32580.35,2.0,5.0
295651,9.0,117.0,66.0,Male,2.0,324265.95,0.0,3.0
1331950,15.0,187.0,37.5,Male,3.0,143960.01,2.0,5.0
1204699,7.0,92.0,31.5,Unknown,3.0,114013.85,3.0,6.0
6565387,6.0,78.0,64.0,Unknown,2.0,48384.14,6.0,9.0
2308976,33.0,397.0,36.0,Male,2.0,23934.5,5.0,8.0
9196756,12.0,152.0,29.5,Male,3.0,110830.91,3.0,6.0
4195653,9.0,118.0,41.5,Male,2.0,35478.869999999995,0.0,3.0
4847964,20.0,247.0,43.0,Female,3.0,218400.95,6.0,9.0
3491556,8.0,96.0,45.0,Unknown,2.0,59901.82,5.0,8.0
5301827,9.0,115.0,46.0,Male,2.0,27617.68,1.0,4.0
8560542,4.0,58.0,20.0,Unknown,2.0,33792.52,4.0,7.0
4906525,9.0,113.0,53.5,Female,2.0,29824.51,1.0,4.0
5504731,13.0,161.0,28.5,Female,2.0,128576.5,6.0,9.0
6453112,9.0,110.0,49.5,Unknown,2.0,30965.61,1.0,4.0
2922807,28.0,336.0,59.0,Male,3.0,494572.0,6.0,9.0
8565062,5.0,69.0,20.5,Unknown,2.0,32331.04,2.0,5.0
1027595,8.0,106.0,67.5,Female,2.0,69743.26,3.0,6.0
7120201,14.0,178.0,37.0,Female,2.0,35891.85,2.0,5.0
5606519,13.0,158.0,44.0,Female,2.0,98439.15,6.0,9.0
3594554,7.0,87.0,88.5,Unknown,2.0,665709.9400000001,6.0,9.0
2782815,8.0,96.0,43.5,Unknown,2.0,168831.55,5.0,8.0
9557360,7.0,94.0,35.5,Unknown,2.0,31251.78,6.0,9.0
3663445,8.0,97.0,33.5,Unknown,2.0,44192.25,2.0,5.0
5379344,6.0,72.0,29.5,Unknown,2.0,78955.72,1.0,4.0
9797684,14.0,179.0,59.0,Female,2.0,51253.42999999999,0.0,3.0
6248189,5.0,64.0,64.0,Male,3.0,107575.43,6.0,9.0
2874779,27.0,328.0,86.5,Female,2.0,1913999.36,6.0,9.0
5744745,5.0,60.0,26.0,Unknown,2.0,43858.03999999999,6.0,9.0
8142528,19.0,229.0,53.5,Male,2.0,46910.36,6.0,9.0
6327365,13.0,167.0,33.5,Female,2.0,49037.87,4.0,7.0
3679664,12.0,155.0,29.5,Female,2.0,27930.98,2.0,5.0
7429096,16.0,201.0,41.0,Female,2.0,52039.32,1.0,4.0
3387092,3.0,40.0,40.5,Unknown,3.0,220707.35,6.0,9.0
156894,5.0,66.0,69.0,Unknown,2.0,143468.91999999998,5.0,8.0
1846630,7.0,94.0,51.0,Unknown,2.0,84856.19,6.0,9.0
6627715,23.0,278.0,63.0,Male,2.0,51887.38,5.0,8.0
1416397,21.0,254.0,56.0,Male,3.0,114109.66,1.0,4.0
6242960,21.0,252.0,61.0,Female,2.0,134011.03,1.0,4.0
8511794,21.0,252.0,48.5,Female,2.0,762229.66,5.0,8.0
1324846,20.0,250.0,36.0,Male,2.0,120065.09,6.0,9.0
4870905,23.0,278.0,59.5,Male,2.0,438384.36,0.0,3.0
5364830,19.0,233.0,18.5,Male,3.0,29340.76,1.0,4.0
8310123,19.0,228.0,32.0,Male,3.0,148191.21,6.0,9.0
6878146,17.0,215.0,49.0,Female,2.0,432973.99,6.0,9.0
4219127,17.0,210.0,49.5,Male,2.0,72557.39,1.0,4.0
4986480,6.0,74.0,36.5,Unknown,2.0,44786.95,3.0,6.0
5445402,10.0,131.0,60.0,Male,2.0,187196.87,1.0,5.0
2204322,5.0,70.0,24.0,Unknown,2.0,34273.009999999995,0.0,3.0
8064855,6.0,81.0,23.5,Unknown,2.0,32998.02,6.0,9.0
1935217,10.0,120.0,57.5,Female,2.0,34171.53,1.0,4.0
7012494,15.0,182.0,47.0,Male,3.0,142556.91,2.0,5.0
9730777,6.0,73.0,31.5,Unknown,2.0,35362.63,1.0,5.0
8078860,9.0,114.0,67.0,Male,2.0,67453.41,2.0,5.0
8178404,15.0,182.0,53.5,Male,2.0,109864.06,6.0,9.0
3078061,6.0,81.0,31.0,Unknown,2.0,29601.75,0.0,3.0
9036098,16.0,198.0,51.0,Male,2.0,34301.92,3.0,6.0
3220754,15.0,181.0,33.0,Male,2.0,68731.59,6.0,9.0
2359229,6.0,75.0,29.0,Unknown,2.0,56538.23,4.0,7.0
2243835,5.0,71.0,27.0,Unknown,2.0,43538.71,0.0,3.0
8062597,13.0,161.0,73.0,Male,2.0,353405.41,0.0,4.0
8782708,21.0,253.0,66.5,Male,2.0,32892.55,2.0,5.0
8290239,14.0,174.0,32.5,Female,2.0,28061.26,2.0,5.0
5191385,14.0,178.0,38.5,Female,2.0,82495.45999999999,3.0,6.0
4281515,6.0,72.0,80.0,Unknown,2.0,26404.44,2.0,5.0
1048239,4.0,52.0,38.5,Unknown,2.0,49875.58,0.0,3.0
5460727,6.0,72.0,50.0,Unknown,2.0,41488.27,4.0,7.0
3050053,8.0,107.0,36.0,Male,3.0,562114.61,6.0,9.0
2916890,6.0,74.0,25.0,Unknown,2.0,25077.87,0.0,3.0
4804595,28.0,345.0,62.5,Female,4.0,380067.81,4.0,7.0
6851716,4.0,58.0,52.0,Unknown,2.0,48826.25,3.0,6.0
3421393,5.0,66.0,52.5,Unknown,2.0,37181.01,1.0,4.0
6206578,15.0,189.0,59.5,Female,2.0,65127.4,4.0,7.0
2623927,6.0,77.0,36.0,Unknown,2.0,66372.04999999999,1.0,5.0
3077646,16.0,192.0,44.5,Male,2.0,124427.91,6.0,9.0
6705275,16.0,194.0,45.5,Female,2.0,84975.89,6.0,9.0
4503048,13.0,167.0,30.5,Female,2.0,66446.84,6.0,9.0
7600879,17.0,205.0,49.5,Male,2.0,109740.83,2.0,5.0
7919218,15.0,180.0,46.0,Female,2.0,146376.65,0.0,3.0
616094,4.0,58.0,44.5,Unknown,2.0,51946.81,6.0,9.0
8022911,7.0,85.0,67.0,Unknown,2.0,158011.75,2.0,5.0
3233489,8.0,104.0,37.5,Female,4.0,146878.74,0.0,4.0
4678675,7.0,95.0,26.5,Unknown,3.0,152064.28,3.0,6.0
411761,4.0,59.0,52.0,Unknown,2.0,76557.73,5.0,8.0
5066348,28.0,337.0,62.0,Female,2.0,178675.52999999997,3.0,7.0
9495046,16.0,195.0,66.5,Male,2.0,32268.96,3.0,6.0
745163,5.0,65.0,76.0,Unknown,2.0,186400.05,1.0,4.0
1300849,21.0,262.0,67.0,Female,2.0,326078.62,4.0,7.0
7504367,20.0,248.0,40.5,Male,2.0,131815.74,1.0,4.0
1128925,21.0,254.0,59.5,Male,3.0,196751.49,3.0,6.0
5977705,19.0,229.0,33.0,Unknown,2.0,115589.73,3.0,6.0
8437665,17.0,214.0,35.5,Male,2.0,122941.28,6.0,9.0
1386851,5.0,67.0,22.5,Unknown,2.0,51876.13,6.0,9.0
8115104,14.0,178.0,43.0,Male,4.0,381040.24,5.0,8.0
9646006,5.0,70.0,25.5,Unknown,2.0,34509.66,0.0,3.0
8167786,7.0,91.0,28.0,Unknown,2.0,39554.74,0.0,3.0
7990985,8.0,106.0,34.0,Unknown,2.0,66221.35,0.0,3.0
4365929,5.0,70.0,22.5,Unknown,3.0,50238.78999999999,6.0,9.0
8687813,10.0,125.0,36.5,Female,2.0,56385.64,1.0,4.0
6041815,6.0,74.0,24.0,Unknown,2.0,25252.98,6.0,9.0
3519710,6.0,83.0,27.0,Unknown,2.0,38155.53,0.0,3.0
8510278,14.0,172.0,35.5,Female,2.0,100934.74,1.0,4.0
9587188,6.0,77.0,66.0,Unknown,2.0,124484.94,3.0,6.0
1022744,5.0,64.0,85.5,Unknown,2.0,68313.29999999999,3.0,6.0
8408888,14.0,178.0,29.0,Male,3.0,84275.14,4.0,7.0
5161688,13.0,167.0,43.5,Male,2.0,69513.48,2.0,5.0
7951212,6.0,75.0,30.0,Unknown,2.0,33097.35,3.0,6.0
1692533,27.0,325.0,87.0,Male,2.0,577545.61,6.0,9.0
8737272,7.0,94.0,52.5,Unknown,2.0,25492.17,1.0,4.0
982129,14.0,175.0,62.5,Female,2.0,79520.79000000001,4.0,7.0
1674009,6.0,77.0,51.0,Unknown,2.0,28137.99,1.0,4.0
1948517,13.0,156.0,53.5,Male,2.0,69588.56,0.0,3.0
1906379,9.0,114.0,33.0,Unknown,2.0,53383.66,1.0,4.0
9758935,13.0,166.0,63.0,Female,2.0,356145.03,0.0,3.0
8260977,6.0,82.0,58.0,Unknown,2.0,56073.96,3.0,6.0
4312899,30.0,371.0,58.5,Male,2.0,148081.69,4.0,7.0
827472,8.0,105.0,41.0,Male,2.0,424939.36,5.0,8.0
1870340,8.0,102.0,62.5,Unknown,3.0,479231.06,4.0,7.0
8651238,4.0,58.0,55.5,Unknown,2.0,277919.68,2.0,8.0
2197037,5.0,71.0,23.0,Unknown,2.0,52601.0,4.0,7.0
1447898,7.0,87.0,34.0,Unknown,2.0,40623.22,2.0,5.0
3369250,13.0,164.0,33.0,Female,3.0,122946.39,3.0,6.0
8256490,8.0,106.0,59.0,Female,2.0,98764.94,3.0,6.0
6732209,15.0,185.0,51.5,Male,3.0,61720.01,4.0,7.0
5696831,25.0,301.0,80.0,Male,2.0,422759.86,6.0,9.0
311471,16.0,202.0,40.0,Male,2.0,65713.11,0.0,4.0
1028493,4.0,58.0,38.0,Unknown,2.0,30649.44,3.0,6.0
8924493,5.0,69.0,27.5,Unknown,2.0,48279.02,6.0,9.0
2800976,11.0,141.0,33.0,Female,2.0,78068.31,6.0,9.0
3988356,11.0,140.0,47.0,Female,2.0,131286.71,1.0,4.0
1224493,24.0,290.0,69.5,Male,3.0,48742.89,1.0,4.0
2553741,23.0,285.0,70.0,Female,2.0,52560.63,2.0,5.0
6307446,22.0,264.0,69.5,Female,2.0,210214.06,0.0,3.0
5657651,21.0,262.0,51.5,Male,4.0,288537.79,6.0,9.0
1788062,21.0,259.0,57.0,Male,2.0,199407.16,5.0,8.0
6344617,21.0,255.0,55.0,Male,4.0,1956679.62,3.0,6.0
9451137,21.0,253.0,53.0,Male,2.0,43585.12,1.0,4.0
2747440,20.0,251.0,56.5,Female,2.0,55011.78999999999,3.0,6.0
3126841,19.0,229.0,53.0,Female,4.0,617885.93,5.0,8.0
7820304,12.0,147.0,45.5,Female,2.0,41834.03999999999,1.0,4.0
5547627,16.0,196.0,60.5,Female,3.0,251552.28,6.0,9.0
3285791,6.0,79.0,88.0,Unknown,2.0,217230.42,5.0,8.0
865459,7.0,89.0,45.0,Unknown,2.0,123687.61,6.0,9.0
4308408,4.0,57.0,22.5,Unknown,2.0,25629.33,0.0,3.0
6149427,13.0,157.0,65.5,Male,2.0,106424.93,4.0,7.0
9961785,8.0,99.0,53.0,Unknown,2.0,94969.3,6.0,9.0
7277474,12.0,149.0,42.5,Female,2.0,35521.38,0.0,3.0
9796394,14.0,168.0,37.5,Female,2.0,27851.76,4.0,7.0
2826373,13.0,161.0,66.5,Unknown,2.0,114010.83,5.0,8.0
8827639,9.0,110.0,27.5,Female,2.0,29776.18,5.0,8.0
985481,6.0,79.0,28.0,Unknown,2.0,57054.78,3.0,6.0
3539265,16.0,192.0,64.0,Male,5.0,399238.26,6.0,9.0
1854779,15.0,183.0,40.5,Male,2.0,31000.52,0.0,3.0
2866523,10.0,130.0,40.5,Male,2.0,28897.76,1.0,4.0
7414444,14.0,169.0,31.5,Unknown,3.0,260719.66,4.0,7.0
7219770,3.0,40.0,57.5,Female,2.0,682921.79,3.0,6.0
3678887,16.0,193.0,37.5,Male,4.0,1432565.37,4.0,7.0
5290260,4.0,52.0,27.0,Male,3.0,48012.67999999999,4.0,7.0
4740460,26.0,312.0,77.0,Male,3.0,133579.61,2.0,6.0
1525068,31.0,379.0,75.0,Male,2.0,167367.46999999997,5.0,8.0
538801,13.0,158.0,58.5,Male,2.0,49943.96,6.0,9.0
5553119,6.0,77.0,43.5,Unknown,2.0,40438.99,0.0,3.0
3335487,17.0,212.0,24.5,Male,2.0,46829.17999999999,0.0,3.0
797007,16.0,193.0,50.5,Male,2.0,127199.1,2.0,5.0
60101,6.0,72.0,43.5,Unknown,2.0,33508.86,6.0,9.0
6035003,10.0,130.0,25.0,Male,2.0,94915.75,6.0,9.0
8955487,4.0,59.0,61.0,Male,2.0,40706.27,2.0,5.0
7416675,16.0,194.0,60.5,Female,2.0,80546.88,2.0,5.0
4565434,4.0,59.0,57.0,Unknown,2.0,28954.88,1.0,4.0
4764438,15.0,182.0,65.0,Female,2.0,167359.81,1.0,4.0
7209559,10.0,126.0,33.5,Male,2.0,99614.63,2.0,5.0
2474358,6.0,72.0,39.5,Unknown,2.0,207474.64,4.0,7.0
9076273,8.0,104.0,25.5,Unknown,3.0,189933.16,5.0,8.0
6633386,14.0,172.0,41.5,Female,2.0,178182.32,0.0,3.0
6410961,10.0,128.0,46.5,Male,3.0,233729.76,6.0,9.0
5014691,6.0,75.0,20.5,Unknown,2.0,31638.64,6.0,9.0
9825994,7.0,92.0,82.0,Unknown,2.0,61550.15,1.0,4.0
5756901,5.0,60.0,62.5,Unknown,2.0,91797.95,4.0,7.0
2056063,7.0,91.0,26.5,Unknown,2.0,74399.1,6.0,9.0
7632169,6.0,72.0,30.5,Unknown,2.0,29286.3,6.0,9.0
8457919,14.0,171.0,65.5,Male,2.0,466744.99,6.0,9.0
1742982,13.0,156.0,24.0,Male,2.0,26270.42,1.0,4.0
8546752,27.0,324.0,60.0,Female,2.0,59289.14,2.0,5.0
9307726,5.0,71.0,22.0,Unknown,2.0,35159.619999999995,1.0,4.0
982995,15.0,189.0,60.0,Female,2.0,97980.06,5.0,8.0
8668145,25.0,301.0,48.0,Male,2.0,308223.49,6.0,9.0
9000325,23.0,283.0,25.0,Male,2.0,26353.83,6.0,9.0
1180860,22.0,275.0,37.5,Male,3.0,83552.09,4.0,7.0
9719474,22.0,266.0,54.0,Female,3.0,291433.6,4.0,7.0
2274489,22.0,264.0,47.0,Male,3.0,568782.9600000001,2.0,5.0
7487235,21.0,260.0,48.5,Male,3.0,699669.8500000001,6.0,9.0
1589303,20.0,251.0,63.5,Female,3.0,303422.48,0.0,3.0
1206454,22.0,265.0,42.5,Female,2.0,30640.31,5.0,8.0
7539930,21.0,263.0,53.5,Female,3.0,70629.88,3.0,6.0
5398442,19.0,237.0,24.5,Male,2.0,35448.149999999994,2.0,5.0
1349728,19.0,235.0,35.0,Male,2.0,27383.7,1.0,4.0
5878388,6.0,75.0,30.0,Unknown,2.0,59591.37,3.0,6.0
3220881,14.0,169.0,58.5,Female,2.0,26899.48,3.0,6.0
3241972,15.0,189.0,54.5,Male,2.0,186989.36,3.0,6.0
2181223,4.0,59.0,31.5,Unknown,3.0,285881.25,6.0,9.0
8783560,7.0,84.0,52.0,Unknown,2.0,80625.16,6.0,9.0
8277796,4.0,58.0,23.0,Unknown,2.0,43641.48,2.0,5.0
8637733,4.0,58.0,23.0,Unknown,2.0,26226.29,1.0,4.0
7459283,13.0,157.0,49.5,Male,2.0,70956.33,4.0,7.0
8984450,7.0,93.0,37.0,Unknown,2.0,33707.13,1.0,4.0
5559421,13.0,156.0,33.5,Female,2.0,34510.85,2.0,5.0
5574917,10.0,130.0,25.0,Female,2.0,69465.04999999999,0.0,3.0
8357336,5.0,65.0,39.0,Unknown,2.0,37114.91,6.0,9.0
7356198,8.0,102.0,51.5,Unknown,2.0,45503.9,2.0,5.0
9418751,5.0,71.0,28.5,Unknown,2.0,40807.53,3.0,6.0
2708318,10.0,128.0,41.5,Male,2.0,133825.81,5.0,8.0
2802200,9.0,117.0,53.5,Unknown,2.0,67485.79999999999,2.0,5.0
5628037,14.0,173.0,58.5,Female,2.0,186852.56,2.0,5.0
2834848,16.0,192.0,59.0,Female,2.0,35661.58,2.0,5.0
3104347,17.0,208.0,41.5,Male,3.0,49264.71,6.0,9.0
220394,5.0,71.0,27.5,Unknown,2.0,29026.3,1.0,4.0
7738852,10.0,129.0,31.0,Female,2.0,76794.83,6.0,9.0
4370238,10.0,129.0,66.5,Male,3.0,602517.67,6.0,9.0
1262295,4.0,57.0,39.5,Unknown,3.0,433968.71,6.0,9.0
8125661,10.0,127.0,36.5,Male,2.0,26726.67,6.0,9.0
6814109,23.0,285.0,47.0,Unknown,2.0,61881.1,2.0,5.0
9395584,7.0,94.0,34.0,Unknown,2.0,248553.45,2.0,5.0
758839,4.0,58.0,18.0,Unknown,2.0,31679.69,0.0,3.0
9728651,6.0,73.0,60.5,Unknown,2.0,30090.08,2.0,5.0
2286455,5.0,70.0,38.0,Unknown,2.0,31321.2,0.0,3.0
3812607,16.0,193.0,31.5,Male,2.0,43085.65,1.0,4.0
1774241,5.0,68.0,30.5,Unknown,2.0,53617.48,3.0,6.0
2743914,11.0,143.0,61.0,Male,2.0,54194.33,1.0,4.0
1339768,8.0,101.0,41.5,Unknown,3.0,226457.58,5.0,8.0
2059935,9.0,108.0,59.0,Female,2.0,188578.88,1.0,4.0
7619402,4.0,54.0,20.0,Unknown,2.0,27802.92,1.0,4.0
3894997,6.0,83.0,67.0,Unknown,2.0,322282.3,3.0,6.0
7621177,14.0,176.0,86.5,Female,2.0,619809.38,5.0,8.0
5572966,12.0,147.0,42.5,Male,2.0,28117.29,0.0,3.0
7505509,11.0,140.0,67.5,Female,2.0,97418.47,4.0,7.0
5979490,10.0,121.0,31.5,Male,3.0,97308.23,6.0,9.0
1525205,6.0,81.0,72.5,Unknown,2.0,105726.55,1.0,4.0
9566621,12.0,155.0,52.5,Male,3.0,83105.54000000001,5.0,8.0
1533956,15.0,180.0,58.0,Male,2.0,58169.86,4.0,7.0
2761828,10.0,124.0,54.5,Female,2.0,57878.57,6.0,9.0
5680390,13.0,162.0,34.0,Female,3.0,42227.31,6.0,9.0
8001046,27.0,335.0,75.5,Male,2.0,118707.24,6.0,9.0
792110,21.0,253.0,60.5,Male,3.0,477046.01,6.0,9.0
2679453,9.0,111.0,24.5,Male,2.0,66456.04999999999,6.0,9.0
6656943,15.0,189.0,57.0,Male,2.0,90405.63,1.0,4.0
5809205,6.0,80.0,27.0,Unknown,2.0,50526.58,6.0,9.0
47402,7.0,92.0,27.0,Unknown,2.0,45676.12,6.0,9.0
3194364,7.0,92.0,57.0,Unknown,2.0,55216.77,0.0,3.0
3813475,22.0,271.0,67.0,Male,4.0,1658228.35,6.0,9.0
8637820,21.0,261.0,61.0,Female,2.0,1033406.31,6.0,9.0
7241156,19.0,234.0,42.0,Unknown,2.0,197351.39,4.0,7.0
4781233,18.0,225.0,61.5,Male,2.0,28784.93,3.0,6.0
4197208,18.0,222.0,53.5,Male,2.0,99899.64,1.0,4.0
4824763,20.0,241.0,45.0,Male,3.0,264208.7,2.0,5.0
1548646,17.0,209.0,83.0,Female,2.0,179168.76,2.0,6.0
2762435,5.0,60.0,51.0,Unknown,2.0,54909.63,6.0,9.0
9794701,5.0,60.0,27.0,Unknown,2.0,29459.85,0.0,3.0
359316,16.0,192.0,44.0,Male,4.0,377437.85,1.0,4.0
2495471,4.0,58.0,43.5,Female,3.0,34061.009999999995,3.0,6.0
3718486,17.0,206.0,59.5,Male,2.0,98408.34,3.0,6.0
1736571,3.0,47.0,31.5,Unknown,2.0,39636.3,6.0,9.0
1104279,12.0,146.0,51.0,Female,2.0,121321.11,6.0,9.0
8621460,15.0,180.0,61.5,Male,2.0,165888.97999999998,4.0,7.0
4684639,9.0,117.0,26.5,Male,2.0,53954.5,6.0,9.0
9864385,3.0,40.0,61.5,Unknown,2.0,227363.72,2.0,5.0
3657005,6.0,83.0,53.5,Unknown,2.0,38480.48,1.0,4.0
9517859,4.0,53.0,64.0,Female,2.0,47497.52,0.0,4.0
1724386,14.0,173.0,72.0,Female,2.0,23789.72,1.0,4.0
5825740,16.0,195.0,59.5,Unknown,3.0,309465.3,6.0,9.0
242197,10.0,130.0,31.5,Male,2.0,32889.869999999995,6.0,9.0
2008364,7.0,94.0,31.5,Unknown,2.0,69650.43,6.0,9.0
4927781,9.0,108.0,33.0,Male,2.0,81618.61,6.0,9.0
1641314,13.0,161.0,28.5,Female,3.0,221586.53,3.0,6.0
4059744,8.0,100.0,62.5,Unknown,2.0,60820.77,6.0,9.0
9855942,6.0,76.0,58.0,Female,2.0,83643.29000000001,1.0,4.0
1338488,7.0,95.0,78.5,Unknown,2.0,326288.75,6.0,9.0
360131,6.0,78.0,24.0,Unknown,3.0,49016.38,6.0,9.0
6857842,8.0,107.0,61.5,Male,2.0,92909.65,6.0,9.0
8393075,15.0,184.0,30.0,Female,2.0,76169.36,1.0,4.0
9825236,8.0,106.0,68.0,Male,2.0,77764.38,6.0,9.0
3097149,10.0,130.0,29.5,Female,3.0,226659.71,6.0,9.0
574163,6.0,72.0,56.5,Unknown,2.0,332082.67,3.0,6.0
4976982,5.0,70.0,31.5,Unknown,3.0,84660.76999999999,6.0,9.0
9405961,9.0,118.0,47.5,Male,2.0,114284.53,2.0,5.0
1346750,16.0,195.0,65.0,Female,2.0,77509.04999999999,1.0,4.0
8286131,8.0,105.0,61.5,Male,2.0,56562.74,3.0,6.0
46223,9.0,109.0,67.0,Male,2.0,136226.01,5.0,8.0
259817,9.0,109.0,37.5,Female,2.0,26428.52,3.0,6.0
3563683,8.0,106.0,61.5,Female,2.0,37215.11,6.0,9.0
4357231,22.0,267.0,45.5,Male,2.0,2335028.46,4.0,7.0
7203829,17.0,211.0,27.0,Male,2.0,28461.0,5.0,8.0
278866,12.0,154.0,68.0,Female,2.0,78718.73,2.0,5.0
7140358,15.0,190.0,38.0,Female,2.0,64363.27,0.0,3.0
7160628,14.0,178.0,62.5,Male,2.0,114483.79,2.0,5.0
2638214,12.0,148.0,60.5,Male,2.0,66375.34,0.0,3.0
4390944,5.0,67.0,44.0,Unknown,2.0,23967.82,0.0,3.0
4979031,10.0,131.0,50.0,Female,2.0,41044.95,1.0,4.0
557273,15.0,181.0,43.5,Female,2.0,30306.11,1.0,4.0
7350431,17.0,205.0,39.0,Male,2.0,84181.11,0.0,3.0
5581979,5.0,66.0,19.5,Unknown,2.0,94332.72,5.0,8.0
1104,5.0,66.0,48.0,Unknown,3.0,154643.94,6.0,9.0
2881353,12.0,155.0,40.0,Male,2.0,39119.11,5.0,8.0
8081026,33.0,397.0,87.5,Male,3.0,516230.19,4.0,7.0
3060664,7.0,90.0,38.0,Unknown,2.0,318788.89,0.0,3.0
4065831,4.0,59.0,44.5,Unknown,2.0,388836.57,6.0,9.0
4612805,8.0,106.0,52.5,Male,2.0,66642.86,2.0,5.0
4894618,10.0,123.0,55.5,Male,2.0,530848.2000000001,4.0,7.0
748984,10.0,127.0,29.5,Female,2.0,31889.55,0.0,3.0
8734655,5.0,69.0,30.5,Male,2.0,38852.46,6.0,9.0
7942016,12.0,153.0,60.5,Female,2.0,110653.45,1.0,4.0
7374814,4.0,59.0,25.0,Unknown,2.0,44960.27,4.0,7.0
1463030,8.0,97.0,37.5,Unknown,2.0,28267.88,2.0,5.0
2965081,11.0,133.0,23.5,Female,3.0,75214.73999999999,4.0,7.0
52743,6.0,82.0,54.5,Unknown,2.0,41265.11,1.0,4.0
2498857,3.0,40.0,69.0,Unknown,2.0,109823.42,2.0,5.0
6188191,16.0,193.0,40.5,Female,2.0,49073.78,6.0,9.0
7214811,8.0,96.0,35.0,Unknown,2.0,38119.6,2.0,5.0
5367426,7.0,88.0,27.0,Unknown,3.0,63569.54,4.0,9.0
7216090,12.0,154.0,56.0,Female,2.0,648673.8200000001,6.0,9.0
8111377,15.0,189.0,62.0,Male,2.0,199977.83,3.0,6.0
7349720,4.0,58.0,36.5,Unknown,3.0,44103.63,0.0,3.0
3750142,7.0,84.0,22.0,Unknown,2.0,44985.86,3.0,6.0
3761945,6.0,75.0,68.0,Unknown,3.0,1795249.88,4.0,7.0
5828946,5.0,66.0,54.0,Female,2.0,202199.54,6.0,9.0
4061038,4.0,58.0,27.0,Unknown,2.0,33048.83,0.0,3.0
8384161,17.0,205.0,52.0,Male,2.0,38934.86,3.0,6.0
6765532,28.0,336.0,56.0,Male,3.0,5187970.13,5.0,8.0
4035366,11.0,142.0,57.5,Female,2.0,65953.48,1.0,4.0
4974008,10.0,127.0,26.0,Male,2.0,219209.83,2.0,5.0
8993080,10.0,126.0,39.0,Female,2.0,75102.67,1.0,4.0
2214260,19.0,232.0,80.5,Female,3.0,50578.78999999999,6.0,9.0
3892413,24.0,288.0,79.0,Unknown,2.0,476845.78,6.0,9.0
9884305,10.0,129.0,30.0,Female,2.0,76047.6,1.0,4.0
4000443,25.0,308.0,27.0,Male,3.0,167932.40999999997,6.0,9.0
9246617,20.0,247.0,63.5,Male,2.0,466166.41,6.0,9.0
8205075,17.0,209.0,44.0,Male,3.0,89475.36,6.0,9.0
7006564,16.0,203.0,29.0,Female,3.0,161760.87,5.0,8.0
5338131,25.0,304.0,59.0,Female,2.0,344095.52,2.0,5.0
7082709,12.0,154.0,39.5,Female,2.0,158070.78999999998,2.0,5.0
5453370,13.0,157.0,36.0,Male,2.0,58084.62,6.0,9.0
6940673,11.0,142.0,32.5,Male,3.0,35513.36,3.0,6.0
8070639,14.0,170.0,63.0,Male,3.0,2320954.46,2.0,6.0
3817850,6.0,79.0,52.0,Unknown,2.0,85077.68,1.0,4.0
2626703,4.0,53.0,22.0,Female,2.0,43802.9,3.0,6.0
2411318,5.0,63.0,66.0,Unknown,2.0,48697.35,0.0,3.0
3504399,4.0,57.0,36.5,Male,3.0,43453.59,0.0,3.0
1337947,33.0,404.0,64.5,Unknown,3.0,250860.65,6.0,9.0
6930729,37.0,449.0,53.5,Female,2.0,331742.73,2.0,5.0
6042891,4.0,58.0,24.0,Unknown,2.0,45059.15,1.0,4.0
7058578,16.0,199.0,33.5,Male,2.0,28956.7,1.0,4.0
1177271,12.0,154.0,56.0,Male,2.0,89579.9,3.0,6.0
5770692,4.0,55.0,30.0,Male,2.0,115293.9,6.0,9.0
4237204,13.0,166.0,50.0,Female,2.0,81426.75,4.0,7.0
1678193,24.0,299.0,65.5,Male,3.0,8137343.24,6.0,9.0
2780112,5.0,67.0,51.0,Unknown,3.0,614076.76,1.0,4.0
7032805,8.0,101.0,34.5,Male,2.0,42228.73,5.0,8.0
2473930,6.0,83.0,35.5,Unknown,2.0,57430.99,4.0,7.0
9648575,7.0,95.0,24.5,Unknown,3.0,71106.79000000001,3.0,6.0
2292083,7.0,91.0,68.0,Unknown,2.0,30364.36,0.0,3.0
5967677,15.0,188.0,50.5,Male,2.0,426420.14,3.0,6.0
3416943,5.0,64.0,57.5,Unknown,2.0,135512.97999999998,6.0,9.0
8142623,15.0,187.0,72.0,Female,2.0,24957.49,2.0,5.0
2684020,14.0,179.0,75.0,Male,2.0,252341.29,6.0,9.0
7624594,7.0,88.0,51.0,Unknown,2.0,30303.85,1.0,4.0
2952896,16.0,193.0,69.5,Male,2.0,407484.97,4.0,7.0
8323224,5.0,65.0,30.0,Male,2.0,39217.09,0.0,3.0
7506390,9.0,117.0,46.0,Female,2.0,32794.05,2.0,5.0
7455799,6.0,74.0,24.0,Unknown,2.0,28690.99,1.0,4.0
2066863,14.0,179.0,62.0,Unknown,2.0,34137.41,3.0,8.0
8593795,4.0,55.0,22.0,Unknown,2.0,27553.32,2.0,5.0
6206436,6.0,80.0,65.5,Unknown,2.0,38572.41,4.0,7.0
1497704,4.0,58.0,63.0,Unknown,2.0,29054.36,2.0,6.0
9607187,4.0,59.0,33.0,Unknown,3.0,81962.23999999999,6.0,9.0
8909091,14.0,178.0,74.0,Male,2.0,79033.19,5.0,8.0
2938090,9.0,115.0,50.0,Female,2.0,24872.14,0.0,4.0
29227,15.0,189.0,69.5,Female,3.0,73112.36,1.0,4.0
6038525,13.0,157.0,56.5,Male,2.0,250070.19,6.0,9.0
8144783,6.0,72.0,45.5,Female,3.0,82131.54999999999,6.0,9.0
179076,15.0,180.0,39.5,Female,2.0,45695.07,1.0,4.0
1287510,6.0,79.0,27.5,Unknown,2.0,32912.14,6.0,9.0
3711895,4.0,59.0,22.0,Unknown,2.0,41909.49,6.0,9.0
1598681,5.0,69.0,27.0,Unknown,2.0,28463.8,3.0,6.0
8642385,15.0,190.0,45.0,Female,2.0,52906.6,0.0,3.0
8512093,12.0,148.0,52.0,Female,2.0,53608.52,1.0,4.0
5723006,11.0,142.0,41.5,Female,2.0,23869.59,0.0,3.0
4652641,15.0,191.0,42.0,Female,2.0,59506.52,6.0,9.0
8325793,5.0,66.0,35.0,Unknown,2.0,136624.4,6.0,9.0
1774638,18.0,226.0,48.5,Male,4.0,475484.15,6.0,9.0
8819484,7.0,87.0,43.0,Unknown,2.0,36392.87,5.0,8.0
6461303,10.0,120.0,32.0,Male,2.0,68757.65,0.0,3.0
9636169,7.0,94.0,38.5,Unknown,2.0,52739.7,6.0,9.0
4365679,5.0,70.0,20.5,Unknown,3.0,70743.1,4.0,7.0
8036059,23.0,282.0,44.5,Female,3.0,43377.76,4.0,7.0
6455955,23.0,281.0,54.5,Male,3.0,378550.83,6.0,9.0
6317207,22.0,272.0,50.5,Female,2.0,45470.28999999999,1.0,4.0
3711449,22.0,272.0,49.0,Male,2.0,72852.63,3.0,6.0
7617111,18.0,217.0,45.5,Female,3.0,24087.02,0.0,3.0
3139396,9.0,109.0,33.5,Male,2.0,88255.22,2.0,5.0
7910014,6.0,78.0,78.0,Male,2.0,1456955.27,5.0,8.0
7595462,16.0,200.0,45.0,Male,2.0,49880.88,1.0,4.0
3230378,11.0,133.0,68.0,Male,2.0,121935.98,2.0,5.0
1616184,12.0,144.0,45.0,Male,2.0,23791.7,0.0,3.0
1850777,11.0,138.0,25.5,Female,2.0,49667.84,6.0,9.0
9977376,6.0,79.0,30.0,Unknown,2.0,29399.32,1.0,4.0
8559593,7.0,95.0,21.5,Unknown,2.0,35675.49,3.0,6.0
2405156,6.0,80.0,23.5,Unknown,2.0,51129.85,3.0,6.0
9671577,5.0,60.0,73.0,Unknown,2.0,29718.15,4.0,7.0
934840,4.0,58.0,59.5,Unknown,2.0,42018.92,6.0,9.0
9584408,7.0,87.0,48.5,Unknown,2.0,71834.25,2.0,5.0
1972099,5.0,68.0,29.0,Unknown,2.0,58008.79,5.0,8.0
7495470,10.0,122.0,55.5,Male,3.0,167884.13,1.0,4.0
59605,15.0,189.0,59.0,Female,2.0,94987.66,5.0,8.0
3813353,16.0,198.0,44.5,Male,2.0,26876.21,5.0,8.0
4209246,11.0,138.0,67.0,Female,2.0,103608.93,3.0,6.0
4942236,7.0,87.0,70.5,Unknown,2.0,50381.36,2.0,5.0
3171398,12.0,155.0,53.0,Female,2.0,79132.85,1.0,4.0
4908184,6.0,72.0,24.5,Unknown,3.0,44869.77,6.0,9.0
6024945,15.0,190.0,64.5,Female,2.0,112031.62,3.0,6.0
144773,7.0,88.0,28.5,Unknown,2.0,28423.86,6.0,9.0
4836160,16.0,193.0,58.5,Female,2.0,501021.47,6.0,9.0
6176837,4.0,59.0,66.0,Unknown,2.0,209031.03,3.0,6.0
5130445,5.0,70.0,68.0,Female,2.0,65126.13,5.0,8.0
8363830,5.0,68.0,32.0,Unknown,2.0,47035.53,6.0,9.0
1721401,4.0,57.0,36.0,Male,2.0,89248.72,6.0,9.0
5422343,16.0,193.0,65.0,Female,2.0,115984.59,6.0,9.0
8867782,15.0,190.0,42.0,Male,2.0,95502.39,5.0,8.0
6719426,6.0,72.0,51.5,Unknown,2.0,122335.82,6.0,9.0
6912337,5.0,70.0,60.0,Unknown,2.0,63032.84,2.0,5.0
5328442,13.0,158.0,66.0,Male,2.0,130634.36,6.0,9.0
1945788,6.0,83.0,66.5,Unknown,2.0,131702.21,0.0,5.0
556775,7.0,90.0,20.5,Unknown,2.0,37037.37,0.0,3.0
3983191,4.0,59.0,43.0,Unknown,2.0,45019.99,4.0,7.0
6754236,14.0,170.0,61.5,Female,2.0,53351.14,6.0,9.0
4530313,16.0,197.0,35.0,Female,4.0,76612.78,2.0,5.0
3678302,16.0,200.0,58.5,Male,3.0,261342.65,6.0,9.0
9350432,5.0,60.0,31.0,Unknown,3.0,41566.88,5.0,8.0
4553704,28.0,342.0,59.0,Male,2.0,898469.0800000001,3.0,6.0
8084318,13.0,163.0,36.5,Male,2.0,44526.81,6.0,9.0
9738138,4.0,52.0,18.0,Unknown,2.0,25331.22,2.0,5.0
1910622,5.0,66.0,78.0,Unknown,2.0,236648.71,1.0,4.0
2941991,17.0,205.0,45.5,Male,3.0,1648186.03,3.0,6.0
7065408,11.0,143.0,45.5,Male,3.0,181222.57,3.0,6.0
2687012,12.0,154.0,63.0,Female,2.0,56390.55,0.0,3.0
8101389,11.0,136.0,28.5,Female,2.0,25441.06,3.0,6.0
9737117,19.0,231.0,57.0,Male,2.0,27158.95,6.0,9.0
35087,13.0,158.0,22.0,Male,3.0,49199.85,0.0,3.0
4863969,15.0,189.0,39.5,Male,2.0,27602.54,0.0,3.0
8501291,6.0,80.0,40.5,Unknown,2.0,45372.84,1.0,4.0
1167772,13.0,157.0,46.0,Unknown,2.0,35852.92,0.0,3.0
860752,5.0,70.0,72.5,Unknown,2.0,51101.73,2.0,5.0
8782299,23.0,286.0,70.0,Female,2.0,96559.16,0.0,3.0
510497,21.0,260.0,56.5,Male,2.0,119138.65,1.0,4.0
654022,17.0,211.0,20.5,Male,3.0,65245.45,6.0,9.0
504980,9.0,110.0,51.5,Male,2.0,32558.43,0.0,3.0
3948396,5.0,60.0,60.0,Male,3.0,241269.24,3.0,6.0
2461921,11.0,137.0,37.5,Female,3.0,248857.13,0.0,3.0
3084520,7.0,93.0,29.0,Unknown,3.0,58268.77,6.0,9.0
1928237,14.0,173.0,50.0,Female,2.0,272225.46,3.0,6.0
8590903,8.0,96.0,31.5,Unknown,2.0,40311.67,1.0,4.0
5447562,6.0,83.0,20.0,Unknown,2.0,36045.97,0.0,3.0
1860357,7.0,87.0,51.5,Unknown,2.0,201026.73,2.0,5.0
5533863,6.0,78.0,26.0,Unknown,2.0,51853.84,2.0,5.0
392273,4.0,58.0,30.5,Unknown,2.0,50029.33,0.0,3.0
1260686,15.0,180.0,59.0,Unknown,3.0,318033.41,0.0,3.0
4700399,15.0,191.0,68.5,Male,2.0,107866.02,3.0,6.0
3351699,16.0,199.0,51.5,Female,2.0,49357.83,1.0,4.0
8282979,7.0,85.0,25.5,Unknown,3.0,78398.12,6.0,9.0
4663855,6.0,78.0,23.5,Unknown,2.0,31350.32,1.0,4.0
8051621,9.0,117.0,40.0,Male,2.0,83459.45,1.0,4.0
7853891,12.0,153.0,49.5,Male,3.0,74455.28,6.0,9.0
1575889,4.0,58.0,61.0,Unknown,2.0,42428.05,4.0,7.0
3072135,4.0,59.0,24.5,Unknown,2.0,26397.88,2.0,5.0
7281456,10.0,122.0,48.5,Female,2.0,27788.56,2.0,5.0
9849851,13.0,159.0,62.0,Female,2.0,30289.56,5.0,8.0
1024113,10.0,125.0,30.5,Female,2.0,32599.2,2.0,5.0
9800940,6.0,83.0,61.0,Unknown,2.0,25860.24,1.0,4.0
5235587,13.0,156.0,37.0,Female,2.0,82591.56,3.0,6.0
8763977,14.0,177.0,57.0,Female,3.0,502727.9,0.0,3.0
2698101,16.0,202.0,64.5,Male,2.0,27919.89,3.0,6.0
3009921,14.0,170.0,57.0,Female,2.0,38653.59,4.0,7.0
9908182,11.0,134.0,26.5,Female,2.0,26577.82,0.0,3.0
3378764,12.0,145.0,56.0,Male,2.0,433465.31,6.0,9.0
5042238,9.0,117.0,63.5,Male,2.0,63084.87,6.0,9.0
3080346,22.0,273.0,22.5,Female,2.0,47727.41,4.0,7.0
322785,27.0,327.0,63.0,Female,3.0,233117.84000000003,1.0,8.0
6399184,6.0,74.0,19.5,Unknown,2.0,29890.06,1.0,4.0
6105618,9.0,119.0,39.5,Female,3.0,63732.08,0.0,3.0
956630,11.0,136.0,29.5,Male,2.0,64931.74,4.0,7.0
3101849,17.0,205.0,50.0,Female,2.0,29190.15,1.0,4.0
5870802,16.0,197.0,45.5,Male,2.0,53482.51,0.0,3.0
2689307,6.0,74.0,18.5,Unknown,2.0,79737.81,6.0,9.0
2184029,13.0,157.0,48.0,Female,2.0,54640.64,0.0,3.0
9341879,14.0,177.0,39.0,Male,2.0,42218.03,5.0,8.0
5955871,26.0,321.0,73.0,Female,2.0,54203.61,3.0,6.0
65845,9.0,108.0,61.5,Male,3.0,1404725.64,5.0,8.0
4885196,12.0,148.0,25.5,Male,2.0,23813.86,4.0,7.0
4362442,9.0,117.0,38.5,Male,3.0,574112.88,3.0,7.0
9786865,15.0,189.0,60.5,Male,2.0,186693.13,0.0,3.0
8352552,26.0,320.0,27.0,Female,2.0,30318.42,4.0,7.0
1757044,25.0,300.0,61.5,Female,2.0,157228.0,3.0,6.0
9183538,22.0,271.0,36.5,Male,4.0,185459.61,4.0,7.0
3288833,22.0,266.0,49.5,Female,2.0,27845.91,6.0,9.0
1378200,22.0,265.0,47.5,Male,2.0,69009.64,5.0,8.0
1794555,21.0,263.0,64.5,Female,2.0,485616.89,1.0,4.0
3863604,19.0,235.0,71.5,Male,2.0,503591.67,5.0,8.0
2779162,19.0,229.0,64.0,Female,2.0,335775.36,1.0,4.0
378538,20.0,241.0,62.0,Male,2.0,546645.98,5.0,8.0
2220546,18.0,223.0,32.0,Male,3.0,73002.85,6.0,9.0
1323343,7.0,85.0,46.5,Unknown,2.0,50840.03999999999,6.0,9.0
5402515,14.0,178.0,68.0,Female,3.0,30614.66,1.0,6.0
7982027,8.0,98.0,71.0,Unknown,2.0,31370.3,3.0,6.0
4809145,7.0,93.0,39.0,Unknown,2.0,29765.27,2.0,6.0
7533968,28.0,347.0,63.0,Female,2.0,81845.78,6.0,9.0
8445363,8.0,100.0,52.5,Unknown,2.0,519648.15,6.0,9.0
4790197,34.0,414.0,66.5,Female,2.0,339495.57,5.0,8.0
6881177,5.0,65.0,30.0,Unknown,3.0,67193.31,4.0,7.0
1506959,9.0,118.0,60.5,Female,2.0,56369.78,6.0,9.0
6361486,4.0,57.0,28.0,Unknown,3.0,84620.38,3.0,6.0
512432,12.0,150.0,53.0,Male,2.0,206941.24,2.0,5.0
1529794,7.0,90.0,32.5,Unknown,2.0,49758.76,1.0,4.0
5300015,5.0,60.0,61.5,Unknown,2.0,569416.3200000001,2.0,5.0
1856884,4.0,59.0,26.5,Unknown,2.0,29114.12,1.0,4.0
2375127,4.0,57.0,49.5,Unknown,2.0,42410.42,5.0,8.0
9049387,4.0,58.0,54.0,Male,2.0,47011.71,0.0,3.0
1502414,14.0,176.0,29.5,Female,2.0,68741.85,4.0,7.0
2717499,5.0,70.0,46.0,Unknown,2.0,30659.25,1.0,4.0
3706156,9.0,118.0,62.0,Male,2.0,113585.07,1.0,4.0
9309343,11.0,141.0,33.5,Male,2.0,85311.69,1.0,4.0
3527757,12.0,155.0,49.5,Male,2.0,107663.5,3.0,6.0
5728402,15.0,180.0,51.0,Male,4.0,78458.25,6.0,9.0
40283,14.0,169.0,43.0,Female,2.0,59625.44,6.0,9.0
7531469,5.0,68.0,58.5,Unknown,2.0,28303.99,0.0,3.0
7310223,6.0,74.0,35.0,Unknown,2.0,52511.66,2.0,5.0
5061291,5.0,62.0,23.5,Unknown,3.0,59538.82,4.0,7.0
6345263,9.0,118.0,63.0,Female,2.0,30818.23,3.0,6.0
6721296,7.0,90.0,56.0,Unknown,3.0,135580.31,3.0,6.0
4823114,10.0,123.0,27.5,Female,2.0,95722.37,6.0,9.0
6535723,8.0,98.0,30.5,Unknown,2.0,26937.34,1.0,4.0
4630949,13.0,167.0,64.0,Male,2.0,147163.57,0.0,3.0
2665926,8.0,106.0,66.5,Male,2.0,69070.94,5.0,8.0
2035789,11.0,137.0,50.0,Female,2.0,51880.71,2.0,5.0
7944139,11.0,134.0,23.0,Female,2.0,40862.07,3.0,6.0
9012353,12.0,152.0,52.0,Female,2.0,97752.85,2.0,5.0
9436763,19.0,238.0,52.0,Male,2.0,67119.75,3.0,6.0
1913642,16.0,193.0,37.5,Female,2.0,34922.53,1.0,4.0
1135157,6.0,82.0,57.0,Unknown,2.0,61448.9,4.0,7.0
3078858,12.0,152.0,39.5,Male,2.0,83967.43,2.0,5.0
7893752,15.0,186.0,37.0,Female,2.0,57167.73,1.0,4.0
8623510,25.0,303.0,55.0,Male,3.0,232764.33,3.0,6.0
6070431,24.0,296.0,51.0,Male,3.0,536326.25,6.0,9.0
399780,24.0,292.0,62.5,Female,2.0,94059.96,2.0,5.0
9780034,23.0,277.0,61.0,Male,3.0,234075.39,6.0,9.0
2584570,23.0,277.0,54.5,Male,3.0,69733.07,6.0,9.0
3116846,23.0,276.0,55.0,Male,4.0,409427.26,5.0,8.0
6221871,22.0,269.0,70.0,Male,2.0,183973.99,1.0,5.0
4405562,21.0,262.0,58.5,Female,3.0,64601.48,5.0,8.0
1044267,20.0,241.0,62.0,Male,4.0,143721.94,6.0,9.0
8006554,19.0,230.0,57.0,Male,2.0,69934.91,5.0,8.0
2669177,14.0,175.0,40.0,Male,4.0,337162.91,5.0,8.0
4229623,7.0,89.0,69.5,Unknown,2.0,98337.38,3.0,6.0
6426942,12.0,155.0,50.5,Female,2.0,92864.74,6.0,9.0
2380229,8.0,103.0,31.0,Unknown,2.0,81441.98,1.0,4.0
4244120,5.0,70.0,67.0,Unknown,2.0,33641.69,4.0,8.0
7281041,15.0,181.0,52.0,Unknown,2.0,59609.14,1.0,4.0
7874244,7.0,94.0,59.5,Unknown,2.0,43054.64,1.0,4.0
6445575,11.0,136.0,24.0,Male,3.0,35751.35,6.0,9.0
2006078,12.0,154.0,66.0,Female,2.0,32767.29,1.0,4.0
7244755,15.0,181.0,42.5,Male,2.0,46008.25,3.0,6.0
8225827,23.0,281.0,49.5,Female,2.0,78387.87,2.0,5.0
8143922,6.0,83.0,46.5,Unknown,2.0,657334.8300000001,6.0,9.0
9476282,6.0,81.0,32.5,Unknown,2.0,47162.26,6.0,9.0
7819845,13.0,158.0,42.0,Male,2.0,31945.44,0.0,3.0
4703735,8.0,103.0,65.5,Unknown,2.0,166159.43,6.0,9.0
3736324,6.0,78.0,58.0,Unknown,3.0,45871.32,0.0,3.0
1334342,7.0,95.0,52.5,Unknown,2.0,35253.21,0.0,3.0
4441240,15.0,186.0,70.5,Female,2.0,103542.01,1.0,4.0
2734118,15.0,189.0,61.5,Female,2.0,114440.92,3.0,6.0
4543586,28.0,340.0,66.0,Female,2.0,61129.95,1.0,4.0
4584618,28.0,346.0,50.0,Female,2.0,37942.61,1.0,5.0
3509934,10.0,125.0,42.0,Male,4.0,116896.78,6.0,9.0
2454436,8.0,103.0,36.0,Unknown,2.0,91772.08,1.0,4.0
2902489,5.0,71.0,42.0,Unknown,2.0,58966.18,3.0,6.0
8578518,5.0,62.0,45.0,Unknown,3.0,43509.45,6.0,9.0
7645026,16.0,192.0,44.5,Female,2.0,134323.78999999998,3.0,6.0
7056854,13.0,158.0,36.0,Male,2.0,153714.69,4.0,7.0
8510120,13.0,163.0,23.5,Female,2.0,34336.32,6.0,9.0
6115682,5.0,69.0,56.0,Female,2.0,111588.48,4.0,7.0
9921411,23.0,280.0,65.5,Male,4.0,164196.90000000002,6.0,9.0
229522,6.0,83.0,37.0,Unknown,2.0,23909.02,0.0,3.0
8664232,5.0,71.0,33.5,Unknown,2.0,33958.85,0.0,3.0
1581663,6.0,73.0,22.0,Unknown,2.0,36227.05,0.0,3.0
997167,4.0,52.0,29.0,Male,4.0,275158.86,2.0,6.0
1203260,7.0,95.0,54.5,Unknown,2.0,127170.74,1.0,4.0
4649758,21.0,255.0,43.5,Female,2.0,41646.16,0.0,3.0
9600060,10.0,126.0,46.5,Female,2.0,57745.94,0.0,3.0
7890170,14.0,173.0,36.5,Male,2.0,135662.75,5.0,8.0
8905816,6.0,78.0,46.5,Unknown,3.0,762519.89,4.0,7.0
2200980,14.0,172.0,35.0,Male,2.0,34559.33,1.0,4.0
3908215,8.0,107.0,57.5,Female,2.0,431941.16,2.0,5.0
9081439,2.0,34.0,61.0,Unknown,3.0,408333.36,4.0,7.0
3630419,7.0,85.0,48.5,Male,2.0,55440.42999999999,5.0,8.0
380583,11.0,135.0,41.5,Unknown,2.0,31242.09,0.0,3.0
1315310,10.0,121.0,28.5,Female,2.0,73456.64,3.0,6.0
6547909,24.0,292.0,67.5,Female,2.0,1611860.3199999998,4.0,7.0
7141861,24.0,290.0,44.0,Male,4.0,295963.63,3.0,6.0
1253886,24.0,288.0,53.0,Female,3.0,1151723.13,2.0,5.0
2306046,21.0,260.0,52.5,Unknown,4.0,234621.59000000003,5.0,8.0
1705627,21.0,256.0,45.5,Female,2.0,188869.33,1.0,4.0
5761292,21.0,255.0,47.5,Female,2.0,98883.3,3.0,6.0
455557,21.0,253.0,32.0,Female,3.0,637525.0,3.0,6.0
428188,22.0,268.0,57.0,Male,2.0,194018.28,3.0,6.0
2426792,22.0,269.0,59.0,Male,2.0,508247.64,0.0,3.0
5550182,22.0,272.0,55.0,Male,3.0,606377.41,4.0,7.0
958145,19.0,238.0,69.0,Female,2.0,78853.04000000001,5.0,8.0
3850989,18.0,227.0,49.5,Female,3.0,98104.71,0.0,3.0
8439704,18.0,219.0,22.5,Female,3.0,70453.69,6.0,9.0
9778461,47.0,569.0,63.0,Female,2.0,27203.17,3.0,6.0
6597238,6.0,75.0,33.5,Male,2.0,38721.23,3.0,6.0
1960131,6.0,82.0,68.5,Unknown,2.0,214134.25,6.0,9.0
7937086,7.0,94.0,22.5,Unknown,3.0,37657.59,1.0,4.0
9068673,11.0,140.0,75.5,Female,2.0,42213.08,1.0,4.0
8501430,6.0,73.0,51.5,Unknown,2.0,50344.35,1.0,4.0
5945202,20.0,246.0,55.5,Unknown,2.0,144173.69,1.0,4.0
5552624,15.0,189.0,59.0,Male,2.0,665530.7100000001,6.0,9.0
1180583,5.0,65.0,38.0,Unknown,3.0,77586.82,2.0,5.0
7239987,10.0,124.0,58.0,Male,3.0,294167.96,4.0,7.0
7353047,14.0,169.0,71.0,Male,2.0,352862.33,0.0,3.0
7873544,12.0,154.0,30.5,Female,2.0,55222.66,4.0,7.0
5862995,12.0,154.0,65.0,Female,2.0,38184.83,0.0,3.0
6617037,12.0,148.0,37.0,Male,2.0,46757.39,2.0,5.0
1230277,6.0,74.0,54.5,Male,2.0,47753.45,2.0,5.0
4676691,9.0,119.0,66.5,Female,2.0,95212.49,0.0,3.0
261440,7.0,90.0,47.0,Unknown,2.0,80492.95,0.0,3.0
5504850,11.0,136.0,58.0,Female,2.0,56900.6,3.0,6.0
7408543,7.0,95.0,43.5,Unknown,3.0,59380.3,3.0,7.0
4476586,8.0,102.0,28.0,Male,2.0,46405.96,6.0,9.0
118358,26.0,320.0,72.0,Male,3.0,669465.1000000001,6.0,9.0
3154378,15.0,189.0,33.5,Male,4.0,314940.71,4.0,7.0
2125162,30.0,369.0,70.0,Male,2.0,118023.44,6.0,9.0
2011557,9.0,118.0,31.5,Female,3.0,64445.03,3.0,6.0
724704,7.0,95.0,70.5,Unknown,2.0,173499.07,4.0,7.0
9329665,21.0,253.0,30.0,Male,2.0,30149.13,3.0,6.0
4453547,26.0,316.0,85.0,Male,2.0,232999.35,6.0,9.0
6538963,5.0,69.0,24.5,Female,2.0,25735.82,2.0,5.0
5061459,8.0,98.0,61.5,Unknown,2.0,51303.64,3.0,6.0
3554790,5.0,66.0,18.5,Unknown,2.0,27520.12,4.0,7.0
7886832,6.0,72.0,37.0,Unknown,2.0,84865.31,6.0,9.0
8924782,4.0,59.0,17.5,Unknown,2.0,36666.21,2.0,5.0
1280540,21.0,252.0,51.5,Male,2.0,53637.62,1.0,4.0
4749395,6.0,83.0,45.5,Unknown,2.0,532506.28,0.0,3.0
1435416,11.0,140.0,36.5,Female,2.0,91189.91,0.0,3.0
3132085,15.0,180.0,41.0,Male,2.0,74789.51999999999,6.0,9.0
7758995,12.0,150.0,35.5,Female,3.0,114153.26,6.0,9.0
8031474,23.0,285.0,57.0,Female,2.0,95818.97,1.0,4.0
5237164,5.0,60.0,54.5,Unknown,2.0,120010.16,2.0,5.0
1297334,13.0,167.0,52.5,Female,2.0,67461.20999999999,6.0,9.0
323407,12.0,148.0,63.5,Female,2.0,31555.9,0.0,3.0
1605344,7.0,85.0,46.5,Unknown,2.0,29335.77,6.0,9.0
6918704,11.0,140.0,28.0,Female,2.0,25813.75,0.0,3.0
1164920,5.0,70.0,31.0,Unknown,2.0,59554.23,6.0,9.0
6157587,4.0,56.0,22.5,Unknown,2.0,63908.19,3.0,6.0
2429948,5.0,71.0,58.0,Unknown,2.0,32457.77,3.0,6.0
8310031,6.0,83.0,44.5,Unknown,2.0,151155.86,0.0,3.0
9498187,5.0,60.0,21.5,Unknown,2.0,31295.49,6.0,9.0
274416,10.0,130.0,59.0,Male,2.0,44229.6,0.0,3.0
9878029,7.0,86.0,30.5,Unknown,2.0,31158.77,1.0,4.0
987970,14.0,179.0,74.5,Male,3.0,7339443.17,4.0,9.0
6795104,4.0,56.0,20.5,Unknown,2.0,26723.46,6.0,9.0
2814384,24.0,288.0,66.5,Female,2.0,395097.42,3.0,6.0
4147935,23.0,283.0,56.5,Female,2.0,94216.24,1.0,4.0
3932745,21.0,253.0,53.5,Male,3.0,557997.65,6.0,9.0
5771521,22.0,268.0,54.0,Female,2.0,142418.05,6.0,9.0
171484,17.0,214.0,44.5,Unknown,3.0,49978.85,4.0,7.0
5969328,5.0,67.0,22.5,Male,2.0,61047.55,1.0,4.0
2367084,5.0,65.0,65.5,Male,2.0,45970.19,0.0,3.0
2956992,31.0,382.0,68.0,Female,2.0,97140.35,0.0,3.0
5719284,5.0,70.0,52.0,Unknown,2.0,37078.44,1.0,5.0
8863103,8.0,103.0,30.0,Unknown,3.0,55145.13,5.0,8.0
867018,5.0,70.0,23.0,Unknown,2.0,42083.98,6.0,9.0
3676438,15.0,187.0,68.0,Female,2.0,135968.53,3.0,6.0
4730117,5.0,67.0,29.5,Unknown,2.0,35786.28,4.0,7.0
2852997,30.0,371.0,49.5,Female,2.0,222098.48,5.0,8.0
8543484,5.0,66.0,33.5,Unknown,2.0,52711.24,6.0,9.0
6407595,28.0,337.0,26.0,Unknown,2.0,30756.33,6.0,9.0
2562213,4.0,57.0,27.0,Unknown,2.0,30344.88,4.0,7.0
7435708,5.0,63.0,43.5,Unknown,3.0,514593.29,2.0,5.0
4513721,8.0,106.0,43.5,Female,2.0,79112.48999999999,0.0,3.0
8533320,12.0,154.0,34.5,Female,3.0,72384.76,2.0,5.0
2509777,16.0,192.0,43.5,Female,2.0,83661.89,6.0,9.0
8943221,28.0,345.0,78.0,Male,2.0,628177.54,4.0,7.0
9097776,6.0,77.0,29.5,Unknown,2.0,47044.97,0.0,3.0
9573973,7.0,91.0,31.0,Unknown,3.0,1776167.77,6.0,9.0
8222962,7.0,91.0,35.0,Unknown,2.0,69013.09,0.0,3.0
6874017,6.0,81.0,49.0,Unknown,2.0,138408.89,1.0,4.0
1428836,16.0,192.0,45.5,Female,3.0,55647.75,3.0,6.0
2209429,4.0,53.0,50.5,Unknown,2.0,28719.38,1.0,4.0
3376452,7.0,86.0,37.5,Unknown,2.0,69500.82,3.0,6.0
8034538,3.0,47.0,44.0,Unknown,2.0,25610.12,2.0,5.0
2479866,5.0,70.0,23.5,Unknown,2.0,58730.11,3.0,6.0
5809163,9.0,108.0,30.5,Male,3.0,43870.92999999999,4.0,7.0
6742370,5.0,67.0,45.0,Unknown,2.0,38448.01,1.0,4.0
5228617,5.0,64.0,23.5,Unknown,2.0,34876.35,2.0,5.0
8345546,14.0,173.0,28.5,Male,2.0,28217.41,5.0,8.0
613009,5.0,70.0,59.5,Unknown,2.0,55750.3,1.0,4.0
9730813,22.0,275.0,25.5,Unknown,2.0,29505.04,3.0,6.0
3638154,12.0,154.0,37.0,Female,2.0,114094.56,5.0,8.0
9806840,15.0,184.0,34.5,Male,2.0,119512.53,2.0,6.0
8753478,25.0,310.0,65.5,Female,4.0,501111.7,3.0,6.0
9858062,6.0,83.0,66.5,Unknown,2.0,26814.3,2.0,5.0
4727272,13.0,160.0,45.0,Male,2.0,81712.28,1.0,4.0
5311255,11.0,138.0,44.5,Male,2.0,56637.4,0.0,3.0
8547335,7.0,95.0,50.5,Unknown,2.0,71518.75,6.0,9.0
9798513,9.0,114.0,34.0,Female,2.0,31628.13,6.0,9.0
9377779,6.0,82.0,58.0,Unknown,2.0,36939.94,6.0,9.0
1809309,23.0,280.0,55.5,Male,4.0,639206.7300000001,6.0,9.0
3564822,20.0,250.0,56.0,Female,3.0,413454.82,6.0,9.0
1946273,20.0,244.0,61.5,Female,2.0,26801.64,2.0,5.0
1829729,19.0,232.0,55.5,Male,4.0,198264.74,3.0,6.0
5653005,18.0,216.0,35.5,Female,3.0,70271.09,4.0,7.0
4684105,17.0,206.0,71.5,Unknown,4.0,173974.02000000002,6.0,9.0
1929646,4.0,57.0,27.5,Unknown,4.0,138180.95,4.0,7.0
7923758,6.0,81.0,23.5,Unknown,2.0,30629.44,6.0,9.0
7939771,14.0,168.0,53.0,Female,2.0,58621.69,0.0,3.0
3942777,7.0,85.0,26.0,Unknown,2.0,53357.97,0.0,3.0
6537109,10.0,125.0,49.5,Male,2.0,37033.47,6.0,9.0
2399540,4.0,59.0,65.0,Unknown,3.0,120641.76,2.0,6.0
5828316,16.0,196.0,33.5,Male,2.0,29496.37,1.0,4.0
5606194,5.0,60.0,19.5,Unknown,2.0,39331.64,2.0,5.0
7395796,12.0,154.0,28.0,Male,2.0,47412.01,0.0,3.0
289030,8.0,104.0,25.0,Male,2.0,52306.07,5.0,8.0
326039,11.0,143.0,58.5,Female,2.0,44042.59,1.0,4.0
170660,4.0,57.0,22.5,Unknown,3.0,89587.83,3.0,6.0
5794515,25.0,311.0,75.0,Female,3.0,166600.13,6.0,9.0
5525549,7.0,84.0,45.5,Unknown,2.0,52041.65,3.0,6.0
7829178,5.0,66.0,48.0,Unknown,2.0,28932.8,5.0,8.0
3721824,5.0,64.0,34.5,Unknown,3.0,59522.87,3.0,6.0
965239,7.0,88.0,57.5,Unknown,2.0,45456.26,0.0,3.0
7225627,7.0,89.0,37.0,Unknown,4.0,101128.31,1.0,4.0
6324646,8.0,102.0,34.0,Unknown,2.0,50573.3,3.0,6.0
487056,16.0,203.0,38.5,Male,2.0,47305.22,0.0,3.0
2487945,14.0,176.0,61.5,Female,2.0,61083.95,1.0,4.0
4601310,13.0,156.0,57.5,Male,3.0,251907.12,6.0,9.0
6728778,12.0,144.0,48.0,Male,2.0,250800.55,3.0,6.0
2337097,9.0,118.0,44.0,Male,2.0,72727.04000000001,6.0,9.0
5729838,11.0,142.0,61.5,Male,2.0,100249.51,0.0,3.0
3264966,15.0,188.0,36.0,Male,2.0,42596.95,6.0,9.0
8512066,10.0,131.0,60.5,Male,2.0,1570831.2,6.0,9.0
5353871,5.0,64.0,41.5,Unknown,2.0,25754.65,2.0,5.0
5954618,14.0,175.0,40.5,Male,2.0,100239.4,6.0,9.0
2319604,5.0,66.0,22.5,Unknown,3.0,45163.22,6.0,9.0
9932951,7.0,92.0,35.5,Unknown,2.0,29135.99,6.0,9.0
5141652,15.0,187.0,33.0,Male,2.0,39743.24,0.0,3.0
1629940,14.0,170.0,36.5,Female,3.0,116376.16,3.0,6.0
2286758,7.0,95.0,38.5,Female,2.0,47939.37,5.0,8.0
9079637,18.0,225.0,72.0,Male,2.0,218509.84000000003,6.0,9.0
3562906,7.0,85.0,31.0,Unknown,2.0,41823.61,4.0,7.0
4960973,14.0,179.0,29.0,Female,2.0,32313.18,1.0,4.0
6501135,27.0,333.0,64.5,Male,3.0,218199.39,6.0,9.0
1689310,15.0,189.0,27.0,Male,2.0,33510.08,6.0,9.0
6954073,33.0,401.0,53.0,Female,3.0,333542.9,6.0,9.0
5419280,13.0,166.0,34.0,Male,2.0,30152.62,5.0,8.0
5311856,8.0,106.0,43.0,Female,2.0,37085.31,1.0,4.0
8614502,4.0,59.0,43.5,Unknown,2.0,30584.37,4.0,7.0
7193049,5.0,61.0,66.0,Unknown,3.0,1699869.3299999998,6.0,9.0
4297948,10.0,125.0,64.5,Male,2.0,51870.25,4.0,7.0
3528897,5.0,65.0,52.0,Unknown,2.0,26906.76,0.0,3.0
8513721,5.0,63.0,70.5,Female,2.0,162596.0,3.0,8.0
5493851,12.0,155.0,34.0,Male,4.0,72971.66,6.0,9.0
7306464,24.0,291.0,49.0,Female,2.0,107735.51,6.0,9.0
4100161,21.0,254.0,46.5,Male,2.0,264087.45,6.0,9.0
4474615,21.0,252.0,63.0,Female,2.0,126538.45,0.0,3.0
5821350,20.0,248.0,47.0,Female,2.0,203991.35,2.0,5.0
7915842,17.0,212.0,43.5,Male,3.0,181079.37,6.0,9.0
2074688,6.0,75.0,46.5,Female,2.0,50018.81,6.0,9.0
5927068,7.0,91.0,24.5,Unknown,2.0,46143.87,1.0,4.0
3117242,32.0,388.0,71.5,Male,2.0,25658.87,2.0,5.0
485533,12.0,151.0,43.5,Unknown,2.0,61653.34,6.0,9.0
5714624,9.0,108.0,27.5,Female,2.0,42381.61,1.0,4.0
6954524,10.0,125.0,80.0,Female,2.0,236249.26,2.0,6.0
8578621,5.0,60.0,28.0,Unknown,2.0,31684.76,4.0,7.0
9252292,10.0,128.0,31.5,Female,2.0,64639.85,6.0,9.0
2158872,10.0,120.0,41.5,Female,2.0,32665.03,0.0,3.0
3007638,13.0,157.0,54.5,Male,2.0,92799.23,3.0,6.0
5893578,5.0,70.0,20.0,Unknown,2.0,32212.77,6.0,9.0
3354906,6.0,82.0,48.0,Unknown,2.0,49987.45,6.0,9.0
2346504,25.0,310.0,61.5,Male,3.0,141655.41999999998,4.0,7.0
2983782,10.0,124.0,61.5,Male,2.0,417977.5,0.0,4.0
8950776,5.0,71.0,26.0,Unknown,2.0,44370.46,5.0,8.0
852300,6.0,77.0,77.0,Female,2.0,47261.83,0.0,3.0
2299456,12.0,154.0,47.5,Female,2.0,24081.78,0.0,3.0
1499663,26.0,319.0,88.0,Female,2.0,63139.08,0.0,3.0
8870018,13.0,157.0,27.5,Male,2.0,74757.37,2.0,5.0
3246756,11.0,132.0,51.5,Male,3.0,197489.57,6.0,9.0
4830541,14.0,177.0,33.0,Female,2.0,24974.09,0.0,3.0
8472231,11.0,136.0,60.5,Male,2.0,141658.61,0.0,4.0
377914,26.0,316.0,61.0,Female,2.0,451865.52,2.0,5.0
3036660,14.0,174.0,42.5,Female,2.0,190097.41,3.0,6.0
9137800,4.0,57.0,53.5,Unknown,2.0,54786.48,1.0,4.0
5244585,12.0,155.0,30.5,Female,2.0,131639.94,2.0,5.0
9872848,7.0,88.0,25.5,Male,3.0,52114.82,6.0,9.0
3765970,7.0,89.0,54.0,Unknown,2.0,92693.32,3.0,6.0
193305,14.0,178.0,55.5,Female,2.0,102515.95,1.0,4.0
3310785,14.0,173.0,21.0,Female,2.0,49031.14,6.0,9.0
2015091,4.0,58.0,25.5,Unknown,2.0,27780.84,1.0,4.0
1699889,8.0,96.0,42.5,Unknown,2.0,38486.04,2.0,5.0
9757868,6.0,82.0,28.5,Unknown,3.0,152958.08000000002,5.0,8.0
9775028,4.0,48.0,29.5,Unknown,3.0,76301.08,5.0,8.0
5512354,6.0,80.0,25.0,Unknown,4.0,153123.25,2.0,6.0
5965286,15.0,191.0,31.5,Female,2.0,54956.66,1.0,4.0
5272335,10.0,128.0,66.0,Male,2.0,74771.69,6.0,9.0
5216573,19.0,238.0,55.5,Male,3.0,44647.37,6.0,9.0
1755830,15.0,189.0,39.0,Female,2.0,234385.42,4.0,7.0
700804,11.0,142.0,36.5,Male,2.0,45879.67,1.0,4.0
3026128,12.0,146.0,34.0,Male,3.0,142200.36,2.0,5.0
1615408,6.0,78.0,27.5,Male,2.0,57624.9,5.0,8.0
2940929,14.0,171.0,70.0,Female,2.0,31276.56,4.0,7.0
2056656,6.0,76.0,18.5,Unknown,2.0,31061.34,2.0,5.0
7510127,24.0,289.0,39.5,Female,2.0,31865.87,3.0,6.0
408266,22.0,267.0,66.5,Unknown,2.0,170215.71999999997,2.0,6.0
3602591,22.0,265.0,50.0,Male,2.0,73475.54000000001,6.0,9.0
5680002,21.0,263.0,64.5,Female,2.0,330903.01,3.0,6.0
1948090,20.0,251.0,64.5,Male,3.0,108433.17,6.0,9.0
4077197,20.0,247.0,62.5,Male,2.0,66397.67,0.0,3.0
7399603,20.0,242.0,52.5,Male,3.0,142349.25,0.0,3.0
5873674,20.0,241.0,64.5,Male,3.0,256560.91,3.0,6.0
755544,19.0,238.0,59.5,Male,3.0,214112.72,6.0,9.0
5621185,16.0,192.0,55.5,Male,2.0,56523.73,1.0,4.0
9774602,4.0,57.0,61.5,Unknown,3.0,72320.15,5.0,8.0
843468,12.0,155.0,63.0,Female,2.0,49409.28999999999,2.0,5.0
3386764,14.0,174.0,41.0,Female,2.0,139975.18,3.0,6.0
755076,16.0,193.0,36.0,Female,3.0,102668.25,6.0,9.0
3771283,5.0,71.0,22.0,Unknown,3.0,53021.35,6.0,9.0
1283431,13.0,164.0,58.0,Female,2.0,37155.27,1.0,4.0
2043345,15.0,188.0,61.5,Male,4.0,233146.94,3.0,7.0
4185089,34.0,413.0,77.5,Female,2.0,530240.26,1.0,4.0
9177193,6.0,76.0,31.5,Unknown,2.0,50926.22,1.0,4.0
8991695,5.0,67.0,56.0,Male,2.0,31773.47,0.0,3.0
9734274,14.0,174.0,32.5,Male,2.0,23793.88,0.0,3.0
5821983,13.0,162.0,23.0,Female,2.0,66131.56,6.0,9.0
7999701,14.0,171.0,44.0,Female,2.0,47035.45,0.0,3.0
8024390,29.0,351.0,29.5,Female,3.0,109186.06,5.0,8.0
9505609,5.0,66.0,55.0,Unknown,2.0,33392.24,6.0,9.0
8363116,10.0,124.0,25.0,Male,3.0,29510.84,3.0,6.0
1828457,7.0,85.0,52.5,Unknown,2.0,31875.51,1.0,4.0
5554210,15.0,191.0,67.5,Female,2.0,161470.81,2.0,5.0
2734119,12.0,152.0,30.5,Female,2.0,101824.68,0.0,3.0
5349851,3.0,43.0,52.5,Unknown,3.0,626642.8400000001,4.0,7.0
5557573,13.0,156.0,72.0,Female,2.0,130656.25,5.0,8.0
951327,8.0,96.0,72.5,Unknown,2.0,86655.5,2.0,5.0
5916826,12.0,151.0,37.5,Male,2.0,78132.45,2.0,5.0
1855998,26.0,315.0,75.5,Female,2.0,293132.71,6.0,9.0
5042831,16.0,193.0,32.0,Female,3.0,63919.91,1.0,5.0
9169605,28.0,347.0,60.0,Male,3.0,34457.44,1.0,4.0
3434508,7.0,88.0,27.5,Male,2.0,48735.46,2.0,5.0
3026033,5.0,66.0,24.0,Unknown,2.0,31693.01,6.0,9.0
7318827,15.0,185.0,33.5,Unknown,5.0,416370.47,6.0,9.0
8217726,12.0,152.0,50.0,Female,2.0,25518.42,0.0,3.0
1786699,5.0,68.0,28.0,Unknown,2.0,44258.94,3.0,6.0
4156608,6.0,80.0,51.5,Female,2.0,33333.27,1.0,4.0
6800453,6.0,80.0,29.5,Unknown,2.0,54422.77,1.0,4.0
6589373,7.0,94.0,35.0,Male,3.0,182148.17,6.0,9.0
2376321,17.0,204.0,43.5,Female,3.0,758494.62,3.0,6.0
4657531,13.0,160.0,43.0,Male,3.0,93374.81,3.0,6.0
7276309,8.0,106.0,63.0,Female,4.0,609581.42,3.0,6.0
3770773,4.0,58.0,48.0,Unknown,2.0,26843.46,2.0,5.0
9343396,14.0,179.0,65.0,Female,2.0,72835.36,4.0,7.0
4500258,11.0,139.0,38.5,Male,3.0,431856.52,5.0,8.0
5721330,24.0,294.0,54.0,Female,2.0,184444.37,6.0,9.0
147852,24.0,294.0,65.5,Female,2.0,1246143.89,3.0,6.0
2902655,23.0,276.0,67.5,Male,2.0,89943.4,6.0,9.0
1933359,22.0,267.0,56.0,Male,3.0,267724.02,5.0,8.0
4987617,21.0,262.0,36.0,Male,2.0,117294.89,1.0,4.0
2019893,21.0,262.0,51.5,Female,3.0,1475226.45,3.0,7.0
739415,20.0,241.0,61.5,Female,3.0,593862.99,6.0,9.0
9160980,19.0,231.0,52.5,Female,3.0,54600.14,1.0,4.0
1738233,15.0,191.0,57.5,Male,3.0,253382.32,6.0,9.0
1159175,5.0,63.0,62.5,Male,2.0,30178.46,0.0,3.0
282077,12.0,149.0,34.5,Male,2.0,72774.98999999999,2.0,5.0
382897,13.0,160.0,46.5,Female,2.0,106175.21,1.0,4.0
909050,12.0,153.0,24.5,Male,2.0,120395.58,5.0,8.0
9704080,14.0,173.0,58.0,Male,2.0,1100510.94,6.0,9.0
3866893,13.0,156.0,55.0,Unknown,2.0,42983.06,1.0,4.0
6213098,8.0,96.0,21.5,Unknown,2.0,76046.39,3.0,6.0
3046019,8.0,106.0,31.5,Female,2.0,70812.41,6.0,9.0
6305157,14.0,173.0,39.5,Male,2.0,145721.34,3.0,6.0
5406726,5.0,65.0,64.5,Male,2.0,38404.02,3.0,6.0
4778757,13.0,163.0,51.5,Female,2.0,87298.47,1.0,4.0
8142398,4.0,57.0,68.5,Unknown,2.0,198992.02,4.0,7.0
6988588,15.0,181.0,30.5,Male,2.0,44937.64,0.0,3.0
9287205,15.0,185.0,60.0,Male,4.0,327044.22,3.0,6.0
1165290,9.0,110.0,47.5,Unknown,2.0,858663.18,5.0,8.0
9783233,31.0,373.0,56.5,Female,2.0,57353.21,2.0,5.0
440861,15.0,183.0,73.5,Male,2.0,1087580.7999999998,6.0,9.0
4722638,16.0,192.0,47.0,Male,2.0,111767.63,5.0,8.0
8671792,10.0,130.0,46.5,Male,2.0,74172.13,0.0,3.0
7263576,17.0,205.0,61.5,Female,2.0,96868.39,1.0,4.0
2269733,13.0,166.0,50.5,Male,2.0,28471.25,6.0,9.0
3531531,13.0,159.0,33.0,Male,2.0,45775.15,3.0,6.0
3514875,14.0,178.0,52.5,Male,2.0,23815.06,5.0,8.0
5935818,14.0,170.0,50.0,Female,4.0,237563.81,4.0,7.0
3934950,10.0,128.0,31.5,Female,2.0,75704.5,1.0,5.0
5119450,8.0,105.0,53.5,Female,2.0,667681.9600000001,6.0,9.0
7427791,15.0,181.0,37.0,Male,3.0,31896.21,3.0,6.0
3074319,9.0,118.0,36.5,Male,3.0,219578.66,3.0,6.0
3424011,13.0,165.0,70.0,Female,2.0,297871.71,0.0,3.0
9242550,5.0,70.0,55.5,Unknown,2.0,47916.47,0.0,3.0
1131700,6.0,80.0,53.0,Male,3.0,184920.56,5.0,8.0
142667,16.0,194.0,69.0,Male,2.0,534500.2000000001,6.0,9.0
8460327,15.0,191.0,35.5,Female,2.0,62291.63,2.0,5.0
1717048,10.0,120.0,63.5,Female,3.0,371324.83,3.0,6.0
2707225,15.0,190.0,45.0,Male,2.0,122398.87,1.0,4.0
6163509,9.0,118.0,28.5,Male,3.0,301508.63,5.0,8.0
4785074,8.0,105.0,23.5,Male,2.0,43490.06,1.0,4.0
9160043,16.0,192.0,56.5,Female,2.0,39017.9,2.0,5.0
8707405,27.0,329.0,67.0,Unknown,2.0,581528.37,1.0,4.0
5475338,9.0,117.0,31.5,Male,3.0,163884.21999999997,6.0,9.0
9994020,24.0,288.0,38.5,Female,4.0,148384.57,4.0,7.0
9792435,23.0,284.0,52.0,Female,2.0,531264.62,1.0,4.0
1162541,21.0,263.0,43.5,Unknown,3.0,174871.52000000002,6.0,9.0
5588796,21.0,263.0,63.5,Unknown,2.0,102692.95,5.0,8.0
8460742,21.0,261.0,48.5,Male,2.0,342029.61,5.0,8.0
9795920,21.0,253.0,71.5,Male,2.0,39820.04,3.0,6.0
6335544,20.0,248.0,69.0,Male,2.0,88315.33,2.0,5.0
8634421,18.0,218.0,70.0,Male,2.0,83311.09,3.0,6.0
3184837,18.0,220.0,63.5,Male,3.0,388438.67,6.0,9.0
8665851,13.0,165.0,66.0,Female,2.0,107742.41,0.0,3.0
1796939,12.0,155.0,52.0,Male,3.0,113097.7,3.0,6.0
4514342,9.0,118.0,51.5,Male,2.0,28168.98,0.0,3.0
426901,8.0,106.0,46.5,Male,3.0,74223.13,5.0,8.0
7845269,16.0,196.0,42.0,Female,2.0,91164.03,6.0,9.0
4160955,9.0,118.0,71.0,Female,2.0,28796.92,3.0,6.0
2097838,16.0,196.0,66.0,Female,2.0,24416.16,2.0,5.0
7774642,4.0,57.0,62.0,Unknown,2.0,122852.32,6.0,9.0
9945726,6.0,73.0,29.0,Unknown,2.0,47508.38,6.0,9.0
3393414,15.0,191.0,37.5,Female,2.0,33958.6,1.0,4.0
1316298,4.0,59.0,22.5,Male,2.0,43126.72,1.0,4.0
2414527,11.0,140.0,24.5,Female,3.0,36165.0,2.0,5.0
8106425,8.0,96.0,71.5,Male,2.0,509040.24,6.0,9.0
4641906,5.0,65.0,47.0,Unknown,3.0,172980.71999999997,4.0,7.0
197518,8.0,98.0,53.0,Female,2.0,27795.76,2.0,6.0
9046009,8.0,103.0,73.0,Unknown,2.0,74048.54000000001,2.0,5.0
261852,14.0,171.0,56.5,Male,2.0,99806.84,6.0,9.0
3349343,5.0,70.0,34.5,Unknown,3.0,95856.32,6.0,9.0
7287598,15.0,187.0,50.5,Male,2.0,38778.82,0.0,3.0
5273138,15.0,184.0,50.5,Male,2.0,837110.05,0.0,3.0
696801,15.0,184.0,66.0,Male,2.0,137973.33000000002,5.0,8.0
7317313,10.0,124.0,61.5,Female,2.0,43643.44,3.0,7.0
87915,26.0,315.0,21.0,Female,2.0,51162.44,3.0,6.0
3123092,13.0,166.0,39.0,Male,2.0,52754.66,2.0,5.0
7569324,6.0,81.0,31.5,Unknown,3.0,49951.4,1.0,4.0
3004061,14.0,172.0,47.0,Female,2.0,129287.17,1.0,4.0
460291,13.0,160.0,30.5,Female,3.0,29730.88,1.0,4.0
6087610,4.0,58.0,56.0,Unknown,2.0,105366.96,4.0,7.0
7898751,8.0,107.0,52.5,Female,2.0,42066.94,6.0,9.0
1998408,10.0,128.0,47.0,Female,2.0,41592.53999999999,2.0,5.0
256325,9.0,111.0,37.0,Unknown,2.0,91299.41,6.0,9.0
4855745,9.0,109.0,43.0,Female,2.0,253937.02,6.0,9.0
628955,8.0,100.0,33.5,Male,4.0,479026.97,6.0,9.0
9494132,12.0,146.0,36.5,Male,2.0,45757.25,0.0,3.0
9378246,17.0,214.0,61.0,Male,2.0,24111.72,2.0,5.0
6875527,9.0,109.0,29.5,Female,2.0,31231.05,2.0,5.0
3088502,4.0,58.0,25.0,Unknown,2.0,51657.78999999999,4.0,7.0
4219703,5.0,63.0,25.5,Male,2.0,34566.25,6.0,9.0
3651773,12.0,149.0,57.5,Male,2.0,117464.44,6.0,9.0
3223172,4.0,57.0,48.5,Unknown,2.0,33046.56,3.0,6.0
5570366,9.0,113.0,63.0,Male,3.0,171199.49,2.0,5.0
6607716,15.0,189.0,64.5,Male,2.0,62687.12,2.0,5.0
1555813,7.0,94.0,51.5,Unknown,2.0,66184.94,2.0,5.0
79229,15.0,182.0,42.0,Female,2.0,62537.7,2.0,5.0
2575477,15.0,188.0,19.0,Female,3.0,41086.57,5.0,8.0
5824357,7.0,94.0,25.5,Unknown,2.0,62362.09,3.0,6.0
1436455,22.0,274.0,59.5,Male,2.0,46597.61,6.0,9.0
535661,4.0,58.0,65.0,Unknown,2.0,148775.99,5.0,8.0
5810734,22.0,275.0,62.5,Male,2.0,32014.99,4.0,7.0
6935393,22.0,274.0,47.5,Female,4.0,155034.14,5.0,8.0
1367436,21.0,261.0,18.0,Female,3.0,54950.83,6.0,9.0
1412125,21.0,254.0,57.0,Male,2.0,52417.28,6.0,9.0
5325077,21.0,253.0,47.0,Male,2.0,54866.57,2.0,6.0
1502982,20.0,251.0,57.5,Female,3.0,137768.44,6.0,9.0
7421893,20.0,251.0,57.0,Male,2.0,69580.79000000001,5.0,8.0
6494480,20.0,246.0,73.0,Male,2.0,202082.11,3.0,6.0
6656548,19.0,234.0,33.5,Female,3.0,160809.63,2.0,5.0
4344809,17.0,211.0,32.0,Male,2.0,166115.18,2.0,5.0
5932743,17.0,205.0,59.0,Male,2.0,34030.63,4.0,7.0
9209925,12.0,153.0,31.5,Female,2.0,41418.67999999999,6.0,9.0
3417010,15.0,183.0,51.5,Male,2.0,30993.11,2.0,5.0
703055,12.0,154.0,38.0,Unknown,2.0,35503.78,3.0,6.0
4251627,11.0,140.0,61.5,Unknown,2.0,326094.71,5.0,8.0
7976637,15.0,189.0,34.0,Female,2.0,49295.64,0.0,3.0
7029071,12.0,145.0,42.0,Female,2.0,42508.17,3.0,6.0
1837864,29.0,355.0,60.5,Female,3.0,448228.29,6.0,9.0
8368776,8.0,107.0,50.0,Female,2.0,38560.47,3.0,6.0
4033061,27.0,335.0,89.0,Female,2.0,106161.46,3.0,6.0
5557759,15.0,190.0,37.0,Female,2.0,62373.99,5.0,8.0
3967891,14.0,172.0,45.0,Female,2.0,91150.7,0.0,3.0
8754291,12.0,147.0,24.0,Female,3.0,43705.63,6.0,9.0
902499,16.0,193.0,29.0,Male,2.0,27776.24,3.0,6.0
1058163,11.0,139.0,42.5,Female,2.0,56229.63,0.0,3.0
4271815,14.0,178.0,39.5,Female,3.0,86411.98999999999,0.0,3.0
4726815,14.0,179.0,61.5,Female,2.0,41091.78999999999,4.0,7.0
410623,18.0,225.0,63.0,Male,2.0,125972.47,2.0,5.0
7826779,10.0,127.0,65.5,Female,2.0,36810.99,2.0,5.0
4030138,12.0,153.0,57.0,Male,2.0,415985.36,1.0,4.0
7184892,10.0,124.0,41.0,Female,2.0,30584.44,1.0,4.0
4784864,8.0,99.0,32.5,Unknown,3.0,62899.35,1.0,4.0
8617326,7.0,94.0,47.0,Unknown,2.0,44971.6,2.0,5.0
6162550,7.0,94.0,49.5,Unknown,2.0,52752.06,4.0,7.0
6366969,8.0,102.0,24.5,Unknown,2.0,31399.4,2.0,5.0
5944809,12.0,145.0,34.0,Male,2.0,74256.81,1.0,4.0
3980394,11.0,136.0,41.5,Female,2.0,31224.22,0.0,3.0
6768601,4.0,58.0,58.5,Unknown,4.0,163538.56,6.0,9.0
7949757,12.0,151.0,37.0,Male,2.0,263234.56,1.0,4.0
2651306,8.0,99.0,76.5,Unknown,2.0,256169.57,6.0,9.0
1639177,8.0,106.0,44.0,Female,2.0,69316.39,5.0,8.0
3212441,5.0,60.0,26.5,Unknown,2.0,32029.79,5.0,8.0
5915017,5.0,71.0,59.0,Male,2.0,160248.76,1.0,4.0
7076432,8.0,106.0,53.0,Male,2.0,59108.56,4.0,7.0
6717563,14.0,178.0,67.5,Male,2.0,99984.79,2.0,5.0
7435132,14.0,170.0,54.5,Female,3.0,60073.64,3.0,6.0
9325743,21.0,253.0,66.0,Male,3.0,453730.19,6.0,9.0
3432472,13.0,156.0,70.5,Female,2.0,100573.29,3.0,6.0
4314775,9.0,109.0,64.0,Male,2.0,99326.36,4.0,7.0
6170160,6.0,74.0,37.5,Unknown,2.0,130696.7,1.0,4.0
8279619,12.0,155.0,61.5,Male,2.0,35587.13,0.0,3.0
5194510,8.0,105.0,56.0,Female,2.0,88244.7,6.0,9.0
9130118,9.0,108.0,33.5,Male,2.0,116655.99,4.0,7.0
4508836,27.0,327.0,64.5,Female,2.0,68129.16,0.0,3.0
62837,14.0,178.0,31.0,Male,2.0,141890.14,6.0,9.0
2140639,6.0,73.0,57.5,Unknown,2.0,27124.85,0.0,3.0
7011435,16.0,193.0,41.5,Male,3.0,47063.12,6.0,9.0
3485265,5.0,68.0,36.0,Unknown,2.0,26431.17,1.0,4.0
2330564,6.0,76.0,32.0,Unknown,2.0,60262.56,2.0,5.0
5951252,7.0,88.0,64.5,Unknown,4.0,350739.18,2.0,5.0
4226585,21.0,257.0,77.0,Female,2.0,215399.9,2.0,5.0
4874001,19.0,237.0,74.5,Female,3.0,87107.79000000001,4.0,7.0
9048685,19.0,230.0,52.0,Male,2.0,27355.55,5.0,8.0
7369357,17.0,213.0,74.0,Female,2.0,89644.08,6.0,9.0
6120460,17.0,209.0,62.5,Female,2.0,32089.8,3.0,6.0
6917672,7.0,91.0,35.5,Female,2.0,76200.64,2.0,5.0
7210850,15.0,180.0,42.0,Female,2.0,131296.47,0.0,3.0
6876030,11.0,137.0,29.5,Male,2.0,36740.67,6.0,9.0
1501913,5.0,60.0,94.0,Unknown,2.0,58162.77,2.0,5.0
5539768,5.0,66.0,30.5,Unknown,2.0,53996.35,0.0,3.0
1041338,15.0,187.0,66.0,Male,2.0,111453.41,6.0,9.0
7396638,15.0,181.0,36.0,Female,2.0,37185.82,2.0,5.0
297011,8.0,106.0,62.0,Female,2.0,33984.72,1.0,4.0
1669360,6.0,72.0,52.0,Unknown,2.0,391187.24,0.0,3.0
1398774,7.0,90.0,30.5,Unknown,3.0,101884.72,4.0,7.0
5847341,12.0,146.0,66.0,Female,2.0,134959.25,6.0,9.0
8180244,13.0,161.0,53.0,Female,3.0,80404.14,2.0,5.0
6389349,6.0,81.0,35.5,Unknown,2.0,24999.11,0.0,3.0
5241101,26.0,322.0,46.0,Male,2.0,139013.66,1.0,4.0
9072021,8.0,97.0,33.0,Unknown,2.0,270505.27,6.0,9.0
4281556,12.0,145.0,65.0,Male,2.0,2433724.31,1.0,4.0
9978038,12.0,154.0,45.5,Female,4.0,95290.43,0.0,3.0
9900704,16.0,202.0,64.5,Male,2.0,624742.15,5.0,8.0
8012887,4.0,57.0,32.0,Unknown,2.0,32264.7,6.0,9.0
8442225,10.0,124.0,33.0,Female,2.0,79319.83,0.0,3.0
9575758,5.0,69.0,62.0,Male,2.0,49955.76,1.0,4.0
4876431,5.0,70.0,43.0,Unknown,2.0,49100.05,2.0,5.0
2141013,6.0,78.0,40.0,Unknown,2.0,73328.97,1.0,4.0
5265449,11.0,143.0,70.0,Female,2.0,30603.38,3.0,6.0
3414773,6.0,73.0,23.5,Unknown,2.0,29870.64,6.0,9.0
5027583,5.0,71.0,76.0,Unknown,2.0,152891.97999999998,0.0,3.0
3100892,13.0,161.0,31.0,Female,2.0,41005.3,2.0,5.0
1767382,4.0,56.0,62.5,Female,3.0,990150.64,6.0,9.0
957328,8.0,97.0,61.5,Unknown,2.0,27899.14,2.0,5.0
7112175,5.0,65.0,39.0,Unknown,2.0,52278.2,5.0,8.0
9965550,12.0,153.0,29.5,Male,2.0,46954.52,1.0,4.0
7372790,8.0,101.0,31.5,Unknown,2.0,109880.05,2.0,5.0
2284299,34.0,408.0,68.0,Female,2.0,893243.3400000001,1.0,4.0
6690967,5.0,60.0,23.5,Female,2.0,42484.41,4.0,7.0
6715249,4.0,56.0,63.5,Unknown,2.0,68332.84,0.0,3.0
7361742,14.0,169.0,31.5,Male,3.0,127307.6,3.0,6.0
8349921,3.0,45.0,22.0,Unknown,3.0,58863.17,5.0,8.0
4126924,6.0,77.0,37.0,Male,2.0,46272.4,6.0,9.0
6359009,9.0,119.0,52.5,Female,2.0,73221.25,1.0,4.0
4515989,6.0,75.0,44.5,Unknown,2.0,103654.72,2.0,5.0
9823725,6.0,78.0,38.5,Unknown,3.0,261292.23,5.0,8.0
7816330,10.0,121.0,31.0,Female,2.0,100634.48,0.0,3.0
7101029,5.0,70.0,21.0,Unknown,2.0,44355.5,2.0,5.0
5924743,24.0,299.0,63.0,Male,4.0,352384.22,5.0,8.0
3543753,23.0,282.0,71.0,Female,3.0,586362.8200000001,4.0,7.0
7650211,22.0,275.0,59.5,Male,4.0,447101.39,5.0,8.0
1235312,22.0,266.0,65.5,Female,2.0,29779.54,3.0,6.0
1543912,21.0,256.0,68.5,Unknown,2.0,32736.51,0.0,3.0
2679859,19.0,235.0,39.0,Female,4.0,84108.54999999999,2.0,5.0
6471457,18.0,225.0,45.0,Unknown,3.0,134933.96,0.0,3.0
7679326,17.0,207.0,65.0,Female,2.0,208078.97,6.0,9.0
8472274,10.0,125.0,32.5,Male,2.0,72111.08,5.0,8.0
1972749,15.0,190.0,59.5,Male,3.0,158068.69,3.0,6.0
8938687,14.0,173.0,31.5,Male,3.0,30168.88,2.0,5.0
96190,7.0,95.0,56.5,Unknown,2.0,29765.61,0.0,3.0
4217274,17.0,211.0,42.0,Female,2.0,66137.95999999999,6.0,9.0
6205335,7.0,84.0,26.5,Unknown,2.0,24979.46,6.0,9.0
7077040,15.0,180.0,59.0,Unknown,2.0,244482.21,6.0,9.0
2167134,9.0,114.0,22.5,Male,2.0,25781.71,1.0,4.0
1601236,7.0,95.0,26.0,Unknown,2.0,35981.66,0.0,3.0
3893167,5.0,67.0,41.0,Unknown,2.0,61009.81,0.0,3.0
6101948,3.0,39.0,32.0,Unknown,2.0,27439.79,0.0,3.0
3928305,13.0,158.0,34.5,Male,2.0,28501.31,1.0,4.0
5653674,12.0,151.0,42.0,Female,3.0,137521.72,2.0,5.0
9483420,4.0,55.0,24.5,Unknown,2.0,25078.62,6.0,9.0
2478508,14.0,178.0,39.5,Male,3.0,557088.4400000001,3.0,6.0
7745353,11.0,136.0,59.5,Male,2.0,81731.38,4.0,7.0
5301546,10.0,120.0,40.0,Female,2.0,64027.14,2.0,5.0
8381797,4.0,58.0,56.0,Unknown,2.0,46329.09,1.0,4.0
5076704,7.0,93.0,35.0,Unknown,3.0,933773.43,0.0,3.0
3960380,4.0,58.0,54.0,Unknown,2.0,25184.28,3.0,6.0
1847566,5.0,70.0,27.0,Unknown,2.0,44358.55,5.0,8.0
2199001,14.0,170.0,40.0,Male,2.0,117431.48,2.0,5.0
689808,12.0,147.0,59.0,Male,2.0,124759.13,0.0,3.0
786535,14.0,175.0,34.5,Female,4.0,108394.31,6.0,9.0
8100370,6.0,82.0,43.0,Unknown,2.0,68009.51999999999,0.0,3.0
2408776,16.0,194.0,61.5,Female,2.0,113598.76,2.0,5.0
2165615,13.0,156.0,63.0,Male,2.0,81528.01999999999,6.0,9.0
1046539,8.0,106.0,46.0,Male,2.0,38571.8,1.0,4.0
3669767,14.0,169.0,50.0,Male,2.0,50139.07,1.0,4.0
3004695,13.0,156.0,29.5,Male,3.0,73513.57,6.0,9.0
7205483,23.0,284.0,68.0,Female,2.0,31911.48,2.0,5.0
1600544,4.0,52.0,60.5,Unknown,2.0,43418.08,5.0,8.0
7623562,5.0,64.0,17.5,Unknown,2.0,37130.56,3.0,6.0
7920868,11.0,136.0,65.0,Male,2.0,156755.40000000002,2.0,5.0
5381427,10.0,130.0,56.5,Female,2.0,204493.98,1.0,4.0
9738273,5.0,68.0,44.5,Unknown,2.0,46384.85,2.0,5.0
648763,7.0,87.0,59.0,Unknown,2.0,366546.4,0.0,3.0
651357,14.0,171.0,49.5,Female,2.0,138699.09,6.0,9.0
6458206,4.0,58.0,54.0,Female,2.0,67655.07,0.0,3.0
7642333,12.0,149.0,55.0,Female,2.0,53780.34,6.0,9.0
6026167,12.0,145.0,65.5,Female,2.0,34830.73,3.0,6.0
9466538,6.0,77.0,46.5,Unknown,2.0,24560.67,0.0,3.0
6189198,5.0,71.0,28.5,Unknown,2.0,32068.69,1.0,4.0
5976977,24.0,289.0,62.5,Male,2.0,216143.01,6.0,9.0
7207740,23.0,285.0,66.5,Male,4.0,1160194.25,6.0,9.0
7959359,23.0,277.0,27.5,Male,2.0,87430.18,0.0,3.0
7468112,27.0,329.0,65.5,Male,2.0,270569.35,6.0,9.0
6129296,21.0,262.0,68.5,Male,2.0,49459.28,1.0,4.0
8014670,20.0,250.0,61.5,Male,4.0,295698.65,1.0,4.0
2485024,17.0,210.0,54.0,Female,2.0,35004.25,6.0,9.0
2091731,6.0,77.0,24.0,Unknown,3.0,51721.78999999999,1.0,4.0
4948825,12.0,144.0,36.5,Male,4.0,354328.62,6.0,9.0
2584867,7.0,95.0,21.5,Unknown,3.0,35429.35,3.0,6.0
34603,16.0,194.0,40.5,Male,2.0,58331.59,0.0,3.0
9825378,46.0,554.0,58.5,Female,2.0,952148.59,1.0,4.0
3922318,8.0,107.0,57.0,Female,2.0,82371.11,5.0,8.0
6066143,13.0,163.0,64.5,Male,2.0,56449.03,6.0,9.0
8158599,15.0,189.0,44.5,Male,2.0,26956.06,5.0,8.0
9346486,9.0,111.0,52.0,Female,2.0,24716.9,5.0,8.0
365868,16.0,192.0,43.0,Female,2.0,149662.28999999998,1.0,4.0
2456909,9.0,114.0,64.5,Male,2.0,402623.7,6.0,9.0
7392475,6.0,82.0,52.5,Unknown,2.0,39449.15,2.0,5.0
210140,8.0,107.0,45.0,Female,2.0,45537.0,0.0,3.0
4924036,4.0,58.0,52.5,Unknown,3.0,974163.93,3.0,6.0
7649002,8.0,97.0,51.0,Unknown,2.0,52360.76,0.0,3.0
3112429,5.0,70.0,27.0,Unknown,3.0,80526.95999999999,6.0,9.0
1208837,27.0,325.0,66.0,Female,3.0,55891.56,2.0,5.0
9823788,9.0,113.0,67.0,Male,2.0,57598.93,6.0,9.0
1771547,5.0,67.0,55.0,Unknown,2.0,263295.63,3.0,6.0
1695876,11.0,142.0,72.5,Male,2.0,736448.65,6.0,9.0
90360,12.0,148.0,32.5,Female,2.0,79842.73,6.0,9.0
98860,8.0,103.0,29.0,Unknown,2.0,27295.26,3.0,6.0
1809919,12.0,155.0,21.5,Female,2.0,34535.57,1.0,4.0
8224190,16.0,199.0,69.0,Male,2.0,431469.28,6.0,9.0
6212395,6.0,74.0,50.0,Male,2.0,298593.46,5.0,8.0
7278226,15.0,188.0,28.5,Male,3.0,420260.08,6.0,9.0
2961285,8.0,107.0,64.0,Unknown,2.0,64098.86,4.0,7.0
6962526,6.0,82.0,34.5,Unknown,3.0,50097.49,1.0,4.0
828638,15.0,184.0,39.5,Female,2.0,119583.56,2.0,5.0
2280839,5.0,70.0,61.5,Unknown,2.0,59446.58,2.0,5.0
3606496,8.0,97.0,55.5,Unknown,2.0,475680.81,5.0,8.0
4784553,4.0,58.0,25.5,Female,2.0,48036.02,6.0,9.0
6279949,9.0,118.0,22.0,Male,2.0,80543.75,0.0,3.0
5055199,4.0,59.0,58.0,Male,2.0,50248.77,4.0,7.0
8444725,5.0,67.0,30.0,Unknown,2.0,31570.62,3.0,6.0
9764698,16.0,195.0,65.5,Female,2.0,27749.83,2.0,5.0
898595,24.0,292.0,69.5,Male,6.0,457488.03,6.0,9.0
553410,23.0,281.0,72.5,Female,2.0,186202.12,6.0,9.0
8864706,23.0,281.0,46.0,Male,2.0,147265.0,6.0,9.0
8000406,19.0,229.0,43.0,Unknown,3.0,27447.96,0.0,4.0
6519708,19.0,228.0,58.5,Female,2.0,49059.21,1.0,4.0
3959195,18.0,224.0,75.0,Female,3.0,305832.42,2.0,5.0
1689225,18.0,223.0,27.5,Male,2.0,64805.05,0.0,3.0
4890920,6.0,75.0,30.0,Unknown,3.0,56339.92999999999,6.0,9.0
5079665,5.0,60.0,26.5,Unknown,2.0,30583.51,5.0,8.0
5198942,10.0,129.0,65.0,Male,2.0,222566.91,4.0,7.0
2266160,6.0,77.0,49.0,Unknown,2.0,79125.26999999999,4.0,7.0
6035203,16.0,196.0,45.5,Male,2.0,273858.68,6.0,9.0
9758429,22.0,270.0,61.5,Female,2.0,48803.85,1.0,4.0
2413185,7.0,95.0,68.0,Unknown,2.0,464720.84,6.0,9.0
3721103,12.0,146.0,37.5,Female,2.0,50254.47,2.0,5.0
7407306,16.0,202.0,52.0,Male,3.0,55770.74,6.0,9.0
7775561,14.0,175.0,42.0,Male,2.0,24388.05,0.0,3.0
4230200,8.0,107.0,31.5,Male,3.0,78278.19,3.0,6.0
236546,5.0,64.0,62.5,Male,2.0,150099.26,5.0,8.0
855532,4.0,58.0,27.0,Unknown,2.0,35825.43,4.0,7.0
765875,5.0,65.0,31.5,Male,2.0,31124.76,1.0,4.0
3492538,4.0,58.0,48.0,Female,2.0,30503.68,0.0,3.0
7172346,16.0,198.0,53.0,Male,2.0,71652.89,5.0,8.0
4719308,9.0,117.0,58.5,Female,2.0,36407.49,1.0,5.0
3923067,4.0,59.0,38.5,Unknown,2.0,45389.56,6.0,9.0
1146836,10.0,121.0,30.0,Male,3.0,202866.63,4.0,7.0
1827311,5.0,69.0,28.5,Unknown,2.0,31890.94,4.0,7.0
7154165,11.0,139.0,33.5,Male,2.0,35522.8,1.0,4.0
1129041,14.0,174.0,71.5,Female,2.0,74412.19,3.0,6.0
8575061,32.0,394.0,52.0,Female,3.0,115937.62,1.0,4.0
695350,7.0,95.0,28.5,Unknown,3.0,185131.63,6.0,9.0
7574668,6.0,83.0,36.5,Unknown,2.0,61844.24,1.0,4.0
9400246,8.0,103.0,76.5,Unknown,2.0,183187.52,2.0,5.0
1787233,6.0,73.0,48.5,Female,2.0,42635.4,6.0,9.0
3018943,6.0,81.0,22.5,Unknown,2.0,26041.2,1.0,4.0
8472387,16.0,192.0,68.5,Male,2.0,132644.69,1.0,4.0
3698628,19.0,229.0,47.0,Female,3.0,189312.52,3.0,6.0
7201928,13.0,158.0,71.0,Male,2.0,173282.88,2.0,5.0
9516012,9.0,117.0,38.0,Female,3.0,74226.03,1.0,4.0
2368346,8.0,106.0,56.0,Male,2.0,55321.98,1.0,4.0
1673365,7.0,90.0,38.0,Unknown,2.0,85034.04000000001,6.0,9.0
4825488,14.0,171.0,42.5,Female,2.0,201114.6,0.0,3.0
9075069,17.0,211.0,60.0,Female,2.0,95410.76,4.0,7.0
3972647,6.0,75.0,68.0,Unknown,2.0,31950.6,1.0,4.0
6004780,12.0,153.0,50.5,Male,3.0,367462.39,3.0,6.0
5792734,10.0,124.0,37.5,Female,2.0,45953.65,1.0,4.0
8264444,16.0,195.0,68.5,Female,2.0,112937.63,6.0,9.0
5219963,10.0,121.0,31.5,Female,2.0,76771.81,0.0,3.0
6132220,16.0,203.0,52.0,Female,2.0,117008.8,4.0,7.0
3755455,6.0,77.0,28.5,Unknown,2.0,65678.04000000001,3.0,6.0
6419305,5.0,60.0,35.0,Unknown,2.0,42866.28999999999,6.0,9.0
7483839,22.0,272.0,56.5,Male,3.0,338755.93,6.0,9.0
9348332,22.0,265.0,53.0,Male,3.0,577791.17,4.0,7.0
2980960,21.0,263.0,60.0,Female,2.0,39447.86,2.0,5.0
661296,21.0,252.0,19.0,Female,2.0,41062.64,5.0,8.0
4364957,17.0,209.0,64.0,Female,3.0,826197.89,5.0,8.0
8699305,9.0,109.0,64.0,Male,2.0,63184.02,2.0,5.0
5406510,8.0,106.0,33.0,Female,2.0,84144.04000000001,2.0,5.0
925707,11.0,140.0,29.5,Male,2.0,44438.25,6.0,9.0
9837096,9.0,119.0,63.0,Unknown,2.0,227802.97,2.0,5.0
5425452,7.0,88.0,50.0,Unknown,3.0,854291.65,1.0,4.0
2914951,13.0,166.0,45.0,Female,2.0,176815.52999999997,0.0,3.0
51902,14.0,176.0,41.0,Male,2.0,41382.42,4.0,7.0
6229124,7.0,85.0,33.5,Unknown,3.0,97183.61,6.0,9.0
4473543,5.0,70.0,40.5,Unknown,3.0,66552.82,3.0,6.0
7310516,11.0,138.0,70.5,Female,4.0,134862.89,6.0,9.0
5159193,9.0,108.0,47.0,Male,3.0,208271.62,6.0,9.0
4444562,34.0,411.0,40.5,Female,2.0,27348.38,0.0,3.0
5526294,22.0,270.0,65.0,Male,2.0,61850.06,1.0,4.0
7501737,9.0,112.0,38.5,Male,2.0,100722.69,2.0,5.0
1310980,12.0,151.0,31.5,Male,2.0,56564.63,4.0,7.0
1419408,16.0,192.0,55.0,Female,2.0,173163.26,6.0,9.0
3952291,11.0,140.0,34.5,Male,2.0,27878.25,2.0,7.0
1262252,5.0,67.0,24.5,Unknown,2.0,49568.47,6.0,9.0
9488533,11.0,139.0,39.0,Female,2.0,67321.58,6.0,9.0
5798848,13.0,164.0,36.5,Female,2.0,69776.07,1.0,4.0
8041324,8.0,96.0,31.0,Unknown,2.0,31260.82,1.0,4.0
4364429,7.0,87.0,31.5,Male,2.0,106927.6,0.0,4.0
6896819,27.0,327.0,26.5,Male,2.0,51407.98,6.0,9.0
6645565,14.0,175.0,34.5,Male,2.0,71912.39,4.0,7.0
8956074,5.0,66.0,33.0,Unknown,2.0,33230.39,1.0,4.0
9052980,29.0,357.0,67.5,Male,3.0,91660.07,5.0,8.0
8595702,6.0,82.0,53.0,Unknown,2.0,49138.08,0.0,3.0
595922,7.0,87.0,66.5,Male,2.0,52799.9,4.0,7.0
3579230,6.0,73.0,19.0,Unknown,2.0,29096.83,3.0,6.0
1971298,4.0,59.0,59.5,Unknown,2.0,102809.44,5.0,8.0
7416691,4.0,59.0,40.5,Unknown,2.0,44421.8,2.0,5.0
909969,4.0,56.0,26.0,Unknown,2.0,43747.15,6.0,9.0
3536844,6.0,82.0,33.5,Unknown,2.0,56790.68,2.0,5.0
3926863,23.0,283.0,20.5,Unknown,3.0,56146.3,1.0,4.0
3068817,22.0,274.0,68.0,Female,2.0,1028145.79,5.0,9.0
116248,21.0,260.0,43.0,Male,2.0,185805.4,4.0,7.0
7402550,21.0,253.0,81.0,Female,2.0,234281.07,6.0,9.0
6791485,21.0,253.0,47.5,Male,3.0,2206638.21,3.0,7.0
1927544,20.0,240.0,45.5,Male,2.0,320885.91,6.0,9.0
8315422,17.0,212.0,45.0,Female,3.0,323241.66,4.0,7.0
1812764,9.0,109.0,34.5,Male,2.0,313039.98,5.0,8.0
582813,14.0,168.0,44.0,Female,2.0,98604.7,2.0,5.0
7850441,14.0,179.0,45.0,Female,2.0,105059.84,4.0,7.0
3117099,4.0,58.0,39.0,Unknown,2.0,26865.63,6.0,9.0
6808154,6.0,75.0,18.0,Unknown,3.0,36076.66,2.0,5.0
5651353,7.0,85.0,46.5,Unknown,2.0,98323.4,0.0,3.0
1837101,14.0,175.0,62.0,Female,2.0,71551.45999999999,4.0,7.0
2839064,4.0,58.0,50.0,Unknown,2.0,46543.56,4.0,7.0
9640237,15.0,181.0,53.5,Female,2.0,45406.25,2.0,5.0
9034156,6.0,78.0,61.0,Unknown,2.0,32927.67,6.0,9.0
1894189,14.0,169.0,44.5,Male,3.0,40388.77,0.0,3.0
4768686,6.0,81.0,50.0,Unknown,2.0,230513.3,4.0,7.0
2061668,6.0,76.0,31.5,Unknown,3.0,528380.88,4.0,7.0
9484526,15.0,186.0,42.5,Male,2.0,68182.6,2.0,5.0
938970,15.0,181.0,64.0,Male,2.0,144264.84999999998,6.0,9.0
2414662,14.0,178.0,64.5,Male,2.0,467755.88,6.0,9.0
3457331,13.0,157.0,32.5,Male,3.0,36806.91,5.0,8.0
9852740,8.0,104.0,37.5,Female,2.0,29984.98,2.0,5.0
6240775,15.0,186.0,43.5,Female,2.0,229870.79,3.0,6.0
3997203,15.0,182.0,54.0,Female,2.0,171281.51,1.0,4.0
8711631,10.0,121.0,29.0,Male,2.0,27048.49,2.0,5.0
4324850,13.0,166.0,45.0,Male,2.0,43654.26,3.0,6.0
5733204,8.0,97.0,61.5,Unknown,2.0,37381.63,1.0,4.0
9190472,7.0,84.0,62.0,Unknown,2.0,303640.66,6.0,9.0
2589507,16.0,202.0,38.5,Female,2.0,36241.07,0.0,3.0
7895984,12.0,147.0,36.5,Female,2.0,26194.8,1.0,4.0
5492948,10.0,130.0,41.0,Male,2.0,101407.21,2.0,5.0
9728907,12.0,149.0,52.0,Male,2.0,98727.26,0.0,3.0
8197235,4.0,58.0,31.5,Male,2.0,49161.15,3.0,6.0
4805755,15.0,180.0,30.0,Female,2.0,37107.71,0.0,3.0
1007016,5.0,64.0,55.0,Unknown,2.0,52835.48,4.0,7.0
4790729,16.0,203.0,45.0,Male,2.0,70120.72,6.0,9.0
3405006,4.0,58.0,19.5,Unknown,2.0,25175.75,1.0,4.0
3366315,8.0,96.0,48.5,Unknown,2.0,41383.5,0.0,3.0
5366640,16.0,200.0,58.5,Male,2.0,96501.17,6.0,9.0
9590497,5.0,70.0,30.5,Unknown,2.0,38142.05,6.0,9.0
237927,16.0,192.0,83.5,Female,2.0,58962.62,2.0,5.0
4939621,7.0,94.0,52.5,Unknown,2.0,62027.13,3.0,6.0
9502815,14.0,173.0,50.0,Female,2.0,98441.26,1.0,4.0
9755324,15.0,189.0,60.5,Male,2.0,537017.91,5.0,8.0
7019113,8.0,96.0,48.5,Male,2.0,23860.05,1.0,4.0
8819695,6.0,72.0,29.0,Unknown,2.0,60652.0,6.0,9.0
6533052,5.0,71.0,58.5,Unknown,2.0,161390.32,2.0,6.0
771061,5.0,66.0,33.0,Female,3.0,57195.4,3.0,6.0
5625664,5.0,68.0,29.5,Unknown,2.0,37628.36,2.0,5.0
4823947,7.0,86.0,52.0,Unknown,2.0,47340.11,5.0,8.0
2122586,5.0,70.0,33.5,Unknown,3.0,36700.18,6.0,9.0
3457153,5.0,69.0,58.0,Unknown,2.0,81053.36,0.0,3.0
8142299,12.0,152.0,46.5,Male,2.0,186842.82,2.0,5.0
7524570,14.0,172.0,35.5,Male,2.0,43732.08,6.0,9.0
2898010,7.0,95.0,70.5,Unknown,2.0,286108.55,6.0,9.0
3432347,23.0,286.0,67.0,Female,2.0,325639.54,4.0,7.0
214998,21.0,258.0,45.0,Female,4.0,388162.01,1.0,4.0
103515,18.0,220.0,45.5,Female,2.0,59792.4,1.0,6.0
7807684,18.0,217.0,46.0,Female,2.0,55259.05,0.0,3.0
706243,9.0,112.0,57.0,Male,2.0,102884.58,6.0,9.0
9233943,9.0,110.0,72.0,Male,2.0,397228.95,6.0,9.0
4174660,12.0,150.0,68.0,Male,2.0,99436.14,0.0,3.0
181125,30.0,364.0,63.5,Female,2.0,208350.76,1.0,4.0
4659529,6.0,82.0,34.5,Unknown,2.0,56757.08,1.0,4.0
1103830,6.0,83.0,59.5,Unknown,3.0,97775.86,6.0,9.0
5752908,32.0,393.0,61.5,Female,2.0,83506.59,2.0,5.0
6493653,27.0,329.0,72.5,Female,2.0,169237.06,6.0,9.0
3969475,7.0,90.0,54.0,Unknown,2.0,29157.67,1.0,4.0
8042143,11.0,135.0,37.0,Unknown,2.0,57482.79,3.0,6.0
2335155,26.0,313.0,50.0,Male,3.0,374756.67,1.0,4.0
6482517,13.0,157.0,37.0,Male,4.0,695927.41,6.0,9.0
4237982,8.0,106.0,35.0,Male,2.0,51482.19,6.0,9.0
6695556,19.0,235.0,64.5,Male,2.0,1242555.88,5.0,8.0
606150,32.0,394.0,58.0,Female,2.0,31510.03,1.0,4.0
3497410,35.0,425.0,61.0,Male,2.0,101444.69,2.0,5.0
2247061,14.0,168.0,72.0,Female,2.0,36921.81,6.0,9.0
7460344,10.0,126.0,50.5,Male,2.0,42220.17,3.0,7.0
8191168,5.0,69.0,28.5,Unknown,3.0,130675.47,3.0,6.0
496873,8.0,107.0,55.0,Male,2.0,76712.22,1.0,4.0
4614059,7.0,85.0,61.5,Male,2.0,137862.81,5.0,8.0
1015208,28.0,344.0,76.0,Female,3.0,518423.8,3.0,6.0
8168710,5.0,65.0,30.5,Unknown,2.0,36203.99,2.0,5.0
6512523,13.0,158.0,48.5,Male,2.0,895814.01,1.0,4.0
1680739,14.0,173.0,67.0,Female,3.0,133278.59,2.0,5.0
9596642,14.0,176.0,65.0,Female,2.0,117057.13,3.0,6.0
5372739,15.0,187.0,64.0,Male,2.0,169177.09000000003,2.0,5.0
4874428,12.0,152.0,27.5,Female,3.0,29404.62,3.0,6.0
5332044,6.0,82.0,59.5,Unknown,2.0,57166.17,1.0,4.0
2302204,5.0,70.0,34.0,Male,2.0,25487.69,2.0,5.0
803476,6.0,76.0,29.0,Male,2.0,81856.45,1.0,5.0
7887617,19.0,228.0,48.0,Male,2.0,26390.61,5.0,8.0
5939376,14.0,170.0,52.5,Male,2.0,48048.14,6.0,9.0
1391521,4.0,58.0,27.0,Unknown,3.0,39288.19,2.0,5.0
1564207,14.0,175.0,62.5,Female,3.0,324778.97,3.0,6.0
9018150,7.0,95.0,66.5,Unknown,2.0,245468.82,2.0,6.0
9521191,10.0,122.0,64.0,Male,2.0,67130.54000000001,0.0,3.0
6639818,22.0,273.0,55.5,Female,2.0,32352.79,0.0,3.0
953722,22.0,269.0,52.0,Female,3.0,44429.9,2.0,5.0
1532154,22.0,267.0,38.0,Male,2.0,80853.54999999999,4.0,7.0
1991503,22.0,264.0,18.5,Male,2.0,28060.9,6.0,9.0
491581,21.0,253.0,62.0,Female,2.0,197055.3,6.0,9.0
5522306,18.0,220.0,45.0,Unknown,2.0,99001.81,2.0,5.0
6459338,17.0,211.0,72.0,Unknown,2.0,94824.33,6.0,9.0
142351,17.0,212.0,57.0,Male,2.0,43349.66,1.0,4.0
4203297,6.0,82.0,32.0,Unknown,2.0,50972.88,6.0,9.0
7348865,12.0,152.0,72.5,Female,2.0,551675.76,4.0,7.0
8434941,11.0,142.0,28.5,Male,3.0,231641.96,6.0,9.0
5681134,14.0,170.0,30.5,Female,2.0,153776.93,2.0,5.0
3032988,10.0,131.0,47.5,Male,2.0,319589.21,2.0,5.0
4822147,12.0,144.0,58.5,Female,2.0,39474.89,2.0,5.0
904844,12.0,154.0,61.0,Male,2.0,43900.59,2.0,5.0
4641836,10.0,130.0,31.0,Male,3.0,116812.57,6.0,9.0
5857868,11.0,143.0,29.5,Female,2.0,60690.72,3.0,6.0
9287250,5.0,71.0,37.0,Unknown,2.0,211921.85,3.0,6.0
750169,9.0,109.0,48.0,Female,2.0,83017.81,4.0,7.0
8219634,9.0,118.0,29.5,Male,3.0,79423.83,4.0,7.0
3502513,5.0,66.0,24.5,Unknown,2.0,52352.07,4.0,7.0
7525052,3.0,39.0,63.0,Unknown,2.0,145847.99,6.0,9.0
1483585,13.0,160.0,88.5,Female,2.0,25526.22,1.0,4.0
9238802,8.0,106.0,26.0,Female,2.0,35447.7,1.0,4.0
4916223,13.0,156.0,58.0,Male,2.0,30953.38,1.0,4.0
777736,22.0,268.0,59.5,Unknown,3.0,179604.84000000003,1.0,4.0
2584734,4.0,58.0,24.0,Unknown,3.0,45168.6,4.0,7.0
5815996,4.0,56.0,22.5,Female,2.0,27866.73,2.0,5.0
1474213,6.0,79.0,43.5,Unknown,2.0,34538.72,2.0,5.0
5187151,15.0,184.0,38.0,Female,2.0,34750.81,4.0,7.0
4681159,6.0,77.0,24.5,Unknown,2.0,27453.91,2.0,5.0
2615381,5.0,66.0,46.0,Unknown,2.0,31944.13,0.0,3.0
8707005,8.0,101.0,44.0,Unknown,2.0,60565.16,4.0,7.0
1176732,13.0,156.0,63.5,Male,2.0,576749.49,5.0,8.0
4976025,16.0,193.0,78.0,Male,2.0,38232.19,1.0,4.0
4990448,11.0,136.0,39.5,Male,3.0,165935.52000000002,3.0,6.0
8171532,8.0,106.0,48.0,Male,2.0,27267.84,2.0,5.0
122526,14.0,179.0,33.5,Male,2.0,91617.46,4.0,7.0
5289273,4.0,54.0,32.5,Female,3.0,45119.46,4.0,7.0
3060990,5.0,67.0,33.5,Unknown,2.0,50229.6,4.0,7.0
664095,13.0,167.0,62.0,Female,2.0,31318.47,3.0,6.0
2844542,10.0,128.0,24.0,Female,2.0,64869.66,6.0,9.0
5841087,15.0,190.0,42.0,Male,2.0,39846.58,1.0,4.0
2567360,9.0,113.0,29.0,Female,2.0,40042.62,6.0,9.0
8696949,5.0,69.0,65.0,Unknown,2.0,168402.07,6.0,9.0
8316864,13.0,166.0,61.0,Male,3.0,421477.84,3.0,6.0
6715932,4.0,48.0,31.5,Unknown,2.0,29597.75,6.0,9.0
8870709,15.0,190.0,64.5,Male,2.0,305471.03,6.0,9.0
9113216,18.0,219.0,63.0,Female,2.0,568978.01,0.0,3.0
3069791,18.0,222.0,63.5,Female,2.0,137882.05,0.0,3.0
1499103,15.0,180.0,62.0,Female,3.0,168120.74,0.0,5.0
7096751,10.0,131.0,59.5,Female,2.0,65562.48,4.0,7.0
5046532,4.0,58.0,32.5,Unknown,2.0,44207.16,3.0,6.0
6177735,8.0,107.0,35.0,Male,3.0,148463.62,5.0,8.0
4085238,5.0,65.0,23.5,Unknown,2.0,62106.29,4.0,7.0
6724797,26.0,318.0,21.5,Male,2.0,25136.66,2.0,5.0
2660945,5.0,70.0,43.5,Unknown,2.0,27126.36,5.0,8.0
927703,6.0,73.0,28.5,Unknown,2.0,27990.87,2.0,5.0
3778173,5.0,69.0,26.5,Unknown,2.0,31883.15,3.0,6.0
4766865,10.0,131.0,43.5,Male,2.0,45881.87,0.0,3.0
4054953,24.0,298.0,40.5,Male,4.0,607958.9700000001,3.0,6.0
4256611,24.0,292.0,51.5,Male,3.0,3592350.6,6.0,9.0
3513070,24.0,289.0,46.0,Male,2.0,80019.09,6.0,9.0
8156778,21.0,256.0,40.5,Male,2.0,71873.84,6.0,9.0
8500602,20.0,249.0,35.5,Female,3.0,30082.41,5.0,8.0
5268495,19.0,238.0,51.0,Female,3.0,292629.53,0.0,3.0
1276083,21.0,260.0,41.0,Female,2.0,35972.38,1.0,4.0
7657,18.0,218.0,41.5,Male,2.0,55643.37,2.0,5.0
3793051,14.0,170.0,58.5,Male,2.0,40809.44,2.0,5.0
4317999,16.0,194.0,50.5,Male,3.0,191781.67,4.0,7.0
4408287,18.0,216.0,54.5,Male,2.0,66046.01999999999,5.0,8.0
1895255,4.0,58.0,21.0,Unknown,3.0,51771.67999999999,6.0,9.0
5679589,6.0,80.0,22.0,Unknown,2.0,148577.78999999998,6.0,9.0
2807022,8.0,104.0,40.0,Male,2.0,54886.22,1.0,4.0
1138318,16.0,196.0,37.5,Male,2.0,65016.09,6.0,9.0
1349782,8.0,104.0,29.0,Female,2.0,54118.3,0.0,3.0
536297,3.0,44.0,30.0,Unknown,2.0,27645.83,6.0,9.0
6463395,9.0,118.0,49.5,Male,2.0,376021.64,6.0,9.0
187308,10.0,120.0,60.0,Male,3.0,49260.52,4.0,7.0
6384122,11.0,143.0,62.5,Female,2.0,545608.02,6.0,9.0
6563551,6.0,78.0,25.5,Male,2.0,25567.27,0.0,3.0
4952168,10.0,130.0,57.5,Female,2.0,40234.87,0.0,3.0
2891068,9.0,110.0,86.0,Male,2.0,612155.9,6.0,9.0
1599078,7.0,95.0,54.5,Unknown,2.0,28726.83,1.0,4.0
7203485,5.0,68.0,76.5,Female,2.0,119431.49,6.0,9.0
1999950,12.0,146.0,24.5,Male,2.0,93601.48,2.0,5.0
9968197,7.0,89.0,52.5,Unknown,2.0,51319.25,4.0,7.0
4701679,28.0,336.0,61.5,Male,2.0,408236.5,6.0,9.0
8936467,8.0,96.0,54.5,Unknown,2.0,50036.74,5.0,8.0
724004,3.0,39.0,67.5,Unknown,2.0,149858.34,0.0,4.0
2082886,9.0,114.0,37.0,Male,3.0,338265.98,6.0,9.0
5686559,7.0,94.0,47.0,Unknown,3.0,98377.51,3.0,6.0
8241574,26.0,323.0,83.0,Male,2.0,154928.31,4.0,8.0
5048549,13.0,160.0,29.0,Female,2.0,79475.69,2.0,5.0
9597398,27.0,330.0,49.5,Female,2.0,93795.16,2.0,5.0
3449277,13.0,156.0,58.0,Female,2.0,144442.86,5.0,8.0
4219309,16.0,192.0,67.0,Unknown,2.0,124312.51,5.0,8.0
3559978,5.0,70.0,40.0,Unknown,2.0,46515.12,6.0,9.0
8102436,9.0,110.0,31.0,Female,2.0,54155.73,1.0,4.0
100250,15.0,184.0,73.5,Female,2.0,116090.3,3.0,6.0
9360092,8.0,98.0,59.0,Male,2.0,437325.74,6.0,9.0
4649676,6.0,77.0,42.0,Unknown,2.0,154887.37,0.0,3.0
6210900,29.0,349.0,76.5,Male,3.0,122492.55,3.0,6.0
2714618,13.0,157.0,27.5,Male,2.0,42621.03999999999,0.0,3.0
8100164,6.0,73.0,58.0,Male,2.0,67354.04999999999,3.0,6.0
7679295,3.0,36.0,52.5,Unknown,2.0,54658.85,3.0,6.0
5691391,12.0,154.0,45.0,Female,2.0,26509.17,0.0,3.0
5913013,4.0,58.0,23.5,Unknown,3.0,85668.03,2.0,5.0
7909830,22.0,275.0,61.5,Female,3.0,409499.68,1.0,4.0
4900800,22.0,274.0,32.0,Male,2.0,28990.76,2.0,5.0
8789161,21.0,262.0,57.0,Female,3.0,54131.81,3.0,6.0
6309469,18.0,224.0,39.5,Male,4.0,189968.0,5.0,8.0
6329216,18.0,221.0,58.0,Female,2.0,221853.61,6.0,9.0
717527,18.0,221.0,67.5,Female,2.0,167349.90999999997,2.0,5.0
5670970,5.0,70.0,59.5,Unknown,2.0,35702.19,0.0,3.0
2870176,30.0,368.0,64.5,Male,3.0,392019.3,5.0,8.0
4840203,15.0,187.0,57.5,Female,2.0,99809.85,4.0,7.0
2454265,14.0,172.0,24.0,Female,2.0,35793.22,3.0,6.0
6063520,10.0,128.0,34.0,Female,2.0,48118.96,0.0,3.0
8970514,8.0,106.0,29.5,Female,3.0,73018.26,5.0,8.0
8384474,4.0,58.0,35.5,Unknown,2.0,49455.16,5.0,8.0
1841525,15.0,189.0,59.5,Female,2.0,149692.61,6.0,9.0
5110302,9.0,109.0,27.5,Male,3.0,42959.42,6.0,9.0
127921,5.0,65.0,25.0,Unknown,3.0,53886.83,1.0,4.0
5293378,4.0,57.0,63.0,Unknown,2.0,69369.42,6.0,9.0
3919224,5.0,66.0,33.0,Female,2.0,37612.67,0.0,3.0
549253,6.0,80.0,28.0,Male,2.0,88969.39,1.0,5.0
9497226,28.0,346.0,85.5,Male,2.0,28757.03,3.0,6.0
9408992,4.0,59.0,22.0,Unknown,2.0,30607.07,6.0,9.0
4723047,7.0,93.0,33.5,Unknown,3.0,67073.19,3.0,6.0
3206419,14.0,174.0,37.5,Male,2.0,33885.69,1.0,4.0
6195423,6.0,82.0,68.0,Female,2.0,54967.38,1.0,4.0
7327492,5.0,60.0,59.0,Unknown,2.0,30143.74,3.0,6.0
6892723,15.0,181.0,31.0,Male,2.0,38008.17,0.0,3.0
2478585,8.0,102.0,41.5,Unknown,2.0,111738.69,2.0,5.0
8636919,15.0,186.0,46.5,Unknown,2.0,59064.83,0.0,3.0
6866990,12.0,148.0,68.0,Male,2.0,619832.65,2.0,5.0
7686465,5.0,65.0,73.5,Female,3.0,78596.86,1.0,4.0
4305948,4.0,57.0,47.0,Unknown,2.0,68284.43,2.0,5.0
8717563,11.0,136.0,65.0,Female,2.0,57645.74,2.0,5.0
5789556,16.0,197.0,40.0,Female,2.0,187933.25,0.0,3.0
2609315,7.0,94.0,61.5,Unknown,2.0,68680.45,4.0,7.0
9550519,12.0,150.0,62.0,Female,2.0,43895.9,0.0,3.0
2444459,6.0,73.0,28.0,Female,2.0,24517.55,6.0,9.0
1607916,8.0,104.0,41.0,Male,2.0,57604.41,2.0,5.0
3884652,21.0,260.0,61.5,Female,2.0,72363.07,1.0,4.0
3556339,23.0,286.0,67.5,Male,3.0,95845.31,3.0,6.0
465007,14.0,179.0,73.0,Male,3.0,126442.72,6.0,9.0
7644542,6.0,72.0,22.5,Unknown,2.0,50655.34,0.0,3.0
6720336,10.0,128.0,33.0,Female,3.0,32176.6,0.0,3.0
4864139,12.0,153.0,53.0,Female,2.0,313107.73,2.0,5.0
6889322,8.0,96.0,44.0,Unknown,2.0,70160.42,1.0,4.0
681269,13.0,157.0,70.0,Male,2.0,2014316.95,5.0,8.0
2599060,13.0,166.0,65.0,Female,2.0,43688.6,2.0,5.0
4051804,26.0,322.0,47.5,Male,3.0,3722386.06,6.0,9.0
3974144,10.0,123.0,38.0,Male,3.0,141730.52000000002,4.0,7.0
1093152,5.0,61.0,43.5,Unknown,3.0,284453.66,6.0,9.0
9465893,13.0,159.0,57.0,Female,2.0,41907.53999999999,1.0,5.0
8365990,3.0,40.0,17.5,Unknown,2.0,66353.04000000001,6.0,9.0
2209985,3.0,39.0,46.5,Unknown,3.0,35204.24,1.0,4.0
9936134,6.0,74.0,45.0,Unknown,2.0,186962.81,2.0,5.0
251479,12.0,144.0,48.0,Female,2.0,50489.38,2.0,5.0
2348380,26.0,314.0,46.0,Male,3.0,126767.55,6.0,9.0
563851,6.0,82.0,28.5,Unknown,2.0,24312.65,0.0,3.0
8007055,29.0,358.0,54.0,Male,3.0,1250614.38,2.0,5.0
7205946,28.0,338.0,57.0,Male,2.0,91145.81,3.0,6.0
1241419,6.0,75.0,59.5,Unknown,2.0,110611.05,6.0,9.0
2032061,33.0,407.0,65.5,Male,3.0,206605.36,6.0,9.0
6125798,5.0,70.0,56.0,Female,2.0,49925.13,5.0,8.0
3524186,8.0,96.0,31.5,Unknown,2.0,151968.34,6.0,9.0
8680122,6.0,72.0,51.5,Unknown,3.0,121285.57,5.0,8.0
2122793,24.0,294.0,67.5,Male,2.0,131713.01,2.0,5.0
8038306,22.0,274.0,46.5,Male,2.0,54812.53,2.0,5.0
9526209,22.0,265.0,46.5,Male,3.0,1876610.0,6.0,9.0
9212682,20.0,240.0,45.5,Male,2.0,28676.87,3.0,6.0
5116278,29.0,351.0,65.5,Unknown,2.0,204494.43,6.0,9.0
4977638,13.0,163.0,44.5,Male,3.0,345509.46,2.0,5.0
94234,7.0,93.0,40.0,Unknown,2.0,25821.77,4.0,7.0
482346,14.0,168.0,65.0,Female,2.0,170103.71999999997,2.0,5.0
2492103,9.0,119.0,61.5,Unknown,2.0,39666.11,0.0,3.0
4281763,3.0,36.0,42.0,Unknown,3.0,41330.59,4.0,7.0
4566983,13.0,166.0,76.0,Male,2.0,42607.44,2.0,5.0
465749,9.0,119.0,46.5,Male,2.0,150638.91,6.0,9.0
9362363,15.0,183.0,64.5,Male,2.0,52948.16,6.0,9.0
6668893,8.0,99.0,62.5,Unknown,2.0,155314.08000000002,1.0,4.0
807898,3.0,39.0,56.0,Unknown,2.0,30054.24,1.0,4.0
3332995,26.0,319.0,20.5,Female,2.0,28347.21,1.0,4.0
2711657,8.0,96.0,25.0,Unknown,2.0,35790.05,6.0,9.0
7745786,27.0,331.0,59.0,Male,3.0,723580.9,4.0,7.0
270539,7.0,93.0,51.5,Unknown,2.0,37282.94,1.0,4.0
9377916,8.0,97.0,48.0,Male,2.0,59528.64,4.0,7.0
9852355,15.0,190.0,34.5,Male,2.0,51015.97,6.0,9.0
7208864,6.0,73.0,25.0,Unknown,2.0,40512.94,1.0,4.0
9432135,5.0,66.0,28.5,Unknown,3.0,30312.27,3.0,6.0
4054538,12.0,154.0,58.5,Female,2.0,103800.66,2.0,5.0
8262787,6.0,82.0,27.5,Unknown,2.0,51243.69,1.0,4.0
4714822,6.0,83.0,44.0,Male,2.0,288946.65,5.0,8.0
4811855,26.0,322.0,38.0,Male,3.0,490347.93,4.0,7.0
4827884,13.0,156.0,53.0,Female,3.0,69269.59,0.0,3.0
5924947,16.0,199.0,65.5,Male,2.0,112249.74,6.0,9.0
4351270,7.0,93.0,47.0,Female,2.0,24520.02,2.0,5.0
9551810,9.0,116.0,63.5,Female,2.0,38430.13,2.0,5.0
2034560,4.0,55.0,51.5,Male,2.0,161495.59999999998,1.0,4.0
3684063,23.0,287.0,43.5,Female,2.0,51134.77,0.0,3.0
5509624,7.0,84.0,62.5,Male,2.0,130384.98,4.0,7.0
678766,9.0,119.0,38.0,Female,2.0,355897.48,3.0,6.0
6983793,23.0,284.0,57.0,Male,3.0,300678.2,5.0,8.0
80559,15.0,181.0,51.5,Female,3.0,44164.31,1.0,4.0
9935398,8.0,106.0,30.5,Male,2.0,27238.04,2.0,5.0
9568973,12.0,149.0,73.5,Unknown,2.0,68708.36,0.0,3.0
3483144,5.0,62.0,58.5,Female,3.0,51804.88,6.0,9.0
567520,4.0,57.0,30.5,Unknown,2.0,28485.8,1.0,4.0
7566318,8.0,96.0,39.5,Unknown,3.0,223521.25,6.0,9.0
6556785,4.0,58.0,33.0,Unknown,3.0,42491.76,2.0,5.0
2368293,25.0,301.0,25.5,Female,2.0,102774.39,6.0,9.0
6496436,24.0,294.0,35.5,Male,2.0,116076.19,1.0,4.0
1008245,23.0,283.0,35.0,Female,2.0,50287.42999999999,6.0,9.0
2145857,21.0,262.0,63.0,Male,2.0,90918.08,6.0,9.0
4582095,13.0,156.0,41.5,Male,2.0,95128.36,5.0,8.0
3270998,11.0,132.0,44.5,Male,2.0,39314.48,2.0,5.0
9888937,6.0,77.0,38.5,Unknown,2.0,57925.48,4.0,7.0
8007782,27.0,329.0,68.5,Female,2.0,37888.11,2.0,5.0
6430161,16.0,193.0,60.0,Female,2.0,78360.03,1.0,4.0
4758202,5.0,65.0,32.0,Unknown,2.0,50533.1,2.0,5.0
6708001,12.0,155.0,56.5,Female,2.0,212572.35,1.0,4.0
16098,6.0,72.0,36.5,Unknown,3.0,58643.48,2.0,5.0
9212624,4.0,58.0,54.5,Unknown,2.0,264264.3,3.0,6.0
6069272,6.0,77.0,22.5,Unknown,3.0,37971.05,6.0,9.0
7194420,26.0,321.0,64.0,Female,2.0,101882.08,2.0,5.0
499699,8.0,103.0,28.0,Unknown,2.0,29764.01,2.0,5.0
1674694,3.0,46.0,34.0,Unknown,2.0,37678.51,0.0,3.0
3115010,7.0,94.0,29.0,Unknown,2.0,82493.63,3.0,6.0
1329194,15.0,182.0,32.0,Female,2.0,108035.91,6.0,9.0
2561883,13.0,166.0,64.5,Female,2.0,35723.35,1.0,4.0
8640323,10.0,130.0,30.5,Male,2.0,23792.72,0.0,4.0
2974123,14.0,169.0,34.5,Male,2.0,32444.54,1.0,4.0
2284868,7.0,94.0,42.0,Unknown,2.0,23832.62,0.0,3.0
3050600,6.0,75.0,25.5,Female,2.0,28016.91,3.0,6.0
580619,19.0,229.0,47.5,Male,2.0,220321.29,6.0,9.0
2649126,6.0,80.0,40.5,Unknown,2.0,66276.4,0.0,3.0
9117407,12.0,149.0,45.0,Male,2.0,79252.53,1.0,4.0
6723488,5.0,65.0,25.5,Female,2.0,26082.21,4.0,7.0
249333,12.0,144.0,45.5,Male,3.0,2190906.39,6.0,9.0
2078453,6.0,80.0,63.0,Unknown,2.0,132722.5,1.0,4.0
9132604,31.0,376.0,34.0,Female,2.0,162642.07,4.0,7.0
7427806,5.0,70.0,31.0,Unknown,2.0,39093.69,0.0,3.0
6328967,14.0,169.0,67.5,Male,2.0,513166.21,4.0,7.0
525401,26.0,318.0,54.0,Female,2.0,130189.28,2.0,5.0
7109824,8.0,105.0,44.5,Male,2.0,63400.97,1.0,4.0
7187992,11.0,140.0,61.0,Male,2.0,41746.45,3.0,6.0
2351400,19.0,237.0,41.5,Unknown,2.0,55717.02,2.0,5.0
336414,15.0,187.0,54.0,Female,4.0,289537.21,6.0,9.0
770591,5.0,71.0,69.0,Unknown,2.0,33257.119999999995,0.0,3.0
1203864,5.0,70.0,71.0,Unknown,2.0,127928.27,5.0,8.0
1058509,16.0,194.0,58.5,Male,2.0,26763.95,1.0,4.0
9507038,4.0,58.0,23.0,Unknown,2.0,80395.47,6.0,9.0
6273424,13.0,164.0,79.0,Female,2.0,78361.98999999999,1.0,4.0
234619,9.0,119.0,31.5,Female,2.0,61272.9,2.0,5.0
2952883,5.0,71.0,34.5,Unknown,2.0,39236.49,3.0,6.0
5639140,5.0,66.0,22.0,Unknown,2.0,27933.6,2.0,5.0
778067,15.0,190.0,27.5,Male,2.0,104556.88,6.0,9.0
3966046,7.0,94.0,59.5,Unknown,2.0,67822.85,0.0,3.0
8130515,7.0,85.0,49.5,Unknown,2.0,46707.61,6.0,9.0
9148008,28.0,342.0,58.0,Female,3.0,192911.7,0.0,3.0
8656670,16.0,193.0,43.0,Male,4.0,1106328.3099999998,3.0,6.0
6944329,20.0,250.0,73.5,Unknown,3.0,1162606.34,5.0,9.0
176963,6.0,81.0,30.5,Unknown,2.0,34015.1,1.0,4.0
4277617,6.0,81.0,55.0,Unknown,2.0,24834.2,0.0,4.0
4197171,9.0,108.0,31.5,Male,2.0,68529.33,6.0,9.0
236511,8.0,104.0,23.5,Female,2.0,28203.57,5.0,8.0
5683603,16.0,196.0,62.0,Female,2.0,28365.4,0.0,3.0
1859177,27.0,332.0,58.0,Male,2.0,337496.9,6.0,9.0
7816798,8.0,107.0,54.0,Male,2.0,71414.56,4.0,7.0
3112288,9.0,109.0,55.5,Male,3.0,317724.24,6.0,9.0
7724609,4.0,56.0,43.0,Unknown,2.0,31729.63,0.0,3.0
5899036,7.0,84.0,53.0,Unknown,2.0,29932.46,1.0,5.0
1879188,37.0,454.0,63.5,Male,2.0,92441.58,3.0,6.0
3384638,11.0,142.0,29.0,Male,3.0,89370.14,1.0,4.0
1067579,13.0,156.0,43.5,Male,2.0,63226.02,3.0,6.0
1129989,16.0,196.0,44.0,Female,2.0,124170.14,2.0,5.0
2534741,12.0,152.0,73.5,Female,3.0,107859.76,3.0,6.0
9173546,5.0,62.0,70.5,Unknown,2.0,612723.88,2.0,5.0
6602749,9.0,109.0,44.5,Female,2.0,78588.23999999999,6.0,9.0
7646602,7.0,94.0,57.5,Unknown,2.0,37319.31,1.0,4.0
1775686,10.0,126.0,36.0,Male,4.0,105890.03,3.0,6.0
670510,7.0,86.0,33.0,Unknown,2.0,138856.47,6.0,9.0
2645428,16.0,193.0,46.0,Female,2.0,72958.75,2.0,5.0
5430117,55.0,668.0,42.5,Male,2.0,130125.49,1.0,4.0
6035461,8.0,99.0,44.5,Unknown,2.0,95322.88,1.0,4.0
8406607,11.0,140.0,66.5,Male,2.0,192026.8,2.0,5.0
8950337,6.0,72.0,32.0,Unknown,2.0,249668.36,4.0,7.0
2408816,12.0,146.0,42.5,Female,2.0,164944.34999999998,2.0,5.0
2807639,30.0,363.0,56.5,Male,5.0,257184.58,4.0,7.0
2480090,17.0,211.0,55.0,Male,2.0,142088.09999999998,6.0,9.0
934584,11.0,138.0,48.5,Female,2.0,33559.36,0.0,3.0
8959084,9.0,115.0,33.0,Female,3.0,54226.49,3.0,6.0
6642683,13.0,160.0,33.5,Female,4.0,151278.49,1.0,4.0
3466024,8.0,98.0,33.5,Male,2.0,27350.06,0.0,3.0
7485632,9.0,115.0,44.0,Female,2.0,139509.61,2.0,5.0
5944525,15.0,187.0,28.5,Unknown,3.0,1004071.29,6.0,9.0
5322608,6.0,78.0,20.5,Male,2.0,30974.73,2.0,5.0
7691349,17.0,205.0,53.5,Female,3.0,191566.04,6.0,9.0
9344361,7.0,95.0,26.0,Unknown,2.0,26080.71,4.0,7.0
3544939,14.0,169.0,43.0,Male,2.0,507411.62,6.0,9.0
5834652,15.0,186.0,35.5,Female,2.0,58870.31,3.0,6.0
4799313,25.0,301.0,46.0,Female,2.0,125776.66,0.0,3.0
7333123,25.0,301.0,66.5,Male,2.0,202858.28,5.0,8.0
1993088,23.0,276.0,61.0,Male,2.0,280727.91,4.0,7.0
5782592,20.0,249.0,41.5,Male,2.0,65789.36,5.0,8.0
7511477,20.0,247.0,49.0,Female,2.0,63313.26,5.0,8.0
1849801,20.0,244.0,61.0,Female,2.0,34041.24,0.0,3.0
1287719,18.0,223.0,78.0,Male,2.0,62548.44,6.0,9.0
1832920,16.0,192.0,67.0,Female,2.0,435253.75,4.0,7.0
7650184,8.0,102.0,32.5,Unknown,2.0,34039.759999999995,1.0,4.0
8012182,5.0,70.0,25.0,Unknown,2.0,30254.96,1.0,4.0
7783740,18.0,226.0,68.0,Male,2.0,23978.96,1.0,5.0
2139778,33.0,406.0,64.5,Male,2.0,52743.65,1.0,4.0
8688451,4.0,54.0,77.5,Unknown,2.0,109303.35,6.0,9.0
1980498,29.0,352.0,75.0,Male,2.0,58504.01,3.0,6.0
7670830,5.0,64.0,34.0,Unknown,2.0,60606.14,1.0,4.0
1552231,5.0,70.0,57.5,Female,2.0,30901.6,0.0,3.0
7617721,5.0,61.0,35.5,Female,2.0,23796.19,4.0,7.0
9334136,5.0,63.0,30.0,Female,2.0,30176.44,0.0,3.0
5735860,9.0,110.0,33.0,Male,2.0,50220.13,2.0,5.0
5343117,27.0,334.0,78.0,Male,3.0,297071.69,6.0,9.0
7378448,4.0,59.0,25.0,Unknown,2.0,55715.41,3.0,6.0
5425029,9.0,108.0,59.0,Male,2.0,97819.92,4.0,7.0
318876,4.0,59.0,47.0,Unknown,2.0,254731.95,1.0,4.0
8147254,7.0,91.0,47.0,Male,2.0,53579.52,0.0,3.0
249743,12.0,147.0,51.0,Female,2.0,28415.77,1.0,4.0
9417559,5.0,70.0,36.0,Unknown,4.0,184591.91,4.0,7.0
9507421,12.0,152.0,32.5,Female,2.0,47221.75,6.0,9.0
7344475,9.0,118.0,62.0,Female,2.0,79409.34,2.0,5.0
3672168,9.0,119.0,64.0,Male,2.0,1074259.0699999998,5.0,8.0
8636244,9.0,112.0,49.5,Male,2.0,38562.73,1.0,4.0
7234411,22.0,270.0,73.0,Female,2.0,34449.97,3.0,6.0
4138843,14.0,173.0,42.5,Female,2.0,57242.09,3.0,6.0
5383103,19.0,229.0,57.5,Male,2.0,455081.91,6.0,9.0
1889888,4.0,58.0,55.5,Male,3.0,72251.66,4.0,7.0
3452377,11.0,142.0,42.0,Female,3.0,38817.19,6.0,9.0
7311785,26.0,316.0,57.0,Female,2.0,158802.09999999998,5.0,8.0
3695352,16.0,193.0,40.5,Male,3.0,148391.06,6.0,9.0
8771303,7.0,94.0,73.0,Unknown,3.0,54006.85,3.0,6.0
4883446,5.0,70.0,33.0,Unknown,2.0,46618.39,0.0,3.0
2067617,9.0,110.0,62.0,Male,2.0,50253.64,6.0,9.0
6793099,7.0,84.0,60.5,Unknown,2.0,424920.02,6.0,9.0
5080437,9.0,108.0,31.0,Female,2.0,40261.42,5.0,8.0
9241612,12.0,154.0,34.0,Male,2.0,34287.84,2.0,5.0
21719,5.0,60.0,27.0,Male,2.0,30765.88,0.0,3.0
338641,12.0,150.0,35.0,Female,2.0,30734.97,1.0,4.0
3762172,8.0,100.0,74.0,Female,2.0,216439.84000000003,0.0,3.0
5784242,11.0,142.0,68.0,Female,2.0,215063.22,4.0,7.0
5626228,6.0,81.0,44.5,Unknown,2.0,50909.91,0.0,3.0
5632684,14.0,173.0,33.5,Female,2.0,78130.63,0.0,3.0
5500716,5.0,65.0,67.0,Unknown,2.0,31206.97,3.0,6.0
6556257,10.0,131.0,44.0,Male,2.0,45471.4,0.0,3.0
3204570,6.0,78.0,27.0,Unknown,2.0,90055.87,4.0,7.0
7514622,8.0,96.0,36.5,Unknown,2.0,62533.94,1.0,4.0
3277291,8.0,105.0,24.0,Female,2.0,37363.46,1.0,4.0
9104896,21.0,263.0,70.0,Female,2.0,38144.75,4.0,7.0
6220312,18.0,223.0,58.5,Male,3.0,23947.28,6.0,9.0
893935,17.0,209.0,43.0,Male,2.0,79506.81,4.0,7.0
2080265,34.0,409.0,33.0,Female,2.0,38953.04,1.0,4.0
2787673,14.0,169.0,36.0,Male,2.0,79036.51,0.0,3.0
5777346,6.0,75.0,19.5,Unknown,2.0,36119.93,2.0,5.0
8607979,5.0,69.0,45.0,Male,2.0,701336.92,4.0,7.0
2356366,6.0,80.0,53.0,Unknown,4.0,292999.84,2.0,5.0
470239,14.0,173.0,47.0,Female,2.0,74493.19,3.0,6.0
4357442,8.0,107.0,50.5,Unknown,2.0,50829.34,0.0,3.0
8694085,26.0,323.0,52.5,Female,2.0,24537.59,5.0,8.0
2640361,4.0,58.0,57.5,Unknown,2.0,43601.28999999999,1.0,4.0
6963245,6.0,74.0,46.0,Unknown,2.0,105936.99,0.0,3.0
9884785,13.0,166.0,45.5,Male,2.0,24494.09,0.0,3.0
6133338,28.0,344.0,68.0,Male,2.0,217862.03,5.0,8.0
9954065,16.0,193.0,54.0,Male,3.0,287151.58,6.0,9.0
9785572,9.0,116.0,35.0,Female,2.0,30100.57,2.0,5.0
820629,10.0,127.0,34.5,Female,3.0,156326.40999999997,0.0,3.0
8018948,11.0,135.0,54.0,Female,2.0,55596.21,4.0,7.0
9955445,9.0,118.0,57.0,Male,2.0,56956.54,2.0,5.0
4421346,7.0,91.0,41.5,Unknown,2.0,60520.42,0.0,3.0
7905462,15.0,181.0,27.5,Male,3.0,78475.53,6.0,9.0
3866514,15.0,191.0,63.5,Male,2.0,140281.56,6.0,9.0
6928299,5.0,70.0,50.0,Unknown,2.0,27131.51,1.0,4.0
446185,19.0,228.0,47.0,Male,2.0,24883.35,6.0,9.0
3920526,6.0,72.0,30.5,Unknown,2.0,51118.95,2.0,5.0
5593356,14.0,176.0,60.0,Male,2.0,52023.85,2.0,5.0
17170,15.0,189.0,63.0,Male,2.0,83531.35,3.0,6.0
4243285,4.0,54.0,48.5,Female,2.0,28129.32,6.0,9.0
1511191,4.0,51.0,49.5,Female,3.0,104214.99,0.0,3.0
4388424,12.0,154.0,41.5,Female,2.0,76747.97,6.0,9.0
2276437,15.0,189.0,35.0,Female,2.0,44744.69,5.0,8.0
3417643,15.0,191.0,57.5,Male,2.0,100925.74,6.0,9.0
6355166,6.0,73.0,30.5,Unknown,2.0,59142.79,4.0,7.0
4123542,27.0,327.0,61.0,Unknown,3.0,298270.39,2.0,5.0
475362,15.0,189.0,61.5,Male,2.0,442187.91,6.0,9.0
3980473,5.0,60.0,32.5,Unknown,2.0,51602.95,2.0,5.0
9791537,38.0,459.0,71.0,Male,3.0,52537.02,6.0,9.0
3337540,8.0,106.0,28.0,Female,2.0,41223.26,1.0,4.0
9416016,6.0,77.0,26.5,Unknown,3.0,36663.23,5.0,8.0
1688207,12.0,150.0,26.5,Male,3.0,63679.41,6.0,9.0
9006010,9.0,108.0,64.5,Female,2.0,112964.02,6.0,9.0
9585939,8.0,106.0,52.5,Male,2.0,77273.66,2.0,5.0
7124802,4.0,59.0,44.0,Female,2.0,75464.20999999999,0.0,4.0
7049685,6.0,78.0,60.5,Unknown,2.0,383801.0,0.0,3.0
4034495,4.0,59.0,31.0,Female,2.0,42416.3,0.0,3.0
4175819,16.0,197.0,43.0,Female,2.0,195944.85,6.0,9.0
5296140,6.0,72.0,66.5,Male,2.0,51238.92,2.0,5.0
6558231,35.0,422.0,54.0,Female,3.0,418146.44,2.0,5.0
8044344,9.0,118.0,24.5,Male,2.0,34110.7,4.0,7.0
7625054,7.0,84.0,34.5,Unknown,2.0,28028.01,2.0,5.0
7128894,17.0,207.0,41.5,Male,2.0,331495.16,1.0,4.0
5501949,5.0,69.0,49.5,Unknown,2.0,30843.85,2.0,5.0
3859627,10.0,129.0,34.5,Male,2.0,28635.07,1.0,4.0
5082474,14.0,178.0,58.5,Female,2.0,40310.38,2.0,5.0
9698409,25.0,304.0,44.5,Female,2.0,61279.67,2.0,5.0
3134802,24.0,290.0,49.5,Female,2.0,48116.49,5.0,8.0
619597,23.0,276.0,63.5,Male,2.0,50660.65,1.0,4.0
6868984,23.0,276.0,65.5,Male,4.0,1030043.24,6.0,9.0
6680266,21.0,252.0,45.5,Female,2.0,29746.22,2.0,5.0
2053248,20.0,243.0,19.5,Male,2.0,44145.46,0.0,3.0
2634295,20.0,242.0,41.0,Female,2.0,41748.92,3.0,6.0
9771197,20.0,240.0,62.0,Female,2.0,25490.41,0.0,3.0
6847772,17.0,215.0,56.5,Male,3.0,186042.34000000003,0.0,3.0
6199232,12.0,148.0,36.5,Male,3.0,259816.92,1.0,4.0
1339532,15.0,188.0,42.5,Male,2.0,102341.04,4.0,7.0
2415000,5.0,67.0,56.5,Female,2.0,27552.57,0.0,3.0
5112293,8.0,96.0,30.5,Unknown,2.0,71742.94,4.0,7.0
6035849,8.0,107.0,56.5,Female,3.0,83547.91,1.0,5.0
6353872,16.0,194.0,79.0,Male,4.0,536560.8,5.0,8.0
6316253,13.0,164.0,34.5,Male,2.0,26919.85,1.0,4.0
3736958,10.0,124.0,53.5,Female,2.0,372616.46,6.0,9.0
484325,25.0,302.0,58.5,Male,2.0,575861.4,5.0,8.0
7056998,7.0,92.0,42.5,Unknown,2.0,34654.7,6.0,9.0
7095760,17.0,211.0,77.5,Male,2.0,46450.77,2.0,5.0
9014045,13.0,156.0,58.5,Male,2.0,228460.75,0.0,3.0
4142389,28.0,336.0,77.5,Male,2.0,413692.64,6.0,9.0
7986968,4.0,59.0,46.0,Female,2.0,217178.66,4.0,7.0
8100796,11.0,141.0,27.0,Male,3.0,84125.88,5.0,8.0
31715,7.0,85.0,32.5,Unknown,2.0,44980.67999999999,1.0,4.0
1659147,15.0,187.0,43.0,Male,2.0,31104.89,0.0,3.0
8877609,20.0,243.0,45.5,Male,2.0,384434.12,3.0,6.0
1106634,9.0,110.0,31.5,Male,2.0,871390.8500000001,6.0,9.0
8924804,12.0,155.0,35.0,Male,3.0,131046.47,1.0,4.0
5678222,6.0,72.0,35.0,Unknown,2.0,29760.87,1.0,4.0
4382897,9.0,116.0,27.5,Female,2.0,37531.73,1.0,4.0
2019649,3.0,42.0,30.0,Unknown,3.0,302215.25,1.0,4.0
8365468,7.0,86.0,31.0,Unknown,2.0,26166.61,6.0,9.0
8935253,4.0,57.0,27.5,Unknown,2.0,43577.94,1.0,4.0
117032,10.0,126.0,59.5,Male,2.0,298122.4,6.0,9.0
3852830,6.0,82.0,45.5,Unknown,3.0,79175.63,5.0,8.0
5753581,6.0,75.0,22.5,Unknown,3.0,66978.81,6.0,9.0
6004290,14.0,171.0,61.0,Female,2.0,49656.53,1.0,4.0
2245536,14.0,179.0,35.0,Male,2.0,53077.61,5.0,8.0
8620393,6.0,74.0,49.5,Female,2.0,47208.74,1.0,4.0
6142623,11.0,135.0,62.5,Unknown,2.0,68293.07,4.0,7.0
367874,16.0,203.0,44.5,Male,2.0,171697.46000000002,0.0,3.0
4010395,6.0,76.0,40.0,Female,4.0,449977.38,6.0,9.0
8864154,8.0,97.0,59.5,Unknown,3.0,120457.13,5.0,8.0
1540363,13.0,161.0,48.5,Male,2.0,28009.06,0.0,3.0
2162263,6.0,75.0,68.5,Female,4.0,161824.90999999997,3.0,6.0
4753639,3.0,46.0,61.5,Unknown,2.0,31951.11,0.0,3.0
7645867,9.0,115.0,48.5,Female,2.0,79095.26999999999,6.0,9.0
719790,10.0,130.0,57.5,Unknown,2.0,49891.06,2.0,5.0
9004223,11.0,133.0,36.5,Female,2.0,27609.48,2.0,5.0
9844613,12.0,154.0,58.0,Male,2.0,41759.01,3.0,6.0
9057681,31.0,376.0,27.5,Unknown,2.0,48577.51,5.0,8.0
7966256,25.0,302.0,68.0,Female,2.0,110529.65,0.0,3.0
9891451,24.0,288.0,65.5,Female,2.0,69028.7,3.0,6.0
9687894,22.0,274.0,42.5,Male,2.0,33624.56,3.0,6.0
1455365,22.0,269.0,57.0,Male,4.0,127444.43,0.0,3.0
7487230,21.0,263.0,29.0,Female,2.0,27098.97,1.0,4.0
612745,20.0,250.0,50.0,Female,2.0,85824.43,6.0,9.0
1120773,19.0,232.0,68.0,Male,3.0,90729.5,6.0,9.0
2854377,15.0,190.0,48.0,Female,2.0,150353.95,0.0,3.0
1757187,5.0,66.0,73.5,Female,2.0,60130.77,6.0,9.0
9377070,5.0,70.0,65.0,Unknown,3.0,67908.61,4.0,7.0
5733346,4.0,59.0,59.0,Unknown,2.0,29900.17,6.0,9.0
1352718,5.0,71.0,61.5,Unknown,2.0,55677.97,1.0,4.0
1819032,25.0,303.0,50.5,Unknown,3.0,68232.76999999999,1.0,4.0
5615101,6.0,75.0,33.5,Female,2.0,31277.68,0.0,3.0
4408578,8.0,104.0,62.5,Male,2.0,71968.08,2.0,5.0
5754579,7.0,94.0,26.0,Unknown,2.0,35596.869999999995,1.0,4.0
457600,9.0,117.0,90.0,Male,2.0,199787.81,1.0,4.0
438935,15.0,181.0,35.5,Male,3.0,314053.99,5.0,8.0
3344093,10.0,122.0,58.5,Male,2.0,26898.16,0.0,3.0
6412757,5.0,64.0,29.0,Unknown,3.0,74185.91,6.0,9.0
2158246,8.0,99.0,52.0,Unknown,3.0,373529.9,2.0,5.0
7980336,34.0,408.0,67.5,Male,3.0,261619.32,6.0,9.0
2758274,7.0,85.0,64.0,Unknown,2.0,52040.92999999999,3.0,6.0
7697566,14.0,175.0,62.0,Male,3.0,232865.78,5.0,8.0
3824926,15.0,183.0,64.5,Male,3.0,322888.96,5.0,8.0
2606324,4.0,51.0,58.5,Unknown,2.0,44137.16,6.0,9.0
3060095,7.0,84.0,27.5,Unknown,3.0,55681.95,5.0,8.0
3633784,18.0,226.0,45.0,Unknown,2.0,44105.59,1.0,4.0
6730557,15.0,187.0,61.0,Male,2.0,88354.58,6.0,9.0
7334784,15.0,186.0,52.0,Female,3.0,59543.9,1.0,4.0
7356840,12.0,152.0,28.5,Male,2.0,37168.32,6.0,9.0
3432773,4.0,59.0,64.0,Male,2.0,219154.4,6.0,9.0
5910240,15.0,190.0,63.5,Male,2.0,181813.08,6.0,9.0
6765289,4.0,58.0,65.0,Unknown,2.0,193449.49,2.0,5.0
6196471,4.0,56.0,26.5,Unknown,2.0,32575.88,2.0,5.0
7440572,10.0,131.0,43.0,Male,4.0,227341.02,6.0,9.0
2523528,6.0,83.0,26.0,Unknown,2.0,42783.63,2.0,5.0
9974631,18.0,223.0,60.0,Female,2.0,38946.4,2.0,5.0
305648,7.0,87.0,29.5,Unknown,2.0,48843.55,2.0,5.0
3115445,28.0,342.0,71.0,Female,2.0,32873.25,4.0,7.0
1385958,17.0,210.0,58.0,Male,2.0,56520.4,0.0,3.0
3795023,25.0,302.0,43.0,Female,2.0,36397.38,1.0,4.0
7550579,23.0,282.0,26.0,Male,2.0,30420.73,1.0,4.0
4850878,23.0,279.0,65.5,Female,2.0,216021.11,1.0,4.0
9275181,22.0,275.0,71.5,Male,2.0,64728.46,2.0,5.0
7392799,22.0,274.0,59.5,Male,2.0,145728.53999999998,2.0,5.0
7351061,23.0,282.0,47.5,Female,2.0,25076.42,5.0,8.0
9218546,23.0,278.0,46.5,Female,2.0,60750.2,0.0,3.0
175784,26.0,322.0,76.5,Male,2.0,242223.95,3.0,6.0
7104655,18.0,217.0,45.5,Female,3.0,349533.56,1.0,4.0
1076900,29.0,351.0,90.0,Female,2.0,40659.31,2.0,5.0
3590194,7.0,84.0,36.5,Female,3.0,53621.87,1.0,4.0
495030,28.0,342.0,62.0,Female,2.0,253473.67,6.0,9.0
696227,14.0,169.0,60.5,Male,2.0,106447.94,1.0,4.0
9744577,13.0,156.0,77.5,Male,3.0,122899.32,5.0,8.0
7362381,18.0,227.0,57.0,Male,3.0,636063.26,2.0,5.0
5698093,6.0,77.0,58.5,Unknown,2.0,29324.28,0.0,3.0
9574629,16.0,200.0,56.5,Male,2.0,44113.44,4.0,7.0
8089534,15.0,189.0,37.5,Male,2.0,146765.44,0.0,3.0
40439,7.0,90.0,35.5,Male,3.0,55092.57,6.0,9.0
1632385,9.0,119.0,61.5,Male,2.0,48844.03999999999,4.0,7.0
5255589,6.0,74.0,22.0,Unknown,2.0,25204.84,1.0,4.0
1868660,12.0,144.0,47.0,Female,2.0,47081.0,0.0,3.0
9021319,6.0,73.0,63.0,Male,2.0,216525.47,3.0,6.0
4779763,9.0,116.0,49.0,Male,2.0,29789.31,6.0,9.0
9244153,5.0,70.0,33.0,Unknown,4.0,51181.98,6.0,9.0
3659772,7.0,86.0,72.0,Unknown,3.0,335011.97,6.0,9.0
4396526,16.0,192.0,43.0,Male,2.0,39518.64,1.0,4.0
8205041,11.0,132.0,36.5,Male,2.0,55965.65,1.0,4.0
7896038,19.0,231.0,40.5,Female,2.0,96234.85,4.0,7.0
6733557,5.0,64.0,58.5,Unknown,2.0,31716.97,4.0,7.0
148037,21.0,253.0,72.0,Male,2.0,61995.51,5.0,8.0
6497656,8.0,106.0,33.0,Male,2.0,84749.54000000001,6.0,9.0
7074316,9.0,114.0,60.0,Male,2.0,365136.84,3.0,6.0
1660531,28.0,347.0,50.5,Male,2.0,27861.17,1.0,4.0
3605308,23.0,286.0,46.5,Female,3.0,383674.16,2.0,5.0
4966417,31.0,383.0,66.0,Male,3.0,209406.24,6.0,9.0
6985810,11.0,142.0,61.5,Female,2.0,89552.34,0.0,3.0
3956018,15.0,189.0,67.0,Female,2.0,357797.87,2.0,6.0
8403267,16.0,193.0,50.0,Female,2.0,223841.05,5.0,8.0
8669649,4.0,59.0,53.0,Unknown,2.0,47035.07,5.0,8.0
69568,11.0,142.0,26.0,Female,2.0,74271.62,0.0,3.0
9878904,11.0,136.0,67.5,Male,3.0,219438.53,4.0,7.0
5532707,7.0,93.0,29.0,Unknown,2.0,37272.93,2.0,5.0
4374056,8.0,101.0,33.5,Unknown,3.0,42777.86,6.0,9.0
1699891,14.0,173.0,71.5,Male,2.0,39258.46,1.0,4.0
3425254,6.0,75.0,24.5,Unknown,2.0,59210.21,1.0,4.0
9679043,15.0,183.0,56.0,Female,2.0,30113.68,0.0,3.0
8719344,5.0,70.0,42.0,Unknown,2.0,37890.01,0.0,3.0
5001250,7.0,91.0,46.5,Unknown,2.0,29046.99,3.0,6.0
4068002,8.0,107.0,66.5,Female,2.0,67063.26999999999,5.0,8.0
9267466,4.0,58.0,58.0,Unknown,2.0,39896.77,4.0,7.0
5907929,16.0,202.0,37.0,Male,2.0,26291.01,5.0,8.0
479709,6.0,81.0,28.0,Unknown,2.0,47371.16,5.0,8.0
9610699,10.0,126.0,67.5,Female,2.0,50405.4,0.0,5.0
1482562,11.0,143.0,44.5,Unknown,2.0,68113.79999999999,1.0,4.0
1840384,7.0,95.0,53.0,Unknown,2.0,659365.8,6.0,9.0
3927920,8.0,106.0,38.0,Female,3.0,2058526.24,2.0,6.0
9944818,5.0,71.0,44.5,Unknown,2.0,27717.81,1.0,4.0
4912564,10.0,131.0,52.5,Female,3.0,96721.94,0.0,3.0
4793839,6.0,79.0,63.5,Unknown,2.0,89610.26,6.0,9.0
7902599,12.0,154.0,31.0,Female,2.0,29708.57,1.0,4.0
8405384,4.0,59.0,54.0,Unknown,2.0,34720.07,6.0,9.0
8588731,13.0,157.0,33.5,Female,2.0,87437.14,6.0,9.0
1891067,24.0,290.0,53.5,Female,4.0,163042.39,2.0,5.0
3353040,20.0,246.0,52.0,Female,3.0,131556.28999999998,4.0,7.0
9675534,20.0,250.0,52.0,Female,3.0,160041.94,1.0,4.0
8104273,20.0,245.0,68.0,Male,2.0,27301.15,5.0,9.0
1975637,18.0,216.0,69.0,Male,2.0,32409.07,6.0,9.0
1640172,14.0,177.0,32.5,Male,3.0,253676.92,6.0,9.0
4142015,17.0,204.0,59.5,Female,2.0,69437.39,1.0,4.0
7035391,6.0,72.0,29.0,Unknown,2.0,50771.42,6.0,9.0
5139805,8.0,99.0,27.0,Unknown,3.0,47582.63,1.0,4.0
7843894,5.0,63.0,44.0,Female,2.0,50034.53999999999,2.0,5.0
9998346,50.0,602.0,61.5,Female,2.0,149881.38,6.0,9.0
9627002,4.0,58.0,56.5,Unknown,2.0,32078.98,4.0,7.0
4988052,5.0,69.0,32.0,Unknown,2.0,86836.29000000001,2.0,5.0
2625271,27.0,326.0,55.0,Female,3.0,125950.68,6.0,9.0
6861954,10.0,127.0,29.0,Male,2.0,34890.48,1.0,4.0
7846813,4.0,58.0,27.5,Unknown,2.0,29872.81,1.0,4.0
1433116,4.0,58.0,23.5,Unknown,2.0,35130.149999999994,2.0,5.0
9329699,13.0,157.0,58.0,Female,2.0,33842.009999999995,1.0,4.0
8767818,23.0,284.0,79.5,Female,2.0,212645.16,0.0,3.0
668531,6.0,83.0,58.0,Unknown,2.0,39273.22,0.0,3.0
6104856,8.0,103.0,60.5,Unknown,2.0,50532.55,0.0,3.0
8556801,10.0,131.0,31.5,Female,2.0,30467.1,5.0,8.0
410682,6.0,73.0,28.5,Female,2.0,26816.99,3.0,6.0
7606536,12.0,148.0,27.5,Male,3.0,78274.44,1.0,4.0
8831208,14.0,178.0,51.5,Male,2.0,142920.66999999998,3.0,6.0
3709487,10.0,120.0,64.5,Male,2.0,284996.24,6.0,9.0
7999706,6.0,82.0,23.5,Unknown,2.0,33843.36,4.0,7.0
274798,12.0,147.0,32.5,Female,3.0,73891.87,1.0,4.0
7949091,6.0,83.0,22.5,Unknown,3.0,58213.83,3.0,6.0
9797077,5.0,60.0,30.5,Unknown,2.0,25184.33,0.0,3.0
8519807,14.0,175.0,76.5,Male,3.0,124712.23,0.0,3.0
9197440,18.0,217.0,52.0,Male,3.0,366543.35,3.0,6.0
2510896,5.0,68.0,36.0,Unknown,2.0,46726.42999999999,0.0,3.0
3202024,14.0,173.0,49.5,Female,2.0,26276.63,0.0,3.0
2274430,15.0,185.0,47.0,Female,2.0,44103.52,6.0,9.0
8150867,10.0,128.0,43.0,Female,2.0,30313.6,1.0,4.0
9434640,6.0,74.0,29.5,Unknown,2.0,60019.37,0.0,3.0
9435107,13.0,157.0,37.0,Male,2.0,85522.56,6.0,9.0
7744808,5.0,70.0,55.5,Unknown,2.0,47770.21,0.0,3.0
1373659,4.0,59.0,22.5,Unknown,2.0,38576.31,1.0,4.0
6497909,6.0,82.0,54.0,Unknown,2.0,67261.17,2.0,5.0
2798922,10.0,131.0,28.0,Male,2.0,81463.04000000001,4.0,7.0
7649485,8.0,106.0,48.0,Female,2.0,88149.86,2.0,5.0
903350,4.0,58.0,28.5,Unknown,3.0,54632.81,4.0,7.0
2634727,4.0,57.0,62.5,Unknown,2.0,81970.69,1.0,4.0
5128516,12.0,147.0,46.0,Female,2.0,100292.28,5.0,8.0
9413627,7.0,95.0,47.5,Unknown,2.0,88686.20999999999,2.0,5.0
5817527,11.0,142.0,53.5,Male,2.0,29283.43,2.0,5.0
9888660,23.0,282.0,42.5,Female,3.0,83688.57,2.0,5.0
1620011,24.0,297.0,62.5,Male,3.0,56161.86,6.0,9.0
2230091,23.0,281.0,75.0,Male,2.0,65217.75,2.0,5.0
9462213,22.0,273.0,67.5,Male,3.0,44651.2,0.0,3.0
3595833,21.0,263.0,44.0,Male,3.0,93870.98,6.0,9.0
3216395,18.0,219.0,67.0,Female,2.0,151703.97999999998,2.0,5.0
8327432,17.0,204.0,35.5,Female,2.0,61496.22,0.0,3.0
6379996,4.0,58.0,20.5,Unknown,2.0,37404.91,6.0,9.0
8852723,5.0,66.0,45.0,Female,2.0,30989.27,1.0,4.0
8619982,4.0,58.0,29.5,Unknown,3.0,54456.82,3.0,6.0
2567369,15.0,189.0,64.0,Female,2.0,110850.52,6.0,9.0
4712123,15.0,191.0,43.5,Male,2.0,56346.41,6.0,9.0
7748462,31.0,379.0,60.5,Female,2.0,26449.91,3.0,6.0
5609697,14.0,175.0,62.5,Female,2.0,71822.88,0.0,3.0
7642299,5.0,65.0,30.5,Unknown,3.0,130189.91,3.0,6.0
3214041,21.0,253.0,51.0,Male,2.0,196283.52,4.0,7.0
9132456,8.0,103.0,21.0,Unknown,3.0,38881.51,1.0,4.0
4511257,7.0,85.0,57.5,Male,2.0,834978.0,6.0,9.0
511378,8.0,102.0,56.0,Unknown,2.0,44591.82,1.0,4.0
1016073,11.0,142.0,37.5,Male,2.0,41100.55,5.0,8.0
2489713,16.0,202.0,40.5,Male,2.0,182865.77,6.0,9.0
4055142,28.0,337.0,56.0,Male,2.0,1046179.39,3.0,6.0
3790210,4.0,59.0,61.5,Unknown,3.0,142268.05,1.0,5.0
8820443,5.0,69.0,26.0,Male,3.0,48612.23,6.0,9.0
3780395,11.0,142.0,28.5,Female,2.0,65286.65,5.0,8.0
3751108,12.0,145.0,33.0,Female,2.0,59940.8,0.0,3.0
5589091,6.0,72.0,68.5,Unknown,2.0,32574.06,2.0,5.0
2486266,9.0,116.0,28.0,Male,2.0,31784.65,1.0,4.0
6313827,6.0,73.0,26.0,Female,3.0,75452.91,6.0,9.0
2302930,6.0,72.0,61.5,Unknown,3.0,76440.28,5.0,8.0
5601826,5.0,61.0,44.5,Unknown,3.0,51985.78,1.0,4.0
3974297,4.0,59.0,59.0,Unknown,2.0,37240.63,3.0,6.0
7899530,9.0,118.0,54.5,Female,2.0,65537.18,4.0,7.0
8418536,6.0,78.0,43.5,Unknown,4.0,88868.95999999999,6.0,9.0
608431,7.0,85.0,48.5,Unknown,3.0,107879.69,1.0,4.0
1908819,10.0,130.0,23.0,Male,2.0,48229.89,0.0,4.0
277560,4.0,58.0,60.0,Unknown,2.0,24599.53,1.0,4.0
2711563,6.0,78.0,28.0,Unknown,4.0,214901.33,6.0,9.0
9824394,6.0,79.0,59.5,Unknown,2.0,52029.07,1.0,4.0
7101274,15.0,189.0,51.5,Female,2.0,118806.73,1.0,4.0
5685942,6.0,73.0,27.5,Unknown,2.0,50261.28,2.0,5.0
53126,6.0,73.0,37.5,Unknown,2.0,74616.14,1.0,4.0
3609320,6.0,82.0,39.5,Unknown,3.0,83263.87,0.0,3.0
1659273,9.0,115.0,47.5,Female,2.0,147464.47999999998,2.0,5.0
6978834,14.0,177.0,58.0,Female,2.0,434927.3,0.0,3.0
3539967,9.0,113.0,24.5,Male,2.0,97658.4,3.0,6.0
8347678,7.0,92.0,66.5,Unknown,2.0,70797.15,0.0,5.0
6331387,15.0,184.0,33.5,Male,2.0,59976.48,6.0,9.0
5429906,14.0,169.0,61.5,Female,3.0,608575.04,5.0,9.0
4582528,10.0,123.0,29.0,Male,4.0,132458.09999999998,6.0,9.0
9593457,9.0,118.0,29.0,Female,2.0,39240.53,2.0,5.0
2291193,13.0,162.0,28.0,Male,2.0,29294.54,3.0,6.0
2442976,24.0,288.0,66.0,Female,3.0,548050.22,6.0,9.0
861392,23.0,287.0,51.0,Male,5.0,829011.74,6.0,9.0
6561991,21.0,260.0,66.5,Female,3.0,28799.49,1.0,4.0
2263719,21.0,260.0,28.0,Male,3.0,30104.48,1.0,4.0
1257039,21.0,254.0,62.0,Female,2.0,36283.39,6.0,9.0
6806729,21.0,253.0,50.0,Male,3.0,1062372.69,6.0,9.0
9497217,20.0,246.0,51.0,Female,2.0,29545.51,1.0,4.0
2148617,19.0,232.0,69.0,Male,2.0,210572.67,6.0,9.0
8616579,18.0,227.0,49.5,Female,3.0,199158.36,3.0,6.0
1991344,17.0,213.0,59.5,Male,2.0,104213.44,3.0,6.0
2629473,16.0,199.0,60.5,Female,3.0,25807.46,0.0,3.0
6482354,12.0,154.0,39.5,Male,3.0,302210.71,3.0,6.0
7926202,19.0,239.0,69.0,Female,2.0,291785.19,2.0,5.0
2000476,15.0,182.0,52.0,Unknown,2.0,43224.17,3.0,6.0
47571,5.0,68.0,25.5,Unknown,2.0,61967.39,3.0,6.0
6367474,10.0,120.0,40.5,Male,3.0,115972.03,6.0,9.0
5873730,33.0,399.0,65.5,Male,2.0,102987.91,5.0,8.0
1244995,15.0,189.0,59.5,Male,2.0,45152.05,5.0,8.0
838584,12.0,150.0,62.5,Male,2.0,27408.7,4.0,7.0
1587010,6.0,73.0,61.0,Unknown,2.0,67109.19,6.0,9.0
9145797,12.0,152.0,46.0,Female,2.0,35232.71,0.0,3.0
6429217,5.0,70.0,28.0,Unknown,2.0,30091.2,6.0,9.0
3190981,20.0,249.0,66.5,Unknown,2.0,110027.08,1.0,4.0
6234376,10.0,126.0,26.5,Male,2.0,47077.64,6.0,9.0
9948339,12.0,145.0,62.5,Male,2.0,157709.40999999997,6.0,9.0
579564,15.0,190.0,82.0,Female,3.0,167273.40999999997,0.0,3.0
7552835,4.0,58.0,33.0,Unknown,2.0,35903.57,2.0,5.0
781306,28.0,337.0,31.0,Female,2.0,171925.71999999997,3.0,6.0
3194331,5.0,69.0,25.5,Unknown,2.0,27423.97,3.0,6.0
3008682,13.0,162.0,52.0,Unknown,2.0,139915.34,4.0,7.0
8020746,8.0,107.0,57.0,Male,2.0,79003.84,3.0,6.0
1221736,4.0,58.0,33.0,Female,2.0,45506.85,1.0,4.0
3145820,6.0,81.0,61.0,Unknown,2.0,63465.59,3.0,6.0
982290,14.0,178.0,29.0,Male,2.0,56642.93,2.0,5.0
2333654,14.0,168.0,64.0,Female,2.0,38048.52,1.0,4.0
4139445,5.0,66.0,41.5,Female,2.0,44989.06,0.0,3.0
1118542,5.0,67.0,28.5,Unknown,2.0,42377.98,6.0,9.0
533091,14.0,168.0,39.5,Male,2.0,83764.45,3.0,6.0
9914297,13.0,164.0,33.5,Male,2.0,204420.79,6.0,9.0
4286848,8.0,106.0,24.0,Male,3.0,108166.89,6.0,9.0
5504348,8.0,99.0,82.0,Unknown,2.0,79124.01,2.0,5.0
653009,6.0,83.0,24.5,Unknown,2.0,33096.53,6.0,9.0
9749751,8.0,98.0,55.5,Male,2.0,496743.75,0.0,3.0
789355,15.0,181.0,43.0,Female,2.0,34118.369999999995,0.0,3.0
568759,15.0,185.0,35.0,Female,2.0,106024.87,4.0,7.0
3751035,5.0,71.0,35.5,Unknown,2.0,60193.95,5.0,8.0
3989683,27.0,330.0,55.5,Female,2.0,29162.84,1.0,4.0
5519791,6.0,74.0,55.0,Unknown,2.0,65054.44,0.0,3.0
5124906,7.0,90.0,52.0,Unknown,2.0,28735.7,2.0,5.0
7198818,9.0,114.0,52.5,Male,2.0,299924.64,4.0,7.0
462910,10.0,131.0,28.5,Male,3.0,109915.15,3.0,6.0
9335590,12.0,154.0,64.0,Female,2.0,35607.19,0.0,3.0
6617613,27.0,328.0,66.5,Female,2.0,71233.45,3.0,6.0
9571177,14.0,168.0,51.0,Female,2.0,43879.8,2.0,5.0
7151761,23.0,286.0,74.5,Female,2.0,97281.93,6.0,9.0
8143287,22.0,265.0,45.5,Unknown,3.0,386113.79,1.0,4.0
3424200,21.0,263.0,73.5,Male,3.0,275674.99,6.0,9.0
7145951,20.0,243.0,35.5,Male,3.0,90066.48,6.0,9.0
2528613,17.0,215.0,39.5,Male,3.0,109396.51,6.0,9.0
1884538,17.0,205.0,36.5,Female,2.0,170339.15000000002,3.0,6.0
3367491,6.0,82.0,60.0,Unknown,2.0,292754.87,6.0,9.0
4196075,7.0,85.0,73.5,Unknown,2.0,174103.57,3.0,6.0
4534338,13.0,157.0,67.0,Female,2.0,405511.23,2.0,5.0
9651131,8.0,98.0,39.0,Male,2.0,175013.82,0.0,3.0
3789108,16.0,194.0,57.0,Female,3.0,74005.51999999999,2.0,5.0
3648568,6.0,74.0,31.0,Unknown,2.0,52873.92999999999,2.0,5.0
4647786,11.0,142.0,29.5,Female,3.0,50662.24,1.0,4.0
5916405,7.0,86.0,60.5,Unknown,2.0,56712.37,0.0,3.0
990815,6.0,83.0,63.5,Male,2.0,47641.51,2.0,5.0
1668481,8.0,97.0,78.0,Unknown,2.0,186704.05,5.0,8.0
4769297,7.0,93.0,24.5,Unknown,2.0,29721.37,0.0,3.0
8409208,5.0,70.0,31.0,Unknown,2.0,49536.35,1.0,4.0
648890,14.0,170.0,40.5,Male,2.0,80917.91,1.0,4.0
5689380,4.0,59.0,21.0,Unknown,2.0,27433.44,3.0,6.0
7862246,11.0,142.0,30.5,Male,2.0,31877.57,2.0,5.0
1551298,4.0,49.0,59.0,Male,2.0,243817.75,1.0,5.0
1754180,11.0,143.0,30.0,Male,3.0,47318.25,1.0,4.0
4959195,16.0,195.0,35.5,Female,2.0,47453.96,2.0,5.0
306459,6.0,75.0,29.5,Unknown,2.0,52233.55,2.0,5.0
1987034,11.0,137.0,56.0,Female,2.0,58148.48,2.0,5.0
5147136,4.0,58.0,42.5,Unknown,2.0,37547.92,0.0,3.0
9159331,16.0,192.0,33.5,Male,2.0,31065.95,2.0,5.0
8578147,13.0,167.0,49.5,Female,2.0,153346.39,1.0,4.0
8121579,12.0,155.0,70.0,Female,3.0,83068.65,2.0,5.0
7570481,5.0,71.0,41.0,Unknown,2.0,31334.94,1.0,4.0
4563042,4.0,58.0,45.0,Male,2.0,30344.57,2.0,5.0
5772912,7.0,90.0,27.0,Unknown,2.0,39363.78,0.0,3.0
1031601,11.0,143.0,50.0,Unknown,2.0,72498.57,0.0,3.0
3987031,5.0,68.0,19.0,Unknown,2.0,27351.54,0.0,3.0
2574005,5.0,65.0,62.5,Unknown,2.0,153535.03,6.0,9.0
9120871,7.0,84.0,45.0,Female,3.0,58282.11,6.0,9.0
1611437,9.0,118.0,61.0,Male,2.0,55182.03999999999,5.0,8.0
1304240,14.0,172.0,58.0,Male,2.0,101362.1,2.0,5.0
8752019,5.0,68.0,31.5,Unknown,2.0,72626.48,2.0,5.0
1132034,11.0,135.0,70.0,Female,2.0,55931.0,3.0,6.0
7452889,7.0,84.0,20.0,Unknown,2.0,32586.93,2.0,5.0
2019076,6.0,75.0,32.0,Unknown,2.0,60308.7,2.0,5.0
7525142,12.0,145.0,67.5,Female,2.0,344336.7,4.0,7.0
6910518,4.0,59.0,26.0,Unknown,2.0,33510.66,6.0,9.0
1201552,14.0,178.0,61.5,Male,2.0,62635.08,1.0,4.0
8470441,7.0,90.0,25.5,Unknown,2.0,53930.88,5.0,8.0
7035749,6.0,77.0,66.0,Unknown,2.0,126990.45,2.0,5.0
4246898,6.0,77.0,25.5,Unknown,2.0,73855.45,6.0,9.0
6005999,4.0,56.0,61.5,Unknown,2.0,32846.95,2.0,5.0
7190906,24.0,294.0,59.5,Female,3.0,381607.43,6.0,9.0
8685358,22.0,264.0,36.5,Female,2.0,141786.16,0.0,3.0
9945499,21.0,259.0,31.0,Female,3.0,161113.94,5.0,8.0
5001831,48.0,576.0,42.0,Female,2.0,67301.31,0.0,3.0
856961,21.0,253.0,72.5,Male,4.0,1628981.94,4.0,8.0
7807175,21.0,253.0,45.0,Female,3.0,178460.2,0.0,3.0
8656602,19.0,230.0,26.0,Female,3.0,55375.87,3.0,6.0
2974446,18.0,222.0,62.5,Male,2.0,296809.28,0.0,4.0
6459092,6.0,82.0,53.5,Male,3.0,422230.89,6.0,9.0
8091872,11.0,140.0,56.0,Male,2.0,80376.04999999999,0.0,3.0
7904644,7.0,95.0,24.5,Unknown,2.0,42495.44,0.0,3.0
4097959,5.0,70.0,53.0,Unknown,2.0,52816.33,1.0,4.0
7018685,13.0,162.0,68.0,Male,3.0,1450529.91,3.0,6.0
5410113,11.0,134.0,28.5,Male,2.0,58632.55,0.0,3.0
1839130,31.0,379.0,59.0,Unknown,5.0,1356453.72,4.0,7.0
3993467,21.0,253.0,40.5,Male,2.0,414229.33,6.0,9.0
179027,7.0,94.0,35.0,Unknown,3.0,158064.33000000002,2.0,5.0
7487451,13.0,160.0,49.5,Female,2.0,66148.59,4.0,7.0
7023374,16.0,193.0,53.0,Male,2.0,180108.82,6.0,9.0
5773000,26.0,323.0,61.0,Male,2.0,49322.96,1.0,4.0
5515078,4.0,57.0,24.0,Unknown,2.0,33733.67,2.0,5.0
3660479,15.0,188.0,59.5,Male,3.0,310671.22,6.0,9.0
1777983,2.0,34.0,44.5,Unknown,2.0,32798.8,1.0,4.0
4063057,26.0,312.0,55.5,Female,2.0,134457.27000000002,2.0,6.0
7305811,15.0,182.0,40.5,Male,2.0,74267.89,0.0,3.0
4818382,13.0,166.0,22.5,Male,2.0,36759.25,1.0,4.0
2745626,12.0,150.0,38.5,Female,2.0,110352.01,5.0,8.0
1727347,14.0,172.0,33.5,Female,2.0,123500.65,0.0,3.0
7048275,14.0,177.0,39.0,Female,2.0,36829.39,6.0,9.0
8902305,6.0,77.0,45.0,Unknown,2.0,59967.76,3.0,6.0
7534562,8.0,103.0,50.0,Unknown,2.0,217690.84000000003,0.0,3.0
8738777,33.0,405.0,52.0,Male,2.0,311916.27,0.0,3.0
400613,13.0,160.0,53.0,Male,2.0,25855.75,6.0,9.0
5839232,6.0,81.0,28.5,Unknown,3.0,94360.24,6.0,9.0
6272438,14.0,174.0,28.0,Unknown,2.0,45235.78,1.0,4.0
1461698,10.0,130.0,36.5,Female,2.0,75671.51,6.0,9.0
5409213,9.0,109.0,34.5,Female,2.0,27081.77,0.0,3.0
190001,5.0,63.0,55.5,Unknown,2.0,30084.5,6.0,9.0
2059285,14.0,169.0,43.5,Male,2.0,96657.12,3.0,6.0
9118253,8.0,96.0,37.5,Unknown,2.0,80117.95,1.0,4.0
5694801,37.0,446.0,43.0,Female,2.0,31261.65,1.0,4.0
7884103,4.0,51.0,69.0,Unknown,2.0,37994.61,3.0,6.0
6350803,16.0,202.0,62.0,Female,2.0,95641.84,1.0,4.0
3750488,12.0,150.0,34.5,Male,2.0,51819.97,1.0,4.0
7713343,14.0,169.0,55.5,Male,2.0,158822.56,1.0,4.0
7006478,5.0,67.0,59.5,Female,2.0,711986.4600000001,3.0,6.0
2288009,7.0,85.0,41.5,Unknown,2.0,23941.27,0.0,3.0
9551824,11.0,136.0,33.5,Male,2.0,41961.87,1.0,4.0
9373489,13.0,160.0,58.5,Male,3.0,77398.1,5.0,8.0
934487,15.0,189.0,69.5,Male,2.0,772624.77,6.0,9.0
3815207,8.0,96.0,53.0,Unknown,4.0,357934.62,6.0,9.0
4389814,23.0,281.0,56.0,Female,2.0,177733.34000000003,3.0,6.0
2983073,22.0,264.0,45.0,Female,3.0,45314.92999999999,0.0,3.0
2188972,21.0,262.0,49.0,Female,2.0,322473.45,1.0,4.0
2413649,18.0,216.0,43.5,Male,2.0,25999.88,3.0,6.0
5251466,13.0,167.0,47.5,Male,2.0,47472.63,0.0,3.0
9517540,20.0,246.0,72.5,Male,2.0,100710.15,3.0,6.0
896369,12.0,154.0,31.5,Male,2.0,135637.47999999998,6.0,9.0
7723151,8.0,97.0,61.0,Unknown,2.0,35898.21,3.0,6.0
9025521,17.0,213.0,42.0,Male,2.0,88456.58,0.0,3.0
9038980,27.0,324.0,54.0,Male,2.0,83380.47,6.0,9.0
4429037,6.0,75.0,68.0,Unknown,2.0,138693.31,2.0,5.0
3134431,15.0,189.0,37.5,Female,3.0,56541.95,0.0,3.0
1224405,11.0,142.0,33.0,Male,2.0,45750.33,2.0,5.0
2081195,4.0,58.0,30.0,Unknown,2.0,31951.22,3.0,6.0
5697206,32.0,391.0,50.5,Female,3.0,126323.68,6.0,9.0
3136483,6.0,78.0,26.0,Unknown,2.0,60007.37,6.0,9.0
2530226,5.0,70.0,34.5,Unknown,2.0,26448.26,4.0,7.0
6273640,6.0,75.0,31.5,Unknown,2.0,47680.84,2.0,5.0
962487,10.0,126.0,60.0,Female,2.0,59213.74,3.0,6.0
1647261,12.0,152.0,33.0,Female,2.0,84769.7,2.0,5.0
2038595,7.0,94.0,28.0,Unknown,2.0,27069.88,0.0,3.0
9297863,13.0,161.0,63.0,Female,2.0,67224.09,2.0,5.0
228758,13.0,163.0,48.0,Female,2.0,65634.69,6.0,9.0
1581585,14.0,175.0,51.5,Female,2.0,149445.21,6.0,9.0
798202,12.0,152.0,33.5,Female,4.0,110752.12,3.0,6.0
885564,5.0,69.0,50.5,Unknown,2.0,62892.49,3.0,6.0
6985677,6.0,80.0,29.5,Unknown,2.0,47619.45,6.0,9.0
4770789,9.0,108.0,52.5,Female,2.0,25990.13,2.0,5.0
6032718,9.0,109.0,53.5,Male,2.0,80043.44,6.0,9.0
7389972,14.0,178.0,36.5,Female,2.0,92544.81,2.0,5.0
9876208,13.0,158.0,33.5,Female,2.0,88082.03,0.0,3.0
8872815,5.0,69.0,26.5,Unknown,2.0,196246.2,1.0,4.0
7348583,6.0,77.0,55.0,Unknown,2.0,57687.62,0.0,3.0
1529671,5.0,69.0,30.5,Male,2.0,38820.75,2.0,5.0
7657499,10.0,125.0,39.5,Female,2.0,54007.56,6.0,9.0
9140349,5.0,69.0,27.5,Unknown,2.0,45901.34,6.0,9.0
5949557,14.0,172.0,65.0,Female,3.0,240200.94,6.0,9.0
50185,5.0,71.0,45.0,Unknown,2.0,37936.41,0.0,3.0
1151093,12.0,150.0,56.5,Female,2.0,44782.16,3.0,6.0
3329286,5.0,60.0,23.0,Unknown,3.0,28469.03,2.0,5.0
2046679,10.0,121.0,34.0,Female,2.0,86699.16,1.0,5.0
8760347,12.0,154.0,32.5,Male,2.0,162250.52000000002,5.0,8.0
5523503,16.0,195.0,48.0,Male,2.0,445682.19,3.0,6.0
8755669,7.0,85.0,32.0,Unknown,2.0,36321.55,1.0,4.0
1867524,15.0,189.0,42.5,Male,2.0,175633.40000000002,5.0,8.0
9988980,5.0,71.0,34.0,Male,3.0,82111.04999999999,1.0,5.0
4628731,10.0,129.0,42.5,Male,2.0,39498.58,3.0,6.0
7048362,5.0,64.0,36.5,Unknown,2.0,38596.53,0.0,3.0
3052488,24.0,294.0,53.5,Female,2.0,37244.77,2.0,6.0
5492897,23.0,285.0,48.5,Male,5.0,1969176.66,5.0,8.0
6935890,36.0,434.0,47.0,Male,3.0,979901.9,1.0,4.0
2996318,5.0,60.0,53.5,Unknown,2.0,96951.27,6.0,9.0
5635878,13.0,165.0,57.0,Female,2.0,71129.19,0.0,3.0
5673075,5.0,66.0,52.0,Unknown,2.0,208806.1,6.0,9.0
8271685,15.0,182.0,26.5,Male,3.0,39608.53,2.0,5.0
200308,5.0,60.0,24.0,Male,2.0,57203.1,3.0,6.0
7421715,14.0,168.0,68.0,Female,2.0,79433.04000000001,0.0,3.0
1199036,8.0,107.0,34.5,Male,3.0,38741.69,5.0,8.0
3460330,21.0,252.0,46.5,Female,2.0,48612.4,1.0,4.0
5119457,5.0,66.0,25.5,Unknown,2.0,45339.61,3.0,6.0
2124042,5.0,65.0,40.0,Unknown,2.0,215377.59000000003,4.0,7.0
743572,8.0,107.0,45.0,Female,2.0,94293.06,6.0,9.0
9489722,8.0,106.0,48.0,Female,2.0,70603.17,3.0,6.0
3672046,5.0,67.0,78.0,Unknown,2.0,90948.66,0.0,3.0
9582771,15.0,190.0,52.0,Male,2.0,107056.42,0.0,3.0
7043743,4.0,59.0,29.5,Unknown,3.0,97143.07,6.0,9.0
9271462,12.0,152.0,44.0,Female,2.0,62141.29,1.0,4.0
8877446,6.0,79.0,30.0,Unknown,2.0,50601.39,1.0,4.0
1908654,14.0,176.0,40.5,Female,2.0,76414.47,0.0,3.0
9059406,15.0,189.0,49.5,Female,2.0,51222.25,0.0,3.0
9653521,7.0,86.0,29.5,Unknown,2.0,66973.31,5.0,8.0
7375132,15.0,183.0,40.5,Female,2.0,41674.61,0.0,3.0
4332483,5.0,70.0,28.5,Unknown,2.0,52741.27,6.0,9.0
5836349,5.0,67.0,25.5,Unknown,2.0,54146.6,6.0,9.0
2945260,6.0,79.0,21.0,Unknown,2.0,28749.6,2.0,5.0
1260052,12.0,153.0,65.0,Male,2.0,99803.25,6.0,9.0
4384189,4.0,59.0,48.5,Unknown,2.0,29033.79,1.0,4.0
455278,14.0,175.0,35.0,Unknown,2.0,36362.77,2.0,5.0
407759,21.0,253.0,62.0,Male,2.0,79766.32,5.0,8.0
6400888,11.0,137.0,46.5,Male,2.0,31741.83,4.0,7.0
390635,6.0,82.0,55.0,Unknown,3.0,45986.5,2.0,5.0
531099,12.0,144.0,57.0,Male,2.0,117487.6,6.0,9.0
2741618,6.0,73.0,22.0,Unknown,2.0,79013.18,2.0,5.0
390511,10.0,127.0,29.0,Female,2.0,94182.99,5.0,8.0
9132831,12.0,154.0,36.0,Female,2.0,39725.11,0.0,3.0
8750220,5.0,65.0,33.5,Unknown,3.0,70886.73,2.0,5.0
8049489,21.0,253.0,55.0,Male,2.0,49319.89,1.0,4.0
9537818,6.0,73.0,60.0,Unknown,2.0,83130.73,6.0,9.0
4020274,5.0,68.0,30.5,Male,3.0,36934.74,6.0,9.0
5819627,14.0,179.0,48.5,Female,2.0,215288.22,6.0,9.0
6867009,12.0,146.0,30.0,Female,2.0,54049.37,6.0,9.0
8392925,14.0,179.0,32.0,Male,2.0,45367.83,0.0,3.0
2931528,14.0,168.0,20.5,Female,3.0,129346.95,2.0,5.0
950138,5.0,70.0,21.5,Unknown,3.0,73912.62,5.0,8.0
7261620,5.0,60.0,55.5,Male,3.0,63982.92,5.0,8.0
4762952,15.0,185.0,36.0,Female,2.0,48139.02,0.0,3.0
6653427,23.0,282.0,52.5,Female,3.0,561725.24,5.0,8.0
8409579,22.0,269.0,69.5,Male,3.0,492859.52,6.0,9.0
6537726,21.0,255.0,47.0,Female,2.0,134393.38,1.0,4.0
5646257,19.0,239.0,54.0,Male,3.0,286473.12,2.0,5.0
8974088,19.0,229.0,26.0,Male,2.0,95543.03,6.0,9.0
6757513,4.0,58.0,32.5,Unknown,3.0,49352.46,4.0,7.0
8535057,14.0,171.0,39.0,Female,2.0,122622.34,4.0,7.0
9740309,6.0,72.0,23.0,Unknown,2.0,45966.58,6.0,9.0
5440001,5.0,60.0,29.5,Female,2.0,28068.05,1.0,4.0
1935963,5.0,64.0,19.5,Unknown,2.0,29954.12,3.0,6.0
3423515,4.0,59.0,26.5,Unknown,2.0,51099.95,2.0,5.0
5138803,11.0,137.0,62.0,Female,2.0,24534.63,1.0,4.0
524510,17.0,213.0,51.5,Female,2.0,42695.52,2.0,5.0
2639289,21.0,253.0,43.0,Male,2.0,27620.45,6.0,9.0
2866912,7.0,94.0,59.5,Unknown,2.0,29741.18,6.0,9.0
3300768,15.0,189.0,45.0,Male,2.0,34944.259999999995,2.0,5.0
2652744,10.0,131.0,76.0,Male,2.0,98632.07,3.0,6.0
777998,5.0,64.0,65.5,Male,2.0,247871.55,3.0,6.0
9622309,11.0,143.0,68.0,Male,2.0,119053.93,0.0,4.0
6090076,4.0,56.0,35.5,Unknown,2.0,89277.72,2.0,5.0
9740330,14.0,179.0,76.5,Female,2.0,30597.8,3.0,6.0
8453877,15.0,189.0,46.5,Female,2.0,66663.37,6.0,9.0
3296880,13.0,161.0,44.0,Male,2.0,24765.25,0.0,3.0
2703469,7.0,92.0,66.5,Male,2.0,864850.91,1.0,5.0
3372286,5.0,60.0,49.0,Unknown,2.0,59893.8,6.0,9.0
5022082,7.0,87.0,50.5,Unknown,3.0,56040.41,1.0,4.0
4242638,8.0,97.0,25.5,Unknown,2.0,33303.6,2.0,5.0
454749,5.0,71.0,61.5,Male,3.0,128156.3,5.0,8.0
9365643,9.0,115.0,57.0,Female,2.0,37261.15,4.0,7.0
4548464,12.0,152.0,59.5,Female,2.0,38115.87,4.0,7.0
7051206,7.0,88.0,66.0,Unknown,2.0,80912.54000000001,2.0,5.0
6257035,5.0,65.0,57.0,Female,2.0,247787.06,1.0,5.0
6850660,23.0,285.0,73.5,Male,3.0,227414.85,6.0,9.0
2756823,23.0,276.0,47.0,Female,2.0,563752.42,6.0,9.0
2984358,21.0,262.0,43.5,Male,2.0,408596.19,6.0,9.0
6374646,20.0,245.0,56.0,Female,2.0,32165.22,0.0,4.0
9203677,22.0,273.0,56.0,Female,4.0,228383.01,6.0,9.0
6084390,19.0,228.0,64.0,Male,2.0,38598.16,6.0,9.0
918996,17.0,211.0,47.5,Male,2.0,210717.37,6.0,9.0
1770959,6.0,81.0,62.5,Unknown,2.0,63717.69,5.0,8.0
3871675,4.0,55.0,47.0,Unknown,2.0,38879.09,1.0,4.0
5256566,6.0,79.0,19.5,Unknown,2.0,31139.19,2.0,5.0
8053397,5.0,68.0,43.0,Unknown,2.0,48749.11,1.0,4.0
8324376,15.0,183.0,35.5,Male,2.0,43130.96,1.0,4.0
5408208,14.0,178.0,34.0,Female,2.0,80842.04999999999,2.0,5.0
6906248,14.0,171.0,37.5,Male,3.0,622422.17,5.0,8.0
1956756,12.0,151.0,35.0,Female,2.0,30547.59,0.0,3.0
6317042,12.0,150.0,54.0,Female,2.0,59249.01,3.0,6.0
6593778,4.0,59.0,53.0,Unknown,2.0,37193.54,1.0,4.0
9419464,7.0,92.0,39.5,Unknown,2.0,29664.46,1.0,4.0
2539571,12.0,152.0,29.5,Female,2.0,80573.58,6.0,9.0
92864,4.0,58.0,28.0,Unknown,2.0,29388.53,0.0,3.0
6743414,10.0,124.0,58.5,Female,2.0,103660.98,0.0,3.0
6972161,4.0,59.0,26.5,Unknown,3.0,32478.07,0.0,3.0
6957997,50.0,608.0,85.0,Female,3.0,275116.19,2.0,5.0
2244492,6.0,73.0,24.0,Unknown,2.0,37463.24,2.0,5.0
5809893,28.0,340.0,82.0,Female,4.0,357679.83,4.0,7.0
5031582,9.0,110.0,67.5,Male,2.0,183529.2,6.0,9.0
9565543,7.0,84.0,26.5,Unknown,2.0,51258.26,3.0,6.0
6450029,7.0,90.0,56.0,Unknown,2.0,35643.649999999994,0.0,3.0
1147028,5.0,70.0,25.5,Unknown,3.0,49062.65,1.0,4.0
1987287,5.0,66.0,31.0,Unknown,2.0,40617.73,3.0,6.0
2894519,13.0,160.0,32.0,Unknown,3.0,83968.68,3.0,7.0
8221479,15.0,188.0,50.5,Female,2.0,100438.2,1.0,4.0
7271160,7.0,92.0,66.0,Unknown,2.0,51429.36,2.0,5.0
7358002,10.0,128.0,49.5,Unknown,2.0,73045.34,1.0,4.0
2860327,6.0,79.0,54.0,Unknown,2.0,121975.58,1.0,4.0
7724739,13.0,159.0,38.5,Female,2.0,54508.22,3.0,6.0
2230064,27.0,327.0,67.0,Male,3.0,29269.3,1.0,4.0
872869,10.0,131.0,42.0,Female,2.0,67704.73,0.0,3.0
3695707,6.0,77.0,50.0,Unknown,2.0,64602.49,6.0,9.0
8164122,11.0,143.0,71.0,Male,2.0,117353.91,6.0,9.0
1096880,13.0,157.0,33.0,Male,2.0,45569.55,1.0,4.0
8625604,12.0,149.0,56.5,Male,3.0,157871.02999999997,6.0,9.0
9545728,27.0,330.0,66.5,Male,2.0,338724.41,6.0,9.0
6927122,5.0,71.0,65.0,Unknown,2.0,515358.45,4.0,7.0
5878107,6.0,83.0,34.0,Unknown,2.0,45386.89,1.0,4.0
4431912,16.0,197.0,76.0,Female,2.0,56126.28,6.0,9.0
19813,14.0,168.0,65.0,Female,2.0,31462.06,0.0,3.0
4023916,23.0,283.0,44.5,Male,2.0,65231.59,4.0,7.0
1728846,23.0,277.0,52.5,Male,3.0,133179.66999999998,2.0,5.0
7839644,21.0,258.0,61.5,Male,2.0,58777.93,1.0,4.0
4035754,18.0,217.0,32.0,Male,3.0,406514.66,3.0,6.0
3298212,17.0,204.0,77.0,Male,2.0,97904.61,6.0,9.0
7390560,6.0,82.0,34.5,Unknown,2.0,60997.54,4.0,7.0
986278,7.0,89.0,58.5,Unknown,2.0,56297.25,2.0,5.0
3506232,13.0,167.0,46.0,Male,2.0,44226.41,1.0,4.0
5870916,29.0,358.0,33.5,Male,3.0,145813.19,6.0,9.0
6797470,12.0,147.0,30.0,Male,2.0,121327.36,6.0,9.0
8801947,3.0,47.0,63.0,Male,2.0,582472.4700000001,6.0,9.0
2821267,8.0,106.0,57.5,Unknown,3.0,316231.02,1.0,4.0
8421513,8.0,105.0,60.0,Female,2.0,96427.71,2.0,5.0
4547915,8.0,97.0,33.0,Unknown,2.0,40801.55,2.0,5.0
4971428,14.0,173.0,67.5,Male,2.0,1043968.8,1.0,4.0
2802782,12.0,152.0,30.0,Female,2.0,31194.29,2.0,5.0
4101005,23.0,277.0,44.5,Male,2.0,328348.97,0.0,3.0
9717875,11.0,137.0,60.5,Female,2.0,794652.99,6.0,9.0
1023056,9.0,118.0,44.0,Female,2.0,54857.63,1.0,4.0
7272223,7.0,94.0,27.5,Unknown,2.0,39669.78,2.0,5.0
7851212,14.0,175.0,69.5,Male,2.0,71654.42,3.0,6.0
657800,10.0,127.0,46.5,Male,2.0,40411.32,1.0,4.0
7128566,10.0,122.0,69.5,Female,3.0,88000.2,4.0,7.0
7041791,5.0,61.0,31.0,Unknown,2.0,45870.33,1.0,4.0
78720,5.0,65.0,32.0,Unknown,2.0,36404.37,2.0,5.0
7075953,16.0,192.0,50.5,Male,2.0,81328.62,2.0,5.0
5485527,27.0,335.0,80.0,Male,2.0,375450.52,6.0,9.0
6813398,15.0,190.0,41.5,Male,3.0,638984.01,6.0,9.0
6694931,15.0,180.0,59.0,Unknown,2.0,123559.09,0.0,3.0
6667040,10.0,122.0,45.0,Male,4.0,359796.44,3.0,6.0
6925610,18.0,226.0,55.0,Male,2.0,38018.75,2.0,5.0
7518703,4.0,59.0,28.0,Unknown,2.0,53264.96,0.0,3.0
3098068,6.0,82.0,32.0,Unknown,2.0,39065.31,1.0,4.0
4502570,9.0,109.0,53.0,Female,2.0,24125.61,0.0,3.0
320786,6.0,74.0,70.5,Unknown,2.0,32743.74,1.0,4.0
924580,3.0,42.0,45.0,Male,2.0,74015.13,0.0,3.0
5310212,6.0,78.0,65.5,Unknown,2.0,984422.59,0.0,3.0
9985791,8.0,100.0,71.0,Unknown,2.0,64287.88,1.0,4.0
1213845,29.0,359.0,66.5,Female,2.0,111818.52,4.0,7.0
8864633,6.0,72.0,26.0,Female,2.0,45960.53,2.0,5.0
5579963,14.0,172.0,42.0,Female,2.0,31248.48,6.0,9.0
171971,9.0,115.0,23.5,Male,2.0,36990.24,0.0,3.0
4080079,15.0,191.0,57.0,Male,2.0,66479.82,1.0,4.0
9648714,6.0,79.0,56.5,Unknown,2.0,53052.16,3.0,6.0
7964421,8.0,106.0,51.5,Male,2.0,55189.7,1.0,4.0
8835436,12.0,154.0,58.0,Female,3.0,87593.68,3.0,6.0
9605796,5.0,71.0,62.5,Unknown,2.0,38981.21,6.0,9.0
4070311,15.0,183.0,55.5,Female,2.0,89160.44,0.0,3.0
3682990,4.0,58.0,43.0,Unknown,2.0,57159.85,1.0,4.0
8869149,23.0,277.0,55.0,Female,2.0,90738.99,3.0,6.0
5960735,23.0,277.0,52.0,Male,2.0,125874.27,2.0,5.0
5595019,22.0,274.0,54.5,Male,3.0,84782.01999999999,6.0,9.0
6959293,21.0,262.0,47.5,Male,2.0,107499.68,3.0,6.0
3211244,20.0,244.0,32.5,Male,3.0,246425.01,1.0,4.0
8425235,14.0,174.0,55.0,Female,2.0,43283.57,4.0,7.0
4953065,6.0,72.0,46.5,Unknown,2.0,398256.66,1.0,4.0
3397019,4.0,58.0,25.5,Unknown,2.0,29523.08,1.0,4.0
217500,12.0,146.0,33.5,Male,2.0,25681.34,0.0,3.0
2441408,15.0,183.0,33.0,Male,2.0,43760.06,6.0,9.0
1506413,5.0,70.0,39.0,Unknown,2.0,30187.62,4.0,7.0
5524226,6.0,83.0,29.5,Unknown,2.0,41216.74,5.0,8.0
159687,28.0,337.0,56.5,Unknown,2.0,271369.13,0.0,3.0
9290030,28.0,341.0,67.5,Male,4.0,6353000.43,5.0,8.0
7120868,14.0,179.0,57.0,Female,2.0,50934.67,1.0,4.0
6360749,10.0,120.0,57.5,Male,2.0,30931.62,4.0,7.0
717126,15.0,191.0,68.5,Female,2.0,66831.7,6.0,9.0
9470260,27.0,330.0,66.5,Female,2.0,60618.72,5.0,8.0
5966234,6.0,80.0,40.0,Male,2.0,33971.99,2.0,5.0
6998768,14.0,170.0,45.5,Male,2.0,56644.26,1.0,4.0
7076854,16.0,196.0,60.0,Male,3.0,174346.05,5.0,8.0
2379890,6.0,72.0,24.5,Unknown,2.0,30330.33,1.0,4.0
1919775,26.0,313.0,69.5,Male,3.0,93564.26,4.0,7.0
6438049,27.0,328.0,63.5,Unknown,2.0,286994.42,2.0,5.0
9736825,6.0,83.0,63.0,Female,2.0,83194.01,0.0,3.0
4018750,9.0,109.0,72.5,Female,2.0,102247.09,4.0,7.0
3029395,9.0,112.0,61.0,Male,2.0,36652.41,1.0,4.0
1169957,7.0,94.0,26.5,Unknown,2.0,195758.41,6.0,9.0
5713299,14.0,177.0,60.5,Female,2.0,82625.28,5.0,8.0
1534109,3.0,45.0,63.5,Unknown,2.0,344904.78,6.0,9.0
1999924,4.0,48.0,38.0,Unknown,2.0,79324.65,3.0,6.0
524126,5.0,63.0,35.5,Male,2.0,52842.6,2.0,5.0
1538336,13.0,158.0,33.5,Female,3.0,102627.94,0.0,4.0
8466350,6.0,73.0,40.5,Unknown,3.0,96459.37,4.0,7.0
4469398,15.0,187.0,60.0,Male,2.0,541533.24,6.0,9.0
201392,21.0,253.0,66.5,Male,2.0,79109.51999999999,5.0,8.0
133742,13.0,167.0,65.5,Female,2.0,161846.71000000002,2.0,5.0
9928564,29.0,359.0,64.0,Female,2.0,28521.76,0.0,3.0
3081419,5.0,65.0,21.5,Unknown,4.0,70817.09,3.0,6.0
9392075,15.0,180.0,66.5,Female,2.0,37123.43,4.0,7.0
2819924,14.0,178.0,66.0,Female,2.0,31829.62,3.0,6.0
2590254,6.0,77.0,61.0,Male,2.0,145418.72999999998,6.0,9.0
9603908,15.0,190.0,48.0,Male,2.0,38416.88,1.0,4.0
8867579,8.0,105.0,32.5,Female,2.0,56966.61,6.0,9.0
4904059,7.0,92.0,77.5,Unknown,2.0,38506.57,6.0,9.0
9221288,12.0,151.0,50.5,Male,2.0,241188.94,1.0,4.0
3720267,35.0,427.0,63.5,Male,2.0,32119.86,4.0,7.0
323950,22.0,272.0,49.5,Male,2.0,46751.52,1.0,4.0
358189,21.0,259.0,48.5,Female,2.0,199385.68,1.0,4.0
7042897,20.0,248.0,43.0,Female,4.0,68073.29000000001,5.0,8.0
7508143,13.0,157.0,67.5,Male,2.0,47983.49,3.0,6.0
8859964,6.0,75.0,30.0,Unknown,3.0,75163.68,6.0,9.0
5425529,13.0,158.0,50.5,Male,2.0,248546.15,2.0,5.0
2063960,13.0,166.0,61.0,Female,2.0,43627.91,0.0,3.0
1477466,29.0,356.0,55.5,Female,2.0,72853.2,2.0,5.0
3543043,7.0,85.0,31.5,Unknown,2.0,66933.93,5.0,8.0
4016595,7.0,92.0,49.5,Unknown,2.0,79880.59,3.0,6.0
6441726,16.0,196.0,42.5,Female,2.0,70375.48,1.0,4.0
5599391,9.0,108.0,40.0,Female,2.0,92305.09,0.0,3.0
3443827,5.0,70.0,43.5,Unknown,2.0,51140.21,2.0,5.0
7614490,15.0,180.0,46.5,Female,2.0,28867.69,2.0,5.0
8599685,13.0,164.0,35.0,Female,2.0,25274.54,2.0,5.0
3729716,12.0,149.0,27.5,Male,3.0,530642.53,6.0,9.0
5379662,9.0,112.0,40.0,Female,2.0,30881.98,1.0,4.0
8136408,12.0,152.0,56.5,Female,2.0,887064.17,6.0,9.0
1148217,15.0,181.0,62.0,Female,2.0,160181.90000000002,5.0,8.0
7816887,14.0,178.0,63.5,Female,2.0,35096.27,3.0,6.0
2948485,26.0,323.0,64.5,Male,2.0,143242.9,4.0,7.0
701111,5.0,70.0,44.0,Unknown,2.0,57875.42,0.0,3.0
5654828,8.0,98.0,69.5,Female,2.0,465251.48,4.0,7.0
6863929,8.0,96.0,42.5,Unknown,2.0,66152.7,1.0,4.0
8381440,13.0,166.0,72.0,Male,3.0,240183.53,6.0,9.0
2666114,13.0,161.0,36.5,Female,2.0,34472.16,1.0,4.0
3219313,7.0,92.0,51.5,Unknown,2.0,25914.71,6.0,9.0
3568441,9.0,108.0,29.0,Female,3.0,45813.6,5.0,8.0
2366018,4.0,59.0,55.5,Male,2.0,30836.54,5.0,8.0
442079,13.0,159.0,46.0,Female,2.0,39718.62,1.0,4.0
7420902,6.0,82.0,32.0,Unknown,2.0,54191.09,3.0,6.0
7986402,6.0,74.0,68.5,Female,2.0,41181.6,4.0,8.0
3030605,6.0,83.0,48.0,Unknown,2.0,63855.13,3.0,6.0
8479239,11.0,140.0,33.0,Male,3.0,115555.39,6.0,9.0
6740875,7.0,90.0,20.5,Unknown,2.0,38872.94,3.0,6.0
6348223,15.0,191.0,29.0,Male,2.0,68519.01,0.0,4.0
3671129,4.0,58.0,42.0,Female,2.0,46210.86,0.0,3.0
9653478,28.0,339.0,92.0,Female,2.0,72873.14,0.0,3.0
1860491,9.0,108.0,61.0,Female,2.0,68344.48,3.0,6.0
9516498,8.0,104.0,28.0,Female,2.0,71567.03,4.0,7.0
8414189,6.0,73.0,35.0,Unknown,2.0,65558.19,1.0,5.0
5084333,9.0,115.0,59.5,Female,3.0,29424.72,3.0,6.0
9255097,26.0,313.0,26.5,Male,3.0,106207.02,6.0,9.0
8623099,4.0,52.0,23.0,Female,2.0,26282.98,1.0,4.0
5519305,8.0,105.0,33.5,Male,3.0,544731.75,5.0,8.0
9766137,14.0,178.0,28.0,Female,2.0,99530.52,2.0,5.0
5475611,24.0,289.0,32.0,Male,2.0,160141.08000000002,2.0,5.0
5026488,23.0,280.0,46.0,Male,5.0,1868119.4,6.0,9.0
5926929,22.0,268.0,19.5,Unknown,2.0,35906.31,6.0,9.0
6462925,22.0,265.0,51.5,Female,3.0,249065.21,6.0,9.0
3030589,21.0,261.0,55.0,Female,2.0,95714.63,5.0,8.0
6409586,21.0,259.0,65.5,Male,5.0,2123611.78,6.0,9.0
5437432,21.0,252.0,62.0,Male,3.0,779972.79,6.0,9.0
2563727,20.0,250.0,48.0,Female,3.0,969337.29,5.0,8.0
1420660,20.0,250.0,18.5,Unknown,2.0,36321.49,2.0,5.0
3102998,19.0,232.0,27.0,Unknown,2.0,29885.98,3.0,6.0
5283204,17.0,214.0,56.5,Female,3.0,102334.18,5.0,8.0
140690,17.0,211.0,35.0,Male,4.0,427585.75,2.0,5.0
2646824,16.0,203.0,51.0,Male,2.0,98343.68,0.0,3.0
7137763,6.0,82.0,46.5,Unknown,2.0,61901.17,2.0,5.0
9444789,6.0,78.0,29.5,Unknown,3.0,81771.37,6.0,9.0
1835630,7.0,93.0,46.0,Unknown,2.0,87643.18,2.0,5.0
6877045,6.0,74.0,24.0,Female,2.0,47520.11,4.0,7.0
949577,5.0,70.0,34.0,Unknown,2.0,25077.43,2.0,5.0
7847914,12.0,149.0,33.0,Female,2.0,51157.19,4.0,7.0
8058029,6.0,80.0,28.5,Unknown,3.0,67597.20999999999,6.0,9.0
1901850,13.0,166.0,59.5,Female,3.0,66513.32,1.0,4.0
9247012,12.0,144.0,42.0,Male,2.0,200263.42,6.0,9.0
6572513,9.0,118.0,56.5,Female,2.0,38329.63,6.0,9.0
6973072,15.0,182.0,60.0,Female,2.0,162460.5,1.0,4.0
8195272,8.0,106.0,46.5,Male,3.0,214664.06,6.0,9.0
3542559,10.0,130.0,64.5,Female,2.0,87072.28,1.0,4.0
8975894,12.0,154.0,32.0,Male,3.0,172515.99,6.0,9.0
6618772,13.0,164.0,26.5,Male,2.0,42709.51,0.0,3.0
5405251,13.0,166.0,33.5,Male,2.0,47716.52,6.0,9.0
5851918,19.0,238.0,40.0,Male,3.0,112600.84,3.0,6.0
7146837,6.0,73.0,56.0,Unknown,2.0,90539.56,2.0,5.0
4945637,9.0,111.0,56.0,Male,3.0,291818.44,6.0,9.0
7408332,12.0,154.0,35.0,Male,3.0,51056.1,5.0,8.0
2305548,13.0,166.0,45.0,Female,3.0,103819.89,4.0,7.0
2043927,9.0,117.0,60.0,Male,2.0,578223.27,2.0,5.0
6399488,10.0,126.0,71.5,Female,2.0,666372.55,6.0,9.0
5275149,5.0,70.0,51.0,Unknown,3.0,48922.42999999999,4.0,7.0
1458456,11.0,142.0,52.5,Female,2.0,49363.45,3.0,6.0
8431427,15.0,191.0,50.0,Male,2.0,27827.24,1.0,4.0
1289178,5.0,65.0,64.0,Unknown,2.0,333424.27,6.0,9.0
4749118,14.0,173.0,70.5,Male,2.0,111220.9,5.0,8.0
1483712,16.0,196.0,66.5,Female,2.0,87321.95999999999,1.0,4.0
5831505,6.0,78.0,64.0,Unknown,2.0,254107.37,4.0,7.0
6802407,6.0,74.0,24.5,Unknown,2.0,33448.29,0.0,3.0
8177035,13.0,159.0,59.5,Male,2.0,39359.88,1.0,4.0
8497640,8.0,104.0,59.5,Male,2.0,135127.81,0.0,3.0
2288746,13.0,157.0,62.5,Male,3.0,352195.73,6.0,9.0
1051377,12.0,155.0,48.5,Male,2.0,32828.07,0.0,3.0
4603,12.0,154.0,38.5,Female,2.0,48726.26,6.0,9.0
5394767,10.0,130.0,49.0,Female,2.0,69083.61,0.0,3.0
7345665,9.0,110.0,56.0,Female,2.0,26806.21,2.0,5.0
1997339,5.0,62.0,73.5,Unknown,2.0,99069.78,2.0,5.0
1644880,28.0,346.0,56.0,Female,2.0,26010.97,0.0,3.0
9215769,15.0,190.0,36.5,Female,2.0,31019.88,0.0,3.0
1311966,8.0,98.0,53.0,Female,2.0,33704.21,5.0,8.0
3888161,6.0,82.0,65.0,Unknown,2.0,38592.16,1.0,4.0
2021417,7.0,94.0,46.0,Unknown,2.0,60225.89,0.0,3.0
7344402,5.0,66.0,28.0,Unknown,2.0,29462.58,4.0,7.0
4954332,8.0,99.0,55.0,Unknown,2.0,128382.21,4.0,7.0
7693643,25.0,304.0,25.0,Female,2.0,29864.75,1.0,4.0
9005733,22.0,271.0,58.5,Male,2.0,35195.71,3.0,6.0
5818148,22.0,268.0,57.5,Female,2.0,42132.42,4.0,7.0
8694329,22.0,268.0,53.5,Unknown,2.0,40432.41,2.0,5.0
9718332,22.0,264.0,54.0,Unknown,4.0,597368.62,5.0,9.0
6078772,18.0,217.0,25.5,Male,2.0,29529.43,6.0,9.0
8711523,4.0,56.0,24.0,Unknown,2.0,32308.9,2.0,5.0
2047755,8.0,103.0,28.5,Unknown,2.0,61244.84,6.0,9.0
9756849,13.0,156.0,27.0,Female,2.0,31674.2,0.0,3.0
2243361,11.0,136.0,65.5,Male,2.0,112169.93,1.0,4.0
8532371,6.0,77.0,45.5,Unknown,2.0,39175.15,2.0,5.0
9220880,12.0,145.0,34.0,Female,2.0,49039.0,4.0,7.0
4597304,5.0,65.0,70.0,Unknown,2.0,63584.97,0.0,3.0
5212996,26.0,322.0,62.0,Female,4.0,426321.91,4.0,7.0
5364396,12.0,148.0,54.0,Male,2.0,24273.87,2.0,5.0
8607020,4.0,58.0,46.0,Unknown,2.0,27489.0,0.0,3.0
6616200,7.0,85.0,32.5,Unknown,2.0,40720.55,1.0,4.0
5074885,6.0,73.0,65.5,Female,2.0,39237.29,3.0,6.0
3785692,14.0,174.0,40.5,Female,2.0,33797.759999999995,6.0,9.0
5145224,9.0,116.0,53.0,Female,2.0,69674.09,0.0,3.0
1169178,7.0,93.0,55.5,Unknown,2.0,29036.09,2.0,5.0
6503198,10.0,130.0,51.5,Male,2.0,40414.39,0.0,3.0
9925000,7.0,94.0,61.5,Unknown,2.0,64967.35,0.0,3.0
8340422,5.0,60.0,38.5,Unknown,2.0,55410.67999999999,4.0,7.0
4469300,7.0,84.0,57.0,Female,2.0,38630.13,6.0,9.0
1413324,9.0,108.0,40.0,Male,2.0,90647.04,2.0,5.0
4469087,15.0,185.0,57.5,Female,2.0,211646.72,4.0,7.0
9729043,5.0,71.0,63.0,Female,2.0,133455.13,1.0,4.0
6679624,10.0,122.0,43.5,Female,2.0,32901.82,3.0,6.0
4585414,11.0,143.0,75.0,Male,2.0,29612.35,1.0,4.0
7928596,9.0,110.0,66.5,Female,2.0,48925.53,6.0,9.0
2922511,8.0,97.0,38.0,Unknown,2.0,53764.27,4.0,7.0
5241981,8.0,103.0,31.0,Male,2.0,35673.59,2.0,5.0
6428126,15.0,191.0,52.5,Female,2.0,32481.12,5.0,8.0
1051883,3.0,40.0,63.0,Unknown,2.0,193988.76,6.0,9.0
229800,19.0,236.0,43.5,Male,3.0,60164.88,6.0,9.0
8877399,14.0,176.0,34.5,Female,2.0,34024.2,0.0,3.0
4885633,23.0,285.0,71.5,Male,4.0,1551241.18,6.0,9.0
3891239,5.0,70.0,29.0,Unknown,2.0,44953.28,1.0,5.0
889478,6.0,83.0,21.0,Unknown,2.0,51252.82,3.0,6.0
9147181,5.0,68.0,27.0,Unknown,2.0,44485.28999999999,6.0,9.0
8331532,9.0,118.0,46.0,Female,2.0,67614.35,2.0,5.0
3301232,5.0,71.0,44.0,Female,2.0,351499.67,1.0,4.0
8927242,3.0,39.0,17.5,Unknown,3.0,56048.17,6.0,9.0
5949206,26.0,315.0,21.0,Female,3.0,67558.65,1.0,4.0
7475602,16.0,193.0,57.5,Male,2.0,343078.24,2.0,5.0
2541665,15.0,189.0,58.0,Female,2.0,77180.13,6.0,9.0
843378,13.0,166.0,35.0,Female,2.0,66154.91,6.0,9.0
9464794,23.0,278.0,71.5,Male,4.0,103960.86,6.0,9.0
8985052,22.0,275.0,57.5,Unknown,2.0,828114.5800000001,6.0,9.0
1194245,21.0,253.0,53.5,Female,2.0,113179.67,3.0,6.0
6815037,33.0,402.0,67.5,Male,3.0,48810.14,5.0,8.0
442137,20.0,246.0,47.5,Male,4.0,361987.04,4.0,7.0
1944175,20.0,241.0,44.5,Female,3.0,76057.51,6.0,9.0
9870806,15.0,190.0,42.0,Male,3.0,118581.31,4.0,7.0
563663,9.0,119.0,29.0,Male,2.0,28836.66,1.0,4.0
943763,16.0,192.0,74.0,Female,2.0,195959.05,6.0,9.0
2963883,4.0,59.0,28.0,Female,2.0,42263.02,3.0,6.0
8833118,16.0,200.0,73.0,Female,3.0,66607.25,3.0,6.0
8706314,6.0,78.0,24.5,Unknown,2.0,37721.85,6.0,9.0
7994671,10.0,123.0,53.0,Male,2.0,298618.36,6.0,9.0
3845541,8.0,106.0,26.5,Male,2.0,49375.55,0.0,3.0
3135355,9.0,109.0,28.5,Female,3.0,77380.98999999999,6.0,9.0
3841048,14.0,178.0,66.5,Male,2.0,66865.15,3.0,6.0
4925988,8.0,106.0,61.0,Female,2.0,41597.99,1.0,4.0
2921463,5.0,70.0,26.0,Unknown,2.0,31899.68,3.0,6.0
5329385,26.0,323.0,59.5,Male,3.0,135594.49,2.0,5.0
7308078,12.0,154.0,63.5,Female,2.0,62554.74,1.0,4.0
1854993,15.0,188.0,62.5,Female,2.0,149457.72999999998,6.0,9.0
7991484,12.0,152.0,40.0,Female,2.0,46913.89,0.0,3.0
9295457,6.0,72.0,54.5,Unknown,2.0,329237.92,3.0,6.0
3727883,16.0,202.0,56.0,Female,2.0,23795.2,0.0,3.0
2877157,4.0,59.0,46.0,Unknown,2.0,26312.42,1.0,4.0
2052207,15.0,187.0,31.0,Female,2.0,85615.37,0.0,3.0
8439254,8.0,106.0,54.0,Male,2.0,30436.27,1.0,4.0
4533579,10.0,122.0,57.0,Female,3.0,43772.69,1.0,4.0
656947,6.0,76.0,24.5,Unknown,2.0,40367.24,1.0,4.0
3175820,27.0,331.0,53.0,Female,2.0,60642.06,0.0,3.0
9280668,12.0,144.0,37.5,Unknown,2.0,71406.01999999999,6.0,9.0
4638211,15.0,189.0,53.0,Female,2.0,67238.45,1.0,4.0
7869927,8.0,105.0,55.5,Female,2.0,42805.9,6.0,9.0
2830236,15.0,181.0,51.0,Female,2.0,71306.48,1.0,4.0
135842,21.0,259.0,34.0,Male,2.0,75627.66,4.0,7.0
1429436,8.0,101.0,33.0,Unknown,2.0,24983.39,0.0,3.0
991266,16.0,193.0,35.5,Female,2.0,204570.06,5.0,8.0
5569554,6.0,75.0,52.5,Unknown,2.0,33314.24,1.0,4.0
5169342,12.0,148.0,27.5,Male,2.0,29418.58,0.0,3.0
8067449,9.0,117.0,51.5,Male,2.0,448935.9,4.0,7.0
5429671,15.0,184.0,40.5,Female,2.0,27190.33,2.0,5.0
7699381,15.0,190.0,58.5,Male,2.0,160955.52999999997,4.0,7.0
7947445,14.0,173.0,58.5,Male,3.0,961203.98,6.0,9.0
497746,6.0,83.0,28.0,Unknown,2.0,52815.87,1.0,4.0
2831452,5.0,70.0,19.5,Unknown,2.0,35116.99,1.0,4.0
7749137,8.0,97.0,29.0,Unknown,2.0,85857.72,2.0,5.0
4983343,24.0,288.0,65.0,Unknown,2.0,55884.72,4.0,7.0
8810939,23.0,278.0,69.5,Female,2.0,46883.76,2.0,5.0
6484236,21.0,262.0,67.5,Female,2.0,35178.88,4.0,7.0
4243421,21.0,261.0,50.0,Female,2.0,51603.52,0.0,3.0
9402268,21.0,255.0,52.5,Unknown,3.0,380430.5,6.0,9.0
4772230,20.0,251.0,68.0,Female,2.0,36834.57,1.0,5.0
6981794,19.0,239.0,51.5,Male,2.0,67714.22,3.0,6.0
3536676,19.0,230.0,38.5,Male,3.0,158829.15999999997,4.0,7.0
3276860,6.0,74.0,58.0,Female,3.0,69049.23,6.0,9.0
4318855,11.0,141.0,36.0,Female,2.0,38034.24,4.0,7.0
5039627,8.0,96.0,45.0,Unknown,2.0,67821.76,4.0,7.0
2211868,4.0,59.0,31.0,Unknown,2.0,48908.65,1.0,4.0
1079617,14.0,172.0,50.5,Male,2.0,73423.76,4.0,7.0
6279719,15.0,189.0,66.5,Male,2.0,32778.759999999995,6.0,9.0
9010408,5.0,70.0,53.0,Unknown,2.0,38423.2,2.0,5.0
3543621,6.0,79.0,23.5,Unknown,2.0,31199.72,4.0,7.0
1048888,17.0,204.0,51.5,Female,2.0,43971.49,0.0,3.0
6454703,27.0,326.0,49.5,Unknown,2.0,41479.83,5.0,8.0
4515670,16.0,193.0,58.5,Male,2.0,328927.76,4.0,7.0
5920964,12.0,154.0,26.0,Female,3.0,62064.24,6.0,9.0
2272896,7.0,86.0,52.0,Unknown,2.0,719923.4,2.0,5.0
6928615,29.0,358.0,58.0,Female,2.0,136434.72999999998,1.0,4.0
1960031,5.0,71.0,42.5,Unknown,3.0,63339.02,5.0,8.0
8636491,11.0,136.0,37.5,Unknown,2.0,35970.85,1.0,4.0
963874,35.0,430.0,68.0,Male,3.0,296351.28,2.0,5.0
1065324,4.0,59.0,66.5,Female,2.0,503197.98,4.0,7.0
9241063,6.0,80.0,18.5,Unknown,2.0,25323.88,1.0,4.0
7024708,16.0,192.0,50.5,Female,2.0,60498.07,1.0,4.0
8763738,6.0,77.0,57.0,Unknown,2.0,48365.59,1.0,4.0
7891627,14.0,178.0,44.0,Male,2.0,94198.04,2.0,6.0
1990708,5.0,70.0,60.5,Male,2.0,194092.4,5.0,8.0
855556,9.0,118.0,38.5,Male,2.0,72731.54000000001,0.0,3.0
859078,21.0,261.0,65.0,Male,2.0,55773.11,6.0,9.0
3581096,16.0,196.0,42.5,Female,2.0,63776.43,3.0,6.0
5004592,7.0,91.0,67.0,Unknown,2.0,150132.06,6.0,9.0
7665301,9.0,111.0,38.5,Female,2.0,70698.68,1.0,4.0
7310314,8.0,97.0,52.5,Unknown,2.0,74174.62,4.0,7.0
6235268,11.0,142.0,47.5,Male,2.0,42969.78999999999,2.0,5.0
2666411,5.0,71.0,50.5,Unknown,2.0,46310.46,0.0,3.0
8419515,21.0,253.0,54.5,Male,2.0,83918.16,6.0,9.0
4476926,16.0,192.0,37.0,Female,2.0,55314.05,0.0,3.0
8510356,7.0,87.0,57.0,Unknown,2.0,54174.1,3.0,6.0
6786194,6.0,81.0,59.0,Unknown,3.0,154161.91999999998,5.0,8.0
3084575,10.0,128.0,34.5,Female,2.0,47951.65,0.0,3.0
3388667,6.0,75.0,32.5,Unknown,2.0,28823.66,5.0,8.0
8794261,8.0,99.0,54.5,Unknown,2.0,41327.87,2.0,5.0
4050627,7.0,87.0,44.5,Unknown,3.0,101183.8,6.0,9.0
3937811,6.0,83.0,29.0,Male,2.0,31998.09,2.0,5.0
943335,16.0,197.0,23.0,Female,2.0,25134.47,1.0,4.0
3290498,6.0,74.0,25.5,Female,2.0,49776.08,2.0,5.0
1183486,13.0,157.0,62.5,Female,2.0,279629.63,4.0,7.0
6469127,5.0,70.0,63.0,Unknown,2.0,31531.68,6.0,9.0
4757477,4.0,59.0,54.0,Unknown,2.0,84463.03,1.0,4.0
2113414,24.0,288.0,57.5,Female,2.0,76247.62,0.0,3.0
1134384,23.0,286.0,53.0,Female,2.0,160999.65999999997,0.0,3.0
6382704,22.0,265.0,81.0,Male,3.0,362923.06,6.0,9.0
488930,20.0,251.0,49.5,Male,2.0,40112.24,1.0,4.0
3755916,20.0,250.0,64.0,Female,2.0,127790.01,6.0,9.0
7949443,19.0,232.0,39.0,Male,3.0,182024.3,3.0,6.0
8854775,5.0,68.0,35.5,Unknown,2.0,33204.73,6.0,9.0
1088213,4.0,58.0,64.5,Female,2.0,37013.06,1.0,4.0
2288164,5.0,65.0,29.5,Unknown,2.0,37821.82,1.0,4.0
7450096,13.0,161.0,57.0,Female,2.0,37768.68,0.0,3.0
8802029,4.0,59.0,50.5,Unknown,2.0,67939.36,1.0,4.0
3409692,15.0,190.0,64.0,Male,2.0,35915.44,2.0,5.0
6799298,26.0,313.0,55.5,Male,3.0,297380.05,4.0,7.0
673653,8.0,103.0,74.0,Unknown,2.0,49925.65,6.0,9.0
7981938,12.0,155.0,35.5,Male,2.0,85066.1,1.0,4.0
1825203,7.0,87.0,46.0,Unknown,3.0,48725.71,5.0,8.0
7309277,15.0,189.0,54.5,Female,2.0,68298.81,6.0,9.0
7537958,4.0,55.0,78.0,Male,2.0,33722.88,6.0,9.0
3106754,6.0,83.0,61.0,Unknown,2.0,100006.99,5.0,8.0
3653632,16.0,197.0,35.0,Female,2.0,70930.76999999999,2.0,5.0
2621902,13.0,164.0,38.0,Unknown,3.0,97285.9,6.0,9.0
4773291,7.0,86.0,35.0,Unknown,2.0,69474.36,1.0,4.0
6770576,5.0,61.0,29.0,Unknown,3.0,69473.32,6.0,9.0
4698689,6.0,81.0,25.5,Unknown,3.0,93892.52,6.0,9.0
5268337,9.0,113.0,40.0,Female,2.0,93180.63,3.0,6.0
6177093,20.0,249.0,70.0,Female,2.0,51808.69,6.0,9.0
8314254,4.0,58.0,30.0,Unknown,2.0,27792.64,6.0,9.0
6948425,6.0,76.0,55.0,Male,2.0,56223.92999999999,1.0,4.0
8302997,5.0,70.0,50.5,Unknown,2.0,30326.05,0.0,3.0
4483567,4.0,58.0,39.5,Unknown,3.0,265917.18,6.0,9.0
7413723,7.0,92.0,61.0,Unknown,2.0,50227.42,6.0,9.0
8605014,12.0,152.0,32.0,Female,2.0,38416.11,1.0,4.0
6120940,9.0,117.0,49.0,Male,2.0,52456.96,6.0,9.0
7004930,11.0,143.0,41.0,Female,2.0,39977.5,0.0,4.0
4242907,13.0,164.0,60.5,Female,2.0,862397.3500000001,6.0,9.0
4591425,26.0,318.0,28.0,Female,2.0,28505.54,1.0,4.0
4347928,10.0,121.0,31.5,Male,2.0,30621.83,1.0,4.0
7355737,13.0,164.0,56.0,Female,3.0,86767.64,2.0,5.0
8687676,17.0,204.0,60.0,Male,2.0,82752.68,2.0,5.0
1237798,13.0,159.0,56.0,Female,2.0,111454.14,6.0,9.0
1265437,8.0,104.0,36.0,Male,2.0,48083.09,0.0,3.0
310721,5.0,69.0,46.5,Male,2.0,115942.52,1.0,4.0
5220791,7.0,90.0,49.5,Unknown,2.0,79594.45999999999,2.0,5.0
4381262,28.0,336.0,31.0,Male,2.0,39858.58,1.0,4.0
9049247,9.0,110.0,36.0,Male,2.0,82978.2,0.0,3.0
6103015,11.0,134.0,58.0,Female,2.0,39525.93,5.0,8.0
9279531,5.0,70.0,40.5,Unknown,2.0,58715.0,4.0,7.0
5137559,8.0,97.0,23.5,Female,2.0,43765.32,2.0,5.0
2268691,24.0,288.0,53.0,Female,2.0,109984.81,1.0,4.0
5194828,23.0,283.0,56.5,Male,2.0,112755.19,1.0,4.0
2968554,22.0,275.0,23.5,Male,2.0,42964.86,1.0,4.0
5319610,22.0,274.0,61.0,Female,2.0,187371.85,2.0,5.0
9144084,22.0,274.0,72.5,Male,2.0,34877.39,4.0,7.0
7080227,22.0,271.0,69.5,Male,2.0,44954.08,4.0,7.0
8023,21.0,257.0,50.0,Female,2.0,34676.55,3.0,6.0
7395578,20.0,251.0,46.5,Male,2.0,70817.68,3.0,6.0
4502190,12.0,146.0,32.0,Male,2.0,51467.87,2.0,5.0
9728657,5.0,63.0,36.5,Female,2.0,39208.84,0.0,3.0
3430824,15.0,188.0,41.0,Female,2.0,76149.93,1.0,4.0
3455139,16.0,201.0,54.5,Male,3.0,286108.19,6.0,9.0
29527,10.0,129.0,51.5,Female,2.0,48361.4,0.0,3.0
3366913,5.0,64.0,60.5,Unknown,2.0,39240.95,3.0,6.0
6480575,29.0,357.0,51.5,Female,3.0,74454.95999999999,6.0,9.0
1342060,5.0,66.0,32.5,Female,2.0,54082.15,1.0,4.0
6887763,9.0,118.0,63.5,Female,2.0,60199.98,4.0,7.0
5320717,6.0,76.0,20.0,Unknown,2.0,25317.46,3.0,6.0
7744528,9.0,117.0,85.0,Female,2.0,53706.8,6.0,9.0
138002,11.0,140.0,36.5,Male,2.0,26687.35,1.0,4.0
8451346,4.0,54.0,51.0,Male,2.0,51822.06,2.0,6.0
8514205,14.0,179.0,62.0,Female,2.0,81695.18,1.0,4.0
9425800,6.0,75.0,62.0,Male,2.0,433525.7,6.0,9.0
4444191,9.0,119.0,30.0,Female,2.0,31689.22,4.0,7.0
3949788,15.0,189.0,48.5,Male,2.0,29275.31,5.0,8.0
7894096,10.0,130.0,49.0,Male,2.0,108245.25,5.0,8.0
1842548,12.0,150.0,50.0,Female,2.0,26593.34,3.0,6.0
4297664,14.0,177.0,36.0,Male,2.0,46653.73,3.0,6.0
2646971,14.0,178.0,40.0,Female,3.0,201255.77,5.0,8.0
1701734,5.0,69.0,27.5,Unknown,2.0,53674.64,3.0,6.0
5414090,11.0,138.0,41.0,Male,2.0,128171.0,3.0,6.0
1151722,14.0,170.0,39.0,Female,2.0,36843.54,0.0,3.0
2494977,11.0,143.0,48.0,Male,2.0,40692.03,0.0,3.0
668594,7.0,91.0,37.0,Unknown,2.0,176399.8,6.0,9.0
7093388,14.0,175.0,60.5,Female,2.0,48032.71,5.0,8.0
4440880,13.0,157.0,77.0,Female,2.0,177021.38,1.0,4.0
3584720,11.0,143.0,48.5,Male,2.0,129343.33,4.0,8.0
7015158,6.0,81.0,47.0,Male,2.0,28786.82,5.0,8.0
3208442,7.0,94.0,28.5,Unknown,2.0,29829.55,0.0,3.0
2302138,5.0,64.0,32.5,Unknown,2.0,44296.67999999999,2.0,5.0
1274430,12.0,154.0,66.0,Male,2.0,47972.62,4.0,7.0
7207209,28.0,336.0,55.5,Male,3.0,1111922.01,3.0,6.0
4401157,13.0,163.0,38.5,Female,2.0,78264.79999999999,1.0,4.0
4943507,9.0,108.0,26.5,Male,2.0,72640.97,5.0,8.0
7536544,9.0,110.0,45.0,Female,2.0,56620.49,0.0,3.0
1585160,12.0,151.0,60.0,Male,2.0,30235.58,5.0,8.0
7772158,5.0,70.0,27.5,Unknown,2.0,47429.98,6.0,9.0
2257239,10.0,125.0,72.5,Male,2.0,438630.5,1.0,4.0
6267683,27.0,325.0,63.0,Female,2.0,32005.92,0.0,3.0
5579315,10.0,123.0,57.0,Female,2.0,43204.0,3.0,6.0
9646052,10.0,131.0,38.5,Female,2.0,191309.96,1.0,4.0
4672205,12.0,155.0,32.0,Male,2.0,78782.29999999999,0.0,3.0
1595223,23.0,279.0,83.0,Male,3.0,1291698.48,5.0,8.0
7542655,23.0,276.0,74.0,Female,3.0,262005.97,6.0,9.0
3859670,23.0,276.0,48.0,Female,2.0,160829.46999999997,2.0,5.0
1273425,22.0,272.0,32.0,Male,3.0,237521.21,2.0,5.0
5902655,25.0,306.0,66.0,Female,2.0,388850.31,3.0,6.0
9299978,18.0,226.0,46.0,Female,3.0,128166.32,6.0,9.0
2385222,11.0,138.0,44.0,Male,2.0,67624.03,1.0,4.0
8556063,8.0,98.0,36.0,Unknown,2.0,71283.93,1.0,4.0
3954295,12.0,151.0,55.0,Female,2.0,37434.16,0.0,3.0
7314276,6.0,83.0,34.5,Unknown,2.0,26793.77,4.0,7.0
5263052,5.0,64.0,45.5,Unknown,2.0,239964.42,3.0,6.0
1148774,31.0,378.0,26.0,Female,2.0,58809.35,6.0,9.0
9092677,5.0,64.0,40.0,Unknown,2.0,26227.26,0.0,3.0
3213762,5.0,60.0,36.5,Unknown,4.0,143339.31,3.0,6.0
802406,8.0,106.0,61.5,Female,2.0,278987.13,4.0,7.0
7636519,9.0,109.0,25.5,Female,2.0,25128.83,1.0,4.0
5374782,11.0,142.0,56.0,Female,3.0,143590.14,2.0,5.0
7671296,16.0,195.0,31.5,Female,2.0,26097.44,0.0,3.0
9386426,4.0,56.0,41.0,Unknown,2.0,63619.91,4.0,7.0
6038811,6.0,73.0,30.5,Unknown,3.0,83172.73,6.0,9.0
9404494,30.0,370.0,57.5,Male,2.0,303661.05,6.0,9.0
4500260,15.0,189.0,61.0,Female,2.0,35147.03,5.0,8.0
4875942,11.0,143.0,51.0,Female,2.0,100434.54,2.0,5.0
9418418,15.0,180.0,53.5,Male,3.0,849117.2200000001,5.0,8.0
5376894,13.0,157.0,48.0,Female,2.0,107170.61,6.0,9.0
8708356,9.0,111.0,43.5,Unknown,2.0,56333.21,6.0,9.0
5686008,16.0,199.0,85.5,Female,2.0,46657.13,4.0,7.0
933031,16.0,201.0,63.5,Male,2.0,57900.8,6.0,9.0
9517523,7.0,93.0,36.5,Unknown,2.0,27728.06,6.0,9.0
305028,5.0,70.0,43.5,Unknown,2.0,34008.52,3.0,6.0
738931,5.0,65.0,25.5,Unknown,2.0,41533.92999999999,6.0,9.0
3773950,14.0,178.0,26.0,Male,2.0,100977.16,0.0,3.0
8051395,16.0,194.0,40.0,Male,2.0,159308.44,6.0,9.0
7484370,5.0,68.0,45.0,Unknown,2.0,137811.74,2.0,5.0
8721817,11.0,138.0,50.0,Male,2.0,85141.58,1.0,4.0
3152346,15.0,184.0,35.0,Female,2.0,36496.83,2.0,5.0
5899752,11.0,141.0,72.0,Male,2.0,40217.91,2.0,5.0
1600568,15.0,189.0,63.5,Male,4.0,1647432.92,3.0,7.0
8539205,10.0,120.0,58.5,Male,2.0,60878.24,0.0,3.0
8990589,6.0,72.0,28.5,Female,3.0,49200.27,6.0,9.0
7763229,9.0,118.0,29.0,Male,2.0,54956.08,1.0,4.0
6909487,6.0,79.0,30.5,Unknown,2.0,58921.17,5.0,8.0
2340830,12.0,154.0,50.5,Female,2.0,73857.86,1.0,4.0
3561951,6.0,78.0,66.5,Unknown,2.0,585539.3,1.0,4.0
1521503,3.0,46.0,28.0,Unknown,2.0,33954.68,6.0,9.0
7726930,9.0,108.0,50.5,Female,2.0,39713.23,0.0,3.0
4292181,7.0,84.0,28.0,Unknown,2.0,48197.65,1.0,4.0
3819759,10.0,124.0,44.5,Male,2.0,62654.14,1.0,4.0
7171907,23.0,277.0,77.5,Female,2.0,70542.14,4.0,7.0
7311719,22.0,268.0,18.5,Female,2.0,35353.64,6.0,9.0
4641800,21.0,259.0,22.0,Male,2.0,64684.21,6.0,9.0
6744887,21.0,252.0,39.5,Female,2.0,43548.89,6.0,9.0
8762901,20.0,251.0,75.0,Male,2.0,38699.3,1.0,4.0
2508004,17.0,207.0,43.5,Male,3.0,112753.79,6.0,9.0
4991019,17.0,205.0,60.5,Female,3.0,108815.75,3.0,6.0
5825555,15.0,181.0,56.5,Female,2.0,62464.45,0.0,3.0
6333665,8.0,107.0,26.5,Male,2.0,48179.35,6.0,9.0
7091719,34.0,418.0,66.5,Female,3.0,705580.75,0.0,5.0
4654660,16.0,193.0,49.0,Male,2.0,55390.02,2.0,5.0
356380,37.0,447.0,73.0,Female,3.0,459026.19,6.0,9.0
1180831,7.0,91.0,63.0,Unknown,2.0,353084.93,3.0,6.0
49709,4.0,54.0,67.5,Male,2.0,83722.73,4.0,7.0
7957576,7.0,90.0,53.5,Unknown,2.0,53047.2,3.0,6.0
5882141,13.0,158.0,29.5,Male,4.0,180879.77,6.0,9.0
3478279,5.0,71.0,47.0,Unknown,2.0,87816.4,2.0,5.0
7226440,15.0,185.0,61.0,Male,2.0,47623.12,6.0,9.0
4665270,5.0,68.0,60.5,Unknown,3.0,41169.53,1.0,4.0
9510995,8.0,105.0,60.0,Male,2.0,66133.82,1.0,4.0
1257929,9.0,118.0,54.0,Male,2.0,44265.66,0.0,3.0
4631863,9.0,108.0,22.0,Male,3.0,40352.26,3.0,6.0
7501794,13.0,157.0,50.5,Male,2.0,154097.41,3.0,6.0
8226844,4.0,48.0,22.5,Male,2.0,24870.32,2.0,5.0
7469891,14.0,170.0,30.5,Male,2.0,26374.31,1.0,4.0
7353453,4.0,58.0,30.0,Unknown,2.0,262835.2,2.0,5.0
5758630,15.0,191.0,36.5,Male,5.0,626551.7100000001,6.0,9.0
8783587,10.0,125.0,31.5,Male,2.0,56201.0,4.0,7.0
3026222,6.0,82.0,44.0,Unknown,2.0,58792.23,6.0,9.0
9221011,13.0,161.0,32.0,Male,3.0,47435.83,1.0,4.0
4106730,8.0,97.0,26.0,Male,7.0,2106692.05,6.0,9.0
9399521,15.0,190.0,36.0,Female,2.0,68778.18,2.0,5.0
9615073,5.0,71.0,73.0,Female,2.0,50727.61,0.0,3.0
7163526,13.0,167.0,53.0,Male,2.0,38416.73,0.0,3.0
6092467,15.0,183.0,45.5,Male,2.0,72408.38,2.0,5.0
4645791,24.0,288.0,62.0,Male,2.0,27795.76,3.0,6.0
8376269,12.0,151.0,42.5,Female,2.0,269699.67,6.0,9.0
6640815,15.0,190.0,42.5,Male,2.0,29787.76,5.0,8.0
7672926,20.0,243.0,55.5,Female,2.0,42070.14,0.0,3.0
173122,15.0,180.0,44.0,Female,2.0,26526.77,4.0,7.0
6523060,6.0,75.0,41.5,Male,2.0,102507.93,0.0,3.0
9118633,11.0,138.0,25.5,Female,2.0,30307.02,3.0,6.0
6076090,7.0,91.0,30.5,Unknown,2.0,122181.54,6.0,9.0
1989030,5.0,71.0,51.0,Unknown,2.0,48847.03,2.0,5.0
6018767,4.0,57.0,52.0,Unknown,2.0,27526.18,3.0,6.0
1125691,10.0,131.0,55.0,Male,2.0,43766.89,0.0,3.0
5749834,8.0,106.0,27.0,Female,2.0,98049.66,6.0,9.0
529008,8.0,96.0,39.0,Unknown,2.0,86831.44,5.0,8.0
2805312,4.0,59.0,34.5,Unknown,2.0,48871.28999999999,2.0,5.0
9720223,25.0,306.0,33.5,Male,3.0,326394.57,6.0,9.0
5595860,22.0,266.0,49.0,Male,3.0,332920.51,3.0,6.0
4303935,19.0,237.0,59.5,Male,3.0,339002.91,6.0,9.0
6937706,9.0,112.0,52.0,Male,2.0,36110.62,0.0,4.0
4988650,6.0,76.0,66.0,Male,2.0,72813.9,5.0,8.0
1424028,9.0,118.0,38.5,Unknown,2.0,43614.87,3.0,6.0
9845351,4.0,59.0,26.5,Unknown,2.0,43528.65,1.0,4.0
2743053,10.0,131.0,51.0,Female,2.0,52916.03,6.0,9.0
2592527,7.0,95.0,40.0,Unknown,2.0,81760.26,5.0,8.0
4464275,16.0,193.0,69.5,Male,2.0,40854.55,0.0,3.0
7000356,4.0,59.0,26.0,Unknown,2.0,29442.72,5.0,8.0
2460415,7.0,84.0,45.5,Unknown,2.0,53531.84,0.0,3.0
5818842,16.0,195.0,40.0,Male,2.0,45303.42,3.0,6.0
2547334,11.0,133.0,42.0,Female,2.0,51111.75,2.0,5.0
535456,8.0,98.0,32.5,Unknown,2.0,46273.15,3.0,6.0
4959337,3.0,45.0,37.5,Unknown,3.0,157606.46000000002,3.0,6.0
7762280,7.0,89.0,74.0,Unknown,2.0,173262.77999999997,6.0,9.0
9920041,9.0,111.0,61.0,Male,2.0,24174.26,3.0,6.0
4783560,8.0,96.0,40.5,Unknown,2.0,49065.41,2.0,5.0
7320092,8.0,103.0,68.5,Unknown,2.0,324309.49,6.0,9.0
2044842,3.0,45.0,51.0,Unknown,2.0,331068.19,6.0,9.0
1056689,33.0,407.0,66.5,Male,3.0,79531.06,6.0,9.0
5437380,4.0,55.0,56.5,Unknown,2.0,432051.15,6.0,9.0
6038013,5.0,66.0,52.0,Unknown,2.0,26710.68,1.0,4.0
6199818,11.0,143.0,45.5,Male,3.0,68201.11,6.0,9.0
3071700,15.0,190.0,68.5,Male,2.0,209551.69,0.0,3.0
3924564,6.0,83.0,57.5,Unknown,2.0,66190.31,6.0,9.0
9238418,24.0,298.0,69.5,Male,4.0,501859.77,4.0,7.0
7643538,4.0,58.0,24.5,Unknown,2.0,30620.59,0.0,3.0
4861006,7.0,86.0,27.0,Unknown,3.0,43801.45,6.0,9.0
8203999,5.0,70.0,37.5,Unknown,2.0,45810.39,0.0,3.0
8884917,10.0,129.0,24.0,Female,3.0,48533.12,2.0,5.0
3424024,11.0,139.0,70.5,Male,2.0,226576.67,4.0,7.0
245646,5.0,60.0,45.5,Female,4.0,41356.76,6.0,9.0
3833007,6.0,80.0,23.5,Unknown,2.0,55277.44,6.0,9.0
2213294,12.0,154.0,42.0,Unknown,2.0,47942.06,0.0,3.0
9267320,15.0,181.0,64.5,Female,3.0,138364.39,6.0,9.0
4430317,16.0,192.0,68.0,Male,3.0,530566.6900000001,6.0,9.0
3714371,5.0,70.0,61.0,Unknown,2.0,32632.24,0.0,3.0
9948208,15.0,190.0,53.5,Unknown,2.0,54655.13,1.0,4.0
7001799,6.0,83.0,33.5,Unknown,2.0,40713.89,6.0,9.0
7016886,5.0,66.0,25.5,Unknown,2.0,104248.64,6.0,9.0
8127966,4.0,59.0,36.0,Unknown,2.0,27501.83,2.0,5.0
3070398,6.0,83.0,29.5,Unknown,2.0,45645.35,4.0,7.0
9464030,7.0,87.0,38.0,Unknown,2.0,27769.96,1.0,4.0
3905252,14.0,173.0,70.0,Male,2.0,418729.39,3.0,6.0
6876463,6.0,74.0,24.0,Female,3.0,31961.08,1.0,4.0
745787,7.0,87.0,49.0,Unknown,2.0,70153.17,4.0,7.0
3995477,15.0,187.0,31.5,Male,2.0,33268.04,1.0,4.0
9318531,14.0,170.0,42.0,Female,2.0,133867.03999999998,0.0,3.0
2978729,18.0,227.0,48.5,Male,2.0,231871.14,6.0,9.0
7619691,5.0,66.0,34.5,Unknown,3.0,155293.34000000003,6.0,9.0
2616521,5.0,68.0,21.5,Unknown,2.0,113493.05,6.0,9.0
6010271,6.0,78.0,36.5,Unknown,3.0,219952.13,6.0,9.0
3416849,5.0,60.0,31.5,Unknown,3.0,49018.49,0.0,3.0
4099829,20.0,242.0,66.5,Female,2.0,68943.33,1.0,4.0
9792423,19.0,237.0,74.0,Female,2.0,161064.34999999998,1.0,4.0
9988775,18.0,216.0,36.0,Male,5.0,818353.75,6.0,9.0
1350140,6.0,82.0,60.5,Unknown,2.0,92442.07,6.0,9.0
9444752,14.0,179.0,53.0,Male,2.0,33602.55,2.0,5.0
9079316,28.0,340.0,73.0,Female,2.0,82293.11,4.0,7.0
9492513,12.0,145.0,42.5,Female,2.0,29077.71,2.0,5.0
847220,6.0,73.0,26.5,Unknown,2.0,30070.09,2.0,5.0
5152514,7.0,91.0,45.5,Unknown,2.0,132400.82,2.0,5.0
2704676,15.0,191.0,57.5,Female,2.0,24414.31,2.0,5.0
9605920,13.0,159.0,38.0,Male,2.0,138245.51,2.0,5.0
6522843,12.0,154.0,57.0,Female,2.0,62032.19,6.0,9.0
8750191,16.0,192.0,54.5,Female,2.0,58409.13,2.0,5.0
3340967,10.0,120.0,53.0,Female,2.0,36499.04,1.0,4.0
9591007,10.0,126.0,72.0,Female,2.0,142193.14,6.0,9.0
6836577,14.0,171.0,31.5,Female,3.0,76518.06,6.0,9.0
3092256,5.0,67.0,31.5,Unknown,3.0,48144.6,6.0,9.0
1833626,5.0,71.0,32.0,Unknown,2.0,27330.66,6.0,9.0
2711963,13.0,163.0,60.5,Female,2.0,376945.97,0.0,3.0
3673147,6.0,78.0,57.0,Unknown,2.0,73467.26999999999,4.0,7.0
664106,5.0,71.0,30.5,Unknown,2.0,50416.8,4.0,7.0
1916528,4.0,58.0,60.0,Unknown,2.0,31524.71,0.0,3.0
5384676,10.0,128.0,27.5,Male,2.0,57562.24,3.0,6.0
2607873,18.0,216.0,49.0,Male,2.0,136956.19,6.0,9.0
4522785,15.0,181.0,76.5,Male,2.0,96106.87,0.0,3.0
1862530,18.0,224.0,67.5,Female,2.0,85945.89,2.0,5.0
4785359,15.0,184.0,23.0,Male,2.0,34175.44,2.0,5.0
639127,34.0,418.0,71.5,Female,2.0,82991.2,2.0,5.0
8154299,4.0,56.0,50.5,Male,3.0,29501.11,3.0,6.0
9684889,9.0,109.0,47.5,Female,2.0,96413.03,1.0,4.0
4925607,17.0,213.0,42.5,Female,3.0,124981.79,2.0,5.0
8221149,8.0,97.0,60.0,Unknown,3.0,394355.83,5.0,8.0
6720287,11.0,140.0,53.0,Female,2.0,30842.33,4.0,7.0
493608,4.0,58.0,58.0,Unknown,3.0,73149.25,1.0,4.0
6253564,4.0,59.0,59.0,Unknown,2.0,58985.97,2.0,5.0
8712508,9.0,108.0,37.0,Unknown,2.0,54727.9,1.0,4.0
8023221,12.0,154.0,41.0,Female,2.0,61944.39,0.0,3.0
2260000,4.0,59.0,24.0,Unknown,2.0,29965.95,0.0,3.0
9220363,11.0,142.0,67.0,Male,2.0,77428.16,0.0,3.0
1171656,14.0,178.0,36.0,Male,2.0,75645.28,2.0,5.0
3437781,7.0,89.0,27.5,Unknown,2.0,24478.07,0.0,3.0
3979160,6.0,78.0,66.5,Unknown,2.0,80456.44,4.0,7.0
4033851,12.0,149.0,63.5,Male,2.0,142642.26,5.0,8.0
2199536,12.0,151.0,46.5,Female,2.0,52315.83,1.0,4.0
7472328,13.0,157.0,64.0,Male,2.0,64052.59,6.0,9.0
1883495,7.0,84.0,41.5,Unknown,2.0,66535.56,6.0,9.0
1696504,24.0,288.0,56.5,Female,2.0,74228.70999999999,3.0,6.0
130952,14.0,177.0,45.5,Male,2.0,35887.07,1.0,4.0
6465174,8.0,101.0,49.5,Unknown,2.0,136093.0,1.0,4.0
7322054,16.0,202.0,37.5,Male,2.0,62531.82,0.0,3.0
3131159,12.0,154.0,70.5,Female,2.0,50228.47,3.0,6.0
5005985,16.0,192.0,34.0,Male,2.0,56134.38,6.0,9.0
6323413,8.0,102.0,38.0,Unknown,3.0,100146.44,3.0,6.0
4945619,6.0,80.0,58.0,Unknown,3.0,287618.24,6.0,9.0
614978,22.0,275.0,69.0,Female,3.0,70027.22,3.0,6.0
9102754,18.0,216.0,48.5,Female,2.0,154385.51,3.0,6.0
9106373,17.0,212.0,48.5,Male,3.0,114399.25,3.0,6.0
1958549,26.0,318.0,68.5,Female,2.0,96522.35,6.0,9.0
2984162,10.0,124.0,34.5,Male,3.0,30190.2,1.0,4.0
2364227,7.0,85.0,30.5,Unknown,2.0,33263.7,0.0,3.0
2798135,9.0,110.0,77.5,Male,2.0,74245.98,2.0,5.0
7081601,12.0,150.0,30.5,Female,2.0,31809.86,0.0,3.0
1941269,10.0,130.0,24.5,Male,2.0,29656.07,1.0,4.0
245270,15.0,188.0,33.5,Female,2.0,33882.94,1.0,4.0
7795711,17.0,208.0,51.0,Male,2.0,36356.56,3.0,6.0
8563608,6.0,75.0,49.5,Unknown,3.0,55799.42,6.0,9.0
912772,10.0,129.0,52.0,Male,2.0,31454.04,1.0,4.0
1543918,10.0,120.0,64.0,Male,2.0,646376.65,6.0,9.0
3541119,5.0,69.0,67.0,Female,2.0,47062.65,6.0,9.0
6596429,9.0,109.0,51.0,Male,2.0,239657.72,5.0,8.0
7546162,7.0,85.0,72.5,Unknown,2.0,34184.509999999995,3.0,6.0
2386323,11.0,133.0,36.5,Male,2.0,37515.74,6.0,9.0
5423819,6.0,83.0,56.0,Unknown,3.0,103644.48,1.0,4.0
2583622,7.0,85.0,28.0,Male,2.0,40201.56,3.0,6.0
9394424,12.0,146.0,60.0,Female,2.0,130025.02,6.0,9.0
1705876,7.0,95.0,34.5,Unknown,2.0,31859.37,2.0,6.0
914926,27.0,325.0,31.5,Male,3.0,951169.62,6.0,9.0
3612419,13.0,158.0,47.0,Male,4.0,3046147.06,6.0,9.0
7202634,10.0,122.0,30.5,Male,2.0,61140.24,1.0,4.0
3076358,12.0,153.0,57.5,Male,2.0,239566.86,6.0,9.0
2336769,5.0,71.0,33.5,Unknown,2.0,51234.33,1.0,5.0
175033,5.0,70.0,41.5,Unknown,2.0,46193.27,0.0,3.0
8353994,4.0,58.0,31.5,Unknown,2.0,145891.78999999998,2.0,5.0
716233,7.0,85.0,25.0,Unknown,2.0,62520.35,1.0,4.0
3573864,12.0,148.0,49.5,Female,2.0,44716.96,0.0,3.0
5495797,9.0,110.0,78.0,Male,2.0,44102.1,5.0,8.0
4974882,5.0,71.0,23.0,Unknown,2.0,33006.07,6.0,9.0
2579748,13.0,162.0,47.5,Male,2.0,26088.34,1.0,4.0
1243160,9.0,115.0,26.5,Male,2.0,51203.28,6.0,9.0
2939759,13.0,166.0,33.0,Unknown,2.0,94714.11,2.0,5.0
6913905,5.0,66.0,35.0,Unknown,2.0,52086.48,6.0,9.0
5740202,6.0,78.0,38.5,Unknown,2.0,58475.15,5.0,8.0
8547148,15.0,189.0,22.5,Male,2.0,41830.17,4.0,7.0
7041718,9.0,118.0,37.0,Male,2.0,74319.17,3.0,6.0
1982004,6.0,80.0,44.5,Unknown,2.0,30231.76,1.0,4.0
2446320,4.0,54.0,63.0,Female,2.0,135039.74,2.0,5.0
3635165,11.0,143.0,67.0,Male,3.0,445914.9,3.0,7.0
8406897,16.0,195.0,59.0,Female,3.0,51950.31,5.0,8.0
9559072,4.0,55.0,25.5,Unknown,3.0,65801.54000000001,2.0,5.0
7649879,7.0,89.0,42.5,Unknown,2.0,75975.23,2.0,5.0
9827995,4.0,59.0,57.0,Unknown,2.0,30406.55,3.0,6.0
9135308,12.0,153.0,46.0,Male,2.0,59612.09,1.0,4.0
5932987,4.0,56.0,63.0,Unknown,2.0,81902.62,4.0,7.0
3129702,17.0,212.0,41.0,Female,2.0,32847.81,0.0,3.0
8001854,17.0,208.0,49.0,Male,2.0,169548.2,2.0,5.0
3259588,16.0,203.0,47.5,Male,3.0,379296.79,4.0,7.0
6241144,12.0,153.0,69.0,Female,2.0,43652.87,4.0,7.0
5230087,9.0,109.0,45.0,Female,3.0,1066583.87,4.0,7.0
1395331,5.0,68.0,63.5,Female,2.0,69096.75,6.0,9.0
8082450,15.0,189.0,45.5,Male,2.0,89168.01,1.0,4.0
5154904,24.0,298.0,64.0,Female,3.0,186025.99,5.0,8.0
4732514,22.0,268.0,30.5,Male,2.0,30094.79,1.0,4.0
6011987,22.0,264.0,46.5,Male,2.0,306435.73,2.0,5.0
487469,21.0,260.0,50.5,Male,2.0,82531.67,3.0,6.0
1174414,20.0,251.0,47.5,Male,2.0,41017.63,1.0,4.0
1739648,20.0,240.0,33.5,Female,2.0,52361.98,1.0,4.0
1630043,16.0,203.0,55.5,Female,2.0,237615.99,6.0,9.0
2408987,5.0,71.0,56.5,Male,2.0,41352.47,2.0,5.0
7378434,7.0,84.0,32.5,Male,2.0,33889.61,6.0,9.0
273721,25.0,300.0,26.0,Female,2.0,72183.61,3.0,6.0
9833183,12.0,153.0,29.5,Male,2.0,24798.83,1.0,4.0
105007,9.0,118.0,35.0,Female,2.0,34897.47,3.0,6.0
2122332,17.0,206.0,24.5,Male,2.0,41095.06,0.0,3.0
3250035,15.0,181.0,63.0,Male,2.0,129932.28,6.0,9.0
5359749,18.0,225.0,40.5,Female,2.0,54390.57,0.0,3.0
7485074,5.0,71.0,59.0,Unknown,2.0,41679.75,0.0,3.0
7226366,4.0,58.0,47.0,Unknown,2.0,30551.39,1.0,4.0
2752072,6.0,79.0,23.5,Unknown,3.0,30515.79,6.0,9.0
2197266,13.0,166.0,56.5,Male,2.0,60231.17,4.0,7.0
1462649,6.0,80.0,43.5,Unknown,2.0,136210.51,6.0,9.0
4499306,7.0,92.0,32.5,Unknown,2.0,40582.11,0.0,3.0
165765,6.0,72.0,28.5,Unknown,3.0,274322.6,6.0,9.0
1534505,12.0,154.0,70.0,Male,2.0,402530.85,6.0,9.0
8921716,8.0,99.0,51.5,Unknown,2.0,26865.46,6.0,9.0
6837121,6.0,80.0,32.0,Unknown,2.0,63536.43,0.0,3.0
3376862,7.0,90.0,35.5,Unknown,2.0,74224.29999999999,4.0,7.0
4688433,14.0,170.0,41.0,Female,2.0,88377.54999999999,6.0,9.0
7207981,6.0,72.0,37.5,Unknown,2.0,36804.79,1.0,4.0
3518821,11.0,137.0,30.5,Female,2.0,33443.73,2.0,5.0
6649965,27.0,329.0,84.0,Male,2.0,61841.0,1.0,4.0
5373510,11.0,138.0,55.0,Male,2.0,99390.32,1.0,4.0
8527390,12.0,155.0,73.0,Male,2.0,63049.46,6.0,9.0
7454658,15.0,181.0,32.5,Female,2.0,113455.75,3.0,6.0
1538385,6.0,77.0,56.5,Unknown,2.0,32610.72,1.0,4.0
6465108,11.0,135.0,33.0,Female,2.0,33562.57,5.0,8.0
6943538,6.0,79.0,37.0,Unknown,2.0,47040.65,6.0,9.0
5137397,13.0,158.0,72.0,Male,2.0,765978.91,6.0,9.0
7900566,4.0,57.0,47.5,Unknown,2.0,26141.06,1.0,4.0
8822072,13.0,158.0,53.0,Female,2.0,521843.38,6.0,9.0
4019292,16.0,200.0,63.5,Male,2.0,50371.09,1.0,4.0
838364,11.0,136.0,45.5,Female,2.0,30788.94,1.0,4.0
6328237,32.0,384.0,57.5,Male,3.0,367166.98,5.0,8.0
2715696,8.0,98.0,45.5,Unknown,2.0,167766.33000000002,0.0,3.0
8555070,12.0,151.0,25.0,Female,2.0,160143.88,3.0,6.0
2293253,13.0,164.0,36.0,Female,2.0,24106.59,1.0,4.0
6067170,4.0,57.0,29.5,Unknown,2.0,32348.57,4.0,7.0
3767825,6.0,80.0,29.0,Unknown,3.0,42453.82,5.0,8.0
8454223,7.0,85.0,35.5,Unknown,2.0,44064.48,1.0,4.0
7928493,6.0,76.0,56.0,Unknown,2.0,172090.0,4.0,7.0
1160323,22.0,275.0,27.5,Male,4.0,208434.76,6.0,9.0
5988404,19.0,231.0,65.5,Male,2.0,35542.77,1.0,4.0
7305468,18.0,227.0,52.5,Male,3.0,71398.51999999999,5.0,8.0
8610750,17.0,211.0,66.0,Male,4.0,1220733.59,6.0,9.0
2180091,5.0,71.0,57.0,Male,2.0,49523.82,4.0,8.0
748233,8.0,107.0,23.5,Male,3.0,67686.53,0.0,3.0
9961809,4.0,58.0,50.0,Unknown,2.0,101223.63,4.0,7.0
5956524,10.0,125.0,57.5,Male,2.0,84993.2,3.0,6.0
5286990,4.0,53.0,49.0,Unknown,2.0,84684.43,6.0,9.0
9361140,15.0,186.0,58.5,Male,2.0,32471.05,6.0,9.0
6346672,6.0,72.0,38.0,Unknown,2.0,32694.18,6.0,9.0
4303270,9.0,119.0,27.0,Male,3.0,93807.96,1.0,4.0
1946085,5.0,65.0,51.5,Unknown,3.0,36203.3,6.0,9.0
6002035,11.0,138.0,71.5,Female,2.0,37776.01,0.0,3.0
7962018,7.0,89.0,26.5,Unknown,2.0,60540.0,2.0,5.0
9678288,4.0,56.0,23.0,Unknown,2.0,48069.65,1.0,4.0
5048844,26.0,320.0,75.5,Female,2.0,499995.71,0.0,3.0
6885563,6.0,81.0,58.0,Unknown,2.0,52568.74,4.0,7.0
16135,14.0,170.0,63.5,Female,2.0,173616.2,3.0,6.0
2789487,8.0,101.0,25.5,Unknown,2.0,45046.42,6.0,9.0
571660,10.0,126.0,57.5,Male,2.0,273213.39,6.0,9.0
4087981,11.0,132.0,27.5,Male,2.0,37871.38,2.0,5.0
5918297,8.0,105.0,70.0,Female,2.0,37450.06,4.0,7.0
7658860,8.0,97.0,59.0,Unknown,3.0,89167.58,3.0,6.0
9237579,16.0,195.0,36.5,Male,2.0,28346.2,4.0,7.0
7144492,19.0,235.0,62.0,Female,2.0,215608.13,5.0,8.0
2406074,43.0,516.0,73.5,Male,2.0,137977.78999999998,5.0,8.0
1831514,6.0,81.0,72.5,Unknown,2.0,178036.01,5.0,8.0
5584469,6.0,77.0,27.5,Unknown,3.0,41930.37,2.0,5.0
6772518,6.0,80.0,63.5,Unknown,2.0,29860.81,4.0,7.0
2996782,11.0,133.0,63.5,Female,2.0,68360.0,2.0,5.0
9016312,3.0,44.0,18.0,Unknown,2.0,48073.42999999999,0.0,3.0
5287776,7.0,95.0,35.5,Unknown,2.0,59869.33,0.0,3.0
7363477,4.0,58.0,27.0,Unknown,2.0,33020.5,0.0,3.0
2978756,5.0,69.0,50.5,Unknown,3.0,39226.26,0.0,3.0
3996280,14.0,168.0,62.5,Female,2.0,144037.22,6.0,9.0
1296790,12.0,153.0,62.0,Male,2.0,268685.53,1.0,4.0
47933,13.0,156.0,49.5,Female,2.0,95327.95,1.0,4.0
431626,8.0,101.0,49.5,Unknown,2.0,99117.09,1.0,4.0
468776,8.0,106.0,35.5,Male,2.0,105568.45,3.0,6.0
2545515,14.0,168.0,48.5,Male,2.0,39121.68,1.0,4.0
3379469,8.0,105.0,32.0,Female,2.0,58360.23,4.0,7.0
8895060,5.0,69.0,65.5,Male,2.0,64219.52,5.0,8.0
3931869,5.0,66.0,25.0,Unknown,2.0,26660.6,6.0,9.0
6756469,7.0,94.0,35.5,Unknown,2.0,57930.56,0.0,3.0
4243600,12.0,144.0,24.0,Male,2.0,31630.13,1.0,4.0
5810327,12.0,145.0,30.5,Female,2.0,62940.15,2.0,5.0
9667799,25.0,300.0,47.5,Male,2.0,31491.21,6.0,9.0
8173142,24.0,297.0,62.5,Male,3.0,415873.04,5.0,8.0
4098097,23.0,281.0,68.5,Female,2.0,36497.83,0.0,3.0
4058807,22.0,275.0,61.0,Male,2.0,420125.84,4.0,7.0
934442,20.0,250.0,42.5,Female,3.0,104786.92,5.0,8.0
2982738,20.0,250.0,67.5,Female,3.0,78141.62,6.0,9.0
423183,20.0,241.0,47.5,Male,3.0,959637.47,6.0,9.0
6263611,17.0,215.0,53.5,Female,2.0,47586.57,3.0,6.0
2661043,18.0,216.0,52.0,Female,2.0,103476.93,6.0,9.0
1796649,16.0,202.0,62.5,Female,2.0,62029.45,4.0,7.0
6244778,14.0,172.0,71.0,Female,2.0,85983.9,1.0,4.0
2073207,9.0,108.0,58.5,Male,2.0,29046.13,0.0,3.0
5212827,14.0,175.0,44.0,Male,2.0,84453.31,1.0,4.0
5495881,22.0,274.0,39.0,Unknown,2.0,60758.54,0.0,4.0
3802621,15.0,180.0,44.0,Male,2.0,58005.4,6.0,9.0
2908566,7.0,89.0,63.0,Male,2.0,286666.67,0.0,4.0
3539384,4.0,58.0,41.5,Female,2.0,27711.46,2.0,5.0
5184096,7.0,85.0,21.0,Unknown,2.0,32954.34,6.0,9.0
3840809,9.0,110.0,31.0,Female,2.0,95829.56,2.0,5.0
7453419,9.0,109.0,35.5,Male,2.0,47618.75,1.0,4.0
7809917,13.0,164.0,69.5,Female,2.0,33813.44,4.0,7.0
3572257,6.0,83.0,24.5,Unknown,2.0,59344.67,6.0,9.0
8265362,7.0,92.0,41.5,Unknown,2.0,23814.76,2.0,5.0
5345805,16.0,192.0,52.0,Female,2.0,52635.85,5.0,8.0
2270034,5.0,69.0,47.5,Unknown,2.0,42248.24,1.0,4.0
3303323,8.0,100.0,35.0,Unknown,2.0,34558.36,6.0,9.0
1129306,9.0,118.0,66.5,Male,2.0,113023.8,6.0,9.0
5076403,15.0,186.0,30.0,Male,2.0,61763.12,6.0,9.0
9257975,14.0,169.0,18.5,Unknown,2.0,45364.33,0.0,3.0
6024105,15.0,188.0,50.0,Male,2.0,54227.21,1.0,4.0
5999047,8.0,102.0,22.0,Unknown,2.0,47350.34,3.0,6.0
7225107,7.0,84.0,52.5,Unknown,2.0,35950.03,4.0,7.0
5320543,9.0,115.0,63.5,Male,3.0,880288.62,6.0,9.0
8832230,15.0,181.0,73.5,Female,2.0,771060.11,6.0,9.0
2717799,6.0,83.0,57.5,Unknown,2.0,71941.98,2.0,5.0
3589009,8.0,98.0,46.0,Male,2.0,129111.0,0.0,3.0
9790646,22.0,264.0,66.0,Male,2.0,116351.07,6.0,9.0
8715467,28.0,341.0,54.0,Male,3.0,1735239.65,4.0,7.0
2581,4.0,58.0,22.0,Male,2.0,24976.79,1.0,4.0
41122,4.0,58.0,26.5,Unknown,2.0,32267.32,1.0,4.0
1930561,11.0,142.0,47.0,Male,2.0,70786.51,0.0,3.0
7762269,7.0,85.0,25.0,Male,2.0,187293.94,6.0,9.0
7001756,16.0,196.0,48.5,Female,2.0,74606.13,1.0,4.0
3667737,6.0,74.0,59.5,Unknown,2.0,62144.13,2.0,5.0
7605063,11.0,142.0,41.5,Female,2.0,35488.98,0.0,3.0
4903514,14.0,171.0,62.5,Male,2.0,59376.29,6.0,9.0
5379667,7.0,85.0,49.5,Unknown,2.0,36419.14,1.0,4.0
1438266,11.0,136.0,30.0,Female,2.0,62207.34,6.0,9.0
4043025,11.0,142.0,39.0,Male,2.0,53028.83,4.0,7.0
7172171,15.0,190.0,56.5,Female,2.0,43477.9,4.0,7.0
6389700,7.0,84.0,30.0,Unknown,2.0,24069.54,4.0,7.0
9295408,25.0,304.0,65.5,Male,2.0,150975.9,2.0,5.0
2971636,24.0,291.0,58.5,Male,3.0,566776.0900000001,2.0,6.0
7889820,25.0,301.0,59.0,Male,3.0,212013.37,4.0,7.0
3169324,22.0,265.0,51.5,Male,3.0,317823.42,6.0,9.0
4449968,21.0,252.0,53.5,Female,4.0,124701.46,2.0,5.0
7186557,20.0,250.0,32.5,Male,2.0,229440.09000000003,3.0,6.0
9684806,20.0,247.0,41.0,Male,3.0,1977654.45,4.0,8.0
1058810,20.0,246.0,45.0,Male,3.0,150793.74,5.0,8.0
2107030,20.0,242.0,56.0,Female,2.0,34244.58,0.0,3.0
8586222,17.0,213.0,61.0,Female,2.0,37804.34,6.0,9.0
7047598,6.0,82.0,42.0,Unknown,2.0,71097.95999999999,6.0,9.0
2171087,5.0,60.0,68.0,Male,2.0,444771.23,6.0,9.0
8119688,9.0,119.0,25.0,Female,2.0,24498.02,0.0,3.0
2637815,27.0,331.0,54.5,Male,2.0,47174.14,0.0,3.0
6253626,12.0,147.0,20.5,Male,2.0,28998.67,1.0,4.0
8960791,9.0,117.0,43.5,Female,2.0,572139.75,0.0,3.0
5441598,4.0,57.0,68.5,Unknown,2.0,110891.39,4.0,7.0
9281816,5.0,60.0,41.5,Unknown,2.0,65294.6,0.0,3.0
1124939,4.0,57.0,67.0,Female,3.0,53054.26,6.0,9.0
5512263,6.0,72.0,22.5,Male,2.0,38642.76,6.0,9.0
6586594,6.0,72.0,25.0,Unknown,2.0,60653.31,0.0,3.0
1246796,16.0,192.0,24.5,Female,2.0,28251.54,2.0,5.0
8711441,15.0,180.0,51.5,Female,2.0,63980.47,5.0,8.0
3767203,9.0,109.0,47.5,Male,2.0,70820.4,6.0,9.0
2228978,5.0,70.0,60.5,Unknown,3.0,323550.19,5.0,8.0
5241409,12.0,154.0,61.5,Female,2.0,28938.42,0.0,4.0
2347584,13.0,163.0,60.0,Female,2.0,25678.79,3.0,6.0
831379,5.0,70.0,62.5,Unknown,2.0,28408.52,2.0,5.0
5599270,6.0,82.0,61.0,Unknown,2.0,64081.06,0.0,3.0
2289242,6.0,82.0,56.0,Unknown,2.0,31498.45,1.0,4.0
3607167,19.0,238.0,66.0,Female,2.0,117501.63,0.0,3.0
106137,8.0,103.0,51.0,Female,2.0,57980.78,3.0,6.0
9892018,6.0,78.0,21.5,Unknown,3.0,54732.6,5.0,8.0
6166970,16.0,198.0,62.0,Female,2.0,303945.53,6.0,9.0
8836938,12.0,151.0,63.5,Male,2.0,35048.24,6.0,9.0
5062808,10.0,126.0,28.5,Male,4.0,257488.95,6.0,9.0
6746464,30.0,361.0,50.5,Male,2.0,47892.98,2.0,5.0
5171446,14.0,179.0,60.5,Male,2.0,28749.44,0.0,3.0
6023470,18.0,221.0,26.0,Female,2.0,145977.64,3.0,6.0
2653269,7.0,88.0,41.0,Unknown,2.0,180237.02,1.0,4.0
2594063,7.0,84.0,50.0,Unknown,2.0,118308.31,1.0,4.0
8182490,15.0,186.0,48.5,Male,2.0,88368.06,3.0,6.0
2406259,14.0,172.0,45.0,Female,2.0,39619.31,1.0,4.0
8945332,23.0,284.0,55.0,Male,2.0,337046.53,6.0,9.0
1520540,22.0,270.0,53.5,Male,2.0,133645.22999999998,6.0,9.0
5156136,22.0,268.0,52.5,Male,2.0,103200.33,5.0,8.0
8313694,21.0,253.0,51.0,Female,2.0,140020.97999999998,0.0,3.0
2486678,20.0,249.0,71.0,Male,3.0,561168.4600000001,2.0,5.0
351038,20.0,241.0,50.0,Male,2.0,61573.5,5.0,8.0
3099452,18.0,226.0,55.0,Female,3.0,86542.93,2.0,7.0
1548193,17.0,215.0,33.5,Male,2.0,175215.51,5.0,8.0
3253291,12.0,150.0,28.5,Female,3.0,148482.78999999998,4.0,7.0
2323637,4.0,57.0,64.0,Male,2.0,318275.79,6.0,9.0
7254723,6.0,80.0,75.0,Unknown,2.0,149515.78,6.0,9.0
3716587,12.0,155.0,43.0,Male,3.0,134899.7,1.0,4.0
1155060,8.0,107.0,29.5,Unknown,2.0,33290.48,1.0,4.0
5631954,14.0,177.0,60.0,Male,2.0,236370.01,6.0,9.0
6821987,4.0,59.0,47.5,Unknown,2.0,29858.95,0.0,3.0
2179845,24.0,292.0,62.5,Female,2.0,143381.49,2.0,5.0
8687548,5.0,68.0,68.0,Male,2.0,65156.82,3.0,6.0
6414378,29.0,352.0,53.5,Female,2.0,451273.13,1.0,4.0
863963,12.0,154.0,19.5,Male,3.0,85509.23,6.0,9.0
4514128,6.0,82.0,34.0,Unknown,2.0,66136.54000000001,1.0,4.0
9910831,11.0,139.0,31.5,Female,2.0,102060.65,0.0,3.0
864721,13.0,156.0,44.5,Male,2.0,157675.56,6.0,9.0
908608,14.0,178.0,53.0,Male,2.0,56823.69,1.0,4.0
1227534,30.0,363.0,72.0,Male,3.0,625945.88,6.0,9.0
6217043,15.0,186.0,65.0,Male,2.0,117943.43,0.0,4.0
4468780,26.0,314.0,68.5,Female,3.0,681199.2000000001,3.0,6.0
193835,27.0,331.0,84.5,Female,2.0,54177.98,2.0,5.0
7285382,16.0,192.0,37.5,Female,2.0,35004.83,6.0,9.0
7390281,15.0,189.0,51.0,Female,2.0,59000.48,1.0,4.0
1013029,3.0,39.0,52.0,Unknown,2.0,52666.89,2.0,5.0
1012168,6.0,82.0,39.0,Unknown,2.0,56091.32,1.0,4.0
4717014,27.0,335.0,51.5,Female,2.0,43476.47,0.0,3.0
2798244,7.0,96.0,33.5,Unknown,2.0,46586.37,0.0,3.0
3371047,7.0,91.0,68.5,Unknown,2.0,195133.9,6.0,9.0
8686733,11.0,132.0,85.0,Female,3.0,103255.09,6.0,9.0
6806451,13.0,157.0,49.0,Female,2.0,28247.93,6.0,9.0
9428003,15.0,185.0,59.5,Female,2.0,36441.38,2.0,5.0
3843683,5.0,70.0,46.5,Female,2.0,145875.84,1.0,4.0
4600195,16.0,192.0,68.0,Female,2.0,56138.41,1.0,4.0
1298301,9.0,109.0,43.5,Male,2.0,58601.57,5.0,8.0
9746326,7.0,85.0,67.5,Unknown,2.0,31036.31,4.0,7.0
9708366,14.0,174.0,32.0,Female,2.0,72359.1,0.0,3.0
6952910,7.0,84.0,54.5,Unknown,2.0,71969.38,2.0,5.0
4726332,15.0,188.0,51.5,Male,2.0,31735.44,1.0,4.0
2894620,15.0,189.0,35.0,Male,2.0,42652.22,1.0,4.0
5179510,7.0,91.0,67.5,Unknown,3.0,113155.41,6.0,9.0
361306,12.0,147.0,64.0,Male,3.0,30544.69,3.0,6.0
6513718,6.0,73.0,62.5,Unknown,2.0,25697.02,6.0,9.0
5518993,8.0,101.0,30.5,Unknown,2.0,52337.9,2.0,5.0
8530605,5.0,71.0,63.5,Unknown,2.0,41009.55,2.0,5.0
1754463,4.0,55.0,25.0,Female,2.0,64442.91,3.0,6.0
9137754,25.0,303.0,44.5,Male,3.0,1396463.5699999998,6.0,9.0
9517647,23.0,286.0,54.0,Male,2.0,74942.82,6.0,9.0
2966935,22.0,273.0,67.5,Female,4.0,667272.16,3.0,6.0
4612060,22.0,267.0,68.0,Male,2.0,34313.59,6.0,9.0
2686458,23.0,280.0,60.5,Male,3.0,3647710.43,0.0,4.0
1430624,18.0,217.0,36.5,Unknown,3.0,334384.29,5.0,8.0
9074859,6.0,72.0,31.5,Unknown,3.0,90255.21,3.0,6.0
9937616,4.0,59.0,29.0,Unknown,2.0,26535.75,2.0,5.0
7433902,15.0,187.0,43.0,Female,2.0,346483.2,6.0,9.0
7294783,6.0,73.0,36.5,Unknown,2.0,25186.41,1.0,4.0
9497997,4.0,55.0,55.5,Unknown,2.0,45956.02,2.0,5.0
3389527,10.0,125.0,30.0,Male,3.0,82811.51,4.0,7.0
2822607,9.0,116.0,45.5,Female,2.0,114918.23,4.0,7.0
5412721,15.0,181.0,28.5,Female,2.0,42167.74,0.0,3.0
2587590,12.0,152.0,59.0,Female,4.0,104268.68,6.0,9.0
3469614,7.0,85.0,25.5,Unknown,2.0,39830.05,6.0,9.0
7953182,5.0,64.0,60.5,Unknown,2.0,196550.5,5.0,8.0
7070097,11.0,133.0,53.0,Male,2.0,8986419.77,6.0,9.0
7634812,14.0,169.0,62.0,Female,2.0,39002.48,5.0,8.0
9528028,20.0,246.0,66.5,Male,2.0,379919.81,4.0,7.0
1884245,6.0,83.0,32.0,Unknown,4.0,403822.87,6.0,9.0
5568049,15.0,189.0,51.5,Male,3.0,125120.6,2.0,5.0
4275135,6.0,82.0,26.0,Unknown,2.0,26432.52,3.0,6.0
6457664,5.0,65.0,60.0,Unknown,3.0,1784711.71,5.0,8.0
6545776,35.0,430.0,70.0,Female,2.0,53067.06,2.0,5.0
2354035,55.0,668.0,72.0,Female,2.0,157703.82,3.0,6.0
9506769,30.0,371.0,75.0,Male,2.0,44989.42,3.0,6.0
2448787,15.0,186.0,37.5,Female,2.0,34080.85,0.0,3.0
6708433,13.0,156.0,56.0,Male,3.0,157494.07,6.0,9.0
7538367,15.0,191.0,64.0,Female,2.0,35110.38,3.0,6.0
4909817,7.0,95.0,33.5,Unknown,2.0,99338.67,6.0,9.0
7737702,4.0,58.0,24.0,Unknown,3.0,31176.79,1.0,4.0
7468293,27.0,334.0,52.5,Female,2.0,48291.05,0.0,3.0
9343636,7.0,91.0,46.5,Unknown,2.0,100993.38,0.0,3.0
6573809,15.0,180.0,57.5,Male,3.0,288337.15,5.0,8.0
9491805,4.0,58.0,58.5,Unknown,2.0,39108.34,0.0,3.0
653513,28.0,340.0,32.5,Female,3.0,41950.17,4.0,7.0
2108691,9.0,118.0,57.0,Male,2.0,176228.31,2.0,5.0
1914298,6.0,81.0,26.5,Unknown,3.0,53456.96,5.0,8.0
308060,14.0,173.0,43.5,Female,2.0,64116.8,1.0,4.0
777118,17.0,214.0,51.0,Unknown,4.0,712235.16,2.0,5.0
9158440,6.0,82.0,59.0,Unknown,2.0,30487.49,1.0,4.0
8462687,5.0,60.0,47.5,Unknown,2.0,64250.18,6.0,9.0
3777351,8.0,104.0,36.5,Male,3.0,225805.41,6.0,9.0
6658882,27.0,324.0,62.5,Female,2.0,223538.84000000003,0.0,3.0
3904363,6.0,73.0,64.5,Unknown,3.0,512159.72,6.0,9.0
3076128,4.0,57.0,27.0,Unknown,2.0,42086.28,2.0,5.0
233429,14.0,178.0,51.5,Male,2.0,65393.7,0.0,3.0
7267111,7.0,85.0,26.5,Male,2.0,55774.05,0.0,3.0
8556804,20.0,244.0,58.5,Male,2.0,75253.0,2.0,5.0
1335216,15.0,189.0,36.5,Male,3.0,507035.19,4.0,7.0
8604300,5.0,65.0,65.5,Male,2.0,54607.67,4.0,7.0
4520299,6.0,74.0,27.0,Unknown,2.0,45102.32,0.0,3.0
8770403,30.0,371.0,65.0,Female,2.0,33482.22,0.0,3.0
2289925,16.0,192.0,65.0,Female,2.0,730519.05,3.0,6.0
7012371,6.0,81.0,26.0,Unknown,2.0,59090.96,6.0,9.0
5163802,33.0,407.0,63.5,Female,2.0,374528.37,6.0,9.0
7427161,15.0,184.0,37.5,Male,2.0,282354.51,0.0,3.0
5835634,14.0,175.0,52.5,Male,2.0,81149.9,3.0,6.0
9406651,24.0,295.0,51.5,Female,2.0,51692.98,3.0,6.0
5932527,24.0,292.0,81.0,Male,3.0,967918.68,4.0,7.0
2682091,24.0,289.0,61.5,Male,4.0,2609605.44,5.0,9.0
2257145,22.0,265.0,30.0,Female,2.0,24689.29,3.0,6.0
9995084,21.0,263.0,68.5,Female,3.0,784605.3200000001,6.0,9.0
9722838,18.0,220.0,51.0,Male,2.0,86437.4,2.0,5.0
6010917,8.0,105.0,58.0,Male,2.0,150174.36,2.0,5.0
4140276,5.0,61.0,57.5,Unknown,2.0,33481.45,6.0,9.0
3278160,7.0,95.0,53.5,Unknown,2.0,46067.35,0.0,3.0
3516520,15.0,189.0,58.5,Female,2.0,91043.53,5.0,8.0
3436732,7.0,88.0,51.0,Unknown,3.0,83415.19,4.0,7.0
2118104,6.0,73.0,61.0,Male,2.0,326344.8,1.0,4.0
1234625,8.0,105.0,78.0,Male,2.0,86332.1,5.0,8.0
2721873,13.0,156.0,56.5,Male,2.0,37296.61,3.0,6.0
5851995,14.0,172.0,21.0,Male,2.0,26759.84,3.0,6.0
7944408,8.0,98.0,43.0,Female,2.0,28716.04,3.0,6.0
9179290,10.0,124.0,29.0,Female,2.0,67712.22,2.0,5.0
6162060,18.0,226.0,66.5,Female,2.0,72547.91,1.0,4.0
8903501,13.0,166.0,44.5,Female,2.0,30299.98,0.0,7.0
7328839,14.0,178.0,61.0,Female,2.0,48572.67,3.0,6.0
6700649,5.0,64.0,46.0,Female,2.0,37746.72,0.0,3.0
5804569,18.0,226.0,71.5,Male,2.0,116087.92,1.0,4.0
3156983,5.0,70.0,37.0,Unknown,4.0,35012.44,2.0,5.0
2972315,6.0,72.0,46.0,Unknown,2.0,51597.9,6.0,9.0
3949122,5.0,60.0,34.5,Unknown,2.0,30758.03,4.0,7.0
8984851,5.0,68.0,29.0,Unknown,2.0,25122.07,1.0,4.0
6856197,9.0,118.0,64.5,Male,2.0,103748.23,2.0,5.0
7241458,6.0,75.0,60.5,Unknown,2.0,143160.18,6.0,9.0
8669100,12.0,152.0,57.5,Male,3.0,61243.2,5.0,8.0
7072986,4.0,54.0,59.0,Unknown,2.0,116309.57,3.0,6.0
100940,15.0,190.0,47.0,Unknown,2.0,178212.88,6.0,9.0
3678111,14.0,175.0,41.5,Female,2.0,45714.55,2.0,5.0
3104377,34.0,417.0,63.0,Female,3.0,3377435.0,5.0,8.0
4547552,5.0,71.0,26.5,Unknown,2.0,26511.4,1.0,4.0
8087706,21.0,253.0,67.0,Male,2.0,26122.21,2.0,5.0
965283,12.0,151.0,33.0,Female,2.0,29639.44,0.0,3.0
6106562,5.0,70.0,21.5,Unknown,2.0,32112.27,2.0,5.0
3893174,13.0,162.0,85.0,Male,2.0,54644.91,6.0,9.0
5920529,10.0,127.0,55.5,Male,2.0,55333.7,4.0,7.0
5440190,6.0,82.0,31.5,Unknown,3.0,97643.67,3.0,6.0
377022,12.0,153.0,50.0,Male,2.0,133690.52000000002,6.0,9.0
9989513,4.0,56.0,44.5,Unknown,2.0,335888.13,6.0,9.0
1976026,5.0,66.0,55.5,Male,2.0,1001671.76,6.0,9.0
6251214,13.0,161.0,52.5,Female,2.0,39285.39,6.0,9.0
8009941,8.0,100.0,49.5,Unknown,2.0,96934.06,4.0,7.0
2166183,4.0,58.0,64.5,Unknown,2.0,24231.15,1.0,4.0
4544412,12.0,148.0,37.0,Male,2.0,57820.09,0.0,3.0
4438679,7.0,85.0,71.5,Unknown,4.0,172982.02000000002,6.0,9.0
3745434,5.0,70.0,21.0,Unknown,2.0,32280.77,0.0,3.0
460505,10.0,131.0,47.0,Male,2.0,43554.07,0.0,3.0
7900853,5.0,67.0,44.0,Unknown,2.0,32126.61,4.0,7.0
1132302,23.0,278.0,48.5,Male,2.0,599778.61,3.0,6.0
7802782,22.0,264.0,49.0,Male,3.0,199338.73,5.0,8.0
7260625,21.0,258.0,29.0,Male,3.0,26141.21,6.0,9.0
2594659,20.0,246.0,60.0,Male,3.0,59225.35,0.0,3.0
3468143,20.0,241.0,64.0,Female,2.0,51048.45,3.0,6.0
5317820,19.0,228.0,22.0,Male,2.0,44319.22,4.0,7.0
7815714,7.0,88.0,57.5,Unknown,2.0,81438.23999999999,2.0,5.0
517186,15.0,180.0,69.5,Male,2.0,31286.72,3.0,6.0
6115725,8.0,97.0,21.5,Unknown,2.0,44516.97,0.0,3.0
6677074,5.0,70.0,67.0,Unknown,2.0,79015.39,4.0,7.0
4606906,8.0,106.0,56.0,Female,2.0,58415.5,2.0,5.0
7826041,7.0,86.0,45.0,Unknown,2.0,59939.35,2.0,5.0
1806584,8.0,103.0,58.5,Unknown,2.0,24807.45,0.0,3.0
6743650,18.0,218.0,61.5,Female,2.0,264986.29,6.0,9.0
2007508,7.0,88.0,55.5,Unknown,2.0,61346.96,4.0,7.0
1455865,31.0,382.0,46.0,Male,2.0,26630.37,6.0,9.0
4849181,10.0,127.0,52.0,Female,2.0,291855.37,6.0,9.0
4575187,13.0,166.0,44.0,Female,2.0,38011.61,1.0,4.0
9772972,6.0,73.0,34.0,Unknown,3.0,55266.82,1.0,4.0
1115010,5.0,67.0,62.0,Unknown,2.0,32018.19,1.0,4.0
9670804,8.0,106.0,60.5,Male,2.0,286442.78,6.0,9.0
6360509,15.0,185.0,45.5,Male,3.0,1290764.84,6.0,9.0
8707061,19.0,229.0,45.0,Male,2.0,394212.13,5.0,8.0
695211,7.0,94.0,58.0,Unknown,2.0,45112.21,0.0,3.0
6708228,15.0,181.0,45.5,Male,2.0,518291.06,1.0,4.0
1583044,5.0,66.0,34.5,Unknown,2.0,46296.24,1.0,4.0
3060931,10.0,121.0,38.5,Male,2.0,53681.2,5.0,8.0
3367099,18.0,216.0,52.0,Female,2.0,432637.47,5.0,8.0
8697150,4.0,58.0,20.5,Unknown,4.0,82407.01999999999,6.0,9.0
240468,22.0,270.0,75.5,Female,2.0,2137431.35,6.0,9.0
2719667,14.0,172.0,43.0,Male,2.0,28815.88,1.0,4.0
3604196,4.0,59.0,48.0,Female,2.0,54293.84,0.0,3.0
4078671,15.0,180.0,63.0,Male,2.0,50648.67999999999,1.0,4.0
5413659,10.0,125.0,29.0,Male,3.0,100932.39,1.0,4.0
3407269,9.0,119.0,36.0,Male,2.0,60451.21,1.0,4.0
8516900,36.0,440.0,75.5,Male,4.0,1221214.99,6.0,9.0
2465653,11.0,137.0,23.5,Female,3.0,70853.75,1.0,4.0
8611091,5.0,67.0,61.0,Male,2.0,34858.57,3.0,6.0
4555516,23.0,283.0,62.0,Female,2.0,118105.29,2.0,5.0
8873013,6.0,76.0,64.0,Female,3.0,436644.32,2.0,5.0
3929612,13.0,164.0,64.0,Male,3.0,465878.12,2.0,5.0
6318309,25.0,307.0,22.0,Male,2.0,89410.26,4.0,7.0
760441,23.0,282.0,65.0,Male,2.0,138766.65,6.0,9.0
5339414,19.0,238.0,45.0,Male,2.0,117760.75,4.0,7.0
9113181,19.0,231.0,54.0,Male,2.0,94048.69,1.0,4.0
8507003,18.0,218.0,42.5,Unknown,3.0,47112.69,4.0,7.0
689630,16.0,203.0,52.0,Male,3.0,488210.69,3.0,6.0
1784712,16.0,202.0,63.5,Unknown,2.0,198002.27,6.0,9.0
1057707,28.0,343.0,85.5,Female,3.0,249965.69,6.0,9.0
277068,5.0,71.0,25.5,Unknown,3.0,77668.15,4.0,7.0
5936153,5.0,68.0,56.0,Unknown,2.0,53852.82,3.0,6.0
3425156,28.0,343.0,53.5,Female,2.0,70657.28,5.0,8.0
2173695,8.0,107.0,77.0,Male,2.0,67309.25,4.0,9.0
6150339,14.0,173.0,31.5,Male,2.0,37608.0,1.0,4.0
3546780,11.0,133.0,31.0,Female,2.0,42681.88,1.0,4.0
7867818,10.0,130.0,30.0,Female,2.0,32713.4,2.0,5.0
2039099,6.0,77.0,49.5,Unknown,2.0,37618.52,2.0,5.0
6315858,14.0,171.0,43.0,Unknown,2.0,111465.68,6.0,9.0
6965231,6.0,80.0,28.5,Unknown,2.0,54769.66,0.0,3.0
2360934,7.0,85.0,60.0,Unknown,2.0,91115.39,1.0,4.0
7302165,10.0,131.0,37.0,Male,2.0,65097.84,0.0,3.0
6275218,5.0,67.0,35.5,Unknown,3.0,63873.24,0.0,3.0
1253755,15.0,189.0,60.5,Male,2.0,174988.27999999997,1.0,4.0
534481,20.0,240.0,49.5,Male,2.0,66022.70999999999,4.0,7.0
2532062,9.0,118.0,48.0,Female,2.0,52690.97,2.0,5.0
3777615,8.0,96.0,46.0,Unknown,2.0,52885.97,2.0,5.0
6474767,13.0,167.0,53.5,Female,2.0,37956.86,1.0,4.0
6631427,9.0,118.0,25.5,Female,2.0,30152.47,0.0,3.0
5095048,8.0,106.0,27.5,Female,2.0,31524.05,1.0,4.0
9219824,4.0,59.0,45.0,Unknown,2.0,52088.01,5.0,8.0
7706822,6.0,73.0,59.0,Unknown,2.0,136405.72999999998,4.0,7.0
7249429,14.0,174.0,62.0,Male,2.0,53372.95,6.0,9.0
1188370,10.0,128.0,33.0,Female,2.0,41375.07,4.0,7.0
3002288,12.0,150.0,28.5,Male,2.0,48500.25,2.0,5.0
7209144,4.0,57.0,59.5,Unknown,2.0,31769.89,1.0,4.0
4484976,14.0,173.0,37.5,Male,2.0,69818.39,6.0,9.0
312781,7.0,84.0,29.5,Unknown,2.0,65209.44,4.0,7.0
5961296,26.0,319.0,70.0,Female,2.0,120288.47,0.0,3.0
7038496,5.0,67.0,61.0,Unknown,2.0,201919.45,5.0,8.0
4443864,5.0,62.0,60.0,Unknown,2.0,107421.46,0.0,3.0
9184499,6.0,76.0,41.0,Unknown,2.0,49506.92999999999,4.0,7.0
2942725,23.0,287.0,64.5,Unknown,2.0,46655.02,1.0,4.0
7778596,23.0,277.0,69.5,Female,3.0,65374.83,2.0,7.0
4986151,21.0,260.0,48.5,Female,3.0,98484.36,3.0,6.0
5606829,21.0,253.0,63.0,Male,3.0,129885.67,5.0,8.0
2829817,21.0,259.0,21.0,Female,3.0,90303.87,6.0,9.0
4714892,21.0,252.0,59.0,Male,2.0,29555.19,0.0,3.0
4551472,18.0,224.0,41.5,Female,3.0,124477.2,6.0,9.0
3958790,18.0,220.0,53.0,Female,2.0,107581.2,0.0,3.0
7187119,11.0,142.0,46.0,Male,2.0,41767.0,3.0,6.0
3536701,11.0,138.0,71.0,Male,2.0,615727.37,1.0,4.0
9815454,26.0,314.0,59.0,Male,3.0,611043.5700000001,6.0,9.0
133487,27.0,328.0,64.0,Male,2.0,107434.82,4.0,7.0
8665939,14.0,174.0,44.0,Unknown,2.0,58208.57,5.0,8.0
5189490,9.0,118.0,63.0,Female,2.0,127835.41,3.0,8.0
8563929,5.0,60.0,26.5,Unknown,3.0,65801.07,6.0,9.0
8031402,13.0,160.0,34.0,Male,3.0,48895.28999999999,3.0,6.0
1916748,13.0,167.0,28.5,Male,3.0,171462.56,5.0,8.0
4893941,9.0,112.0,31.0,Female,2.0,39546.05,4.0,7.0
3334636,13.0,162.0,34.5,Male,2.0,221897.64,6.0,9.0
1363526,10.0,122.0,57.5,Female,2.0,69823.31,5.0,8.0
7398490,20.0,246.0,52.0,Female,2.0,170511.05,6.0,9.0
9484805,15.0,181.0,40.5,Male,2.0,81955.23,5.0,8.0
349728,15.0,182.0,21.0,Unknown,3.0,107667.73,0.0,3.0
6518469,9.0,110.0,39.0,Male,2.0,46059.49,5.0,8.0
6775330,13.0,161.0,64.5,Male,2.0,302914.36,5.0,8.0
9160227,7.0,94.0,37.0,Unknown,2.0,28232.82,0.0,3.0
1042799,10.0,131.0,42.5,Male,2.0,548970.9800000001,3.0,6.0
535308,18.0,216.0,60.0,Female,3.0,62175.73,1.0,4.0
22885,5.0,70.0,32.0,Female,3.0,149784.99,6.0,9.0
124646,10.0,130.0,40.0,Female,2.0,45483.69,0.0,3.0
499985,5.0,65.0,61.0,Unknown,2.0,114204.34,3.0,6.0
5356988,9.0,111.0,28.5,Male,4.0,291057.16,5.0,8.0
1719270,16.0,192.0,63.5,Male,3.0,119761.31,4.0,7.0
2879347,6.0,73.0,29.5,Unknown,2.0,175358.8,6.0,9.0
7309488,13.0,164.0,42.5,Male,3.0,165128.18,3.0,6.0
5856930,7.0,88.0,71.0,Male,2.0,191471.43,6.0,9.0
7657953,6.0,79.0,53.0,Unknown,2.0,70831.26,5.0,8.0
3444073,10.0,125.0,24.0,Female,2.0,33606.98,6.0,9.0
3839207,12.0,155.0,45.5,Male,2.0,86477.32,0.0,4.0
417204,16.0,193.0,58.5,Female,3.0,79371.68,1.0,4.0
2346012,14.0,178.0,41.0,Female,2.0,87722.76,4.0,7.0
6401355,15.0,185.0,70.5,Female,2.0,28366.03,2.0,5.0
3585638,5.0,71.0,20.0,Unknown,2.0,26522.58,5.0,8.0
4473948,4.0,58.0,53.5,Unknown,2.0,30955.97,0.0,3.0
3872764,4.0,56.0,70.5,Unknown,2.0,559545.26,2.0,5.0
5041136,14.0,178.0,39.5,Female,3.0,37746.71,1.0,4.0
7343694,31.0,379.0,72.0,Male,2.0,179040.02999999997,2.0,5.0
1819298,13.0,160.0,37.5,Male,2.0,116637.81,0.0,3.0
1320681,9.0,113.0,55.5,Female,2.0,65690.22,2.0,5.0
4364398,6.0,82.0,54.5,Unknown,3.0,378953.24,5.0,8.0
9792206,6.0,83.0,54.5,Male,3.0,98961.02,6.0,9.0
1299348,12.0,144.0,34.0,Male,3.0,107372.61,1.0,4.0
9126956,15.0,180.0,58.5,Male,2.0,292522.88,1.0,4.0
1903685,13.0,157.0,29.0,Female,2.0,37972.23,1.0,4.0
903989,13.0,166.0,52.0,Male,2.0,62693.69,1.0,4.0
6861387,5.0,64.0,24.5,Unknown,2.0,50173.49,2.0,5.0
1302582,5.0,71.0,40.0,Unknown,2.0,103908.31,0.0,3.0
3081843,27.0,334.0,64.5,Female,2.0,32818.649999999994,3.0,6.0
3009588,6.0,75.0,44.5,Female,2.0,36175.41,1.0,4.0
5426380,23.0,282.0,52.5,Female,2.0,35386.86,2.0,5.0
7697899,23.0,276.0,58.5,Female,2.0,83091.48,5.0,8.0
772498,22.0,274.0,31.0,Male,2.0,40421.98,4.0,7.0
6136374,22.0,271.0,42.5,Male,3.0,64103.5,6.0,9.0
8007409,22.0,266.0,21.0,Male,2.0,44565.14,5.0,8.0
5890598,20.0,251.0,20.5,Male,2.0,27097.92,4.0,7.0
2754872,20.0,242.0,70.0,Male,2.0,107015.41,3.0,6.0
697179,23.0,281.0,34.0,Male,2.0,96252.26,5.0,8.0
7789493,16.0,203.0,52.0,Female,2.0,160286.15000000002,3.0,6.0
2199722,5.0,70.0,21.5,Unknown,2.0,30750.6,4.0,7.0
1913494,10.0,124.0,36.0,Female,2.0,29247.6,4.0,7.0
6147069,12.0,155.0,67.5,Male,4.0,1223545.8099999998,6.0,9.0
4295778,13.0,158.0,44.5,Male,2.0,46195.71,0.0,3.0
841242,8.0,106.0,48.5,Male,4.0,93247.7,5.0,8.0
4780398,14.0,170.0,64.5,Male,2.0,105704.29,1.0,4.0
8250114,13.0,164.0,66.5,Male,3.0,601023.6000000001,5.0,9.0
5478898,12.0,144.0,46.0,Male,2.0,83761.82,0.0,3.0
9571170,5.0,66.0,25.5,Unknown,3.0,30909.61,1.0,4.0
5244980,12.0,150.0,60.0,Male,2.0,24348.49,0.0,3.0
9315226,15.0,190.0,43.5,Female,2.0,37703.09,3.0,6.0
993682,4.0,59.0,31.0,Unknown,3.0,37635.56,6.0,9.0
1159934,8.0,107.0,66.5,Male,2.0,184383.61,0.0,3.0
3340004,14.0,169.0,44.0,Male,2.0,41846.59,0.0,3.0
9470581,12.0,149.0,35.0,Male,2.0,42868.17999999999,6.0,9.0
2924134,14.0,175.0,45.0,Male,3.0,155027.08000000002,5.0,8.0
5357103,10.0,123.0,27.0,Female,2.0,65606.01,3.0,6.0
3477198,4.0,56.0,51.5,Female,2.0,51106.64,4.0,7.0
4537279,12.0,155.0,34.5,Male,2.0,44056.78,5.0,8.0
4700338,13.0,167.0,36.0,Male,2.0,160560.69,2.0,5.0
9273923,6.0,74.0,37.0,Unknown,2.0,36696.31,0.0,3.0
9836403,13.0,166.0,50.5,Male,2.0,30126.65,1.0,4.0
5467002,5.0,66.0,29.5,Unknown,3.0,107431.9,6.0,9.0
2532775,5.0,63.0,25.5,Unknown,2.0,28704.21,2.0,5.0
9198239,13.0,158.0,52.0,Male,2.0,301997.16,3.0,6.0
3071824,6.0,78.0,34.0,Unknown,2.0,117942.45,4.0,8.0
6474685,16.0,197.0,34.0,Male,3.0,580487.17,6.0,9.0
6518936,4.0,58.0,24.5,Unknown,2.0,29347.84,2.0,5.0
1065037,29.0,351.0,70.0,Male,3.0,72618.23999999999,1.0,4.0
6502443,29.0,358.0,82.0,Female,2.0,102736.58,6.0,9.0
4601536,5.0,71.0,56.0,Unknown,2.0,29810.77,1.0,4.0
2202223,10.0,122.0,53.5,Male,2.0,141770.57,0.0,3.0
3569078,11.0,136.0,49.0,Female,2.0,110479.24,6.0,9.0
7520488,10.0,130.0,37.0,Unknown,2.0,28647.7,0.0,3.0
7606952,4.0,59.0,27.5,Male,2.0,40276.73,5.0,8.0
7748548,15.0,183.0,25.0,Male,2.0,63396.57,0.0,3.0
4825591,12.0,148.0,60.0,Female,2.0,103103.23,2.0,5.0
3809225,7.0,95.0,54.0,Unknown,2.0,513656.6,6.0,9.0
3323753,6.0,77.0,26.5,Unknown,2.0,50436.28999999999,6.0,9.0
6525271,25.0,300.0,59.5,Male,4.0,396060.87,6.0,9.0
9245399,24.0,293.0,62.5,Female,2.0,345437.67,6.0,9.0
6631558,23.0,283.0,76.0,Female,2.0,58869.76,6.0,9.0
2693752,21.0,258.0,56.5,Male,2.0,204267.68,2.0,5.0
5444568,20.0,248.0,45.0,Female,3.0,454322.73,4.0,7.0
2602185,20.0,248.0,21.0,Male,2.0,31883.09,1.0,4.0
2276002,6.0,72.0,51.0,Unknown,2.0,813319.87,1.0,4.0
3198495,26.0,322.0,67.5,Female,4.0,1483522.15,5.0,8.0
4593085,15.0,180.0,49.5,Male,2.0,87788.76999999999,2.0,5.0
6569137,7.0,88.0,72.0,Unknown,2.0,44527.53999999999,4.0,7.0
5329164,16.0,193.0,66.5,Female,2.0,65545.25,0.0,3.0
8989943,6.0,82.0,25.0,Unknown,3.0,85700.53,1.0,4.0
1554200,14.0,176.0,66.0,Female,2.0,248662.15,2.0,5.0
6094813,10.0,121.0,47.0,Female,2.0,46962.11,6.0,9.0
5002894,8.0,106.0,55.0,Unknown,2.0,64958.61,2.0,5.0
6804613,8.0,104.0,56.0,Female,2.0,31726.32,0.0,4.0
2965474,7.0,93.0,29.5,Unknown,2.0,31690.29,1.0,4.0
180381,9.0,111.0,51.5,Female,2.0,37935.97,2.0,5.0
710376,29.0,355.0,66.0,Male,2.0,329057.49,5.0,8.0
3462461,19.0,237.0,55.0,Male,2.0,33069.53,2.0,5.0
3897933,8.0,104.0,69.5,Female,2.0,31798.82,2.0,5.0
64020,15.0,189.0,46.5,Female,2.0,30617.57,0.0,3.0
7861411,28.0,336.0,62.0,Male,3.0,2202842.62,6.0,9.0
2810067,12.0,146.0,29.0,Female,2.0,134316.56,3.0,6.0
4590302,7.0,84.0,39.5,Unknown,2.0,36558.39,1.0,4.0
6464638,13.0,158.0,53.5,Male,2.0,173936.95,3.0,6.0
337421,8.0,97.0,21.5,Unknown,2.0,28289.14,2.0,5.0
4407486,7.0,90.0,25.0,Unknown,3.0,86865.23,6.0,9.0
542536,6.0,75.0,47.5,Unknown,3.0,27300.37,1.0,5.0
7125504,15.0,190.0,49.0,Female,2.0,27164.14,0.0,3.0
2422593,11.0,143.0,65.0,Male,2.0,64423.28,0.0,3.0
1735713,6.0,82.0,40.0,Unknown,2.0,42960.36,6.0,9.0
3201068,14.0,172.0,69.0,Female,2.0,193034.1,0.0,4.0
3447031,8.0,106.0,28.0,Female,2.0,79356.42,2.0,5.0
6351594,6.0,72.0,32.5,Male,3.0,108375.48,6.0,9.0
8693356,6.0,79.0,36.5,Unknown,2.0,36406.95,6.0,9.0
902081,12.0,153.0,66.0,Male,2.0,59283.62,3.0,6.0
6323060,7.0,89.0,51.0,Female,2.0,24156.83,2.0,5.0
313789,6.0,77.0,53.0,Unknown,2.0,91688.99,4.0,7.0
5474787,11.0,142.0,55.5,Male,3.0,266872.42,2.0,5.0
9441566,10.0,130.0,38.0,Female,2.0,46221.39,2.0,5.0
4042374,5.0,66.0,19.0,Unknown,2.0,35319.43,5.0,8.0
148448,5.0,65.0,70.5,Unknown,2.0,262147.86,6.0,9.0
8307205,4.0,58.0,47.5,Unknown,2.0,54869.09,6.0,9.0
1632382,24.0,290.0,48.5,Female,3.0,58496.05,3.0,6.0
4857140,22.0,275.0,73.0,Male,2.0,228299.81,6.0,9.0
8014451,22.0,274.0,27.5,Female,2.0,32086.4,3.0,6.0
573411,21.0,255.0,52.0,Female,2.0,130360.86,2.0,5.0
2453264,18.0,221.0,46.0,Male,3.0,431288.9,6.0,9.0
4965891,18.0,216.0,36.5,Male,3.0,328993.02,6.0,9.0
193613,17.0,215.0,40.0,Female,3.0,702135.4700000001,6.0,9.0
7017871,11.0,138.0,48.5,Male,3.0,550234.0700000001,6.0,9.0
8821411,4.0,59.0,27.5,Unknown,2.0,35691.57,5.0,8.0
6345861,7.0,90.0,27.5,Unknown,2.0,83392.19,5.0,8.0
884196,14.0,178.0,70.0,Female,2.0,37107.6,5.0,8.0
5684814,12.0,152.0,43.5,Male,2.0,254004.82,6.0,9.0
5563811,13.0,156.0,61.0,Female,2.0,46735.17,0.0,3.0
1695328,11.0,143.0,45.0,Male,2.0,136185.18,2.0,5.0
9992871,8.0,107.0,30.5,Male,3.0,60687.52,6.0,9.0
2023168,11.0,135.0,47.0,Male,3.0,311693.95,2.0,5.0
8427304,8.0,103.0,37.0,Unknown,2.0,29858.4,0.0,3.0
9400397,7.0,89.0,44.5,Unknown,2.0,160487.28999999998,1.0,4.0
3267458,27.0,330.0,59.5,Unknown,2.0,133516.57,1.0,4.0
2604544,4.0,59.0,46.5,Unknown,2.0,40367.05,1.0,4.0
3272226,6.0,74.0,44.5,Unknown,2.0,35412.22,6.0,9.0
8384923,4.0,57.0,24.5,Unknown,2.0,39880.93,1.0,4.0
6862757,8.0,106.0,21.0,Female,2.0,31715.17,1.0,4.0
7271269,6.0,83.0,49.5,Unknown,2.0,44591.17999999999,0.0,3.0
89959,10.0,120.0,38.5,Female,2.0,101858.64,4.0,7.0
7796706,6.0,77.0,23.0,Unknown,2.0,31176.87,6.0,9.0
6199591,12.0,154.0,28.0,Male,3.0,71157.6,6.0,9.0
4297243,7.0,84.0,25.5,Unknown,2.0,34850.84,0.0,3.0
2282338,12.0,154.0,53.5,Female,3.0,78918.92,2.0,6.0
8550550,13.0,160.0,39.5,Unknown,2.0,31270.37,2.0,7.0
2598437,6.0,80.0,33.5,Unknown,3.0,66783.04999999999,3.0,6.0
8895190,4.0,59.0,32.0,Unknown,3.0,44193.56,6.0,9.0
1771550,6.0,80.0,45.5,Unknown,3.0,111383.09,3.0,6.0
6946866,11.0,136.0,29.5,Female,2.0,27868.84,1.0,4.0
9737169,5.0,63.0,18.5,Unknown,2.0,46449.98,2.0,5.0
9461903,4.0,58.0,37.0,Unknown,2.0,34147.09,4.0,7.0
4963858,37.0,453.0,67.0,Female,2.0,97185.88,6.0,9.0
9053591,5.0,65.0,40.5,Unknown,2.0,47252.8,1.0,4.0
1393937,5.0,65.0,29.5,Unknown,2.0,51497.51,5.0,8.0
1153323,12.0,155.0,50.5,Male,2.0,53988.37,0.0,3.0
4508854,6.0,75.0,30.0,Unknown,2.0,31432.8,1.0,4.0
2840019,4.0,57.0,70.0,Unknown,2.0,182567.46,5.0,8.0
3138642,11.0,139.0,57.0,Female,2.0,37960.67,0.0,3.0
9778121,15.0,181.0,42.0,Male,2.0,50231.72,0.0,3.0
9325037,12.0,144.0,50.0,Male,2.0,42953.64,2.0,5.0
7325802,3.0,45.0,54.5,Unknown,2.0,27276.04,1.0,4.0
1817163,7.0,89.0,28.0,Female,2.0,30949.26,0.0,3.0
4349609,15.0,191.0,43.0,Unknown,2.0,24904.88,0.0,4.0
1485054,5.0,64.0,50.0,Unknown,2.0,179742.02000000002,6.0,9.0
2636615,14.0,171.0,46.5,Male,3.0,605061.8500000001,5.0,8.0
6955234,13.0,161.0,29.5,Male,3.0,42086.19,4.0,7.0
8826443,6.0,74.0,29.0,Unknown,2.0,31320.17,1.0,4.0
5840906,12.0,146.0,41.0,Female,2.0,31241.95,1.0,4.0
8191942,14.0,179.0,49.0,Male,2.0,42747.86,1.0,4.0
270173,5.0,70.0,62.5,Male,3.0,203095.53,3.0,6.0
591595,26.0,317.0,70.0,Female,3.0,175490.39,4.0,7.0
2905232,6.0,74.0,56.5,Unknown,2.0,199339.95,1.0,4.0
4018893,11.0,133.0,65.5,Unknown,2.0,128507.86,1.0,4.0
8295715,5.0,68.0,45.0,Unknown,3.0,587364.14,6.0,9.0
8473757,15.0,189.0,41.0,Female,2.0,53941.85,2.0,5.0
2238815,5.0,69.0,63.5,Male,2.0,127871.87,6.0,9.0
6624712,7.0,86.0,31.5,Unknown,2.0,48438.26,1.0,4.0
7067101,11.0,142.0,58.0,Female,2.0,47777.62,6.0,9.0
4388241,16.0,201.0,66.0,Male,2.0,24282.99,1.0,4.0
7958761,13.0,166.0,60.0,Male,2.0,24039.94,1.0,4.0
8700093,5.0,60.0,57.5,Unknown,2.0,30993.25,6.0,9.0
2078021,6.0,82.0,40.0,Unknown,2.0,68165.01999999999,2.0,5.0
7275047,16.0,192.0,50.5,Male,2.0,40509.32,1.0,4.0
2474749,5.0,64.0,19.0,Female,2.0,54032.53999999999,2.0,5.0
9577560,6.0,76.0,66.5,Unknown,2.0,41882.34,3.0,6.0
6354538,14.0,173.0,34.5,Female,2.0,46915.86,0.0,3.0
7174933,4.0,58.0,32.5,Unknown,2.0,43229.53,2.0,5.0
1290963,4.0,58.0,32.5,Female,3.0,55367.28999999999,2.0,5.0
3638107,15.0,185.0,71.5,Male,2.0,128033.35,0.0,4.0
7791874,6.0,78.0,24.5,Unknown,2.0,24645.11,3.0,6.0
2746029,7.0,84.0,59.0,Unknown,2.0,74548.98999999999,0.0,3.0
8304655,9.0,113.0,38.5,Male,2.0,105357.57,1.0,4.0
2826898,6.0,82.0,64.5,Unknown,2.0,39927.06,2.0,5.0
2816492,10.0,128.0,26.5,Male,2.0,36889.02,6.0,9.0
1651096,28.0,341.0,52.0,Female,2.0,56652.84,3.0,6.0
6956983,10.0,125.0,35.0,Male,2.0,37028.05,1.0,4.0
5541301,6.0,80.0,32.5,Unknown,2.0,47185.77,1.0,4.0
8413646,5.0,70.0,54.5,Unknown,2.0,25772.47,5.0,8.0
602591,4.0,58.0,46.5,Unknown,4.0,48138.92,2.0,5.0
3449739,20.0,245.0,62.5,Female,3.0,137700.21,6.0,9.0
2510328,13.0,159.0,39.5,Female,3.0,81812.83,3.0,6.0
5537612,5.0,69.0,64.5,Unknown,3.0,454122.22,2.0,5.0
5599201,6.0,74.0,65.5,Female,2.0,201631.0,3.0,6.0
8670047,4.0,56.0,40.5,Unknown,2.0,145818.66,6.0,9.0
4921301,16.0,194.0,54.0,Female,2.0,577607.0800000001,1.0,4.0
2612784,20.0,241.0,55.0,Male,2.0,25237.84,1.0,4.0
9805491,6.0,73.0,59.5,Unknown,2.0,98384.22,3.0,6.0
1562128,3.0,47.0,67.5,Unknown,2.0,329512.81,3.0,6.0
2518101,9.0,119.0,28.5,Male,4.0,203223.14,6.0,9.0
3828351,6.0,83.0,68.5,Unknown,2.0,85126.97,3.0,6.0
7264575,30.0,371.0,61.5,Male,3.0,149056.96,5.0,8.0
1856109,12.0,147.0,40.0,Male,2.0,123882.68,5.0,8.0
8876607,8.0,106.0,55.5,Male,2.0,36013.369999999995,0.0,3.0
6488419,6.0,72.0,49.0,Unknown,3.0,58690.11,6.0,9.0
6559843,7.0,88.0,51.5,Unknown,2.0,217051.31,6.0,9.0
4057461,5.0,66.0,31.5,Unknown,2.0,78898.87,2.0,5.0
9528795,5.0,67.0,48.0,Unknown,2.0,37042.99,6.0,9.0
6787766,24.0,294.0,63.5,Unknown,3.0,319554.04,6.0,9.0
9822876,24.0,288.0,50.5,Male,3.0,261421.45,6.0,9.0
3943018,23.0,287.0,82.0,Male,2.0,50234.82,6.0,9.0
535436,23.0,286.0,24.0,Male,2.0,28847.46,3.0,6.0
2524317,23.0,280.0,50.5,Male,3.0,153518.16999999998,2.0,5.0
875055,22.0,266.0,66.0,Female,2.0,3125603.06,3.0,6.0
34067,21.0,262.0,65.5,Male,3.0,66801.59,4.0,7.0
4286204,21.0,261.0,54.0,Female,3.0,71332.51999999999,5.0,8.0
4480002,21.0,254.0,35.0,Male,2.0,235299.42,6.0,9.0
9186884,25.0,302.0,69.5,Male,3.0,356541.97,1.0,4.0
588836,15.0,190.0,35.0,Male,2.0,49568.07,1.0,4.0
9410670,12.0,153.0,34.0,Female,4.0,71571.7,4.0,7.0
2436537,15.0,181.0,38.0,Female,2.0,33454.05,2.0,5.0
1715882,7.0,92.0,59.5,Unknown,2.0,57518.33,0.0,5.0
916366,12.0,145.0,55.0,Male,2.0,76944.54000000001,2.0,5.0
6500708,20.0,240.0,48.5,Male,2.0,213693.63,6.0,9.0
3815246,5.0,66.0,50.0,Female,2.0,27305.91,0.0,3.0
9330032,5.0,71.0,43.0,Male,2.0,215439.02,6.0,9.0
7437867,13.0,156.0,50.0,Female,2.0,35959.63,0.0,3.0
8372003,6.0,78.0,69.0,Unknown,2.0,79461.38,0.0,3.0
4467317,7.0,94.0,65.0,Unknown,2.0,25279.17,0.0,3.0
3912665,12.0,154.0,57.5,Female,2.0,81420.76999999999,6.0,9.0
4917843,5.0,70.0,39.0,Unknown,2.0,34229.72,2.0,5.0
3567859,5.0,67.0,17.5,Unknown,2.0,27377.79,2.0,5.0
2429000,12.0,148.0,49.0,Female,2.0,28696.85,3.0,6.0
276792,8.0,106.0,37.5,Male,4.0,51402.03,4.0,7.0
1517823,30.0,368.0,57.5,Female,2.0,96967.25,4.0,7.0
6088001,8.0,97.0,74.0,Unknown,2.0,29060.62,5.0,8.0
3361110,9.0,109.0,57.5,Female,2.0,868268.61,5.0,8.0
3590487,4.0,58.0,67.0,Unknown,2.0,114423.32,2.0,5.0
4166734,7.0,93.0,34.5,Unknown,2.0,70296.44,0.0,3.0
2983878,14.0,177.0,54.5,Male,2.0,31673.52,3.0,6.0
8869930,6.0,77.0,29.0,Unknown,2.0,44950.42,3.0,6.0
4820960,21.0,261.0,54.0,Female,2.0,59756.73,6.0,9.0
2992053,8.0,100.0,60.0,Female,2.0,154319.74,2.0,8.0
6518994,7.0,85.0,33.5,Unknown,2.0,48425.73,3.0,6.0
7020827,14.0,169.0,65.0,Male,2.0,77161.86,0.0,3.0
1776124,14.0,178.0,35.5,Female,2.0,72591.36,1.0,4.0
4168213,6.0,76.0,61.0,Male,2.0,212368.53,0.0,3.0
5098851,7.0,89.0,25.0,Female,3.0,30734.92,5.0,8.0
6199776,6.0,83.0,56.0,Unknown,2.0,52510.55,0.0,3.0
7193849,5.0,64.0,50.0,Male,2.0,257223.64,2.0,5.0
9977189,11.0,142.0,37.5,Female,2.0,119676.9,0.0,3.0
4069169,12.0,144.0,49.5,Female,2.0,230804.81,1.0,4.0
9030532,32.0,394.0,60.5,Female,3.0,267254.46,2.0,5.0
4226690,12.0,151.0,54.5,Female,3.0,209683.01,1.0,4.0
249680,13.0,156.0,61.0,Female,2.0,91874.6,4.0,7.0
8426405,6.0,75.0,63.0,Male,2.0,59077.01,5.0,9.0
8784101,19.0,239.0,51.0,Female,2.0,41095.57,3.0,6.0
2224233,10.0,129.0,27.0,Male,2.0,42035.09,6.0,9.0
9696365,7.0,84.0,71.5,Unknown,2.0,635395.1900000001,0.0,3.0
2008244,5.0,70.0,51.5,Unknown,2.0,34390.02,1.0,4.0
1763497,7.0,88.0,27.5,Unknown,3.0,151746.9,3.0,6.0
1173016,4.0,59.0,29.5,Unknown,2.0,39450.34,6.0,9.0
7141395,15.0,186.0,68.0,Female,2.0,33910.5,2.0,5.0
9788789,15.0,180.0,65.5,Female,2.0,141336.94,3.0,6.0
6666681,24.0,292.0,46.5,Male,2.0,56744.76,1.0,4.0
572266,23.0,282.0,70.5,Female,2.0,149163.91999999998,5.0,8.0
3453846,23.0,284.0,48.5,Male,3.0,46845.67999999999,4.0,7.0
6685654,23.0,279.0,72.5,Female,2.0,111710.07,3.0,6.0
7288479,22.0,268.0,32.0,Female,3.0,181264.85,4.0,7.0
968652,22.0,266.0,56.0,Female,2.0,136309.5,0.0,3.0
8857044,21.0,263.0,76.5,Male,2.0,502924.59,6.0,9.0
3346321,21.0,261.0,38.0,Male,2.0,72519.6,2.0,5.0
888904,21.0,260.0,53.0,Male,3.0,256106.53,2.0,5.0
5049067,21.0,253.0,58.5,Female,3.0,83360.97,0.0,5.0
3135404,21.0,253.0,64.5,Male,2.0,1094634.41,6.0,9.0
4505583,29.0,356.0,48.0,Male,2.0,54431.42,5.0,8.0
9261326,19.0,228.0,44.0,Unknown,3.0,119710.71,5.0,8.0
7389758,18.0,225.0,65.5,Female,3.0,54515.17,4.0,7.0
7510601,8.0,102.0,28.5,Unknown,2.0,38579.44,3.0,6.0
8673902,6.0,79.0,36.0,Unknown,2.0,63846.56,1.0,4.0
671965,10.0,121.0,39.0,Male,2.0,73744.69,1.0,4.0
6546420,4.0,56.0,25.0,Unknown,2.0,41112.12,6.0,9.0
6163882,6.0,72.0,23.5,Unknown,2.0,54445.84,1.0,4.0
5534228,16.0,193.0,55.0,Male,2.0,145825.33000000002,1.0,4.0
9462600,6.0,83.0,49.5,Unknown,2.0,33560.72,0.0,3.0
2928968,8.0,107.0,60.5,Female,2.0,76333.44,4.0,7.0
4282258,26.0,314.0,21.5,Male,2.0,99809.91,4.0,7.0
6186453,14.0,179.0,69.5,Male,2.0,32856.19,0.0,3.0
645412,9.0,117.0,38.0,Male,2.0,77474.72,6.0,9.0
5283609,15.0,190.0,55.0,Female,2.0,27194.4,2.0,5.0
4762973,7.0,85.0,23.0,Unknown,2.0,28347.76,1.0,4.0
3625482,9.0,119.0,60.5,Male,2.0,77020.64,4.0,7.0
9458112,16.0,194.0,41.5,Female,2.0,30693.89,2.0,5.0
7734971,8.0,96.0,20.5,Unknown,2.0,53430.59,2.0,5.0
5535081,13.0,167.0,73.0,Male,2.0,56370.2,5.0,8.0
7808430,4.0,59.0,59.0,Unknown,2.0,80595.29000000001,4.0,7.0
7934226,4.0,58.0,55.5,Unknown,2.0,55053.58,2.0,5.0
3088659,7.0,94.0,40.5,Unknown,2.0,29327.28,0.0,3.0
9402694,4.0,57.0,23.5,Unknown,2.0,29002.05,6.0,9.0
7535001,14.0,168.0,58.5,Male,2.0,203054.24,2.0,5.0
1641046,16.0,199.0,63.5,Male,2.0,114661.06,6.0,9.0
2533841,6.0,77.0,61.5,Male,2.0,269487.32,3.0,6.0
2621114,12.0,145.0,67.0,Female,2.0,61057.78,1.0,4.0
6179435,4.0,59.0,22.5,Unknown,2.0,37908.36,1.0,4.0
8806351,26.0,322.0,59.0,Female,3.0,114347.99,5.0,8.0
8499514,7.0,95.0,39.0,Unknown,2.0,64777.75,3.0,6.0
9762490,7.0,85.0,45.5,Unknown,3.0,72343.72,6.0,9.0
4098272,13.0,166.0,41.5,Male,2.0,27713.23,0.0,3.0
3254765,4.0,58.0,60.0,Unknown,2.0,30798.41,0.0,3.0
695704,23.0,282.0,52.0,Female,2.0,71231.33,1.0,4.0
3461504,15.0,191.0,74.0,Female,2.0,92150.08,6.0,9.0
4171396,6.0,78.0,38.0,Unknown,2.0,41434.6,1.0,4.0
626458,6.0,72.0,40.5,Unknown,2.0,61428.05,1.0,4.0
7198808,29.0,356.0,67.0,Female,3.0,683180.89,3.0,6.0
4700175,9.0,111.0,42.5,Male,2.0,295783.63,6.0,9.0
9879325,6.0,82.0,44.5,Male,2.0,764139.12,6.0,9.0
8030638,28.0,337.0,68.5,Female,3.0,49583.2,2.0,5.0
4102668,6.0,72.0,34.5,Unknown,2.0,32964.04,3.0,6.0
6634826,22.0,268.0,68.0,Female,3.0,733487.62,1.0,7.0
3939719,22.0,268.0,46.5,Male,5.0,587143.5,5.0,8.0
5621845,21.0,263.0,45.0,Female,2.0,71456.25,0.0,3.0
588310,21.0,262.0,55.0,Male,2.0,49846.61,0.0,3.0
9985298,21.0,255.0,60.5,Male,2.0,113464.51,6.0,9.0
3955373,20.0,249.0,38.5,Female,2.0,216177.71,4.0,7.0
6071038,20.0,242.0,46.0,Female,2.0,32489.55,6.0,9.0
9465015,21.0,262.0,24.0,Female,2.0,26856.63,0.0,3.0
1981098,17.0,213.0,66.0,Female,2.0,103656.29,3.0,6.0
9194607,10.0,131.0,53.0,Female,2.0,87608.5,1.0,5.0
3274948,14.0,170.0,55.5,Male,2.0,49282.99,3.0,6.0
2156246,13.0,166.0,48.5,Female,2.0,51925.24,5.0,8.0
1176152,14.0,174.0,52.5,Female,2.0,30430.76,0.0,3.0
4227773,28.0,344.0,52.0,Male,2.0,36185.58,2.0,5.0
5429189,4.0,54.0,40.0,Female,2.0,27136.69,0.0,3.0
5527992,7.0,84.0,31.5,Unknown,2.0,32364.96,3.0,6.0
3772291,8.0,96.0,61.5,Unknown,2.0,81453.45,4.0,7.0
8523684,7.0,85.0,61.0,Unknown,2.0,80030.4,0.0,3.0
7347159,6.0,83.0,42.5,Unknown,2.0,25682.31,4.0,7.0
7052143,11.0,141.0,66.0,Female,2.0,34398.19,1.0,4.0
6074917,8.0,105.0,36.0,Female,2.0,28720.79,6.0,9.0
6878999,24.0,297.0,52.0,Female,3.0,40950.74,2.0,5.0
2308847,21.0,254.0,61.0,Male,2.0,78103.86,6.0,9.0
1415245,15.0,180.0,67.0,Male,2.0,69727.91,2.0,5.0
2506665,15.0,186.0,66.5,Female,2.0,156076.43,6.0,9.0
1891908,15.0,188.0,49.5,Female,2.0,107756.09,2.0,5.0
7187334,9.0,118.0,33.5,Male,2.0,91085.13,1.0,4.0
9611540,12.0,154.0,57.0,Male,2.0,27357.67,3.0,6.0
6409527,6.0,77.0,64.5,Unknown,2.0,39235.62,2.0,5.0
6331089,9.0,116.0,31.5,Male,2.0,39780.03,2.0,5.0
2745972,9.0,115.0,34.0,Male,2.0,29338.22,1.0,4.0
8948986,14.0,171.0,55.5,Male,3.0,152703.16999999998,2.0,5.0
715018,19.0,229.0,56.5,Female,2.0,152000.96,2.0,5.0
4783085,6.0,77.0,27.0,Unknown,2.0,49484.85,3.0,6.0
4702777,13.0,167.0,47.5,Male,2.0,48047.24,4.0,7.0
4058168,6.0,76.0,62.0,Male,2.0,47462.77,6.0,9.0
2604894,5.0,60.0,17.5,Unknown,2.0,30317.41,5.0,8.0
2809946,5.0,66.0,43.5,Female,2.0,26177.58,0.0,3.0
1230061,15.0,192.0,51.0,Male,2.0,457101.91,6.0,9.0
8015992,25.0,300.0,62.0,Male,3.0,159037.90000000002,6.0,9.0
7979029,23.0,287.0,53.0,Male,2.0,96570.58,2.0,5.0
2443297,21.0,257.0,45.0,Male,3.0,211353.56,6.0,9.0
6553450,19.0,239.0,72.5,Female,2.0,99929.99,4.0,7.0
3141452,17.0,211.0,64.0,Female,2.0,40484.03999999999,6.0,9.0
3038748,15.0,186.0,39.5,Female,2.0,33804.009999999995,3.0,6.0
4317393,10.0,123.0,43.5,Male,2.0,30998.76,1.0,4.0
6349753,10.0,126.0,74.5,Female,2.0,84517.76,6.0,9.0
5814834,5.0,64.0,38.0,Unknown,3.0,505955.45,6.0,9.0
8103298,7.0,86.0,37.0,Unknown,2.0,30162.84,4.0,7.0
3361871,15.0,182.0,56.5,Male,2.0,157883.96000000002,3.0,6.0
6001892,15.0,190.0,43.5,Male,2.0,540679.75,6.0,9.0
9724303,11.0,142.0,57.0,Female,2.0,96948.84,5.0,9.0
5349495,21.0,252.0,74.5,Male,2.0,371843.85,5.0,8.0
1051082,10.0,127.0,28.0,Female,3.0,39675.42,2.0,5.0
3222316,15.0,180.0,54.0,Female,2.0,75351.51999999999,6.0,9.0
82869,8.0,101.0,27.5,Unknown,2.0,32542.3,1.0,4.0
5990735,11.0,138.0,41.5,Female,2.0,45926.85,0.0,3.0
7451462,5.0,68.0,60.5,Unknown,3.0,257636.26,4.0,7.0
8471139,33.0,397.0,55.5,Female,3.0,109181.27,1.0,4.0
9056097,14.0,178.0,47.5,Female,2.0,61627.97,2.0,5.0
1913034,20.0,241.0,69.0,Unknown,2.0,34599.45,6.0,9.0
5688492,6.0,83.0,67.0,Unknown,2.0,294035.53,2.0,5.0
233344,5.0,70.0,48.5,Unknown,2.0,41436.7,1.0,4.0
9436942,10.0,128.0,33.0,Female,2.0,142925.74,6.0,9.0
3968370,10.0,120.0,45.0,Male,2.0,49827.21,0.0,3.0
9164734,15.0,189.0,42.5,Female,2.0,24560.11,2.0,5.0
3367503,13.0,165.0,50.5,Unknown,2.0,178770.2,6.0,9.0
5015526,15.0,181.0,66.0,Female,2.0,192374.72,4.0,7.0
6992079,15.0,190.0,69.0,Female,2.0,127015.23,2.0,5.0
8054564,12.0,154.0,28.5,Male,2.0,81788.88,3.0,6.0
9516759,6.0,75.0,25.0,Unknown,2.0,27842.44,1.0,4.0
8922851,7.0,89.0,21.0,Unknown,3.0,77147.79000000001,6.0,9.0
1163626,9.0,110.0,34.5,Male,3.0,91965.28,6.0,9.0
9028665,20.0,242.0,67.5,Male,2.0,321849.14,3.0,6.0
7444896,5.0,68.0,66.5,Unknown,4.0,597000.91,4.0,7.0
6937917,4.0,59.0,29.5,Unknown,2.0,29408.26,1.0,4.0
425987,13.0,163.0,28.0,Unknown,3.0,32854.88,3.0,6.0
6670634,6.0,74.0,24.5,Unknown,3.0,42373.96,6.0,9.0
8239807,6.0,82.0,68.0,Unknown,2.0,57506.02,0.0,3.0
357553,6.0,74.0,29.5,Unknown,2.0,33822.68,1.0,4.0
3031528,9.0,114.0,55.5,Male,2.0,53900.84,1.0,4.0
8537308,34.0,418.0,62.5,Female,2.0,123236.44,6.0,9.0
7413872,8.0,100.0,28.0,Male,2.0,41141.11,6.0,9.0
8438270,17.0,204.0,50.5,Male,2.0,40250.78,0.0,3.0
4942671,19.0,233.0,62.0,Male,2.0,23790.67,1.0,4.0
2150124,15.0,187.0,48.0,Male,2.0,54211.37,4.0,7.0
4026198,5.0,60.0,32.5,Unknown,2.0,41269.03999999999,3.0,6.0
9432466,5.0,66.0,28.5,Unknown,2.0,41326.53,2.0,5.0
1852087,21.0,263.0,52.5,Male,2.0,207518.83,3.0,6.0
2508692,21.0,262.0,45.0,Female,2.0,203249.62,5.0,8.0
155526,21.0,259.0,66.5,Male,2.0,31732.32,4.0,7.0
880523,21.0,258.0,42.5,Female,2.0,127901.47,1.0,4.0
5893434,21.0,258.0,65.5,Female,2.0,60537.25,4.0,7.0
2264683,30.0,361.0,70.0,Male,2.0,147165.45,5.0,8.0
1221796,18.0,220.0,48.0,Female,2.0,62032.07,6.0,9.0
8031855,18.0,217.0,51.5,Female,2.0,553990.62,3.0,6.0
6764307,7.0,90.0,72.5,Unknown,3.0,586249.31,6.0,9.0
2234704,31.0,372.0,64.0,Male,4.0,2304360.89,6.0,9.0
5460204,4.0,56.0,26.5,Unknown,3.0,97148.69,6.0,9.0
3575659,5.0,64.0,47.0,Male,2.0,119532.5,1.0,4.0
6150554,10.0,123.0,52.0,Male,2.0,27714.45,4.0,7.0
6348769,7.0,84.0,40.5,Unknown,2.0,47620.75,4.0,7.0
2810157,22.0,265.0,65.5,Female,2.0,603408.17,6.0,9.0
3278460,13.0,167.0,32.0,Male,2.0,30203.49,4.0,7.0
2463820,8.0,99.0,31.0,Unknown,2.0,29006.67,1.0,4.0
5732744,6.0,73.0,47.5,Male,2.0,36857.28,6.0,9.0
8917917,6.0,77.0,26.0,Unknown,3.0,298232.42,6.0,9.0
4760221,15.0,183.0,42.5,Female,3.0,66072.88,3.0,6.0
8690645,7.0,89.0,58.0,Unknown,2.0,29333.19,4.0,7.0
9530147,5.0,68.0,22.0,Unknown,2.0,48804.56,2.0,5.0
6573166,14.0,175.0,36.0,Female,2.0,26976.81,0.0,3.0
8796660,9.0,109.0,38.5,Male,4.0,170641.84999999998,6.0,9.0
6503904,10.0,127.0,62.5,Female,2.0,81332.78,6.0,9.0
5741844,6.0,79.0,54.5,Female,3.0,1119536.2,4.0,7.0
5459984,11.0,143.0,86.5,Female,2.0,237812.12,3.0,6.0
2209920,4.0,59.0,48.0,Male,3.0,41281.92,1.0,4.0
6713145,4.0,59.0,74.0,Female,3.0,125029.36,6.0,9.0
3885894,9.0,119.0,34.5,Male,2.0,25597.41,0.0,3.0
4312589,4.0,55.0,29.5,Female,3.0,68962.31,4.0,7.0
3138295,8.0,104.0,30.5,Male,2.0,25051.3,1.0,4.0
5164404,8.0,102.0,53.0,Unknown,2.0,27353.31,2.0,5.0
9537641,8.0,105.0,59.5,Male,2.0,88016.45999999999,0.0,3.0
4928873,5.0,70.0,25.0,Unknown,4.0,114573.01,4.0,7.0
1340260,5.0,70.0,35.5,Unknown,2.0,59820.07,3.0,6.0
3461985,9.0,108.0,66.0,Female,2.0,23872.28,0.0,4.0
4743966,16.0,194.0,52.0,Male,2.0,166317.08000000002,4.0,7.0
8208371,10.0,121.0,39.0,Male,2.0,101859.47,3.0,6.0
1930353,34.0,408.0,66.0,Male,2.0,77952.54999999999,2.0,5.0
1159283,11.0,137.0,45.5,Female,2.0,46964.89,2.0,5.0
512590,29.0,352.0,49.5,Male,3.0,1449979.34,4.0,7.0
8835379,11.0,143.0,70.0,Female,2.0,354931.55,4.0,7.0
610116,15.0,189.0,51.0,Female,2.0,176858.94,5.0,8.0
6216065,5.0,68.0,31.0,Unknown,2.0,34376.509999999995,1.0,4.0
4790368,5.0,65.0,67.5,Unknown,2.0,38070.21,3.0,6.0
1267481,13.0,164.0,50.5,Female,2.0,26881.3,0.0,3.0
1930963,12.0,151.0,31.0,Female,2.0,66773.88,6.0,9.0
8627075,23.0,282.0,33.5,Female,2.0,96644.16,0.0,3.0
126288,23.0,276.0,56.5,Unknown,3.0,175637.0,5.0,8.0
7140429,21.0,261.0,43.0,Unknown,2.0,66996.73,1.0,4.0
7904770,20.0,251.0,24.5,Unknown,2.0,24824.41,4.0,7.0
2005476,20.0,242.0,66.5,Male,2.0,47492.3,0.0,3.0
3394481,30.0,368.0,50.0,Female,2.0,78061.19,1.0,4.0
5727133,16.0,201.0,37.5,Male,3.0,125269.63,2.0,5.0
437780,10.0,123.0,56.0,Male,2.0,48104.13,5.0,8.0
3119303,9.0,111.0,57.5,Female,3.0,82956.26,6.0,9.0
9305903,27.0,324.0,27.5,Female,2.0,30437.67,1.0,4.0
7178412,3.0,43.0,44.5,Unknown,2.0,68469.13,0.0,3.0
4758838,14.0,177.0,54.5,Male,2.0,140900.62,3.0,6.0
7295860,7.0,84.0,28.5,Unknown,3.0,57756.94,4.0,7.0
6813752,6.0,73.0,26.0,Unknown,2.0,28695.09,1.0,4.0
3972436,15.0,189.0,66.0,Male,2.0,28856.4,1.0,4.0
660556,8.0,98.0,59.5,Female,2.0,396241.53,0.0,3.0
2195967,4.0,59.0,80.5,Female,2.0,37169.39,1.0,6.0
1606748,15.0,189.0,48.0,Female,2.0,57700.65,1.0,4.0
3780585,14.0,176.0,43.5,Female,2.0,41888.59,4.0,7.0
381655,3.0,40.0,32.5,Unknown,2.0,46574.82,3.0,6.0
9566456,12.0,154.0,51.0,Female,3.0,111466.18,6.0,9.0
2381726,7.0,93.0,68.0,Female,2.0,104220.51,2.0,5.0
6252538,11.0,135.0,61.0,Male,2.0,67369.12,2.0,5.0
8483497,4.0,58.0,49.5,Unknown,2.0,42123.67999999999,6.0,9.0
8365378,16.0,198.0,39.5,Female,2.0,40656.45,0.0,3.0
3176701,27.0,335.0,53.0,Male,2.0,171744.96999999997,3.0,6.0
1563967,6.0,73.0,32.5,Unknown,2.0,36872.86,6.0,9.0
403735,10.0,129.0,39.5,Male,2.0,108150.63,1.0,4.0
5594240,14.0,175.0,24.5,Female,2.0,26850.24,6.0,9.0
3663972,4.0,58.0,27.0,Unknown,2.0,27820.84,0.0,3.0
2647562,12.0,155.0,30.0,Female,2.0,52308.34,6.0,9.0
8389965,6.0,79.0,36.5,Unknown,2.0,35495.36,0.0,3.0
9739317,14.0,174.0,35.0,Male,2.0,27338.36,3.0,6.0
211709,6.0,80.0,35.5,Unknown,2.0,189060.35,1.0,4.0
3317453,5.0,64.0,24.0,Unknown,3.0,67252.12,0.0,3.0
2309632,6.0,76.0,21.0,Unknown,2.0,51231.14,2.0,5.0
2508716,15.0,190.0,75.0,Female,2.0,62437.48,2.0,5.0
2628742,14.0,169.0,50.5,Male,2.0,178048.0,4.0,7.0
4700525,12.0,150.0,31.0,Male,3.0,161716.74,5.0,8.0
4650065,6.0,74.0,35.0,Unknown,2.0,100230.99,6.0,9.0
7492799,6.0,73.0,63.5,Female,2.0,72596.15,5.0,8.0
5320664,6.0,83.0,27.5,Male,2.0,65297.77,5.0,8.0
3242197,6.0,72.0,56.0,Male,2.0,97437.71,5.0,8.0
3674412,23.0,280.0,54.5,Female,2.0,406602.4,6.0,9.0
9437350,22.0,272.0,68.5,Male,3.0,247852.77,6.0,9.0
8219222,22.0,272.0,54.5,Unknown,3.0,177813.95,2.0,5.0
4039703,22.0,272.0,40.0,Female,3.0,61185.61,6.0,9.0
2907284,21.0,259.0,57.0,Male,3.0,332151.19,4.0,7.0
4833741,20.0,250.0,65.5,Male,4.0,177541.78999999998,6.0,9.0
9459281,20.0,250.0,59.5,Female,3.0,72079.82,4.0,7.0
2156245,20.0,241.0,47.5,Female,2.0,58655.97,1.0,4.0
6620678,19.0,238.0,60.0,Female,2.0,155513.46999999997,6.0,9.0
6429856,18.0,226.0,53.5,Female,2.0,38206.35,3.0,6.0
6986050,18.0,221.0,40.0,Female,2.0,155396.44,0.0,3.0
5909567,16.0,202.0,32.0,Female,2.0,34918.63,0.0,3.0
4821941,10.0,124.0,46.0,Male,2.0,454253.62,2.0,5.0
1168766,7.0,86.0,59.0,Unknown,2.0,92281.36,2.0,5.0
1685485,11.0,137.0,34.0,Female,3.0,90314.32,4.0,7.0
2681771,15.0,183.0,62.0,Female,3.0,119368.51,3.0,6.0
19782,6.0,82.0,61.5,Unknown,2.0,27840.35,2.0,5.0
655189,5.0,70.0,64.5,Unknown,2.0,30422.49,2.0,5.0
4212950,10.0,121.0,33.0,Unknown,2.0,113395.96,2.0,5.0
5481690,12.0,145.0,30.5,Female,2.0,52191.03999999999,2.0,5.0
7271587,5.0,67.0,68.0,Male,3.0,83725.23999999999,6.0,9.0
2236959,26.0,313.0,66.5,Female,2.0,69312.91,2.0,5.0
8591997,11.0,136.0,33.5,Male,2.0,122075.12,2.0,5.0
9977902,16.0,193.0,47.5,Female,2.0,32768.7,1.0,4.0
9461619,14.0,169.0,33.0,Female,2.0,190549.37,0.0,3.0
749498,7.0,85.0,58.0,Unknown,2.0,50726.59,6.0,9.0
9643185,7.0,85.0,32.0,Unknown,2.0,55373.66,3.0,6.0
2506346,30.0,370.0,59.5,Male,4.0,1130666.18,6.0,9.0
6484309,14.0,168.0,29.0,Male,2.0,34201.13,2.0,5.0
6564761,6.0,78.0,59.5,Unknown,2.0,24224.81,1.0,4.0
8697228,5.0,64.0,45.5,Unknown,2.0,45204.55,1.0,4.0
8326453,12.0,152.0,32.5,Female,3.0,155145.11,2.0,5.0
9484541,6.0,73.0,25.0,Female,2.0,57048.51,1.0,4.0
7793440,15.0,190.0,46.0,Female,2.0,131777.11,0.0,3.0
8418435,13.0,162.0,39.0,Female,2.0,60324.18,1.0,4.0
3685506,4.0,58.0,50.0,Unknown,2.0,47153.59,0.0,3.0
9884504,15.0,189.0,50.0,Male,2.0,31079.42,0.0,3.0
2903228,10.0,120.0,32.5,Male,2.0,49264.8,2.0,5.0
9147095,7.0,91.0,23.5,Unknown,2.0,46147.73,3.0,6.0
1927826,4.0,58.0,21.5,Unknown,4.0,42644.92999999999,6.0,9.0
497019,7.0,92.0,24.0,Unknown,2.0,37630.87,5.0,8.0
7333505,5.0,64.0,37.0,Unknown,3.0,75309.85,6.0,9.0
9951010,12.0,150.0,31.0,Female,2.0,60390.58,1.0,4.0
432606,9.0,115.0,26.5,Female,2.0,62512.11,1.0,4.0
7029595,14.0,170.0,64.0,Male,2.0,113405.16,5.0,8.0
2655879,7.0,89.0,26.5,Unknown,2.0,30713.17,4.0,7.0
8573316,28.0,336.0,70.5,Male,2.0,49994.74,6.0,9.0
3393813,15.0,181.0,70.0,Female,2.0,62895.28,1.0,4.0
4920080,4.0,58.0,35.0,Male,3.0,23819.57,6.0,9.0
5106413,15.0,189.0,67.0,Male,3.0,365847.06,0.0,4.0
8286448,15.0,190.0,36.0,Male,2.0,34951.59,3.0,6.0
2899980,11.0,142.0,36.5,Male,2.0,30801.6,6.0,9.0
981314,15.0,182.0,46.0,Female,2.0,103728.53,6.0,9.0
4648625,5.0,64.0,30.0,Male,3.0,165309.76,1.0,4.0
9960929,24.0,298.0,59.0,Male,2.0,59509.13,6.0,9.0
4029062,23.0,280.0,52.5,Female,2.0,495555.6,6.0,9.0
6882657,22.0,265.0,66.5,Female,2.0,920566.46,6.0,9.0
8203506,21.0,259.0,47.5,Unknown,3.0,77174.72,6.0,9.0
6923539,18.0,217.0,74.0,Female,2.0,145775.11,5.0,8.0
6253381,17.0,210.0,50.5,Male,2.0,598317.8400000001,2.0,5.0
1918630,5.0,67.0,39.0,Unknown,2.0,74469.42,3.0,6.0
4833307,5.0,71.0,53.0,Unknown,3.0,106770.13,6.0,9.0
3035988,27.0,333.0,67.0,Male,4.0,402003.17,6.0,9.0
3172471,5.0,68.0,45.0,Unknown,2.0,41599.76,3.0,6.0
6469364,11.0,141.0,49.5,Male,2.0,33105.45,1.0,4.0
3977195,4.0,59.0,31.5,Unknown,3.0,78970.84,2.0,5.0
8892271,9.0,112.0,36.5,Male,2.0,48287.46,1.0,4.0
2915433,14.0,170.0,56.5,Female,2.0,28334.01,6.0,9.0
6255304,25.0,310.0,68.5,Female,2.0,165100.2,4.0,7.0
6765138,4.0,56.0,37.0,Unknown,3.0,61117.5,6.0,9.0
2494635,4.0,59.0,27.5,Unknown,2.0,52524.15,4.0,7.0
3098166,13.0,163.0,33.0,Male,2.0,81911.81,6.0,9.0
9634041,9.0,109.0,59.0,Unknown,2.0,105644.69,4.0,7.0
471388,30.0,370.0,57.0,Male,3.0,2819724.03,4.0,8.0
1546314,8.0,100.0,31.0,Unknown,2.0,33834.6,5.0,8.0
4853470,7.0,86.0,25.0,Unknown,2.0,75927.01999999999,6.0,9.0
1919651,4.0,59.0,59.0,Unknown,2.0,25002.88,0.0,3.0
5402293,11.0,139.0,71.5,Unknown,2.0,38023.83,3.0,6.0
815790,14.0,177.0,54.0,Male,2.0,41680.11,2.0,5.0
1445043,11.0,134.0,34.0,Female,2.0,67715.28,6.0,9.0
5090920,51.0,613.0,58.0,Female,2.0,30152.02,2.0,5.0
2774078,13.0,158.0,53.5,Female,2.0,23919.26,5.0,8.0
7244371,4.0,58.0,27.5,Unknown,2.0,30563.04,1.0,4.0
2948735,15.0,182.0,52.5,Female,2.0,34583.38,3.0,6.0
4932412,9.0,113.0,35.0,Female,4.0,81871.63,0.0,3.0
595691,7.0,90.0,32.0,Unknown,2.0,31793.87,6.0,9.0
1430383,4.0,59.0,39.5,Unknown,2.0,30921.66,3.0,6.0
9290596,6.0,80.0,22.5,Unknown,2.0,40581.87,4.0,7.0
5521811,11.0,139.0,45.5,Male,2.0,71854.95999999999,0.0,3.0
1225544,16.0,202.0,53.5,Female,2.0,27841.15,2.0,5.0
5581872,4.0,59.0,44.0,Unknown,2.0,44402.77,6.0,9.0
5036504,5.0,66.0,26.0,Unknown,2.0,45957.17999999999,5.0,8.0
2058776,6.0,83.0,62.5,Unknown,2.0,31940.57,0.0,3.0
9643231,6.0,74.0,54.5,Unknown,2.0,69998.16,3.0,6.0
6761711,15.0,191.0,32.5,Female,3.0,50535.87,1.0,4.0
8966674,6.0,83.0,25.0,Unknown,2.0,70675.9,6.0,9.0
1820415,16.0,194.0,36.5,Female,3.0,41187.55,6.0,9.0
1360544,6.0,83.0,58.0,Unknown,2.0,24790.36,4.0,7.0
6468627,32.0,388.0,53.5,Male,3.0,44335.83,3.0,6.0
4408117,10.0,122.0,37.5,Female,2.0,64148.57,6.0,9.0
9767465,6.0,74.0,31.5,Female,2.0,66174.2,1.0,4.0
7038812,13.0,164.0,48.5,Female,2.0,62460.83,1.0,5.0
3966671,7.0,84.0,28.0,Unknown,3.0,54829.21,3.0,6.0
4936156,5.0,67.0,22.0,Unknown,2.0,49916.6,0.0,3.0
8671655,5.0,67.0,34.5,Unknown,2.0,156298.15999999997,6.0,9.0
5899788,24.0,291.0,32.5,Female,2.0,28924.1,1.0,4.0
38775,23.0,284.0,43.0,Female,2.0,30499.53,1.0,4.0
1071976,21.0,255.0,38.5,Male,4.0,169116.94,2.0,5.0
5936304,20.0,249.0,22.0,Female,2.0,62960.27,0.0,3.0
594380,20.0,241.0,65.5,Female,2.0,112695.93,4.0,7.0
3782259,17.0,205.0,55.0,Male,3.0,518453.56,6.0,9.0
6940190,11.0,142.0,37.0,Male,3.0,550411.9800000001,4.0,7.0
4563966,4.0,58.0,35.5,Unknown,2.0,39038.02,2.0,5.0
9538905,15.0,189.0,63.5,Female,4.0,397440.27,2.0,5.0
4106857,15.0,189.0,34.0,Female,2.0,91115.16,5.0,8.0
920103,12.0,145.0,52.5,Male,2.0,105229.66,6.0,9.0
5802509,7.0,90.0,44.5,Unknown,2.0,769548.55,6.0,9.0
6363082,13.0,156.0,21.5,Male,2.0,99154.51,4.0,7.0
7411977,4.0,58.0,45.0,Unknown,3.0,393268.32,6.0,9.0
6918929,4.0,55.0,70.0,Male,2.0,66461.41,6.0,9.0
9197674,21.0,260.0,52.0,Male,3.0,138932.2,5.0,8.0
2264937,5.0,69.0,24.5,Unknown,2.0,26950.13,6.0,9.0
512721,19.0,229.0,43.5,Male,2.0,91564.22,2.0,5.0
8488116,4.0,58.0,58.5,Unknown,2.0,37023.66,0.0,3.0
4998568,29.0,358.0,27.5,Female,3.0,31461.69,1.0,4.0
5423689,14.0,173.0,31.0,Female,3.0,73267.64,6.0,9.0
3734657,6.0,73.0,26.5,Unknown,2.0,38940.48,4.0,7.0
7584430,14.0,174.0,31.5,Female,2.0,28836.16,6.0,9.0
6575566,6.0,82.0,53.5,Unknown,2.0,43010.77,0.0,3.0
2951320,6.0,73.0,25.5,Unknown,2.0,43842.2,1.0,4.0
4629372,6.0,74.0,23.5,Unknown,2.0,49061.78999999999,1.0,4.0
5088764,4.0,59.0,41.0,Unknown,2.0,32405.86,0.0,3.0
4201434,7.0,85.0,65.0,Unknown,2.0,316884.42,4.0,8.0
5020419,7.0,92.0,62.0,Unknown,2.0,92740.83,1.0,4.0
7446375,14.0,174.0,51.0,Female,2.0,326884.66,2.0,5.0
8348173,29.0,349.0,25.0,Male,2.0,67433.82,0.0,3.0
1395147,6.0,82.0,30.0,Unknown,2.0,26847.74,0.0,3.0
4056116,14.0,174.0,53.5,Female,3.0,367869.3,4.0,7.0
1631322,7.0,87.0,73.0,Unknown,2.0,62537.84,6.0,9.0
383373,13.0,166.0,72.0,Female,2.0,45176.06,1.0,5.0
8086273,6.0,75.0,59.0,Unknown,2.0,76158.98,3.0,6.0
1163409,4.0,58.0,23.5,Unknown,3.0,139919.52000000002,6.0,9.0
4929178,2.0,33.0,44.5,Male,3.0,644747.68,4.0,7.0
8455692,13.0,166.0,42.5,Male,2.0,36000.89,2.0,5.0
1818516,5.0,69.0,43.0,Male,2.0,49163.23,1.0,4.0
9228292,5.0,67.0,19.0,Unknown,2.0,32917.61,1.0,4.0
6981798,9.0,108.0,44.5,Male,3.0,4739012.27,4.0,7.0
1927505,6.0,74.0,19.5,Unknown,2.0,33088.36,4.0,7.0
1558940,6.0,72.0,33.5,Unknown,2.0,235479.25,6.0,9.0
7349912,6.0,82.0,37.5,Unknown,3.0,139859.39,3.0,6.0
5768879,7.0,87.0,29.5,Unknown,2.0,38691.03,1.0,4.0
7810518,13.0,166.0,27.0,Male,2.0,28609.27,4.0,7.0
4207484,6.0,78.0,23.5,Unknown,2.0,26843.55,0.0,4.0
2087391,6.0,73.0,29.0,Unknown,2.0,38809.06,6.0,9.0
9676241,4.0,55.0,21.0,Male,2.0,26025.85,6.0,9.0
8295789,4.0,53.0,69.0,Male,2.0,54440.27,1.0,5.0
1167461,7.0,90.0,64.5,Unknown,2.0,31456.6,0.0,8.0
7903693,14.0,171.0,66.0,Male,2.0,102699.08,3.0,6.0
3562647,9.0,108.0,26.5,Male,2.0,28482.09,0.0,3.0
7651296,24.0,299.0,55.5,Female,3.0,208346.63,5.0,9.0
5481185,24.0,293.0,68.0,Female,3.0,2043771.84,2.0,5.0
7678522,35.0,424.0,73.5,Female,2.0,85304.32,3.0,6.0
9572248,22.0,275.0,35.0,Male,2.0,91314.13,1.0,4.0
7331585,21.0,262.0,68.0,Female,2.0,180936.23,2.0,5.0
4112474,21.0,254.0,24.0,Male,2.0,145384.78999999998,4.0,7.0
6379843,20.0,249.0,52.5,Female,2.0,149357.4,4.0,7.0
5710632,19.0,238.0,65.5,Female,2.0,88657.14,1.0,4.0
2680464,34.0,417.0,63.5,Female,2.0,113740.26,6.0,9.0
3488145,5.0,70.0,32.5,Unknown,2.0,57837.62,0.0,3.0
9065824,4.0,59.0,33.5,Unknown,2.0,27449.14,2.0,5.0
7474982,26.0,322.0,58.0,Female,3.0,280931.32,5.0,8.0
1154031,13.0,159.0,56.5,Female,2.0,31943.9,1.0,4.0
7574065,8.0,96.0,55.5,Unknown,2.0,283443.37,1.0,4.0
7255317,12.0,154.0,66.0,Female,2.0,105236.23,2.0,5.0
5890080,12.0,150.0,53.0,Male,2.0,24181.81,4.0,7.0
8658395,15.0,184.0,71.5,Male,2.0,326182.68,2.0,5.0
108892,4.0,54.0,49.5,Unknown,2.0,30917.58,1.0,4.0
3294129,22.0,275.0,65.5,Female,5.0,3521989.41,4.0,7.0
7731901,12.0,151.0,41.5,Male,3.0,93972.84,4.0,7.0
7961816,5.0,65.0,29.0,Unknown,2.0,44332.26,0.0,3.0
9025014,15.0,189.0,67.5,Female,2.0,30347.52,2.0,5.0
1344152,7.0,91.0,55.0,Unknown,3.0,183446.43,4.0,7.0
6751805,6.0,74.0,51.5,Unknown,2.0,209352.83,6.0,9.0
8970337,5.0,69.0,57.5,Unknown,2.0,30890.39,4.0,7.0
8155757,6.0,76.0,30.5,Male,2.0,89507.52,6.0,9.0
516129,15.0,180.0,56.5,Female,2.0,55021.69,0.0,3.0
962154,6.0,73.0,36.5,Unknown,2.0,25142.51,0.0,3.0
1946062,5.0,62.0,18.5,Unknown,2.0,26914.7,0.0,3.0
6663933,11.0,137.0,53.0,Female,3.0,162463.22999999998,5.0,8.0
4836369,6.0,81.0,30.0,Unknown,2.0,65402.92,2.0,5.0
2440061,5.0,65.0,30.5,Unknown,2.0,30236.22,2.0,5.0
7808326,15.0,190.0,46.5,Female,2.0,53350.28,3.0,6.0
9828885,13.0,165.0,33.0,Female,2.0,29869.53,3.0,6.0
2611292,6.0,74.0,60.0,Unknown,2.0,51899.49,0.0,3.0
4160665,7.0,93.0,65.5,Unknown,2.0,115662.5,0.0,3.0
1245725,12.0,153.0,50.0,Male,2.0,47609.72,6.0,9.0
9697309,10.0,131.0,27.5,Female,2.0,112423.34,0.0,4.0
352491,6.0,72.0,51.0,Unknown,2.0,71532.73,6.0,9.0
1255433,6.0,75.0,34.0,Unknown,2.0,31686.34,2.0,5.0
5871387,14.0,171.0,36.5,Male,2.0,32683.79,2.0,5.0
5210640,14.0,168.0,75.5,Male,3.0,506821.6,5.0,8.0
1450760,6.0,72.0,23.5,Unknown,3.0,33002.34,5.0,8.0
6085745,7.0,85.0,66.0,Unknown,2.0,38020.96,3.0,7.0
6002633,11.0,142.0,75.0,Female,2.0,50585.12,5.0,8.0
6900662,31.0,382.0,51.5,Female,3.0,78408.78,1.0,5.0
2255606,21.0,254.0,56.5,Female,2.0,70766.43,3.0,6.0
4252147,20.0,251.0,50.5,Female,3.0,220185.16,5.0,8.0
162575,20.0,251.0,46.0,Male,2.0,249834.71,6.0,9.0
7233735,17.0,213.0,63.5,Male,3.0,116426.62,6.0,9.0
5127519,15.0,191.0,28.0,Male,3.0,129655.61,2.0,5.0
4583214,24.0,290.0,65.0,Female,2.0,70892.65,2.0,5.0
7511255,11.0,143.0,51.5,Female,2.0,33601.509999999995,0.0,3.0
9369501,11.0,134.0,39.5,Male,2.0,24492.98,3.0,6.0
2185006,14.0,177.0,49.0,Unknown,2.0,88768.22,3.0,6.0
7331597,8.0,98.0,29.0,Unknown,4.0,74423.86,5.0,8.0
7552391,7.0,87.0,30.5,Unknown,2.0,34377.119999999995,6.0,9.0
8009803,5.0,71.0,61.0,Male,2.0,430155.67,6.0,9.0
510139,18.0,217.0,52.0,Female,2.0,203822.98,1.0,4.0
2868548,6.0,82.0,67.0,Unknown,2.0,153544.12,6.0,9.0
975818,8.0,96.0,38.0,Female,4.0,94561.83,3.0,6.0
451568,13.0,157.0,54.0,Female,2.0,198582.74,4.0,7.0
8052264,15.0,186.0,38.0,Male,2.0,30593.47,0.0,3.0
4672923,16.0,193.0,38.5,Female,3.0,83969.23,6.0,9.0
3897621,6.0,76.0,58.5,Unknown,2.0,36053.32,1.0,4.0
7724329,6.0,74.0,59.0,Unknown,2.0,81595.78,3.0,6.0
3443063,8.0,99.0,35.5,Unknown,2.0,28271.1,5.0,8.0
8350306,4.0,58.0,23.5,Unknown,4.0,56707.97,6.0,9.0
3828289,6.0,79.0,66.0,Unknown,5.0,374659.82,2.0,5.0
8996903,19.0,240.0,60.5,Male,2.0,28710.72,0.0,3.0
7246035,6.0,79.0,25.0,Unknown,2.0,108930.09,6.0,9.0
5454071,10.0,120.0,58.0,Female,3.0,79723.1,5.0,8.0
8803188,16.0,198.0,74.5,Male,2.0,89085.98999999999,3.0,6.0
8284076,16.0,199.0,50.0,Male,2.0,45740.21,2.0,5.0
7692003,5.0,71.0,35.5,Unknown,2.0,30758.02,1.0,4.0
3127959,6.0,73.0,43.5,Unknown,2.0,587278.51,5.0,8.0
84658,4.0,53.0,41.0,Male,2.0,85191.7,6.0,9.0
2131059,4.0,48.0,45.0,Unknown,3.0,57565.1,6.0,9.0
790935,6.0,82.0,32.0,Unknown,2.0,32672.8,0.0,3.0
5983829,30.0,364.0,32.5,Male,3.0,43431.47,6.0,9.0
1189627,26.0,321.0,54.5,Male,2.0,57355.75,0.0,3.0
5121453,11.0,140.0,53.0,Female,3.0,581602.2300000001,2.0,5.0
8637424,14.0,179.0,33.5,Male,2.0,80562.62,6.0,9.0
1020828,13.0,165.0,71.5,Male,2.0,44769.73,0.0,3.0
8003898,5.0,70.0,24.5,Unknown,2.0,28409.64,6.0,9.0
6125886,20.0,241.0,50.0,Male,2.0,256039.96,6.0,9.0
1571466,15.0,190.0,42.0,Female,3.0,569421.93,5.0,8.0
4396402,6.0,83.0,34.5,Male,3.0,41382.42,6.0,9.0
559169,6.0,82.0,30.0,Unknown,2.0,40200.67,4.0,7.0
8963925,10.0,130.0,75.5,Male,2.0,37376.93,5.0,8.0
1428321,12.0,152.0,42.0,Female,2.0,35577.72,2.0,5.0
9458551,6.0,72.0,59.5,Female,2.0,45192.82,6.0,9.0
2703662,4.0,58.0,44.0,Unknown,2.0,43921.99,6.0,9.0
339684,11.0,142.0,29.0,Male,3.0,158700.64,6.0,9.0
2245552,29.0,358.0,49.5,Female,2.0,243490.56,5.0,8.0
8515834,14.0,171.0,44.0,Male,2.0,114367.36,1.0,4.0
2307904,14.0,171.0,49.0,Male,2.0,158110.05,3.0,6.0
7486231,16.0,196.0,36.5,Male,3.0,120926.64,6.0,9.0
1664346,28.0,341.0,42.5,Female,2.0,435468.16,1.0,4.0
7276973,15.0,183.0,59.0,Female,2.0,35092.13,3.0,6.0
4976479,9.0,118.0,32.0,Male,3.0,329519.69,5.0,8.0
5562166,4.0,56.0,55.5,Male,2.0,79070.5,6.0,9.0
7130735,3.0,37.0,58.0,Female,2.0,203729.41,1.0,4.0
428170,24.0,291.0,22.0,Male,2.0,46076.95,3.0,6.0
2187998,24.0,289.0,51.5,Female,3.0,218355.41,4.0,7.0
5417393,22.0,269.0,50.0,Female,2.0,46256.67,1.0,4.0
527207,22.0,267.0,58.0,Female,2.0,764563.31,6.0,9.0
6076816,22.0,271.0,52.5,Unknown,3.0,541521.14,6.0,9.0
7716583,21.0,259.0,55.0,Female,3.0,189138.78,1.0,4.0
1565883,22.0,266.0,67.0,Female,3.0,98137.81,4.0,7.0
6059059,19.0,231.0,69.0,Female,2.0,170954.26,0.0,3.0
212654,6.0,73.0,29.5,Unknown,2.0,53082.21,6.0,9.0
7013557,6.0,83.0,55.5,Unknown,2.0,72155.13,0.0,3.0
1401686,4.0,59.0,49.5,Unknown,2.0,99937.07,0.0,3.0
7077317,8.0,100.0,25.0,Unknown,2.0,59385.71,1.0,4.0
6707447,13.0,156.0,51.5,Female,2.0,217396.58,2.0,5.0
2165375,15.0,181.0,43.0,Female,2.0,85705.06,0.0,3.0
479431,3.0,46.0,29.0,Unknown,2.0,27637.97,6.0,9.0
3006685,15.0,190.0,65.0,Male,2.0,30916.01,1.0,4.0
5324504,37.0,449.0,63.5,Male,4.0,216349.87,3.0,6.0
5509975,15.0,189.0,69.0,Unknown,2.0,213269.12,0.0,5.0
1550660,27.0,333.0,52.5,Male,4.0,1921207.34,6.0,9.0
766317,8.0,99.0,39.0,Male,2.0,57154.61,4.0,7.0
6018486,7.0,93.0,55.0,Unknown,2.0,27041.65,0.0,3.0
2839600,9.0,117.0,26.0,Female,2.0,64247.81,3.0,6.0
2763487,4.0,59.0,25.5,Unknown,2.0,29850.97,1.0,4.0
6846912,4.0,59.0,59.5,Unknown,2.0,33982.61,1.0,4.0
7294986,9.0,109.0,53.5,Male,2.0,130083.05,5.0,8.0
3108095,27.0,325.0,74.5,Male,3.0,191597.99,6.0,9.0
1542033,8.0,106.0,60.0,Male,2.0,110600.17,1.0,4.0
959156,7.0,88.0,76.5,Unknown,2.0,46722.13,1.0,4.0
7957596,15.0,189.0,37.5,Male,2.0,44171.17,4.0,7.0
5662516,12.0,147.0,26.5,Male,4.0,62515.07,1.0,4.0
8642473,6.0,82.0,33.0,Unknown,2.0,66314.26999999999,2.0,6.0
1153740,16.0,193.0,54.0,Female,3.0,339608.51,2.0,5.0
5325758,32.0,395.0,55.5,Male,2.0,48522.17999999999,2.0,5.0
6828613,16.0,200.0,33.5,Male,2.0,30168.38,0.0,3.0
5757723,12.0,154.0,27.0,Female,2.0,32383.08,0.0,3.0
3987597,6.0,72.0,69.5,Female,2.0,433280.34,5.0,8.0
4543597,13.0,167.0,30.5,Female,3.0,85695.69,2.0,5.0
7779503,5.0,63.0,48.5,Unknown,4.0,47090.58,4.0,7.0
4858328,6.0,82.0,25.5,Unknown,3.0,71077.07,4.0,7.0
4737820,12.0,145.0,58.0,Female,2.0,28614.54,4.0,7.0
3545851,8.0,97.0,21.5,Unknown,2.0,29311.55,1.0,4.0
4853550,26.0,321.0,22.5,Unknown,2.0,34254.23,0.0,4.0
7732508,6.0,77.0,28.5,Unknown,2.0,28042.19,2.0,5.0
7237122,7.0,91.0,73.5,Unknown,2.0,67898.51,3.0,6.0
9588606,5.0,66.0,43.0,Unknown,2.0,30108.41,1.0,4.0
6621623,12.0,149.0,33.5,Unknown,2.0,28851.13,5.0,8.0
197335,11.0,141.0,52.0,Female,2.0,87627.62,2.0,5.0
6231124,6.0,78.0,22.0,Unknown,2.0,29169.39,6.0,9.0
1171953,25.0,307.0,56.5,Male,4.0,1527304.66,3.0,6.0
447439,24.0,295.0,63.5,Unknown,2.0,75137.08,3.0,6.0
644933,23.0,286.0,57.0,Female,2.0,37135.98,1.0,4.0
8665369,21.0,263.0,65.5,Male,2.0,439507.7,6.0,9.0
8138044,20.0,243.0,52.0,Male,3.0,734149.9400000001,1.0,5.0
3810370,19.0,233.0,45.5,Male,3.0,113037.11,3.0,6.0
4174659,19.0,233.0,43.5,Female,2.0,147358.59,2.0,5.0
2313249,17.0,215.0,50.0,Female,3.0,187310.3,6.0,9.0
6152660,17.0,205.0,53.0,Male,2.0,114053.98,6.0,9.0
210141,16.0,199.0,81.5,Male,4.0,431643.24,4.0,8.0
9680525,11.0,142.0,39.5,Male,3.0,75622.13,6.0,9.0
3884377,4.0,59.0,44.5,Unknown,2.0,178227.39,3.0,6.0
9069531,8.0,104.0,35.0,Unknown,2.0,27778.45,1.0,4.0
3736651,14.0,170.0,64.0,Male,2.0,50834.42999999999,4.0,7.0
2123867,10.0,131.0,38.5,Male,3.0,43913.17999999999,1.0,4.0
4531279,4.0,58.0,33.5,Unknown,2.0,44354.08,6.0,9.0
3974967,6.0,74.0,50.5,Unknown,2.0,94597.82,5.0,8.0
5015780,7.0,88.0,54.0,Unknown,2.0,34627.259999999995,6.0,9.0
6573176,12.0,155.0,47.5,Male,2.0,35545.25,5.0,8.0
5308702,13.0,160.0,52.0,Female,2.0,73098.78,1.0,4.0
5556885,4.0,59.0,44.0,Unknown,2.0,26588.45,5.0,8.0
4129913,3.0,43.0,22.0,Unknown,3.0,67483.59,3.0,6.0
5903293,6.0,82.0,24.5,Unknown,3.0,57955.36,4.0,7.0
2014659,9.0,108.0,23.5,Male,2.0,36214.74,6.0,9.0
5905486,7.0,84.0,53.0,Unknown,4.0,332413.75,1.0,6.0
8989715,13.0,164.0,43.5,Male,3.0,39854.94,5.0,8.0
3709743,10.0,124.0,55.5,Male,3.0,158818.57,2.0,5.0
2886641,16.0,195.0,64.0,Male,2.0,134664.52000000002,0.0,3.0
4008126,12.0,151.0,41.5,Unknown,3.0,92714.15,6.0,9.0
9890560,4.0,58.0,22.0,Unknown,2.0,140415.74,6.0,9.0
9303817,7.0,94.0,27.5,Unknown,2.0,85867.62,2.0,5.0
771234,6.0,73.0,57.5,Female,2.0,78472.61,2.0,5.0
8958048,19.0,230.0,63.0,Male,2.0,311060.66,6.0,9.0
1208860,6.0,83.0,67.0,Unknown,2.0,257274.28,6.0,9.0
8205401,19.0,233.0,58.5,Male,2.0,313601.16,3.0,6.0
346805,29.0,358.0,60.0,Male,2.0,163258.45,6.0,9.0
7178882,6.0,72.0,28.5,Unknown,3.0,65514.23,3.0,6.0
4676782,7.0,85.0,61.0,Unknown,2.0,350498.22,1.0,4.0
8466956,16.0,198.0,65.0,Female,2.0,124660.17,3.0,6.0
202925,4.0,58.0,66.0,Unknown,2.0,123518.58,4.0,8.0
2491135,11.0,132.0,40.5,Unknown,2.0,223119.99,6.0,9.0
1323256,8.0,98.0,23.5,Unknown,2.0,29718.09,6.0,9.0
47860,11.0,138.0,37.0,Female,2.0,170343.75,1.0,4.0
736578,10.0,130.0,30.5,Male,2.0,49593.59,2.0,5.0
5666090,9.0,118.0,58.5,Female,2.0,100528.9,1.0,4.0
5549083,4.0,56.0,36.0,Unknown,2.0,25810.68,3.0,6.0
4556190,14.0,179.0,37.0,Male,2.0,28003.69,0.0,3.0
3416169,5.0,65.0,44.0,Unknown,2.0,377604.07,2.0,5.0
1007556,14.0,170.0,61.5,Female,3.0,78161.95,3.0,6.0
751262,17.0,210.0,54.5,Male,2.0,275614.7,5.0,8.0
2804769,7.0,89.0,23.5,Unknown,2.0,35106.72,6.0,9.0
3035205,6.0,79.0,25.5,Male,2.0,52185.51,6.0,9.0
758915,14.0,179.0,59.5,Male,2.0,34867.59,0.0,3.0
7575842,11.0,132.0,44.0,Female,2.0,87667.12,0.0,3.0
4072010,24.0,298.0,48.5,Female,3.0,62081.47,3.0,6.0
3161273,22.0,274.0,40.5,Female,3.0,38513.32,1.0,4.0
9771287,28.0,347.0,52.5,Unknown,2.0,58575.12,5.0,8.0
2507991,20.0,250.0,36.5,Female,2.0,48727.15,2.0,5.0
7365875,20.0,241.0,61.0,Male,2.0,504531.28,6.0,9.0
1112135,19.0,240.0,57.0,Male,2.0,42298.02,6.0,9.0
7522558,19.0,228.0,51.0,Unknown,3.0,45491.03999999999,2.0,5.0
1658480,14.0,172.0,55.5,Male,2.0,41386.33,4.0,7.0
2820779,7.0,90.0,64.5,Unknown,2.0,231488.06,4.0,7.0
5592378,6.0,76.0,64.5,Female,2.0,61109.47,6.0,9.0
6554785,5.0,65.0,58.0,Unknown,2.0,163776.78999999998,0.0,3.0
2157327,4.0,58.0,25.5,Unknown,3.0,70276.76999999999,6.0,9.0
8864663,5.0,69.0,26.0,Unknown,2.0,40194.91,3.0,6.0
5445929,7.0,94.0,42.0,Unknown,2.0,83597.65,4.0,7.0
3014716,8.0,101.0,29.5,Unknown,2.0,27423.33,1.0,4.0
2913213,10.0,124.0,45.0,Unknown,2.0,97151.7,4.0,8.0
5756895,8.0,97.0,44.5,Unknown,3.0,226772.86,0.0,3.0
4921524,7.0,94.0,35.0,Unknown,2.0,58702.3,0.0,3.0
8696157,15.0,189.0,47.5,Male,3.0,245129.77,2.0,5.0
2381834,5.0,64.0,44.0,Unknown,2.0,57572.97,5.0,8.0
2292333,14.0,170.0,52.0,Male,2.0,31947.97,0.0,3.0
8702464,7.0,88.0,28.0,Unknown,2.0,26852.13,6.0,9.0
7474459,5.0,70.0,39.5,Unknown,2.0,39489.9,2.0,5.0
9600289,14.0,175.0,50.0,Female,2.0,33241.06,1.0,4.0
7053444,8.0,105.0,61.5,Male,2.0,42555.65,1.0,4.0
5532902,11.0,135.0,51.5,Male,2.0,23915.54,6.0,9.0
5391929,13.0,166.0,33.5,Male,2.0,139964.24,3.0,6.0
2623324,6.0,79.0,38.5,Unknown,2.0,49403.16,3.0,6.0
3564910,14.0,169.0,75.0,Female,2.0,369011.4,0.0,3.0
2551688,7.0,85.0,66.5,Unknown,2.0,108793.68,0.0,3.0
159617,12.0,152.0,43.5,Male,2.0,26257.65,2.0,5.0
3988333,15.0,183.0,45.0,Female,2.0,26821.15,0.0,3.0
7285582,7.0,87.0,30.5,Unknown,2.0,58998.1,3.0,6.0
6409037,21.0,263.0,55.5,Male,2.0,531692.98,3.0,6.0
2218915,7.0,89.0,49.0,Unknown,2.0,70033.56,2.0,5.0
4382494,9.0,109.0,49.5,Male,2.0,60407.22,3.0,6.0
3815171,13.0,164.0,30.0,Male,2.0,97693.21,5.0,8.0
6906337,8.0,99.0,60.0,Unknown,2.0,156655.95,4.0,7.0
7489433,14.0,178.0,38.0,Female,2.0,103297.98,0.0,3.0
3646787,26.0,319.0,64.5,Male,2.0,228997.82,2.0,6.0
9854781,15.0,182.0,63.0,Male,2.0,101396.34,0.0,3.0
6857523,11.0,138.0,36.5,Female,2.0,73743.29999999999,1.0,4.0
79571,10.0,122.0,53.0,Female,2.0,228555.67,4.0,7.0
9243184,4.0,58.0,58.0,Unknown,2.0,46596.96,0.0,3.0
395074,5.0,60.0,54.5,Unknown,2.0,49736.52,6.0,9.0
2404228,15.0,191.0,52.0,Female,2.0,148479.03999999998,1.0,4.0
200372,28.0,343.0,63.5,Female,2.0,55306.66,2.0,5.0
5002400,11.0,142.0,50.5,Female,2.0,264234.33,3.0,6.0
4524845,24.0,299.0,35.5,Male,2.0,24089.91,0.0,3.0
3884582,24.0,290.0,65.0,Unknown,2.0,68809.64,0.0,3.0
6986441,23.0,286.0,66.0,Male,2.0,228565.55,0.0,4.0
4442699,23.0,280.0,28.5,Unknown,2.0,128441.45,6.0,9.0
1414085,22.0,275.0,58.5,Male,3.0,1018778.7,2.0,6.0
1617973,21.0,261.0,59.5,Female,2.0,143188.27000000002,3.0,6.0
7629056,21.0,254.0,61.0,Male,3.0,201103.89,6.0,9.0
2502567,21.0,253.0,67.5,Female,2.0,23810.82,1.0,4.0
655546,17.0,209.0,58.5,Female,2.0,249188.64,6.0,9.0
5100842,6.0,74.0,56.0,Female,2.0,45754.42999999999,3.0,6.0
2591793,3.0,47.0,50.0,Unknown,2.0,81211.07,3.0,6.0
4740992,26.0,319.0,44.0,Male,2.0,40465.98,4.0,7.0
9390816,15.0,185.0,52.0,Female,2.0,78375.62,6.0,9.0
8860072,16.0,196.0,57.5,Male,2.0,170103.83000000002,3.0,6.0
3381948,6.0,83.0,69.0,Unknown,2.0,149641.15,5.0,8.0
2386069,12.0,145.0,67.0,Male,2.0,116057.02,4.0,7.0
2969158,5.0,60.0,22.5,Unknown,2.0,38859.34,6.0,9.0
7683255,6.0,82.0,45.0,Unknown,2.0,56738.82,0.0,3.0
4109359,8.0,96.0,42.0,Unknown,2.0,34353.42,5.0,8.0
9078665,15.0,190.0,59.5,Female,2.0,254144.31,4.0,7.0
4899918,6.0,77.0,56.5,Unknown,2.0,37671.29,2.0,5.0
6366339,4.0,58.0,54.5,Unknown,2.0,88336.48999999999,0.0,3.0
9667564,15.0,182.0,40.0,Male,2.0,33872.45,1.0,4.0
831384,13.0,167.0,61.0,Male,2.0,109338.38,5.0,8.0
8548076,5.0,62.0,19.5,Unknown,2.0,34965.66,1.0,4.0
7485900,6.0,76.0,30.0,Unknown,3.0,65652.20999999999,2.0,5.0
4153198,15.0,189.0,53.0,Female,2.0,61731.66,0.0,3.0
530965,5.0,69.0,20.5,Unknown,2.0,30695.67,0.0,3.0
4755109,5.0,60.0,35.0,Unknown,2.0,38571.57,5.0,8.0
180404,11.0,137.0,26.5,Male,3.0,139541.16,6.0,9.0
8151029,5.0,68.0,82.0,Unknown,3.0,32647.69,2.0,5.0
3616073,6.0,79.0,20.5,Unknown,2.0,44032.99,6.0,9.0
8314183,9.0,119.0,27.5,Female,2.0,59708.22,6.0,9.0
11880,5.0,71.0,27.0,Unknown,2.0,61355.21,6.0,9.0
9977599,5.0,71.0,41.5,Unknown,2.0,65702.29999999999,0.0,3.0
2385269,13.0,167.0,53.5,Female,2.0,115990.91,1.0,4.0
5759982,17.0,206.0,37.5,Female,2.0,41411.49,0.0,3.0
1906444,11.0,140.0,41.5,Female,2.0,304215.6,5.0,8.0
7822809,5.0,64.0,45.5,Unknown,2.0,24368.73,3.0,6.0
8441694,6.0,81.0,63.0,Female,3.0,612615.62,6.0,9.0
2710360,5.0,67.0,71.0,Male,2.0,413245.31,6.0,9.0
8023726,6.0,80.0,31.5,Male,2.0,54584.92999999999,6.0,9.0
4869303,4.0,59.0,22.0,Unknown,2.0,66489.79999999999,0.0,3.0
9362131,14.0,178.0,45.5,Female,4.0,57177.43,0.0,3.0
1626983,5.0,65.0,65.5,Male,2.0,302911.27,0.0,3.0
7812988,4.0,56.0,52.5,Unknown,2.0,37088.27,4.0,7.0
1477266,27.0,326.0,59.5,Male,2.0,712185.2000000001,5.0,8.0
4044961,9.0,115.0,38.5,Female,2.0,36135.75,3.0,6.0
8167393,10.0,125.0,39.5,Male,2.0,71038.82,6.0,9.0
9849656,7.0,94.0,26.5,Unknown,2.0,79193.19,6.0,9.0
3018016,5.0,71.0,54.5,Unknown,3.0,456058.01,6.0,9.0
4719692,12.0,154.0,51.0,Female,2.0,31765.48,0.0,3.0
3611790,4.0,58.0,68.0,Unknown,3.0,40976.99,6.0,9.0
8400251,10.0,122.0,58.5,Female,3.0,45397.05,1.0,5.0
3357235,16.0,194.0,56.5,Female,2.0,68586.76999999999,6.0,9.0
4442593,5.0,60.0,32.5,Female,2.0,40611.76,0.0,3.0
5817293,4.0,58.0,29.5,Unknown,2.0,36067.13,4.0,7.0
3514210,5.0,70.0,21.0,Unknown,2.0,31390.82,0.0,3.0
1593015,6.0,73.0,51.5,Female,2.0,48611.23,6.0,9.0
2975456,22.0,271.0,70.5,Female,2.0,56537.35,6.0,9.0
4502307,21.0,261.0,34.5,Male,2.0,29317.23,0.0,3.0
7193752,21.0,259.0,59.0,Male,2.0,26848.94,1.0,4.0
4722411,21.0,257.0,67.5,Female,2.0,44262.45,2.0,5.0
8566060,21.0,255.0,58.5,Unknown,2.0,111347.55,5.0,8.0
4319563,21.0,254.0,34.0,Unknown,2.0,113240.82,5.0,8.0
9605578,20.0,243.0,65.5,Male,2.0,32804.09,2.0,5.0
6675974,19.0,238.0,33.5,Male,2.0,95076.59,2.0,5.0
6008203,19.0,232.0,63.5,Male,3.0,196085.97,6.0,9.0
1724265,19.0,228.0,32.0,Male,2.0,138675.66,2.0,5.0
1974935,7.0,87.0,57.0,Unknown,2.0,59974.69,0.0,3.0
6343693,15.0,187.0,57.0,Male,2.0,90898.49,6.0,9.0
5888850,9.0,113.0,28.5,Female,2.0,42678.61,0.0,3.0
7745166,6.0,75.0,37.0,Female,3.0,165617.01,6.0,9.0
3992880,9.0,114.0,61.5,Unknown,2.0,55870.13,6.0,9.0
436146,8.0,106.0,37.5,Male,2.0,63218.69,0.0,3.0
3266097,16.0,193.0,41.0,Female,2.0,96532.88,2.0,5.0
8204634,6.0,74.0,30.5,Unknown,2.0,39882.7,3.0,6.0
982360,13.0,158.0,49.5,Female,2.0,85041.78,4.0,7.0
5111051,15.0,189.0,55.5,Male,2.0,176104.09999999998,1.0,4.0
3394350,11.0,136.0,49.0,Male,2.0,242847.4,4.0,7.0
7342689,13.0,156.0,60.5,Male,2.0,41676.49,6.0,9.0
6780449,31.0,376.0,59.5,Male,4.0,1329193.69,5.0,8.0
5414532,5.0,67.0,56.0,Unknown,2.0,30968.95,1.0,4.0
818413,6.0,78.0,54.0,Unknown,2.0,28510.65,6.0,9.0
818084,15.0,190.0,36.0,Male,2.0,32732.12,1.0,4.0
8318148,6.0,73.0,61.5,Unknown,2.0,99307.14,3.0,6.0
3938135,27.0,327.0,66.5,Male,2.0,28995.37,3.0,6.0
5093458,12.0,155.0,51.0,Female,2.0,55509.74,0.0,3.0
3060494,8.0,99.0,60.0,Unknown,2.0,23809.54,2.0,5.0
7743144,8.0,106.0,61.5,Male,2.0,32579.17,1.0,4.0
1995844,9.0,110.0,28.5,Female,3.0,83956.61,3.0,6.0
6848218,5.0,67.0,38.0,Unknown,4.0,1124914.2999999998,1.0,5.0
5056326,6.0,82.0,56.0,Unknown,2.0,23970.37,2.0,5.0
7355316,16.0,200.0,69.5,Female,2.0,45727.32,0.0,3.0
59152,16.0,194.0,45.5,Unknown,2.0,701946.64,6.0,9.0
776238,4.0,55.0,23.0,Unknown,2.0,25454.15,6.0,9.0
1220246,5.0,69.0,34.5,Unknown,2.0,41146.44,6.0,9.0
6348754,4.0,55.0,34.5,Female,3.0,48519.06,2.0,5.0
985881,6.0,77.0,53.5,Female,2.0,356244.2,1.0,4.0
1689237,12.0,154.0,51.0,Female,2.0,131014.62,6.0,9.0
657899,5.0,71.0,52.5,Unknown,2.0,30916.59,0.0,3.0
7009243,4.0,56.0,41.0,Unknown,2.0,30649.46,2.0,5.0
4669037,5.0,67.0,31.5,Unknown,2.0,25112.54,1.0,4.0
9127186,5.0,71.0,24.0,Unknown,2.0,33371.5,3.0,6.0
3909190,12.0,145.0,35.0,Male,2.0,74419.76999999999,2.0,5.0
7324107,6.0,73.0,24.5,Unknown,4.0,44128.96,5.0,8.0
1792992,16.0,192.0,56.0,Female,2.0,45155.48,5.0,8.0
6593913,7.0,87.0,72.5,Unknown,2.0,57806.91,0.0,3.0
9748092,14.0,179.0,67.0,Male,2.0,58599.39,2.0,5.0
3731907,13.0,162.0,33.5,Female,2.0,67829.28,0.0,3.0
9247578,31.0,378.0,66.5,Male,3.0,71304.23999999999,4.0,7.0
4675164,24.0,297.0,52.5,Female,2.0,31429.57,2.0,6.0
8540997,13.0,166.0,37.0,Female,2.0,32499.26,0.0,3.0
5829895,15.0,190.0,68.5,Male,3.0,197259.66,4.0,7.0
1486808,5.0,65.0,33.5,Unknown,3.0,90455.68,4.0,7.0
4070732,12.0,146.0,32.5,Male,2.0,35862.67,4.0,7.0
9966141,15.0,190.0,58.5,Female,2.0,81288.67,4.0,7.0
1957726,12.0,153.0,39.0,Male,2.0,143805.28,3.0,6.0
3275651,10.0,130.0,32.0,Male,2.0,52419.34,6.0,9.0
1897406,8.0,96.0,50.5,Unknown,2.0,44802.56,6.0,9.0
7235072,5.0,70.0,66.0,Female,2.0,176865.27000000002,6.0,9.0
7996810,22.0,275.0,50.5,Male,3.0,199358.77,2.0,5.0
6549730,22.0,275.0,29.5,Unknown,2.0,40596.95,2.0,5.0
8652675,19.0,238.0,51.0,Male,4.0,71177.62,6.0,9.0
2824464,19.0,232.0,30.0,Male,3.0,25131.69,5.0,8.0
7822345,18.0,226.0,65.5,Female,2.0,51177.76,0.0,3.0
6011502,17.0,215.0,76.5,Male,4.0,1025467.49,0.0,8.0
3660756,6.0,79.0,40.5,Unknown,2.0,43986.97,3.0,6.0
6781731,5.0,71.0,22.0,Unknown,2.0,33973.23,1.0,4.0
883426,4.0,58.0,24.0,Unknown,2.0,33429.28,1.0,4.0
864158,6.0,82.0,37.0,Unknown,2.0,74294.82,1.0,4.0
3870924,9.0,108.0,36.0,Female,2.0,83214.31,3.0,6.0
9578914,15.0,189.0,34.0,Female,2.0,30042.25,2.0,5.0
8909445,15.0,180.0,51.5,Female,2.0,48065.88,0.0,3.0
9398933,6.0,82.0,70.5,Unknown,2.0,91465.25,4.0,7.0
543460,10.0,129.0,47.5,Male,2.0,49462.47,4.0,7.0
6333418,26.0,323.0,24.0,Female,3.0,35657.24,1.0,4.0
1026120,5.0,71.0,59.5,Unknown,2.0,30996.95,4.0,7.0
63879,15.0,191.0,36.5,Female,2.0,242925.89,3.0,6.0
9314054,4.0,52.0,53.5,Unknown,3.0,187236.06,3.0,6.0
4630332,3.0,38.0,55.5,Unknown,2.0,28654.67,5.0,8.0
9068193,6.0,81.0,24.5,Unknown,2.0,57981.49,6.0,9.0
8881406,6.0,83.0,27.5,Unknown,2.0,51137.09,0.0,3.0
4522492,31.0,372.0,83.0,Female,3.0,1459386.25,6.0,9.0
6700735,6.0,78.0,30.0,Unknown,4.0,93587.2,6.0,9.0
9582963,4.0,58.0,42.5,Unknown,3.0,43758.78999999999,0.0,3.0
4720406,14.0,179.0,62.0,Female,2.0,133449.7,6.0,9.0
8745688,5.0,60.0,53.5,Unknown,2.0,39946.27,3.0,6.0
3251707,8.0,107.0,33.0,Female,3.0,76424.48,0.0,3.0
2424231,13.0,160.0,31.5,Female,3.0,101236.91,2.0,5.0
6838639,38.0,461.0,64.5,Female,2.0,91308.15,1.0,4.0
8351784,4.0,57.0,59.5,Unknown,2.0,132105.58000000002,6.0,9.0
9475023,7.0,94.0,47.5,Unknown,2.0,30312.07,3.0,6.0
3483869,8.0,104.0,44.0,Female,2.0,32624.2,3.0,6.0
2211100,12.0,153.0,41.0,Female,2.0,36602.56,1.0,4.0
1405605,13.0,157.0,39.0,Male,3.0,441430.87,6.0,9.0
7662754,7.0,93.0,48.0,Unknown,2.0,100361.29,2.0,5.0
5969630,6.0,79.0,63.0,Unknown,2.0,106708.01,1.0,4.0
3903512,13.0,158.0,40.0,Female,2.0,56413.77,3.0,6.0
6598371,15.0,188.0,43.0,Unknown,2.0,134646.03999999998,6.0,9.0
9696890,14.0,179.0,37.0,Female,3.0,129306.36,4.0,7.0
912638,5.0,64.0,42.5,Unknown,2.0,81259.22,1.0,4.0
9477115,4.0,51.0,58.5,Male,2.0,36373.85,0.0,3.0
3545243,14.0,168.0,43.0,Male,4.0,92788.33,6.0,9.0
7030424,13.0,167.0,72.5,Female,2.0,307209.76,3.0,6.0
5682010,5.0,61.0,27.0,Unknown,2.0,35776.07,2.0,5.0
5858388,15.0,184.0,36.0,Male,2.0,55954.57,1.0,4.0
8865397,6.0,81.0,68.0,Unknown,2.0,157476.69,6.0,9.0
1243518,6.0,78.0,25.5,Unknown,3.0,75137.26999999999,6.0,9.0
2872224,4.0,54.0,24.0,Unknown,2.0,230251.27,6.0,9.0
3849568,29.0,359.0,53.5,Unknown,2.0,59062.45,2.0,5.0
9948098,26.0,321.0,60.5,Male,2.0,45899.75,6.0,9.0
5511653,25.0,305.0,63.5,Male,2.0,3902950.39,5.0,8.0
3258217,24.0,290.0,43.5,Female,2.0,94021.69,5.0,8.0
827141,22.0,269.0,65.0,Female,2.0,77673.76,4.0,7.0
2396499,18.0,227.0,38.5,Female,2.0,30547.94,4.0,7.0
4771742,20.0,246.0,42.0,Female,2.0,149602.45,1.0,4.0
5986204,18.0,216.0,66.5,Male,3.0,119499.47,6.0,9.0
966641,13.0,167.0,42.5,Male,2.0,50972.2,1.0,4.0
86499,5.0,69.0,21.5,Unknown,2.0,36656.0,2.0,5.0
2658964,15.0,181.0,65.5,Male,2.0,31549.22,4.0,7.0
1254213,15.0,187.0,49.5,Male,2.0,67808.0,6.0,9.0
4804703,7.0,94.0,40.0,Unknown,3.0,35656.44,0.0,3.0
6408484,27.0,335.0,65.0,Male,3.0,252897.2,6.0,9.0
7705990,15.0,183.0,32.5,Female,2.0,36263.38,1.0,4.0
8841326,32.0,391.0,60.5,Female,2.0,5085307.11,6.0,9.0
8987351,16.0,202.0,69.5,Female,2.0,38145.32,0.0,3.0
1584197,7.0,84.0,29.5,Unknown,2.0,66317.51,6.0,9.0
1111449,15.0,181.0,73.0,Female,2.0,32453.51,3.0,6.0
6970339,7.0,84.0,33.5,Unknown,2.0,64843.27,1.0,4.0
4098881,25.0,309.0,57.0,Male,2.0,229403.97,4.0,7.0
4368765,4.0,59.0,39.5,Unknown,2.0,46160.73,0.0,3.0
9112330,9.0,115.0,59.5,Female,2.0,185343.84000000003,5.0,8.0
8100455,5.0,67.0,20.5,Male,2.0,54397.0,4.0,7.0
7890317,5.0,62.0,56.0,Female,2.0,37978.44,3.0,6.0
1965939,15.0,189.0,49.0,Male,2.0,62563.1,0.0,3.0
3004249,12.0,152.0,34.5,Male,2.0,84351.06,5.0,8.0
9597768,12.0,144.0,43.5,Female,2.0,131811.99,2.0,5.0
5254812,5.0,67.0,36.5,Unknown,2.0,25864.28,1.0,4.0
8455559,33.0,406.0,80.0,Male,2.0,54963.16,2.0,5.0
1677096,12.0,154.0,38.0,Female,2.0,139421.75,3.0,6.0
9694288,14.0,169.0,71.0,Male,2.0,161265.97999999998,3.0,6.0
2262323,14.0,179.0,50.0,Female,2.0,64961.74,6.0,9.0
6888629,16.0,197.0,41.0,Female,2.0,53724.28,2.0,5.0
3799834,14.0,171.0,47.5,Male,2.0,31414.48,1.0,4.0
3700898,14.0,178.0,64.0,Female,2.0,132427.44,0.0,3.0
3364212,4.0,59.0,28.0,Unknown,2.0,37775.82,1.0,4.0
7225168,16.0,193.0,60.5,Male,2.0,562112.02,6.0,9.0
4449433,14.0,175.0,63.5,Male,2.0,98159.25,0.0,3.0
9016678,5.0,65.0,61.5,Female,2.0,204902.82,6.0,9.0
1930869,10.0,120.0,54.5,Male,2.0,486088.09,3.0,6.0
6520285,12.0,145.0,33.5,Male,2.0,77293.53,3.0,6.0
1193812,15.0,184.0,40.5,Male,3.0,527601.21,6.0,9.0
9801953,15.0,191.0,69.0,Female,2.0,207959.49,4.0,7.0
7940001,14.0,178.0,52.5,Female,2.0,192436.7,0.0,3.0
3798462,3.0,47.0,22.5,Unknown,2.0,31339.24,6.0,9.0
1059936,5.0,66.0,25.0,Male,3.0,97211.29,6.0,9.0
9265957,13.0,161.0,30.0,Male,2.0,63999.62,3.0,6.0
9272167,4.0,51.0,64.0,Male,2.0,234530.89,2.0,5.0
2336869,9.0,114.0,48.5,Female,2.0,27030.51,0.0,3.0
101246,6.0,75.0,59.0,Male,3.0,315998.6,4.0,8.0
3467729,4.0,58.0,36.5,Unknown,3.0,43044.38,3.0,6.0
351792,38.0,462.0,66.5,Female,2.0,49565.15,1.0,4.0
7182287,10.0,126.0,64.0,Female,2.0,30977.21,0.0,3.0
8641637,13.0,158.0,28.0,Female,2.0,23796.16,6.0,9.0
6427815,12.0,152.0,53.0,Male,2.0,349880.33,1.0,4.0
8080471,4.0,58.0,65.5,Female,2.0,128885.82,2.0,5.0
5407336,13.0,166.0,61.5,Male,2.0,533430.91,4.0,7.0
4419768,7.0,93.0,35.0,Unknown,2.0,120399.73,0.0,3.0
6515538,4.0,58.0,62.5,Male,2.0,448642.73,6.0,9.0
8356285,23.0,281.0,74.5,Female,4.0,1162418.63,6.0,9.0
6565360,22.0,272.0,65.0,Female,2.0,79188.53,6.0,9.0
2930510,21.0,260.0,64.0,Female,3.0,731872.03,6.0,9.0
3847004,22.0,273.0,45.0,Female,2.0,74946.22,6.0,9.0
4579542,21.0,252.0,35.5,Male,3.0,130755.36,6.0,9.0
5762999,19.0,228.0,51.0,Male,2.0,66147.4,6.0,9.0
3450870,28.0,343.0,55.5,Female,2.0,89322.41,0.0,4.0
6008567,5.0,70.0,58.5,Unknown,3.0,93294.57,1.0,4.0
7584405,13.0,167.0,35.0,Male,2.0,38481.11,1.0,4.0
690874,7.0,91.0,56.5,Unknown,2.0,883101.79,6.0,9.0
7415186,29.0,359.0,59.0,Male,4.0,156659.14,6.0,9.0
425398,16.0,193.0,72.0,Male,2.0,106843.98,6.0,9.0
6254609,5.0,70.0,25.0,Unknown,2.0,31259.91,1.0,4.0
3605980,15.0,190.0,33.5,Female,2.0,147429.82,3.0,6.0
9261250,14.0,175.0,80.5,Male,2.0,26014.17,2.0,5.0
3532488,11.0,143.0,31.5,Male,3.0,159479.65999999997,5.0,8.0
8448269,6.0,82.0,56.0,Unknown,2.0,48383.1,1.0,4.0
1706287,8.0,97.0,65.0,Unknown,3.0,1461533.21,4.0,7.0
9800099,9.0,119.0,30.5,Male,2.0,50282.63,3.0,6.0
2118215,14.0,175.0,40.5,Male,2.0,29591.08,1.0,4.0
3192447,5.0,68.0,45.5,Unknown,3.0,124964.78,6.0,9.0
4924992,5.0,70.0,48.0,Female,2.0,44936.09,2.0,5.0
3807151,13.0,157.0,37.5,Male,2.0,82498.36,6.0,9.0
4604126,6.0,83.0,27.0,Unknown,2.0,25587.03,0.0,3.0
5600283,12.0,145.0,35.0,Female,2.0,86541.51,1.0,4.0
9023510,10.0,131.0,24.5,Female,2.0,38212.45,2.0,5.0
342341,13.0,166.0,58.5,Male,2.0,192202.78,6.0,9.0
5525306,15.0,192.0,37.5,Male,3.0,65314.57,0.0,3.0
8237194,13.0,157.0,36.0,Male,2.0,129395.06,4.0,7.0
7647547,6.0,81.0,32.5,Unknown,2.0,61055.76,2.0,5.0
5245070,8.0,99.0,53.5,Unknown,3.0,140856.66999999998,2.0,5.0
6340523,10.0,120.0,26.5,Female,2.0,49682.67,5.0,8.0
3763917,5.0,62.0,25.0,Unknown,2.0,31683.64,1.0,4.0
1774994,10.0,123.0,34.0,Female,2.0,23873.37,0.0,3.0
6524192,11.0,142.0,30.0,Male,2.0,49612.67999999999,6.0,9.0
2564246,19.0,236.0,52.0,Male,2.0,50229.17999999999,5.0,8.0
8966772,13.0,160.0,54.5,Unknown,2.0,46645.23,1.0,4.0
3471981,5.0,70.0,28.5,Unknown,2.0,141258.07,6.0,9.0
9565614,13.0,156.0,44.5,Female,2.0,33428.33,1.0,4.0
7899551,11.0,143.0,23.5,Female,2.0,42057.46,6.0,9.0
4121100,13.0,159.0,29.5,Female,2.0,31152.14,3.0,6.0
6204171,15.0,189.0,50.5,Male,2.0,111303.78,3.0,6.0
7622966,22.0,274.0,49.0,Male,2.0,103761.44,6.0,9.0
3040729,22.0,271.0,44.5,Male,3.0,79347.04999999999,5.0,8.0
8241885,21.0,262.0,43.5,Female,2.0,44461.12,0.0,3.0
5040493,20.0,250.0,66.5,Male,3.0,786499.7300000001,6.0,9.0
531705,20.0,242.0,53.0,Unknown,3.0,137495.8,3.0,6.0
1942322,20.0,240.0,45.5,Male,2.0,53749.61,1.0,4.0
8596886,19.0,236.0,51.0,Male,2.0,50204.82,6.0,9.0
1757979,17.0,214.0,47.5,Unknown,2.0,503783.92,3.0,7.0
8346565,16.0,197.0,58.0,Female,2.0,188989.91,4.0,7.0
5099372,30.0,363.0,76.0,Unknown,2.0,80080.20999999999,2.0,7.0
4899919,4.0,54.0,39.5,Female,4.0,353227.27,6.0,9.0
9811239,12.0,150.0,42.0,Male,3.0,50725.48,1.0,4.0
7939420,4.0,51.0,39.5,Unknown,2.0,45199.62,2.0,5.0
2689880,11.0,132.0,36.5,Male,2.0,80703.59,0.0,3.0
2498729,5.0,66.0,58.5,Unknown,2.0,26172.73,2.0,5.0
5377711,13.0,156.0,55.0,Male,2.0,413345.72,6.0,9.0
5786954,15.0,189.0,49.5,Female,3.0,599596.0,5.0,8.0
612698,7.0,85.0,24.0,Unknown,2.0,47975.99,6.0,9.0
7230555,5.0,64.0,42.0,Unknown,3.0,42375.85,6.0,9.0
8685786,9.0,118.0,72.5,Female,2.0,46470.02,1.0,4.0
3640582,6.0,83.0,58.5,Unknown,2.0,38974.78,0.0,3.0
1566378,7.0,93.0,22.5,Female,3.0,57245.27,6.0,9.0
9910425,4.0,59.0,23.0,Unknown,3.0,41069.38,0.0,3.0
6134898,10.0,127.0,39.5,Male,2.0,45657.47,2.0,5.0
4494718,15.0,181.0,41.5,Male,3.0,42864.22,6.0,9.0
6324016,5.0,70.0,28.5,Unknown,2.0,52647.32,1.0,4.0
5404986,9.0,117.0,48.5,Male,2.0,64951.66,6.0,9.0
3909011,15.0,189.0,36.5,Male,2.0,101771.26,6.0,9.0
8806587,6.0,82.0,23.0,Unknown,2.0,30524.71,0.0,3.0
6506244,4.0,56.0,25.5,Unknown,2.0,33656.8,5.0,8.0
742932,15.0,190.0,59.0,Female,2.0,40394.94,0.0,3.0
2320664,7.0,86.0,52.5,Unknown,2.0,45690.36,4.0,7.0
8684625,9.0,109.0,60.0,Female,2.0,45094.61,1.0,4.0
8613549,9.0,112.0,68.0,Female,2.0,86665.54000000001,1.0,4.0
506086,10.0,126.0,62.0,Female,2.0,37348.27,1.0,4.0
246922,9.0,119.0,68.0,Female,2.0,90480.75,3.0,6.0
8240359,5.0,70.0,35.5,Unknown,2.0,60154.49,6.0,9.0
2968638,13.0,162.0,34.0,Female,2.0,34746.99,0.0,3.0
343881,16.0,192.0,67.5,Male,2.0,125367.87,0.0,3.0
5592710,12.0,154.0,46.5,Male,4.0,44082.31,3.0,6.0
2449844,9.0,114.0,56.0,Male,2.0,679479.4700000001,4.0,7.0
6107703,14.0,174.0,26.5,Female,4.0,44019.31,5.0,8.0
1076459,26.0,323.0,61.5,Male,2.0,68049.54000000001,1.0,4.0
2770900,14.0,175.0,46.0,Female,2.0,29194.62,4.0,7.0
3342974,10.0,125.0,35.0,Male,2.0,124795.87,6.0,9.0
8781917,9.0,118.0,37.0,Male,2.0,54323.53999999999,2.0,5.0
4325419,28.0,338.0,37.5,Male,4.0,84559.09,6.0,9.0
3453063,9.0,110.0,25.0,Male,2.0,80629.33,1.0,4.0
582215,16.0,194.0,65.5,Female,2.0,36233.41,0.0,3.0
966122,14.0,173.0,54.0,Male,2.0,618360.87,0.0,3.0
673924,8.0,106.0,56.5,Male,2.0,284803.09,6.0,9.0
2943380,16.0,199.0,42.0,Female,2.0,60343.68,2.0,5.0
6610470,7.0,89.0,40.5,Unknown,2.0,67384.58,6.0,9.0
5089978,4.0,56.0,25.5,Unknown,3.0,61462.29,5.0,8.0
4559617,5.0,65.0,63.0,Unknown,2.0,34193.11,0.0,3.0
5790654,5.0,61.0,37.0,Male,2.0,100224.88,1.0,4.0
3556889,14.0,174.0,29.0,Female,2.0,43390.17999999999,2.0,5.0
7256737,13.0,166.0,62.0,Female,2.0,109851.06,6.0,9.0
7559891,25.0,310.0,62.5,Male,2.0,80275.82,1.0,4.0
2088315,7.0,91.0,29.5,Unknown,3.0,100643.89,4.0,7.0
8084087,6.0,83.0,84.5,Unknown,2.0,29349.4,2.0,5.0
2449889,23.0,287.0,67.0,Female,4.0,764281.64,3.0,6.0
5084229,23.0,287.0,64.5,Male,4.0,521222.54,6.0,9.0
1829420,23.0,287.0,79.0,Female,2.0,51774.0,3.0,6.0
8131438,23.0,286.0,53.5,Female,2.0,41812.02,1.0,5.0
6645335,23.0,285.0,55.5,Female,2.0,157574.07,6.0,9.0
4514205,21.0,263.0,78.0,Male,2.0,35581.35,5.0,8.0
7348795,21.0,260.0,69.5,Male,2.0,1367196.3099999998,3.0,6.0
4966245,19.0,233.0,25.0,Female,2.0,266280.23,2.0,5.0
8457323,17.0,215.0,22.0,Male,3.0,79221.44,3.0,6.0
9711491,34.0,419.0,72.0,Female,2.0,109977.27,6.0,9.0
1578062,8.0,106.0,43.0,Male,3.0,98522.05,6.0,9.0
9912156,4.0,57.0,27.0,Unknown,2.0,26325.95,0.0,3.0
3717700,14.0,176.0,72.0,Male,2.0,343131.21,6.0,9.0
2116261,14.0,168.0,38.0,Male,2.0,186830.1,0.0,3.0
3217714,5.0,68.0,51.0,Unknown,2.0,48102.62,3.0,7.0
640995,13.0,163.0,29.5,Male,2.0,97286.98,6.0,9.0
7888902,6.0,81.0,39.0,Female,3.0,85008.87,6.0,9.0
3946829,14.0,177.0,28.0,Female,2.0,99030.11,6.0,9.0
7121162,12.0,144.0,49.5,Male,2.0,127592.14,5.0,8.0
7326090,9.0,119.0,47.0,Female,2.0,46164.41,2.0,5.0
3503567,13.0,167.0,47.5,Female,2.0,49167.86,6.0,9.0
5792905,6.0,83.0,32.0,Unknown,2.0,67936.36,3.0,6.0
8641216,4.0,59.0,42.5,Unknown,2.0,577645.81,1.0,4.0
3071553,21.0,258.0,46.5,Female,3.0,843389.67,4.0,7.0
9988627,6.0,74.0,73.0,Unknown,2.0,131111.3,5.0,8.0
4285424,6.0,73.0,35.0,Unknown,2.0,63864.91,6.0,9.0
5202033,14.0,169.0,52.5,Female,2.0,87161.54999999999,0.0,3.0
1173301,15.0,189.0,39.5,Female,2.0,177325.7,4.0,7.0
9791896,11.0,142.0,30.5,Male,2.0,44872.62,2.0,5.0
6488291,7.0,95.0,50.0,Unknown,2.0,73362.64,2.0,5.0
8459791,13.0,157.0,36.0,Female,2.0,40371.08,1.0,4.0
5856474,18.0,226.0,55.0,Female,2.0,24016.42,0.0,3.0
8191011,6.0,78.0,23.0,Unknown,2.0,39947.31,4.0,7.0
1565339,5.0,60.0,65.5,Unknown,2.0,76995.69,2.0,5.0
6714056,6.0,77.0,48.0,Unknown,2.0,329403.9,5.0,8.0
853071,8.0,107.0,32.5,Female,2.0,102254.41,0.0,3.0
6442655,7.0,88.0,60.5,Unknown,2.0,70894.28,3.0,6.0
2821847,7.0,94.0,54.0,Unknown,2.0,142930.09,6.0,9.0
8294014,6.0,82.0,65.5,Unknown,2.0,63757.03,3.0,6.0
4402736,7.0,85.0,31.5,Unknown,2.0,36923.15,6.0,9.0
6056856,11.0,133.0,44.5,Male,2.0,42306.5,2.0,5.0
2253625,6.0,72.0,28.5,Unknown,2.0,58118.1,6.0,9.0
237511,5.0,66.0,57.5,Female,3.0,215784.41,1.0,4.0
4885403,7.0,95.0,68.0,Unknown,2.0,52555.26,0.0,3.0
313763,16.0,202.0,43.0,Male,2.0,149489.86,3.0,6.0
6437158,9.0,114.0,36.0,Female,2.0,63943.73,0.0,3.0
1071253,7.0,94.0,32.0,Unknown,2.0,61734.2,0.0,3.0
3289611,6.0,78.0,50.5,Unknown,3.0,63763.87,0.0,5.0
1858504,5.0,66.0,39.0,Unknown,2.0,43296.97,0.0,3.0
9386850,9.0,118.0,50.5,Male,2.0,443150.86,4.0,7.0
2041757,13.0,157.0,30.0,Female,2.0,34798.21,0.0,3.0
7613190,15.0,183.0,60.0,Female,2.0,124928.2,6.0,9.0
2437413,6.0,82.0,53.5,Unknown,2.0,32842.69,2.0,5.0
3341127,9.0,114.0,26.5,Male,2.0,75719.95,3.0,6.0
1810988,16.0,194.0,29.5,Male,2.0,26550.12,1.0,4.0
7785047,5.0,64.0,51.5,Unknown,2.0,117665.98,6.0,9.0
1200684,11.0,135.0,38.5,Male,2.0,109106.43,0.0,3.0
9374460,8.0,107.0,63.5,Male,2.0,131633.0,2.0,5.0
3507632,4.0,58.0,34.5,Unknown,2.0,166075.34999999998,0.0,3.0
5155900,5.0,68.0,35.0,Unknown,3.0,35387.759999999995,6.0,9.0
2775873,24.0,289.0,43.5,Male,3.0,525110.2000000001,6.0,9.0
2195059,23.0,284.0,76.0,Male,2.0,1033978.56,3.0,6.0
834594,23.0,281.0,64.5,Female,2.0,41529.13,2.0,5.0
7299908,23.0,277.0,23.5,Female,2.0,43245.74,3.0,6.0
8212840,22.0,273.0,45.5,Male,3.0,226387.85,6.0,9.0
7043361,22.0,267.0,50.5,Male,2.0,36343.61,3.0,6.0
9217864,20.0,249.0,60.0,Female,3.0,170679.49,1.0,4.0
1914465,20.0,244.0,20.5,Male,3.0,53162.21,3.0,6.0
2769120,19.0,233.0,66.0,Female,2.0,258133.49,5.0,8.0
1647318,19.0,230.0,73.5,Unknown,2.0,321951.58,5.0,8.0
9118193,17.0,214.0,73.0,Female,2.0,137885.18,6.0,9.0
3565517,6.0,82.0,32.5,Unknown,2.0,51959.52,6.0,9.0
2058329,13.0,156.0,81.0,Female,3.0,2840039.54,1.0,5.0
6099606,9.0,114.0,48.0,Female,2.0,67546.06,6.0,9.0
8245704,6.0,72.0,26.5,Unknown,2.0,36571.35,6.0,9.0
9280709,15.0,191.0,60.5,Female,2.0,100318.79,6.0,9.0
6316996,15.0,187.0,55.5,Male,3.0,597826.9,3.0,6.0
9305449,26.0,322.0,22.0,Male,3.0,26155.72,6.0,9.0
137781,11.0,141.0,53.0,Male,2.0,409961.94,2.0,5.0
9967085,6.0,83.0,46.0,Unknown,2.0,67234.76999999999,6.0,9.0
9260621,7.0,87.0,51.0,Unknown,2.0,86693.58,5.0,8.0
2854270,14.0,168.0,40.5,Female,2.0,55762.53,1.0,4.0
5189229,4.0,58.0,51.0,Unknown,2.0,23896.99,2.0,5.0
9353917,6.0,82.0,33.0,Unknown,2.0,96486.35,1.0,4.0
8863877,15.0,188.0,45.5,Female,2.0,75088.67,6.0,9.0
4198807,5.0,66.0,45.0,Male,2.0,40335.57,6.0,9.0
9486407,13.0,163.0,35.5,Female,2.0,200734.82,1.0,4.0
5215288,6.0,77.0,54.5,Unknown,2.0,30370.45,0.0,3.0
2791552,26.0,317.0,30.5,Male,2.0,26943.93,1.0,4.0
636209,8.0,98.0,28.0,Unknown,3.0,61122.03,6.0,9.0
4897073,21.0,253.0,67.5,Male,2.0,723100.04,5.0,8.0
430812,16.0,198.0,66.5,Female,2.0,48761.1,6.0,9.0
4240271,14.0,177.0,55.0,Male,5.0,1325773.63,6.0,9.0
7185585,18.0,226.0,49.5,Female,2.0,30067.66,3.0,6.0
9941048,8.0,97.0,28.5,Unknown,2.0,28078.16,6.0,9.0
797911,26.0,317.0,22.0,Male,2.0,33930.14,1.0,4.0
9628154,5.0,64.0,26.0,Unknown,2.0,27032.26,2.0,5.0
5783227,33.0,402.0,51.5,Male,2.0,112348.45,6.0,9.0
2681013,9.0,112.0,46.5,Unknown,2.0,69383.84,6.0,9.0
309302,36.0,432.0,72.0,Male,3.0,519926.06,3.0,6.0
8172224,5.0,67.0,26.0,Unknown,2.0,47546.97,6.0,9.0
6965517,14.0,173.0,58.0,Female,2.0,31939.53,3.0,6.0
7657942,4.0,57.0,44.5,Female,2.0,116436.12,6.0,9.0
8600631,24.0,288.0,54.0,Male,3.0,658030.2100000001,3.0,6.0
564880,7.0,89.0,69.5,Unknown,3.0,352954.39,3.0,6.0
4412599,3.0,41.0,29.0,Unknown,3.0,52981.81,6.0,9.0
1931259,13.0,157.0,31.5,Male,2.0,84520.36,3.0,6.0
4858389,10.0,124.0,50.5,Male,3.0,42629.14,0.0,3.0
1364356,5.0,65.0,26.5,Unknown,2.0,58874.04,1.0,4.0
4462569,16.0,192.0,63.0,Female,2.0,102374.71,6.0,9.0
6459665,12.0,152.0,55.0,Male,3.0,113649.02,6.0,9.0
9039182,7.0,90.0,51.0,Unknown,2.0,163464.27999999997,1.0,4.0
3690678,14.0,175.0,45.5,Male,2.0,27479.9,1.0,4.0
7963456,6.0,75.0,43.5,Unknown,2.0,25643.06,2.0,5.0
4514762,10.0,130.0,58.5,Female,2.0,56615.0,0.0,3.0
4462513,12.0,155.0,42.5,Male,2.0,35226.649999999994,3.0,6.0
7387503,8.0,106.0,59.0,Female,2.0,92097.93,6.0,9.0
5510220,12.0,145.0,76.5,Female,2.0,50831.7,3.0,6.0
4568327,13.0,158.0,33.0,Female,2.0,65776.18,3.0,6.0
6915165,25.0,307.0,20.0,Male,2.0,33628.35,5.0,8.0
8071857,22.0,267.0,26.0,Female,3.0,47694.23,6.0,9.0
3591603,21.0,253.0,18.0,Male,2.0,30592.59,3.0,6.0
9514332,21.0,257.0,72.0,Female,2.0,25906.27,0.0,4.0
1133592,18.0,223.0,43.5,Male,2.0,427622.21,0.0,3.0
6072542,18.0,222.0,40.5,Female,2.0,205492.34000000003,6.0,9.0
6587026,17.0,209.0,52.5,Female,2.0,25388.47,1.0,4.0
5792749,6.0,80.0,24.0,Unknown,3.0,44106.26,6.0,9.0
8949568,14.0,178.0,54.0,Female,2.0,48683.72,6.0,9.0
2230361,5.0,71.0,35.5,Unknown,2.0,58532.4,2.0,5.0
5663301,9.0,113.0,47.5,Female,2.0,36622.68,3.0,6.0
9485998,3.0,40.0,51.0,Unknown,2.0,29570.03,4.0,7.0
4253435,33.0,407.0,58.5,Female,2.0,391718.12,1.0,4.0
838750,7.0,94.0,66.5,Unknown,3.0,498763.4,1.0,6.0
2295997,15.0,190.0,67.0,Male,2.0,37167.56,4.0,7.0
4367344,8.0,101.0,56.5,Male,3.0,76073.26,6.0,9.0
6604127,15.0,190.0,63.0,Male,2.0,47720.4,1.0,4.0
7005269,5.0,61.0,66.0,Female,2.0,75282.12,0.0,3.0
8962726,12.0,150.0,76.0,Male,2.0,112769.68,4.0,7.0
7160458,6.0,73.0,33.5,Male,2.0,48770.88,6.0,9.0
9606483,3.0,47.0,24.0,Unknown,2.0,44449.05,2.0,5.0
7399517,13.0,157.0,62.0,Male,2.0,28246.42,1.0,4.0
2846646,4.0,58.0,46.5,Unknown,2.0,26212.37,0.0,3.0
8329766,15.0,181.0,62.5,Male,2.0,260321.82,1.0,4.0
6162817,9.0,108.0,38.5,Unknown,2.0,32807.399999999994,2.0,5.0
5973130,11.0,144.0,35.5,Male,2.0,52435.91,6.0,9.0
7386490,14.0,173.0,65.0,Male,2.0,31665.15,1.0,4.0
1253454,13.0,164.0,67.0,Male,2.0,159595.27999999997,1.0,4.0
1141280,8.0,107.0,54.0,Female,2.0,40270.78999999999,0.0,3.0
5875727,6.0,83.0,31.0,Unknown,2.0,31640.48,1.0,4.0
66169,14.0,174.0,45.5,Male,2.0,36003.61,2.0,5.0
251519,4.0,57.0,36.0,Female,2.0,35648.42,3.0,7.0
9075150,36.0,433.0,63.5,Male,3.0,523488.81,6.0,9.0
3052534,5.0,71.0,61.5,Unknown,2.0,36593.51,0.0,3.0
2887817,11.0,136.0,42.5,Male,3.0,43767.71,6.0,9.0
2280450,6.0,81.0,59.5,Unknown,3.0,112604.13,4.0,7.0
2502350,31.0,373.0,77.5,Male,2.0,267459.74,6.0,9.0
4770262,4.0,55.0,51.5,Female,2.0,85755.09,3.0,6.0
9502210,7.0,90.0,63.0,Unknown,2.0,29704.57,0.0,3.0
4313749,13.0,161.0,50.5,Male,3.0,55146.76,1.0,4.0
1204166,6.0,82.0,46.0,Unknown,2.0,36454.95,6.0,9.0
8262020,4.0,49.0,30.5,Unknown,3.0,87099.83,6.0,9.0
9059933,4.0,54.0,52.0,Male,2.0,298549.51,1.0,4.0
1096393,4.0,58.0,64.0,Unknown,2.0,40368.25,0.0,3.0
8616004,9.0,119.0,63.0,Unknown,4.0,219636.86,6.0,9.0
5628601,15.0,185.0,44.5,Female,2.0,124180.97,5.0,8.0
9684113,14.0,174.0,33.0,Female,2.0,26657.2,2.0,5.0
8912315,23.0,284.0,68.0,Female,4.0,769124.4,6.0,9.0
9985932,21.0,261.0,51.5,Male,2.0,435686.46,3.0,6.0
2241980,21.0,260.0,63.0,Female,2.0,872341.41,3.0,6.0
4319168,17.0,215.0,30.5,Male,2.0,182483.72,0.0,3.0
2769641,17.0,211.0,41.5,Unknown,2.0,35915.86,6.0,9.0
9553777,5.0,70.0,30.0,Unknown,2.0,34291.6,1.0,4.0
4026200,5.0,66.0,57.0,Unknown,2.0,90454.68,4.0,7.0
8003648,6.0,83.0,28.0,Unknown,2.0,39393.59,6.0,9.0
285977,9.0,118.0,64.0,Male,3.0,57987.08,2.0,5.0
4430112,26.0,320.0,54.0,Female,2.0,407555.96,2.0,5.0
570476,30.0,365.0,50.0,Female,2.0,652135.53,6.0,9.0
6728175,12.0,155.0,74.0,Female,2.0,30615.16,4.0,7.0
7761694,15.0,184.0,50.5,Male,2.0,46119.01,2.0,5.0
8959138,24.0,291.0,63.5,Female,2.0,125131.84,2.0,5.0
7448214,4.0,58.0,52.0,Male,2.0,157703.65000000002,4.0,7.0
8747899,16.0,197.0,57.5,Female,2.0,162866.64,1.0,4.0
5316892,14.0,179.0,71.5,Female,2.0,39975.53,5.0,8.0
6929039,35.0,420.0,62.0,Unknown,3.0,145930.08000000002,4.0,7.0
2278258,6.0,75.0,23.5,Unknown,2.0,42034.53999999999,3.0,6.0
9091709,5.0,70.0,54.5,Unknown,3.0,79317.66,6.0,9.0
7227562,13.0,163.0,43.5,Female,2.0,62429.29,6.0,9.0
2680768,5.0,69.0,24.5,Male,3.0,70674.9,5.0,8.0
7736243,14.0,179.0,72.5,Female,2.0,923548.43,6.0,9.0
2540049,16.0,196.0,48.5,Male,2.0,106307.66,0.0,3.0
61007,16.0,202.0,53.0,Female,2.0,108504.65,1.0,4.0
9597985,13.0,156.0,62.5,Male,3.0,253473.65,6.0,9.0
1002001,4.0,51.0,69.5,Unknown,2.0,221924.74,2.0,6.0
5056977,11.0,135.0,65.5,Unknown,3.0,192815.21,5.0,8.0
2639557,21.0,253.0,68.5,Male,3.0,82504.76,6.0,9.0
3984239,5.0,67.0,30.0,Unknown,2.0,45160.06,3.0,6.0
8941226,5.0,63.0,38.5,Female,2.0,57707.41,1.0,4.0
2152873,15.0,189.0,48.5,Male,6.0,188621.92,4.0,7.0
3760470,6.0,76.0,55.0,Unknown,2.0,80234.16,0.0,4.0
9602051,11.0,142.0,40.0,Female,2.0,31899.05,0.0,3.0
6263924,5.0,66.0,53.0,Unknown,2.0,73087.23999999999,6.0,9.0
9344585,6.0,76.0,36.5,Male,2.0,39452.37,3.0,6.0
2479001,6.0,73.0,25.0,Unknown,2.0,41074.98,6.0,9.0
8191544,6.0,73.0,54.5,Female,3.0,68673.98,5.0,8.0
6698031,9.0,116.0,30.0,Male,3.0,93389.34,5.0,8.0
2580545,4.0,51.0,85.5,Unknown,2.0,471066.29,5.0,9.0
2937783,12.0,154.0,54.0,Female,2.0,30617.96,1.0,4.0
5688264,7.0,84.0,33.5,Unknown,2.0,89284.84,2.0,5.0
8662871,6.0,73.0,65.5,Female,2.0,80200.51,2.0,5.0
3162290,14.0,178.0,55.0,Male,2.0,33536.85,2.0,5.0
3391293,27.0,330.0,63.0,Female,3.0,69576.66,4.0,7.0
5713887,9.0,109.0,37.0,Male,2.0,42895.77,1.0,4.0
5168225,8.0,100.0,67.5,Unknown,2.0,171122.08000000002,6.0,9.0
6173632,8.0,107.0,21.5,Male,2.0,31785.48,1.0,4.0
9752660,4.0,57.0,23.0,Unknown,2.0,30639.39,1.0,4.0
5773795,8.0,107.0,29.5,Female,2.0,95735.23,6.0,9.0
9812702,14.0,168.0,31.5,Male,3.0,624345.01,6.0,9.0
7878803,24.0,297.0,60.0,Male,3.0,274066.25,6.0,9.0
2667297,23.0,286.0,77.0,Male,2.0,350934.6,5.0,8.0
4748746,23.0,286.0,47.0,Male,2.0,24065.03,0.0,3.0
3668470,22.0,264.0,70.0,Unknown,2.0,145374.01,5.0,8.0
8124490,21.0,253.0,51.0,Male,2.0,103776.28,4.0,7.0
7427398,20.0,250.0,41.5,Male,2.0,23810.8,0.0,3.0
9082893,20.0,241.0,44.0,Female,2.0,33975.24,0.0,3.0
7042336,20.0,241.0,44.0,Female,2.0,101064.56,6.0,9.0
8520790,17.0,215.0,68.5,Female,2.0,23860.86,3.0,7.0
3598548,16.0,199.0,57.5,Female,2.0,43824.17,1.0,4.0
3959262,13.0,163.0,60.5,Male,3.0,90335.09,6.0,9.0
5360893,12.0,146.0,57.5,Female,2.0,75652.04999999999,0.0,3.0
5305907,6.0,76.0,64.5,Male,3.0,890341.37,6.0,9.0
8264540,7.0,84.0,32.0,Unknown,3.0,236174.36,4.0,7.0
7697702,16.0,200.0,47.0,Male,2.0,93725.96,5.0,8.0
8818329,12.0,150.0,46.5,Male,3.0,780520.3200000001,6.0,9.0
9469078,7.0,86.0,33.5,Male,2.0,26552.61,1.0,4.0
7005828,14.0,176.0,45.0,Male,2.0,26700.35,0.0,3.0
3901818,17.0,206.0,67.5,Male,2.0,23812.08,1.0,4.0
7796471,9.0,118.0,27.5,Male,2.0,56023.76,6.0,9.0
457069,12.0,150.0,26.5,Male,2.0,84187.36,6.0,9.0
1932876,18.0,220.0,65.0,Male,2.0,26382.45,2.0,5.0
640390,7.0,89.0,29.5,Unknown,2.0,37116.72,2.0,5.0
5328556,5.0,70.0,40.5,Unknown,2.0,134403.96,6.0,9.0
1429563,7.0,87.0,31.5,Unknown,2.0,52578.39,3.0,6.0
5528242,12.0,153.0,51.5,Male,2.0,197569.34000000003,4.0,7.0
8822210,13.0,167.0,47.0,Female,2.0,573387.56,5.0,8.0
8475055,13.0,167.0,70.5,Male,2.0,37117.69,6.0,9.0
8271821,9.0,115.0,53.5,Male,2.0,158891.68,3.0,6.0
2654965,12.0,147.0,30.5,Female,2.0,107605.94,5.0,8.0
7907645,7.0,84.0,33.0,Unknown,2.0,58934.32,6.0,9.0
3421736,12.0,145.0,68.0,Male,2.0,296267.26,3.0,6.0
2877692,10.0,121.0,36.5,Male,2.0,42146.34,6.0,9.0
772961,7.0,91.0,37.5,Unknown,3.0,36743.57,2.0,5.0
8800514,6.0,72.0,66.0,Unknown,2.0,105495.21,6.0,9.0
3824035,12.0,155.0,60.0,Unknown,2.0,189564.34000000003,3.0,6.0
7628683,6.0,81.0,60.0,Unknown,2.0,415605.63,2.0,5.0
2494024,16.0,193.0,36.5,Female,2.0,193276.77,6.0,9.0
2839498,11.0,142.0,37.0,Male,2.0,30445.09,2.0,5.0
4114037,6.0,81.0,37.0,Unknown,2.0,125249.37,6.0,9.0
4640396,16.0,192.0,55.0,Female,2.0,128850.48,0.0,3.0
1864008,15.0,181.0,63.0,Male,2.0,219527.2,3.0,6.0
1410425,8.0,106.0,28.0,Male,2.0,63116.91,3.0,6.0
1200335,7.0,88.0,45.5,Unknown,4.0,316106.41,2.0,5.0
8976156,17.0,204.0,56.5,Male,2.0,131861.15,3.0,6.0
1871444,4.0,58.0,56.5,Unknown,2.0,47509.19,2.0,5.0
4263114,7.0,88.0,40.5,Unknown,2.0,41249.23,1.0,4.0
4898021,14.0,174.0,45.5,Male,2.0,40019.26,4.0,7.0
4700526,15.0,191.0,59.0,Unknown,2.0,190577.62,3.0,6.0
326613,13.0,157.0,31.0,Female,2.0,33446.24,6.0,9.0
9977138,6.0,78.0,61.5,Unknown,2.0,156158.26,2.0,5.0
2631084,13.0,163.0,80.0,Female,2.0,61790.97,6.0,9.0
9774553,5.0,68.0,26.5,Unknown,2.0,32934.41,2.0,5.0
286837,4.0,58.0,46.5,Unknown,2.0,24998.11,1.0,4.0
7871701,6.0,82.0,42.5,Unknown,2.0,51224.44,0.0,3.0
4130408,24.0,288.0,57.0,Male,2.0,47042.05,1.0,4.0
6292908,23.0,281.0,57.0,Male,2.0,57400.4,0.0,3.0
5510017,22.0,275.0,72.0,Female,3.0,134573.41999999998,3.0,6.0
7848790,23.0,286.0,48.0,Female,4.0,150572.09,1.0,6.0
5264378,21.0,263.0,70.5,Female,3.0,151311.9,3.0,6.0
1501050,20.0,250.0,60.0,Female,2.0,37681.64,0.0,3.0
8333746,17.0,204.0,29.5,Male,3.0,807941.3400000001,6.0,9.0
5902515,16.0,202.0,65.5,Female,2.0,240370.18,6.0,9.0
9504248,7.0,84.0,66.0,Male,2.0,273442.33,6.0,9.0
7673677,7.0,85.0,35.0,Unknown,2.0,32202.35,4.0,7.0
4259292,6.0,74.0,27.0,Unknown,2.0,41140.6,1.0,4.0
1499432,13.0,166.0,56.5,Female,2.0,33162.83,6.0,9.0
2282781,6.0,79.0,20.0,Unknown,2.0,34970.31,4.0,7.0
931636,10.0,122.0,61.0,Female,2.0,72049.69,5.0,8.0
7281224,15.0,183.0,71.5,Female,2.0,35850.77,1.0,4.0
375492,15.0,190.0,37.5,Male,2.0,29191.15,2.0,5.0
1992490,4.0,58.0,54.0,Unknown,2.0,45828.53999999999,0.0,3.0
7708840,7.0,85.0,58.5,Unknown,2.0,97313.82,5.0,8.0
2067289,14.0,179.0,58.0,Female,2.0,239837.57,6.0,9.0
5879965,12.0,148.0,76.0,Female,2.0,80776.23,3.0,6.0
8957145,15.0,186.0,35.0,Female,3.0,43278.83,2.0,5.0
8087799,28.0,337.0,66.5,Female,2.0,164622.65000000002,3.0,6.0
472078,16.0,198.0,62.0,Female,2.0,138473.16999999998,6.0,9.0
3541275,14.0,175.0,73.0,Female,2.0,362729.34,6.0,9.0
4974225,16.0,200.0,72.5,Male,2.0,242238.88,3.0,6.0
3037662,6.0,74.0,80.5,Unknown,2.0,426565.51,5.0,8.0
5033561,15.0,188.0,44.5,Male,3.0,343451.84,4.0,7.0
7283208,8.0,99.0,62.5,Unknown,2.0,38578.42,2.0,5.0
8869828,13.0,164.0,36.0,Unknown,2.0,24569.89,2.0,5.0
1076556,48.0,576.0,66.5,Male,2.0,137943.99,0.0,3.0
1770511,16.0,193.0,34.0,Male,2.0,95867.0,0.0,3.0
8456202,18.0,217.0,59.5,Female,2.0,114452.61,0.0,3.0
1291867,5.0,69.0,43.0,Unknown,2.0,40797.64,1.0,4.0
8189770,15.0,180.0,35.5,Female,2.0,60714.39,4.0,7.0
2603199,8.0,102.0,56.5,Unknown,2.0,214734.73,0.0,3.0
9530040,14.0,179.0,46.0,Female,4.0,892548.2200000001,6.0,9.0
5787283,19.0,234.0,55.5,Male,2.0,37114.07,3.0,6.0
1897580,26.0,313.0,60.5,Female,6.0,401052.12,5.0,8.0
4678867,15.0,190.0,69.0,Unknown,2.0,164782.58000000002,2.0,5.0
1122430,12.0,144.0,45.5,Female,3.0,76449.0,0.0,3.0
7164571,8.0,106.0,23.0,Female,2.0,35943.0,0.0,3.0
6125341,12.0,154.0,52.0,Male,2.0,35473.91,1.0,4.0
8941363,7.0,90.0,67.5,Unknown,2.0,135260.8,0.0,3.0
6097361,5.0,68.0,60.5,Unknown,2.0,216401.63,1.0,4.0
8498139,6.0,83.0,47.5,Unknown,2.0,67978.9,1.0,4.0
1500611,6.0,82.0,29.5,Unknown,3.0,50924.59,0.0,3.0
8634380,23.0,283.0,57.5,Female,2.0,328387.54,3.0,6.0
7490608,23.0,277.0,60.5,Female,2.0,89774.86,2.0,5.0
7329937,22.0,274.0,43.5,Unknown,2.0,31209.58,0.0,3.0
7549366,22.0,272.0,61.0,Female,3.0,264361.66,6.0,9.0
5409972,21.0,259.0,28.5,Female,2.0,62754.32,5.0,8.0
6374240,20.0,251.0,66.5,Male,4.0,1247680.47,4.0,8.0
8829649,19.0,228.0,45.5,Female,2.0,378111.58,3.0,6.0
2301256,18.0,221.0,79.0,Male,2.0,98589.9,5.0,8.0
8927048,6.0,81.0,59.5,Unknown,2.0,315742.62,4.0,7.0
2980446,5.0,66.0,22.5,Unknown,2.0,37218.19,1.0,4.0
4524761,6.0,72.0,19.5,Unknown,3.0,34130.58,3.0,6.0
213006,16.0,193.0,35.0,Male,3.0,54993.17999999999,6.0,9.0
8756202,19.0,230.0,49.0,Male,2.0,113455.08,5.0,8.0
266183,8.0,104.0,62.5,Male,2.0,261099.07,1.0,4.0
7406000,12.0,154.0,33.5,Male,3.0,192663.95,3.0,6.0
6524783,9.0,110.0,31.5,Male,2.0,26813.86,3.0,6.0
6866114,15.0,184.0,67.5,Female,3.0,72954.41,4.0,7.0
4503102,8.0,104.0,25.0,Female,2.0,49055.49,4.0,7.0
9071796,15.0,188.0,47.5,Male,2.0,99358.95,3.0,6.0
3781865,16.0,193.0,65.5,Female,2.0,142618.22999999998,6.0,9.0
4871635,13.0,162.0,36.0,Female,2.0,59270.21,3.0,6.0
9404539,13.0,163.0,37.5,Male,2.0,314755.26,2.0,5.0
8786061,14.0,177.0,37.0,Male,3.0,377481.36,6.0,9.0
1149636,23.0,286.0,53.0,Male,2.0,95771.85,5.0,9.0
4662124,5.0,60.0,41.5,Unknown,2.0,53252.92,1.0,4.0
6878594,5.0,60.0,55.0,Unknown,2.0,54064.57,4.0,7.0
7054265,7.0,87.0,25.5,Unknown,2.0,26003.95,2.0,5.0
672484,4.0,58.0,21.5,Unknown,2.0,25675.08,0.0,3.0
3348729,14.0,177.0,63.5,Female,2.0,160869.37,0.0,3.0
4395041,8.0,102.0,62.0,Unknown,2.0,194718.06,3.0,6.0
6210443,16.0,197.0,48.0,Male,3.0,1754860.6,6.0,9.0
2616524,14.0,168.0,38.5,Female,2.0,157837.09000000003,1.0,4.0
230423,6.0,75.0,35.5,Unknown,2.0,202824.61,1.0,4.0
6814540,13.0,167.0,55.5,Female,2.0,42421.67999999999,1.0,4.0
9223714,4.0,57.0,37.5,Unknown,2.0,36502.38,2.0,5.0
2534280,15.0,181.0,64.5,Male,2.0,522164.12,0.0,4.0
720749,12.0,146.0,55.5,Female,2.0,43843.77,0.0,3.0
6667427,12.0,154.0,53.0,Male,2.0,42831.99,0.0,3.0
56529,14.0,171.0,38.0,Male,2.0,79617.16,6.0,9.0
3394302,7.0,89.0,19.5,Unknown,2.0,32492.41,1.0,4.0
664093,22.0,266.0,76.0,Female,2.0,38254.14,0.0,3.0
6143776,20.0,245.0,84.0,Male,2.0,374619.85,1.0,5.0
34608,17.0,215.0,40.0,Female,2.0,163981.37,6.0,9.0
6122553,4.0,59.0,60.0,Unknown,2.0,34104.54,1.0,4.0
4180058,4.0,59.0,53.0,Male,2.0,47157.66,2.0,5.0
3455919,16.0,200.0,50.0,Female,2.0,68006.26999999999,2.0,5.0
7336416,7.0,95.0,66.0,Unknown,2.0,43380.73,2.0,5.0
3251851,16.0,197.0,23.5,Male,2.0,39101.83,6.0,9.0
6483165,4.0,57.0,68.0,Unknown,2.0,44400.08,4.0,7.0
2029526,11.0,136.0,33.0,Male,3.0,227852.37,6.0,9.0
3557382,6.0,82.0,38.5,Unknown,2.0,40959.19,0.0,3.0
9943617,12.0,154.0,37.5,Male,2.0,37323.34,1.0,4.0
7512282,7.0,85.0,82.0,Unknown,2.0,25391.65,0.0,3.0
2994001,5.0,71.0,28.0,Male,2.0,65052.62,6.0,9.0
9042935,15.0,184.0,73.0,Male,2.0,208163.99,1.0,4.0
7497398,5.0,67.0,39.5,Male,2.0,24418.37,2.0,5.0
3580891,27.0,324.0,66.5,Male,2.0,25443.77,5.0,8.0
2205743,12.0,145.0,45.0,Female,4.0,247018.31,1.0,4.0
405201,11.0,132.0,40.0,Male,2.0,87135.57,3.0,6.0
6571200,7.0,84.0,30.5,Unknown,4.0,82638.31,5.0,8.0
7364060,9.0,113.0,56.0,Female,2.0,72182.19,2.0,5.0
8041517,32.0,394.0,55.5,Male,3.0,581817.9400000001,6.0,9.0
6010355,4.0,58.0,49.5,Unknown,2.0,40947.56,6.0,9.0
4422352,6.0,81.0,31.5,Unknown,3.0,92895.51,5.0,8.0
2331782,15.0,190.0,55.5,Female,3.0,115493.99,5.0,8.0
538600,5.0,67.0,48.5,Unknown,3.0,135826.97999999998,0.0,3.0
3698680,15.0,188.0,40.5,Female,2.0,28070.21,0.0,3.0
817831,8.0,107.0,31.0,Female,2.0,42434.4,0.0,3.0
9988021,5.0,64.0,79.0,Unknown,2.0,189023.86,1.0,4.0
9119345,16.0,196.0,42.0,Male,3.0,240635.14,1.0,4.0
7233695,14.0,171.0,27.5,Female,3.0,128632.98,1.0,4.0
2194088,26.0,323.0,28.5,Male,2.0,27806.69,6.0,9.0
7315442,5.0,70.0,53.5,Unknown,2.0,34304.66,5.0,8.0
1597306,31.0,375.0,53.5,Female,2.0,154070.22,4.0,7.0
5454962,15.0,181.0,54.0,Male,2.0,226742.95,6.0,9.0
7082928,4.0,53.0,75.0,Unknown,2.0,34886.89,0.0,3.0
6043294,9.0,118.0,29.0,Male,2.0,51439.66,0.0,3.0
3110575,7.0,88.0,25.5,Unknown,2.0,53068.36,6.0,9.0
3099382,14.0,170.0,59.0,Male,2.0,98556.26,6.0,9.0
9854028,13.0,157.0,52.5,Female,2.0,135467.12,1.0,4.0
7458629,8.0,107.0,46.5,Female,2.0,129018.59,3.0,6.0
3732922,14.0,173.0,57.0,Male,2.0,125614.39,5.0,8.0
5596531,14.0,168.0,49.5,Male,3.0,52440.67999999999,6.0,9.0
9684126,7.0,84.0,24.5,Unknown,2.0,47529.16,6.0,9.0
4722213,6.0,82.0,22.0,Unknown,3.0,54900.5,1.0,4.0
9359584,8.0,105.0,78.0,Male,2.0,38320.15,6.0,9.0
6062424,10.0,120.0,49.5,Male,2.0,36547.65,2.0,5.0
6356189,7.0,94.0,51.5,Unknown,2.0,41824.65,6.0,9.0
123141,10.0,125.0,23.0,Male,2.0,27011.22,5.0,8.0
1808108,27.0,326.0,58.0,Female,2.0,200777.0,3.0,6.0
131973,23.0,286.0,49.0,Male,3.0,420269.07,6.0,9.0
413324,23.0,276.0,30.0,Male,2.0,47725.42,5.0,8.0
3569295,22.0,268.0,32.5,Male,2.0,26713.88,6.0,9.0
841699,21.0,255.0,60.5,Male,3.0,69909.01,3.0,6.0
6002020,17.0,214.0,56.0,Female,2.0,91579.24,0.0,3.0
7313419,17.0,210.0,59.5,Male,2.0,345848.96,1.0,4.0
1921935,7.0,88.0,26.0,Unknown,2.0,60365.91,0.0,3.0
6917834,9.0,116.0,59.0,Female,2.0,42431.39,1.0,4.0
826235,12.0,150.0,34.0,Male,2.0,90530.95,0.0,3.0
7879942,37.0,454.0,78.0,Male,3.0,1330048.54,0.0,4.0
7474175,15.0,191.0,39.5,Male,2.0,225710.37,1.0,4.0
8021143,4.0,50.0,20.0,Male,3.0,37429.56,6.0,9.0
1515775,13.0,163.0,53.0,Male,2.0,97231.27,2.0,5.0
4214427,6.0,78.0,55.5,Unknown,2.0,91154.25,0.0,3.0
4745409,14.0,168.0,31.5,Male,2.0,43361.67,2.0,5.0
1471222,12.0,147.0,59.0,Female,2.0,54315.64,0.0,3.0
18973,13.0,160.0,54.0,Male,4.0,353529.66,1.0,4.0
4518751,9.0,108.0,33.5,Female,2.0,44906.22,3.0,6.0
3407926,8.0,102.0,67.0,Unknown,2.0,57783.15,5.0,8.0
6893975,13.0,156.0,66.0,Male,2.0,87665.6,2.0,5.0
5683291,5.0,70.0,64.0,Unknown,3.0,159309.61,2.0,5.0
2091601,5.0,64.0,59.5,Unknown,2.0,81320.76,4.0,7.0
1404434,15.0,188.0,52.0,Female,2.0,30690.37,0.0,3.0
4147280,12.0,155.0,35.5,Female,2.0,32891.68,5.0,8.0
9729319,9.0,109.0,28.0,Female,2.0,112732.74,6.0,9.0
21522,4.0,58.0,65.0,Female,2.0,76748.89,6.0,9.0
3308172,6.0,78.0,70.5,Unknown,3.0,60408.39,2.0,5.0
7112502,16.0,199.0,55.5,Male,2.0,42782.11,2.0,5.0
7017113,13.0,161.0,89.0,Female,2.0,259467.91,0.0,3.0
1772427,8.0,106.0,54.5,Male,2.0,1518185.15,6.0,9.0
3197853,6.0,75.0,31.5,Male,3.0,102855.25,6.0,9.0
7862915,14.0,176.0,56.5,Male,2.0,70602.95,5.0,8.0
5011814,16.0,197.0,35.5,Female,2.0,58686.34,2.0,5.0
9266680,6.0,73.0,44.0,Unknown,2.0,118601.87,2.0,5.0
427194,12.0,152.0,47.5,Male,2.0,44007.23,0.0,3.0
3805582,13.0,167.0,50.5,Female,2.0,40853.74,0.0,3.0
9305839,12.0,155.0,37.0,Male,2.0,40517.39,0.0,3.0
1341077,13.0,165.0,50.0,Male,2.0,155737.83000000002,6.0,9.0
4567961,4.0,58.0,42.0,Unknown,2.0,42865.08,0.0,3.0
8715743,10.0,120.0,46.5,Female,3.0,38582.85,6.0,9.0
6966638,23.0,285.0,66.0,Male,2.0,98844.7,5.0,8.0
7098405,23.0,276.0,73.0,Female,2.0,188823.96,6.0,9.0
9671135,22.0,265.0,45.0,Female,3.0,353097.93,2.0,5.0
9440940,21.0,256.0,46.5,Male,3.0,188753.33,2.0,5.0
3839531,33.0,402.0,63.5,Male,6.0,390076.4,5.0,8.0
7762811,20.0,249.0,36.0,Unknown,2.0,25769.11,3.0,6.0
9245820,20.0,240.0,67.5,Male,3.0,3757751.57,6.0,9.0
8498492,17.0,207.0,31.0,Male,2.0,34718.369999999995,5.0,8.0
7884236,4.0,57.0,46.5,Female,2.0,24140.18,1.0,5.0
8807809,4.0,58.0,35.0,Female,2.0,29756.92,1.0,4.0
1379581,10.0,128.0,58.5,Male,2.0,72390.9,1.0,4.0
4721083,7.0,84.0,41.5,Unknown,2.0,47142.83,0.0,3.0
6064721,11.0,132.0,62.5,Female,3.0,344830.36,3.0,6.0
5762741,10.0,122.0,33.5,Male,2.0,80761.42,1.0,4.0
4373883,14.0,170.0,60.5,Male,4.0,117328.88,6.0,9.0
6846193,14.0,169.0,55.5,Female,2.0,111634.71,3.0,6.0
4519203,16.0,193.0,61.5,Male,2.0,259931.4,3.0,6.0
4325547,15.0,189.0,44.0,Female,2.0,33549.35,0.0,3.0
7744299,5.0,67.0,59.0,Unknown,2.0,78133.25,5.0,8.0
3849384,14.0,174.0,43.5,Unknown,2.0,45064.55,0.0,3.0
3815950,6.0,72.0,25.5,Unknown,2.0,60234.18,6.0,9.0
2089563,6.0,78.0,56.5,Unknown,3.0,68197.11,6.0,9.0
1420333,5.0,65.0,19.5,Unknown,2.0,33748.11,2.0,5.0
8862022,16.0,193.0,49.0,Male,2.0,36732.67,6.0,9.0
4401101,15.0,180.0,32.5,Male,2.0,32534.74,3.0,6.0
6270234,4.0,55.0,31.0,Unknown,2.0,24901.6,1.0,4.0
3085181,5.0,65.0,28.5,Male,3.0,82724.23,1.0,4.0
3007715,6.0,83.0,54.5,Unknown,2.0,471636.47,6.0,9.0
2699963,6.0,79.0,20.5,Unknown,2.0,29269.56,0.0,3.0
7758245,4.0,58.0,26.0,Unknown,2.0,37860.67,0.0,3.0
3569119,4.0,57.0,61.5,Female,2.0,257733.18,3.0,6.0
1309369,4.0,59.0,44.5,Unknown,2.0,37267.89,3.0,6.0
5012116,11.0,137.0,45.5,Male,2.0,52261.55,1.0,4.0
8061813,30.0,360.0,59.5,Male,2.0,548289.74,5.0,8.0
8810033,14.0,179.0,53.5,Male,2.0,140934.18,4.0,7.0
7826607,7.0,94.0,55.0,Female,2.0,243630.93,2.0,7.0
2811417,14.0,173.0,73.0,Male,2.0,421072.92,5.0,8.0
352020,13.0,161.0,53.5,Female,2.0,25916.72,0.0,3.0
741642,7.0,94.0,51.0,Unknown,2.0,91233.94,6.0,9.0
5726845,16.0,197.0,51.5,Female,2.0,35578.369999999995,0.0,3.0
8587319,14.0,178.0,37.0,Female,2.0,40094.19,0.0,3.0
8919323,10.0,121.0,62.5,Male,2.0,26476.53,6.0,9.0
6455115,7.0,84.0,38.0,Unknown,2.0,29803.16,6.0,9.0
1436836,10.0,130.0,57.0,Male,2.0,181445.83,6.0,9.0
6998060,14.0,169.0,33.0,Female,3.0,70557.5,5.0,8.0
4718854,24.0,288.0,30.0,Female,3.0,132734.25,2.0,5.0
9852223,21.0,261.0,24.0,Male,3.0,92777.8,6.0,9.0
3146709,20.0,251.0,47.0,Male,2.0,50685.4,1.0,4.0
9125125,20.0,250.0,26.0,Female,2.0,27918.36,2.0,5.0
7982253,20.0,246.0,38.5,Unknown,2.0,208182.97,6.0,9.0
2983567,18.0,226.0,62.0,Female,3.0,84845.32,0.0,3.0
1443121,17.0,206.0,66.5,Female,2.0,46272.8,5.0,8.0
9659609,12.0,151.0,44.5,Female,2.0,200343.59000000003,1.0,4.0
7002612,8.0,106.0,57.0,Male,2.0,635461.5800000001,6.0,9.0
3941175,12.0,144.0,34.0,Male,2.0,33165.93,4.0,7.0
3640372,12.0,144.0,56.0,Male,2.0,59380.07,6.0,9.0
1236333,11.0,134.0,53.0,Male,2.0,35526.57,0.0,3.0
5385544,8.0,106.0,27.5,Male,2.0,34390.11,4.0,7.0
8417026,14.0,169.0,66.0,Male,2.0,243223.33,6.0,9.0
6238531,5.0,70.0,64.0,Unknown,2.0,36468.17,4.0,7.0
870600,4.0,59.0,36.5,Unknown,2.0,24727.41,5.0,8.0
4069336,8.0,96.0,21.0,Unknown,2.0,32644.33,1.0,4.0
8876367,4.0,50.0,26.5,Unknown,2.0,42585.95,3.0,6.0
399707,14.0,174.0,57.0,Unknown,2.0,46024.34,4.0,7.0
5312586,13.0,158.0,52.5,Male,2.0,34058.56,0.0,3.0
3673896,5.0,71.0,35.5,Unknown,3.0,43339.22,3.0,6.0
7636491,13.0,166.0,54.5,Female,3.0,107828.02,2.0,5.0
6306129,16.0,196.0,70.5,Female,2.0,77177.5,4.0,7.0
3994008,5.0,68.0,58.5,Unknown,2.0,41795.25,2.0,5.0
3408917,10.0,129.0,66.0,Female,2.0,127638.12,2.0,5.0
828776,6.0,83.0,45.0,Male,3.0,272606.95,6.0,9.0
5763294,16.0,199.0,54.0,Male,2.0,38601.85,2.0,5.0
6344385,9.0,108.0,30.5,Female,2.0,33340.86,0.0,3.0
2023674,10.0,127.0,64.5,Male,3.0,213653.79,2.0,5.0
4287977,4.0,56.0,63.5,Unknown,2.0,174361.68,2.0,5.0
6294261,6.0,73.0,36.5,Female,3.0,76061.37,2.0,5.0
2474504,10.0,131.0,57.0,Male,3.0,922118.17,1.0,4.0
1911312,28.0,344.0,63.0,Female,2.0,79886.72,1.0,4.0
5703505,4.0,58.0,19.0,Unknown,2.0,30660.28,4.0,7.0
387539,10.0,130.0,49.5,Female,2.0,48217.86,2.0,5.0
9992229,16.0,192.0,47.5,Female,2.0,126599.02,2.0,5.0
4069058,8.0,106.0,65.0,Female,2.0,41503.52,6.0,9.0
4317446,5.0,68.0,25.0,Unknown,2.0,38748.74,2.0,5.0
5477698,8.0,104.0,39.0,Male,3.0,136000.71,5.0,8.0
2061985,5.0,61.0,66.0,Unknown,2.0,128247.25,2.0,5.0
6814013,4.0,58.0,67.5,Unknown,2.0,89150.92,4.0,7.0
7060925,4.0,59.0,26.5,Unknown,3.0,37925.4,2.0,5.0
2596526,2.0,35.0,21.5,Unknown,2.0,35069.399999999994,6.0,9.0
5303469,7.0,93.0,61.0,Unknown,2.0,42856.63,2.0,5.0
1251756,6.0,77.0,42.5,Unknown,2.0,25501.32,6.0,9.0
5369545,14.0,174.0,56.0,Female,2.0,60117.96,3.0,6.0
7645074,12.0,144.0,36.0,Female,2.0,31725.5,1.0,4.0
3055560,7.0,94.0,23.0,Unknown,2.0,35790.43,3.0,6.0
8820611,12.0,152.0,66.5,Male,2.0,864355.38,5.0,8.0
3971478,23.0,285.0,53.0,Male,4.0,120523.93,6.0,9.0
4720500,23.0,281.0,59.5,Female,2.0,487976.37,4.0,7.0
9707270,23.0,276.0,18.0,Male,2.0,71178.73,6.0,9.0
2436415,22.0,268.0,51.5,Male,2.0,48494.92999999999,1.0,5.0
5766870,21.0,256.0,48.5,Male,2.0,63030.63,6.0,9.0
5153292,21.0,253.0,47.0,Male,3.0,382810.05,6.0,9.0
6563813,19.0,239.0,45.5,Male,3.0,55931.01,6.0,9.0
4991965,19.0,231.0,42.5,Female,3.0,167227.25,1.0,4.0
5520075,18.0,223.0,41.5,Male,2.0,28503.25,2.0,5.0
1877137,16.0,203.0,38.5,Male,3.0,82677.95999999999,2.0,5.0
8244196,16.0,203.0,45.5,Female,3.0,214299.54,2.0,5.0
1644468,17.0,204.0,57.0,Female,2.0,64560.87,6.0,9.0
5905388,7.0,85.0,66.5,Unknown,2.0,62620.15,1.0,4.0
6734035,9.0,111.0,28.5,Male,2.0,78877.65,6.0,9.0
6172188,5.0,71.0,24.5,Unknown,2.0,31237.26,3.0,6.0
5128877,5.0,67.0,51.5,Unknown,3.0,58752.97,3.0,6.0
864074,4.0,58.0,30.5,Unknown,2.0,36993.62,6.0,9.0
4435018,12.0,155.0,50.0,Female,2.0,109202.59,1.0,4.0
2416816,4.0,58.0,59.0,Unknown,2.0,52570.59,6.0,9.0
8734588,18.0,221.0,59.5,Male,2.0,175977.28999999998,5.0,8.0
5370765,4.0,58.0,34.0,Unknown,3.0,93338.44,3.0,6.0
5113564,6.0,75.0,62.0,Unknown,2.0,43513.17,3.0,6.0
4522333,5.0,64.0,65.0,Female,2.0,106980.12,4.0,7.0
1651429,16.0,194.0,48.0,Male,2.0,38277.26,6.0,9.0
5155056,8.0,97.0,33.0,Unknown,2.0,46397.74,0.0,3.0
4244348,15.0,181.0,43.5,Male,2.0,107771.27,1.0,4.0
2823639,7.0,87.0,41.0,Male,4.0,94736.51,5.0,8.0
9151687,5.0,70.0,21.0,Unknown,2.0,30547.65,1.0,4.0
7529663,5.0,65.0,26.0,Unknown,2.0,33279.91,6.0,9.0
2834218,7.0,85.0,46.0,Unknown,2.0,472166.08,4.0,7.0
7065003,4.0,54.0,27.5,Unknown,2.0,61162.94,2.0,5.0
8362384,24.0,288.0,67.0,Male,3.0,92317.14,0.0,3.0
8980288,9.0,118.0,27.5,Male,2.0,99912.26,6.0,9.0
8087297,6.0,77.0,45.0,Unknown,2.0,55370.1,4.0,7.0
4866515,5.0,67.0,57.0,Unknown,2.0,144751.96,2.0,5.0
186550,14.0,171.0,45.0,Male,2.0,29888.42,1.0,4.0
2401634,8.0,98.0,53.5,Unknown,2.0,44305.58,1.0,4.0
2035198,9.0,118.0,35.0,Male,3.0,326935.72,6.0,9.0
8646218,5.0,60.0,59.5,Unknown,2.0,31584.41,0.0,3.0
7369472,6.0,75.0,50.5,Unknown,2.0,148443.5,2.0,5.0
6541346,14.0,177.0,42.5,Male,2.0,28388.33,1.0,4.0
1616582,5.0,70.0,60.0,Unknown,3.0,143894.96,1.0,4.0
459221,7.0,87.0,77.0,Unknown,2.0,106202.83,1.0,4.0
713222,6.0,81.0,47.0,Female,2.0,38433.0,4.0,7.0
4480951,5.0,66.0,57.5,Unknown,2.0,39370.54,1.0,4.0
332073,7.0,84.0,72.5,Unknown,2.0,77784.13,0.0,3.0
859446,12.0,153.0,55.0,Female,3.0,294741.78,3.0,6.0
9184276,12.0,154.0,42.5,Male,2.0,23990.9,6.0,9.0
3348557,10.0,123.0,51.5,Male,3.0,86479.92,4.0,7.0
4889353,12.0,149.0,46.0,Female,2.0,42981.74,0.0,3.0
2615052,14.0,175.0,28.5,Female,2.0,27285.29,1.0,4.0
5654979,5.0,70.0,58.0,Unknown,2.0,31176.96,1.0,4.0
5763840,23.0,280.0,71.0,Male,3.0,109811.28,6.0,9.0
2413226,21.0,262.0,32.5,Female,2.0,30170.17,0.0,3.0
4557771,21.0,262.0,47.5,Male,3.0,657248.02,6.0,9.0
8716105,21.0,258.0,48.0,Male,2.0,32700.96,1.0,4.0
8750952,20.0,241.0,65.0,Female,2.0,75063.70999999999,1.0,5.0
3046008,20.0,241.0,83.5,Female,2.0,63321.39,6.0,9.0
5159449,9.0,109.0,40.0,Female,2.0,34799.19,2.0,5.0
9290269,9.0,119.0,42.5,Unknown,2.0,74264.63,5.0,8.0
7829969,4.0,59.0,26.5,Unknown,2.0,46231.39,2.0,5.0
8739731,5.0,70.0,54.0,Unknown,3.0,241460.85,6.0,9.0
8919820,8.0,99.0,21.5,Unknown,2.0,49766.2,2.0,5.0
1454014,5.0,66.0,20.5,Unknown,3.0,165131.31,6.0,9.0
6112900,25.0,309.0,61.0,Male,2.0,34739.74,1.0,4.0
363461,27.0,334.0,73.0,Male,2.0,53577.0,6.0,9.0
977176,7.0,86.0,29.0,Unknown,2.0,43435.48,0.0,3.0
9440884,6.0,79.0,24.5,Unknown,2.0,45724.17,1.0,4.0
9730509,5.0,71.0,63.5,Female,2.0,51393.6,1.0,4.0
3010914,11.0,142.0,46.5,Female,3.0,58512.26,6.0,9.0
3007112,26.0,322.0,79.0,Female,2.0,292814.54,4.0,8.0
6199133,8.0,107.0,37.5,Male,3.0,92907.92,6.0,9.0
3891789,9.0,108.0,26.0,Unknown,2.0,75914.51,2.0,5.0
8889840,30.0,371.0,80.0,Male,4.0,275863.42,6.0,9.0
9761728,5.0,69.0,61.5,Male,2.0,31259.52,2.0,5.0
9583228,14.0,169.0,38.0,Female,2.0,155527.7,5.0,8.0
171096,27.0,326.0,59.5,Female,2.0,2235579.8,6.0,9.0
853241,5.0,68.0,22.5,Unknown,2.0,29205.74,4.0,7.0
7147586,10.0,121.0,68.5,Male,2.0,1044361.71,5.0,8.0
3277167,7.0,84.0,27.5,Unknown,2.0,28560.83,2.0,5.0
1368741,13.0,162.0,46.5,Male,2.0,30727.51,0.0,3.0
3717232,5.0,60.0,28.0,Unknown,3.0,38770.36,1.0,4.0
5401810,12.0,153.0,43.5,Female,2.0,24371.86,3.0,6.0
2608649,7.0,94.0,66.5,Female,3.0,55451.17,0.0,6.0
9417859,4.0,58.0,48.5,Male,3.0,245725.43,1.0,4.0
2916728,13.0,158.0,34.5,Female,2.0,40260.7,0.0,3.0
3449920,5.0,68.0,30.5,Unknown,2.0,33587.03,4.0,7.0
9864187,11.0,136.0,28.0,Female,2.0,40054.5,1.0,4.0
1321480,4.0,58.0,49.5,Unknown,2.0,40184.88,4.0,8.0
8433097,6.0,72.0,33.5,Unknown,2.0,35074.009999999995,2.0,5.0
3565459,7.0,89.0,25.0,Unknown,2.0,31529.1,6.0,9.0
6778159,12.0,155.0,36.0,Female,2.0,37615.09,0.0,3.0
153841,6.0,73.0,29.5,Female,2.0,52767.4,0.0,3.0
3356132,5.0,71.0,31.0,Unknown,2.0,41619.66,4.0,7.0
9543621,15.0,189.0,66.0,Female,2.0,29482.57,0.0,3.0
2523566,28.0,347.0,61.5,Male,3.0,316208.59,6.0,9.0
3436512,22.0,270.0,49.0,Male,2.0,248779.28,1.0,4.0
6048335,21.0,263.0,71.0,Female,2.0,72485.73,1.0,4.0
5561211,17.0,206.0,48.0,Female,3.0,282269.3,6.0,9.0
6878953,4.0,52.0,53.5,Unknown,2.0,47475.35,4.0,7.0
5124630,10.0,130.0,29.0,Female,2.0,105995.35,1.0,4.0
3633484,5.0,68.0,68.0,Unknown,2.0,135574.09,5.0,8.0
3317229,12.0,151.0,32.0,Male,2.0,45438.07,1.0,4.0
3269114,12.0,155.0,67.0,Female,2.0,106004.35,1.0,4.0
6400565,18.0,216.0,47.0,Female,2.0,73730.85,5.0,8.0
9126731,12.0,146.0,65.5,Male,2.0,285863.53,6.0,9.0
2269398,5.0,71.0,26.0,Unknown,2.0,47726.62,6.0,9.0
360872,8.0,106.0,34.5,Female,2.0,36521.54,0.0,3.0
8883783,14.0,173.0,56.5,Female,2.0,31791.18,6.0,9.0
2313692,22.0,272.0,42.5,Male,3.0,44945.64,2.0,5.0
8194847,26.0,318.0,62.0,Female,3.0,191134.02,3.0,6.0
7782547,8.0,102.0,65.0,Unknown,2.0,117060.16,5.0,8.0
9261123,14.0,177.0,63.0,Male,3.0,520933.78,1.0,4.0
9988960,25.0,303.0,47.5,Male,2.0,41666.17999999999,3.0,6.0
4457141,7.0,88.0,72.0,Unknown,2.0,839509.7100000001,6.0,9.0
1218366,16.0,193.0,51.5,Female,2.0,99059.78,5.0,8.0
2623518,14.0,179.0,42.0,Female,2.0,148551.86,3.0,6.0
7492872,5.0,64.0,29.0,Unknown,2.0,27459.6,6.0,9.0
4740441,30.0,371.0,71.0,Male,3.0,1774998.0599999998,6.0,9.0
2288204,7.0,92.0,42.5,Unknown,2.0,74180.34,1.0,4.0
1367125,29.0,358.0,60.0,Female,2.0,88504.95999999999,1.0,4.0
6891014,33.0,400.0,61.5,Male,3.0,227733.53,3.0,6.0
8873924,15.0,189.0,61.5,Male,2.0,312854.76,4.0,7.0
9777919,7.0,91.0,30.5,Unknown,2.0,53543.77,6.0,9.0
9351315,15.0,182.0,34.5,Male,2.0,341981.9,5.0,8.0
6568346,21.0,252.0,58.0,Male,2.0,50959.28,5.0,8.0
369046,5.0,70.0,27.5,Unknown,2.0,52583.89,2.0,5.0
8548102,6.0,82.0,51.0,Unknown,2.0,644053.7200000001,3.0,6.0
3356718,9.0,109.0,54.0,Female,2.0,111082.91,1.0,4.0
1360924,5.0,64.0,59.0,Unknown,2.0,794512.42,3.0,6.0
610587,5.0,69.0,44.5,Male,2.0,122274.36,0.0,3.0
26070,10.0,124.0,24.0,Male,2.0,42777.59,1.0,5.0
4316236,4.0,58.0,65.5,Unknown,2.0,29884.94,3.0,6.0
9517246,16.0,194.0,38.5,Male,2.0,153321.64,3.0,6.0
1176076,3.0,41.0,21.0,Female,2.0,37645.45,4.0,7.0
8522542,15.0,180.0,55.0,Female,2.0,71996.44,2.0,5.0
6681381,5.0,70.0,22.5,Unknown,3.0,41986.77,2.0,5.0
8769366,5.0,71.0,37.5,Female,2.0,52464.34,0.0,3.0
4059611,5.0,66.0,20.5,Unknown,2.0,27705.68,0.0,4.0
2848749,8.0,101.0,72.0,Unknown,2.0,263932.42,2.0,5.0
1895465,7.0,94.0,28.5,Male,2.0,35701.03,1.0,4.0
1683094,27.0,328.0,68.0,Female,2.0,234587.36,3.0,6.0
9714233,6.0,82.0,69.5,Unknown,2.0,75123.29000000001,3.0,6.0
5865516,12.0,152.0,52.5,Male,2.0,64635.71,0.0,3.0
3637427,21.0,255.0,73.0,Male,3.0,293106.29,3.0,6.0
2702504,21.0,252.0,74.0,Female,4.0,217483.67,4.0,7.0
2155749,20.0,242.0,75.0,Female,2.0,52800.24,6.0,9.0
705584,19.0,239.0,66.5,Male,2.0,812081.8500000001,6.0,9.0
9196220,19.0,236.0,60.5,Female,2.0,197055.56,0.0,5.0
1341423,15.0,189.0,76.5,Male,2.0,61820.05,1.0,4.0
6251290,32.0,394.0,52.5,Unknown,3.0,97317.34,3.0,6.0
4332256,4.0,58.0,39.0,Unknown,3.0,769805.52,6.0,9.0
3335814,14.0,176.0,39.0,Female,2.0,83657.41,2.0,5.0
4828235,13.0,167.0,58.0,Male,2.0,52672.51,2.0,5.0
9322129,16.0,199.0,52.5,Male,2.0,97467.73,6.0,9.0
8955423,7.0,85.0,25.0,Unknown,3.0,66154.47,4.0,7.0
8817208,4.0,59.0,37.0,Unknown,2.0,34212.35,6.0,9.0
6129494,11.0,141.0,42.5,Female,2.0,633176.02,1.0,4.0
3349220,16.0,195.0,37.5,Male,4.0,635355.43,6.0,9.0
2289897,25.0,303.0,74.0,Male,5.0,538260.91,6.0,9.0
8280306,15.0,182.0,28.5,Male,2.0,72364.23999999999,2.0,5.0
7528628,9.0,114.0,36.0,Male,2.0,94437.25,2.0,5.0
5683054,2.0,35.0,53.0,Unknown,2.0,29146.95,2.0,5.0
5666463,14.0,178.0,51.5,Female,2.0,23997.66,2.0,5.0
543787,13.0,160.0,40.5,Female,2.0,35208.11,0.0,3.0
2298936,6.0,83.0,52.5,Female,2.0,50728.59,6.0,9.0
7567504,10.0,121.0,60.0,Male,2.0,716623.4800000001,2.0,5.0
3351157,7.0,93.0,30.5,Unknown,2.0,48523.5,5.0,8.0
2175321,11.0,142.0,69.5,Male,2.0,33926.27,2.0,5.0
3781535,6.0,82.0,26.5,Unknown,2.0,58480.95,6.0,9.0
2029999,13.0,158.0,72.5,Male,2.0,220369.23,4.0,7.0
3671999,10.0,129.0,39.5,Female,2.0,28347.79,0.0,3.0
7053316,4.0,59.0,58.5,Male,2.0,67682.26,2.0,5.0
1775911,4.0,57.0,66.0,Female,2.0,300339.66,2.0,5.0
5665576,7.0,91.0,54.5,Unknown,2.0,333805.62,5.0,8.0
5388829,4.0,59.0,26.5,Unknown,2.0,40158.7,1.0,4.0
8873419,5.0,67.0,65.5,Unknown,2.0,95796.22,3.0,6.0
395711,14.0,169.0,50.0,Male,2.0,216340.0,0.0,3.0
4233001,5.0,67.0,32.0,Unknown,2.0,196973.65,2.0,5.0
6507175,4.0,54.0,32.0,Male,2.0,26843.58,0.0,3.0
7445327,14.0,169.0,29.0,Male,5.0,119938.57,6.0,9.0
5823616,6.0,80.0,62.5,Unknown,2.0,95190.04,3.0,6.0
7638291,5.0,60.0,40.5,Unknown,2.0,31166.77,2.0,5.0
3782323,7.0,95.0,25.0,Unknown,2.0,113777.39,6.0,9.0
2262027,11.0,142.0,26.5,Male,2.0,106592.52,2.0,5.0
6625625,6.0,77.0,21.0,Unknown,2.0,36500.52,5.0,8.0
401147,15.0,189.0,67.5,Female,2.0,59162.36,4.0,7.0
8834364,14.0,176.0,48.0,Male,2.0,80416.26999999999,4.0,7.0
2584295,4.0,58.0,38.5,Unknown,2.0,53796.56,1.0,4.0
4422146,14.0,173.0,30.5,Male,4.0,100971.88,6.0,9.0
5540128,11.0,142.0,63.5,Male,2.0,82394.01999999999,1.0,4.0
7326156,6.0,78.0,46.0,Unknown,2.0,78452.93,1.0,4.0
5269832,9.0,115.0,31.5,Male,2.0,26817.79,1.0,4.0
7677496,16.0,198.0,35.5,Female,2.0,31921.51,0.0,3.0
9079865,8.0,103.0,29.5,Female,2.0,39796.02,3.0,6.0
8742930,25.0,306.0,59.0,Female,2.0,77282.63,2.0,5.0
266497,24.0,295.0,64.0,Female,2.0,36252.26,5.0,8.0
9870360,23.0,279.0,56.5,Female,2.0,176946.77000000002,1.0,4.0
7922530,21.0,253.0,81.0,Male,2.0,937394.17,6.0,9.0
7193174,20.0,246.0,62.5,Male,2.0,129664.65,6.0,9.0
8701152,19.0,233.0,29.0,Female,2.0,46024.4,1.0,4.0
6291861,19.0,232.0,47.5,Female,3.0,70233.86,0.0,4.0
5052906,18.0,223.0,32.5,Male,3.0,394358.48,3.0,6.0
3248710,18.0,217.0,42.0,Unknown,2.0,921404.71,6.0,9.0
9557567,16.0,197.0,75.0,Female,2.0,98683.58,3.0,6.0
8043664,8.0,102.0,51.5,Unknown,2.0,37240.43,1.0,4.0
3324233,5.0,70.0,59.0,Unknown,2.0,184894.08,3.0,6.0
7218952,5.0,70.0,42.5,Unknown,3.0,45962.57,2.0,5.0
6465206,15.0,190.0,80.5,Male,2.0,275339.59,2.0,5.0
6064043,16.0,194.0,50.0,Female,2.0,74112.29000000001,3.0,6.0
4747167,6.0,81.0,34.5,Unknown,2.0,47635.32,4.0,7.0
7479028,4.0,58.0,24.0,Unknown,2.0,57127.52,2.0,5.0
9360535,8.0,106.0,59.5,Male,2.0,85879.53,2.0,5.0
8401928,10.0,131.0,37.0,Female,2.0,75607.13,0.0,3.0
6491335,14.0,179.0,38.5,Female,2.0,44831.02,0.0,3.0
5468105,25.0,305.0,52.0,Female,2.0,237766.9,2.0,5.0
4137955,10.0,126.0,47.0,Male,2.0,43638.66,1.0,4.0
9128986,4.0,58.0,27.5,Unknown,2.0,42760.26,3.0,6.0
1983489,9.0,115.0,66.5,Female,2.0,48654.63,3.0,7.0
6015711,5.0,65.0,28.5,Unknown,3.0,68303.54999999999,6.0,9.0
3335141,7.0,95.0,26.5,Unknown,2.0,36577.39,6.0,9.0
8893835,33.0,396.0,54.0,Male,3.0,136154.75,1.0,4.0
5728657,7.0,86.0,51.5,Unknown,3.0,73466.58,2.0,6.0
1332642,6.0,78.0,48.5,Unknown,2.0,30283.62,0.0,3.0
218589,11.0,142.0,68.5,Male,2.0,330112.04,6.0,9.0
1565127,6.0,82.0,55.5,Unknown,2.0,74071.95,0.0,3.0
4267473,6.0,79.0,21.0,Unknown,2.0,24661.66,5.0,8.0
159558,12.0,152.0,60.5,Unknown,2.0,410092.29,6.0,9.0
4653962,17.0,214.0,53.5,Male,2.0,101717.61,0.0,3.0
612072,7.0,94.0,59.0,Unknown,2.0,71428.15,0.0,3.0
8804680,12.0,154.0,51.0,Male,3.0,54068.49,1.0,4.0
8427122,4.0,56.0,38.5,Female,2.0,32446.73,6.0,9.0
1955550,13.0,156.0,50.5,Female,2.0,84607.47,1.0,4.0
1524395,4.0,56.0,20.0,Unknown,3.0,58512.05,6.0,9.0
3682788,6.0,75.0,39.0,Unknown,2.0,59186.31,2.0,5.0
7591814,4.0,58.0,30.0,Unknown,2.0,34983.23,1.0,4.0
9171553,7.0,89.0,25.0,Unknown,4.0,105649.47,4.0,7.0
8307496,5.0,70.0,57.0,Unknown,2.0,53705.59,6.0,9.0
1130170,7.0,92.0,47.5,Unknown,2.0,173263.86,6.0,9.0
8623241,15.0,189.0,36.0,Male,2.0,58603.47,6.0,9.0
9764115,8.0,106.0,28.5,Male,2.0,110689.0,5.0,8.0
7632016,4.0,59.0,27.5,Unknown,2.0,45223.58,1.0,4.0
8017510,13.0,166.0,27.0,Female,3.0,119248.73,0.0,3.0
1751985,10.0,123.0,31.0,Male,2.0,33846.16,6.0,9.0
7050974,10.0,122.0,26.0,Female,2.0,74291.12,6.0,9.0
2447566,8.0,106.0,40.0,Female,2.0,49051.57,0.0,3.0
148391,8.0,101.0,64.5,Unknown,2.0,744448.1900000001,1.0,4.0
7560600,15.0,190.0,47.5,Female,2.0,23796.49,0.0,3.0
5460882,14.0,175.0,37.5,Female,2.0,67581.98999999999,1.0,4.0
4735965,19.0,232.0,54.0,Male,3.0,217426.47,5.0,8.0
8758108,6.0,74.0,33.5,Unknown,3.0,71824.97,4.0,7.0
1979816,6.0,83.0,44.0,Unknown,2.0,33854.05,6.0,9.0
8120164,10.0,123.0,31.0,Female,3.0,118663.27,2.0,5.0
1797742,5.0,70.0,24.0,Unknown,2.0,26612.52,0.0,3.0
6217535,12.0,152.0,69.5,Female,2.0,197068.24,1.0,4.0
2025859,7.0,94.0,39.0,Unknown,2.0,30457.42,0.0,3.0
2931459,19.0,233.0,59.0,Male,2.0,64161.81,1.0,4.0
2718859,14.0,175.0,67.0,Female,2.0,178367.63,5.0,8.0
7423161,7.0,84.0,32.0,Unknown,2.0,79482.73999999999,1.0,4.0
5485585,5.0,71.0,26.5,Unknown,3.0,48025.14,4.0,7.0
4440789,22.0,271.0,63.5,Male,2.0,48249.53999999999,6.0,9.0
4210170,21.0,261.0,60.0,Female,2.0,63744.19,2.0,5.0
7484102,21.0,260.0,59.5,Female,2.0,205515.03,5.0,8.0
1499746,20.0,243.0,74.5,Male,3.0,362024.04,6.0,9.0
3549882,18.0,226.0,54.5,Female,2.0,128608.26,6.0,9.0
2378341,18.0,218.0,53.5,Female,3.0,65598.98,1.0,4.0
5627548,6.0,78.0,47.0,Unknown,2.0,804061.55,6.0,9.0
416757,9.0,111.0,39.5,Female,2.0,26417.95,0.0,3.0
7233680,12.0,150.0,39.5,Female,2.0,27253.18,1.0,4.0
6338480,8.0,96.0,38.0,Unknown,2.0,49333.05,3.0,6.0
6945214,15.0,183.0,44.0,Male,2.0,39144.6,5.0,8.0
9844493,9.0,108.0,39.0,Male,2.0,67261.5,4.0,7.0
6469535,17.0,211.0,42.0,Male,2.0,97644.83,0.0,3.0
9335749,8.0,106.0,66.5,Female,2.0,170283.83000000002,0.0,4.0
5726407,8.0,104.0,18.0,Male,2.0,31674.13,0.0,3.0
1212758,14.0,177.0,55.0,Female,2.0,34709.1,0.0,3.0
6382757,10.0,122.0,35.5,Female,4.0,52330.42,5.0,8.0
8075262,5.0,71.0,31.0,Unknown,2.0,28368.54,1.0,4.0
9583508,26.0,315.0,60.0,Female,2.0,727551.3400000001,6.0,9.0
6476325,4.0,58.0,49.5,Unknown,2.0,31732.6,2.0,5.0
3944394,7.0,89.0,50.0,Unknown,2.0,983643.58,4.0,7.0
3733130,11.0,142.0,31.0,Female,2.0,40223.74,1.0,4.0
8033229,6.0,83.0,20.0,Unknown,2.0,34847.009999999995,6.0,9.0
2027427,6.0,82.0,43.0,Female,2.0,61891.14,3.0,6.0
407433,11.0,133.0,27.5,Male,2.0,126566.31,3.0,6.0
4623595,30.0,371.0,53.0,Male,3.0,1138184.19,6.0,9.0
6538820,12.0,150.0,40.0,Female,3.0,226502.94,6.0,9.0
8702253,3.0,42.0,31.0,Unknown,4.0,90338.04,0.0,3.0
665193,8.0,105.0,23.5,Male,2.0,24839.46,2.0,5.0
2383774,4.0,59.0,54.5,Unknown,2.0,31427.03,1.0,4.0
8671533,12.0,153.0,37.0,Female,2.0,101505.12,6.0,9.0
391472,7.0,84.0,48.5,Female,2.0,28943.3,3.0,6.0
7967415,7.0,91.0,30.5,Unknown,3.0,50580.8,5.0,8.0
7764976,5.0,71.0,27.5,Unknown,2.0,31678.79,6.0,9.0
1649862,4.0,48.0,49.5,Unknown,2.0,27685.63,3.0,6.0
511535,30.0,370.0,55.5,Female,2.0,82769.53,6.0,9.0
3471130,7.0,94.0,72.0,Unknown,2.0,472065.01,1.0,4.0
9920068,7.0,95.0,62.5,Unknown,2.0,77211.53,1.0,4.0
2632330,6.0,83.0,22.5,Unknown,3.0,39275.03,3.0,6.0
748334,23.0,279.0,50.5,Male,4.0,253163.73,6.0,9.0
2399201,21.0,263.0,69.5,Female,2.0,104804.97,4.0,7.0
411463,20.0,251.0,47.5,Female,2.0,34678.86,3.0,6.0
7700727,19.0,239.0,18.0,Female,2.0,34306.899999999994,6.0,9.0
3872726,19.0,230.0,59.5,Male,2.0,93820.9,2.0,5.0
8988322,18.0,226.0,46.0,Female,3.0,296799.69,3.0,6.0
8118305,18.0,216.0,64.5,Female,2.0,225103.33,2.0,5.0
7977368,9.0,118.0,61.0,Female,2.0,42555.17999999999,0.0,3.0
21242,13.0,163.0,30.5,Female,2.0,42414.56,6.0,9.0
9906729,7.0,88.0,60.5,Unknown,2.0,116861.12,1.0,4.0
1300037,7.0,91.0,52.5,Unknown,2.0,113329.71,1.0,4.0
2071744,8.0,97.0,25.5,Unknown,2.0,37396.13,0.0,3.0
2203970,9.0,115.0,68.0,Female,2.0,87843.15,4.0,7.0
351479,11.0,140.0,32.5,Male,2.0,37259.1,0.0,3.0
23864,16.0,196.0,47.5,Male,2.0,192922.53,2.0,5.0
6666388,15.0,191.0,51.0,Female,2.0,58924.0,1.0,4.0
5900386,10.0,127.0,19.5,Male,2.0,29260.85,4.0,7.0
1980473,19.0,232.0,54.5,Female,2.0,43473.31,2.0,5.0
5138720,7.0,89.0,36.5,Unknown,3.0,354673.27,3.0,6.0
7679817,7.0,91.0,29.5,Unknown,2.0,39680.89,2.0,5.0
6490862,12.0,154.0,29.5,Female,2.0,53742.07,6.0,9.0
4330745,6.0,73.0,30.5,Unknown,3.0,36752.27,6.0,9.0
4952395,14.0,176.0,39.0,Female,2.0,63226.47,2.0,5.0
6841879,7.0,84.0,59.5,Unknown,2.0,164550.52000000002,4.0,7.0
8520650,8.0,101.0,59.5,Unknown,2.0,24873.03,1.0,4.0
2639740,6.0,73.0,57.0,Female,2.0,42161.67999999999,4.0,7.0
3948065,10.0,124.0,59.0,Male,2.0,77580.87,0.0,3.0
5350623,15.0,185.0,43.5,Female,4.0,409399.11,3.0,6.0
1570485,6.0,78.0,23.5,Unknown,2.0,28752.25,5.0,8.0
560486,30.0,370.0,58.5,Female,2.0,152867.16,6.0,9.0
5118056,8.0,97.0,72.0,Unknown,2.0,41574.42999999999,0.0,3.0
9291291,6.0,79.0,24.5,Unknown,2.0,35612.13,6.0,9.0
6114351,26.0,313.0,78.5,Male,2.0,39976.38,3.0,6.0
1098357,10.0,125.0,39.5,Female,2.0,67568.04999999999,1.0,4.0
8088301,15.0,188.0,42.5,Male,2.0,40733.92,0.0,3.0
133522,3.0,47.0,58.0,Unknown,2.0,28513.9,2.0,5.0
6873514,16.0,195.0,41.5,Unknown,2.0,31688.1,0.0,3.0
7001154,6.0,80.0,22.5,Unknown,3.0,35141.82,3.0,6.0
9030261,11.0,141.0,58.0,Male,2.0,23922.96,2.0,5.0
6614435,10.0,124.0,53.5,Male,2.0,47791.59,1.0,4.0
2363701,23.0,281.0,72.0,Female,2.0,98644.89,4.0,7.0
2809668,25.0,305.0,81.5,Male,3.0,142391.32,2.0,6.0
8388135,6.0,82.0,21.5,Unknown,2.0,25806.03,1.0,5.0
5558421,14.0,177.0,29.0,Male,2.0,101458.7,2.0,5.0
4371220,16.0,195.0,67.0,Male,2.0,115239.46,6.0,9.0
977189,13.0,157.0,75.5,Male,2.0,51619.08,5.0,8.0
3747412,5.0,70.0,30.0,Unknown,2.0,44076.05,3.0,6.0
7427840,16.0,192.0,47.5,Female,2.0,174677.44,1.0,4.0
1663358,6.0,75.0,58.5,Unknown,2.0,32826.11,3.0,6.0
6700779,4.0,58.0,49.5,Unknown,2.0,50121.6,6.0,9.0
8378196,13.0,166.0,33.5,Male,2.0,54645.4,5.0,8.0
5080084,13.0,159.0,62.0,Male,2.0,103582.63,0.0,3.0
5619936,27.0,330.0,36.5,Female,2.0,28271.57,2.0,5.0
2529822,16.0,202.0,77.5,Male,2.0,38927.9,2.0,5.0
9456228,23.0,286.0,41.5,Female,2.0,119141.86,5.0,8.0
7638574,22.0,267.0,67.5,Male,2.0,50482.59,2.0,5.0
2253708,22.0,269.0,55.0,Female,2.0,74198.87,0.0,4.0
3953220,19.0,228.0,32.5,Male,2.0,30633.91,0.0,3.0
6095210,18.0,226.0,70.0,Female,3.0,198892.08,2.0,5.0
9439273,18.0,222.0,46.5,Female,2.0,55831.52,1.0,4.0
3388094,18.0,221.0,36.0,Male,2.0,242049.67,3.0,6.0
7025223,17.0,214.0,67.0,Male,4.0,512911.56,4.0,8.0
5346235,17.0,213.0,21.5,Male,2.0,29014.83,2.0,5.0
6823673,12.0,152.0,56.0,Male,2.0,28396.44,2.0,5.0
4426831,7.0,95.0,38.0,Unknown,2.0,190134.39,0.0,3.0
2217799,10.0,120.0,39.0,Female,2.0,37658.35,6.0,9.0
551933,8.0,104.0,28.0,Male,2.0,26213.06,6.0,9.0
7320097,11.0,141.0,48.0,Female,2.0,125186.35,2.0,5.0
2036303,11.0,142.0,43.0,Female,2.0,63004.96,0.0,3.0
3125835,4.0,58.0,54.0,Unknown,2.0,28715.18,6.0,9.0
4901025,22.0,272.0,61.0,Male,3.0,272866.33,6.0,9.0
9045586,13.0,159.0,20.0,Male,2.0,31664.48,5.0,8.0
2325282,8.0,97.0,59.5,Unknown,2.0,39995.81,3.0,6.0
5673466,3.0,46.0,60.5,Male,3.0,93829.45,6.0,9.0
34101,16.0,196.0,52.0,Female,2.0,146810.53,2.0,5.0
2553168,14.0,179.0,52.5,Male,2.0,86382.17,5.0,8.0
8950121,12.0,146.0,34.0,Male,2.0,112800.95,6.0,9.0
8385830,8.0,97.0,51.0,Unknown,2.0,477174.49,6.0,9.0
2359722,12.0,150.0,53.0,Male,2.0,97661.13,6.0,9.0
8022370,6.0,75.0,28.5,Unknown,2.0,44251.2,6.0,9.0
4685022,16.0,193.0,76.0,Male,2.0,185359.78,2.0,5.0
2779383,11.0,142.0,52.5,Female,2.0,55450.52,0.0,3.0
7121562,13.0,156.0,58.5,Female,2.0,146387.7,5.0,8.0
185963,27.0,334.0,55.0,Female,2.0,76686.18,2.0,8.0
8982875,15.0,191.0,60.5,Female,2.0,157482.72999999998,4.0,7.0
4351032,6.0,73.0,63.0,Unknown,2.0,54544.7,5.0,8.0
4912513,4.0,56.0,32.5,Unknown,3.0,56577.28,2.0,5.0
353828,6.0,77.0,61.0,Unknown,3.0,76249.01999999999,3.0,6.0
2886311,11.0,142.0,62.5,Unknown,2.0,118868.42,5.0,8.0
7638576,8.0,106.0,28.0,Female,3.0,73282.56,3.0,6.0
4598472,14.0,168.0,63.5,Female,3.0,111250.84,5.0,8.0
2913092,14.0,179.0,33.5,Female,2.0,32315.01,0.0,3.0
731511,12.0,149.0,54.0,Female,2.0,214556.18,1.0,4.0
7206508,6.0,82.0,33.0,Unknown,2.0,339475.15,2.0,5.0
676187,5.0,69.0,36.5,Male,2.0,158283.21999999997,6.0,9.0
7445170,9.0,109.0,58.0,Male,2.0,85795.57,1.0,4.0
4543625,9.0,108.0,39.0,Female,2.0,77982.69,4.0,7.0
4920246,7.0,84.0,30.5,Unknown,3.0,54765.16,6.0,9.0
7056615,8.0,100.0,70.5,Unknown,2.0,46440.89,4.0,7.0
8918913,22.0,271.0,47.0,Male,2.0,216250.97,1.0,4.0
7626144,5.0,67.0,45.5,Female,2.0,163133.28999999998,0.0,4.0
5305264,7.0,88.0,48.0,Unknown,2.0,178771.63,4.0,7.0
7274590,13.0,165.0,49.0,Female,2.0,136743.66999999998,2.0,5.0
4493573,7.0,89.0,39.5,Unknown,2.0,52130.53999999999,2.0,5.0
3178517,12.0,154.0,27.5,Male,2.0,85994.0,6.0,9.0
2468222,11.0,141.0,29.0,Female,2.0,60369.84,2.0,5.0
167496,7.0,92.0,59.0,Female,2.0,60681.44,5.0,8.0
9312518,23.0,283.0,38.5,Male,2.0,31946.56,2.0,5.0
8970209,22.0,266.0,53.5,Male,2.0,170235.84000000003,1.0,4.0
6992663,20.0,241.0,60.5,Unknown,3.0,85920.04000000001,1.0,4.0
59360,17.0,214.0,39.5,Male,3.0,421044.15,0.0,3.0
1184633,13.0,166.0,44.5,Female,2.0,35514.39,1.0,4.0
2747827,6.0,81.0,59.0,Unknown,2.0,361562.86,6.0,9.0
4632193,7.0,86.0,21.0,Unknown,2.0,54133.03,1.0,4.0
1361156,9.0,112.0,50.0,Male,4.0,309659.65,6.0,9.0
4167815,10.0,126.0,65.0,Female,2.0,86785.95999999999,6.0,9.0
4682874,15.0,188.0,61.5,Female,2.0,67168.18,3.0,6.0
9928401,19.0,234.0,58.5,Male,2.0,31390.61,2.0,5.0
7795403,31.0,378.0,27.5,Male,2.0,63793.95,0.0,3.0
1350186,6.0,74.0,28.5,Unknown,2.0,60348.94,1.0,4.0
5483336,5.0,71.0,28.0,Unknown,2.0,77449.04000000001,4.0,7.0
5784213,8.0,102.0,62.5,Unknown,2.0,105943.44,2.0,5.0
1123411,9.0,116.0,25.0,Female,3.0,147899.3,6.0,9.0
7002253,23.0,282.0,52.5,Male,2.0,92697.47,3.0,6.0
1819374,24.0,288.0,71.0,Female,2.0,95288.8,4.0,7.0
5531284,13.0,166.0,37.5,Female,2.0,31028.47,5.0,8.0
4335350,12.0,151.0,60.5,Female,2.0,33186.07,2.0,5.0
6017678,7.0,88.0,67.5,Unknown,3.0,384482.69,5.0,8.0
9082516,4.0,57.0,28.5,Unknown,2.0,34435.95,2.0,5.0
8009098,14.0,178.0,50.0,Male,2.0,31951.99,1.0,4.0
4526173,10.0,125.0,28.5,Male,2.0,221511.57,6.0,9.0
9449550,7.0,84.0,59.5,Unknown,2.0,33032.23,3.0,6.0
3244552,7.0,94.0,31.5,Male,2.0,24939.01,0.0,3.0
7628896,9.0,112.0,31.5,Female,2.0,120278.0,6.0,9.0
9692825,8.0,107.0,67.0,Male,2.0,579868.89,6.0,9.0
8861461,4.0,59.0,20.5,Unknown,2.0,27702.97,1.0,4.0
97966,9.0,109.0,40.0,Male,2.0,46556.82,2.0,5.0
7226525,8.0,107.0,51.5,Male,2.0,131005.85,1.0,4.0
1033609,4.0,56.0,29.5,Unknown,2.0,85294.68,6.0,9.0
640912,16.0,196.0,35.0,Female,3.0,148159.18,2.0,5.0
1393360,12.0,146.0,32.0,Male,2.0,55440.33,2.0,5.0
7451853,21.0,257.0,61.5,Female,2.0,43196.17,5.0,8.0
7379120,12.0,154.0,50.5,Male,2.0,65337.34,3.0,6.0
5727076,8.0,107.0,61.0,Female,2.0,2393667.45,2.0,6.0
9427685,9.0,112.0,34.5,Female,2.0,41332.28,0.0,3.0
5122003,7.0,87.0,36.0,Male,2.0,26332.5,0.0,4.0
629229,7.0,85.0,50.0,Male,2.0,64728.44,6.0,9.0
2169938,9.0,112.0,54.0,Female,2.0,59936.65,3.0,6.0
6890006,14.0,178.0,49.5,Male,2.0,38401.88,0.0,3.0
7306047,5.0,69.0,37.5,Unknown,2.0,187442.22,6.0,9.0
3511551,15.0,187.0,42.0,Male,2.0,450739.92,2.0,5.0
3084005,8.0,98.0,31.0,Unknown,2.0,27720.56,6.0,9.0
4293449,10.0,129.0,40.0,Female,2.0,90319.91,0.0,3.0
4788925,5.0,71.0,20.0,Unknown,2.0,39117.16,4.0,7.0
4955784,24.0,293.0,46.0,Female,2.0,60893.59,1.0,4.0
8097138,21.0,263.0,26.0,Female,2.0,61656.36,0.0,3.0
8098171,4.0,59.0,50.5,Unknown,2.0,40497.67999999999,0.0,3.0
9225874,6.0,79.0,26.5,Unknown,2.0,41233.69,5.0,8.0
5224408,6.0,72.0,63.5,Unknown,2.0,39426.02,4.0,7.0
4655731,29.0,353.0,71.5,Female,3.0,2733404.15,6.0,9.0
496903,16.0,203.0,60.0,Female,3.0,169462.05,5.0,8.0
8938441,10.0,124.0,53.5,Male,2.0,141758.27000000002,2.0,5.0
210347,15.0,191.0,60.5,Female,2.0,49930.9,6.0,9.0
2185235,7.0,88.0,60.0,Unknown,2.0,26098.32,1.0,4.0
2704747,13.0,162.0,18.0,Female,2.0,25978.11,1.0,4.0
7366686,8.0,97.0,67.5,Unknown,2.0,105979.85,6.0,9.0
7175556,25.0,305.0,62.5,Male,3.0,363290.34,3.0,6.0
7684332,30.0,364.0,59.0,Male,4.0,455799.2,5.0,8.0
7331322,16.0,199.0,63.0,Male,2.0,143602.19,6.0,9.0
7300338,11.0,136.0,70.0,Female,2.0,41868.22,0.0,3.0
613635,5.0,70.0,23.0,Unknown,2.0,33790.47,5.0,8.0
9208471,13.0,166.0,32.0,Male,2.0,41006.1,3.0,6.0
8385886,8.0,103.0,56.5,Unknown,2.0,1282361.71,4.0,7.0
5883812,16.0,203.0,76.0,Female,2.0,29567.08,0.0,4.0
4010229,5.0,70.0,28.5,Unknown,2.0,84463.39,2.0,5.0
5089510,5.0,71.0,28.0,Unknown,2.0,41108.89,1.0,4.0
2066508,17.0,215.0,69.5,Male,2.0,227797.36,6.0,9.0
9768615,8.0,106.0,38.5,Female,2.0,34171.19,1.0,4.0
5696154,20.0,251.0,26.5,Female,4.0,45525.57,6.0,9.0
2868319,9.0,111.0,55.0,Male,2.0,339145.31,3.0,6.0
8786226,13.0,166.0,55.0,Male,4.0,82128.29999999999,5.0,8.0
7344008,16.0,200.0,64.5,Female,3.0,603017.91,6.0,9.0
6190541,10.0,127.0,38.5,Female,2.0,33575.71,3.0,6.0
7699531,4.0,59.0,51.0,Unknown,2.0,30872.25,3.0,6.0
3448803,14.0,170.0,66.0,Male,2.0,195258.1,5.0,8.0
7733089,5.0,66.0,46.5,Unknown,2.0,103926.7,5.0,8.0
6703708,11.0,139.0,56.5,Male,2.0,126645.87,4.0,7.0
927407,17.0,208.0,73.0,Male,2.0,2996015.85,6.0,9.0
2343322,15.0,191.0,43.5,Female,2.0,35115.16,0.0,3.0
4075374,5.0,70.0,59.0,Unknown,2.0,68976.51,4.0,7.0
7477915,6.0,82.0,26.5,Unknown,2.0,67947.76999999999,6.0,9.0
3290362,16.0,193.0,38.5,Female,2.0,82961.91,4.0,7.0
5074532,11.0,139.0,45.0,Female,2.0,30566.96,6.0,9.0
2940782,4.0,58.0,56.0,Unknown,2.0,51386.67,4.0,7.0
6640401,6.0,83.0,64.0,Unknown,2.0,150920.49,2.0,5.0
6816212,9.0,117.0,68.5,Male,2.0,175280.58000000002,6.0,9.0
3351739,16.0,200.0,58.5,Male,2.0,30775.46,2.0,5.0
4045017,13.0,160.0,34.0,Female,2.0,29851.13,1.0,4.0
8888550,17.0,204.0,59.0,Male,2.0,64335.4,6.0,9.0
4036239,14.0,178.0,33.5,Unknown,2.0,56986.64,0.0,3.0
8576669,15.0,190.0,58.0,Male,4.0,166276.39,4.0,7.0
4785398,11.0,141.0,39.5,Female,2.0,52148.16,3.0,6.0
4701167,24.0,288.0,30.5,Male,2.0,50561.66,4.0,7.0
383168,23.0,287.0,57.5,Female,2.0,214658.94,5.0,8.0
9905906,22.0,267.0,23.5,Male,2.0,45520.33,1.0,4.0
2036106,21.0,253.0,41.0,Male,3.0,94699.45,3.0,6.0
3665114,20.0,241.0,53.0,Male,3.0,729429.27,5.0,8.0
4875654,17.0,214.0,43.0,Female,3.0,167983.83000000002,2.0,5.0
3684095,16.0,203.0,29.0,Male,3.0,93293.13,6.0,9.0
4538037,16.0,192.0,62.5,Male,3.0,221442.53,4.0,7.0
7128070,21.0,254.0,42.0,Male,2.0,389133.93,2.0,6.0
2188831,15.0,190.0,65.5,Female,2.0,26644.19,0.0,3.0
7258079,4.0,59.0,72.0,Unknown,2.0,72415.04000000001,2.0,5.0
2681354,12.0,144.0,26.5,Female,3.0,33083.86,5.0,8.0
323628,3.0,39.0,71.0,Female,2.0,78127.37,1.0,5.0
6275855,6.0,81.0,23.0,Unknown,2.0,57755.45,1.0,4.0
8186750,9.0,119.0,41.0,Male,2.0,90018.72,2.0,5.0
1960597,3.0,44.0,22.5,Unknown,2.0,31885.84,3.0,6.0
9630732,6.0,82.0,42.5,Unknown,2.0,65743.57,1.0,4.0
6819326,12.0,150.0,67.0,Female,2.0,207130.2,2.0,8.0
8251796,12.0,153.0,73.0,Male,2.0,49157.07,3.0,6.0
2850748,7.0,94.0,57.0,Unknown,2.0,56798.6,0.0,3.0
7201546,10.0,121.0,28.5,Male,3.0,42979.61,4.0,7.0
3959670,8.0,99.0,35.5,Unknown,3.0,86424.28,6.0,9.0
1552420,11.0,137.0,34.5,Female,3.0,53595.85,0.0,3.0
1170092,4.0,58.0,35.0,Unknown,2.0,38807.2,5.0,8.0
4876049,5.0,70.0,21.5,Unknown,2.0,30469.9,1.0,4.0
9685962,9.0,110.0,27.5,Female,2.0,51070.28,6.0,9.0
4074779,5.0,70.0,26.5,Unknown,2.0,32969.81,3.0,6.0
7698220,12.0,154.0,31.5,Male,2.0,89889.34,0.0,3.0
186612,5.0,70.0,44.5,Unknown,2.0,42190.07,1.0,4.0
5139624,10.0,128.0,50.5,Male,2.0,482074.25,6.0,9.0
8421108,15.0,191.0,53.5,Male,2.0,135309.07,2.0,5.0
33752,8.0,106.0,51.5,Female,2.0,27416.12,0.0,3.0
2949963,15.0,185.0,50.0,Male,3.0,488871.82,3.0,6.0
343737,6.0,82.0,59.0,Unknown,2.0,65343.02,0.0,3.0
8539417,11.0,141.0,45.0,Male,2.0,256722.91,6.0,9.0
6487222,11.0,142.0,25.0,Female,2.0,52477.28,1.0,4.0
3089039,5.0,60.0,22.5,Unknown,2.0,49084.99,2.0,5.0
1644577,23.0,284.0,59.5,Female,2.0,99624.11,1.0,4.0
9411127,15.0,190.0,62.5,Female,2.0,228209.35,6.0,9.0
9718232,16.0,194.0,66.0,Male,2.0,72639.29999999999,0.0,3.0
895221,18.0,219.0,55.0,Male,2.0,26323.57,6.0,9.0
5345981,15.0,181.0,65.0,Female,3.0,387641.1,6.0,9.0
4965380,30.0,369.0,68.5,Female,4.0,81502.13,6.0,9.0
7847491,23.0,279.0,63.0,Female,3.0,282656.09,4.0,7.0
7835069,6.0,73.0,66.0,Female,2.0,264562.19,2.0,5.0
6574408,11.0,136.0,60.0,Female,2.0,35516.259999999995,5.0,8.0
8690825,7.0,95.0,45.0,Unknown,2.0,146943.39,3.0,6.0
9922958,26.0,316.0,87.5,Female,2.0,73116.54000000001,3.0,6.0
8541230,8.0,107.0,59.0,Male,2.0,113574.1,2.0,5.0
9117173,6.0,81.0,23.5,Unknown,3.0,36881.4,2.0,5.0
3802523,13.0,160.0,58.0,Female,4.0,74211.2,2.0,5.0
6064907,5.0,67.0,48.0,Unknown,2.0,24396.23,3.0,6.0
1868329,5.0,70.0,26.5,Unknown,3.0,72015.37,4.0,7.0
611119,10.0,128.0,65.5,Male,3.0,229491.31,5.0,8.0
887670,14.0,168.0,42.0,Male,2.0,150264.55,4.0,7.0
9311264,9.0,118.0,60.0,Male,2.0,39746.61,1.0,4.0
690383,4.0,59.0,25.5,Unknown,2.0,51553.58,2.0,5.0
166315,14.0,169.0,65.5,Unknown,3.0,314156.24,6.0,9.0
4867576,15.0,191.0,73.0,Male,2.0,319274.39,6.0,9.0
7820781,23.0,280.0,65.5,Male,2.0,709234.17,3.0,6.0
2923048,16.0,192.0,60.5,Male,2.0,260478.83,4.0,7.0
4089994,23.0,284.0,72.5,Female,2.0,58231.11,0.0,3.0
7982504,18.0,216.0,33.5,Male,2.0,104364.89,1.0,4.0
6269757,17.0,212.0,47.5,Female,2.0,208669.71,3.0,6.0
5006552,18.0,227.0,60.5,Female,2.0,27572.12,0.0,3.0
9110158,6.0,75.0,32.5,Unknown,3.0,66460.63,3.0,8.0
4159208,8.0,96.0,50.0,Unknown,2.0,51553.33,4.0,7.0
5585512,13.0,160.0,55.5,Female,2.0,69191.23999999999,1.0,4.0
5091684,29.0,358.0,66.0,Female,2.0,680318.29,0.0,3.0
5810345,16.0,196.0,57.5,Male,2.0,557957.05,2.0,5.0
3581868,5.0,69.0,46.0,Unknown,2.0,34583.97,1.0,5.0
1227517,5.0,67.0,55.0,Unknown,2.0,56545.46,1.0,4.0
522661,30.0,360.0,71.5,Male,2.0,48064.32,1.0,4.0
3070009,4.0,57.0,35.5,Unknown,2.0,45366.82,0.0,3.0
2101216,6.0,78.0,22.5,Unknown,2.0,27092.54,6.0,9.0
6255724,17.0,204.0,39.0,Male,2.0,128881.95,6.0,9.0
3493304,7.0,94.0,51.5,Male,2.0,24453.13,0.0,3.0
6139988,22.0,265.0,54.0,Female,2.0,49346.25,0.0,3.0
8424613,7.0,94.0,54.5,Unknown,2.0,73039.7,0.0,3.0
7339400,11.0,142.0,45.0,Female,2.0,78342.6,1.0,4.0
1809326,13.0,164.0,48.0,Female,2.0,34303.6,1.0,4.0
7592638,28.0,342.0,54.5,Male,3.0,474347.12,4.0,7.0
753431,4.0,58.0,35.5,Unknown,2.0,46636.92,6.0,9.0
7845652,15.0,182.0,74.0,Male,2.0,80288.6,4.0,7.0
2197946,8.0,105.0,41.0,Female,2.0,27900.45,2.0,5.0
760258,4.0,57.0,61.5,Unknown,2.0,175279.12,2.0,5.0
7493041,15.0,183.0,40.0,Male,2.0,30746.18,1.0,4.0
2039692,6.0,72.0,47.0,Unknown,2.0,84441.31,0.0,3.0
6216233,16.0,202.0,30.0,Female,4.0,125873.44,6.0,9.0
9137627,14.0,169.0,50.5,Female,2.0,102389.43,1.0,4.0
2243938,5.0,70.0,59.0,Unknown,2.0,27539.58,0.0,3.0
2899509,6.0,74.0,46.5,Unknown,2.0,58253.94,6.0,9.0
3056475,13.0,163.0,53.5,Male,2.0,41968.03,3.0,6.0
3890665,4.0,59.0,25.0,Unknown,2.0,44330.61,0.0,3.0
8184065,12.0,154.0,43.0,Female,3.0,52875.58,3.0,6.0
7056764,12.0,147.0,58.5,Female,2.0,128815.22,3.0,6.0
4581224,4.0,59.0,51.0,Unknown,2.0,30543.13,1.0,4.0
3765679,6.0,76.0,66.0,Male,3.0,336188.7,6.0,9.0
5670374,7.0,95.0,68.0,Unknown,2.0,67443.2,4.0,7.0
7339227,6.0,75.0,22.5,Unknown,2.0,25121.99,6.0,9.0
9775504,13.0,161.0,47.5,Female,2.0,128818.44,1.0,4.0
6674579,5.0,67.0,69.0,Unknown,2.0,64001.04,4.0,7.0
770632,7.0,84.0,51.0,Unknown,2.0,164448.08000000002,2.0,5.0
4350100,6.0,72.0,37.5,Unknown,2.0,35344.91,6.0,9.0
3000609,13.0,166.0,62.0,Male,2.0,33469.85,1.0,4.0
7411740,7.0,94.0,65.5,Unknown,2.0,51431.65,0.0,3.0
5267691,6.0,74.0,27.0,Unknown,2.0,40812.08,0.0,3.0
5729750,13.0,162.0,58.0,Female,2.0,73159.72,3.0,7.0
9688197,3.0,44.0,62.0,Unknown,2.0,54288.62,6.0,9.0
9896387,5.0,71.0,60.0,Female,2.0,69403.57,6.0,9.0
5550353,11.0,132.0,30.5,Female,2.0,48647.4,1.0,4.0
1106203,24.0,299.0,69.5,Male,3.0,68557.56,2.0,5.0
4906459,20.0,245.0,62.0,Female,2.0,39481.2,2.0,5.0
2264189,20.0,244.0,63.0,Male,2.0,34107.79,3.0,6.0
4513466,19.0,239.0,61.5,Female,2.0,51259.69,0.0,3.0
8875228,19.0,233.0,40.0,Female,4.0,108342.42,4.0,7.0
8438553,19.0,228.0,55.0,Male,2.0,344066.74,6.0,9.0
8490286,14.0,177.0,63.0,Male,3.0,461554.9,4.0,7.0
3423886,4.0,57.0,54.0,Male,2.0,66079.03,0.0,3.0
9719547,14.0,177.0,38.0,Female,2.0,35000.23,0.0,3.0
6352921,5.0,70.0,54.0,Male,3.0,218706.12,5.0,8.0
6374296,18.0,217.0,40.0,Male,2.0,219440.59000000003,6.0,9.0
7175242,9.0,111.0,29.0,Male,3.0,58411.17,6.0,9.0
9765552,5.0,71.0,66.5,Unknown,2.0,98035.67,3.0,6.0
6787400,8.0,102.0,31.0,Unknown,2.0,79727.11,1.0,4.0
699807,5.0,69.0,66.5,Unknown,2.0,189940.95,6.0,9.0
7111680,9.0,119.0,29.5,Male,3.0,56441.42999999999,3.0,6.0
8500269,30.0,368.0,76.5,Male,3.0,288911.31,2.0,5.0
4709008,11.0,140.0,35.5,Male,2.0,26875.03,1.0,4.0
8415542,6.0,77.0,56.5,Female,2.0,166438.21000000002,2.0,5.0
8313768,5.0,69.0,21.0,Unknown,2.0,28412.93,6.0,9.0
7684999,30.0,370.0,70.0,Male,3.0,546944.67,1.0,4.0
7954546,10.0,120.0,63.5,Male,2.0,185825.79,3.0,6.0
3448724,4.0,58.0,32.0,Unknown,2.0,28775.82,4.0,7.0
323720,8.0,106.0,25.5,Female,2.0,157684.07,2.0,5.0
5639474,4.0,59.0,76.5,Unknown,2.0,85372.01,3.0,6.0
2710107,16.0,196.0,44.0,Male,2.0,45596.21,4.0,7.0
5807713,6.0,73.0,24.5,Unknown,2.0,28924.85,5.0,8.0
3392317,13.0,166.0,20.5,Male,2.0,28428.47,0.0,3.0
2478030,16.0,197.0,33.5,Male,2.0,109360.34,0.0,3.0
7703737,5.0,70.0,24.0,Unknown,2.0,25179.66,1.0,4.0
9747358,12.0,151.0,57.5,Unknown,2.0,29811.16,0.0,3.0
7008709,7.0,84.0,35.5,Female,2.0,212033.96,2.0,5.0
2867628,13.0,159.0,65.0,Unknown,2.0,52411.0,5.0,8.0
1547876,4.0,58.0,61.5,Unknown,2.0,32522.41,0.0,3.0
5328115,12.0,155.0,58.5,Male,2.0,48962.99,6.0,9.0
3574793,7.0,85.0,26.0,Unknown,2.0,59706.98,6.0,9.0
9152843,11.0,132.0,59.0,Male,2.0,43927.49,4.0,8.0
8314192,14.0,176.0,42.5,Male,2.0,142356.68,6.0,9.0
7207553,5.0,70.0,61.0,Unknown,2.0,237713.34000000003,0.0,3.0
5510998,7.0,89.0,39.5,Unknown,2.0,27116.7,1.0,4.0
9208905,35.0,429.0,49.0,Unknown,3.0,268212.06,6.0,9.0
4034516,14.0,169.0,50.5,Unknown,2.0,66894.73999999999,0.0,3.0
183855,12.0,153.0,36.5,Male,2.0,31237.25,5.0,8.0
9086603,11.0,143.0,30.5,Male,2.0,45458.56,1.0,4.0
4598217,5.0,65.0,51.0,Unknown,2.0,46595.16,3.0,6.0
6029457,16.0,195.0,49.5,Male,3.0,128066.84,6.0,9.0
4185375,5.0,71.0,29.0,Unknown,2.0,39656.03,6.0,9.0
3111209,5.0,71.0,33.0,Unknown,3.0,52667.14,6.0,9.0
7528112,23.0,277.0,23.0,Female,2.0,27721.51,1.0,5.0
6777405,21.0,257.0,35.5,Male,3.0,169540.12,6.0,9.0
7887642,20.0,249.0,42.0,Male,3.0,50707.6,2.0,5.0
9864467,19.0,235.0,25.5,Female,2.0,79086.94,5.0,8.0
8051151,19.0,231.0,30.0,Female,2.0,50202.6,2.0,5.0
735147,4.0,57.0,64.5,Female,2.0,91678.22,6.0,9.0
5773597,6.0,78.0,23.0,Male,2.0,52791.27,1.0,4.0
751327,8.0,107.0,62.5,Male,2.0,33712.36,6.0,9.0
664244,12.0,152.0,29.5,Female,2.0,26158.17,0.0,3.0
7013561,27.0,329.0,61.5,Female,2.0,679356.88,0.0,4.0
5654418,5.0,70.0,24.0,Unknown,2.0,30345.27,1.0,4.0
5860017,14.0,179.0,45.5,Male,2.0,37744.35,3.0,6.0
5355367,15.0,187.0,80.0,Female,2.0,103616.07,4.0,7.0
938227,28.0,338.0,33.5,Male,2.0,112651.77,2.0,5.0
256853,9.0,115.0,81.0,Female,2.0,37014.39,2.0,5.0
2872157,5.0,69.0,26.5,Unknown,2.0,41454.25,6.0,9.0
8976119,5.0,67.0,50.5,Unknown,2.0,48461.23,3.0,6.0
6099815,28.0,346.0,48.5,Female,2.0,137310.55,1.0,4.0
4399507,9.0,108.0,41.5,Female,2.0,140106.25,3.0,6.0
5148384,14.0,168.0,22.5,Male,2.0,54060.78,6.0,9.0
4442392,13.0,158.0,40.5,Male,3.0,552983.5,3.0,6.0
5684766,14.0,168.0,35.5,Female,2.0,118330.81,6.0,9.0
4044372,7.0,89.0,24.5,Unknown,3.0,81314.11,3.0,6.0
1085768,16.0,192.0,50.5,Male,2.0,266354.65,6.0,9.0
7911204,14.0,168.0,59.5,Male,2.0,31970.36,0.0,3.0
8774697,10.0,121.0,68.0,Male,2.0,25179.69,1.0,5.0
7064013,8.0,99.0,25.0,Unknown,2.0,30281.88,2.0,5.0
5153966,13.0,166.0,34.0,Male,3.0,216908.64,6.0,9.0
5933629,16.0,202.0,71.0,Male,3.0,179166.65000000002,6.0,9.0
9200390,6.0,82.0,29.0,Unknown,3.0,47957.49,6.0,9.0
9454300,14.0,178.0,49.0,Female,2.0,81839.01999999999,0.0,3.0
3709934,8.0,102.0,55.0,Unknown,2.0,29695.46,1.0,4.0
5344576,6.0,73.0,26.5,Unknown,2.0,45511.1,3.0,6.0
2439828,19.0,233.0,67.0,Male,2.0,91306.28,0.0,3.0
6334082,3.0,47.0,28.5,Unknown,2.0,39959.33,4.0,7.0
4867711,4.0,58.0,23.0,Unknown,2.0,41592.46,5.0,8.0
5377930,8.0,104.0,45.0,Female,2.0,37367.67,2.0,5.0
7735750,14.0,176.0,32.5,Male,2.0,122677.47,5.0,8.0
50643,11.0,142.0,53.0,Female,2.0,145174.91,4.0,7.0
8164319,14.0,175.0,66.5,Male,2.0,42834.69,6.0,9.0
5363915,5.0,69.0,24.5,Unknown,2.0,52372.61,3.0,6.0
7905949,17.0,206.0,46.0,Male,2.0,136467.34999999998,6.0,9.0
878301,4.0,54.0,55.0,Unknown,2.0,143429.91999999998,0.0,3.0
5257854,13.0,157.0,55.0,Male,4.0,244735.89,4.0,7.0
6239885,7.0,90.0,64.0,Unknown,2.0,73683.54999999999,1.0,4.0
3740538,7.0,86.0,48.0,Unknown,2.0,63821.18,4.0,7.0
3503142,7.0,88.0,22.0,Unknown,2.0,38537.85,3.0,6.0
1698311,10.0,120.0,67.5,Female,2.0,56042.92999999999,0.0,3.0
818487,10.0,120.0,39.5,Male,2.0,25830.78,0.0,3.0
8604038,6.0,81.0,79.0,Unknown,2.0,51560.78,2.0,5.0
1710352,15.0,189.0,60.0,Female,2.0,63123.67,3.0,6.0
8538971,8.0,104.0,27.5,Female,2.0,51639.37,6.0,9.0
1708943,26.0,321.0,63.5,Male,2.0,40562.48,0.0,3.0
526419,18.0,221.0,57.5,Female,2.0,35754.85,1.0,4.0
7299904,16.0,198.0,23.0,Male,2.0,36663.68,1.0,4.0
8413588,22.0,274.0,59.0,Male,3.0,289440.0,5.0,8.0
3925764,22.0,267.0,47.0,Male,2.0,84755.63,1.0,4.0
5329423,21.0,254.0,43.0,Female,3.0,111280.68,6.0,9.0
3110656,20.0,251.0,53.5,Male,2.0,458794.98,5.0,8.0
2130660,20.0,251.0,48.5,Male,4.0,554627.62,6.0,9.0
8809832,23.0,282.0,19.0,Male,2.0,58003.87,5.0,8.0
9990056,18.0,220.0,84.5,Male,2.0,1906038.26,2.0,5.0
2221200,20.0,241.0,76.5,Female,3.0,601946.41,6.0,9.0
2992803,17.0,204.0,61.5,Female,2.0,132360.45,1.0,4.0
2345159,9.0,119.0,30.5,Male,2.0,35038.399999999994,1.0,4.0
4706669,11.0,142.0,51.5,Male,2.0,127142.12,6.0,9.0
9928220,12.0,153.0,39.0,Male,3.0,74065.51999999999,6.0,9.0
7497113,7.0,86.0,24.5,Unknown,2.0,40745.21,5.0,8.0
7494866,9.0,110.0,60.0,Female,3.0,153911.69,2.0,5.0
7626126,7.0,94.0,20.5,Unknown,2.0,37685.33,5.0,8.0
1938930,6.0,82.0,44.0,Unknown,3.0,56461.15,1.0,4.0
9708352,6.0,78.0,19.5,Unknown,2.0,26592.06,4.0,7.0
5373253,8.0,107.0,29.0,Unknown,2.0,50670.55,0.0,3.0
7275283,4.0,53.0,62.0,Unknown,2.0,586898.9700000001,4.0,7.0
7083484,7.0,84.0,36.5,Unknown,4.0,199468.75,6.0,9.0
9953656,9.0,109.0,43.5,Male,2.0,82393.4,0.0,3.0
3487248,5.0,69.0,43.5,Unknown,4.0,37878.85,4.0,7.0
5725928,14.0,178.0,62.0,Female,2.0,136111.11,6.0,9.0
5166339,9.0,118.0,28.0,Male,3.0,72007.1,6.0,9.0
9490292,22.0,271.0,51.5,Female,2.0,26098.12,0.0,3.0
6986759,12.0,149.0,32.5,Male,2.0,51902.53999999999,5.0,8.0
8828142,14.0,168.0,35.5,Female,2.0,69376.26999999999,0.0,3.0
9766963,7.0,89.0,45.0,Male,2.0,148135.41999999998,6.0,9.0
8364170,27.0,335.0,48.0,Female,2.0,100845.99,3.0,6.0
4502426,5.0,68.0,41.5,Unknown,3.0,40768.58,4.0,7.0
9658835,10.0,130.0,21.5,Female,2.0,45054.92,4.0,7.0
3410687,15.0,182.0,31.5,Male,3.0,47712.56,2.0,5.0
3075416,8.0,107.0,62.0,Female,3.0,1320331.37,5.0,8.0
1581087,8.0,106.0,56.0,Male,2.0,93002.49,3.0,6.0
9724470,7.0,87.0,52.5,Unknown,2.0,35340.41,6.0,9.0
7496803,15.0,183.0,34.0,Female,2.0,30817.22,1.0,4.0
2106390,15.0,190.0,41.5,Female,2.0,114993.2,1.0,4.0
6529790,16.0,203.0,61.5,Male,2.0,55042.61,6.0,9.0
1256808,9.0,118.0,31.0,Female,2.0,56684.98,0.0,3.0
8821670,15.0,188.0,75.5,Male,2.0,67648.41,6.0,9.0
3649806,4.0,55.0,32.5,Unknown,2.0,87515.5,1.0,4.0
5592504,12.0,144.0,58.5,Male,2.0,38204.84,2.0,5.0
7036222,4.0,54.0,35.0,Unknown,2.0,31239.83,1.0,4.0
7359157,6.0,76.0,32.5,Female,2.0,27896.6,2.0,5.0
2906088,16.0,194.0,67.0,Female,2.0,182062.92,2.0,5.0
4763992,8.0,104.0,23.5,Male,3.0,61422.72,5.0,8.0
3583461,9.0,119.0,39.5,Unknown,3.0,141147.33000000002,1.0,4.0
9501023,5.0,67.0,58.5,Female,2.0,35918.13,0.0,3.0
1549295,5.0,65.0,19.0,Unknown,2.0,33530.32,6.0,9.0
1993598,8.0,102.0,21.5,Unknown,2.0,80098.45,0.0,3.0
7509628,14.0,169.0,64.5,Female,2.0,29238.71,2.0,5.0
1397874,24.0,295.0,68.5,Female,2.0,35302.68,1.0,4.0
2790345,24.0,288.0,66.0,Female,2.0,447578.13,3.0,6.0
9494167,22.0,265.0,44.5,Unknown,3.0,225483.82,6.0,9.0
381793,21.0,259.0,53.5,Female,2.0,174611.55,1.0,5.0
3257381,20.0,242.0,72.5,Female,2.0,33904.55,3.0,6.0
1044073,18.0,220.0,65.0,Male,6.0,322277.28,1.0,4.0
4610520,18.0,217.0,63.0,Male,3.0,288993.63,2.0,5.0
6603155,17.0,213.0,53.0,Female,3.0,40557.41,3.0,6.0
3526596,16.0,197.0,41.0,Male,2.0,117686.9,1.0,4.0
1467023,12.0,154.0,50.5,Female,2.0,77820.45999999999,1.0,4.0
4476507,6.0,77.0,28.5,Unknown,2.0,77042.03,2.0,5.0
8921130,7.0,91.0,36.5,Male,2.0,68402.22,3.0,6.0
9787372,7.0,90.0,40.5,Unknown,2.0,32187.19,0.0,3.0
8627640,7.0,93.0,31.5,Unknown,2.0,44958.13,3.0,6.0
2305223,24.0,294.0,59.5,Unknown,2.0,823960.5800000001,3.0,6.0
5635789,4.0,57.0,27.5,Unknown,2.0,33714.3,5.0,8.0
3064622,11.0,140.0,54.0,Female,2.0,24301.99,3.0,6.0
4932688,26.0,312.0,62.5,Male,2.0,28327.04,0.0,3.0
3727654,14.0,168.0,28.0,Female,2.0,37226.65,2.0,5.0
6473315,5.0,67.0,65.0,Unknown,2.0,198556.3,3.0,6.0
5086738,14.0,178.0,38.0,Female,2.0,27263.07,0.0,3.0
2702463,17.0,206.0,36.0,Female,3.0,106944.04,4.0,7.0
169185,7.0,93.0,34.0,Unknown,2.0,33347.63,5.0,8.0
2136669,15.0,190.0,33.5,Male,2.0,56935.61,2.0,5.0
9777880,25.0,308.0,27.5,Female,2.0,440639.59,2.0,5.0
4068771,9.0,118.0,42.5,Female,2.0,33737.59,2.0,5.0
9491600,13.0,167.0,62.5,Female,2.0,57161.77,1.0,4.0
5245420,5.0,70.0,25.0,Unknown,2.0,55351.06,3.0,6.0
3641971,11.0,142.0,41.0,Female,2.0,55470.7,0.0,3.0
4296623,5.0,71.0,52.0,Female,4.0,868986.0900000001,5.0,8.0
4206785,32.0,394.0,69.0,Female,2.0,121194.61,6.0,9.0
9342554,15.0,189.0,38.5,Female,2.0,28059.07,0.0,3.0
2987983,11.0,139.0,59.5,Male,2.0,129957.58,4.0,7.0
6223007,9.0,114.0,25.5,Female,2.0,64756.81,3.0,6.0
3971130,18.0,216.0,73.5,Unknown,2.0,123568.64,5.0,8.0
9522546,15.0,191.0,42.5,Male,2.0,35413.05,1.0,4.0
1229841,13.0,157.0,70.5,Male,2.0,31018.96,4.0,7.0
5172802,6.0,74.0,51.0,Male,2.0,89671.12,2.0,5.0
9384038,8.0,102.0,46.5,Unknown,2.0,24841.57,6.0,9.0
428852,4.0,56.0,48.0,Male,2.0,106287.55,2.0,5.0
4671422,15.0,190.0,21.0,Male,2.0,41108.89,0.0,3.0
8026324,12.0,154.0,60.0,Unknown,2.0,41264.19,2.0,5.0
4597974,8.0,97.0,74.0,Unknown,2.0,40991.37,4.0,7.0
9023475,23.0,281.0,70.5,Male,2.0,61730.24,2.0,5.0
6016803,23.0,276.0,53.5,Male,3.0,120084.0,1.0,4.0
8356074,22.0,268.0,52.0,Female,2.0,43401.52,6.0,9.0
4379998,29.0,349.0,68.0,Female,2.0,211837.24,2.0,5.0
5686421,25.0,301.0,62.5,Male,2.0,71860.06,3.0,6.0
7065877,17.0,208.0,46.0,Unknown,2.0,92161.64,6.0,9.0
5228551,16.0,198.0,56.5,Female,2.0,233952.91,3.0,6.0
7293836,14.0,175.0,55.5,Female,2.0,69170.98999999999,1.0,4.0
3388762,17.0,205.0,61.5,Female,2.0,110720.61,4.0,7.0
2023843,17.0,206.0,34.5,Male,3.0,93332.46,0.0,3.0
8825349,6.0,82.0,53.5,Unknown,2.0,27906.1,0.0,3.0
9498329,5.0,64.0,28.5,Unknown,2.0,50611.66,6.0,9.0
9924809,16.0,202.0,45.5,Male,2.0,96708.89,0.0,3.0
7696084,10.0,121.0,44.5,Male,2.0,417184.36,4.0,7.0
1932460,4.0,56.0,63.5,Female,2.0,45776.36,1.0,4.0
5933753,19.0,239.0,72.5,Female,2.0,50649.0,6.0,9.0
2183946,5.0,66.0,25.5,Unknown,2.0,77318.62,1.0,4.0
8460039,9.0,118.0,29.5,Male,2.0,44622.92,1.0,4.0
2844725,4.0,58.0,21.5,Male,3.0,42654.23,4.0,7.0
8696373,10.0,127.0,66.0,Female,2.0,230720.35,5.0,8.0
6066338,30.0,362.0,53.5,Female,2.0,159241.34999999998,5.0,8.0
2373104,11.0,138.0,36.0,Unknown,2.0,77237.48999999999,0.0,3.0
5585137,10.0,121.0,23.5,Female,2.0,34751.98,2.0,5.0
5854628,19.0,230.0,62.5,Male,3.0,36363.49,5.0,8.0
8230288,12.0,148.0,42.0,Female,2.0,38485.46,1.0,4.0
5110034,8.0,106.0,72.5,Male,2.0,53812.07,3.0,6.0
705148,13.0,161.0,58.0,Male,2.0,109233.19,4.0,7.0
9791397,10.0,126.0,30.5,Male,3.0,118684.7,5.0,8.0
210473,6.0,77.0,45.5,Female,2.0,43865.35,6.0,9.0
4411554,15.0,183.0,78.0,Female,2.0,88657.11,4.0,7.0
6195381,21.0,253.0,45.5,Unknown,2.0,38366.8,6.0,9.0
7009824,4.0,58.0,29.0,Unknown,2.0,31622.98,0.0,3.0
2698849,4.0,57.0,45.5,Unknown,2.0,37350.12,2.0,5.0
3592203,10.0,126.0,32.0,Male,2.0,86080.03,5.0,8.0
128230,6.0,78.0,67.5,Unknown,3.0,679606.67,5.0,9.0
3536121,14.0,173.0,58.0,Female,2.0,588034.03,6.0,9.0
4369578,6.0,73.0,34.0,Female,2.0,179372.96999999997,2.0,5.0
879684,17.0,214.0,54.0,Female,2.0,119896.75,0.0,3.0
6206471,8.0,107.0,22.5,Male,2.0,32319.32,0.0,3.0
5938949,15.0,189.0,57.5,Female,2.0,145685.21,1.0,4.0
3507472,5.0,70.0,49.0,Unknown,2.0,108260.0,3.0,6.0
7223169,6.0,72.0,46.0,Unknown,2.0,55843.95,5.0,8.0
8948990,14.0,169.0,18.5,Female,2.0,29338.98,1.0,4.0
6632849,9.0,109.0,60.5,Male,2.0,38179.28,2.0,5.0
3385748,7.0,88.0,29.5,Unknown,3.0,47844.64,1.0,4.0
4059897,12.0,155.0,51.0,Female,2.0,33701.259999999995,1.0,4.0
7986289,8.0,97.0,76.5,Unknown,2.0,218924.76,6.0,9.0
8923646,8.0,96.0,40.5,Unknown,2.0,35354.27,0.0,3.0
4034407,19.0,230.0,48.5,Male,2.0,28512.25,5.0,8.0
3184891,7.0,93.0,45.5,Unknown,3.0,783898.03,6.0,9.0
7106246,6.0,74.0,34.5,Unknown,2.0,125384.83,4.0,7.0
9439774,23.0,284.0,55.5,Unknown,2.0,304576.55,1.0,4.0
7884023,23.0,282.0,51.5,Female,2.0,67535.57,3.0,6.0
1626170,26.0,313.0,69.0,Female,2.0,157765.19,3.0,6.0
5822755,15.0,189.0,62.5,Male,3.0,336108.16,6.0,9.0
6507462,9.0,119.0,25.5,Male,2.0,84106.5,2.0,5.0
3940254,11.0,143.0,28.5,Male,2.0,51358.73,4.0,7.0
2348065,14.0,168.0,36.0,Male,2.0,41471.8,3.0,6.0
5222418,7.0,87.0,62.5,Unknown,2.0,242296.49,5.0,9.0
7957690,5.0,60.0,78.5,Female,2.0,158002.90000000002,6.0,9.0
4666350,7.0,85.0,51.5,Unknown,2.0,28425.48,0.0,3.0
7066752,16.0,196.0,50.0,Female,2.0,105304.03,0.0,3.0
4653780,14.0,174.0,67.5,Female,2.0,23810.52,1.0,4.0
408411,17.0,204.0,51.5,Male,2.0,223768.68,6.0,9.0
4542543,13.0,158.0,33.0,Male,2.0,332752.83,4.0,7.0
5031797,14.0,170.0,36.0,Female,3.0,201958.49,3.0,6.0
4490987,21.0,257.0,41.5,Male,4.0,1149214.48,5.0,8.0
1706593,16.0,202.0,48.0,Male,2.0,49916.09,1.0,4.0
9209531,13.0,162.0,61.0,Female,2.0,45735.58,4.0,7.0
8992229,19.0,228.0,59.5,Male,2.0,129187.18,3.0,6.0
1701641,5.0,71.0,30.0,Unknown,2.0,64505.9,0.0,3.0
2082753,12.0,155.0,29.0,Unknown,3.0,97529.78,6.0,9.0
2817541,27.0,330.0,67.0,Female,4.0,310333.59,6.0,9.0
3449996,6.0,74.0,30.5,Unknown,2.0,72449.45,0.0,3.0
2492506,16.0,203.0,59.5,Female,2.0,539615.5,5.0,8.0
575213,8.0,107.0,44.0,Male,2.0,51194.01,6.0,9.0
189571,15.0,189.0,36.5,Female,2.0,274063.61,3.0,6.0
4296061,27.0,325.0,65.5,Unknown,2.0,36076.53,0.0,3.0
3949774,8.0,100.0,64.5,Unknown,2.0,313444.65,4.0,7.0
8191466,3.0,44.0,33.5,Male,2.0,34604.41,6.0,9.0
7495691,15.0,189.0,70.0,Unknown,2.0,45234.84,5.0,8.0
4526584,16.0,202.0,44.0,Male,2.0,82351.25,3.0,6.0
1641457,5.0,71.0,59.5,Unknown,2.0,45212.94,2.0,5.0
5100894,6.0,72.0,61.5,Unknown,2.0,37904.79,0.0,3.0
7527129,10.0,131.0,62.0,Male,2.0,78898.48,3.0,6.0
5620645,4.0,50.0,24.0,Male,2.0,27409.42,6.0,9.0
4926351,10.0,123.0,25.5,Female,2.0,29308.67,3.0,6.0
3745236,20.0,240.0,57.5,Male,2.0,79903.62,3.0,6.0
9636725,4.0,58.0,34.0,Male,2.0,27560.21,0.0,3.0
6877672,10.0,128.0,31.5,Female,2.0,66045.31,1.0,4.0
6155261,15.0,184.0,41.0,Unknown,2.0,69578.45999999999,0.0,3.0
5016965,13.0,167.0,39.5,Male,2.0,55705.8,1.0,4.0
3292582,9.0,119.0,37.0,Male,3.0,1126255.0699999998,6.0,9.0
569235,5.0,71.0,34.0,Unknown,2.0,55698.02,3.0,6.0
7740522,14.0,171.0,40.0,Female,2.0,48033.05,2.0,5.0
1105404,6.0,82.0,66.0,Unknown,2.0,40755.69,0.0,3.0
8446955,8.0,103.0,52.0,Unknown,2.0,470152.9,4.0,7.0
2522202,10.0,120.0,73.0,Female,2.0,60922.48,6.0,9.0
3130254,18.0,220.0,54.0,Female,2.0,42274.25,3.0,6.0
6375896,13.0,167.0,65.0,Male,2.0,308646.59,6.0,9.0
5636190,13.0,167.0,42.5,Male,4.0,573440.63,6.0,9.0
7629919,6.0,75.0,44.5,Unknown,3.0,173283.87,3.0,6.0
9015286,8.0,104.0,22.0,Male,3.0,84559.9,6.0,9.0
7196140,15.0,186.0,50.5,Female,2.0,219289.63,5.0,8.0
2424817,12.0,151.0,31.5,Male,2.0,26848.57,0.0,3.0
6773158,5.0,60.0,23.0,Unknown,2.0,34154.22,2.0,5.0
1139631,6.0,81.0,62.5,Female,2.0,290165.47,6.0,9.0
9542219,17.0,211.0,71.5,Female,2.0,59797.86,2.0,5.0
4400466,5.0,70.0,48.0,Unknown,3.0,51633.6,5.0,8.0
3111271,7.0,90.0,29.0,Male,2.0,39974.09,5.0,8.0
8033640,16.0,193.0,64.5,Male,2.0,71994.57,3.0,6.0
2650434,5.0,65.0,22.5,Unknown,4.0,41923.38,6.0,9.0
2021249,25.0,309.0,71.0,Female,2.0,138839.03,0.0,3.0
5726651,25.0,303.0,73.0,Unknown,2.0,60921.84,1.0,4.0
9297665,25.0,301.0,64.5,Male,2.0,138264.97,6.0,9.0
8537447,25.0,300.0,52.0,Male,3.0,2930952.95,6.0,9.0
4497546,23.0,281.0,80.5,Female,5.0,365831.44,6.0,9.0
9199824,21.0,262.0,24.0,Unknown,2.0,163039.61,4.0,7.0
9800528,21.0,261.0,51.0,Male,2.0,99193.52,4.0,7.0
7350380,19.0,231.0,61.0,Female,2.0,693296.3,0.0,3.0
7937128,17.0,215.0,76.0,Male,2.0,274851.82,6.0,9.0
9812859,8.0,100.0,51.5,Unknown,2.0,135517.65,4.0,7.0
7358589,6.0,72.0,21.5,Unknown,2.0,54906.08,6.0,9.0
9799728,2.0,35.0,43.5,Unknown,2.0,30098.53,1.0,4.0
3210451,14.0,172.0,59.0,Male,2.0,49813.42,2.0,5.0
8218056,12.0,148.0,70.0,Female,2.0,400851.61,0.0,3.0
4138900,7.0,92.0,69.0,Male,2.0,226226.67,4.0,7.0
3906973,26.0,317.0,64.0,Female,2.0,42912.81,0.0,3.0
4008427,6.0,73.0,23.5,Unknown,2.0,32960.69,2.0,5.0
2966822,10.0,130.0,21.5,Unknown,2.0,88056.25,5.0,8.0
31766,14.0,176.0,19.0,Female,2.0,26438.88,3.0,6.0
2075007,5.0,70.0,33.0,Unknown,2.0,110765.24,6.0,9.0
5139985,7.0,90.0,47.5,Unknown,2.0,93439.51,1.0,4.0
7606773,15.0,186.0,31.5,Female,2.0,71561.37,2.0,5.0
987596,6.0,76.0,54.0,Female,2.0,61271.8,0.0,3.0
6878332,14.0,176.0,43.0,Female,2.0,115237.08,3.0,6.0
2500828,6.0,74.0,32.0,Unknown,2.0,29264.63,0.0,3.0
4447493,6.0,82.0,37.0,Unknown,3.0,52484.05,6.0,9.0
4846965,9.0,110.0,82.5,Female,2.0,312742.14,6.0,9.0
8407501,13.0,160.0,51.5,Female,2.0,259272.91,2.0,5.0
8643727,25.0,310.0,49.5,Male,2.0,60525.34,1.0,4.0
4244891,8.0,106.0,51.0,Male,2.0,87989.76999999999,2.0,5.0
8775808,7.0,85.0,61.0,Unknown,2.0,26079.33,2.0,5.0
4474898,11.0,137.0,29.5,Female,2.0,75276.88,6.0,9.0
866794,34.0,418.0,63.0,Male,3.0,699400.52,4.0,7.0
8561891,15.0,182.0,72.5,Male,2.0,25885.17,2.0,5.0
7432524,20.0,243.0,62.5,Male,2.0,33180.72,2.0,5.0
9225498,14.0,173.0,51.0,Male,2.0,27748.0,2.0,5.0
3403877,13.0,162.0,26.5,Female,2.0,1383870.6,6.0,9.0
3044046,22.0,275.0,34.5,Unknown,4.0,41607.4,6.0,9.0
1106518,21.0,257.0,76.0,Male,3.0,194237.81,6.0,9.0
2014783,21.0,254.0,44.0,Male,3.0,327658.21,5.0,8.0
7019445,16.0,193.0,60.0,Unknown,2.0,134825.18,1.0,4.0
1206850,8.0,96.0,68.0,Female,2.0,107454.35,4.0,7.0
7841600,6.0,78.0,40.0,Unknown,3.0,178679.63,0.0,3.0
4658582,5.0,70.0,56.0,Female,2.0,33436.3,2.0,5.0
3497347,8.0,99.0,63.0,Unknown,2.0,76822.79999999999,5.0,8.0
3910683,5.0,70.0,24.0,Unknown,3.0,65233.3,6.0,9.0
9292913,6.0,75.0,42.0,Unknown,2.0,28143.59,0.0,3.0
5103477,9.0,112.0,68.0,Female,2.0,116125.45,6.0,9.0
9512888,13.0,166.0,39.0,Male,2.0,45730.25,2.0,5.0
4002905,5.0,66.0,35.0,Unknown,2.0,42039.59,0.0,3.0
4718148,15.0,181.0,65.5,Female,2.0,55605.09,2.0,5.0
275210,21.0,253.0,45.0,Female,2.0,27796.59,6.0,9.0
8833735,5.0,62.0,24.0,Unknown,2.0,26493.63,0.0,3.0
9251910,17.0,211.0,55.5,Male,2.0,86610.39,5.0,8.0
857522,16.0,195.0,53.5,Male,2.0,27822.54,0.0,3.0
7274662,5.0,66.0,32.5,Unknown,2.0,42903.31,5.0,8.0
840501,14.0,170.0,41.5,Male,2.0,102785.41,0.0,3.0
1211689,4.0,58.0,20.5,Unknown,2.0,28894.47,3.0,6.0
3999713,15.0,186.0,46.5,Male,3.0,160596.69,6.0,9.0
998429,14.0,170.0,33.0,Female,2.0,146713.22999999998,2.0,5.0
1859520,4.0,54.0,53.5,Unknown,2.0,64871.84,6.0,9.0
2431679,4.0,57.0,29.5,Unknown,2.0,32179.34,4.0,7.0
5109620,13.0,165.0,33.5,Male,2.0,32791.58,1.0,4.0
8544228,7.0,93.0,35.0,Unknown,2.0,35329.93,1.0,4.0
2673006,13.0,164.0,44.5,Male,2.0,29653.32,2.0,5.0
8884678,7.0,94.0,63.5,Unknown,2.0,34346.33,1.0,4.0
3734502,11.0,142.0,64.5,Male,2.0,66611.83,0.0,4.0
7028952,26.0,322.0,71.0,Female,2.0,96811.27,5.0,8.0
4465442,4.0,58.0,37.5,Unknown,2.0,71952.04000000001,6.0,9.0
9336025,8.0,106.0,67.0,Female,2.0,44731.61,3.0,6.0
9581688,10.0,121.0,28.5,Male,3.0,81980.95,4.0,7.0
1616120,15.0,191.0,35.0,Female,2.0,36890.91,1.0,4.0
343583,15.0,190.0,34.5,Male,2.0,58212.66,0.0,3.0
6785921,15.0,187.0,66.5,Male,2.0,95667.21,1.0,4.0
7997924,4.0,58.0,27.5,Unknown,2.0,35775.82,3.0,6.0
7365988,6.0,80.0,64.0,Unknown,2.0,133387.34999999998,4.0,7.0
7932298,14.0,173.0,38.0,Female,2.0,57455.01,2.0,5.0
3265970,10.0,120.0,38.5,Male,3.0,41227.4,6.0,9.0
1898005,25.0,304.0,20.5,Male,2.0,55676.94,4.0,7.0
5155357,23.0,285.0,70.5,Female,2.0,102069.54,2.0,5.0
7716851,22.0,272.0,32.0,Female,2.0,44762.23,1.0,4.0
9655295,21.0,262.0,53.5,Male,3.0,226502.05,6.0,9.0
3171521,21.0,257.0,37.5,Female,3.0,580857.12,3.0,6.0
4559890,21.0,253.0,79.0,Male,2.0,359590.19,1.0,4.0
5065123,20.0,248.0,54.5,Female,3.0,113006.66,1.0,4.0
9276611,21.0,258.0,33.5,Female,2.0,28162.7,1.0,4.0
3773162,19.0,237.0,68.0,Female,2.0,39261.31,0.0,4.0
673672,23.0,278.0,66.0,Male,2.0,631375.89,2.0,5.0
7748410,9.0,112.0,57.0,Female,2.0,85999.17,2.0,5.0
5963715,16.0,192.0,53.0,Male,2.0,37471.95,2.0,5.0
2252926,9.0,110.0,30.5,Female,2.0,86135.61,2.0,5.0
6842104,21.0,253.0,48.0,Male,2.0,57036.08,6.0,9.0
8765479,4.0,58.0,37.5,Unknown,2.0,40546.48,0.0,3.0
7211752,6.0,72.0,63.5,Unknown,2.0,443428.32,6.0,9.0
4717832,22.0,265.0,63.0,Unknown,2.0,135046.77000000002,5.0,8.0
1595299,5.0,60.0,34.0,Unknown,3.0,42452.65,5.0,8.0
670772,13.0,167.0,54.0,Male,2.0,231664.35,6.0,9.0
4490726,29.0,355.0,83.0,Male,2.0,787610.2200000001,5.0,8.0
1603300,7.0,86.0,50.0,Unknown,2.0,139577.57,2.0,5.0
2578044,4.0,58.0,22.0,Unknown,2.0,45001.03,0.0,3.0
9370023,9.0,109.0,35.5,Male,2.0,36685.88,6.0,9.0
6430614,6.0,73.0,28.5,Unknown,2.0,50922.28,3.0,6.0
7891560,13.0,162.0,88.5,Male,2.0,223594.15,2.0,5.0
6836346,15.0,181.0,63.0,Male,3.0,251822.64,6.0,9.0
4964075,8.0,104.0,30.5,Female,2.0,47190.49,5.0,8.0
7378334,8.0,96.0,30.5,Unknown,2.0,43426.16,0.0,3.0
9814849,12.0,149.0,32.5,Female,2.0,33807.149999999994,1.0,4.0
5287546,13.0,166.0,48.5,Female,2.0,46213.2,0.0,3.0
4124935,8.0,107.0,34.5,Male,2.0,51463.0,6.0,9.0
8627900,14.0,178.0,71.5,Male,2.0,205069.11,6.0,9.0
5595433,4.0,59.0,22.5,Unknown,2.0,30082.24,0.0,3.0
557659,8.0,107.0,53.5,Female,2.0,329834.52,0.0,4.0
6365611,6.0,77.0,31.5,Unknown,2.0,56483.13,6.0,9.0
6222460,8.0,96.0,28.5,Unknown,2.0,62149.87,2.0,5.0
6213441,7.0,88.0,23.5,Male,2.0,79133.65,4.0,7.0
9608642,6.0,83.0,53.5,Unknown,2.0,43367.33,4.0,7.0
9529062,26.0,320.0,34.5,Male,2.0,64350.28,1.0,4.0
1429007,9.0,118.0,51.0,Female,2.0,310011.78,4.0,7.0
4657902,13.0,158.0,59.0,Male,2.0,218046.78,6.0,9.0
5697633,8.0,97.0,41.0,Unknown,2.0,51736.86,1.0,4.0
3213131,5.0,67.0,65.5,Unknown,2.0,48802.28,5.0,8.0
5177025,9.0,113.0,28.5,Male,2.0,27206.54,5.0,8.0
5771710,12.0,145.0,31.5,Male,2.0,113451.93,2.0,5.0
4007337,4.0,59.0,60.5,Unknown,2.0,33193.21,3.0,6.0
8866465,15.0,186.0,67.0,Female,3.0,1216746.39,4.0,7.0
2660768,9.0,109.0,69.5,Female,2.0,169500.40999999997,4.0,7.0
9208412,11.0,137.0,54.0,Male,2.0,54596.22,0.0,3.0
9425392,15.0,184.0,48.0,Male,2.0,53653.19,0.0,3.0
3059961,5.0,67.0,72.0,Unknown,2.0,34287.88,2.0,5.0
9460114,9.0,116.0,68.0,Female,2.0,37436.64,0.0,3.0
14690,6.0,83.0,43.0,Male,3.0,205881.18,5.0,8.0
6238365,4.0,59.0,31.0,Unknown,3.0,41133.2,1.0,4.0
6506740,23.0,285.0,25.5,Male,2.0,152372.59999999998,0.0,3.0
7220936,23.0,278.0,57.5,Male,3.0,181027.17,6.0,9.0
5243725,22.0,268.0,66.5,Female,2.0,99649.62,3.0,6.0
3991845,20.0,243.0,46.5,Female,2.0,193225.68,4.0,7.0
1388127,20.0,241.0,27.0,Female,2.0,76469.4,0.0,5.0
8716491,19.0,233.0,54.5,Female,2.0,126546.78,6.0,9.0
3454815,5.0,66.0,26.5,Female,2.0,26369.61,2.0,5.0
6436120,5.0,60.0,31.5,Unknown,2.0,26718.94,6.0,9.0
2769749,6.0,81.0,28.0,Unknown,2.0,35265.649999999994,3.0,6.0
6673476,9.0,112.0,58.5,Female,2.0,23914.73,1.0,4.0
6036986,8.0,107.0,47.5,Male,3.0,394200.71,5.0,8.0
5017388,27.0,335.0,28.5,Male,2.0,40920.3,1.0,4.0
6113000,12.0,155.0,66.0,Male,2.0,304777.79,2.0,5.0
4003122,8.0,98.0,25.0,Unknown,2.0,52733.22,5.0,8.0
8491056,6.0,79.0,62.5,Unknown,2.0,38316.41,1.0,4.0
8271447,12.0,146.0,44.5,Female,2.0,64831.17,1.0,4.0
7872965,5.0,65.0,34.5,Unknown,2.0,31091.7,6.0,9.0
5345538,14.0,168.0,27.0,Male,3.0,27344.57,2.0,5.0
1601079,7.0,88.0,30.5,Unknown,3.0,65691.69,6.0,9.0
8839979,4.0,58.0,31.0,Unknown,2.0,30647.37,2.0,5.0
6983433,10.0,123.0,34.5,Male,4.0,214266.48,6.0,9.0
2332011,15.0,185.0,64.0,Female,2.0,35390.85,0.0,3.0
1936338,6.0,82.0,45.0,Unknown,2.0,63289.44,0.0,3.0
6058534,13.0,166.0,60.5,Female,2.0,46670.26,0.0,3.0
3197097,11.0,142.0,68.0,Male,2.0,69796.94,4.0,7.0
3128635,16.0,194.0,55.0,Female,2.0,216103.09000000003,5.0,8.0
5574187,14.0,175.0,45.0,Female,2.0,123986.37,5.0,8.0
3313640,11.0,133.0,32.0,Male,3.0,104848.41,6.0,9.0
1392842,13.0,162.0,58.5,Female,2.0,25751.02,6.0,9.0
6226635,13.0,165.0,42.5,Female,2.0,150854.39,3.0,6.0
1643,19.0,229.0,55.0,Male,2.0,81731.39,0.0,3.0
9577370,13.0,167.0,27.5,Male,2.0,48882.55,5.0,8.0
5087982,16.0,202.0,40.5,Male,2.0,29477.28,0.0,3.0
7912744,5.0,69.0,30.0,Unknown,2.0,47518.69,3.0,6.0
6972057,12.0,151.0,32.0,Female,2.0,31599.56,0.0,3.0
3517546,6.0,77.0,44.5,Unknown,2.0,65105.22,1.0,4.0
2021664,16.0,196.0,47.0,Male,2.0,62042.96,2.0,5.0
5294828,16.0,192.0,49.0,Male,2.0,126781.47,6.0,9.0
2656252,7.0,95.0,37.0,Unknown,2.0,179029.59000000003,3.0,6.0
8231470,7.0,94.0,37.0,Unknown,2.0,44857.01,6.0,9.0
4103512,7.0,88.0,29.0,Unknown,2.0,61444.53,3.0,6.0
7422572,7.0,84.0,62.0,Unknown,2.0,46642.59,6.0,9.0
2800558,11.0,137.0,55.5,Unknown,3.0,47397.78,2.0,5.0
9709954,13.0,160.0,59.0,Male,2.0,58550.71,6.0,9.0
4139496,12.0,154.0,44.0,Male,2.0,78679.22,6.0,9.0
5308124,5.0,65.0,51.0,Unknown,2.0,105235.03,0.0,3.0
6675629,4.0,59.0,21.5,Unknown,2.0,36172.46,1.0,4.0
7708064,5.0,60.0,25.5,Unknown,2.0,41635.9,6.0,9.0
5364422,25.0,300.0,46.5,Male,3.0,111387.42,6.0,9.0
8706649,23.0,283.0,72.0,Unknown,2.0,135901.28999999998,0.0,3.0
6597530,22.0,275.0,61.0,Male,2.0,226401.73,6.0,9.0
7192445,22.0,264.0,65.5,Male,3.0,388705.67,5.0,8.0
7993172,22.0,264.0,51.5,Male,2.0,27141.27,1.0,4.0
1526569,21.0,261.0,64.0,Female,3.0,444184.83,6.0,9.0
5443219,21.0,259.0,53.5,Male,4.0,189353.5,6.0,9.0
1275644,20.0,241.0,46.0,Female,3.0,119072.39,0.0,7.0
3919868,19.0,233.0,49.5,Female,2.0,128429.24,3.0,6.0
5705673,18.0,218.0,43.5,Male,2.0,67825.39,6.0,9.0
9039422,14.0,178.0,52.0,Male,2.0,36031.16,0.0,3.0
9918249,14.0,177.0,41.0,Female,2.0,40959.05,0.0,3.0
8468949,6.0,83.0,21.0,Unknown,2.0,57212.04,0.0,3.0
8337723,29.0,357.0,61.5,Male,4.0,3793339.35,5.0,8.0
6746439,12.0,151.0,34.0,Female,2.0,34154.58,2.0,5.0
8547781,9.0,110.0,33.0,Male,2.0,71936.14,6.0,9.0
9002539,14.0,168.0,64.5,Female,2.0,32661.31,2.0,5.0
1484537,4.0,58.0,51.0,Unknown,2.0,27466.31,0.0,3.0
2061519,10.0,126.0,56.5,Male,2.0,270310.78,6.0,9.0
8446061,9.0,117.0,68.0,Female,3.0,248984.66,3.0,6.0
6255565,4.0,59.0,56.0,Female,2.0,154494.69,6.0,9.0
1053696,11.0,141.0,55.5,Female,2.0,104907.6,6.0,9.0
5146488,16.0,195.0,52.0,Male,2.0,745757.12,1.0,4.0
9507433,12.0,154.0,22.5,Male,3.0,52574.14,6.0,9.0
5815975,12.0,144.0,63.5,Male,2.0,254071.22,6.0,9.0
8936935,18.0,225.0,67.0,Male,2.0,243591.85,2.0,5.0
3275704,28.0,342.0,74.0,Male,4.0,1640146.5799999998,3.0,8.0
1661054,12.0,151.0,61.0,Female,2.0,29406.31,0.0,3.0
8777706,4.0,59.0,30.0,Unknown,2.0,44986.3,1.0,4.0
2140309,13.0,166.0,26.0,Male,2.0,68861.4,2.0,5.0
8223055,14.0,179.0,58.5,Female,3.0,52908.48,6.0,9.0
4751631,14.0,169.0,57.5,Male,2.0,37790.53,0.0,3.0
8350152,35.0,420.0,54.5,Male,2.0,65911.5,5.0,8.0
6686178,6.0,80.0,32.5,Male,3.0,120029.08,6.0,9.0
5967613,4.0,58.0,35.0,Unknown,2.0,39344.87,4.0,7.0
6312740,14.0,178.0,51.0,Female,2.0,62655.42,1.0,4.0
6984006,13.0,157.0,46.5,Male,2.0,67046.23,0.0,3.0
8127199,15.0,188.0,42.0,Female,2.0,75259.33,0.0,3.0
5124813,9.0,115.0,22.5,Male,2.0,29921.01,2.0,5.0
5870520,15.0,185.0,67.0,Male,2.0,62474.26,2.0,5.0
9675490,13.0,156.0,74.0,Female,2.0,32737.78,0.0,4.0
5770244,4.0,58.0,24.0,Unknown,2.0,300846.3,4.0,7.0
9077478,11.0,137.0,45.5,Male,2.0,44277.57,6.0,9.0
4137856,4.0,58.0,27.5,Unknown,2.0,29786.66,0.0,3.0
807316,6.0,83.0,55.0,Unknown,2.0,657132.15,5.0,8.0
2172228,5.0,60.0,40.0,Unknown,2.0,43316.81,0.0,4.0
9721734,9.0,109.0,17.5,Male,2.0,31590.56,0.0,3.0
4306555,13.0,158.0,50.0,Female,2.0,29709.61,2.0,5.0
972193,6.0,83.0,68.5,Unknown,2.0,32233.63,0.0,3.0
1437677,6.0,73.0,35.0,Unknown,2.0,60220.79,6.0,9.0
2032704,11.0,137.0,31.5,Female,2.0,25483.53,2.0,5.0
1974569,5.0,64.0,63.0,Female,2.0,28939.9,2.0,5.0
9398666,31.0,376.0,64.5,Unknown,3.0,658242.7000000001,6.0,9.0
9105207,5.0,64.0,57.0,Female,2.0,445645.96,1.0,4.0
2069251,11.0,141.0,32.5,Male,2.0,40612.13,6.0,9.0
6210325,5.0,64.0,27.5,Male,3.0,330920.22,6.0,9.0
8676702,22.0,275.0,60.5,Male,2.0,80724.57,0.0,3.0
1515031,21.0,257.0,43.5,Male,3.0,101021.43,6.0,9.0
928670,20.0,251.0,52.0,Female,2.0,30782.96,6.0,9.0
9857251,20.0,246.0,46.5,Female,4.0,147012.19,5.0,8.0
790948,20.0,246.0,48.5,Female,2.0,26060.7,1.0,4.0
1304790,12.0,144.0,38.5,Male,2.0,63707.8,3.0,6.0
1382524,14.0,170.0,36.0,Female,2.0,53842.41,2.0,5.0
2093746,14.0,176.0,58.0,Male,2.0,340262.71,6.0,9.0
1608769,15.0,190.0,59.0,Male,2.0,33943.3,2.0,5.0
5690717,10.0,120.0,59.0,Female,3.0,132587.27000000002,2.0,5.0
1760254,38.0,460.0,60.5,Female,2.0,317978.84,1.0,4.0
6845489,8.0,97.0,30.0,Unknown,3.0,67750.69,6.0,9.0
3571028,8.0,101.0,56.5,Male,2.0,114637.42,2.0,5.0
8609111,6.0,81.0,43.5,Unknown,2.0,386436.92,6.0,9.0
9890510,5.0,71.0,51.0,Male,2.0,25112.19,0.0,3.0
1347409,14.0,173.0,37.5,Male,2.0,64983.59,5.0,8.0
1602111,8.0,107.0,41.0,Female,2.0,39795.25,2.0,5.0
8176637,14.0,168.0,47.5,Female,2.0,55334.82,2.0,5.0
7363662,4.0,57.0,26.0,Unknown,2.0,47077.78999999999,2.0,7.0
342283,8.0,106.0,60.5,Male,2.0,38483.42,1.0,4.0
6379532,9.0,115.0,30.0,Female,3.0,45385.1,6.0,9.0
1534996,6.0,72.0,43.0,Unknown,3.0,270844.68,6.0,9.0
8539397,11.0,138.0,30.5,Male,2.0,36140.32,6.0,9.0
1798507,5.0,64.0,19.0,Unknown,3.0,32662.51,2.0,5.0
179119,4.0,58.0,54.0,Unknown,2.0,125973.29,2.0,5.0
3584232,6.0,77.0,23.5,Unknown,2.0,30066.25,5.0,8.0
9342499,5.0,65.0,30.0,Unknown,2.0,52163.63,1.0,4.0
9191817,14.0,179.0,28.5,Male,2.0,113625.51,6.0,9.0
1963145,5.0,70.0,30.5,Unknown,2.0,30968.85,0.0,3.0
2045712,21.0,262.0,72.5,Female,2.0,30252.27,3.0,6.0
8648261,5.0,66.0,23.5,Unknown,2.0,42588.11,4.0,7.0
3829697,27.0,335.0,73.0,Female,2.0,138059.62,6.0,9.0
4244178,33.0,407.0,79.0,Male,3.0,1332822.9,6.0,9.0
7828726,10.0,125.0,33.0,Male,2.0,90976.67,5.0,8.0
9790438,13.0,157.0,65.5,Unknown,2.0,98758.17,4.0,7.0
9639027,5.0,65.0,57.5,Male,2.0,28136.17,1.0,4.0
9606146,6.0,77.0,26.5,Unknown,2.0,37388.09,6.0,9.0
8461324,15.0,189.0,48.5,Female,2.0,48972.23,0.0,3.0
77933,5.0,65.0,39.5,Unknown,2.0,97418.69,3.0,6.0
2708707,6.0,75.0,29.0,Unknown,3.0,49892.67999999999,6.0,9.0
3304360,15.0,182.0,52.0,Male,2.0,599600.28,1.0,4.0
9517918,5.0,71.0,62.0,Unknown,3.0,481931.83,6.0,9.0
329062,13.0,157.0,64.5,Female,3.0,107135.67,5.0,9.0
5923090,16.0,195.0,37.0,Female,3.0,148184.26,5.0,8.0
4977487,9.0,110.0,61.0,Male,2.0,54495.38,0.0,3.0
3633157,12.0,154.0,75.0,Female,2.0,33143.7,1.0,4.0
7615245,21.0,260.0,31.0,Male,3.0,342270.43,5.0,8.0
109413,21.0,255.0,51.0,Male,3.0,2149931.05,2.0,5.0
9051760,18.0,217.0,42.5,Male,3.0,290763.42,2.0,5.0
2605871,17.0,214.0,51.5,Female,2.0,47238.63,3.0,6.0
2035055,16.0,202.0,55.0,Male,2.0,105748.39,4.0,7.0
8191811,4.0,58.0,24.5,Unknown,2.0,25442.58,6.0,9.0
6564940,15.0,182.0,43.0,Male,2.0,220717.99,0.0,3.0
9527640,7.0,92.0,28.5,Unknown,2.0,56370.03999999999,6.0,9.0
7557663,5.0,70.0,33.0,Unknown,3.0,83053.73,4.0,7.0
3741073,6.0,76.0,33.5,Unknown,2.0,53779.56,3.0,6.0
3499085,7.0,90.0,24.0,Unknown,2.0,28233.38,2.0,5.0
7725674,16.0,192.0,70.0,Male,2.0,31124.59,6.0,9.0
9884508,9.0,109.0,31.5,Female,2.0,54983.02,1.0,4.0
3504237,6.0,82.0,62.5,Unknown,2.0,399458.82,5.0,8.0
3977941,6.0,72.0,65.5,Unknown,2.0,148010.87,1.0,4.0
2670166,9.0,116.0,54.0,Female,2.0,61179.86,4.0,7.0
5333486,5.0,69.0,29.0,Unknown,2.0,42905.82,1.0,5.0
8972228,7.0,94.0,41.0,Unknown,2.0,30257.59,0.0,3.0
2396836,10.0,128.0,37.0,Unknown,2.0,270009.49,6.0,9.0
8996595,12.0,149.0,53.0,Female,2.0,313780.85,5.0,8.0
4793218,14.0,178.0,48.0,Female,2.0,61773.16,0.0,3.0
4385285,12.0,153.0,51.5,Male,2.0,62995.14,5.0,8.0
7297247,7.0,94.0,56.5,Unknown,2.0,26845.23,0.0,3.0
2782008,6.0,76.0,26.0,Unknown,2.0,67533.32,6.0,9.0
20564,10.0,124.0,55.5,Male,6.0,1648443.6,3.0,6.0
3485485,9.0,119.0,27.5,Female,2.0,25279.46,0.0,3.0
7530155,6.0,72.0,26.0,Unknown,2.0,60193.21,5.0,8.0
5904599,14.0,174.0,54.5,Male,2.0,66564.85,4.0,7.0
3597322,9.0,108.0,36.5,Male,2.0,47862.61,1.0,5.0
7702732,6.0,73.0,40.0,Unknown,3.0,60932.42,3.0,6.0
68854,9.0,112.0,51.5,Male,2.0,28772.33,2.0,5.0
8841544,15.0,189.0,65.5,Male,2.0,35047.45,3.0,6.0
3683394,11.0,137.0,38.5,Male,3.0,42371.7,2.0,5.0
9183158,4.0,59.0,36.0,Unknown,2.0,36245.9,3.0,6.0
8459196,13.0,163.0,41.5,Female,2.0,117017.5,6.0,9.0
560675,5.0,60.0,28.5,Unknown,2.0,27493.28,1.0,4.0
5984123,7.0,87.0,45.0,Unknown,2.0,28362.84,1.0,4.0
4648428,4.0,58.0,34.0,Unknown,2.0,44545.35,0.0,3.0
7670421,4.0,58.0,54.5,Unknown,2.0,37850.91,2.0,5.0
3453411,8.0,106.0,63.5,Male,2.0,38085.97,2.0,5.0
3434100,14.0,172.0,47.5,Male,2.0,29808.91,3.0,6.0
2319418,12.0,155.0,31.0,Male,2.0,52925.95,1.0,4.0
1491311,15.0,189.0,52.5,Male,2.0,26843.45,4.0,7.0
50271,6.0,73.0,35.5,Unknown,2.0,35740.369999999995,5.0,8.0
6757511,20.0,244.0,47.0,Male,2.0,75737.85,6.0,9.0
8971463,4.0,59.0,44.0,Unknown,2.0,139078.19,6.0,9.0
41237,5.0,66.0,49.0,Unknown,2.0,27571.33,2.0,5.0
614469,13.0,159.0,57.0,Male,2.0,1873321.54,6.0,9.0
4580336,8.0,106.0,45.0,Female,2.0,61579.4,6.0,9.0
5542145,33.0,404.0,63.0,Male,3.0,83234.67,6.0,9.0
9406425,6.0,83.0,56.0,Unknown,2.0,70972.51999999999,2.0,5.0
6821616,8.0,104.0,61.5,Female,2.0,120677.8,6.0,9.0
8203134,13.0,157.0,34.0,Female,2.0,25553.8,1.0,4.0
9635650,21.0,257.0,40.0,Male,3.0,278512.63,6.0,9.0
76429,18.0,220.0,29.0,Male,2.0,41369.28999999999,6.0,9.0
2411177,4.0,54.0,60.0,Female,2.0,35475.34,0.0,3.0
8273714,26.0,318.0,56.5,Male,4.0,1442337.41,6.0,9.0
8083541,15.0,189.0,61.0,Male,2.0,53875.26,3.0,6.0
8296273,26.0,314.0,70.5,Female,2.0,86740.9,6.0,9.0
8467005,12.0,155.0,74.5,Male,4.0,415342.68,6.0,9.0
8265200,16.0,193.0,43.0,Female,2.0,35951.75,1.0,4.0
3954516,5.0,70.0,24.5,Unknown,2.0,46272.03,3.0,6.0
5468075,26.0,314.0,22.5,Female,2.0,78776.84,6.0,9.0
6995132,7.0,89.0,27.5,Unknown,2.0,27084.21,3.0,6.0
8607082,7.0,90.0,39.5,Unknown,2.0,70308.33,0.0,3.0
1541401,6.0,79.0,31.5,Unknown,2.0,64960.91,2.0,5.0
6412719,13.0,157.0,39.0,Female,2.0,31884.47,0.0,3.0
214594,5.0,68.0,26.5,Unknown,2.0,37282.85,6.0,9.0
8686873,12.0,144.0,45.0,Male,2.0,42059.67,3.0,6.0
1002905,8.0,99.0,56.0,Unknown,2.0,67657.48,5.0,8.0
4203251,25.0,308.0,55.5,Male,3.0,515778.25,3.0,6.0
8412296,15.0,185.0,38.0,Male,2.0,40822.13,1.0,4.0
8210226,12.0,146.0,48.5,Male,2.0,77144.1,0.0,3.0
2404667,12.0,155.0,37.0,Female,2.0,43068.64,0.0,3.0
4667991,11.0,133.0,31.5,Male,2.0,50912.28,4.0,7.0
7392664,21.0,258.0,69.5,Female,2.0,148885.96,0.0,4.0
7730741,7.0,86.0,70.5,Unknown,3.0,178105.75,4.0,7.0
7634300,14.0,178.0,30.0,Male,2.0,112972.29,1.0,4.0
5588474,13.0,166.0,56.5,Female,2.0,169111.63,4.0,7.0
1902610,10.0,121.0,39.0,Female,3.0,177085.52000000002,3.0,6.0
8747700,6.0,76.0,25.0,Unknown,2.0,28091.8,2.0,5.0
7217082,5.0,66.0,24.0,Unknown,3.0,32019.42,4.0,7.0
9239782,13.0,158.0,56.5,Male,2.0,69681.78,6.0,9.0
2064344,8.0,96.0,68.5,Unknown,2.0,157376.52000000002,6.0,9.0
5136874,16.0,192.0,60.5,Female,2.0,99859.77,4.0,7.0
3162839,11.0,142.0,40.0,Male,2.0,53537.23,0.0,3.0
9918641,14.0,177.0,60.0,Male,3.0,673149.0,6.0,9.0
6006318,6.0,80.0,80.0,Unknown,2.0,54251.8,4.0,7.0
2174254,12.0,148.0,60.0,Female,4.0,70982.41,3.0,7.0
1165580,5.0,65.0,65.5,Unknown,2.0,167667.46000000002,6.0,9.0
8622625,11.0,140.0,39.0,Male,2.0,51353.2,6.0,9.0
9530705,4.0,59.0,27.0,Unknown,2.0,28828.57,5.0,8.0
8466440,4.0,53.0,68.0,Unknown,2.0,45197.01,0.0,4.0
5979445,7.0,92.0,65.0,Unknown,2.0,174944.76,0.0,3.0
8616749,5.0,69.0,30.0,Male,2.0,45046.2,1.0,4.0
251414,5.0,70.0,24.5,Unknown,2.0,64278.5,6.0,9.0
8384909,7.0,90.0,32.0,Unknown,2.0,31876.56,1.0,4.0
6555289,4.0,56.0,56.0,Female,2.0,162321.57,3.0,6.0
4159288,13.0,166.0,50.0,Male,3.0,100494.51,6.0,9.0
8415544,25.0,300.0,69.5,Unknown,3.0,104215.35,1.0,4.0
9709654,24.0,290.0,19.0,Female,2.0,34113.899999999994,3.0,6.0
2859751,23.0,276.0,48.0,Male,2.0,24682.51,1.0,4.0
4404696,21.0,254.0,64.0,Female,2.0,204145.41,3.0,6.0
2224552,7.0,94.0,55.5,Unknown,2.0,30877.96,1.0,4.0
8405230,30.0,370.0,81.0,Male,4.0,638794.13,1.0,6.0
1221189,4.0,58.0,36.5,Unknown,2.0,49157.03999999999,6.0,9.0
692949,16.0,194.0,57.0,Female,2.0,584224.0,3.0,6.0
5791777,15.0,185.0,53.5,Female,2.0,28112.06,6.0,9.0
3971187,29.0,358.0,64.0,Male,2.0,62501.17,4.0,7.0
1763151,7.0,87.0,27.5,Unknown,3.0,46286.05,6.0,9.0
320798,12.0,154.0,35.0,Female,2.0,76273.09,0.0,3.0
2518709,29.0,349.0,68.5,Female,3.0,85824.98,6.0,9.0
5510647,9.0,117.0,31.0,Female,2.0,26120.09,2.0,5.0
4006328,10.0,129.0,65.0,Female,3.0,1261262.3199999998,5.0,8.0
5556052,4.0,59.0,27.0,Unknown,2.0,29806.9,1.0,5.0
9295034,5.0,71.0,63.5,Unknown,2.0,144157.9,6.0,9.0
1951883,27.0,334.0,73.0,Female,3.0,256425.41,5.0,8.0
2102243,7.0,86.0,48.5,Unknown,2.0,1479559.73,4.0,7.0
4216331,16.0,192.0,38.5,Male,2.0,84557.59,3.0,6.0
7119919,14.0,179.0,30.5,Female,3.0,97101.94,1.0,4.0
3106417,15.0,181.0,37.5,Female,2.0,125862.18,1.0,4.0
8023036,8.0,106.0,66.0,Female,2.0,45671.81,0.0,3.0
4527564,4.0,58.0,38.5,Male,2.0,35430.259999999995,3.0,6.0
320617,9.0,114.0,33.5,Unknown,3.0,158209.3,6.0,9.0
1302526,6.0,82.0,52.5,Unknown,2.0,207667.35,2.0,5.0
3814109,5.0,64.0,56.5,Unknown,2.0,254073.7,2.0,5.0
3790117,13.0,156.0,28.0,Female,2.0,384028.38,0.0,3.0
2692189,9.0,111.0,49.5,Female,3.0,35764.03,2.0,5.0
8822727,7.0,86.0,31.5,Unknown,2.0,106031.68,1.0,4.0
6580550,4.0,59.0,28.5,Unknown,2.0,30951.84,2.0,5.0
6285197,21.0,260.0,45.5,Female,3.0,306243.11,2.0,5.0
8921152,6.0,77.0,58.0,Male,2.0,46056.94,6.0,9.0
4767439,9.0,118.0,34.0,Male,2.0,134584.28,3.0,6.0
3912274,7.0,92.0,45.0,Unknown,2.0,54384.61,2.0,5.0
724679,5.0,71.0,27.5,Unknown,2.0,41725.86,5.0,8.0
8451131,11.0,142.0,49.5,Female,2.0,56999.72,1.0,4.0
7328869,15.0,184.0,44.5,Female,2.0,38786.36,0.0,3.0
8060451,14.0,168.0,57.0,Female,2.0,50543.11,1.0,4.0
3971370,15.0,188.0,43.0,Unknown,2.0,111577.53,3.0,6.0
5526184,5.0,68.0,31.5,Unknown,2.0,67795.08,5.0,8.0
4886946,10.0,127.0,86.0,Female,2.0,179067.53999999998,4.0,7.0
5129224,20.0,241.0,68.0,Female,2.0,224208.6,4.0,7.0
7796725,10.0,127.0,31.5,Female,2.0,34724.18,2.0,5.0
9071992,14.0,170.0,37.5,Female,2.0,143700.34999999998,0.0,3.0
1190746,25.0,309.0,71.0,Female,2.0,94699.11,6.0,9.0
6702537,22.0,266.0,59.0,Female,2.0,26199.62,5.0,8.0
5115190,21.0,263.0,22.0,Female,2.0,36256.01,3.0,6.0
5388389,21.0,253.0,28.5,Male,3.0,43403.72,2.0,5.0
6995732,21.0,253.0,69.0,Female,4.0,458916.44,0.0,3.0
8096789,24.0,294.0,57.5,Male,2.0,310348.82,0.0,3.0
7395125,28.0,336.0,80.0,Male,2.0,277467.01,6.0,9.0
2597191,17.0,204.0,51.5,Female,2.0,92687.96,3.0,6.0
5978090,7.0,94.0,29.5,Unknown,2.0,62760.1,6.0,9.0
86616,5.0,60.0,30.5,Unknown,2.0,38001.13,6.0,9.0
4438069,9.0,119.0,59.0,Male,2.0,663535.79,6.0,9.0
5881622,7.0,94.0,26.5,Unknown,3.0,196900.83,6.0,9.0
5419482,6.0,74.0,38.0,Unknown,2.0,49243.06,3.0,6.0
5200144,10.0,129.0,36.5,Female,2.0,67600.29000000001,6.0,9.0
8745305,16.0,201.0,66.0,Male,2.0,24105.99,2.0,5.0
5888658,16.0,200.0,55.0,Female,2.0,138088.03,3.0,6.0
2336651,7.0,93.0,26.0,Unknown,2.0,71009.93,0.0,3.0
4158999,5.0,70.0,73.0,Unknown,2.0,43729.46,6.0,9.0
7627455,12.0,152.0,58.0,Male,2.0,49921.52,6.0,9.0
336421,11.0,133.0,57.0,Female,2.0,35359.19,0.0,3.0
2581142,9.0,119.0,34.0,Female,3.0,32774.119999999995,0.0,3.0
5134296,11.0,132.0,75.5,Male,2.0,602604.8200000001,5.0,8.0
3444644,8.0,107.0,29.0,Male,2.0,60312.12,3.0,6.0
2681968,4.0,58.0,55.0,Unknown,2.0,34215.69,3.0,7.0
183287,4.0,59.0,25.5,Unknown,4.0,68351.92,6.0,9.0
5430137,7.0,91.0,24.0,Male,2.0,43371.28,2.0,5.0
9825024,13.0,166.0,37.5,Female,2.0,59812.59,2.0,5.0
5769140,8.0,106.0,60.0,Male,2.0,134408.02000000002,2.0,5.0
85097,11.0,137.0,65.0,Male,3.0,657489.4,4.0,7.0
2525626,11.0,140.0,35.5,Female,2.0,101385.36,1.0,4.0
7362853,13.0,164.0,30.5,Male,2.0,54149.05,3.0,6.0
7553676,13.0,157.0,32.5,Male,4.0,116170.65,6.0,9.0
3930890,8.0,96.0,24.0,Unknown,2.0,30304.1,4.0,7.0
3291778,4.0,56.0,60.0,Female,2.0,73589.47,6.0,9.0
2341436,8.0,99.0,34.0,Unknown,2.0,26027.96,0.0,3.0
2965703,11.0,143.0,70.5,Male,2.0,32550.4,4.0,7.0
221092,4.0,56.0,36.5,Unknown,2.0,79007.32,6.0,9.0
4352933,5.0,67.0,25.5,Unknown,2.0,35206.46,6.0,9.0
3367662,7.0,88.0,71.0,Unknown,2.0,301450.57,6.0,9.0
4870929,29.0,355.0,55.0,Male,3.0,316976.66,5.0,8.0
2684049,9.0,110.0,64.0,Male,2.0,249486.79,0.0,3.0
8541103,6.0,73.0,34.5,Unknown,2.0,29996.79,1.0,4.0
3220360,5.0,70.0,58.0,Unknown,3.0,217631.7,6.0,9.0
9720941,16.0,202.0,39.0,Male,4.0,70274.5,3.0,6.0
5430280,8.0,96.0,51.0,Unknown,2.0,76806.79000000001,3.0,6.0
7639529,25.0,301.0,48.5,Female,3.0,31345.14,3.0,6.0
918615,23.0,281.0,61.5,Male,2.0,70743.95,1.0,4.0
4856410,19.0,239.0,45.5,Female,2.0,167274.02999999997,6.0,9.0
2245262,18.0,225.0,72.5,Male,4.0,4180554.55,6.0,9.0
1944168,17.0,215.0,45.5,Female,2.0,92847.9,0.0,3.0
7751538,33.0,399.0,45.0,Male,2.0,45387.8,5.0,8.0
694281,14.0,174.0,31.5,Male,4.0,82371.19,6.0,9.0
9436513,7.0,93.0,23.0,Unknown,3.0,64968.5,4.0,7.0
5749778,6.0,82.0,33.0,Unknown,2.0,58124.26,5.0,8.0
7786703,6.0,77.0,58.0,Unknown,2.0,61858.3,2.0,5.0
691700,4.0,52.0,64.0,Female,2.0,132199.46,2.0,8.0
5617630,9.0,110.0,29.0,Unknown,2.0,35174.03,6.0,9.0
7759596,10.0,121.0,55.5,Female,2.0,49371.39,1.0,4.0
1010276,5.0,60.0,24.5,Unknown,2.0,38044.26,1.0,5.0
6745024,8.0,96.0,45.0,Male,4.0,195927.95,4.0,7.0
6702540,15.0,189.0,67.0,Male,2.0,378155.22,1.0,4.0
8731364,9.0,109.0,61.5,Male,2.0,87078.61,3.0,6.0
7653449,11.0,142.0,37.0,Female,2.0,75028.51999999999,0.0,3.0
3805229,15.0,190.0,67.0,Male,2.0,35264.03,2.0,5.0
3977915,6.0,78.0,27.0,Unknown,2.0,32560.25,1.0,4.0
9641922,5.0,66.0,29.0,Unknown,2.0,55358.25,2.0,5.0
6968914,5.0,71.0,22.5,Female,2.0,56022.49,6.0,9.0
6954785,4.0,57.0,64.5,Unknown,2.0,34084.63,6.0,9.0
8013243,6.0,82.0,62.0,Unknown,2.0,41650.82,0.0,3.0
5059032,9.0,111.0,23.5,Male,3.0,241569.75,6.0,9.0
2549932,5.0,60.0,54.5,Unknown,2.0,45147.42,3.0,6.0
3385368,8.0,106.0,34.5,Male,2.0,27318.66,5.0,8.0
5195261,6.0,83.0,35.0,Unknown,3.0,249645.6,6.0,9.0
4981557,30.0,360.0,61.0,Female,2.0,183009.18,5.0,8.0
6978503,7.0,85.0,19.5,Unknown,2.0,24544.59,4.0,7.0
3703524,13.0,164.0,26.5,Male,2.0,30796.35,0.0,3.0
2238252,15.0,187.0,48.5,Female,2.0,85582.5,0.0,3.0
9299842,13.0,160.0,31.5,Male,2.0,32433.46,0.0,3.0
5117523,4.0,56.0,26.5,Unknown,2.0,38666.56,2.0,5.0
4627033,5.0,60.0,51.5,Unknown,2.0,56903.22,1.0,4.0
850828,7.0,95.0,30.5,Male,2.0,63254.15,6.0,9.0
5187189,21.0,253.0,57.5,Female,2.0,101547.76,2.0,5.0
6453414,14.0,179.0,50.0,Female,2.0,111844.74,1.0,4.0
4002725,13.0,156.0,35.0,Female,2.0,62986.8,4.0,7.0
9451391,10.0,130.0,60.5,Male,3.0,263626.02,5.0,9.0
309189,9.0,109.0,28.5,Male,2.0,42768.06,6.0,9.0
4487774,10.0,121.0,59.5,Male,2.0,30122.04,4.0,7.0
3262664,10.0,126.0,37.0,Female,2.0,50772.73,6.0,9.0
1398782,15.0,180.0,44.5,Male,2.0,130950.49,5.0,8.0
1868406,23.0,284.0,68.0,Female,2.0,34842.7,2.0,5.0
6288323,22.0,269.0,44.5,Female,2.0,70800.33,0.0,3.0
8133973,21.0,259.0,61.5,Male,2.0,222081.5,6.0,9.0
5949669,20.0,251.0,49.5,Unknown,2.0,45270.06,0.0,3.0
5670962,20.0,246.0,62.0,Female,2.0,938662.62,3.0,6.0
6391818,27.0,328.0,62.5,Male,2.0,252751.95,6.0,9.0
9434740,17.0,204.0,57.0,Female,2.0,138353.33000000002,2.0,5.0
8545535,12.0,151.0,41.0,Female,3.0,123238.31,6.0,9.0
9600492,28.0,339.0,80.0,Female,2.0,95514.01,1.0,4.0
3015113,10.0,123.0,57.5,Male,2.0,51421.26,0.0,3.0
6932372,7.0,92.0,41.5,Unknown,2.0,68602.26,1.0,4.0
2628857,14.0,170.0,26.0,Female,2.0,56754.19,4.0,7.0
5793413,5.0,65.0,32.5,Unknown,2.0,32588.29,1.0,4.0
6830216,7.0,94.0,23.0,Unknown,2.0,33425.88,0.0,3.0
5428426,10.0,124.0,71.0,Female,2.0,76291.97,0.0,3.0
3655964,9.0,118.0,25.0,Female,2.0,40159.01,0.0,3.0
9192446,13.0,166.0,65.5,Male,2.0,70637.76999999999,6.0,9.0
4842686,6.0,79.0,71.5,Unknown,2.0,35498.46,3.0,6.0
2367706,7.0,90.0,25.5,Unknown,3.0,97725.5,6.0,9.0
1636073,7.0,91.0,37.5,Unknown,2.0,65953.03,3.0,6.0
5151733,5.0,60.0,19.0,Unknown,2.0,31950.34,1.0,4.0
9642091,7.0,85.0,28.5,Unknown,3.0,85992.56,2.0,5.0
9508604,4.0,56.0,66.0,Unknown,2.0,355341.89,4.0,7.0
7816954,35.0,420.0,75.0,Male,3.0,47415.36,6.0,9.0
3390803,14.0,170.0,60.5,Female,3.0,532071.76,6.0,9.0
4446745,40.0,483.0,67.5,Male,2.0,49383.67999999999,6.0,9.0
6796886,12.0,144.0,43.0,Unknown,2.0,71572.67,1.0,4.0
2874925,4.0,58.0,23.5,Unknown,2.0,35100.96,4.0,7.0
8145789,10.0,122.0,42.5,Female,2.0,59788.61,6.0,9.0
4929937,4.0,57.0,20.0,Unknown,2.0,26152.26,2.0,5.0
5001834,15.0,189.0,64.0,Male,2.0,1051617.62,6.0,9.0
7451070,6.0,73.0,27.5,Unknown,2.0,25208.56,1.0,4.0
2671124,7.0,95.0,53.0,Unknown,2.0,52692.56,2.0,5.0
5327642,5.0,70.0,42.0,Unknown,2.0,29185.48,0.0,3.0
475352,8.0,103.0,29.0,Unknown,2.0,40128.45,3.0,6.0
7801435,7.0,91.0,27.5,Unknown,3.0,68628.1,6.0,9.0
6804321,4.0,58.0,27.5,Unknown,2.0,33250.02,6.0,9.0
1615704,15.0,190.0,31.0,Female,2.0,26495.73,1.0,4.0
2936563,6.0,78.0,46.0,Unknown,2.0,86292.61,2.0,5.0
3170094,4.0,59.0,53.5,Unknown,2.0,53381.44,3.0,6.0
7583850,21.0,253.0,73.5,Male,2.0,57332.75,6.0,9.0
2454606,4.0,59.0,23.5,Unknown,2.0,41225.15,6.0,9.0
3951235,12.0,149.0,41.5,Male,4.0,273203.63,5.0,8.0
4287260,4.0,58.0,24.0,Unknown,3.0,32765.01,1.0,4.0
5645472,8.0,96.0,30.5,Unknown,2.0,54374.91,1.0,4.0
1708880,14.0,179.0,45.0,Unknown,2.0,133559.03999999998,2.0,5.0
3063706,5.0,62.0,60.0,Unknown,6.0,682645.67,3.0,6.0
2917069,11.0,132.0,29.0,Female,2.0,57260.15,1.0,4.0
3777764,2.0,35.0,51.5,Unknown,3.0,54325.41,2.0,6.0
7764561,26.0,323.0,68.5,Male,4.0,1550511.98,5.0,8.0
6189050,13.0,158.0,50.5,Male,3.0,297062.83,6.0,9.0
7020,16.0,195.0,41.5,Female,2.0,63648.09,2.0,5.0
1593316,23.0,277.0,58.0,Female,2.0,287210.73,2.0,5.0
2203560,23.0,283.0,60.5,Unknown,2.0,169901.27000000002,0.0,3.0
455078,23.0,280.0,47.0,Male,2.0,109490.2,3.0,6.0
5061610,22.0,269.0,57.5,Unknown,2.0,82615.25,6.0,9.0
7707422,22.0,264.0,44.5,Female,2.0,74360.0,4.0,7.0
1852350,21.0,263.0,40.0,Male,3.0,83672.57,3.0,6.0
1961042,21.0,255.0,33.0,Female,2.0,50847.78999999999,4.0,7.0
2144761,18.0,224.0,65.0,Female,3.0,382770.06,3.0,6.0
298786,12.0,144.0,18.5,Female,2.0,29578.79,3.0,6.0
8556380,12.0,154.0,33.5,Female,2.0,31806.14,3.0,6.0
9302175,5.0,61.0,62.5,Unknown,2.0,28958.04,2.0,5.0
7340309,12.0,145.0,53.5,Female,2.0,43101.14,2.0,5.0
9928840,10.0,121.0,29.5,Male,3.0,138450.94,3.0,6.0
7609003,16.0,194.0,38.0,Female,2.0,36509.03,6.0,9.0
5371436,15.0,191.0,42.5,Female,2.0,38732.03,0.0,3.0
4883493,12.0,151.0,31.5,Male,2.0,43286.02,1.0,4.0
2377028,17.0,205.0,55.0,Female,2.0,135324.96,2.0,5.0
4049653,5.0,70.0,22.5,Unknown,2.0,24076.0,0.0,3.0
3582621,6.0,73.0,24.0,Unknown,2.0,38546.62,3.0,6.0
5800167,10.0,124.0,27.5,Male,2.0,66107.0,6.0,9.0
1077700,7.0,84.0,62.0,Unknown,2.0,167939.76,6.0,9.0
3360049,16.0,203.0,35.5,Female,2.0,53572.85,0.0,3.0
7880921,14.0,169.0,63.5,Male,2.0,33514.67,0.0,3.0
4560708,5.0,71.0,37.5,Unknown,4.0,75827.70999999999,4.0,7.0
1730118,18.0,220.0,44.0,Unknown,2.0,38109.15,4.0,7.0
1853481,14.0,179.0,37.5,Female,3.0,93239.44,1.0,4.0
6929927,6.0,76.0,55.5,Unknown,3.0,194862.17,6.0,9.0
2808502,4.0,58.0,30.5,Unknown,2.0,36877.3,1.0,4.0
1432979,14.0,169.0,35.5,Female,3.0,37221.66,6.0,9.0
7465976,11.0,137.0,39.5,Female,2.0,339413.16,0.0,3.0
5353456,5.0,68.0,28.5,Unknown,3.0,87434.35,6.0,9.0
2310542,12.0,148.0,27.0,Female,2.0,32260.94,3.0,6.0
1139245,29.0,358.0,53.5,Male,3.0,447802.46,4.0,7.0
4248171,4.0,58.0,30.5,Unknown,2.0,38860.65,3.0,6.0
5126691,13.0,167.0,31.0,Male,2.0,54930.36,2.0,5.0
4615484,5.0,66.0,25.5,Unknown,2.0,43912.7,1.0,4.0
1421939,12.0,144.0,66.5,Female,3.0,180397.51,6.0,9.0
2809453,33.0,407.0,52.5,Male,2.0,43928.7,4.0,7.0
6142438,4.0,59.0,43.5,Unknown,2.0,80416.01,5.0,8.0
3704379,15.0,187.0,54.5,Female,2.0,37481.02,4.0,7.0
8148212,6.0,83.0,60.0,Unknown,2.0,173411.8,3.0,6.0
9406297,11.0,137.0,40.0,Male,4.0,146165.55,6.0,9.0
4794611,16.0,193.0,57.5,Female,2.0,252052.0,6.0,9.0
1711042,6.0,72.0,37.0,Unknown,3.0,64320.22,6.0,9.0
9640024,4.0,59.0,60.5,Unknown,2.0,29796.41,2.0,5.0
7912423,22.0,264.0,56.0,Male,2.0,91127.43,2.0,5.0
900681,20.0,250.0,45.5,Male,2.0,149392.33000000002,3.0,6.0
6234162,20.0,247.0,46.0,Female,2.0,111311.78,1.0,4.0
8821076,21.0,261.0,72.5,Female,2.0,30057.99,4.0,7.0
3665407,24.0,290.0,79.5,Female,2.0,147394.25,4.0,7.0
4366078,18.0,227.0,63.0,Male,2.0,27347.36,5.0,8.0
7405884,17.0,210.0,45.0,Female,2.0,83268.2,3.0,6.0
2052058,16.0,201.0,60.0,Female,2.0,116297.6,4.0,7.0
6094600,8.0,98.0,41.5,Unknown,3.0,492187.8,3.0,6.0
6342468,6.0,74.0,39.0,Unknown,2.0,38193.09,0.0,3.0
7126315,5.0,70.0,43.5,Unknown,2.0,31854.66,2.0,5.0
5444874,8.0,100.0,60.5,Unknown,2.0,73435.91,4.0,7.0
6571032,15.0,181.0,55.0,Male,2.0,34438.38,6.0,9.0
9762179,7.0,86.0,71.0,Unknown,2.0,237725.85,3.0,6.0
5922203,6.0,78.0,53.5,Unknown,2.0,64290.51,0.0,3.0
6751263,13.0,164.0,39.0,Female,2.0,44421.2,0.0,3.0
6030712,9.0,110.0,26.5,Female,2.0,32072.09,0.0,3.0
9541236,14.0,179.0,24.5,Male,4.0,834159.26,6.0,9.0
2952653,14.0,178.0,67.0,Female,2.0,27685.11,1.0,4.0
8573578,12.0,149.0,26.5,Male,2.0,69854.09,4.0,7.0
2495875,7.0,90.0,59.0,Unknown,2.0,158319.63,2.0,5.0
8805078,11.0,133.0,54.0,Male,2.0,299753.25,4.0,7.0
5881097,22.0,270.0,23.5,Female,3.0,211146.71,6.0,9.0
1331131,15.0,189.0,42.5,Male,2.0,33342.57,6.0,9.0
4334171,6.0,81.0,43.5,Unknown,2.0,60161.89,4.0,7.0
230492,13.0,162.0,40.5,Female,2.0,74448.53,6.0,9.0
3676651,15.0,184.0,46.0,Female,2.0,284557.63,6.0,9.0
2080124,14.0,168.0,26.5,Male,2.0,30680.32,0.0,3.0
8881979,12.0,154.0,29.0,Male,2.0,75569.81,3.0,6.0
3264860,14.0,169.0,65.0,Female,2.0,39945.3,6.0,9.0
5049170,6.0,73.0,39.0,Unknown,2.0,104061.05,1.0,4.0
6888019,13.0,160.0,57.0,Male,2.0,495675.23,1.0,4.0
757353,15.0,184.0,53.5,Female,2.0,27456.99,0.0,3.0
3968117,6.0,75.0,30.0,Unknown,4.0,104885.58,6.0,9.0
4473146,16.0,192.0,39.0,Male,3.0,85627.9,1.0,4.0
6001141,9.0,108.0,54.0,Female,2.0,44291.73,6.0,9.0
4874198,12.0,147.0,28.5,Female,2.0,68619.88,6.0,9.0
8837295,5.0,68.0,66.5,Male,2.0,70254.31,6.0,9.0
5629710,15.0,191.0,59.0,Female,2.0,41448.92999999999,2.0,5.0
5952798,10.0,127.0,29.5,Male,2.0,36270.66,6.0,9.0
8027167,4.0,58.0,28.5,Unknown,3.0,43231.73,1.0,4.0
9080764,11.0,133.0,35.0,Female,2.0,27209.65,0.0,3.0
6544190,28.0,337.0,69.5,Female,2.0,53199.95,2.0,5.0
8555009,23.0,288.0,55.5,Male,5.0,922994.88,3.0,6.0
9501776,23.0,287.0,39.5,Female,3.0,97730.72,1.0,4.0
8640609,23.0,277.0,50.0,Male,2.0,31518.79,6.0,9.0
5991012,22.0,268.0,55.5,Female,2.0,156151.95,4.0,7.0
2595115,22.0,265.0,41.5,Female,2.0,93233.85,0.0,3.0
8090131,21.0,263.0,82.0,Male,3.0,2752241.8,4.0,7.0
9173661,21.0,262.0,71.5,Female,3.0,68424.29999999999,6.0,9.0
90383,21.0,258.0,22.0,Female,2.0,29584.71,0.0,3.0
5099251,17.0,211.0,39.5,Male,3.0,327645.26,5.0,8.0
4493581,5.0,70.0,49.0,Unknown,2.0,689009.16,6.0,9.0
5748638,15.0,189.0,68.5,Male,2.0,146103.33000000002,1.0,4.0
2217574,10.0,130.0,54.5,Female,2.0,191219.21,5.0,8.0
8644516,9.0,113.0,65.0,Male,2.0,274413.02,1.0,4.0
9886993,5.0,70.0,22.5,Unknown,2.0,34988.71,1.0,4.0
3027717,6.0,83.0,74.0,Unknown,2.0,196738.63,6.0,9.0
9137500,4.0,58.0,29.5,Unknown,2.0,51365.85,1.0,4.0
5457890,11.0,142.0,59.5,Male,2.0,276759.54,6.0,9.0
7883976,15.0,189.0,34.5,Male,2.0,34963.42,5.0,8.0
4478568,22.0,267.0,56.0,Female,2.0,61297.8,6.0,9.0
1563878,16.0,195.0,56.5,Female,2.0,52191.51,4.0,7.0
1481432,14.0,172.0,45.5,Female,2.0,112831.21,2.0,5.0
6984141,33.0,407.0,58.0,Male,3.0,955345.09,6.0,9.0
4554272,13.0,164.0,31.5,Female,2.0,121045.9,3.0,6.0
2986072,11.0,134.0,39.0,Female,2.0,38247.61,5.0,8.0
6347071,4.0,58.0,19.0,Unknown,2.0,52120.92,1.0,4.0
6108767,12.0,147.0,33.5,Female,2.0,58800.14,3.0,6.0
3397094,13.0,167.0,38.5,Unknown,3.0,266885.27,4.0,7.0
8493081,17.0,210.0,48.5,Male,2.0,160866.75,6.0,9.0
5673767,5.0,70.0,25.5,Unknown,2.0,48224.76,0.0,3.0
957273,5.0,70.0,72.5,Unknown,2.0,141126.24,1.0,4.0
526939,26.0,318.0,84.5,Male,3.0,409929.28,6.0,9.0
4524801,5.0,60.0,61.0,Unknown,2.0,48758.6,0.0,5.0
9423044,13.0,161.0,70.0,Male,2.0,1064547.42,5.0,8.0
6336914,15.0,183.0,42.5,Male,2.0,85980.26,3.0,6.0
8725303,5.0,67.0,32.0,Unknown,2.0,53948.95,5.0,8.0
7078739,12.0,144.0,30.0,Male,2.0,86749.88,5.0,8.0
2170845,13.0,166.0,32.0,Male,2.0,27686.6,2.0,5.0
5023117,19.0,237.0,26.5,Male,4.0,349177.13,6.0,9.0
7377294,27.0,327.0,57.0,Female,2.0,127533.64,4.0,7.0
4438743,6.0,73.0,51.0,Unknown,2.0,213541.05,0.0,3.0
8110427,10.0,130.0,42.5,Female,2.0,119022.0,0.0,3.0
7577983,9.0,108.0,48.0,Male,3.0,36144.46,4.0,7.0
7933649,5.0,71.0,31.5,Unknown,3.0,50839.51,4.0,7.0
3478433,27.0,330.0,57.5,Female,3.0,81628.51,6.0,9.0
2483117,4.0,58.0,52.5,Male,2.0,32534.05,0.0,3.0
3458847,13.0,158.0,60.5,Female,3.0,100116.27,2.0,5.0
6601933,15.0,184.0,36.5,Female,2.0,33885.09,2.0,5.0
8837888,8.0,107.0,60.5,Female,2.0,25707.65,1.0,4.0
4048954,6.0,75.0,60.5,Unknown,2.0,71963.95,4.0,7.0
2274658,5.0,65.0,34.0,Unknown,2.0,78389.93,6.0,9.0
7933300,14.0,177.0,30.0,Male,2.0,364441.95,5.0,8.0
4617343,12.0,155.0,29.5,Female,2.0,33388.94,1.0,4.0
8220559,19.0,235.0,67.5,Male,2.0,175766.77000000002,3.0,8.0
237822,7.0,95.0,55.0,Male,2.0,172631.68,6.0,9.0
859913,26.0,319.0,56.5,Male,2.0,84037.57,0.0,3.0
1960766,13.0,159.0,34.5,Female,2.0,28179.69,2.0,5.0
9937859,14.0,177.0,59.0,Male,2.0,120308.06,0.0,3.0
2522173,7.0,93.0,56.0,Unknown,2.0,220317.7,1.0,4.0
5766971,24.0,289.0,49.0,Male,2.0,213101.39,0.0,3.0
1353432,21.0,259.0,71.5,Female,2.0,101467.86,4.0,7.0
2870012,21.0,259.0,46.0,Female,2.0,35853.95,2.0,6.0
7134594,21.0,253.0,66.5,Male,2.0,75016.48999999999,3.0,6.0
1401817,19.0,229.0,48.0,Female,3.0,131671.36,3.0,6.0
9894786,19.0,228.0,53.0,Female,4.0,150720.93,6.0,9.0
3742430,18.0,227.0,32.0,Male,3.0,79885.45999999999,6.0,9.0
3826249,18.0,226.0,61.5,Female,3.0,168550.59000000003,4.0,7.0
2412538,18.0,222.0,40.5,Male,4.0,1004007.26,4.0,7.0
7464247,19.0,237.0,71.0,Female,2.0,159993.12,2.0,5.0
4107762,12.0,151.0,23.0,Female,2.0,67005.69,1.0,5.0
3344649,8.0,102.0,23.0,Unknown,2.0,37401.96,0.0,3.0
8590429,16.0,193.0,46.0,Male,4.0,117705.07,4.0,7.0
8575424,13.0,158.0,51.5,Female,2.0,373747.66,3.0,6.0
1569861,14.0,168.0,58.5,Female,2.0,43519.49,0.0,4.0
7338537,11.0,142.0,23.5,Male,3.0,351893.28,3.0,6.0
6113649,8.0,103.0,26.5,Male,2.0,32914.43,0.0,3.0
8468645,7.0,94.0,56.0,Unknown,2.0,71111.65,3.0,6.0
7151530,3.0,42.0,49.5,Female,3.0,32589.6,6.0,9.0
5582151,30.0,367.0,65.5,Male,2.0,26697.25,4.0,7.0
9844882,14.0,179.0,65.0,Female,2.0,157365.18,0.0,3.0
8013250,21.0,262.0,28.5,Female,2.0,31031.1,1.0,4.0
8966565,4.0,57.0,64.5,Female,2.0,175602.64,4.0,7.0
1510521,12.0,154.0,78.5,Female,2.0,30938.05,2.0,5.0
9281679,6.0,77.0,67.5,Unknown,2.0,340225.01,6.0,9.0
2445043,15.0,190.0,44.5,Male,2.0,72776.79000000001,4.0,7.0
650109,29.0,359.0,79.5,Female,2.0,72974.72,2.0,5.0
4071184,13.0,166.0,45.0,Female,2.0,69396.76999999999,2.0,5.0
7831710,9.0,119.0,64.5,Female,2.0,177204.93,2.0,5.0
845251,8.0,98.0,42.5,Unknown,2.0,23812.39,1.0,4.0
6139333,6.0,82.0,47.0,Unknown,2.0,148180.05,1.0,4.0
5286363,8.0,107.0,24.5,Female,2.0,33061.16,1.0,4.0
1866853,5.0,66.0,27.0,Unknown,2.0,36527.5,0.0,3.0
6625740,5.0,66.0,44.5,Unknown,2.0,25072.72,2.0,5.0
2930101,11.0,138.0,41.5,Male,4.0,634900.2200000001,6.0,9.0
7056274,10.0,126.0,37.5,Female,2.0,28279.69,2.0,5.0
6770427,3.0,43.0,52.0,Unknown,2.0,72078.18,2.0,5.0
9788667,12.0,155.0,39.5,Female,3.0,71100.69,3.0,6.0
9995265,6.0,75.0,55.0,Unknown,2.0,27846.18,1.0,4.0
1440347,4.0,58.0,44.0,Female,2.0,179009.21999999997,6.0,9.0
28371,11.0,139.0,34.5,Male,3.0,307545.14,6.0,9.0
3041020,15.0,189.0,39.5,Male,2.0,28299.42,2.0,5.0
7142277,13.0,157.0,41.0,Female,2.0,39863.17,0.0,3.0
6992142,5.0,68.0,50.0,Unknown,2.0,120095.4,5.0,8.0
3821765,30.0,365.0,47.5,Male,3.0,829638.3,3.0,6.0
8169008,4.0,59.0,45.5,Unknown,2.0,32951.63,0.0,3.0
962572,6.0,83.0,40.5,Unknown,2.0,245762.71,5.0,8.0
8809319,14.0,176.0,56.5,Female,2.0,28470.97,1.0,4.0
2139166,23.0,285.0,59.0,Female,2.0,364253.45,1.0,4.0
2249600,22.0,272.0,54.5,Male,3.0,536663.39,5.0,8.0
7738605,20.0,250.0,60.5,Female,2.0,171481.53999999998,5.0,8.0
8992067,20.0,249.0,57.0,Female,2.0,213677.8,5.0,8.0
7564941,18.0,227.0,46.0,Female,2.0,32890.92,2.0,5.0
246429,17.0,207.0,55.5,Female,2.0,35999.8,1.0,4.0
9227821,9.0,119.0,57.5,Female,2.0,27329.81,4.0,7.0
1470622,5.0,65.0,41.5,Unknown,2.0,62059.87,2.0,5.0
3328514,12.0,154.0,67.0,Female,2.0,85746.47,5.0,8.0
9595520,12.0,155.0,51.0,Female,2.0,120916.0,3.0,6.0
5588219,6.0,82.0,33.5,Unknown,2.0,60996.27,1.0,4.0
2413002,11.0,139.0,41.0,Female,2.0,178636.78999999998,2.0,5.0
550953,11.0,136.0,55.5,Male,2.0,48290.35,6.0,9.0
2556887,29.0,355.0,23.5,Male,2.0,36612.33,5.0,8.0
1907109,14.0,177.0,42.0,Female,2.0,29375.05,0.0,3.0
213870,7.0,95.0,53.0,Unknown,3.0,80485.6,6.0,9.0
480811,14.0,170.0,77.5,Female,2.0,124805.28,2.0,5.0
2674901,9.0,109.0,35.5,Male,2.0,94518.12,1.0,4.0
8179513,12.0,154.0,47.0,Female,2.0,35531.09,0.0,3.0
3366197,17.0,206.0,25.5,Male,4.0,91609.52,6.0,9.0
4469170,5.0,70.0,69.5,Unknown,2.0,64390.61,5.0,8.0
8704483,14.0,172.0,40.5,Male,3.0,85924.32,1.0,4.0
7387734,27.0,325.0,68.0,Female,2.0,302835.53,4.0,7.0
1911871,7.0,93.0,47.5,Unknown,2.0,67540.97,2.0,5.0
7872884,12.0,146.0,30.5,Male,3.0,134081.15,0.0,3.0
5326530,12.0,152.0,54.5,Female,2.0,167116.55,1.0,4.0
2666629,17.0,205.0,44.0,Female,2.0,150154.12,1.0,4.0
6312687,15.0,189.0,35.0,Male,2.0,24173.13,4.0,7.0
8013108,5.0,68.0,63.5,Unknown,2.0,35668.52,6.0,9.0
8276895,5.0,70.0,61.5,Unknown,3.0,42083.76,3.0,6.0
4407044,14.0,178.0,50.5,Male,4.0,1484204.73,6.0,9.0
3573704,6.0,72.0,25.0,Unknown,2.0,38198.58,1.0,4.0
6380601,9.0,108.0,34.5,Female,2.0,78457.75,6.0,9.0
32197,15.0,183.0,42.5,Male,2.0,36420.05,1.0,4.0
5518059,26.0,313.0,66.5,Female,2.0,76152.26,5.0,8.0
8445867,17.0,210.0,44.5,Male,2.0,779326.53,6.0,9.0
4282357,12.0,154.0,45.0,Female,5.0,142738.47999999998,1.0,4.0
9474768,7.0,84.0,42.5,Unknown,2.0,123837.95,2.0,5.0
7582587,8.0,106.0,44.5,Male,2.0,28972.63,6.0,9.0
9007852,21.0,253.0,56.5,Male,2.0,49473.7,6.0,9.0
6775818,7.0,89.0,39.0,Unknown,2.0,358349.59,1.0,4.0
2405811,12.0,145.0,50.5,Female,3.0,33751.33,3.0,6.0
4236434,12.0,150.0,55.5,Female,2.0,24143.12,1.0,4.0
8173583,6.0,77.0,66.0,Unknown,2.0,74532.56,3.0,6.0
8477121,4.0,58.0,35.5,Unknown,2.0,33551.8,0.0,3.0
3956430,4.0,59.0,21.5,Unknown,2.0,32824.74,0.0,4.0
7857846,16.0,193.0,65.0,Male,2.0,54532.13,6.0,9.0
8122546,14.0,173.0,52.5,Female,2.0,138180.82,4.0,7.0
4559044,7.0,84.0,55.5,Unknown,2.0,281803.99,2.0,5.0
2297167,14.0,178.0,54.0,Female,2.0,45175.23,0.0,3.0
7977593,24.0,299.0,65.0,Female,3.0,297769.85,5.0,8.0
41142,6.0,80.0,38.0,Unknown,2.0,182599.59000000003,6.0,9.0
1505133,12.0,155.0,50.5,Male,2.0,82676.95,1.0,4.0
8309245,11.0,137.0,52.5,Male,2.0,74358.76,4.0,7.0
3939045,24.0,293.0,49.5,Male,3.0,164364.77000000002,6.0,9.0
6511525,23.0,276.0,75.5,Male,3.0,231712.16,6.0,9.0
2995320,22.0,267.0,61.0,Female,2.0,109886.3,6.0,9.0
2239512,20.0,251.0,80.5,Male,2.0,123262.41,6.0,9.0
2748753,20.0,248.0,43.5,Male,3.0,220758.48,5.0,8.0
8224037,20.0,240.0,49.5,Unknown,2.0,41590.53999999999,1.0,4.0
8984405,18.0,227.0,80.5,Male,2.0,92240.76,4.0,7.0
9611031,10.0,120.0,33.0,Male,2.0,236659.83,5.0,8.0
5271445,15.0,182.0,29.5,Female,2.0,32750.12,0.0,3.0
5759946,20.0,240.0,42.5,Female,2.0,29986.74,0.0,3.0
7723139,8.0,107.0,34.0,Female,2.0,88874.72,2.0,5.0
8412223,13.0,156.0,63.0,Male,2.0,84621.65,2.0,5.0
390870,8.0,100.0,25.0,Unknown,2.0,25044.71,1.0,4.0
8732619,5.0,71.0,34.0,Female,2.0,27261.06,5.0,8.0
1027971,15.0,186.0,48.5,Male,2.0,45862.15,5.0,8.0
2655375,18.0,223.0,62.0,Male,2.0,24788.25,2.0,5.0
5281066,9.0,119.0,41.0,Male,3.0,168845.5,2.0,5.0
809545,15.0,188.0,46.5,Male,2.0,39567.15,5.0,8.0
5892897,6.0,80.0,60.5,Unknown,2.0,264313.35,3.0,6.0
6494495,8.0,106.0,41.5,Male,2.0,71307.5,3.0,6.0
5803727,14.0,175.0,40.0,Female,2.0,77527.92,3.0,6.0
7275905,14.0,177.0,67.5,Female,2.0,77671.95999999999,0.0,3.0
1701567,5.0,61.0,47.0,Unknown,2.0,35732.58,6.0,9.0
3584819,9.0,114.0,38.5,Female,2.0,119780.33,0.0,3.0
9915209,12.0,147.0,31.0,Male,3.0,188675.41,3.0,6.0
3590091,28.0,339.0,31.0,Male,2.0,316266.24,5.0,8.0
427512,15.0,189.0,51.0,Male,2.0,39704.02,0.0,3.0
5729161,11.0,139.0,43.5,Male,3.0,84377.11,6.0,9.0
238320,15.0,189.0,43.0,Male,2.0,161843.16999999998,6.0,9.0
598508,7.0,85.0,53.5,Unknown,2.0,40337.48,3.0,6.0
6356481,9.0,117.0,41.5,Male,2.0,42199.1,0.0,3.0
1331961,14.0,179.0,30.5,Female,3.0,45806.89,1.0,4.0
6690695,6.0,82.0,50.5,Unknown,3.0,101759.0,6.0,9.0
7272502,13.0,166.0,56.0,Female,2.0,29313.3,0.0,3.0
6205458,6.0,74.0,56.0,Unknown,2.0,52589.53999999999,2.0,5.0
5002060,7.0,86.0,51.5,Unknown,2.0,454546.37,4.0,7.0
9213604,4.0,50.0,53.0,Unknown,2.0,29199.32,1.0,4.0
1650908,23.0,277.0,62.0,Unknown,2.0,48078.66,3.0,6.0
7697450,7.0,90.0,35.5,Unknown,2.0,110258.75,6.0,9.0
3745132,10.0,130.0,35.0,Male,2.0,66775.70999999999,0.0,3.0
3711331,15.0,184.0,45.0,Male,2.0,137632.24,4.0,7.0
4414216,13.0,156.0,26.5,Male,2.0,76609.53,3.0,6.0
1232223,6.0,82.0,44.5,Unknown,3.0,510456.98,6.0,9.0
2434345,8.0,104.0,29.0,Female,2.0,42484.75,4.0,7.0
9273843,6.0,73.0,25.5,Unknown,2.0,41503.08,6.0,9.0
5819141,14.0,169.0,33.5,Female,2.0,100456.11,3.0,6.0
4066194,6.0,75.0,24.5,Male,2.0,36635.89,1.0,4.0
3442765,14.0,173.0,35.0,Female,2.0,90676.98,2.0,5.0
9744906,26.0,322.0,73.0,Female,2.0,104200.75,3.0,6.0
3202302,5.0,68.0,20.0,Unknown,2.0,35807.77,0.0,3.0
9035903,27.0,330.0,67.0,Male,3.0,3046462.03,5.0,8.0
7727853,10.0,129.0,69.5,Male,2.0,53149.58,6.0,9.0
2070184,15.0,182.0,48.5,Unknown,2.0,205215.64,0.0,3.0
8992296,5.0,71.0,29.5,Unknown,3.0,550429.66,5.0,8.0
5372927,6.0,82.0,42.0,Female,2.0,53719.69,0.0,3.0
5897376,15.0,189.0,72.5,Male,3.0,77822.07,1.0,4.0
6793284,24.0,297.0,50.5,Male,4.0,1255140.46,4.0,7.0
2623743,21.0,258.0,45.5,Female,2.0,39556.73,0.0,3.0
9617535,21.0,255.0,74.0,Female,2.0,41435.99,6.0,9.0
1717208,20.0,246.0,22.0,Male,2.0,31834.67,2.0,6.0
6081679,20.0,245.0,33.5,Male,2.0,28828.89,0.0,3.0
3686557,18.0,227.0,27.5,Male,2.0,34167.02,4.0,7.0
5226626,19.0,235.0,68.5,Female,2.0,42906.28999999999,6.0,9.0
9804188,6.0,72.0,34.0,Unknown,2.0,360072.44,6.0,9.0
7138610,3.0,38.0,77.0,Unknown,2.0,35213.009999999995,5.0,8.0
5023369,19.0,239.0,46.0,Male,2.0,44666.92,6.0,9.0
536510,5.0,70.0,51.5,Unknown,2.0,53137.17999999999,1.0,4.0
4221156,15.0,190.0,61.0,Male,2.0,61272.38,0.0,3.0
8477875,5.0,67.0,63.0,Unknown,2.0,207241.47,6.0,9.0
4352617,8.0,97.0,24.0,Unknown,3.0,410803.0,5.0,8.0
4578494,6.0,83.0,57.5,Unknown,2.0,294868.97,0.0,3.0
6615405,9.0,111.0,72.5,Unknown,2.0,95052.3,3.0,6.0
7854180,17.0,204.0,52.5,Male,2.0,127304.92,6.0,9.0
5831289,6.0,77.0,22.5,Female,2.0,40168.92,6.0,9.0
779691,27.0,330.0,72.0,Female,2.0,58416.86,0.0,3.0
5839643,26.0,314.0,41.5,Female,3.0,52424.41,6.0,9.0
6479095,7.0,94.0,73.0,Male,2.0,71436.98999999999,5.0,8.0
8120884,8.0,105.0,59.5,Male,2.0,110108.82,0.0,3.0
3817332,7.0,85.0,70.0,Female,2.0,70166.35,3.0,6.0
5487394,6.0,81.0,37.0,Unknown,2.0,37690.78,3.0,6.0
3808102,7.0,84.0,29.5,Unknown,2.0,64260.07,6.0,9.0
3091404,9.0,108.0,32.5,Male,2.0,45194.06,2.0,5.0
3611643,13.0,156.0,41.0,Female,2.0,198848.14,0.0,3.0
1900746,11.0,134.0,29.5,Male,2.0,47557.83,1.0,4.0
8724411,11.0,132.0,27.5,Female,2.0,41950.45,1.0,4.0
6646769,13.0,157.0,35.5,Male,3.0,192263.23,6.0,9.0
8129844,7.0,84.0,30.0,Unknown,2.0,93670.26,2.0,5.0
676128,18.0,218.0,29.5,Unknown,2.0,41886.72,2.0,5.0
7654190,9.0,117.0,72.5,Male,3.0,232654.43,4.0,7.0
3784683,15.0,189.0,76.0,Female,2.0,56590.29,2.0,6.0
8812865,12.0,151.0,32.0,Male,3.0,159553.02000000002,6.0,9.0
8238902,11.0,134.0,66.5,Male,2.0,513774.25,6.0,9.0
4479932,12.0,146.0,29.0,Female,2.0,25565.85,4.0,7.0
2726724,26.0,313.0,66.0,Female,2.0,49545.69,4.0,8.0
3263729,15.0,189.0,43.5,Male,2.0,96504.1,6.0,9.0
6654998,14.0,174.0,33.5,Female,2.0,26050.32,3.0,6.0
6030984,9.0,109.0,53.0,Male,2.0,43551.31,1.0,4.0
5441788,13.0,158.0,34.5,Male,2.0,60075.11,6.0,9.0
6693627,22.0,272.0,56.5,Female,3.0,261795.51,1.0,4.0
6057081,25.0,309.0,19.5,Male,2.0,31783.23,0.0,3.0
4112213,23.0,278.0,29.5,Male,3.0,56141.71,6.0,9.0
3367386,22.0,268.0,65.5,Female,2.0,428095.92,0.0,3.0
8867707,22.0,268.0,23.5,Male,2.0,49012.09,0.0,3.0
594012,21.0,252.0,42.0,Female,2.0,141184.0,1.0,4.0
9175871,20.0,249.0,44.0,Male,2.0,200597.56,0.0,3.0
6113239,19.0,236.0,30.0,Male,2.0,49819.64,1.0,4.0
154150,19.0,230.0,40.0,Female,3.0,76522.39,0.0,3.0
1781066,17.0,214.0,55.5,Female,2.0,117122.38,6.0,9.0
9776846,17.0,213.0,56.5,Male,2.0,143835.77000000002,2.0,5.0
9409058,5.0,60.0,25.5,Female,3.0,49090.74,0.0,3.0
492751,26.0,314.0,45.5,Male,4.0,1733517.43,6.0,9.0
505918,5.0,63.0,27.5,Unknown,2.0,26864.01,0.0,3.0
8093717,9.0,119.0,70.5,Unknown,2.0,34823.6,1.0,4.0
5435149,15.0,188.0,57.5,Female,2.0,24845.06,3.0,6.0
2630914,9.0,109.0,41.5,Male,3.0,171188.90999999997,3.0,6.0
9946042,4.0,59.0,46.5,Unknown,2.0,31264.45,0.0,3.0
4762692,9.0,117.0,64.5,Female,2.0,39229.79,3.0,6.0
5874483,6.0,78.0,42.5,Unknown,2.0,25073.9,2.0,5.0
3799215,7.0,94.0,25.5,Unknown,2.0,68061.7,1.0,4.0
8375225,13.0,159.0,49.5,Male,2.0,252292.87,2.0,5.0
3260064,6.0,75.0,47.5,Unknown,2.0,25952.31,3.0,6.0
8692286,33.0,405.0,70.5,Unknown,4.0,144750.72999999998,6.0,9.0
1630497,11.0,136.0,34.0,Male,2.0,282595.49,4.0,7.0
4803341,8.0,97.0,57.5,Unknown,2.0,40452.98,5.0,8.0
7342125,16.0,203.0,67.5,Male,2.0,571864.5800000001,5.0,8.0
3203251,8.0,104.0,23.5,Male,3.0,79377.6,5.0,8.0
780376,8.0,96.0,30.0,Unknown,2.0,51187.35,6.0,9.0
9283146,12.0,152.0,61.5,Male,2.0,298312.39,6.0,9.0
1976863,14.0,178.0,35.5,Female,2.0,29583.2,1.0,4.0
6545826,14.0,175.0,60.5,Female,2.0,30619.08,0.0,3.0
974891,4.0,59.0,28.5,Unknown,2.0,30769.92,1.0,4.0
7185464,9.0,114.0,56.0,Female,2.0,78231.03,2.0,5.0
9466238,12.0,144.0,42.0,Male,2.0,525348.89,4.0,7.0
1665618,14.0,171.0,33.5,Female,2.0,111570.46,2.0,5.0
2063057,16.0,202.0,41.0,Female,2.0,53030.25,0.0,3.0
1622006,22.0,274.0,20.0,Male,3.0,28053.53,2.0,5.0
5853751,6.0,81.0,19.5,Unknown,2.0,26901.19,0.0,3.0
6915090,7.0,94.0,65.5,Unknown,2.0,194207.08,4.0,7.0
2607391,15.0,189.0,53.0,Female,2.0,63967.38,4.0,7.0
7806799,6.0,80.0,59.5,Unknown,2.0,118444.26,6.0,9.0
7145159,13.0,160.0,23.5,Female,2.0,31808.33,6.0,9.0
2446022,9.0,119.0,41.5,Female,3.0,280448.65,6.0,9.0
5113577,5.0,64.0,34.5,Unknown,2.0,33029.22,3.0,6.0
123311,5.0,71.0,41.5,Unknown,3.0,159890.91999999998,2.0,5.0
6718830,14.0,178.0,32.0,Female,2.0,27426.48,1.0,4.0
6389951,15.0,189.0,64.5,Male,2.0,33660.59,4.0,7.0
358027,10.0,128.0,69.0,Male,3.0,1073454.61,2.0,5.0
666049,13.0,162.0,59.0,Male,2.0,82355.4,0.0,4.0
6153555,10.0,126.0,34.0,Male,2.0,45497.53999999999,5.0,8.0
3709854,12.0,150.0,55.5,Male,2.0,241382.27,6.0,9.0
5191587,6.0,73.0,27.0,Unknown,2.0,27890.3,3.0,6.0
4735442,13.0,164.0,65.0,Female,2.0,59181.57,6.0,9.0
9675198,7.0,84.0,51.5,Unknown,2.0,60163.7,1.0,4.0
2288933,10.0,121.0,33.0,Female,2.0,57257.98,3.0,6.0
8498480,15.0,190.0,54.5,Female,2.0,212218.85,6.0,9.0
5477784,10.0,125.0,26.0,Male,2.0,25628.06,0.0,3.0
214786,5.0,70.0,64.0,Unknown,2.0,27593.28,0.0,3.0
1518623,22.0,270.0,75.0,Male,2.0,68776.45,4.0,7.0
3478114,21.0,254.0,59.5,Male,2.0,42706.34,6.0,9.0
1289046,24.0,290.0,57.5,Male,2.0,1296661.47,6.0,9.0
3799541,19.0,237.0,58.0,Female,2.0,36423.11,1.0,4.0
338607,18.0,217.0,50.0,Male,2.0,26563.48,1.0,4.0
3014779,10.0,125.0,62.0,Male,2.0,27485.46,1.0,4.0
509746,35.0,429.0,35.5,Male,2.0,1003322.88,5.0,8.0
5022977,5.0,70.0,53.0,Unknown,2.0,32394.09,0.0,3.0
4865249,13.0,158.0,36.5,Male,2.0,182389.31,1.0,5.0
9542436,5.0,63.0,33.0,Unknown,4.0,95660.21,5.0,8.0
975772,7.0,95.0,60.0,Unknown,2.0,32894.899999999994,0.0,3.0
1332399,4.0,58.0,49.0,Unknown,3.0,49048.49,1.0,4.0
4442607,21.0,261.0,56.5,Male,2.0,390687.72,5.0,8.0
5520839,5.0,71.0,19.5,Unknown,2.0,27977.25,0.0,3.0
5171509,15.0,190.0,36.5,Male,2.0,420911.97,6.0,9.0
7931409,16.0,193.0,43.5,Male,2.0,93793.51,6.0,9.0
332101,16.0,195.0,36.5,Male,2.0,50208.42999999999,1.0,4.0
5828745,8.0,106.0,33.0,Male,2.0,37187.48,0.0,3.0
1120173,15.0,184.0,75.5,Female,2.0,32706.5,2.0,5.0
319971,15.0,181.0,74.5,Male,2.0,544292.68,1.0,4.0
4183213,15.0,181.0,65.0,Female,2.0,45912.98,5.0,8.0
3903635,5.0,67.0,56.0,Unknown,2.0,58309.55,6.0,9.0
6842495,7.0,85.0,41.0,Unknown,2.0,32612.12,1.0,4.0
6320252,5.0,61.0,52.5,Unknown,3.0,226722.66,3.0,6.0
4289078,5.0,71.0,24.0,Unknown,2.0,31315.52,1.0,4.0
2961467,14.0,172.0,49.0,Female,3.0,116763.24,6.0,9.0
6457073,12.0,155.0,71.0,Male,2.0,55409.26,2.0,5.0
4349736,7.0,92.0,35.0,Unknown,2.0,75229.54999999999,4.0,7.0
4549862,4.0,57.0,26.5,Female,3.0,61441.77,4.0,7.0
3273951,4.0,58.0,53.0,Unknown,2.0,30239.81,1.0,4.0
1250258,4.0,59.0,26.5,Female,2.0,28550.12,6.0,9.0
2406154,6.0,79.0,45.5,Male,2.0,126594.98,5.0,8.0
8427870,6.0,76.0,66.5,Male,3.0,799711.29,5.0,8.0
8422671,5.0,71.0,48.5,Unknown,2.0,30488.0,0.0,3.0
4066795,14.0,170.0,55.5,Male,2.0,33820.06,0.0,3.0
1704232,21.0,253.0,54.0,Male,2.0,337736.8,5.0,8.0
1218887,7.0,94.0,42.5,Unknown,2.0,35257.57,6.0,9.0
7108936,9.0,118.0,35.0,Unknown,2.0,169871.93,2.0,5.0
7963462,15.0,191.0,63.0,Female,2.0,106726.18,3.0,6.0
7347761,9.0,113.0,77.5,Male,2.0,155969.46999999997,6.0,9.0
1135081,28.0,339.0,68.5,Male,3.0,101589.74,6.0,9.0
2365020,8.0,97.0,31.5,Unknown,2.0,79518.68,6.0,9.0
6348982,5.0,65.0,31.5,Female,4.0,68162.23,4.0,7.0
6142585,5.0,66.0,50.5,Unknown,2.0,48808.83,3.0,6.0
5347642,4.0,59.0,17.5,Unknown,2.0,25966.87,0.0,3.0
5244179,6.0,73.0,39.0,Male,2.0,96578.75,6.0,9.0
7508773,12.0,155.0,47.5,Female,2.0,406854.63,1.0,4.0
4421155,5.0,64.0,48.0,Unknown,2.0,47870.01,2.0,5.0
273258,10.0,121.0,25.0,Male,2.0,75089.57,1.0,4.0
8042778,5.0,68.0,28.5,Unknown,2.0,31402.88,2.0,5.0
125273,15.0,189.0,60.0,Female,2.0,396376.83,6.0,9.0
3924482,5.0,71.0,28.0,Unknown,3.0,55759.84,6.0,9.0
9416332,13.0,163.0,63.0,Female,2.0,110549.63,4.0,7.0
995889,22.0,271.0,63.5,Female,3.0,126799.12,6.0,9.0
3841270,19.0,239.0,48.5,Male,3.0,267436.78,6.0,9.0
7656799,18.0,226.0,39.5,Female,4.0,586174.9800000001,1.0,4.0
1274396,18.0,222.0,49.0,Unknown,2.0,46541.67,3.0,6.0
5284897,30.0,362.0,53.5,Male,3.0,600069.9,0.0,3.0
6985236,8.0,97.0,31.5,Unknown,3.0,84761.03,2.0,5.0
1566447,25.0,300.0,80.0,Female,2.0,52853.57,4.0,7.0
8211474,3.0,46.0,56.0,Unknown,2.0,110996.88,3.0,6.0
5278439,7.0,92.0,29.5,Unknown,2.0,119458.28,3.0,6.0
399211,21.0,259.0,39.0,Male,3.0,522684.3,6.0,9.0
73335,12.0,148.0,37.0,Male,2.0,68041.32,0.0,3.0
5995947,15.0,184.0,39.5,Female,2.0,37658.59,0.0,3.0
7159966,10.0,125.0,51.0,Male,2.0,34086.38,0.0,3.0
929509,5.0,70.0,61.0,Female,2.0,41470.97,0.0,3.0
2291896,13.0,157.0,33.0,Male,2.0,59355.72,3.0,6.0
9154169,4.0,58.0,29.0,Unknown,2.0,29350.89,3.0,6.0
4502479,7.0,94.0,54.0,Unknown,3.0,114901.83,0.0,3.0
459156,15.0,182.0,60.5,Male,2.0,35711.52,1.0,4.0
6546613,26.0,321.0,87.0,Male,3.0,290119.3,3.0,6.0
1009318,6.0,82.0,62.0,Unknown,2.0,28779.41,0.0,3.0
6799861,11.0,134.0,52.0,Female,2.0,232669.75,3.0,6.0
9233981,16.0,197.0,61.0,Male,2.0,79408.89,6.0,9.0
6061224,27.0,325.0,55.5,Female,2.0,39178.86,0.0,3.0
7354967,6.0,74.0,56.0,Unknown,4.0,217587.33,6.0,9.0
9164662,11.0,138.0,60.0,Female,4.0,304481.24,2.0,6.0
1713017,6.0,75.0,38.5,Unknown,4.0,67313.9,4.0,7.0
7957282,16.0,193.0,41.5,Male,2.0,101360.36,6.0,9.0
5357196,15.0,189.0,49.5,Male,3.0,237822.72,5.0,8.0
2658940,14.0,179.0,57.5,Male,2.0,43241.6,5.0,8.0
4622774,4.0,48.0,51.5,Female,4.0,428119.79,3.0,6.0
3760409,7.0,89.0,64.0,Unknown,2.0,27043.18,3.0,6.0
1338778,10.0,128.0,64.0,Male,2.0,351834.2,6.0,9.0
2952942,37.0,445.0,67.5,Male,2.0,284518.87,5.0,9.0
8971132,12.0,154.0,65.5,Female,2.0,194751.91,1.0,4.0
8286715,3.0,38.0,22.5,Unknown,3.0,57130.19,6.0,9.0
4514556,5.0,64.0,55.5,Unknown,2.0,71774.91,2.0,5.0
7019864,15.0,181.0,42.5,Male,2.0,271975.43,3.0,6.0
2555803,14.0,168.0,44.0,Male,2.0,47753.17,1.0,4.0
2616722,16.0,200.0,46.0,Male,2.0,34275.42,5.0,8.0
4950989,23.0,283.0,55.5,Female,2.0,84443.0,3.0,6.0
8509526,18.0,223.0,65.5,Male,3.0,1308726.64,6.0,9.0
7249843,15.0,187.0,66.5,Male,5.0,419539.63,6.0,9.0
7581994,6.0,81.0,30.5,Unknown,2.0,50071.67999999999,6.0,9.0
5345165,6.0,73.0,24.5,Unknown,2.0,77551.91,4.0,7.0
3882419,9.0,116.0,24.0,Male,3.0,215920.43,0.0,3.0
6534331,26.0,321.0,54.0,Female,3.0,67894.41,2.0,5.0
8716152,13.0,160.0,39.5,Unknown,4.0,230838.57,5.0,9.0
4975677,15.0,190.0,65.0,Female,2.0,34466.84,0.0,3.0
7167812,5.0,60.0,53.5,Unknown,2.0,54134.92,1.0,4.0
4536676,5.0,61.0,56.5,Unknown,4.0,169318.93,5.0,8.0
9417884,14.0,179.0,76.0,Male,2.0,95344.79,5.0,8.0
2811586,7.0,85.0,34.5,Unknown,2.0,64551.87,2.0,5.0
9666366,4.0,57.0,36.5,Unknown,3.0,36042.57,6.0,9.0
4906261,5.0,68.0,58.5,Unknown,2.0,51339.3,1.0,4.0
1468213,10.0,130.0,50.5,Female,2.0,97444.6,1.0,4.0
718239,10.0,130.0,34.5,Male,2.0,29366.3,6.0,9.0
9746855,6.0,76.0,68.5,Unknown,2.0,1343116.2,6.0,9.0
7378111,16.0,194.0,59.5,Male,3.0,107080.81,6.0,9.0
2465098,15.0,189.0,52.5,Female,4.0,142206.99,6.0,9.0
7105913,4.0,57.0,32.5,Unknown,2.0,49581.82,3.0,6.0
5373548,5.0,65.0,55.5,Unknown,2.0,537756.9,5.0,8.0
4670945,6.0,83.0,30.5,Unknown,3.0,77183.82,1.0,4.0
1922864,6.0,73.0,33.5,Unknown,2.0,57613.14,6.0,9.0
4959394,15.0,189.0,43.5,Male,2.0,31004.66,5.0,8.0
5907556,14.0,168.0,43.5,Male,2.0,35608.03,0.0,3.0
2288604,16.0,193.0,53.0,Female,2.0,46689.2,1.0,4.0
1015574,9.0,110.0,57.0,Female,2.0,150833.9,5.0,8.0
4690278,9.0,116.0,29.5,Unknown,3.0,85180.65,1.0,4.0
8713649,18.0,218.0,66.0,Male,2.0,715997.51,6.0,9.0
2668250,27.0,329.0,64.5,Female,2.0,47019.15,0.0,3.0
8618682,7.0,94.0,61.5,Unknown,3.0,60409.02,1.0,4.0
4886831,11.0,142.0,68.0,Female,2.0,172187.25,3.0,6.0
9727712,6.0,72.0,63.5,Unknown,2.0,30899.1,2.0,5.0
618178,13.0,159.0,26.5,Male,2.0,43974.23,1.0,4.0
1631553,5.0,71.0,30.5,Unknown,2.0,39157.03,3.0,6.0
3281696,8.0,104.0,53.5,Female,2.0,257977.45,4.0,7.0
2245788,21.0,262.0,92.5,Male,2.0,129112.1,1.0,5.0
8128914,10.0,123.0,58.0,Male,2.0,33099.99,2.0,5.0
7928204,14.0,173.0,52.5,Female,2.0,27023.68,1.0,4.0
2551318,12.0,147.0,63.0,Female,2.0,472132.49,2.0,5.0
750686,8.0,98.0,48.0,Unknown,2.0,644217.25,1.0,4.0
5971817,12.0,155.0,33.0,Unknown,2.0,45062.1,0.0,3.0
4833974,13.0,159.0,45.0,Female,2.0,82856.92,6.0,9.0
5585462,7.0,85.0,47.0,Unknown,2.0,239754.25,4.0,7.0
5729724,7.0,94.0,39.0,Unknown,2.0,69021.39,2.0,5.0
491746,16.0,192.0,35.5,Male,2.0,41846.57,6.0,9.0
8484217,13.0,167.0,61.0,Male,2.0,78274.64,5.0,8.0
300899,6.0,72.0,54.0,Female,3.0,39729.2,0.0,3.0
9151400,6.0,79.0,48.5,Unknown,2.0,78189.39,1.0,4.0
3024744,10.0,128.0,23.5,Unknown,3.0,155561.89,5.0,8.0
3061491,22.0,265.0,78.5,Male,2.0,138355.71,5.0,8.0
7702085,22.0,264.0,40.5,Female,3.0,91164.2,2.0,5.0
7962046,21.0,262.0,65.5,Unknown,2.0,50816.03999999999,6.0,9.0
5240787,20.0,248.0,43.0,Male,3.0,54582.85,4.0,7.0
8403697,36.0,439.0,72.5,Female,2.0,33193.84,2.0,5.0
7554625,7.0,86.0,35.5,Unknown,2.0,40153.4,6.0,9.0
7169259,19.0,229.0,51.0,Male,2.0,90519.03,4.0,7.0
6708593,5.0,71.0,34.5,Unknown,2.0,54472.58,3.0,6.0
626494,15.0,189.0,39.5,Unknown,2.0,406855.41,1.0,4.0
5502432,6.0,72.0,27.5,Unknown,2.0,41256.99,1.0,5.0
3887101,6.0,78.0,65.0,Unknown,2.0,210326.98,6.0,9.0
8221165,13.0,157.0,39.0,Female,3.0,221172.98,6.0,9.0
7385443,16.0,195.0,62.5,Male,2.0,31644.97,4.0,7.0
3987868,4.0,54.0,56.5,Unknown,2.0,56230.31,2.0,5.0
2296919,13.0,159.0,38.0,Male,2.0,34283.45,1.0,4.0
6997046,11.0,136.0,46.5,Male,2.0,74386.79999999999,3.0,6.0
1208281,7.0,89.0,47.5,Unknown,2.0,73212.17,6.0,9.0
6751304,11.0,139.0,73.0,Male,2.0,59404.15,0.0,3.0
7751464,9.0,118.0,54.0,Female,2.0,80566.7,3.0,6.0
2745495,7.0,93.0,54.5,Unknown,2.0,195129.08,5.0,8.0
5967592,5.0,66.0,62.0,Male,3.0,468655.51,5.0,8.0
6767899,15.0,186.0,51.5,Male,4.0,361386.84,6.0,9.0
3564176,8.0,106.0,56.0,Female,2.0,107050.05,6.0,9.0
1793341,13.0,158.0,58.5,Male,2.0,328474.02,6.0,9.0
7730310,16.0,196.0,44.0,Female,2.0,33187.1,0.0,3.0
4325863,5.0,70.0,45.5,Unknown,2.0,66332.68,6.0,9.0
8251936,4.0,57.0,46.0,Unknown,2.0,93324.36,0.0,3.0
4027432,17.0,209.0,53.0,Female,2.0,490942.9,1.0,4.0
5651761,7.0,84.0,50.5,Male,2.0,495937.78,0.0,3.0
2192505,15.0,190.0,40.5,Female,3.0,43230.6,1.0,4.0
6225990,6.0,74.0,19.0,Male,3.0,62688.52,5.0,8.0
2209532,12.0,144.0,28.5,Female,3.0,162719.56,6.0,9.0
4954539,8.0,97.0,31.5,Unknown,2.0,86863.83,2.0,5.0
2999886,13.0,157.0,46.5,Male,2.0,111337.22,1.0,4.0
5223892,14.0,171.0,55.5,Female,3.0,86946.0,1.0,4.0
2599050,5.0,71.0,19.5,Unknown,2.0,35736.48,1.0,4.0
2422256,8.0,97.0,71.5,Unknown,2.0,32613.53,5.0,8.0
7313519,10.0,120.0,53.5,Male,2.0,406539.04,2.0,5.0
9189325,5.0,64.0,57.0,Female,2.0,176505.09000000003,6.0,9.0
7038653,9.0,109.0,34.0,Unknown,2.0,154615.41,0.0,3.0
8341093,15.0,184.0,38.0,Male,2.0,122018.41,4.0,7.0
7078892,8.0,104.0,25.5,Male,2.0,25578.13,0.0,3.0
19832,14.0,168.0,63.5,Female,2.0,97291.64,3.0,6.0
7334040,5.0,60.0,68.5,Unknown,2.0,63501.25,3.0,6.0
308531,8.0,101.0,49.5,Unknown,2.0,220988.76,1.0,4.0
4165012,5.0,66.0,40.0,Female,2.0,26437.89,5.0,8.0
8226682,15.0,184.0,44.0,Female,2.0,194169.41,6.0,9.0
8012223,4.0,59.0,27.5,Unknown,2.0,221698.36,5.0,8.0
9954278,7.0,84.0,68.0,Unknown,2.0,291289.65,6.0,9.0
8318184,4.0,58.0,37.0,Unknown,2.0,30659.66,5.0,8.0
6786786,13.0,161.0,65.5,Male,2.0,62179.11,2.0,5.0
7551662,4.0,51.0,34.0,Unknown,2.0,76409.72,4.0,7.0
2832394,14.0,170.0,65.0,Male,2.0,44392.42999999999,0.0,3.0
4585186,12.0,147.0,48.5,Female,2.0,142168.66999999998,2.0,5.0
1710937,22.0,266.0,57.0,Male,2.0,58861.11,2.0,5.0
7442439,21.0,259.0,58.0,Male,3.0,94623.64,5.0,8.0
2662611,21.0,254.0,49.0,Male,2.0,199497.39,3.0,6.0
9690919,20.0,249.0,39.5,Unknown,2.0,45070.67999999999,2.0,5.0
697708,20.0,245.0,20.0,Female,3.0,47633.28999999999,2.0,5.0
7408572,20.0,240.0,55.0,Unknown,3.0,60658.71,3.0,6.0
3282769,22.0,265.0,66.0,Female,2.0,151023.58000000002,0.0,3.0
9020569,11.0,142.0,57.0,Female,2.0,31099.2,0.0,3.0
5671597,6.0,75.0,39.5,Unknown,2.0,66691.88,4.0,7.0
7388571,11.0,141.0,37.5,Female,3.0,88285.66,5.0,8.0
1732360,5.0,70.0,56.0,Unknown,2.0,36474.98,1.0,4.0
7208863,11.0,133.0,59.0,Male,2.0,39927.3,2.0,5.0
5896556,6.0,83.0,53.0,Unknown,3.0,38052.12,2.0,5.0
5373683,13.0,158.0,41.0,Male,2.0,396256.68,1.0,4.0
9348532,6.0,81.0,26.0,Unknown,3.0,52888.05,0.0,3.0
7650999,22.0,268.0,28.0,Female,2.0,27809.49,6.0,9.0
8380574,4.0,57.0,22.5,Unknown,2.0,37944.0,6.0,9.0
4758033,11.0,142.0,54.5,Female,2.0,54967.48,2.0,5.0
5195325,5.0,67.0,36.0,Unknown,2.0,55709.2,1.0,4.0
1882201,4.0,58.0,21.5,Unknown,2.0,29456.31,6.0,9.0
9309575,26.0,318.0,58.0,Female,2.0,41299.71,2.0,5.0
8341361,11.0,142.0,55.0,Female,2.0,43172.7,6.0,9.0
6224458,15.0,189.0,46.0,Male,2.0,92353.29,0.0,3.0
6739855,9.0,119.0,71.0,Female,2.0,62238.34,6.0,9.0
1292764,4.0,56.0,32.5,Unknown,2.0,55816.23,2.0,5.0
3625903,12.0,149.0,28.5,Male,2.0,52100.21,4.0,7.0
2346934,13.0,160.0,60.5,Male,2.0,126703.67,0.0,3.0
2515743,7.0,95.0,48.5,Unknown,2.0,78944.75,4.0,7.0
2448910,8.0,105.0,34.0,Female,2.0,57795.72,0.0,3.0
6915397,27.0,331.0,49.0,Female,2.0,439112.07,6.0,9.0
1849620,12.0,145.0,28.5,Female,3.0,88165.75,6.0,9.0
1581127,8.0,96.0,26.0,Unknown,4.0,60668.31,6.0,9.0
547868,5.0,71.0,48.5,Female,3.0,61476.26,5.0,8.0
1194386,7.0,95.0,39.0,Male,2.0,67402.98999999999,6.0,9.0
8470777,10.0,121.0,40.0,Male,2.0,42730.41,0.0,3.0
9117889,4.0,59.0,24.0,Unknown,2.0,33812.29,5.0,8.0
2216021,5.0,65.0,22.5,Unknown,2.0,42401.7,5.0,8.0
823006,12.0,154.0,29.0,Male,2.0,31607.81,6.0,9.0
2165367,6.0,82.0,34.5,Unknown,2.0,51869.98,6.0,9.0
9331303,7.0,95.0,25.5,Unknown,3.0,90290.07,6.0,9.0
7000955,12.0,155.0,59.5,Female,2.0,119809.85,6.0,9.0
3539952,5.0,69.0,65.5,Unknown,2.0,65587.03,6.0,9.0
5300098,5.0,70.0,54.0,Unknown,2.0,63508.88,2.0,5.0
8059745,6.0,82.0,20.0,Unknown,2.0,27944.12,1.0,4.0
2145511,25.0,306.0,30.5,Unknown,2.0,47466.69,2.0,5.0
1176370,21.0,262.0,52.5,Female,2.0,78714.85,6.0,9.0
7419868,21.0,254.0,62.0,Male,3.0,67734.36,6.0,9.0
5806682,19.0,230.0,50.0,Male,3.0,41600.94,2.0,6.0
5406158,7.0,86.0,31.0,Unknown,2.0,36829.66,3.0,6.0
7078059,7.0,95.0,22.5,Unknown,2.0,70927.83,1.0,4.0
2692181,7.0,86.0,59.5,Unknown,2.0,172266.93,2.0,6.0
625002,13.0,156.0,39.5,Female,2.0,96928.08,0.0,3.0
3882744,14.0,173.0,57.5,Female,2.0,129820.17,4.0,7.0
5212054,19.0,237.0,66.0,Male,2.0,300968.23,2.0,5.0
2420826,15.0,191.0,53.0,Male,2.0,49790.56,1.0,4.0
3521842,8.0,106.0,32.0,Male,2.0,84651.19,6.0,9.0
5139761,5.0,71.0,26.0,Male,2.0,50459.5,6.0,9.0
7780474,6.0,82.0,25.0,Unknown,2.0,47010.23,0.0,3.0
2736294,15.0,188.0,39.5,Male,2.0,28533.45,5.0,8.0
7905723,14.0,174.0,56.5,Male,4.0,2418779.46,5.0,8.0
6735878,15.0,180.0,31.0,Female,2.0,31065.05,0.0,3.0
7787397,6.0,78.0,26.5,Unknown,3.0,40899.67,6.0,9.0
2072025,14.0,175.0,60.0,Male,2.0,44335.12,0.0,4.0
4333248,6.0,82.0,36.5,Unknown,2.0,58899.41,1.0,4.0
5163125,9.0,111.0,48.0,Male,2.0,52391.72,3.0,6.0
9191139,13.0,156.0,39.5,Female,2.0,59764.67,5.0,8.0
9368389,11.0,141.0,64.5,Female,2.0,98289.45,2.0,5.0
9622786,4.0,58.0,38.0,Unknown,2.0,39839.79,2.0,5.0
2483642,26.0,323.0,52.5,Female,3.0,46830.99,6.0,9.0
9892972,15.0,189.0,61.5,Female,2.0,198954.66,5.0,8.0
5171644,16.0,199.0,59.0,Female,2.0,72400.26999999999,0.0,3.0
543812,15.0,189.0,28.5,Female,2.0,23807.95,6.0,9.0
9674796,18.0,224.0,46.0,Female,2.0,210601.73,5.0,8.0
8792548,8.0,102.0,26.5,Unknown,2.0,52495.66,4.0,7.0
5881256,19.0,234.0,51.0,Male,2.0,338082.61,1.0,4.0
8791189,20.0,246.0,64.0,Male,3.0,67745.15,6.0,9.0
3943762,6.0,81.0,20.5,Unknown,2.0,37327.91,6.0,9.0
6568227,6.0,83.0,70.5,Male,2.0,92056.06,5.0,8.0
6661617,15.0,189.0,63.5,Female,2.0,41077.74,5.0,8.0
7212046,12.0,154.0,39.0,Female,2.0,38383.75,6.0,9.0
2854662,8.0,105.0,60.0,Male,2.0,107323.42,5.0,8.0
7848138,6.0,73.0,38.0,Male,2.0,406656.0,6.0,9.0
3483027,14.0,173.0,58.0,Female,2.0,147498.57,3.0,6.0
2136502,15.0,185.0,34.5,Male,2.0,27009.23,6.0,9.0
6944354,16.0,199.0,47.5,Male,4.0,675163.49,6.0,9.0
8620221,30.0,365.0,71.0,Female,2.0,27427.98,6.0,9.0
9034029,14.0,172.0,65.5,Male,2.0,275661.38,3.0,6.0
5428840,26.0,320.0,67.0,Male,2.0,90814.52,1.0,4.0
5040870,18.0,217.0,59.5,Male,2.0,185430.59000000003,3.0,6.0
378530,5.0,64.0,65.5,Unknown,2.0,32705.71,2.0,5.0
7551101,15.0,185.0,34.5,Male,2.0,33065.55,1.0,4.0
5436214,26.0,322.0,35.5,Female,2.0,26267.81,0.0,3.0
6934070,5.0,61.0,35.5,Male,2.0,28426.24,2.0,5.0
7815864,26.0,315.0,71.5,Male,2.0,56334.42,3.0,6.0
2186943,14.0,174.0,31.5,Female,3.0,90221.74,3.0,6.0
1637369,24.0,291.0,87.5,Male,3.0,208954.76,6.0,9.0
7448539,20.0,247.0,44.5,Male,2.0,130720.82,4.0,8.0
6152862,20.0,247.0,64.0,Male,2.0,124517.97,5.0,8.0
2010554,19.0,230.0,65.0,Male,2.0,58469.6,3.0,6.0
7941483,18.0,220.0,42.0,Female,4.0,335061.42,1.0,4.0
6436049,4.0,58.0,55.0,Female,2.0,103019.44,1.0,4.0
4016670,14.0,169.0,53.5,Female,2.0,47911.89,1.0,4.0
5979823,6.0,76.0,24.5,Unknown,2.0,27621.43,6.0,9.0
1169747,9.0,111.0,62.5,Female,2.0,125740.39,2.0,5.0
7242308,5.0,71.0,25.0,Unknown,2.0,26566.86,1.0,4.0
4100887,24.0,293.0,36.0,Male,3.0,213949.81,2.0,5.0
4435683,9.0,116.0,25.5,Male,2.0,51633.49,3.0,6.0
5972884,5.0,60.0,42.0,Female,2.0,323834.41,5.0,8.0
9232913,4.0,49.0,63.5,Male,2.0,144015.66,2.0,5.0
421833,5.0,70.0,46.0,Unknown,2.0,102980.4,1.0,4.0
7530138,10.0,127.0,67.5,Male,2.0,876657.52,6.0,9.0
908709,6.0,80.0,57.5,Female,3.0,407248.49,3.0,6.0
540970,5.0,70.0,33.0,Unknown,2.0,81755.04999999999,5.0,8.0
246812,11.0,139.0,47.5,Male,2.0,426843.63,6.0,9.0
3072660,15.0,189.0,61.0,Male,2.0,39558.36,4.0,7.0
8953118,8.0,102.0,57.5,Female,3.0,177587.88,2.0,5.0
1061161,15.0,183.0,77.0,Female,2.0,32711.71,3.0,6.0
1428125,11.0,138.0,60.0,Male,2.0,46559.45,1.0,4.0
5350898,5.0,71.0,71.0,Unknown,2.0,57587.33,6.0,9.0
9069548,15.0,181.0,61.5,Male,2.0,75110.72,2.0,5.0
1883456,5.0,70.0,53.0,Male,2.0,152167.08000000002,6.0,9.0
2986784,6.0,73.0,42.0,Unknown,2.0,43806.65,4.0,7.0
2537933,10.0,127.0,77.0,Female,2.0,673595.9500000001,1.0,4.0
1845905,16.0,197.0,41.0,Male,2.0,126734.52,3.0,6.0
9925748,13.0,156.0,58.5,Male,3.0,40342.87,5.0,8.0
5256284,5.0,71.0,27.0,Female,2.0,23989.66,2.0,5.0
8660336,12.0,146.0,29.0,Female,2.0,27307.09,0.0,3.0
1568925,7.0,85.0,75.0,Unknown,2.0,90491.47,5.0,8.0
7986451,5.0,68.0,42.5,Unknown,2.0,45377.66,0.0,3.0
1951181,14.0,178.0,38.0,Male,2.0,60264.97,2.0,5.0
3350406,4.0,59.0,20.5,Unknown,2.0,30919.41,2.0,5.0
4166251,5.0,69.0,59.0,Female,2.0,101268.38,6.0,9.0
9195344,4.0,58.0,40.0,Unknown,2.0,27561.14,1.0,4.0
4185078,6.0,73.0,48.0,Unknown,2.0,63464.5,3.0,6.0
9232682,14.0,173.0,68.0,Male,2.0,417234.78,6.0,9.0
1447336,34.0,414.0,42.5,Female,2.0,33969.619999999995,1.0,4.0
3656867,5.0,64.0,29.5,Female,2.0,39838.79,5.0,8.0
9114126,23.0,280.0,62.5,Female,3.0,63077.26,5.0,8.0
3143806,22.0,273.0,59.5,Male,2.0,64913.06,4.0,7.0
1536463,19.0,236.0,55.5,Male,2.0,76719.48,1.0,4.0
8178476,18.0,219.0,37.0,Male,3.0,204174.17,5.0,8.0
6718948,9.0,115.0,45.5,Female,2.0,37642.7,0.0,3.0
7294785,16.0,194.0,42.5,Male,2.0,69436.48999999999,3.0,6.0
8548007,11.0,135.0,35.0,Female,2.0,65046.66,2.0,5.0
9799395,15.0,180.0,81.0,Female,2.0,507782.25,6.0,9.0
8469485,16.0,194.0,49.5,Female,2.0,25132.06,2.0,5.0
1270799,6.0,83.0,35.0,Unknown,2.0,78595.07,3.0,6.0
9743459,12.0,150.0,39.0,Female,2.0,328396.55,2.0,5.0
5664923,16.0,192.0,49.5,Female,2.0,129570.37,1.0,4.0
335389,12.0,152.0,55.5,Male,2.0,380011.9,1.0,4.0
1827406,34.0,410.0,68.5,Male,2.0,205043.05,1.0,4.0
5036513,4.0,57.0,51.0,Unknown,2.0,28076.48,1.0,4.0
3695333,17.0,211.0,64.0,Male,2.0,561236.36,6.0,9.0
9089805,14.0,178.0,31.5,Male,2.0,89795.78,3.0,6.0
5476357,13.0,157.0,26.5,Male,4.0,101571.11,1.0,4.0
2341607,10.0,128.0,24.0,Male,2.0,49278.85,5.0,8.0
7430047,4.0,56.0,54.5,Female,2.0,26795.83,1.0,4.0
21970,5.0,65.0,22.5,Unknown,4.0,170906.62,4.0,7.0
2831475,6.0,75.0,68.0,Male,2.0,336004.31,0.0,3.0
8985041,13.0,156.0,73.0,Male,2.0,271499.92,6.0,9.0
7412950,12.0,155.0,31.5,Male,4.0,1297832.93,6.0,9.0
3235809,8.0,96.0,26.0,Unknown,2.0,57263.25,1.0,4.0
853358,7.0,94.0,64.0,Unknown,2.0,38942.55,0.0,3.0
1162773,11.0,143.0,49.0,Female,2.0,40196.19,6.0,9.0
7047192,10.0,126.0,32.5,Male,2.0,67971.07,6.0,9.0
9465504,7.0,95.0,28.5,Unknown,2.0,29495.94,1.0,4.0
4884704,12.0,155.0,27.5,Male,2.0,28422.05,0.0,3.0
6173510,5.0,64.0,31.0,Unknown,2.0,49586.35,1.0,4.0
7080294,5.0,66.0,56.5,Unknown,2.0,23913.16,1.0,4.0
1655063,4.0,56.0,57.0,Unknown,2.0,31596.24,2.0,5.0
3231302,4.0,58.0,27.5,Unknown,3.0,52375.4,6.0,9.0
8229929,5.0,70.0,30.0,Unknown,2.0,43705.33,3.0,6.0
6664052,32.0,394.0,71.0,Male,2.0,79642.36,0.0,4.0
7893473,29.0,352.0,81.0,Female,2.0,35045.5,3.0,6.0
9727959,13.0,158.0,69.5,Female,2.0,101777.03,2.0,5.0
5654713,4.0,57.0,25.0,Unknown,2.0,39411.75,4.0,7.0
5705369,5.0,71.0,40.5,Unknown,2.0,41650.71,1.0,4.0
6745422,13.0,165.0,52.5,Female,2.0,177934.02999999997,0.0,3.0
3838913,10.0,131.0,24.5,Female,2.0,38578.3,1.0,4.0
7193885,9.0,115.0,31.5,Male,2.0,66259.98999999999,6.0,9.0
3027050,7.0,86.0,29.0,Unknown,3.0,66905.57,5.0,8.0
1598081,8.0,98.0,70.5,Unknown,2.0,36773.72,6.0,9.0
7368037,4.0,58.0,18.0,Unknown,2.0,34722.09,6.0,9.0
3528600,7.0,85.0,45.5,Unknown,2.0,28973.13,1.0,4.0
1320616,7.0,85.0,62.5,Unknown,3.0,179004.08000000002,6.0,9.0
8578422,12.0,152.0,37.5,Male,2.0,49806.57,1.0,4.0
4483507,8.0,103.0,60.5,Unknown,2.0,116969.31,1.0,4.0
8510745,6.0,77.0,24.0,Unknown,2.0,32773.509999999995,1.0,4.0
3577138,10.0,125.0,49.0,Male,2.0,98590.17,5.0,8.0
2911416,7.0,88.0,50.5,Unknown,2.0,54491.0,0.0,3.0
9093228,5.0,71.0,24.0,Male,2.0,114934.07,5.0,8.0
998717,13.0,158.0,27.5,Female,2.0,113264.37,2.0,5.0
462674,9.0,118.0,73.5,Female,2.0,110001.91,2.0,5.0
7031318,25.0,308.0,68.5,Male,3.0,421027.77,2.0,5.0
8555554,23.0,280.0,26.5,Male,2.0,50152.01,2.0,5.0
7596838,22.0,265.0,54.5,Male,2.0,177534.96999999997,6.0,9.0
593759,21.0,252.0,69.0,Female,2.0,31413.64,5.0,8.0
4962081,19.0,234.0,31.5,Female,2.0,26133.61,0.0,3.0
9325262,19.0,231.0,39.5,Male,3.0,790982.3300000001,6.0,9.0
6093592,19.0,229.0,61.5,Unknown,2.0,28416.07,2.0,5.0
4546017,19.0,228.0,57.5,Male,4.0,555043.3500000001,6.0,9.0
2199492,18.0,226.0,72.5,Male,2.0,139162.51,3.0,6.0
3248417,17.0,207.0,45.5,Female,3.0,179910.75,1.0,4.0
7179703,16.0,197.0,69.5,Female,2.0,44378.4,4.0,7.0
6839302,5.0,67.0,23.5,Unknown,2.0,61732.62,3.0,6.0
6503295,8.0,104.0,28.0,Female,3.0,37760.96,6.0,9.0
1815033,9.0,108.0,54.5,Male,2.0,265863.89,2.0,5.0
7026350,32.0,392.0,55.0,Male,2.0,52094.23,3.0,6.0
3211203,29.0,356.0,64.5,Male,3.0,2379754.84,6.0,9.0
6081769,9.0,119.0,67.0,Male,2.0,35232.28,6.0,9.0
2300570,5.0,71.0,57.0,Unknown,3.0,85183.65,3.0,6.0
5318104,10.0,125.0,66.0,Female,2.0,314997.61,1.0,4.0
9691121,5.0,66.0,39.5,Unknown,2.0,34238.48,2.0,5.0
2926621,10.0,130.0,30.5,Male,2.0,34296.009999999995,6.0,9.0
5920523,13.0,164.0,58.5,Unknown,4.0,117536.28,6.0,9.0
9344005,15.0,183.0,93.5,Male,2.0,523260.28,4.0,7.0
989875,16.0,193.0,54.5,Male,3.0,519499.53,3.0,6.0
6382275,7.0,94.0,70.0,Unknown,2.0,633044.4800000001,6.0,9.0
3268434,7.0,85.0,32.0,Female,2.0,38794.32,3.0,6.0
8122694,28.0,344.0,50.5,Male,4.0,264019.31,6.0,9.0
9488227,27.0,328.0,62.0,Female,3.0,205598.98,5.0,8.0
5965015,8.0,101.0,68.5,Female,3.0,220920.04,3.0,7.0
3500099,13.0,165.0,30.0,Female,2.0,41830.24,1.0,4.0
3675878,8.0,97.0,20.0,Unknown,2.0,25591.41,0.0,3.0
5209141,4.0,58.0,51.5,Unknown,2.0,38967.45,1.0,4.0
3364353,5.0,60.0,22.0,Unknown,2.0,48810.9,6.0,9.0
4445887,4.0,54.0,53.0,Unknown,3.0,32001.11,2.0,5.0
6645179,12.0,145.0,29.5,Unknown,2.0,138492.51,0.0,3.0
3893607,13.0,158.0,60.0,Female,2.0,25874.98,2.0,5.0
7283450,13.0,166.0,41.0,Male,2.0,141557.81,5.0,8.0
8187299,4.0,57.0,39.5,Unknown,2.0,36643.43,2.0,5.0
6000966,8.0,96.0,54.5,Unknown,2.0,54887.59,4.0,7.0
2368241,15.0,180.0,80.5,Female,2.0,144551.53,3.0,6.0
3823362,14.0,178.0,60.0,Female,2.0,37398.06,3.0,6.0
7277090,14.0,171.0,41.0,Female,2.0,178030.86,0.0,3.0
4142763,8.0,106.0,57.5,Female,2.0,435066.87,1.0,4.0
6171366,5.0,70.0,50.0,Unknown,2.0,38296.78,1.0,4.0
7733914,15.0,185.0,37.5,Male,2.0,425271.45,2.0,5.0
4118156,6.0,81.0,43.5,Unknown,2.0,23907.81,1.0,4.0
3103157,11.0,139.0,51.5,Female,2.0,26876.8,2.0,5.0
4587564,7.0,86.0,62.0,Unknown,2.0,445366.82,6.0,9.0
5222375,7.0,91.0,50.5,Unknown,2.0,486249.49,5.0,8.0
4003786,6.0,74.0,43.5,Unknown,2.0,57534.27,2.0,5.0
7287656,6.0,73.0,57.5,Unknown,2.0,382766.85,0.0,3.0
9114715,13.0,164.0,30.5,Female,2.0,51513.02,0.0,3.0
120089,14.0,179.0,43.0,Female,2.0,129764.11,0.0,3.0
4943650,24.0,290.0,24.5,Female,2.0,28261.56,1.0,4.0
681768,23.0,280.0,45.0,Female,4.0,497193.1,6.0,9.0
9308684,22.0,270.0,52.0,Male,2.0,215058.83,3.0,6.0
2041875,21.0,261.0,62.5,Female,3.0,370454.22,5.0,8.0
34267,21.0,255.0,74.5,Male,2.0,38494.91,1.0,4.0
7397902,17.0,214.0,65.5,Female,2.0,43184.8,5.0,8.0
7746671,11.0,142.0,61.0,Male,2.0,28675.73,0.0,3.0
3793983,9.0,113.0,66.5,Male,4.0,551230.01,5.0,9.0
5810662,12.0,154.0,32.0,Female,2.0,99947.43,1.0,4.0
4304366,4.0,59.0,25.0,Unknown,3.0,114615.88,6.0,9.0
3855497,7.0,95.0,30.0,Unknown,2.0,72786.69,2.0,5.0
8830074,5.0,71.0,21.0,Unknown,2.0,32026.05,3.0,6.0
6623816,14.0,178.0,39.5,Male,2.0,41902.98,0.0,3.0
2392260,5.0,71.0,59.5,Unknown,2.0,39399.24,3.0,6.0
4601555,12.0,154.0,31.0,Female,2.0,45700.61,2.0,5.0
3018474,11.0,137.0,77.0,Female,2.0,388055.82,2.0,5.0
117457,6.0,82.0,26.5,Unknown,2.0,24717.84,6.0,9.0
3260159,18.0,217.0,44.0,Unknown,2.0,77486.06,0.0,3.0
4205704,5.0,68.0,23.5,Unknown,2.0,48397.9,4.0,7.0
7193788,13.0,158.0,69.0,Male,2.0,225799.16,2.0,5.0
1334820,6.0,78.0,59.5,Female,2.0,23801.78,0.0,3.0
8984930,17.0,205.0,57.0,Male,2.0,28306.95,6.0,9.0
5062297,10.0,120.0,68.0,Female,2.0,42424.36,3.0,7.0
5231727,10.0,122.0,62.5,Female,2.0,35340.59,2.0,5.0
9794098,16.0,193.0,54.5,Male,2.0,36520.25,2.0,5.0
5837852,16.0,203.0,47.0,Female,2.0,178977.09000000003,0.0,3.0
6091101,6.0,83.0,66.0,Unknown,2.0,58344.27,5.0,8.0
8462560,5.0,70.0,58.0,Male,2.0,81406.97,4.0,7.0
8985808,12.0,150.0,50.0,Female,2.0,123193.81,5.0,8.0
582858,5.0,67.0,27.0,Unknown,2.0,46316.23,5.0,8.0
701817,8.0,97.0,44.0,Unknown,3.0,43405.84,2.0,5.0
3398629,8.0,102.0,35.5,Unknown,3.0,136105.02000000002,6.0,9.0
6905071,15.0,189.0,71.5,Male,2.0,152026.07,6.0,9.0
2769726,13.0,167.0,43.0,Female,2.0,35078.42,1.0,4.0
7725213,7.0,86.0,63.0,Unknown,2.0,277747.16,2.0,5.0
1232706,7.0,86.0,49.0,Unknown,2.0,58593.09,6.0,9.0
7102262,7.0,89.0,39.0,Unknown,2.0,35679.95,0.0,3.0
5930908,11.0,134.0,47.5,Female,2.0,39005.44,4.0,7.0
2409622,10.0,129.0,54.0,Male,3.0,54913.4,2.0,5.0
6518801,14.0,178.0,40.0,Male,2.0,34885.5,4.0,7.0
9067814,13.0,164.0,46.0,Female,2.0,30520.56,3.0,6.0
4104463,6.0,81.0,47.0,Unknown,2.0,272985.57,3.0,6.0
6265566,12.0,153.0,31.0,Female,2.0,106056.39,6.0,9.0
365203,9.0,108.0,33.5,Female,3.0,82797.29000000001,3.0,6.0
1753466,8.0,97.0,30.5,Unknown,2.0,80151.33,4.0,7.0
8264967,9.0,109.0,59.0,Female,2.0,59899.28,6.0,9.0
876316,5.0,64.0,44.5,Unknown,2.0,57441.58,4.0,7.0
9359740,10.0,130.0,29.0,Female,2.0,29159.13,0.0,3.0
2765586,8.0,107.0,33.5,Female,2.0,31440.25,5.0,8.0
7680044,6.0,72.0,32.0,Unknown,2.0,68659.08,0.0,3.0
2030263,7.0,93.0,64.0,Unknown,3.0,235740.86,3.0,6.0
8441943,9.0,113.0,68.5,Female,3.0,101207.06,2.0,7.0
2101232,14.0,172.0,34.0,Female,2.0,35524.1,4.0,7.0
2594614,25.0,309.0,64.5,Male,2.0,1291578.91,6.0,9.0
4332924,3.0,47.0,28.0,Unknown,2.0,39865.71,2.0,5.0
9616732,16.0,192.0,72.5,Female,2.0,83674.2,0.0,3.0
2531827,20.0,247.0,47.0,Female,2.0,79016.42,0.0,3.0
9156514,21.0,260.0,52.5,Male,4.0,426649.13,0.0,3.0
5100032,17.0,211.0,56.0,Male,2.0,197826.21,6.0,9.0
3166313,5.0,70.0,36.0,Male,2.0,29278.49,0.0,3.0
7295005,5.0,71.0,30.0,Female,2.0,50068.5,5.0,8.0
3323343,6.0,81.0,38.0,Unknown,2.0,49105.78999999999,0.0,3.0
2417189,5.0,62.0,33.5,Female,2.0,55254.33,0.0,3.0
2262377,16.0,193.0,42.5,Female,2.0,124117.55,6.0,9.0
26286,12.0,149.0,71.0,Female,2.0,27511.56,3.0,6.0
7977329,6.0,73.0,47.0,Unknown,2.0,31089.95,0.0,3.0
472614,4.0,59.0,29.0,Female,2.0,58961.81,6.0,9.0
6106095,13.0,159.0,26.0,Male,2.0,27792.2,6.0,9.0
8810251,5.0,69.0,43.5,Unknown,3.0,29029.8,0.0,3.0
6020027,19.0,236.0,47.0,Female,2.0,53053.26,3.0,6.0
1183489,15.0,181.0,68.0,Male,3.0,171288.96000000002,6.0,9.0
50325,15.0,181.0,61.5,Female,2.0,54506.61,4.0,7.0
6300654,8.0,104.0,50.5,Female,2.0,37461.63,0.0,3.0
3086953,11.0,136.0,50.0,Female,2.0,24046.36,1.0,4.0
3265866,27.0,332.0,59.0,Male,2.0,407949.93,5.0,8.0
9325737,4.0,58.0,34.0,Female,2.0,44378.33,2.0,7.0
1726128,5.0,65.0,35.5,Unknown,2.0,29869.72,0.0,3.0
2241215,12.0,152.0,46.0,Male,3.0,145716.24,0.0,3.0
626254,7.0,94.0,61.0,Unknown,3.0,58118.89,6.0,9.0
3317840,9.0,119.0,50.5,Female,3.0,62247.68,6.0,9.0
2149410,10.0,123.0,47.0,Female,2.0,79697.26,5.0,8.0
5552984,13.0,166.0,48.5,Female,3.0,184773.65,6.0,9.0
4688141,4.0,57.0,60.0,Unknown,2.0,30237.29,1.0,4.0
1247219,6.0,81.0,46.5,Unknown,2.0,56245.01,3.0,6.0
7582604,9.0,108.0,74.0,Unknown,2.0,38590.41,5.0,8.0
7334944,32.0,394.0,57.5,Female,2.0,134762.26,3.0,6.0
7961086,16.0,202.0,58.5,Female,2.0,87788.0,0.0,3.0
841843,12.0,152.0,44.5,Female,2.0,102674.03,5.0,8.0
2677821,10.0,120.0,62.5,Male,2.0,583391.9,1.0,4.0
4143462,10.0,120.0,32.5,Female,2.0,36342.84,1.0,4.0
2369284,5.0,67.0,23.0,Unknown,2.0,52039.38,2.0,5.0
382317,4.0,58.0,47.0,Unknown,2.0,46084.95,5.0,8.0
5821086,17.0,213.0,63.5,Male,2.0,59698.76,2.0,5.0
4002069,9.0,119.0,44.5,Male,2.0,64118.64,1.0,4.0
2593577,16.0,202.0,61.0,Male,2.0,415207.19,6.0,9.0
9540266,5.0,70.0,60.5,Unknown,2.0,59869.69,3.0,6.0
9466803,11.0,137.0,27.0,Female,2.0,46131.19,1.0,4.0
5249648,24.0,291.0,57.0,Male,3.0,43116.86,2.0,5.0
3340793,23.0,287.0,63.5,Female,2.0,187728.19,2.0,5.0
5599473,22.0,264.0,53.0,Male,2.0,60434.31,2.0,5.0
7031553,20.0,250.0,34.5,Male,2.0,364602.55,6.0,9.0
8416586,20.0,249.0,68.0,Female,2.0,90799.16,2.0,5.0
6076607,20.0,244.0,66.5,Male,2.0,117213.9,3.0,6.0
6495904,20.0,241.0,62.0,Female,3.0,262796.18,3.0,6.0
6947298,19.0,229.0,76.5,Male,2.0,1020907.53,6.0,9.0
1855885,18.0,216.0,63.0,Male,2.0,317646.71,3.0,6.0
7767796,16.0,202.0,55.5,Female,3.0,260531.04,6.0,9.0
4588065,6.0,74.0,39.5,Unknown,2.0,30678.49,6.0,9.0
9204242,10.0,130.0,53.0,Male,2.0,63750.4,1.0,4.0
2513132,12.0,155.0,47.5,Female,2.0,132119.34,6.0,9.0
9213605,16.0,197.0,29.0,Female,3.0,87757.7,1.0,4.0
3617339,4.0,59.0,28.5,Unknown,2.0,25070.46,1.0,4.0
5232551,16.0,193.0,44.5,Female,2.0,141588.9,6.0,9.0
1309732,13.0,163.0,70.0,Female,2.0,193529.85,6.0,9.0
9413608,5.0,71.0,26.5,Male,4.0,30318.25,5.0,8.0
3264886,7.0,89.0,56.5,Unknown,2.0,67517.51,2.0,5.0
4346422,7.0,88.0,27.5,Unknown,2.0,24998.68,6.0,9.0
7376723,5.0,66.0,43.5,Unknown,2.0,41864.31,6.0,9.0
6985,7.0,89.0,61.5,Unknown,3.0,84975.6,6.0,9.0
3394384,5.0,67.0,63.5,Male,2.0,49507.0,2.0,5.0
5492036,16.0,194.0,52.0,Female,2.0,111006.65,6.0,9.0
765501,16.0,202.0,50.5,Male,2.0,31243.95,0.0,4.0
6791214,5.0,70.0,25.5,Unknown,2.0,30433.49,1.0,4.0
2063805,10.0,131.0,34.5,Female,2.0,86329.2,5.0,8.0
1402579,4.0,58.0,22.5,Unknown,2.0,30671.59,0.0,3.0
4343404,6.0,82.0,53.0,Unknown,3.0,46806.11,5.0,8.0
3616512,5.0,65.0,48.0,Unknown,2.0,106367.56,2.0,5.0
2573092,7.0,86.0,32.5,Unknown,3.0,81758.94,6.0,9.0
9045161,29.0,354.0,87.0,Male,2.0,292618.67,4.0,7.0
4625653,9.0,119.0,59.5,Male,3.0,212110.29,6.0,9.0
7650783,4.0,56.0,49.5,Unknown,2.0,27393.36,3.0,6.0
4691032,27.0,326.0,67.0,Female,2.0,156650.69,5.0,8.0
2499274,16.0,196.0,45.5,Male,2.0,245605.3,2.0,5.0
8248690,8.0,98.0,28.5,Unknown,3.0,59547.98,6.0,9.0
8682715,34.0,412.0,61.0,Male,2.0,33483.66,2.0,5.0
8936124,15.0,181.0,35.0,Male,2.0,57297.2,0.0,3.0
8845667,5.0,70.0,42.5,Unknown,2.0,137178.97999999998,4.0,7.0
5830049,7.0,94.0,64.5,Unknown,2.0,142933.28,2.0,5.0
6719433,31.0,379.0,55.5,Male,2.0,83369.04000000001,0.0,3.0
4189284,4.0,58.0,24.5,Unknown,2.0,34421.57,3.0,6.0
7830123,13.0,161.0,33.5,Female,2.0,32868.04,0.0,3.0
5429994,16.0,193.0,23.5,Female,2.0,34358.98,0.0,3.0
5023647,23.0,287.0,47.0,Male,3.0,67008.62,6.0,9.0
6741862,22.0,275.0,67.0,Female,2.0,87566.16,1.0,4.0
8785403,22.0,264.0,72.5,Male,2.0,141718.53999999998,0.0,3.0
2782026,21.0,260.0,50.5,Male,2.0,53441.44,1.0,4.0
4548139,20.0,248.0,67.0,Female,2.0,123216.4,1.0,4.0
9994194,20.0,250.0,33.0,Male,2.0,50614.92,3.0,6.0
1167212,21.0,252.0,34.0,Female,3.0,29468.64,4.0,7.0
8368488,6.0,76.0,23.5,Unknown,2.0,56940.79,6.0,9.0
335950,9.0,112.0,54.0,Female,2.0,49834.16,1.0,4.0
1914389,13.0,167.0,59.5,Female,2.0,76440.45999999999,0.0,3.0
8888588,15.0,186.0,19.5,Female,2.0,33048.97,3.0,6.0
176114,4.0,58.0,30.5,Unknown,2.0,57637.17,3.0,6.0
9859629,11.0,144.0,45.5,Female,2.0,133202.59,0.0,3.0
7470426,4.0,59.0,20.0,Unknown,2.0,37362.57,0.0,3.0
5984207,16.0,192.0,36.0,Female,2.0,31529.63,1.0,4.0
2651167,13.0,161.0,29.5,Female,3.0,174269.84000000003,2.0,5.0
7592023,6.0,72.0,24.5,Unknown,3.0,56931.54,4.0,7.0
1950444,12.0,147.0,42.0,Male,3.0,717290.88,5.0,8.0
610835,9.0,113.0,29.5,Female,2.0,30226.42,1.0,4.0
7181622,6.0,81.0,60.0,Unknown,2.0,156234.40000000002,6.0,9.0
6825042,10.0,121.0,35.0,Male,2.0,68937.17,6.0,9.0
5777462,4.0,58.0,59.5,Male,2.0,55660.87,1.0,4.0
4596885,12.0,152.0,38.0,Female,2.0,46518.38,0.0,3.0
2856567,11.0,134.0,74.0,Female,2.0,73678.0,6.0,9.0
4346799,7.0,85.0,20.5,Unknown,2.0,29499.78,0.0,3.0
4073412,13.0,157.0,51.0,Female,2.0,103412.86,3.0,6.0
6747667,7.0,89.0,71.0,Unknown,2.0,120167.99,4.0,7.0
2557009,12.0,146.0,28.5,Male,3.0,50745.36,6.0,9.0
9352538,15.0,189.0,57.5,Male,2.0,88767.95,3.0,6.0
6826954,4.0,58.0,41.5,Unknown,3.0,214639.13,5.0,8.0
2371536,4.0,51.0,41.5,Unknown,2.0,123661.32,1.0,4.0
1154898,27.0,332.0,68.5,Male,3.0,578428.91,4.0,7.0
2819916,13.0,156.0,34.0,Male,4.0,95046.08,4.0,7.0
4964119,6.0,78.0,52.0,Unknown,3.0,124467.13,4.0,7.0
8062084,5.0,71.0,30.0,Unknown,2.0,30121.87,0.0,3.0
6590564,8.0,104.0,61.0,Female,2.0,355569.76,0.0,3.0
4567305,6.0,73.0,25.0,Unknown,2.0,40070.99,6.0,9.0
5902718,16.0,203.0,66.5,Male,2.0,66223.73999999999,0.0,3.0
9659583,7.0,84.0,22.5,Male,2.0,30226.93,3.0,6.0
3790766,5.0,68.0,26.5,Unknown,2.0,44016.33,1.0,4.0
6646968,15.0,189.0,59.0,Male,2.0,55124.4,0.0,3.0
4405328,4.0,58.0,58.5,Unknown,2.0,44767.73,0.0,3.0
8598372,13.0,160.0,45.0,Female,3.0,66739.29000000001,2.0,5.0
3170122,14.0,173.0,49.5,Female,2.0,75114.19,2.0,5.0
2585770,6.0,75.0,37.5,Unknown,2.0,111884.57,2.0,5.0
5083257,7.0,85.0,55.0,Unknown,2.0,260623.28,0.0,3.0
828566,7.0,94.0,61.0,Unknown,2.0,81914.41,1.0,4.0
8598149,22.0,275.0,18.5,Male,2.0,33153.84,0.0,3.0
768793,21.0,253.0,45.5,Male,2.0,34647.63,6.0,9.0
8724044,20.0,242.0,46.0,Male,2.0,54066.16,5.0,8.0
1640688,20.0,241.0,75.0,Male,3.0,187420.08,5.0,8.0
2963023,18.0,221.0,64.5,Male,4.0,308414.15,6.0,9.0
7851117,16.0,201.0,45.5,Male,2.0,99476.67,4.0,7.0
1311377,8.0,106.0,35.0,Female,2.0,71150.17,3.0,6.0
5568938,11.0,136.0,53.5,Female,2.0,123449.67,3.0,6.0
1595410,15.0,183.0,24.5,Female,2.0,78010.39,3.0,6.0
8825647,5.0,70.0,32.5,Unknown,2.0,30768.11,0.0,3.0
3065804,15.0,189.0,36.0,Female,2.0,141701.37,0.0,3.0
5698452,7.0,84.0,26.0,Unknown,2.0,43400.01,5.0,8.0
3325600,18.0,224.0,61.5,Female,2.0,81848.34,6.0,9.0
483041,9.0,110.0,63.0,Male,2.0,372902.69,0.0,3.0
9980320,6.0,82.0,51.5,Female,3.0,231341.17,6.0,9.0
2231989,10.0,123.0,67.0,Female,2.0,71328.62,6.0,9.0
2118118,8.0,97.0,25.0,Unknown,2.0,33199.46,6.0,9.0
4605001,27.0,330.0,60.5,Male,2.0,33559.31,0.0,3.0
6316734,14.0,175.0,42.0,Male,2.0,166538.49,3.0,6.0
4541475,27.0,332.0,64.5,Female,2.0,211338.03,1.0,4.0
4676712,6.0,82.0,61.5,Unknown,2.0,45739.57,3.0,6.0
4601112,15.0,183.0,65.0,Male,4.0,1771680.65,4.0,7.0
2001821,12.0,144.0,69.5,Male,2.0,74839.79000000001,1.0,4.0
1302101,13.0,166.0,28.0,Male,2.0,34245.96,0.0,3.0
305251,13.0,163.0,27.5,Male,3.0,631420.74,6.0,9.0
6605571,13.0,161.0,31.5,Female,2.0,27942.91,1.0,4.0
493311,16.0,202.0,53.0,Male,3.0,50481.2,5.0,8.0
8382404,31.0,379.0,65.5,Female,2.0,27792.29,0.0,3.0
5468964,6.0,82.0,32.5,Unknown,2.0,75075.29000000001,1.0,4.0
420983,4.0,55.0,43.0,Unknown,2.0,174500.72999999998,0.0,3.0
6017862,14.0,179.0,46.5,Female,2.0,61987.4,6.0,9.0
5124158,10.0,121.0,57.0,Female,2.0,48160.42,1.0,4.0
5839486,6.0,82.0,47.0,Unknown,2.0,73839.75,3.0,6.0
4375520,3.0,37.0,35.0,Unknown,2.0,37688.21,6.0,9.0
1327847,5.0,60.0,28.0,Unknown,2.0,33341.52,3.0,6.0
3351420,7.0,93.0,64.5,Unknown,2.0,339609.74,6.0,9.0
4985191,8.0,97.0,19.0,Unknown,2.0,32350.17,1.0,4.0
9833861,8.0,107.0,28.0,Male,2.0,54194.88,6.0,9.0
4681803,16.0,203.0,57.0,Male,2.0,57033.63,2.0,5.0
510186,14.0,173.0,28.5,Female,2.0,34175.83,0.0,4.0
8067026,17.0,207.0,59.5,Male,2.0,69271.07,3.0,6.0
317351,15.0,180.0,56.5,Male,3.0,128865.99,6.0,9.0
1622925,12.0,146.0,55.5,Male,3.0,69855.5,3.0,6.0
5425186,10.0,131.0,28.5,Female,3.0,52359.1,1.0,4.0
736140,4.0,58.0,60.0,Unknown,3.0,45495.12,4.0,7.0
8080099,8.0,106.0,70.0,Male,2.0,35581.96,1.0,4.0
671304,12.0,155.0,58.5,Female,2.0,25472.51,0.0,3.0
7089856,24.0,288.0,72.5,Female,2.0,46856.62,0.0,3.0
7236884,23.0,281.0,55.5,Male,2.0,825650.4700000001,2.0,5.0
5675982,23.0,277.0,47.5,Male,3.0,630977.75,5.0,8.0
3828521,23.0,279.0,50.5,Female,2.0,40718.94,5.0,8.0
1235798,22.0,270.0,48.0,Female,2.0,55489.35,2.0,5.0
9965685,21.0,261.0,48.5,Female,2.0,52064.17999999999,0.0,3.0
3804845,19.0,229.0,73.5,Male,2.0,328661.08,6.0,9.0
6494639,15.0,181.0,33.0,Male,3.0,66008.42,3.0,6.0
8655053,7.0,92.0,26.0,Unknown,2.0,70146.98,2.0,5.0
6811175,4.0,53.0,35.0,Female,2.0,31807.19,2.0,5.0
4695835,17.0,211.0,55.0,Female,2.0,61061.54,2.0,6.0
946577,7.0,84.0,53.0,Unknown,2.0,30938.76,0.0,3.0
1824825,31.0,380.0,55.0,Female,2.0,113947.12,6.0,9.0
651975,16.0,200.0,58.5,Female,2.0,357080.6,1.0,4.0
1913462,6.0,73.0,54.0,Unknown,2.0,39771.99,1.0,4.0
2711126,28.0,347.0,65.5,Male,2.0,82812.79000000001,4.0,7.0
3411294,15.0,187.0,52.5,Female,2.0,74729.72,3.0,6.0
1228964,5.0,70.0,31.0,Unknown,2.0,45759.84,2.0,5.0
9684674,18.0,216.0,24.5,Unknown,3.0,98252.13,6.0,9.0
8254183,6.0,82.0,44.0,Unknown,2.0,702575.74,6.0,9.0
412057,15.0,189.0,51.0,Male,2.0,75478.56,6.0,9.0
2308460,13.0,167.0,33.0,Male,2.0,66144.76,6.0,9.0
2826729,9.0,108.0,72.5,Female,4.0,223886.16,2.0,5.0
6236471,6.0,74.0,22.0,Unknown,2.0,25195.26,1.0,4.0
9620424,16.0,196.0,36.5,Male,4.0,260625.29,2.0,5.0
3700934,8.0,100.0,24.0,Female,2.0,25826.66,4.0,7.0
5656171,6.0,83.0,32.5,Unknown,2.0,47584.78,2.0,5.0
7326475,10.0,123.0,44.0,Female,2.0,113291.11,0.0,3.0
3824498,13.0,157.0,66.5,Female,2.0,54424.86,4.0,7.0
8489443,7.0,93.0,37.0,Unknown,2.0,60253.16,1.0,4.0
4188215,8.0,97.0,32.5,Unknown,2.0,45351.53,0.0,3.0
4148066,5.0,71.0,45.5,Unknown,2.0,37443.31,2.0,5.0
4831458,7.0,88.0,67.0,Unknown,2.0,56592.32,6.0,9.0
353727,4.0,57.0,21.5,Male,2.0,33304.119999999995,6.0,9.0
8930630,4.0,59.0,42.0,Female,2.0,42808.26,6.0,9.0
9256197,7.0,92.0,41.0,Unknown,2.0,31207.46,3.0,6.0
2427579,16.0,192.0,38.5,Female,2.0,91308.98,2.0,6.0
8966141,5.0,60.0,55.5,Unknown,2.0,605842.99,5.0,8.0
5132385,24.0,289.0,20.5,Female,3.0,39436.82,3.0,6.0
3961127,22.0,267.0,41.5,Unknown,3.0,198946.33,6.0,9.0
2096724,21.0,262.0,59.5,Female,2.0,75444.83,4.0,7.0
9157464,21.0,256.0,34.0,Female,3.0,431075.0,1.0,4.0
1996689,19.0,239.0,52.5,Female,2.0,33140.36,5.0,8.0
3680273,17.0,215.0,44.0,Female,2.0,85931.73,0.0,3.0
8750153,4.0,57.0,23.0,Unknown,2.0,35342.31,4.0,7.0
1286768,5.0,71.0,22.5,Unknown,2.0,25897.72,0.0,3.0
6660436,14.0,175.0,59.5,Female,3.0,180729.89,0.0,3.0
6029041,5.0,64.0,38.0,Unknown,2.0,54071.22,4.0,7.0
9159706,9.0,108.0,42.0,Female,2.0,55792.28999999999,0.0,3.0
1685089,9.0,108.0,30.0,Male,3.0,100150.91,3.0,6.0
9296989,5.0,61.0,26.0,Female,3.0,84938.97,6.0,9.0
3205312,8.0,107.0,55.0,Male,2.0,90428.97,3.0,6.0
7875371,11.0,140.0,26.0,Male,2.0,52934.4,3.0,6.0
9179508,8.0,106.0,66.0,Male,2.0,208743.48,2.0,5.0
5574967,16.0,194.0,56.5,Female,4.0,502729.03,3.0,6.0
3154259,8.0,105.0,57.5,Male,2.0,91364.51,6.0,9.0
5316407,14.0,177.0,49.5,Male,2.0,53287.56,0.0,3.0
2684004,5.0,68.0,70.5,Female,2.0,89388.08,2.0,5.0
5705948,6.0,78.0,61.0,Unknown,2.0,138552.16,6.0,9.0
1709985,6.0,77.0,33.0,Unknown,2.0,111017.45,4.0,7.0
800754,9.0,118.0,34.0,Male,3.0,131807.62,4.0,7.0
48448,8.0,105.0,67.5,Male,2.0,53172.78999999999,2.0,5.0
644625,5.0,60.0,60.5,Unknown,2.0,39790.67,1.0,4.0
5832072,14.0,175.0,42.5,Male,2.0,34515.97,2.0,5.0
2856778,7.0,91.0,56.5,Unknown,2.0,273827.23,4.0,7.0
8957815,11.0,139.0,63.5,Unknown,2.0,26900.92,1.0,4.0
4014888,16.0,193.0,62.5,Female,3.0,26958.17,2.0,5.0
5565651,4.0,59.0,28.5,Unknown,2.0,32836.38,4.0,7.0
8022678,6.0,75.0,82.0,Male,2.0,91120.52,4.0,7.0
6244483,14.0,172.0,33.0,Female,2.0,122300.61,0.0,3.0
1640739,8.0,102.0,44.0,Male,2.0,45593.69,2.0,5.0
2655180,11.0,142.0,59.0,Female,2.0,44430.46,4.0,7.0
2370747,31.0,372.0,89.0,Female,3.0,384724.33,2.0,6.0
7493843,31.0,377.0,60.0,Male,3.0,1771579.7,6.0,9.0
4401660,6.0,79.0,44.5,Male,2.0,58775.25,0.0,3.0
7623407,4.0,59.0,55.5,Unknown,3.0,135275.33000000002,5.0,8.0
3508537,5.0,65.0,73.0,Male,2.0,822908.4700000001,6.0,9.0
4064024,5.0,67.0,56.0,Unknown,2.0,54781.21,3.0,6.0
1263417,9.0,108.0,40.0,Male,2.0,31418.83,3.0,6.0
648162,4.0,58.0,29.5,Unknown,3.0,44626.99,6.0,9.0
475258,9.0,112.0,50.5,Female,2.0,223785.65,3.0,6.0
604991,14.0,172.0,31.0,Male,3.0,56824.87,6.0,9.0
8254556,7.0,92.0,48.5,Unknown,2.0,29712.07,6.0,9.0
6137806,13.0,156.0,35.0,Female,2.0,66853.79999999999,4.0,7.0
9006100,7.0,87.0,62.5,Unknown,2.0,314820.86,6.0,9.0
7136865,6.0,81.0,67.0,Unknown,3.0,287831.43,0.0,4.0
8370440,12.0,145.0,39.5,Female,2.0,143452.41999999998,0.0,3.0
5467564,6.0,77.0,55.5,Unknown,2.0,67003.97,2.0,5.0
9050518,5.0,69.0,65.5,Unknown,2.0,85097.22,2.0,5.0
530699,15.0,187.0,55.0,Female,2.0,40555.81,2.0,5.0
2857733,8.0,96.0,65.0,Unknown,2.0,338145.07,2.0,6.0
2264827,3.0,37.0,73.0,Unknown,2.0,51822.72,2.0,5.0
7561139,16.0,194.0,40.5,Female,2.0,172036.68,2.0,5.0
5929749,3.0,44.0,32.5,Unknown,4.0,142841.09,6.0,9.0
9727191,7.0,90.0,53.0,Unknown,2.0,40982.58,2.0,5.0
5315856,14.0,178.0,61.0,Female,2.0,147324.97,1.0,5.0
7847129,13.0,163.0,28.5,Male,2.0,30904.31,6.0,9.0
1083793,6.0,79.0,42.0,Unknown,2.0,63111.47,4.0,7.0
1305058,8.0,102.0,37.0,Unknown,2.0,79917.7,1.0,4.0
4572747,11.0,140.0,45.5,Male,2.0,63815.58,5.0,8.0
4653790,10.0,129.0,41.0,Male,2.0,26171.1,2.0,5.0
170507,24.0,292.0,67.5,Male,4.0,1463656.48,5.0,8.0
5481343,22.0,270.0,60.5,Male,3.0,217506.63,4.0,7.0
4886533,22.0,264.0,61.5,Female,3.0,260179.86,6.0,9.0
6855025,21.0,261.0,23.5,Female,2.0,40348.31,1.0,4.0
6573458,21.0,260.0,46.5,Female,3.0,138678.95,4.0,7.0
6282405,18.0,220.0,27.0,Male,3.0,81093.93,4.0,7.0
3797928,20.0,248.0,67.5,Female,2.0,43725.63,2.0,5.0
7600852,9.0,118.0,31.0,Male,2.0,59021.99,2.0,5.0
1967086,6.0,74.0,52.5,Unknown,2.0,67305.23,1.0,5.0
1242903,12.0,151.0,37.0,Male,2.0,66506.98,6.0,9.0
6689922,9.0,112.0,66.5,Male,2.0,94175.62,5.0,8.0
6734072,7.0,94.0,38.5,Unknown,2.0,53523.49,6.0,9.0
9642796,13.0,166.0,32.5,Male,2.0,44192.5,2.0,5.0
8453230,15.0,186.0,55.0,Male,2.0,520810.65,3.0,6.0
872784,6.0,74.0,59.0,Unknown,2.0,34254.82,1.0,4.0
285338,5.0,60.0,33.0,Female,2.0,30244.61,1.0,4.0
119599,5.0,67.0,33.0,Unknown,2.0,45872.53,5.0,8.0
229500,13.0,156.0,35.0,Female,2.0,38431.84,0.0,3.0
8892030,9.0,113.0,57.0,Male,2.0,65450.99,1.0,4.0
695624,8.0,100.0,32.0,Female,2.0,26119.94,0.0,3.0
4546077,5.0,70.0,30.0,Male,2.0,127078.87,5.0,8.0
4391047,14.0,172.0,60.0,Female,2.0,51715.03,1.0,4.0
9045868,5.0,62.0,47.0,Unknown,2.0,106840.42,6.0,9.0
9562735,5.0,67.0,55.0,Female,2.0,30191.8,3.0,6.0
726659,6.0,74.0,21.5,Unknown,2.0,32282.67,6.0,9.0
7200691,17.0,214.0,70.0,Female,3.0,439384.4,5.0,8.0
4786356,12.0,155.0,57.0,Female,3.0,227299.98,5.0,8.0
5968386,13.0,162.0,31.0,Male,3.0,264354.98,6.0,9.0
948952,8.0,105.0,37.5,Male,2.0,216963.6,3.0,6.0
6025559,14.0,179.0,41.0,Unknown,2.0,120976.59,1.0,4.0
2426068,5.0,71.0,55.5,Unknown,4.0,35554.81,6.0,9.0
5258191,16.0,194.0,29.5,Female,2.0,40707.5,3.0,6.0
3522550,6.0,73.0,36.0,Male,2.0,31522.51,2.0,5.0
6528295,15.0,181.0,58.5,Female,2.0,64756.83,0.0,3.0
9557253,6.0,81.0,71.0,Unknown,2.0,190442.91,2.0,6.0
2541695,6.0,82.0,31.5,Unknown,2.0,26824.57,6.0,9.0
9050950,11.0,136.0,40.5,Male,2.0,43635.85,3.0,6.0
8617715,31.0,379.0,74.5,Male,3.0,28949.64,2.0,5.0
9376975,10.0,129.0,59.5,Female,2.0,39921.25,2.0,5.0
8588400,11.0,142.0,75.5,Female,2.0,370399.11,3.0,6.0
9027485,8.0,105.0,51.0,Male,2.0,129670.73,5.0,8.0
6491644,13.0,165.0,29.5,Male,3.0,89968.05,2.0,5.0
2678474,15.0,184.0,67.0,Female,2.0,36104.06,1.0,4.0
7622779,6.0,79.0,33.0,Unknown,3.0,609232.4600000001,6.0,9.0
2578492,7.0,93.0,49.0,Unknown,2.0,183453.82,2.0,5.0
6624110,8.0,96.0,27.0,Unknown,2.0,53125.2,6.0,9.0
3957137,6.0,79.0,61.0,Unknown,2.0,82247.89,6.0,9.0
5935080,5.0,62.0,55.5,Unknown,3.0,124873.09,5.0,8.0
9389266,5.0,70.0,41.5,Male,2.0,44103.87,1.0,4.0
5612059,8.0,96.0,32.5,Unknown,2.0,71400.76,3.0,6.0
6534022,28.0,336.0,26.0,Unknown,3.0,111324.49,3.0,6.0
1430829,7.0,84.0,51.5,Male,2.0,182964.91,4.0,7.0
8239889,13.0,157.0,22.5,Female,2.0,33296.03,1.0,4.0
6189850,3.0,47.0,70.5,Female,2.0,416299.4,0.0,3.0
5779665,24.0,289.0,72.5,Female,2.0,35891.64,3.0,6.0
8720490,23.0,279.0,62.5,Male,2.0,48724.81,3.0,6.0
6625127,22.0,270.0,26.5,Unknown,2.0,36195.49,1.0,4.0
21353,21.0,260.0,77.5,Female,2.0,25418.25,2.0,5.0
7869282,21.0,253.0,55.0,Male,2.0,143911.03,5.0,8.0
5867763,20.0,245.0,59.5,Male,4.0,561655.41,6.0,9.0
2891163,20.0,241.0,67.5,Female,2.0,45390.41,2.0,5.0
981261,19.0,237.0,64.0,Female,2.0,440114.96,3.0,8.0
994090,17.0,207.0,59.0,Female,2.0,226737.39,6.0,9.0
9924413,14.0,178.0,58.5,Female,2.0,31578.1,2.0,5.0
3602152,15.0,191.0,30.5,Male,2.0,122002.03,6.0,9.0
5981882,14.0,171.0,46.0,Male,2.0,108899.14,6.0,9.0
9141990,9.0,118.0,39.0,Male,2.0,96767.23,0.0,3.0
2631761,7.0,86.0,32.5,Unknown,2.0,43693.74,6.0,9.0
6509648,36.0,442.0,77.5,Female,3.0,603443.8500000001,6.0,9.0
8016176,4.0,57.0,21.5,Unknown,2.0,27866.78,0.0,3.0
2189606,34.0,409.0,59.0,Male,2.0,50188.69,1.0,4.0
6741997,4.0,51.0,40.5,Female,4.0,320957.57,4.0,7.0
372698,6.0,83.0,44.0,Unknown,2.0,29453.42,1.0,4.0
4064683,5.0,66.0,18.0,Unknown,3.0,56172.55,6.0,9.0
4067691,15.0,184.0,54.0,Male,2.0,84756.62,2.0,5.0
6329415,16.0,202.0,49.0,Unknown,2.0,35063.89,0.0,3.0
7270372,15.0,190.0,62.5,Male,3.0,50940.5,5.0,8.0
6642950,9.0,109.0,63.5,Female,2.0,34648.259999999995,6.0,9.0
9254977,14.0,178.0,45.0,Female,2.0,30545.87,0.0,3.0
9787927,10.0,130.0,31.5,Male,2.0,25680.06,6.0,9.0
8163927,13.0,156.0,78.5,Female,2.0,34617.24,0.0,4.0
7333606,4.0,58.0,53.5,Unknown,2.0,32629.35,0.0,3.0
7225777,15.0,189.0,50.0,Female,2.0,24410.98,1.0,4.0
2684246,6.0,77.0,44.5,Unknown,3.0,102979.96,6.0,9.0
3677500,4.0,56.0,24.5,Unknown,2.0,29800.57,2.0,5.0
2408060,15.0,190.0,43.0,Male,2.0,62243.63,2.0,5.0
5130944,15.0,190.0,69.5,Male,3.0,483032.63,6.0,9.0
7482600,5.0,70.0,57.5,Unknown,2.0,61316.66,3.0,6.0
5077676,23.0,276.0,55.5,Male,2.0,365896.7,6.0,9.0
4661376,12.0,145.0,33.5,Male,3.0,156012.97999999998,6.0,9.0
1332575,8.0,107.0,52.0,Male,2.0,52701.17999999999,3.0,7.0
3651328,6.0,72.0,66.0,Female,2.0,63529.59,1.0,4.0
8364167,4.0,58.0,50.5,Male,2.0,56382.19,2.0,5.0
8373117,15.0,187.0,52.5,Male,2.0,88265.93,2.0,5.0
6284746,9.0,108.0,39.0,Male,4.0,417360.03,0.0,3.0
219207,17.0,205.0,77.0,Male,2.0,35715.03,2.0,5.0
1363220,15.0,180.0,56.0,Male,2.0,235528.08,6.0,9.0
1752038,30.0,367.0,86.5,Female,3.0,381231.87,0.0,3.0
5081291,10.0,130.0,33.5,Female,2.0,24539.5,3.0,6.0
2983465,14.0,176.0,63.5,Female,2.0,207850.67,1.0,4.0
7445362,16.0,196.0,46.0,Male,2.0,192551.05,5.0,8.0
8236198,16.0,199.0,44.5,Female,2.0,44538.65,6.0,9.0
5922599,8.0,105.0,37.0,Female,2.0,38784.22,4.0,7.0
6584723,10.0,121.0,28.5,Male,3.0,40121.76,6.0,9.0
3476151,23.0,285.0,53.0,Female,2.0,83669.94,3.0,6.0
8975963,5.0,67.0,27.5,Unknown,2.0,34525.22,2.0,5.0
9772437,16.0,194.0,56.5,Female,2.0,156326.56,4.0,7.0
7036563,10.0,131.0,63.5,Female,2.0,311217.08,2.0,5.0
7218587,12.0,148.0,44.5,Male,2.0,375112.92,3.0,6.0
1846712,7.0,84.0,25.0,Unknown,2.0,45319.21,2.0,5.0
4013884,14.0,178.0,56.5,Female,2.0,33274.94,0.0,3.0
4659983,14.0,172.0,23.0,Female,2.0,28411.7,4.0,7.0
6822709,13.0,166.0,49.5,Male,3.0,118117.24,1.0,4.0
4820752,8.0,96.0,30.0,Unknown,2.0,30266.4,6.0,9.0
523530,25.0,306.0,48.5,Male,4.0,1219670.94,6.0,9.0
5292870,7.0,94.0,29.5,Female,2.0,37424.11,2.0,5.0
5683989,15.0,185.0,47.5,Male,2.0,28317.8,3.0,6.0
3112331,5.0,64.0,57.0,Unknown,3.0,129742.75,4.0,7.0
3517900,10.0,124.0,27.5,Male,2.0,46330.21,4.0,7.0
2081736,4.0,58.0,59.5,Unknown,2.0,38237.45,5.0,8.0
5460597,5.0,71.0,38.0,Unknown,2.0,37715.11,0.0,3.0
2529019,25.0,305.0,58.0,Male,3.0,63476.65,6.0,9.0
5609004,24.0,298.0,79.5,Female,2.0,269078.02,4.0,7.0
8120968,24.0,293.0,68.0,Female,2.0,43297.6,3.0,6.0
2949607,22.0,272.0,48.5,Female,4.0,368687.18,2.0,5.0
663690,20.0,247.0,45.5,Female,3.0,539182.66,0.0,8.0
2909421,20.0,245.0,54.5,Male,2.0,465420.13,6.0,9.0
7677128,19.0,234.0,49.5,Male,2.0,24050.62,2.0,5.0
6374745,17.0,213.0,63.0,Male,3.0,2206369.14,6.0,9.0
9481547,11.0,143.0,68.0,Female,2.0,32895.92,6.0,9.0
5472122,12.0,154.0,59.5,Female,2.0,33582.71,0.0,3.0
8403485,33.0,402.0,25.5,Female,2.0,31561.87,1.0,4.0
4457807,4.0,57.0,66.0,Unknown,2.0,30122.06,4.0,7.0
8441811,9.0,110.0,60.5,Female,2.0,27390.43,3.0,6.0
3955964,6.0,83.0,25.5,Unknown,3.0,130886.3,1.0,4.0
6862397,5.0,68.0,27.0,Unknown,2.0,31166.46,4.0,7.0
3047764,11.0,136.0,27.5,Male,3.0,268091.54,3.0,6.0
8434640,11.0,143.0,34.5,Male,2.0,34896.28,3.0,6.0
200598,6.0,82.0,49.0,Unknown,2.0,88010.95999999999,0.0,3.0
8014474,12.0,154.0,40.5,Male,2.0,679207.86,1.0,4.0
1192394,15.0,182.0,34.5,Female,2.0,23808.47,5.0,8.0
3880791,16.0,200.0,46.5,Male,2.0,53601.61,0.0,3.0
4728164,6.0,72.0,63.5,Unknown,2.0,158691.76,5.0,8.0
1697258,5.0,65.0,30.5,Male,4.0,179336.95,6.0,9.0
2714945,8.0,100.0,27.5,Unknown,3.0,47499.57,2.0,5.0
1542714,16.0,193.0,52.5,Female,3.0,106695.77,1.0,4.0
4355856,13.0,159.0,44.5,Female,2.0,27497.4,2.0,5.0
723583,8.0,106.0,58.5,Male,2.0,24120.32,1.0,4.0
407327,5.0,66.0,30.5,Unknown,2.0,32720.87,1.0,4.0
883739,11.0,138.0,36.0,Male,2.0,99275.88,3.0,6.0
3108513,10.0,129.0,65.0,Female,2.0,603351.2100000001,6.0,9.0
2528424,6.0,73.0,27.0,Unknown,2.0,44319.49,6.0,9.0
8320449,5.0,71.0,25.0,Unknown,3.0,84731.2,6.0,9.0
1810442,6.0,73.0,35.5,Unknown,2.0,51774.78999999999,0.0,3.0
1744570,14.0,178.0,48.0,Female,4.0,1148774.47,3.0,7.0
2256976,13.0,161.0,52.5,Female,2.0,70765.89,0.0,3.0
1657876,6.0,82.0,35.0,Unknown,3.0,65082.47,6.0,9.0
9202764,12.0,152.0,57.0,Female,3.0,134041.37,0.0,3.0
2209032,14.0,178.0,37.0,Male,2.0,44983.45,6.0,9.0
9554795,11.0,142.0,43.5,Female,2.0,26434.14,1.0,4.0
5156210,6.0,76.0,24.5,Unknown,2.0,32279.83,6.0,9.0
643892,5.0,71.0,31.0,Unknown,2.0,25236.35,0.0,3.0
8403671,15.0,184.0,67.5,Male,2.0,58316.55,3.0,6.0
221779,9.0,115.0,36.5,Male,2.0,34760.08,3.0,6.0
8272661,8.0,97.0,40.0,Unknown,2.0,170397.49,2.0,5.0
1304706,7.0,94.0,28.0,Unknown,2.0,30201.49,1.0,4.0
5633088,13.0,160.0,44.5,Female,2.0,26814.65,6.0,9.0
8802310,23.0,286.0,29.5,Male,2.0,238006.22,6.0,9.0
8153393,23.0,279.0,64.0,Female,2.0,279468.96,6.0,9.0
4279215,22.0,273.0,59.5,Female,3.0,56383.5,6.0,9.0
2722728,21.0,262.0,33.0,Female,3.0,180521.11,3.0,6.0
4492437,20.0,249.0,68.0,Male,2.0,66791.12,6.0,9.0
7302465,19.0,228.0,53.5,Female,2.0,38112.94,5.0,8.0
6195730,18.0,227.0,68.5,Female,2.0,272711.26,6.0,9.0
1168106,18.0,226.0,39.5,Male,3.0,68947.73999999999,6.0,9.0
6758838,18.0,221.0,38.0,Unknown,2.0,120125.35,0.0,3.0
763479,6.0,77.0,22.5,Female,2.0,43384.19,6.0,9.0
7627941,10.0,120.0,46.0,Male,2.0,74598.51999999999,3.0,6.0
6209729,14.0,172.0,38.0,Female,2.0,90842.27,6.0,9.0
9534462,14.0,173.0,44.5,Male,2.0,121623.33,1.0,4.0
5801163,7.0,94.0,25.0,Unknown,2.0,36462.12,6.0,9.0
9298439,31.0,375.0,69.0,Male,3.0,990405.45,6.0,9.0
3100769,13.0,158.0,41.0,Male,3.0,128303.47,0.0,3.0
2426725,5.0,70.0,53.0,Unknown,3.0,42017.16,6.0,9.0
2769178,6.0,81.0,32.0,Unknown,2.0,207893.97,5.0,8.0
2844839,12.0,148.0,61.5,Female,2.0,38363.66,1.0,4.0
3851221,4.0,58.0,58.0,Unknown,2.0,38841.55,3.0,6.0
6076878,3.0,38.0,45.0,Unknown,2.0,47629.13,1.0,4.0
2263285,29.0,359.0,63.5,Male,3.0,926294.78,6.0,9.0
7588380,5.0,68.0,48.5,Unknown,2.0,72940.23999999999,6.0,9.0
2547981,6.0,82.0,33.0,Unknown,3.0,145531.26,6.0,9.0
4630439,9.0,118.0,28.0,Male,2.0,33818.02,4.0,7.0
7020198,13.0,167.0,51.0,Female,2.0,62962.79,1.0,4.0
1353393,6.0,79.0,69.0,Unknown,2.0,201943.54,5.0,8.0
4608096,7.0,95.0,31.5,Unknown,2.0,68552.43,3.0,6.0
5206621,10.0,120.0,36.0,Male,2.0,35298.72,6.0,9.0
3941993,8.0,97.0,30.5,Unknown,2.0,30197.42,0.0,3.0
1909002,5.0,71.0,25.0,Unknown,3.0,57380.05,6.0,9.0
8576266,34.0,418.0,58.5,Male,3.0,842051.4700000001,6.0,9.0
8981928,19.0,230.0,51.0,Male,2.0,49106.39,6.0,9.0
9628857,9.0,109.0,35.5,Female,3.0,97832.58,5.0,8.0
809578,9.0,117.0,25.5,Male,2.0,57811.53,2.0,5.0
9912563,9.0,108.0,34.5,Female,2.0,56902.92,4.0,7.0
1077479,5.0,67.0,40.5,Unknown,2.0,48554.01,0.0,3.0
6862532,11.0,134.0,36.0,Female,2.0,212613.81,5.0,8.0
7011684,6.0,73.0,46.0,Female,2.0,34809.82,0.0,3.0
3346987,6.0,74.0,64.5,Female,2.0,260593.43,6.0,9.0
6233209,16.0,192.0,64.5,Male,2.0,49110.38,6.0,9.0
5154838,5.0,66.0,27.5,Unknown,2.0,31046.99,0.0,3.0
6784908,7.0,94.0,53.0,Unknown,4.0,81435.58,6.0,9.0
9194226,32.0,392.0,78.5,Male,3.0,1512687.21,6.0,9.0
3553567,12.0,154.0,43.5,Female,2.0,147514.86,2.0,5.0
2361582,12.0,148.0,52.0,Female,3.0,58725.24,5.0,8.0
7426124,6.0,77.0,25.5,Unknown,2.0,54755.17999999999,3.0,6.0
7378754,6.0,83.0,65.5,Unknown,2.0,122402.99,4.0,7.0
2132534,5.0,70.0,51.0,Unknown,2.0,28881.65,1.0,4.0
168266,23.0,280.0,56.5,Male,3.0,666583.76,2.0,5.0
8788056,22.0,274.0,83.5,Female,3.0,468239.59,1.0,4.0
5071488,22.0,268.0,44.0,Female,2.0,42316.45,2.0,7.0
260843,22.0,268.0,62.0,Female,3.0,197673.46,6.0,9.0
9547977,21.0,253.0,79.0,Female,2.0,654190.12,0.0,3.0
1501476,20.0,240.0,50.0,Female,3.0,376104.7,6.0,9.0
9192401,18.0,221.0,65.5,Unknown,3.0,362400.75,2.0,5.0
6915006,18.0,221.0,54.5,Female,2.0,87470.6,4.0,7.0
545252,9.0,118.0,27.0,Unknown,2.0,54802.36,5.0,8.0
6844069,13.0,157.0,30.5,Female,2.0,29419.41,0.0,3.0
6121736,11.0,143.0,30.5,Male,3.0,57910.8,1.0,4.0
9323446,12.0,155.0,56.5,Male,2.0,46813.73,1.0,4.0
7196697,6.0,80.0,63.0,Unknown,2.0,252953.31,5.0,9.0
5652807,13.0,163.0,55.0,Male,2.0,111401.22,0.0,3.0
7429311,6.0,76.0,43.0,Unknown,3.0,36911.06,3.0,6.0
104190,5.0,69.0,24.0,Unknown,2.0,30677.45,6.0,9.0
2425861,15.0,191.0,42.0,Female,2.0,82519.64,0.0,3.0
6780970,15.0,191.0,42.0,Male,2.0,103493.06,6.0,9.0
561052,14.0,173.0,39.0,Male,2.0,53005.28,2.0,5.0
9158093,11.0,142.0,59.5,Female,2.0,192962.89,5.0,8.0
5112825,4.0,58.0,51.5,Unknown,2.0,78799.22,4.0,7.0
6937976,14.0,170.0,39.5,Male,2.0,79188.29000000001,1.0,4.0
8282834,15.0,181.0,34.5,Male,2.0,81582.35,1.0,4.0
1072778,6.0,80.0,45.0,Unknown,2.0,100173.32,0.0,3.0
225103,7.0,86.0,32.5,Unknown,3.0,51819.34,2.0,5.0
6846369,7.0,85.0,57.0,Unknown,3.0,96765.6,2.0,5.0
1278477,5.0,71.0,45.0,Unknown,2.0,29747.5,1.0,4.0
1172841,10.0,120.0,26.0,Male,2.0,94639.79,6.0,9.0
704957,9.0,114.0,55.5,Female,2.0,87217.82,1.0,4.0
825006,5.0,70.0,29.5,Unknown,2.0,43891.36,3.0,6.0
2709237,14.0,169.0,69.5,Unknown,2.0,154579.47,4.0,7.0
7871483,6.0,83.0,66.5,Female,2.0,198996.56,6.0,9.0
2720755,7.0,92.0,60.0,Unknown,2.0,130873.35,0.0,3.0
4773363,7.0,86.0,66.0,Unknown,2.0,87263.34,5.0,8.0
2095849,13.0,164.0,63.0,Female,2.0,54936.85,1.0,4.0
5456641,5.0,66.0,62.5,Unknown,3.0,42821.8,0.0,3.0
5931801,35.0,423.0,67.0,Female,2.0,56592.76,4.0,7.0
5929008,13.0,161.0,46.0,Unknown,2.0,59539.5,6.0,9.0
1514011,27.0,335.0,61.0,Female,3.0,1420529.6,6.0,9.0
6663225,16.0,193.0,40.5,Female,2.0,47445.45,2.0,5.0
193111,8.0,106.0,40.0,Female,2.0,44121.28999999999,1.0,4.0
3118894,10.0,120.0,40.0,Male,2.0,32063.87,0.0,3.0
8918355,15.0,189.0,36.5,Female,2.0,93337.31,6.0,9.0
1760972,29.0,349.0,54.0,Female,2.0,281164.01,1.0,4.0
5845981,4.0,58.0,51.5,Unknown,2.0,47803.44,0.0,3.0
7124527,9.0,117.0,25.5,Female,2.0,33420.94,1.0,5.0
2585001,13.0,167.0,40.0,Female,2.0,25543.45,1.0,4.0
4008010,13.0,167.0,33.5,Female,2.0,25292.72,2.0,5.0
7865356,6.0,81.0,41.0,Unknown,2.0,702272.8500000001,6.0,9.0
2768988,8.0,96.0,64.0,Unknown,2.0,40372.22,2.0,5.0
9382892,15.0,183.0,48.0,Female,2.0,32422.51,5.0,8.0
5360956,13.0,156.0,33.5,Male,2.0,66965.14,6.0,9.0
6160780,6.0,77.0,27.5,Unknown,2.0,57825.37,6.0,9.0
8577432,14.0,176.0,41.0,Female,2.0,117911.39,1.0,4.0
3413149,12.0,151.0,53.5,Male,2.0,340140.59,1.0,4.0
9434878,23.0,287.0,70.5,Male,3.0,252353.1,2.0,5.0
5147197,23.0,280.0,63.5,Female,4.0,707533.5700000001,6.0,9.0
7188255,20.0,251.0,43.5,Male,3.0,134265.31,6.0,9.0
9476892,20.0,247.0,31.0,Female,3.0,54383.14,3.0,6.0
4245199,21.0,262.0,65.5,Male,2.0,36261.43,0.0,3.0
9955650,14.0,179.0,58.5,Female,2.0,52206.65,2.0,5.0
8941091,12.0,154.0,56.5,Male,2.0,106922.05,4.0,7.0
9750722,6.0,76.0,31.0,Unknown,2.0,52329.59,2.0,5.0
9696002,6.0,80.0,33.5,Unknown,2.0,40177.62,0.0,3.0
819616,7.0,95.0,64.0,Unknown,2.0,47653.0,6.0,9.0
9201597,4.0,59.0,30.5,Female,2.0,46481.35,6.0,9.0
8212752,9.0,108.0,72.0,Female,2.0,66861.47,1.0,6.0
6422659,11.0,143.0,57.0,Female,2.0,83314.81,0.0,3.0
9037504,6.0,74.0,21.5,Unknown,2.0,29698.72,1.0,4.0
1343618,12.0,153.0,36.0,Female,2.0,40302.32,6.0,9.0
9975849,14.0,178.0,55.5,Female,2.0,35217.42,2.0,5.0
8338173,14.0,178.0,62.0,Male,2.0,36123.28,5.0,8.0
3331216,6.0,72.0,30.5,Unknown,2.0,56619.69,0.0,3.0
9993047,8.0,104.0,55.0,Male,2.0,37517.14,0.0,3.0
268972,10.0,130.0,59.5,Male,2.0,131982.18,6.0,9.0
5734300,14.0,179.0,30.5,Female,2.0,75357.32,1.0,4.0
3704180,16.0,192.0,71.0,Male,2.0,23819.6,4.0,7.0
5183115,12.0,155.0,44.5,Male,2.0,207785.85,2.0,5.0
5534058,27.0,326.0,52.5,Female,2.0,26817.41,0.0,3.0
5623793,13.0,159.0,63.0,Female,2.0,110759.16,2.0,5.0
3242161,4.0,59.0,84.5,Unknown,2.0,75825.42,2.0,5.0
3627337,10.0,123.0,77.0,Male,2.0,103152.43,6.0,9.0
858812,15.0,190.0,61.5,Male,2.0,731863.7300000001,2.0,5.0
6195723,6.0,79.0,31.5,Unknown,2.0,136481.88,5.0,8.0
1397601,10.0,131.0,61.5,Female,2.0,34333.85,4.0,7.0
8682571,5.0,60.0,25.5,Unknown,2.0,51303.34,4.0,7.0
87424,14.0,179.0,29.5,Female,2.0,35989.0,0.0,3.0
374721,14.0,178.0,35.5,Female,2.0,28586.67,0.0,3.0
8705320,7.0,95.0,44.0,Male,5.0,1560576.19,6.0,9.0
1701884,20.0,244.0,57.0,Male,2.0,547688.37,6.0,9.0
296314,13.0,159.0,65.5,Female,2.0,94929.26,5.0,8.0
7633531,12.0,153.0,43.5,Male,2.0,139254.81,6.0,9.0
1146699,7.0,88.0,40.5,Unknown,2.0,33102.89,6.0,9.0
6740819,9.0,113.0,39.5,Female,2.0,119913.29,6.0,9.0
3950760,7.0,88.0,37.5,Female,2.0,100493.8,4.0,7.0
872056,4.0,54.0,61.5,Unknown,2.0,328059.61,6.0,9.0
1476178,16.0,195.0,57.0,Male,2.0,355513.33,6.0,9.0
5333493,4.0,53.0,21.0,Unknown,2.0,48094.83,1.0,4.0
215661,6.0,72.0,52.0,Unknown,2.0,216782.04,3.0,6.0
4869842,14.0,169.0,33.5,Unknown,2.0,38067.5,6.0,9.0
3176993,13.0,156.0,34.5,Female,2.0,89645.68,6.0,9.0
762640,13.0,159.0,27.0,Male,3.0,87737.59,5.0,8.0
8257141,5.0,70.0,42.5,Unknown,2.0,51314.67,0.0,3.0
3701915,5.0,68.0,33.5,Unknown,2.0,106341.49,6.0,9.0
6720587,13.0,166.0,71.5,Female,2.0,48134.65,0.0,3.0
7678758,24.0,294.0,69.5,Male,3.0,182538.9,1.0,4.0
1008151,22.0,274.0,67.0,Male,3.0,166739.46000000002,5.0,8.0
8280317,21.0,258.0,50.5,Male,2.0,98877.31,0.0,3.0
6884906,20.0,245.0,65.0,Female,3.0,328179.65,6.0,9.0
728589,18.0,226.0,61.0,Male,2.0,37700.74,5.0,8.0
8933080,21.0,254.0,52.0,Male,2.0,141984.34999999998,1.0,4.0
7097753,28.0,336.0,59.0,Unknown,2.0,91404.9,6.0,9.0
2581969,5.0,65.0,28.0,Unknown,3.0,103711.3,6.0,9.0
5557300,14.0,174.0,24.5,Male,2.0,40412.13,3.0,6.0
617840,5.0,71.0,49.5,Female,2.0,48474.08,0.0,3.0
1417769,7.0,88.0,73.0,Unknown,2.0,111149.34,3.0,7.0
8018733,4.0,48.0,62.0,Unknown,2.0,32405.66,6.0,9.0
8745059,5.0,64.0,17.5,Unknown,2.0,27963.69,0.0,3.0
4486322,14.0,173.0,29.5,Male,3.0,37329.92,6.0,9.0
6251498,16.0,196.0,67.5,Male,2.0,102114.8,6.0,9.0
2901726,15.0,189.0,59.5,Female,2.0,58293.16,6.0,9.0
1353984,5.0,71.0,28.0,Unknown,3.0,51916.64,4.0,7.0
2227212,14.0,170.0,71.5,Male,2.0,70631.26999999999,1.0,4.0
2689878,6.0,79.0,18.5,Unknown,2.0,37072.18,6.0,9.0
8981160,14.0,168.0,41.0,Female,2.0,46023.85,4.0,7.0
5828768,5.0,68.0,29.0,Unknown,2.0,32047.91,1.0,4.0
9187140,6.0,83.0,54.0,Unknown,2.0,177982.52999999997,2.0,5.0
651935,15.0,190.0,38.0,Male,2.0,149737.58000000002,5.0,8.0
8149214,14.0,173.0,31.5,Female,2.0,49931.33,2.0,5.0
9002251,5.0,60.0,28.5,Unknown,2.0,27453.56,2.0,5.0
6758760,16.0,202.0,56.0,Male,2.0,154987.7,2.0,5.0
5845,23.0,280.0,76.0,Female,2.0,213906.62,2.0,5.0
448522,16.0,202.0,69.5,Male,2.0,49346.32,0.0,4.0
5115704,27.0,328.0,60.5,Female,3.0,646459.31,6.0,9.0
1875913,20.0,250.0,47.5,Female,2.0,351212.68,0.0,3.0
6648294,6.0,76.0,64.5,Unknown,2.0,43262.67,3.0,6.0
2368419,5.0,67.0,26.5,Unknown,3.0,70585.23,2.0,5.0
4443918,16.0,192.0,45.5,Female,2.0,63024.49,0.0,3.0
2848615,13.0,163.0,36.5,Female,3.0,43368.98,3.0,6.0
379863,7.0,88.0,65.0,Female,2.0,31338.28,2.0,5.0
5060221,15.0,189.0,74.0,Female,2.0,31662.77,6.0,9.0
3426724,10.0,125.0,28.5,Male,3.0,40757.24,5.0,8.0
6769446,4.0,58.0,62.0,Unknown,2.0,185855.83,4.0,7.0
5160270,7.0,84.0,25.5,Unknown,3.0,50670.8,6.0,9.0
2159664,15.0,184.0,70.0,Female,2.0,233726.0,4.0,7.0
7465113,3.0,42.0,57.0,Unknown,2.0,37916.22,6.0,9.0
6504017,4.0,56.0,40.5,Female,2.0,25785.25,0.0,3.0
5938067,7.0,84.0,28.5,Unknown,2.0,29212.86,3.0,6.0
8678731,6.0,75.0,63.0,Unknown,2.0,45586.85,4.0,7.0
5312890,15.0,183.0,74.0,Female,2.0,112340.73,1.0,4.0
7423489,15.0,180.0,28.0,Female,2.0,40557.13,6.0,9.0
7819778,11.0,135.0,32.0,Female,2.0,76588.23,6.0,9.0
1170750,12.0,155.0,53.0,Male,2.0,76053.88,5.0,8.0
5195254,6.0,73.0,44.0,Unknown,2.0,29701.9,4.0,7.0
915256,10.0,130.0,68.0,Male,2.0,63901.02,2.0,5.0
7352376,12.0,155.0,59.5,Male,2.0,43371.33,1.0,4.0
1564878,4.0,51.0,27.5,Male,2.0,66093.36,3.0,6.0
7755452,11.0,133.0,32.0,Female,3.0,95115.55,6.0,9.0
7112909,14.0,171.0,72.0,Male,2.0,159370.22999999998,4.0,7.0
7768424,5.0,60.0,31.0,Male,3.0,46462.5,6.0,9.0
3836030,24.0,289.0,64.0,Female,4.0,250959.62,6.0,9.0
2902755,23.0,276.0,60.0,Male,2.0,32619.83,3.0,6.0
965093,22.0,272.0,65.5,Unknown,2.0,271580.37,6.0,9.0
6993367,20.0,240.0,60.0,Male,3.0,676416.88,4.0,7.0
8666599,18.0,226.0,36.5,Male,4.0,650895.74,6.0,9.0
3867575,6.0,78.0,48.5,Female,2.0,67233.1,0.0,3.0
2076943,6.0,82.0,35.5,Unknown,3.0,70234.85,5.0,8.0
5159329,17.0,215.0,60.0,Female,2.0,245612.96,5.0,8.0
766464,15.0,189.0,49.0,Female,3.0,44912.57,5.0,8.0
5622776,4.0,59.0,50.5,Unknown,2.0,42077.42,3.0,6.0
6164188,5.0,70.0,24.5,Unknown,2.0,30426.13,1.0,4.0
3430793,15.0,190.0,61.5,Female,2.0,34510.48,4.0,7.0
7597104,8.0,96.0,58.0,Unknown,2.0,70023.54000000001,0.0,3.0
7787757,5.0,67.0,43.5,Unknown,2.0,56210.67999999999,3.0,6.0
4479820,5.0,60.0,74.5,Unknown,2.0,126750.44,5.0,8.0
7296988,5.0,70.0,31.5,Unknown,3.0,115493.37,0.0,3.0
8717102,6.0,82.0,39.0,Unknown,3.0,65856.25,5.0,8.0
2187800,13.0,163.0,32.0,Male,2.0,504916.13,5.0,8.0
881186,5.0,70.0,19.0,Unknown,2.0,28011.66,3.0,6.0
7325864,5.0,66.0,36.5,Female,2.0,50543.28,6.0,9.0
256318,9.0,109.0,31.0,Female,2.0,41700.22,2.0,5.0
4474897,15.0,183.0,31.0,Male,2.0,33680.42,6.0,9.0
650791,5.0,60.0,32.0,Unknown,2.0,44444.55,6.0,9.0
7087599,10.0,130.0,61.5,Female,2.0,32983.8,1.0,4.0
1919788,12.0,151.0,47.0,Unknown,2.0,62600.24,6.0,9.0
954023,17.0,204.0,56.0,Male,2.0,98414.6,6.0,9.0
9770321,11.0,135.0,40.0,Male,2.0,27333.5,0.0,3.0
4178298,13.0,162.0,69.0,Male,2.0,489408.45,3.0,6.0
7751403,4.0,59.0,80.0,Unknown,2.0,69690.92,6.0,9.0
7841191,13.0,161.0,66.5,Male,2.0,29139.91,0.0,3.0
3901582,7.0,84.0,64.5,Unknown,2.0,96748.3,0.0,3.0
5321407,11.0,137.0,26.0,Unknown,2.0,74291.2,1.0,4.0
3638494,9.0,118.0,42.5,Female,2.0,144796.34,3.0,7.0
5889547,8.0,103.0,31.5,Male,3.0,44085.52,2.0,5.0
2088839,4.0,58.0,52.5,Unknown,2.0,30060.26,3.0,6.0
763301,15.0,189.0,64.0,Female,2.0,174607.59999999998,1.0,4.0
7411821,39.0,479.0,56.5,Male,4.0,1316854.11,3.0,6.0
6636518,14.0,168.0,37.0,Male,2.0,29237.89,6.0,9.0
1159466,7.0,93.0,28.0,Unknown,2.0,51107.65,0.0,3.0
9237119,6.0,83.0,25.0,Unknown,2.0,286138.71,3.0,6.0
3709450,7.0,86.0,66.0,Unknown,2.0,30062.95,5.0,8.0
5636083,5.0,63.0,50.5,Female,2.0,130264.33,4.0,7.0
4059114,29.0,358.0,63.5,Female,2.0,187904.67,4.0,7.0
3494648,5.0,69.0,25.0,Unknown,2.0,52574.61,1.0,4.0
2954672,4.0,58.0,32.0,Unknown,2.0,42636.17999999999,0.0,4.0
6870401,11.0,139.0,34.5,Female,2.0,65638.5,2.0,5.0
2032400,7.0,95.0,60.5,Unknown,2.0,75746.39,5.0,8.0
335786,14.0,174.0,32.0,Female,2.0,136699.74,0.0,3.0
6390777,5.0,71.0,60.0,Female,2.0,33619.44,0.0,3.0
6389839,6.0,83.0,21.5,Unknown,2.0,66074.29999999999,0.0,3.0
2332428,13.0,162.0,54.5,Male,3.0,177808.2,6.0,9.0
6879093,25.0,306.0,64.5,Female,3.0,36389.31,6.0,9.0
9531590,22.0,274.0,68.5,Female,2.0,53440.9,3.0,6.0
6972497,22.0,272.0,42.5,Female,3.0,167341.62,5.0,8.0
2944846,22.0,264.0,31.0,Female,2.0,53683.67999999999,0.0,4.0
5810660,21.0,253.0,51.0,Female,3.0,40879.25,3.0,6.0
5451809,21.0,253.0,51.0,Unknown,3.0,198933.17,6.0,9.0
4208202,18.0,226.0,37.5,Male,3.0,785126.03,6.0,9.0
8599053,18.0,222.0,46.0,Male,2.0,30177.4,1.0,4.0
5686231,15.0,181.0,25.0,Male,2.0,33956.82,5.0,8.0
5695156,11.0,139.0,37.5,Male,3.0,60752.67,4.0,7.0
4054841,7.0,91.0,38.5,Unknown,3.0,58547.55,6.0,9.0
4524298,13.0,163.0,55.0,Unknown,2.0,30854.53,4.0,7.0
6338935,15.0,188.0,33.5,Female,2.0,66456.67,4.0,7.0
1741236,34.0,408.0,66.0,Female,2.0,57098.4,0.0,3.0
8118015,6.0,83.0,57.5,Unknown,2.0,35764.58,0.0,3.0
1661613,5.0,71.0,57.5,Unknown,2.0,27952.77,1.0,4.0
4454797,13.0,164.0,56.5,Male,2.0,213628.89,0.0,3.0
2107816,6.0,80.0,62.0,Unknown,2.0,25638.19,5.0,8.0
8399455,27.0,325.0,84.0,Female,2.0,79467.1,0.0,5.0
9780489,11.0,133.0,32.5,Male,2.0,62182.95,0.0,3.0
4501424,4.0,59.0,31.5,Unknown,3.0,115625.94,1.0,4.0
3934480,8.0,98.0,44.0,Unknown,4.0,76567.5,5.0,8.0
3337387,10.0,127.0,28.5,Male,2.0,30290.69,3.0,6.0
897558,7.0,90.0,65.0,Unknown,2.0,96123.55,3.0,6.0
1516908,10.0,126.0,55.0,Male,2.0,26945.87,0.0,3.0
6237440,5.0,65.0,27.0,Unknown,2.0,35263.7,6.0,9.0
1706325,14.0,170.0,57.5,Male,3.0,1074696.79,6.0,9.0
2424864,8.0,101.0,30.5,Unknown,2.0,86549.29999999999,0.0,3.0
4813523,5.0,64.0,78.5,Unknown,2.0,36246.1,2.0,5.0
6829143,15.0,181.0,44.5,Female,2.0,25142.15,3.0,6.0
6213568,6.0,76.0,50.0,Female,2.0,107552.62,4.0,7.0
6181347,7.0,92.0,29.0,Unknown,3.0,37657.9,5.0,8.0
2785143,9.0,115.0,33.0,Female,3.0,150687.75,3.0,6.0
3399869,14.0,177.0,34.5,Female,2.0,70463.16,3.0,6.0
191877,5.0,68.0,58.5,Unknown,2.0,194366.68,5.0,8.0
162894,6.0,81.0,28.5,Unknown,3.0,169388.56,6.0,9.0
660953,7.0,91.0,42.5,Unknown,2.0,53438.09,6.0,9.0
452875,14.0,179.0,48.5,Female,3.0,62269.31,3.0,6.0
3116584,12.0,145.0,36.0,Female,2.0,88509.03,6.0,9.0
5865838,6.0,82.0,29.0,Unknown,2.0,73996.62,6.0,9.0
1131564,11.0,143.0,47.5,Male,2.0,119046.61,0.0,3.0
4104755,14.0,179.0,55.5,Male,2.0,31714.52,0.0,3.0
8626111,5.0,71.0,36.5,Unknown,2.0,27700.18,4.0,7.0
486476,5.0,70.0,25.5,Unknown,2.0,25161.45,0.0,3.0
4016272,12.0,154.0,34.5,Unknown,5.0,213967.65,6.0,9.0
6756488,9.0,108.0,35.5,Male,3.0,83150.79999999999,3.0,6.0
9147871,5.0,67.0,25.5,Male,2.0,47331.83,6.0,9.0
6695772,15.0,181.0,51.5,Unknown,2.0,55441.06,1.0,5.0
9872389,13.0,163.0,38.0,Female,3.0,59385.97,5.0,8.0
174360,14.0,174.0,30.0,Female,3.0,71603.95,2.0,5.0
7918244,6.0,80.0,57.5,Unknown,3.0,116266.1,6.0,9.0
4426218,4.0,58.0,43.0,Unknown,2.0,28003.69,1.0,4.0
8140069,10.0,121.0,60.5,Female,2.0,70583.85,0.0,3.0
691954,23.0,277.0,68.0,Female,2.0,51972.91,4.0,7.0
8894235,30.0,363.0,59.5,Male,3.0,1827503.02,6.0,9.0
1993746,22.0,267.0,63.5,Male,2.0,122111.84,1.0,4.0
4179251,6.0,77.0,29.5,Unknown,2.0,111555.67,2.0,5.0
2839485,15.0,190.0,55.5,Female,2.0,69531.92,2.0,5.0
5605332,12.0,151.0,66.0,Male,2.0,252704.66,2.0,5.0
425546,7.0,91.0,53.0,Male,2.0,557177.1900000001,6.0,9.0
3460547,23.0,286.0,23.0,Female,2.0,59171.31,2.0,5.0
3380167,21.0,263.0,50.5,Female,2.0,97656.79,3.0,6.0
863452,21.0,261.0,65.0,Male,2.0,40355.87,1.0,4.0
5655370,21.0,252.0,71.0,Female,2.0,66014.95,0.0,3.0
9660158,20.0,251.0,43.5,Male,3.0,346572.08,6.0,9.0
9368027,20.0,250.0,73.5,Male,3.0,286748.68,6.0,9.0
5842501,20.0,247.0,54.5,Female,3.0,188347.92,4.0,7.0
361296,20.0,240.0,52.5,Male,3.0,79164.62,3.0,6.0
3755271,19.0,239.0,61.0,Male,2.0,544094.02,3.0,7.0
3034927,8.0,106.0,36.5,Female,2.0,27696.71,1.0,4.0
9594636,8.0,105.0,27.0,Unknown,2.0,27507.31,0.0,3.0
2402724,14.0,169.0,57.0,Female,2.0,72334.04999999999,2.0,5.0
6635364,12.0,155.0,29.0,Female,2.0,91175.31,1.0,4.0
1554378,13.0,165.0,31.0,Male,2.0,38425.24,2.0,5.0
6898261,4.0,58.0,27.5,Unknown,2.0,31417.51,1.0,4.0
2875988,15.0,181.0,54.0,Male,2.0,27922.59,4.0,7.0
3584930,15.0,181.0,46.5,Male,5.0,499848.49,3.0,7.0
5412691,15.0,190.0,66.0,Male,2.0,287032.12,1.0,4.0
8220863,7.0,85.0,39.0,Male,3.0,197857.78,6.0,9.0
4920156,5.0,63.0,39.0,Female,2.0,36239.97,5.0,8.0
7248297,13.0,165.0,41.5,Female,2.0,145806.11,0.0,3.0
7075871,10.0,121.0,41.0,Male,2.0,32828.13,0.0,3.0
2556258,14.0,169.0,54.5,Male,3.0,33822.44,2.0,5.0
8640165,21.0,253.0,42.5,Male,2.0,43250.13,6.0,9.0
2791546,4.0,57.0,23.0,Unknown,2.0,38332.73,6.0,9.0
1630675,17.0,205.0,62.0,Male,2.0,291715.29,3.0,6.0
3155140,6.0,83.0,25.5,Unknown,2.0,50003.83,5.0,8.0
7288768,10.0,125.0,48.5,Female,2.0,162946.06,1.0,4.0
2103586,10.0,123.0,47.0,Female,2.0,37657.23,4.0,7.0
7078031,4.0,58.0,36.0,Unknown,3.0,38808.39,5.0,8.0
228783,5.0,70.0,63.0,Unknown,2.0,342114.06,6.0,9.0
9121064,9.0,118.0,61.0,Male,2.0,34539.58,2.0,5.0
1392438,16.0,195.0,40.0,Male,2.0,42529.07,4.0,7.0
6133343,8.0,106.0,25.5,Male,2.0,39445.15,4.0,7.0
7703886,13.0,165.0,30.5,Male,2.0,25202.85,6.0,9.0
3835303,10.0,130.0,29.5,Female,2.0,125863.57,1.0,4.0
1908999,13.0,162.0,44.5,Male,2.0,31621.43,2.0,5.0
1813423,6.0,82.0,37.5,Unknown,3.0,43282.99,1.0,4.0
8003355,10.0,130.0,29.5,Male,3.0,492059.2,6.0,9.0
287756,13.0,166.0,37.0,Female,2.0,34268.89,0.0,4.0
2001599,10.0,130.0,31.0,Female,3.0,78774.51,6.0,9.0
5610637,10.0,123.0,30.0,Male,3.0,66963.54999999999,3.0,6.0
6676256,6.0,73.0,24.0,Unknown,3.0,66469.35,4.0,7.0
2502178,7.0,95.0,22.5,Unknown,2.0,54856.24,5.0,8.0
4915208,4.0,59.0,47.5,Unknown,2.0,38668.19,6.0,9.0
6001061,10.0,121.0,32.0,Male,3.0,123908.1,1.0,4.0
2113565,15.0,191.0,54.0,Male,2.0,81382.1,0.0,3.0
6984087,8.0,96.0,57.5,Unknown,3.0,61054.23,5.0,8.0
9888495,14.0,178.0,55.5,Male,3.0,1072392.2999999998,1.0,4.0
7351053,11.0,132.0,31.0,Female,2.0,71485.04999999999,1.0,4.0
9168960,14.0,178.0,32.0,Female,2.0,47604.2,0.0,4.0
3983280,19.0,238.0,43.0,Female,3.0,477030.72,6.0,9.0
5139516,8.0,103.0,68.0,Unknown,2.0,86681.16,2.0,5.0
2861194,9.0,108.0,46.0,Female,2.0,109079.02,6.0,9.0
7763498,12.0,144.0,39.5,Female,2.0,76659.7,6.0,9.0
5448299,9.0,119.0,27.0,Female,2.0,27204.72,0.0,3.0
6409774,18.0,227.0,43.0,Female,2.0,89870.02,0.0,3.0
7850573,15.0,189.0,88.0,Male,2.0,82310.01,5.0,8.0
2813653,3.0,44.0,25.0,Unknown,2.0,42666.51,3.0,6.0
5732397,5.0,71.0,30.0,Unknown,3.0,109329.14,5.0,8.0
7124991,4.0,58.0,50.0,Unknown,2.0,34301.83,3.0,6.0
6252175,23.0,287.0,33.0,Male,2.0,29372.14,1.0,4.0
4198745,21.0,260.0,33.5,Male,4.0,111695.42,6.0,9.0
744140,21.0,258.0,59.5,Female,2.0,87895.54000000001,0.0,3.0
800925,20.0,246.0,70.0,Female,3.0,1089355.22,6.0,9.0
4060801,17.0,205.0,77.0,Female,2.0,33014.13,6.0,9.0
9047771,15.0,191.0,46.5,Female,2.0,170920.03999999998,6.0,9.0
6307628,9.0,114.0,67.5,Male,2.0,25992.09,2.0,5.0
7341353,30.0,360.0,57.5,Female,2.0,167648.74,3.0,6.0
2516332,13.0,157.0,55.5,Male,2.0,72583.34,5.0,8.0
5049084,23.0,277.0,20.0,Male,3.0,33663.7,6.0,9.0
5795976,10.0,127.0,60.5,Male,2.0,33957.81,2.0,5.0
3532962,5.0,71.0,31.5,Unknown,2.0,58811.98,0.0,3.0
6313693,8.0,104.0,31.5,Female,2.0,25656.66,1.0,4.0
3775552,6.0,83.0,60.5,Unknown,2.0,39581.19,1.0,4.0
8958079,12.0,148.0,65.0,Male,2.0,80489.73,6.0,9.0
8454454,16.0,203.0,38.0,Female,2.0,32038.04,1.0,4.0
5503800,4.0,58.0,52.5,Unknown,2.0,30440.02,0.0,3.0
31264,14.0,174.0,37.0,Male,2.0,60888.18,5.0,8.0
1102067,5.0,64.0,35.5,Male,3.0,106879.64,3.0,6.0
7331702,10.0,121.0,38.0,Male,4.0,180548.47,6.0,9.0
2224367,5.0,70.0,66.0,Female,2.0,54281.78,1.0,4.0
2201280,8.0,99.0,54.5,Unknown,2.0,30053.61,1.0,4.0
7588305,10.0,121.0,49.0,Male,2.0,398429.06,0.0,3.0
3155117,9.0,108.0,58.0,Female,3.0,169435.44,6.0,9.0
689111,7.0,88.0,57.0,Unknown,2.0,75703.72,2.0,5.0
5202722,8.0,96.0,66.0,Unknown,2.0,35109.63,6.0,9.0
8815594,2.0,34.0,65.5,Unknown,2.0,37268.59,1.0,6.0
7193293,12.0,153.0,48.0,Male,2.0,61291.93,3.0,6.0
7928703,14.0,179.0,66.0,Female,2.0,51752.4,0.0,4.0
8569541,7.0,87.0,47.5,Unknown,3.0,80622.53,6.0,9.0
5733968,16.0,195.0,34.0,Female,2.0,161741.87,3.0,6.0
1367110,11.0,143.0,53.0,Female,2.0,44896.91,1.0,4.0
7324963,6.0,83.0,37.5,Unknown,2.0,85617.04000000001,0.0,3.0
7429878,12.0,151.0,29.5,Male,2.0,111246.09,3.0,6.0
7157819,5.0,65.0,48.5,Female,2.0,43571.56,6.0,9.0
3362885,8.0,106.0,63.5,Male,2.0,50051.17999999999,5.0,8.0
4957930,10.0,123.0,61.0,Male,2.0,55496.84,0.0,3.0
4243629,14.0,178.0,32.0,Female,2.0,43291.91,5.0,8.0
483080,15.0,180.0,60.0,Female,3.0,53040.03999999999,1.0,5.0
6730798,14.0,178.0,61.5,Female,2.0,148158.56,5.0,8.0
8709700,12.0,152.0,32.5,Male,2.0,60097.75,6.0,9.0
3958467,14.0,175.0,53.0,Male,2.0,70166.73,4.0,7.0
2101802,8.0,105.0,67.0,Female,2.0,658986.15,6.0,9.0
9360100,4.0,58.0,20.5,Unknown,3.0,94929.99,6.0,9.0
7028451,4.0,58.0,52.5,Unknown,2.0,27135.15,0.0,3.0
6970695,12.0,151.0,52.5,Female,2.0,52700.84,6.0,9.0
7505803,15.0,183.0,40.0,Male,2.0,53181.03999999999,6.0,9.0
1825507,5.0,71.0,28.5,Unknown,2.0,42593.19,2.0,5.0
7888604,5.0,60.0,24.5,Unknown,2.0,32516.03,1.0,4.0
9158808,24.0,298.0,55.0,Male,2.0,183566.91,4.0,7.0
4191064,24.0,293.0,21.5,Female,2.0,76854.84,5.0,8.0
9586139,20.0,249.0,74.5,Male,2.0,404061.4,6.0,9.0
5600574,18.0,220.0,29.5,Female,2.0,62806.85,4.0,7.0
3575102,17.0,209.0,27.5,Male,2.0,153502.19,6.0,9.0
6588167,15.0,190.0,64.0,Male,2.0,151082.86,3.0,6.0
9786097,14.0,174.0,65.0,Male,2.0,60481.7,4.0,7.0
4130347,11.0,136.0,31.5,Male,3.0,76588.28,6.0,9.0
967001,14.0,169.0,27.5,Female,2.0,85333.53,1.0,4.0
3104178,5.0,60.0,24.5,Unknown,2.0,26952.03,1.0,4.0
6169187,13.0,164.0,32.5,Male,2.0,110717.7,6.0,9.0
8280766,15.0,190.0,29.0,Female,2.0,50985.83,3.0,6.0
5155130,6.0,72.0,29.0,Unknown,2.0,28692.52,1.0,4.0
9762548,10.0,131.0,76.0,Female,2.0,633777.7000000001,6.0,9.0
9643435,8.0,99.0,27.0,Unknown,2.0,46675.76,3.0,6.0
7343199,15.0,189.0,37.5,Male,2.0,528290.53,4.0,7.0
9463544,5.0,70.0,45.5,Unknown,2.0,28184.45,0.0,3.0
1107791,5.0,65.0,26.0,Unknown,2.0,43986.32,1.0,4.0
6975672,8.0,107.0,56.0,Female,2.0,190923.58,2.0,5.0
5747246,7.0,95.0,31.0,Unknown,2.0,57713.23,1.0,4.0
995182,4.0,59.0,57.0,Unknown,2.0,30291.57,4.0,7.0
1283142,4.0,58.0,24.5,Unknown,3.0,109969.73,4.0,7.0
5004277,16.0,196.0,54.5,Female,2.0,100147.25,2.0,5.0
4174656,7.0,86.0,27.0,Unknown,2.0,33677.649999999994,3.0,6.0
2585397,8.0,98.0,37.0,Unknown,2.0,78043.63,2.0,5.0
3649335,12.0,153.0,51.0,Male,2.0,149649.22,2.0,5.0
5155111,14.0,173.0,48.5,Female,2.0,90805.41,2.0,5.0
2519728,10.0,125.0,27.5,Male,2.0,62658.14,3.0,6.0
2209237,16.0,194.0,66.5,Male,2.0,65908.23999999999,4.0,7.0
2783648,6.0,79.0,58.0,Unknown,2.0,61343.27,1.0,4.0
8268067,5.0,66.0,39.0,Male,2.0,105823.74,3.0,6.0
8257908,4.0,58.0,43.5,Male,2.0,43444.64,5.0,8.0
1773682,29.0,357.0,62.0,Male,3.0,159699.93,5.0,9.0
2100975,4.0,58.0,24.0,Unknown,2.0,30608.11,1.0,4.0
4339267,27.0,334.0,69.0,Male,3.0,289009.89,6.0,9.0
370021,9.0,117.0,31.5,Male,2.0,67569.14,1.0,4.0
4635161,6.0,80.0,28.0,Unknown,2.0,32496.97,1.0,4.0
1229722,4.0,58.0,51.5,Unknown,3.0,73655.95,4.0,7.0
3238512,9.0,119.0,27.0,Female,2.0,53528.36,5.0,8.0
8804547,15.0,181.0,58.0,Female,2.0,180238.92,0.0,3.0
3580416,28.0,336.0,74.5,Female,4.0,857829.3200000001,6.0,9.0
675167,9.0,116.0,23.0,Unknown,2.0,48855.66,4.0,7.0
7031386,13.0,157.0,72.0,Female,2.0,149772.47999999998,6.0,9.0
5503316,10.0,120.0,71.0,Male,2.0,58391.95,2.0,5.0
417189,6.0,78.0,70.5,Unknown,2.0,789436.4800000001,1.0,4.0
3749952,4.0,59.0,31.0,Unknown,2.0,50533.61,2.0,5.0
769715,8.0,103.0,64.0,Unknown,2.0,59845.04,5.0,8.0
721104,4.0,58.0,49.0,Male,4.0,56684.08,5.0,8.0
372697,6.0,75.0,69.0,Unknown,2.0,173242.12,4.0,7.0
9267490,12.0,147.0,62.5,Female,2.0,83555.4,1.0,4.0
8410323,9.0,108.0,64.0,Male,2.0,114798.28,6.0,9.0
8841258,13.0,162.0,29.5,Male,2.0,127799.96,6.0,9.0
2417501,11.0,133.0,64.0,Female,3.0,224731.96,5.0,8.0
6157625,13.0,164.0,29.5,Female,3.0,61430.63,6.0,9.0
6934454,12.0,145.0,53.0,Male,4.0,496361.26,6.0,9.0
762507,7.0,94.0,36.0,Female,2.0,25323.18,2.0,5.0
4686729,8.0,105.0,53.0,Male,2.0,43784.47,3.0,6.0
7309471,5.0,61.0,57.0,Female,2.0,231166.16,5.0,8.0
5201721,14.0,179.0,38.5,Male,2.0,23896.26,6.0,9.0
6968462,24.0,298.0,57.0,Male,3.0,492448.37,6.0,9.0
2333118,24.0,293.0,74.5,Female,3.0,413325.24,3.0,6.0
8439914,23.0,277.0,28.0,Male,2.0,31036.08,6.0,9.0
7321228,21.0,254.0,52.5,Female,2.0,29806.72,1.0,4.0
3493434,17.0,215.0,68.5,Female,2.0,90936.25,4.0,7.0
3449485,20.0,246.0,66.5,Female,2.0,40292.24,6.0,9.0
6058559,7.0,84.0,49.5,Unknown,2.0,153519.5,3.0,6.0
1613498,15.0,191.0,43.5,Female,2.0,133165.83000000002,0.0,3.0
2292757,8.0,104.0,37.5,Male,2.0,83913.88,3.0,6.0
6147411,16.0,203.0,35.5,Male,2.0,795678.9500000001,3.0,6.0
6024983,4.0,57.0,62.5,Unknown,2.0,720092.14,6.0,9.0
3097665,9.0,108.0,29.5,Male,2.0,28466.92,1.0,4.0
6888672,25.0,311.0,50.5,Unknown,2.0,38115.75,3.0,6.0
3760446,8.0,105.0,22.0,Male,2.0,34300.27,1.0,4.0
6294674,5.0,70.0,22.5,Unknown,2.0,51057.52,5.0,8.0
7705056,11.0,132.0,30.5,Male,2.0,96346.22,5.0,8.0
3727197,13.0,158.0,36.0,Female,2.0,30441.2,0.0,3.0
4900085,6.0,83.0,42.5,Unknown,3.0,130257.91,6.0,9.0
1515355,6.0,82.0,53.0,Unknown,2.0,71526.84,2.0,5.0
4982508,11.0,142.0,46.5,Male,2.0,44437.35,5.0,8.0
825826,5.0,61.0,54.0,Unknown,2.0,54011.33,2.0,5.0
1649284,5.0,71.0,23.5,Female,2.0,39706.43,4.0,7.0
9342076,4.0,58.0,58.0,Unknown,2.0,31579.83,4.0,7.0
6343258,5.0,65.0,27.0,Unknown,3.0,36144.65,6.0,9.0
1044199,6.0,72.0,53.5,Unknown,2.0,42454.44,0.0,3.0
2194700,6.0,72.0,28.0,Unknown,2.0,48560.42,6.0,9.0
5609236,12.0,153.0,52.0,Male,2.0,23830.85,1.0,4.0
2508516,9.0,113.0,67.5,Male,2.0,760106.37,6.0,9.0
136138,4.0,59.0,25.5,Male,3.0,69573.76,6.0,9.0
2536110,15.0,190.0,65.5,Male,3.0,103547.86,1.0,4.0
4281434,34.0,411.0,58.0,Female,2.0,214431.71,6.0,9.0
3715889,7.0,84.0,67.0,Unknown,2.0,35741.81,1.0,4.0
1914194,14.0,179.0,30.0,Female,2.0,59075.75,5.0,8.0
3063857,13.0,167.0,64.0,Male,2.0,56005.48,0.0,4.0
3726879,15.0,189.0,61.5,Male,2.0,228251.86,6.0,9.0
9187532,5.0,65.0,29.5,Unknown,3.0,63999.67,4.0,7.0
100503,8.0,106.0,21.0,Male,3.0,52099.62,6.0,9.0
366858,11.0,143.0,33.5,Male,2.0,80520.54999999999,3.0,6.0
6627483,6.0,83.0,34.0,Unknown,2.0,24421.93,2.0,5.0
5777055,15.0,188.0,65.5,Male,2.0,122089.65,6.0,9.0
7662689,14.0,170.0,49.0,Female,2.0,43916.11,6.0,9.0
5267839,6.0,82.0,59.0,Unknown,2.0,162299.96000000002,2.0,5.0
1841547,7.0,95.0,53.0,Female,3.0,279764.16,6.0,9.0
8486603,7.0,85.0,44.0,Unknown,2.0,43461.24,5.0,8.0
3003277,4.0,59.0,67.5,Unknown,3.0,159857.93,4.0,7.0
2458751,18.0,223.0,50.0,Male,2.0,161825.91999999998,3.0,6.0
5436026,9.0,118.0,45.5,Female,2.0,79601.54000000001,1.0,4.0
4233950,7.0,93.0,52.5,Unknown,2.0,204758.83,6.0,9.0
5836316,6.0,74.0,22.0,Unknown,4.0,52204.7,2.0,5.0
5280867,15.0,191.0,46.5,Male,2.0,34807.61,3.0,6.0
8642673,7.0,94.0,24.5,Unknown,3.0,61834.07,5.0,8.0
4481283,6.0,80.0,28.0,Unknown,2.0,44744.38,5.0,8.0
2440734,6.0,72.0,48.0,Unknown,2.0,40262.88,1.0,4.0
6313562,15.0,182.0,47.0,Male,2.0,82380.17,6.0,9.0
494367,5.0,62.0,43.5,Female,2.0,25558.03,1.0,4.0
9246963,6.0,77.0,25.0,Unknown,3.0,119334.31,3.0,6.0
4732570,15.0,188.0,35.0,Male,2.0,170677.2,2.0,5.0
7711789,23.0,282.0,53.5,Female,3.0,1255099.09,1.0,5.0
8105626,21.0,259.0,56.0,Female,2.0,38546.92,1.0,4.0
6456920,20.0,241.0,74.5,Female,2.0,60679.55,1.0,4.0
641191,19.0,238.0,31.0,Male,2.0,39912.12,4.0,7.0
8745042,19.0,236.0,44.0,Female,2.0,49021.39,3.0,6.0
8521180,19.0,235.0,59.0,Male,2.0,71541.54999999999,6.0,9.0
4272509,19.0,229.0,55.5,Male,2.0,134631.15,6.0,9.0
7801931,18.0,220.0,62.0,Male,3.0,352664.6,2.0,5.0
452359,17.0,211.0,42.5,Male,3.0,433376.53,6.0,9.0
7688715,17.0,209.0,60.0,Female,2.0,46326.24,5.0,8.0
4398041,26.0,321.0,75.0,Female,2.0,47388.52,0.0,3.0
5868356,21.0,253.0,64.0,Female,2.0,246504.32,2.0,5.0
3788267,5.0,71.0,39.0,Unknown,2.0,25156.39,6.0,9.0
4311765,4.0,59.0,55.0,Female,4.0,102951.08,6.0,9.0
9549111,12.0,152.0,44.0,Female,3.0,302704.61,4.0,7.0
7228845,28.0,342.0,25.0,Female,3.0,148953.91,1.0,4.0
2977108,11.0,142.0,57.5,Female,2.0,36239.56,3.0,6.0
6848141,4.0,59.0,48.0,Unknown,2.0,53626.13,4.0,7.0
4762443,8.0,97.0,56.5,Unknown,2.0,73023.20999999999,4.0,7.0
614793,13.0,162.0,61.5,Unknown,2.0,94420.68,1.0,7.0
4456015,12.0,154.0,36.0,Female,2.0,56018.17999999999,0.0,3.0
3761675,5.0,68.0,25.0,Unknown,2.0,35934.21,0.0,3.0
9241279,18.0,217.0,61.0,Female,2.0,102714.61,1.0,4.0
4231488,14.0,171.0,73.0,Male,2.0,158982.91999999998,3.0,6.0
6635004,9.0,114.0,38.0,Female,2.0,26356.32,2.0,5.0
3720127,9.0,108.0,29.5,Male,2.0,34595.98,3.0,6.0
883189,10.0,125.0,65.0,Female,2.0,85889.4,4.0,7.0
9688073,8.0,97.0,70.0,Unknown,2.0,381643.12,0.0,4.0
3400859,7.0,86.0,27.5,Unknown,2.0,38044.36,1.0,4.0
3530347,12.0,155.0,52.5,Male,2.0,78283.26999999999,1.0,4.0
8275762,5.0,65.0,29.5,Unknown,2.0,44096.57,4.0,7.0
9560799,14.0,176.0,34.0,Male,2.0,122074.58,0.0,3.0
7873338,5.0,69.0,55.5,Unknown,2.0,56445.87,3.0,6.0
9864867,10.0,130.0,58.0,Female,2.0,54940.67,3.0,6.0
8549691,28.0,336.0,54.5,Male,2.0,282535.24,0.0,3.0
4778938,13.0,166.0,66.5,Male,2.0,51922.44,0.0,5.0
4015014,9.0,109.0,37.0,Male,5.0,74969.39,4.0,8.0
7891841,7.0,89.0,24.5,Unknown,2.0,25655.04,0.0,3.0
7858258,13.0,157.0,69.5,Female,4.0,723018.5700000001,1.0,4.0
4146433,14.0,169.0,44.5,Female,2.0,45604.24,1.0,4.0
8317305,15.0,182.0,34.5,Female,4.0,287694.07,5.0,8.0
6608062,46.0,562.0,62.0,Male,4.0,743208.67,6.0,9.0
2698218,5.0,70.0,27.0,Unknown,2.0,66729.95999999999,1.0,4.0
6477539,5.0,70.0,26.0,Unknown,2.0,51217.89,0.0,3.0
4746055,16.0,192.0,31.0,Female,2.0,40704.67,2.0,5.0
3090130,6.0,83.0,60.5,Unknown,2.0,373823.1,6.0,9.0
6749579,4.0,58.0,40.0,Unknown,2.0,29137.43,6.0,9.0
3710626,6.0,72.0,29.0,Female,2.0,35341.11,6.0,9.0
2791386,9.0,109.0,30.5,Female,2.0,43706.76,0.0,3.0
5260045,15.0,182.0,33.0,Unknown,2.0,64300.26,6.0,9.0
3557067,15.0,187.0,67.0,Unknown,3.0,357514.93,6.0,9.0
3696125,21.0,261.0,33.0,Male,3.0,280453.59,3.0,6.0
1417586,6.0,83.0,26.0,Unknown,3.0,77544.59,6.0,9.0
3529675,24.0,288.0,50.5,Male,2.0,27864.73,1.0,4.0
1787889,23.0,286.0,69.5,Female,2.0,58854.98,5.0,8.0
2293275,22.0,269.0,62.5,Male,3.0,162055.18,6.0,9.0
6316298,22.0,265.0,61.0,Male,4.0,213167.09000000003,6.0,9.0
5766460,21.0,260.0,75.5,Male,2.0,306100.03,3.0,6.0
9008137,21.0,257.0,61.5,Male,4.0,723916.28,6.0,9.0
4339110,20.0,245.0,43.5,Male,2.0,110090.27,3.0,6.0
7442839,19.0,229.0,42.5,Female,2.0,75496.13,0.0,3.0
3467814,17.0,215.0,44.0,Male,2.0,24980.94,1.0,4.0
1927473,5.0,71.0,28.0,Unknown,3.0,51066.83,6.0,9.0
6529806,13.0,157.0,41.0,Female,2.0,43021.28999999999,4.0,7.0
9657701,7.0,89.0,76.0,Unknown,2.0,48170.69,2.0,5.0
3878403,5.0,62.0,54.5,Unknown,2.0,29809.89,0.0,4.0
3320845,11.0,138.0,66.0,Female,2.0,51168.78999999999,1.0,4.0
1869021,15.0,190.0,74.0,Male,2.0,40144.07,6.0,9.0
3319092,15.0,187.0,24.5,Female,2.0,34095.34,2.0,5.0
8692759,14.0,179.0,31.0,Male,2.0,84465.76,0.0,3.0
1453322,6.0,76.0,22.5,Unknown,2.0,60363.26,6.0,9.0
7566578,11.0,139.0,37.0,Male,3.0,85265.45,1.0,4.0
5367588,9.0,119.0,61.5,Female,3.0,173440.7,6.0,9.0
7818040,28.0,341.0,66.5,Male,3.0,469406.31,6.0,9.0
1664571,4.0,56.0,25.5,Unknown,2.0,50265.52,0.0,3.0
1268270,16.0,203.0,37.5,Male,2.0,110194.74,2.0,5.0
8430663,6.0,79.0,40.0,Unknown,2.0,389041.22,0.0,3.0
4761064,12.0,155.0,61.5,Female,2.0,180947.97,5.0,8.0
3168052,17.0,206.0,65.5,Female,2.0,136523.71,4.0,7.0
473108,34.0,409.0,63.0,Male,2.0,52002.06,3.0,6.0
2271365,15.0,187.0,36.0,Male,2.0,75911.93,1.0,4.0
9223676,18.0,220.0,35.0,Unknown,2.0,24481.34,0.0,3.0
4069267,6.0,79.0,33.0,Unknown,2.0,30025.85,1.0,4.0
940211,6.0,78.0,19.5,Unknown,3.0,72166.32,6.0,9.0
50692,5.0,62.0,54.0,Unknown,2.0,54807.52,5.0,8.0
4938026,8.0,102.0,39.0,Unknown,2.0,28499.43,0.0,3.0
7759108,12.0,150.0,20.0,Female,2.0,68587.20999999999,1.0,4.0
3353618,21.0,253.0,57.0,Female,2.0,48431.74,6.0,9.0
7255011,5.0,65.0,24.5,Unknown,2.0,31722.01,0.0,3.0
6574716,26.0,322.0,60.5,Male,3.0,1074136.66,6.0,9.0
9826220,6.0,82.0,59.5,Unknown,3.0,70372.65,1.0,4.0
2878171,4.0,58.0,42.5,Unknown,2.0,47337.22,6.0,9.0
5756272,10.0,129.0,59.5,Female,2.0,259406.01,3.0,6.0
3168184,8.0,104.0,26.0,Male,2.0,30145.79,4.0,7.0
9704872,6.0,77.0,26.5,Unknown,3.0,73119.39,6.0,9.0
3881256,4.0,58.0,19.0,Unknown,2.0,25441.65,0.0,3.0
2145364,12.0,145.0,63.0,Male,3.0,365104.73,2.0,5.0
3387213,16.0,192.0,68.0,Female,2.0,28774.78,4.0,7.0
8716301,9.0,109.0,37.0,Male,2.0,75611.92,2.0,5.0
9791481,6.0,82.0,44.5,Unknown,2.0,58954.67,5.0,8.0
1711241,10.0,120.0,43.5,Male,2.0,252499.79,1.0,7.0
1768887,5.0,66.0,25.5,Unknown,2.0,34324.98,6.0,9.0
1109486,31.0,375.0,59.5,Male,2.0,256180.23,3.0,6.0
8205983,6.0,81.0,25.0,Unknown,3.0,154701.47,6.0,9.0
1477387,8.0,101.0,35.5,Unknown,2.0,72804.91,0.0,3.0
3805046,12.0,144.0,33.0,Male,2.0,91415.56,0.0,4.0
3421040,5.0,61.0,36.0,Female,3.0,162577.62,0.0,3.0
1812408,5.0,68.0,45.5,Unknown,3.0,51790.17,2.0,5.0
6432102,8.0,97.0,28.0,Unknown,2.0,31722.94,4.0,7.0
4415316,5.0,63.0,53.0,Male,2.0,34486.68,0.0,3.0
8014998,4.0,58.0,53.0,Unknown,2.0,65629.83,6.0,9.0
3932330,6.0,78.0,31.5,Unknown,3.0,70201.48999999999,6.0,9.0
7439738,8.0,104.0,68.0,Male,2.0,51945.75,0.0,3.0
4381659,12.0,149.0,75.0,Male,2.0,43193.85,5.0,8.0
669941,11.0,142.0,61.0,Male,2.0,123649.82,3.0,6.0
7875206,24.0,288.0,59.0,Female,3.0,230488.5,4.0,8.0
1779552,23.0,287.0,22.5,Female,2.0,36386.68,1.0,4.0
1986643,22.0,273.0,51.0,Male,2.0,50762.58,1.0,5.0
708151,22.0,272.0,56.0,Female,2.0,35482.91,1.0,4.0
3077416,21.0,254.0,46.0,Female,2.0,82106.97,6.0,9.0
5356066,21.0,253.0,50.0,Female,2.0,67893.73,2.0,5.0
8341255,20.0,243.0,17.5,Male,2.0,29913.51,2.0,5.0
9621690,20.0,250.0,51.5,Female,2.0,293686.51,3.0,6.0
9020075,5.0,70.0,24.5,Female,2.0,29820.08,0.0,3.0
872083,9.0,119.0,29.0,Female,2.0,70584.98999999999,1.0,4.0
2942905,32.0,395.0,55.5,Male,2.0,92952.82,1.0,4.0
5878965,6.0,72.0,49.5,Unknown,3.0,118051.99,4.0,7.0
1393419,12.0,154.0,58.0,Male,3.0,64708.21,4.0,7.0
6122432,34.0,410.0,29.5,Male,3.0,36521.6,6.0,9.0
7337415,33.0,396.0,68.5,Male,2.0,88542.78,0.0,3.0
2497451,9.0,119.0,43.5,Male,2.0,53261.22,0.0,3.0
244283,10.0,128.0,24.0,Female,2.0,183893.96,6.0,9.0
8032762,9.0,113.0,37.5,Unknown,2.0,23914.2,1.0,4.0
842300,20.0,240.0,61.0,Male,2.0,24599.93,2.0,5.0
6749393,15.0,181.0,47.5,Unknown,3.0,48321.45,3.0,6.0
1437067,9.0,118.0,60.5,Male,2.0,32525.87,2.0,5.0
5128721,7.0,84.0,29.5,Female,2.0,39857.11,2.0,5.0
6829825,12.0,154.0,40.0,Female,2.0,36534.18,6.0,9.0
1114974,12.0,150.0,29.5,Male,2.0,81390.18,2.0,5.0
54477,11.0,136.0,34.0,Female,2.0,28455.07,3.0,6.0
3819593,6.0,82.0,31.0,Unknown,2.0,82882.98,6.0,9.0
9680717,9.0,116.0,70.5,Female,2.0,55117.87,6.0,9.0
9554182,9.0,114.0,43.0,Male,2.0,109494.23,1.0,4.0
4524947,12.0,152.0,45.0,Female,2.0,177375.72999999998,1.0,4.0
5336797,5.0,66.0,26.5,Unknown,3.0,62579.78,6.0,9.0
9893114,4.0,59.0,28.0,Unknown,3.0,47604.36,1.0,4.0
7121165,6.0,72.0,35.0,Unknown,2.0,49168.53999999999,2.0,5.0
3181060,7.0,95.0,70.5,Unknown,3.0,148678.64,1.0,4.0
9329051,5.0,70.0,28.5,Unknown,2.0,26860.15,6.0,9.0
4444161,6.0,74.0,24.5,Male,2.0,45729.92,6.0,9.0
7308535,5.0,67.0,34.0,Unknown,2.0,37477.87,0.0,3.0
2788385,15.0,189.0,49.5,Male,2.0,29763.64,0.0,3.0
4184831,14.0,173.0,31.5,Male,2.0,83098.01,3.0,6.0
8918002,22.0,265.0,85.5,Male,2.0,105183.61,3.0,7.0
7159825,6.0,75.0,58.5,Unknown,2.0,461188.08,6.0,9.0
620734,5.0,66.0,59.0,Unknown,2.0,51625.72,1.0,4.0
3332497,8.0,103.0,27.0,Unknown,2.0,30182.48,0.0,3.0
1186716,4.0,50.0,25.5,Unknown,3.0,30897.46,4.0,7.0
7975145,7.0,91.0,84.5,Unknown,2.0,74839.33,5.0,8.0
2353480,6.0,76.0,34.0,Unknown,2.0,27212.86,2.0,5.0
7159204,6.0,80.0,53.0,Unknown,2.0,43468.59,5.0,8.0
6409012,5.0,60.0,32.5,Unknown,3.0,75685.83,5.0,8.0
7142986,32.0,395.0,28.5,Female,2.0,35001.85,6.0,9.0
2015570,7.0,90.0,49.0,Female,2.0,24036.82,1.0,4.0
3610897,4.0,58.0,31.0,Unknown,2.0,34462.77,0.0,3.0
3629058,15.0,186.0,24.5,Male,2.0,106557.48,5.0,8.0
5800745,6.0,81.0,30.5,Unknown,2.0,28540.35,6.0,9.0
6512974,12.0,154.0,30.5,Female,2.0,30800.36,0.0,3.0
5698909,7.0,85.0,62.5,Unknown,3.0,381072.58,2.0,5.0
4609253,10.0,130.0,28.0,Female,2.0,43097.48,0.0,3.0
5696946,5.0,71.0,25.0,Male,2.0,62444.7,2.0,5.0
4799675,14.0,178.0,67.0,Female,2.0,66526.20999999999,3.0,6.0
24572,6.0,72.0,23.5,Female,2.0,52351.16,3.0,6.0
1856397,12.0,155.0,26.5,Female,2.0,44299.08,3.0,6.0
6796179,50.0,602.0,70.5,Male,2.0,39803.55,0.0,3.0
4775646,15.0,190.0,42.0,Female,2.0,67093.07,0.0,3.0
3123323,24.0,298.0,41.0,Male,2.0,83701.06,0.0,3.0
3990333,24.0,292.0,50.0,Male,3.0,1016798.17,4.0,7.0
7148421,21.0,254.0,61.5,Male,2.0,46081.8,0.0,3.0
7460349,21.0,252.0,52.5,Female,3.0,525599.27,5.0,8.0
7753059,20.0,250.0,40.0,Female,3.0,65554.78,2.0,5.0
4757684,20.0,246.0,67.0,Female,2.0,350199.23,6.0,9.0
4375103,18.0,222.0,51.5,Male,2.0,65456.28,6.0,9.0
3615899,17.0,204.0,65.5,Female,3.0,292588.07,5.0,8.0
2959977,15.0,180.0,34.5,Male,2.0,31324.25,6.0,9.0
4491046,12.0,154.0,38.5,Male,2.0,69803.51,0.0,3.0
5806372,8.0,100.0,53.5,Unknown,2.0,62658.0,2.0,5.0
6672662,6.0,77.0,65.5,Unknown,2.0,367420.59,2.0,5.0
6114886,5.0,67.0,56.0,Unknown,2.0,43149.6,0.0,3.0
2949523,6.0,76.0,32.5,Unknown,2.0,31813.36,1.0,4.0
6836764,4.0,58.0,62.0,Unknown,2.0,49265.89,3.0,6.0
8816721,7.0,86.0,29.5,Unknown,3.0,122373.26,4.0,7.0
3469824,16.0,193.0,48.0,Female,2.0,101456.76,0.0,3.0
5869101,8.0,101.0,84.0,Unknown,2.0,49868.61,0.0,3.0
8908352,6.0,83.0,32.0,Unknown,2.0,43136.86,3.0,6.0
4898495,8.0,96.0,64.0,Unknown,2.0,48144.9,3.0,6.0
6365618,20.0,244.0,32.5,Male,2.0,41946.99,0.0,3.0
1935706,5.0,70.0,58.0,Unknown,2.0,47586.03999999999,5.0,8.0
7426976,10.0,121.0,75.0,Female,2.0,35547.14,6.0,9.0
1408318,6.0,77.0,53.5,Unknown,2.0,60077.16,0.0,3.0
9114215,2.0,35.0,61.0,Unknown,3.0,51466.09,4.0,7.0
9837465,15.0,185.0,42.0,Female,2.0,101818.49,2.0,5.0
5276734,4.0,48.0,21.5,Unknown,2.0,28886.43,6.0,9.0
9278415,11.0,139.0,55.5,Male,2.0,127037.37,0.0,3.0
8231344,14.0,168.0,50.5,Male,3.0,179447.41999999998,2.0,5.0
1839549,30.0,361.0,64.5,Male,4.0,554106.26,6.0,9.0
3246008,7.0,92.0,36.5,Unknown,3.0,61061.7,5.0,8.0
5118059,9.0,118.0,35.0,Male,2.0,45767.33,0.0,3.0
8842388,6.0,79.0,53.5,Unknown,3.0,86078.39,6.0,9.0
5937094,8.0,98.0,26.5,Unknown,2.0,42096.51,1.0,4.0
1275302,10.0,127.0,62.5,Male,3.0,33460.84,6.0,9.0
520539,3.0,43.0,22.5,Unknown,2.0,34964.2,6.0,9.0
5413866,7.0,89.0,71.5,Unknown,2.0,85448.38,3.0,6.0
6195250,11.0,133.0,46.0,Female,2.0,238814.65,5.0,8.0
6811542,4.0,59.0,59.0,Unknown,2.0,1011057.41,4.0,7.0
8434418,16.0,196.0,40.5,Male,2.0,24301.9,1.0,4.0
1460789,15.0,191.0,53.0,Female,2.0,210150.14,6.0,9.0
6304582,7.0,84.0,31.0,Male,2.0,35270.42,6.0,9.0
4605489,16.0,198.0,72.5,Female,2.0,153374.07,2.0,5.0
1537101,17.0,206.0,41.0,Female,2.0,38124.67,6.0,9.0
5781709,7.0,88.0,29.5,Unknown,2.0,81454.39,3.0,6.0
1276349,5.0,71.0,38.0,Unknown,2.0,31173.34,2.0,5.0
8980102,6.0,76.0,66.5,Female,2.0,343149.61,6.0,9.0
500488,12.0,145.0,63.5,Female,2.0,45608.37,6.0,9.0
3922923,15.0,190.0,48.0,Male,2.0,64698.61,6.0,9.0
5783222,10.0,130.0,42.0,Female,2.0,80773.1,3.0,6.0
6669699,22.0,269.0,70.5,Male,4.0,398907.31,6.0,9.0
8067039,22.0,266.0,30.5,Male,2.0,37087.02,4.0,7.0
7368906,21.0,253.0,66.0,Female,2.0,162474.01,0.0,4.0
5896881,7.0,94.0,66.0,Unknown,2.0,80040.83,3.0,6.0
7392339,7.0,86.0,36.5,Unknown,3.0,219492.16,6.0,9.0
9313352,15.0,186.0,44.5,Female,2.0,54503.35,1.0,4.0
6455281,13.0,165.0,51.5,Female,2.0,31962.49,2.0,5.0
4150996,14.0,178.0,44.5,Female,2.0,219641.8,1.0,4.0
7885840,11.0,142.0,37.5,Male,2.0,57602.96,2.0,5.0
1236753,6.0,83.0,27.5,Female,2.0,29688.51,1.0,4.0
8386668,4.0,57.0,57.0,Unknown,2.0,28602.64,3.0,6.0
8060635,5.0,70.0,34.5,Female,2.0,59879.5,1.0,4.0
2545205,4.0,58.0,33.5,Unknown,2.0,27727.53,0.0,3.0
1961944,5.0,61.0,47.5,Male,3.0,125161.22,6.0,9.0
5027912,6.0,78.0,52.5,Unknown,2.0,75738.03,1.0,4.0
6972473,15.0,181.0,48.5,Male,2.0,88381.86,2.0,5.0
2277300,9.0,110.0,63.5,Male,2.0,126715.94,1.0,4.0
4871666,11.0,132.0,29.5,Male,2.0,39266.42,6.0,9.0
5738449,6.0,74.0,55.5,Male,2.0,408409.36,6.0,9.0
2190540,12.0,151.0,34.0,Female,3.0,44544.45,0.0,3.0
440279,14.0,169.0,56.0,Male,2.0,141317.7,1.0,4.0
3617710,6.0,83.0,50.5,Male,3.0,226459.44,4.0,7.0
2154888,11.0,132.0,74.0,Female,2.0,37851.51,5.0,8.0
9948277,8.0,97.0,30.0,Male,2.0,49390.92,6.0,9.0
9659987,19.0,228.0,46.0,Male,3.0,29778.41,3.0,6.0
8632535,12.0,145.0,38.0,Male,2.0,42097.53999999999,0.0,3.0
4023943,16.0,194.0,58.5,Female,2.0,69194.4,6.0,9.0
219038,16.0,203.0,45.0,Female,2.0,28225.7,1.0,4.0
5352278,5.0,67.0,44.0,Unknown,2.0,25093.16,0.0,3.0
8596009,8.0,106.0,26.5,Female,2.0,38241.96,3.0,6.0
6218205,6.0,82.0,30.0,Unknown,2.0,59620.52,1.0,4.0
3974337,13.0,162.0,52.5,Female,2.0,236459.18,6.0,9.0
5429840,7.0,87.0,24.5,Unknown,2.0,50218.17,1.0,4.0
3906199,6.0,81.0,30.5,Unknown,3.0,82289.45,6.0,9.0
2304722,6.0,82.0,31.0,Unknown,3.0,63596.57,0.0,3.0
7192763,16.0,195.0,76.0,Male,2.0,59974.8,1.0,5.0
5410614,7.0,90.0,29.5,Unknown,2.0,31197.23,1.0,4.0
3797600,16.0,192.0,60.0,Male,2.0,47338.31,3.0,6.0
8497122,15.0,180.0,47.0,Male,2.0,34329.19,1.0,4.0
4820142,15.0,180.0,43.5,Male,2.0,241008.17,0.0,3.0
3875511,4.0,58.0,46.5,Unknown,2.0,45126.47,6.0,9.0
7025660,13.0,162.0,60.5,Male,2.0,27904.31,0.0,3.0
3722835,4.0,58.0,57.0,Unknown,2.0,26232.63,6.0,9.0
7935979,14.0,168.0,56.5,Female,2.0,65352.5,6.0,9.0
889211,15.0,190.0,61.5,Female,2.0,196403.53,4.0,7.0
7352531,27.0,334.0,78.5,Male,2.0,173925.90000000002,2.0,5.0
7456717,4.0,54.0,60.0,Female,2.0,50295.33,2.0,5.0
2526016,5.0,70.0,53.5,Unknown,2.0,57610.04,1.0,4.0
7008613,4.0,57.0,46.0,Unknown,3.0,916050.06,0.0,3.0
9204346,8.0,104.0,45.5,Female,2.0,159545.94,3.0,6.0
9824704,14.0,179.0,58.0,Female,3.0,173862.40000000002,5.0,8.0
6260538,28.0,340.0,70.0,Female,2.0,163223.3,6.0,9.0
7739059,5.0,63.0,32.5,Female,2.0,37830.42,2.0,5.0
4477529,11.0,142.0,69.5,Male,2.0,424752.89,6.0,9.0
8679798,24.0,297.0,68.5,Unknown,3.0,255695.82,3.0,6.0
7076901,24.0,294.0,38.5,Female,2.0,245653.72,1.0,4.0
3466102,23.0,276.0,67.5,Female,3.0,95745.83,2.0,5.0
5213398,19.0,232.0,28.0,Male,3.0,50789.75,2.0,5.0
4188605,16.0,199.0,39.5,Female,2.0,25041.42,1.0,4.0
6798048,34.0,418.0,81.5,Male,2.0,161098.40999999997,6.0,9.0
2335093,9.0,117.0,62.0,Male,2.0,23790.24,3.0,6.0
3901907,15.0,188.0,86.5,Female,2.0,34924.66,3.0,6.0
9249926,8.0,101.0,61.5,Male,2.0,150149.77000000002,2.0,5.0
5294264,6.0,83.0,31.0,Unknown,2.0,26234.63,0.0,3.0
7290940,12.0,146.0,36.0,Female,3.0,214397.4,4.0,7.0
4456851,7.0,93.0,61.5,Unknown,2.0,87589.76,6.0,9.0
6632249,6.0,83.0,38.5,Unknown,2.0,99512.51,3.0,6.0
4476797,17.0,206.0,57.0,Female,2.0,27572.79,0.0,3.0
8713049,6.0,82.0,26.0,Unknown,2.0,62687.49,1.0,4.0
1927858,14.0,175.0,51.0,Male,2.0,94385.49,6.0,9.0
8595230,7.0,84.0,29.0,Unknown,3.0,77941.78,5.0,8.0
8509607,12.0,150.0,60.0,Male,2.0,183340.33,2.0,5.0
4397578,14.0,168.0,32.5,Male,2.0,100224.47,0.0,3.0
9814812,7.0,90.0,44.5,Unknown,2.0,104775.85,0.0,3.0
4818573,5.0,66.0,71.5,Unknown,2.0,91540.04,6.0,9.0
5763507,12.0,154.0,53.0,Female,2.0,29806.59,0.0,3.0
8247035,6.0,80.0,44.5,Unknown,3.0,1136881.3299999998,2.0,5.0
2866462,7.0,88.0,53.0,Unknown,2.0,266410.71,6.0,9.0
1223307,5.0,69.0,21.0,Unknown,2.0,31516.0,3.0,6.0
7685002,29.0,359.0,51.5,Female,6.0,464439.8,6.0,9.0
7312250,3.0,41.0,78.0,Female,2.0,222550.98,1.0,4.0
4103576,6.0,77.0,72.0,Unknown,2.0,42784.03,2.0,5.0
8458014,16.0,203.0,48.0,Male,2.0,41962.95,6.0,9.0
2786437,14.0,178.0,44.5,Male,2.0,85329.95,1.0,4.0
3835687,14.0,172.0,57.0,Male,2.0,28164.74,5.0,8.0
9463951,5.0,67.0,24.0,Unknown,2.0,32274.43,2.0,5.0
725801,26.0,313.0,71.0,Female,4.0,764661.9400000001,2.0,5.0
422464,5.0,69.0,37.5,Unknown,2.0,33077.69,0.0,3.0
6254968,14.0,175.0,61.0,Male,2.0,50044.07,6.0,9.0
454148,15.0,184.0,54.0,Female,2.0,257763.5,1.0,4.0
5512185,10.0,131.0,27.5,Male,2.0,65585.20999999999,2.0,5.0
2905387,6.0,73.0,24.5,Unknown,3.0,96870.03,4.0,7.0
7393980,5.0,71.0,22.5,Unknown,2.0,53649.83,6.0,9.0
7097274,8.0,96.0,58.5,Unknown,3.0,81958.37,3.0,6.0
5643467,16.0,202.0,37.0,Female,2.0,49258.2,2.0,5.0
6032443,14.0,169.0,58.0,Male,2.0,44280.88,3.0,6.0
2316460,15.0,183.0,50.5,Female,2.0,535460.51,2.0,5.0
9525223,19.0,228.0,66.5,Male,2.0,167681.15000000002,6.0,9.0
6183060,15.0,182.0,58.0,Female,2.0,28285.14,1.0,4.0
675128,8.0,106.0,39.5,Male,2.0,31463.57,2.0,5.0
9227588,9.0,116.0,40.5,Male,2.0,82991.5,4.0,7.0
2380332,16.0,202.0,53.0,Male,2.0,385919.33,6.0,9.0
1963605,6.0,82.0,27.0,Male,2.0,62050.8,6.0,9.0
3552115,8.0,96.0,40.0,Unknown,2.0,36232.42,5.0,8.0
5929521,10.0,123.0,31.0,Male,2.0,69616.38,6.0,9.0
1390847,5.0,60.0,27.5,Unknown,2.0,198271.95,3.0,6.0
2603992,23.0,285.0,73.5,Male,3.0,812785.9800000001,6.0,9.0
3366060,23.0,280.0,74.0,Female,2.0,109287.02,0.0,3.0
1768518,26.0,322.0,64.5,Male,3.0,176623.38,5.0,8.0
2882702,20.0,250.0,44.0,Female,2.0,35326.46,0.0,3.0
4863666,20.0,240.0,23.5,Male,3.0,53610.6,6.0,9.0
6636152,15.0,182.0,39.0,Female,2.0,146053.28999999998,3.0,6.0
4119453,6.0,72.0,44.5,Male,2.0,43589.07,5.0,8.0
4525663,16.0,194.0,56.5,Male,2.0,341736.35,5.0,8.0
626497,5.0,70.0,52.5,Unknown,2.0,54069.83,1.0,4.0
5018692,13.0,163.0,29.5,Male,2.0,39097.0,3.0,6.0
5336150,4.0,58.0,37.0,Unknown,2.0,56511.78999999999,0.0,3.0
5019409,12.0,151.0,58.5,Female,2.0,53737.66,1.0,4.0
4473377,15.0,189.0,36.5,Male,2.0,69078.51,0.0,3.0
9334788,4.0,58.0,40.5,Unknown,2.0,34489.31,2.0,5.0
3071382,30.0,370.0,72.0,Unknown,2.0,141960.59,5.0,8.0
9089095,8.0,97.0,31.5,Unknown,2.0,30262.34,2.0,5.0
5239805,15.0,184.0,64.5,Male,2.0,47064.52,4.0,7.0
3930546,8.0,103.0,53.0,Unknown,2.0,27019.09,4.0,7.0
9040655,13.0,165.0,62.0,Male,2.0,112765.13,4.0,7.0
1868192,9.0,108.0,33.0,Unknown,2.0,51058.65,2.0,5.0
8363289,19.0,236.0,57.0,Male,2.0,43464.36,6.0,9.0
2359936,8.0,102.0,60.5,Unknown,2.0,66209.68,0.0,3.0
8065299,13.0,157.0,28.0,Unknown,2.0,25774.1,1.0,4.0
23276,13.0,158.0,67.5,Male,2.0,183345.95,3.0,6.0
4530744,9.0,118.0,71.0,Male,2.0,36324.26,6.0,9.0
8204753,8.0,106.0,49.5,Female,2.0,23803.82,2.0,5.0
5823625,13.0,166.0,48.5,Male,2.0,102600.04,0.0,3.0
6747182,4.0,58.0,20.5,Unknown,2.0,34915.23,1.0,4.0
6684024,21.0,259.0,50.5,Female,2.0,26804.16,2.0,5.0
3366593,12.0,155.0,60.5,Female,2.0,42260.1,1.0,5.0
9340016,29.0,349.0,58.5,Male,2.0,182446.43,3.0,6.0
5118250,9.0,119.0,49.5,Female,2.0,80761.41,5.0,8.0
81816,8.0,102.0,51.0,Unknown,2.0,40549.35,0.0,3.0
9218351,14.0,179.0,51.5,Female,2.0,38876.17,2.0,5.0
4968760,9.0,115.0,29.5,Male,3.0,172042.40999999997,5.0,8.0
2007632,12.0,148.0,66.5,Male,2.0,92546.38,1.0,4.0
5268166,5.0,66.0,59.5,Unknown,2.0,379161.82,5.0,8.0
8600174,16.0,193.0,71.0,Male,2.0,111871.97,2.0,5.0
9996404,10.0,123.0,30.5,Male,3.0,130631.12,6.0,9.0
5974014,15.0,190.0,38.5,Female,2.0,177215.76,0.0,3.0
4729376,7.0,88.0,49.0,Unknown,3.0,2435296.97,6.0,9.0
8652290,13.0,156.0,38.0,Male,2.0,24213.6,6.0,9.0
9965131,4.0,58.0,18.0,Unknown,2.0,26781.62,0.0,3.0
6021906,13.0,160.0,58.0,Female,2.0,30137.44,0.0,3.0
9159121,7.0,95.0,69.0,Female,2.0,62560.37,1.0,4.0
7278489,10.0,130.0,28.5,Male,2.0,68782.2,4.0,7.0
2757093,14.0,179.0,55.0,Female,2.0,73397.13,6.0,9.0
7129797,6.0,77.0,61.0,Male,2.0,963970.84,6.0,9.0
1816807,7.0,84.0,51.5,Unknown,2.0,60390.2,2.0,5.0
3685546,25.0,310.0,23.5,Male,2.0,32934.06,6.0,9.0
4514930,11.0,133.0,62.5,Male,3.0,152415.63,4.0,7.0
7552409,9.0,118.0,24.0,Male,2.0,70916.7,4.0,7.0
9112859,14.0,170.0,37.5,Female,2.0,137292.71,4.0,7.0
3457070,27.0,333.0,50.0,Male,2.0,48910.36,2.0,5.0
1948381,11.0,142.0,56.0,Female,2.0,31265.16,2.0,5.0
453167,14.0,172.0,64.0,Female,2.0,24526.63,3.0,6.0
1481142,15.0,182.0,60.0,Female,2.0,43403.92,1.0,4.0
9134976,6.0,81.0,43.5,Unknown,3.0,92808.67,6.0,9.0
8553219,10.0,122.0,32.5,Female,2.0,59857.98,2.0,5.0
9776350,8.0,97.0,29.5,Unknown,2.0,49516.45,1.0,4.0
9634441,4.0,59.0,30.5,Unknown,2.0,50112.09,1.0,4.0
4353523,13.0,164.0,45.0,Male,2.0,37158.51,1.0,4.0
7703063,16.0,196.0,37.0,Male,2.0,42075.59,5.0,8.0
9577290,8.0,106.0,30.0,Female,2.0,56645.3,2.0,5.0
40969,7.0,84.0,49.0,Unknown,2.0,260217.2,0.0,3.0
5209346,6.0,83.0,20.0,Unknown,2.0,33776.93,0.0,3.0
7544555,24.0,289.0,54.5,Female,3.0,2170591.75,5.0,8.0
6304261,22.0,268.0,55.5,Female,2.0,151648.78999999998,4.0,7.0
940157,20.0,250.0,53.0,Female,3.0,187491.31,5.0,8.0
4931597,19.0,238.0,27.5,Female,2.0,30189.44,0.0,3.0
6438861,17.0,214.0,31.0,Female,2.0,109787.8,6.0,9.0
6861882,9.0,112.0,35.0,Female,3.0,90266.39,0.0,3.0
7154384,2.0,34.0,54.5,Unknown,2.0,63355.62,5.0,8.0
8046317,6.0,76.0,61.0,Unknown,2.0,27045.14,3.0,6.0
4507678,13.0,166.0,34.5,Female,2.0,78486.4,1.0,4.0
5240250,10.0,127.0,62.0,Female,2.0,159944.96000000002,6.0,9.0
9691601,14.0,172.0,52.5,Male,2.0,53022.14,3.0,6.0
8611255,13.0,157.0,52.5,Male,3.0,174345.02999999997,2.0,6.0
7994452,8.0,106.0,37.5,Male,3.0,34492.54,1.0,4.0
1182258,10.0,120.0,65.5,Female,2.0,109295.7,5.0,8.0
2206828,15.0,187.0,56.5,Female,2.0,51924.56,3.0,6.0
2329201,4.0,59.0,66.0,Male,2.0,375840.19,5.0,8.0
8610,8.0,99.0,27.0,Unknown,2.0,36626.55,0.0,3.0
8012314,4.0,56.0,41.0,Unknown,2.0,34660.63,4.0,7.0
9336321,32.0,394.0,56.5,Female,4.0,703526.0800000001,1.0,5.0
1479816,8.0,105.0,59.5,Male,2.0,421554.13,1.0,4.0
9659496,15.0,180.0,49.0,Male,2.0,89166.28,6.0,9.0
5603421,10.0,130.0,69.5,Female,2.0,117856.67,1.0,4.0
8149955,6.0,77.0,27.5,Unknown,2.0,38969.29,2.0,5.0
1375628,15.0,185.0,57.0,Male,3.0,192177.76,6.0,9.0
3084223,32.0,394.0,57.5,Male,4.0,2452515.05,5.0,8.0
660424,10.0,122.0,29.5,Male,2.0,64419.69,1.0,4.0
3304630,15.0,189.0,33.0,Female,2.0,84236.26999999999,1.0,4.0
7645447,7.0,87.0,24.5,Unknown,3.0,80372.68,6.0,9.0
1565732,8.0,106.0,34.0,Male,2.0,42353.42,3.0,6.0
1013661,5.0,60.0,58.0,Male,2.0,90713.2,6.0,9.0
7259678,8.0,102.0,43.5,Unknown,3.0,143039.13,1.0,4.0
885589,6.0,78.0,28.5,Unknown,2.0,39057.36,6.0,9.0
3964671,9.0,114.0,56.5,Male,2.0,217201.17,6.0,9.0
3257276,12.0,145.0,70.0,Unknown,3.0,428105.13,1.0,4.0
9439384,8.0,96.0,41.5,Unknown,2.0,114553.77,5.0,8.0
8267456,6.0,82.0,65.0,Unknown,2.0,297342.44,1.0,4.0
5230191,14.0,168.0,31.5,Female,2.0,62679.52,0.0,3.0
2176343,8.0,104.0,56.0,Female,2.0,37621.76,2.0,5.0
3189139,8.0,103.0,58.0,Unknown,2.0,25435.29,0.0,3.0
2694302,13.0,159.0,50.5,Female,2.0,604507.86,1.0,4.0
1679331,5.0,69.0,59.0,Unknown,3.0,1266821.36,6.0,9.0
1894227,13.0,162.0,31.0,Male,2.0,59516.76,1.0,4.0
5925148,5.0,70.0,63.5,Unknown,3.0,128119.27,3.0,6.0
9795752,8.0,106.0,66.5,Female,2.0,42127.12,0.0,3.0
2459074,10.0,128.0,43.0,Male,2.0,49991.58,2.0,5.0
2622480,14.0,179.0,48.5,Male,2.0,45870.03,2.0,5.0
4427256,5.0,71.0,30.5,Unknown,2.0,41946.55,1.0,4.0
8229869,32.0,395.0,81.0,Female,2.0,247959.57,3.0,6.0
8239936,24.0,288.0,54.5,Female,2.0,118519.3,2.0,5.0
4794337,11.0,142.0,32.5,Female,2.0,62068.88,1.0,4.0
5574005,10.0,124.0,34.0,Male,2.0,64546.31,6.0,9.0
3685560,6.0,80.0,29.5,Unknown,2.0,33832.7,3.0,6.0
1714267,6.0,73.0,44.5,Unknown,3.0,40525.62,6.0,9.0
4965266,9.0,118.0,62.0,Male,2.0,313155.01,6.0,9.0
6085835,15.0,185.0,28.0,Male,2.0,88259.9,2.0,5.0
8635033,13.0,164.0,32.0,Male,2.0,36006.05,6.0,9.0
3587810,6.0,76.0,51.0,Unknown,2.0,50897.39,6.0,9.0
5478229,5.0,68.0,37.0,Unknown,2.0,99055.58,0.0,3.0
4884955,16.0,194.0,49.0,Male,2.0,54306.07,2.0,5.0
4956387,5.0,71.0,66.0,Unknown,2.0,44269.99,6.0,9.0
1558312,23.0,276.0,64.0,Female,2.0,27918.86,2.0,5.0
3215349,22.0,270.0,58.0,Male,2.0,229920.65,2.0,5.0
7784789,22.0,269.0,29.0,Female,2.0,32284.24,0.0,3.0
233145,21.0,260.0,69.5,Male,3.0,1254030.16,3.0,7.0
9477940,18.0,216.0,48.5,Male,3.0,41605.25,2.0,5.0
4962802,17.0,205.0,66.0,Female,2.0,105328.63,4.0,7.0
6359472,5.0,66.0,21.5,Unknown,3.0,26435.49,3.0,6.0
9034572,5.0,60.0,53.5,Unknown,2.0,401005.4,4.0,7.0
2227005,9.0,110.0,34.5,Male,2.0,25649.87,0.0,3.0
1599935,4.0,58.0,38.0,Unknown,2.0,59493.7,3.0,6.0
7114316,14.0,168.0,35.5,Female,2.0,58186.67,1.0,4.0
6798656,8.0,97.0,37.5,Unknown,2.0,45006.59,3.0,6.0
9723734,24.0,297.0,59.5,Male,2.0,25881.96,0.0,3.0
2797503,14.0,168.0,29.5,Male,2.0,41684.14,1.0,4.0
1198613,6.0,82.0,26.5,Female,3.0,45110.22,5.0,8.0
4426751,11.0,132.0,29.5,Male,2.0,112880.1,4.0,7.0
5428734,12.0,153.0,33.0,Female,2.0,61749.2,4.0,7.0
4726433,14.0,170.0,60.5,Male,2.0,73585.5,5.0,8.0
6858922,8.0,101.0,52.5,Unknown,3.0,655791.8500000001,1.0,4.0
8913628,5.0,61.0,31.5,Unknown,2.0,62814.18,5.0,8.0
3818866,16.0,199.0,57.0,Male,2.0,32182.11,1.0,4.0
8889640,8.0,104.0,67.0,Female,4.0,1083020.0699999998,4.0,8.0
6359593,12.0,151.0,82.0,Male,2.0,191160.51,6.0,9.0
5847586,15.0,182.0,45.5,Female,2.0,34059.83,0.0,3.0
2809689,9.0,110.0,32.5,Male,2.0,158378.81,0.0,3.0
2525193,4.0,57.0,33.5,Unknown,3.0,47068.6,6.0,9.0
2416805,14.0,178.0,57.0,Female,2.0,63152.27,0.0,3.0
612944,7.0,87.0,49.0,Unknown,2.0,62782.19,6.0,9.0
5997395,6.0,82.0,33.0,Unknown,2.0,54149.65,3.0,6.0
4663522,9.0,118.0,63.5,Female,2.0,31977.26,1.0,4.0
6944677,11.0,140.0,51.0,Unknown,2.0,149893.65,5.0,8.0
5520072,9.0,114.0,46.0,Female,2.0,201885.09000000003,3.0,6.0
5790417,11.0,136.0,36.0,Male,2.0,36080.17,6.0,9.0
68886,16.0,196.0,51.5,Female,3.0,130556.28,2.0,5.0
3282755,13.0,159.0,29.5,Male,2.0,24604.63,2.0,5.0
4351044,5.0,70.0,27.0,Unknown,2.0,54146.55,2.0,5.0
7759679,9.0,118.0,51.0,Female,2.0,116586.63,2.0,5.0
2181486,22.0,272.0,69.5,Male,2.0,65051.89,6.0,9.0
2798785,22.0,267.0,44.0,Male,2.0,66473.67,2.0,5.0
507138,22.0,265.0,34.0,Female,2.0,58827.74,5.0,8.0
8473396,21.0,261.0,67.5,Female,2.0,152762.07,1.0,4.0
8632297,21.0,259.0,29.5,Male,2.0,40207.9,0.0,3.0
4401713,21.0,255.0,37.5,Female,4.0,105695.32,6.0,9.0
6861827,21.0,254.0,58.0,Female,3.0,64483.23,4.0,7.0
5422947,20.0,248.0,55.5,Female,2.0,194315.33,1.0,4.0
1138735,19.0,230.0,71.0,Female,2.0,130202.55,3.0,6.0
7478327,19.0,228.0,63.5,Female,3.0,137823.72999999998,6.0,9.0
1037251,18.0,218.0,53.0,Male,3.0,245240.77,2.0,5.0
6319675,10.0,129.0,52.0,Female,2.0,29276.41,3.0,6.0
2153656,6.0,76.0,30.0,Male,4.0,300192.61,3.0,6.0
5696039,10.0,131.0,44.0,Female,2.0,123849.68,3.0,6.0
9322805,4.0,59.0,25.5,Unknown,2.0,30709.39,6.0,9.0
766994,10.0,130.0,30.5,Male,2.0,58112.26,1.0,4.0
6411728,30.0,362.0,66.0,Female,3.0,132133.91,5.0,8.0
3628998,15.0,188.0,53.0,Male,2.0,259033.93,1.0,5.0
3576829,27.0,327.0,70.0,Female,2.0,87843.29000000001,2.0,5.0
6084875,8.0,98.0,51.0,Unknown,2.0,115785.31,4.0,7.0
5827444,16.0,192.0,57.5,Female,3.0,118319.14,3.0,6.0
3441070,6.0,72.0,26.5,Unknown,2.0,39640.25,3.0,6.0
9048769,4.0,57.0,22.0,Unknown,2.0,23796.98,2.0,5.0
608002,5.0,61.0,35.5,Unknown,2.0,60954.11,3.0,6.0
8576384,9.0,119.0,58.5,Female,3.0,703895.2300000001,6.0,9.0
3906580,7.0,90.0,45.0,Male,2.0,27915.3,5.0,8.0
7649914,6.0,76.0,24.0,Male,2.0,27224.02,4.0,7.0
2447983,13.0,166.0,54.0,Male,3.0,74806.36,0.0,3.0
5726238,4.0,48.0,30.5,Unknown,2.0,38244.84,6.0,9.0
4266877,15.0,185.0,55.5,Female,4.0,67217.48,2.0,5.0
6305342,5.0,65.0,23.5,Unknown,2.0,32337.45,0.0,3.0
617979,12.0,145.0,44.0,Male,2.0,54629.21,6.0,9.0
8725305,26.0,323.0,26.5,Female,2.0,27968.54,0.0,3.0
7431082,11.0,142.0,32.5,Male,3.0,97099.58,2.0,5.0
3085213,7.0,86.0,42.5,Unknown,2.0,29198.51,3.0,6.0
3852832,14.0,171.0,69.5,Male,2.0,625753.24,4.0,7.0
6845787,6.0,74.0,29.5,Unknown,3.0,89253.82,6.0,9.0
2949303,7.0,90.0,69.5,Unknown,2.0,45253.94,2.0,5.0
6958491,15.0,186.0,57.5,Female,3.0,56044.83,6.0,9.0
9281398,6.0,73.0,37.5,Male,2.0,31378.32,4.0,7.0
7100907,10.0,121.0,63.0,Male,3.0,241912.27,6.0,9.0
1781660,12.0,149.0,38.0,Female,2.0,119704.07,0.0,3.0
8289125,33.0,406.0,63.0,Female,2.0,113740.35,6.0,9.0
2083605,9.0,113.0,28.5,Male,2.0,76331.36,4.0,7.0
4570977,6.0,75.0,48.0,Female,3.0,38769.52,1.0,4.0
7551444,31.0,379.0,70.5,Female,3.0,109983.67,2.0,5.0
3252191,13.0,167.0,31.5,Female,2.0,109889.02,1.0,4.0
5554534,9.0,109.0,74.5,Female,2.0,154257.34999999998,2.0,5.0
7575259,8.0,104.0,36.0,Female,2.0,27624.76,3.0,6.0
9970264,15.0,191.0,53.0,Female,2.0,71827.03,2.0,5.0
5382468,16.0,193.0,57.0,Female,2.0,162329.87,5.0,8.0
7304701,13.0,157.0,55.0,Male,3.0,178577.12,6.0,9.0
197560,6.0,73.0,41.5,Unknown,3.0,27861.69,6.0,9.0
9786441,22.0,264.0,54.0,Female,2.0,99533.58,3.0,6.0
228465,21.0,263.0,55.5,Female,3.0,205735.73,6.0,9.0
2314798,21.0,261.0,58.5,Female,3.0,210488.99,5.0,8.0
9146779,25.0,302.0,53.0,Male,3.0,172687.01,3.0,6.0
4827788,20.0,250.0,51.0,Unknown,2.0,39073.83,1.0,4.0
3375542,18.0,221.0,75.5,Female,3.0,230867.73,6.0,9.0
5423075,18.0,218.0,47.5,Female,2.0,36097.73,4.0,7.0
4718004,8.0,96.0,65.0,Unknown,2.0,54405.1,5.0,8.0
125679,4.0,58.0,22.5,Unknown,3.0,77553.06,4.0,7.0
5127982,6.0,83.0,22.0,Unknown,2.0,42638.87,2.0,5.0
2263743,5.0,66.0,31.0,Unknown,3.0,42959.22,5.0,8.0
8274332,38.0,460.0,65.0,Male,3.0,202266.22,5.0,8.0
6912802,12.0,145.0,35.0,Female,3.0,73360.25,2.0,5.0
6680926,7.0,93.0,43.5,Unknown,2.0,38427.76,5.0,8.0
2338216,14.0,170.0,68.0,Male,2.0,87537.68,5.0,8.0
1866365,5.0,71.0,50.5,Unknown,2.0,36078.05,0.0,3.0
5022191,9.0,108.0,36.5,Female,3.0,78760.26999999999,5.0,8.0
418569,6.0,82.0,50.5,Female,2.0,101119.92,2.0,5.0
8606955,5.0,68.0,26.0,Unknown,2.0,30147.16,6.0,9.0
7410185,12.0,151.0,76.0,Male,4.0,145082.01,2.0,5.0
6583420,4.0,58.0,28.5,Unknown,2.0,37676.03,0.0,3.0
2267713,5.0,70.0,37.5,Unknown,2.0,34330.119999999995,2.0,5.0
7324324,15.0,189.0,59.0,Female,2.0,44374.94,0.0,3.0
2532676,17.0,205.0,45.5,Male,2.0,250490.12,6.0,9.0
5358622,6.0,83.0,26.0,Unknown,2.0,49910.87,6.0,9.0
4890082,14.0,179.0,37.5,Female,3.0,42106.38,0.0,4.0
3163173,4.0,54.0,62.0,Male,2.0,53256.44,3.0,6.0
2843022,8.0,106.0,73.0,Male,4.0,144446.34,2.0,8.0
6301913,8.0,97.0,29.5,Unknown,2.0,40344.5,6.0,9.0
800712,12.0,145.0,52.0,Male,2.0,104729.88,2.0,5.0
9257359,12.0,146.0,53.0,Male,2.0,186081.51,6.0,9.0
7729241,18.0,220.0,76.5,Male,2.0,33277.27,2.0,5.0
1242301,6.0,81.0,25.0,Unknown,2.0,43444.99,5.0,8.0
1146418,6.0,77.0,61.0,Female,2.0,2572758.49,0.0,4.0
7954237,8.0,96.0,27.5,Unknown,2.0,31848.11,6.0,9.0
9974438,14.0,175.0,41.0,Male,2.0,30811.73,4.0,7.0
4404464,5.0,70.0,23.0,Unknown,2.0,39204.69,0.0,3.0
237500,14.0,178.0,53.0,Female,2.0,67777.29000000001,1.0,5.0
807075,12.0,150.0,29.5,Male,2.0,39853.79,0.0,3.0
4286767,11.0,138.0,56.5,Female,2.0,33185.619999999995,0.0,3.0
3495630,7.0,95.0,77.5,Unknown,2.0,35564.119999999995,6.0,9.0
3946278,15.0,189.0,48.5,Female,3.0,95921.48,5.0,8.0
1146189,5.0,66.0,27.5,Unknown,2.0,119912.9,2.0,5.0
7540446,9.0,111.0,72.5,Male,2.0,81266.41,3.0,6.0
413583,8.0,101.0,60.0,Unknown,2.0,179377.36,6.0,9.0
2975818,14.0,178.0,39.5,Male,2.0,76250.39,0.0,3.0
5812074,14.0,172.0,53.5,Female,2.0,113080.28,3.0,6.0
6789339,5.0,71.0,50.5,Female,2.0,109684.17,6.0,9.0
5286206,15.0,182.0,49.0,Female,2.0,50640.42,2.0,5.0
2074094,5.0,60.0,25.0,Male,2.0,29343.6,0.0,3.0
5692027,6.0,78.0,25.5,Unknown,4.0,229380.26,6.0,9.0
8325255,5.0,70.0,40.5,Unknown,2.0,142324.75,2.0,5.0
8585073,22.0,271.0,59.5,Unknown,3.0,59373.18,6.0,9.0
6451141,21.0,252.0,68.5,Female,2.0,87570.01999999999,3.0,6.0
2629614,20.0,246.0,47.5,Male,3.0,613044.4400000001,6.0,9.0
786681,19.0,239.0,56.5,Unknown,2.0,81348.65,3.0,6.0
4627237,19.0,238.0,45.0,Female,3.0,252054.91,4.0,7.0
7755406,18.0,223.0,40.0,Female,3.0,127357.19,5.0,8.0
6676076,11.0,137.0,43.0,Male,2.0,79544.22,0.0,3.0
8906223,12.0,149.0,40.0,Female,2.0,75513.84,6.0,9.0
5014608,5.0,60.0,27.0,Unknown,2.0,26332.59,3.0,6.0
6353848,29.0,358.0,62.0,Male,2.0,395237.13,5.0,8.0
1769014,13.0,165.0,38.5,Female,2.0,422850.19,5.0,8.0
5481163,28.0,347.0,28.5,Female,3.0,26670.13,1.0,4.0
6526646,6.0,77.0,37.0,Female,2.0,35324.86,0.0,3.0
372139,5.0,60.0,69.5,Male,2.0,216451.21,6.0,9.0
4579996,9.0,109.0,29.5,Female,2.0,53773.48,1.0,4.0
9490554,8.0,106.0,26.0,Unknown,2.0,77774.11,0.0,3.0
9478730,6.0,77.0,32.5,Unknown,2.0,36255.8,5.0,8.0
4514608,12.0,154.0,60.5,Male,2.0,124919.83,0.0,3.0
2173953,4.0,59.0,40.5,Unknown,2.0,47636.5,2.0,5.0
6227290,5.0,66.0,43.0,Unknown,2.0,320661.03,0.0,3.0
9135689,9.0,111.0,64.5,Female,2.0,29036.31,2.0,5.0
8102225,14.0,174.0,52.5,Female,2.0,62783.71,2.0,5.0
1416973,16.0,195.0,66.0,Female,2.0,38309.73,5.0,8.0
5242709,14.0,178.0,58.0,Male,2.0,24507.3,0.0,3.0
1907976,12.0,144.0,47.5,Male,3.0,167457.84000000003,6.0,9.0
6182851,15.0,183.0,35.5,Male,2.0,115262.08,0.0,3.0
4626329,14.0,169.0,41.5,Female,3.0,56647.05,4.0,7.0
8586252,20.0,243.0,61.5,Male,2.0,598872.68,6.0,9.0
6115514,4.0,55.0,48.0,Female,2.0,54584.48,3.0,6.0
9032753,9.0,114.0,50.0,Male,2.0,817316.12,6.0,9.0
8296872,8.0,107.0,59.0,Male,3.0,36032.68,2.0,5.0
5744154,17.0,205.0,41.0,Female,2.0,24202.09,0.0,3.0
5637407,4.0,58.0,31.0,Unknown,2.0,44269.55,0.0,3.0
9664692,10.0,128.0,47.5,Unknown,2.0,652780.16,6.0,9.0
8981296,14.0,178.0,52.0,Female,2.0,134150.71,2.0,5.0
221558,6.0,73.0,32.0,Unknown,2.0,68835.51,5.0,8.0
8789859,8.0,96.0,68.0,Unknown,2.0,263457.88,3.0,6.0
5669993,8.0,103.0,57.5,Unknown,2.0,250832.16,5.0,8.0
5532596,5.0,60.0,45.0,Female,2.0,52503.74,6.0,9.0
1972896,16.0,194.0,55.5,Male,2.0,110397.4,6.0,9.0
7040441,9.0,119.0,32.0,Male,2.0,24287.69,2.0,5.0
2368401,17.0,210.0,62.0,Female,2.0,31676.38,3.0,6.0
1862644,4.0,58.0,49.5,Unknown,2.0,25638.26,1.0,4.0
4712959,13.0,160.0,53.0,Male,3.0,83357.97,6.0,9.0
3484121,22.0,264.0,74.0,Female,2.0,162859.56,6.0,9.0
9719187,21.0,254.0,45.0,Male,3.0,117942.37,1.0,4.0
1107288,20.0,250.0,56.5,Male,2.0,24002.12,0.0,3.0
9148510,20.0,242.0,24.5,Male,3.0,64249.33,6.0,9.0
8934131,17.0,214.0,56.0,Male,3.0,236040.05,6.0,9.0
6342356,17.0,205.0,55.0,Male,2.0,111765.43,1.0,4.0
3204724,9.0,112.0,24.5,Male,3.0,78798.66,6.0,9.0
9487623,5.0,71.0,23.5,Unknown,2.0,35453.21,5.0,8.0
7889341,14.0,173.0,45.0,Male,2.0,64981.99,1.0,4.0
2806397,5.0,71.0,48.5,Unknown,3.0,400173.4,4.0,7.0
1146673,19.0,238.0,55.0,Female,2.0,48518.72,4.0,7.0
440275,5.0,60.0,46.0,Unknown,2.0,33127.94,3.0,6.0
1605061,9.0,109.0,30.0,Male,2.0,27287.96,3.0,6.0
1986592,14.0,172.0,28.5,Female,2.0,75130.67,2.0,6.0
1751190,13.0,165.0,50.0,Female,2.0,42213.89,3.0,6.0
9513675,4.0,58.0,35.5,Unknown,3.0,38850.5,6.0,9.0
8909517,15.0,180.0,73.0,Male,2.0,631341.99,0.0,5.0
1721774,11.0,140.0,36.5,Female,2.0,27989.13,1.0,4.0
330243,19.0,231.0,47.0,Female,2.0,109140.68,0.0,3.0
9542549,4.0,56.0,23.0,Unknown,2.0,49480.92999999999,6.0,9.0
5645633,16.0,201.0,67.5,Female,2.0,309551.95,6.0,9.0
9412633,15.0,181.0,65.0,Female,3.0,195847.94,2.0,5.0
8376790,34.0,410.0,71.0,Male,2.0,66516.95999999999,3.0,6.0
3716868,12.0,146.0,54.0,Male,2.0,361012.16,3.0,6.0
6671803,5.0,65.0,50.0,Male,2.0,173249.24,1.0,4.0
7517398,17.0,214.0,61.5,Male,4.0,41898.62,6.0,9.0
7207332,17.0,205.0,38.0,Female,2.0,147635.78,0.0,3.0
9096993,4.0,57.0,70.0,Female,2.0,101152.64,4.0,8.0
1358400,4.0,58.0,62.5,Unknown,2.0,31928.96,1.0,4.0
875534,4.0,58.0,59.0,Unknown,2.0,38218.19,6.0,9.0
3957097,5.0,66.0,47.5,Unknown,2.0,50357.21,4.0,7.0
1840368,26.0,313.0,25.0,Female,2.0,33373.11,1.0,4.0
8915203,15.0,190.0,30.5,Male,2.0,24428.69,0.0,3.0
4787070,13.0,165.0,58.0,Male,2.0,354265.83,3.0,6.0
8186129,13.0,159.0,44.5,Female,2.0,125683.41,0.0,3.0
7967889,5.0,67.0,25.5,Unknown,2.0,77671.58,5.0,8.0
2813563,15.0,182.0,55.5,Male,3.0,52976.42,6.0,9.0
7551676,4.0,59.0,32.0,Unknown,2.0,59315.9,5.0,8.0
8534599,26.0,321.0,24.0,Male,2.0,23840.22,2.0,5.0
8315431,9.0,115.0,29.0,Unknown,5.0,248203.42,6.0,9.0
9578977,13.0,157.0,33.5,Male,3.0,128708.2,6.0,9.0
9259620,14.0,168.0,32.5,Male,2.0,70737.44,2.0,5.0
8540888,5.0,71.0,31.0,Unknown,2.0,57410.97,4.0,7.0
1378044,12.0,154.0,59.0,Female,2.0,55632.47,3.0,6.0
4236442,6.0,73.0,30.5,Unknown,2.0,57943.31,2.0,5.0
8404858,6.0,82.0,46.5,Unknown,2.0,43470.72,0.0,3.0
8008969,13.0,162.0,65.5,Male,2.0,30686.93,6.0,9.0
7553011,16.0,195.0,59.5,Male,2.0,200225.62,5.0,8.0
3693210,22.0,268.0,52.0,Female,2.0,131219.28999999998,4.0,7.0
7380598,22.0,268.0,58.5,Unknown,2.0,146446.37,3.0,6.0
2688576,21.0,252.0,64.0,Female,2.0,38139.29,2.0,5.0
862906,17.0,214.0,43.0,Male,2.0,24375.63,2.0,5.0
9430245,17.0,213.0,34.5,Female,2.0,35599.79,6.0,9.0
2280284,25.0,310.0,49.0,Female,2.0,54359.75,2.0,5.0
6560370,11.0,132.0,47.0,Female,3.0,203330.7,5.0,8.0
5222265,4.0,57.0,56.0,Unknown,2.0,27384.55,2.0,5.0
4960297,32.0,394.0,82.0,Female,3.0,264057.46,6.0,9.0
1596001,4.0,59.0,30.0,Unknown,2.0,33084.49,6.0,9.0
51526,26.0,319.0,44.0,Male,2.0,310116.59,2.0,5.0
4850031,5.0,65.0,62.5,Female,2.0,123563.98,5.0,8.0
2193622,16.0,192.0,56.5,Female,2.0,87263.12,2.0,5.0
2408953,13.0,166.0,42.5,Female,2.0,153995.75,2.0,5.0
8053362,5.0,61.0,32.5,Unknown,3.0,68801.61,3.0,6.0
4678085,5.0,60.0,28.0,Unknown,2.0,33546.04,5.0,8.0
7207475,15.0,184.0,63.5,Male,3.0,40926.3,3.0,6.0
7751905,4.0,59.0,48.5,Unknown,2.0,74236.58,1.0,4.0
1662418,10.0,124.0,30.0,Female,2.0,88277.26,2.0,5.0
7265744,29.0,358.0,57.5,Female,3.0,811169.74,0.0,5.0
2110397,11.0,143.0,29.5,Male,3.0,147471.32,6.0,9.0
718612,8.0,103.0,28.0,Unknown,2.0,75296.14,3.0,6.0
7787121,14.0,177.0,39.5,Male,2.0,26910.64,1.0,4.0
4350140,13.0,162.0,36.5,Male,3.0,891321.03,6.0,9.0
8272618,33.0,407.0,53.5,Unknown,2.0,44174.39,2.0,5.0
8009316,7.0,89.0,33.0,Male,2.0,24932.81,0.0,3.0
2247265,6.0,72.0,50.0,Female,2.0,69858.03,2.0,5.0
7305466,8.0,96.0,50.0,Unknown,2.0,49006.13,0.0,3.0
1599600,6.0,82.0,56.0,Unknown,2.0,60161.06,1.0,4.0
1011263,15.0,188.0,53.0,Male,2.0,31292.3,1.0,4.0
3849669,10.0,121.0,67.0,Male,3.0,162739.0,6.0,9.0
1138371,8.0,104.0,67.0,Male,4.0,532078.5700000001,6.0,9.0
6475569,7.0,88.0,31.5,Unknown,2.0,26666.45,3.0,6.0
4117506,4.0,58.0,33.0,Unknown,2.0,44360.85,0.0,3.0
9349923,5.0,61.0,27.5,Unknown,2.0,25100.67,0.0,3.0
5743376,40.0,485.0,66.5,Male,3.0,3228350.47,6.0,9.0
7461823,13.0,157.0,61.5,Male,2.0,102574.06,5.0,8.0
9336541,4.0,58.0,53.5,Unknown,2.0,38550.82,0.0,3.0
2276676,5.0,65.0,24.0,Unknown,3.0,61611.05,3.0,6.0
6726907,15.0,189.0,52.0,Female,2.0,27770.62,2.0,5.0
667534,5.0,70.0,35.5,Unknown,3.0,45458.49,1.0,4.0
7081251,5.0,70.0,69.0,Unknown,2.0,40387.36,1.0,4.0
9130631,8.0,102.0,56.0,Unknown,2.0,101663.57,5.0,8.0
6004086,6.0,83.0,26.5,Unknown,3.0,28348.24,3.0,6.0
6108230,26.0,318.0,73.0,Male,2.0,203126.9,5.0,8.0
8699252,4.0,58.0,45.5,Unknown,4.0,52810.32,1.0,4.0
6003085,4.0,59.0,24.0,Unknown,2.0,32014.96,6.0,9.0
9257933,23.0,286.0,50.5,Female,4.0,203662.85,1.0,4.0
2155192,23.0,285.0,45.0,Male,3.0,142906.77000000002,6.0,9.0
2681216,22.0,275.0,62.5,Female,4.0,746674.3300000001,6.0,9.0
4083986,22.0,271.0,43.0,Unknown,2.0,123170.87,3.0,6.0
203027,22.0,270.0,59.5,Male,3.0,118999.22,1.0,5.0
4564121,20.0,251.0,50.5,Female,2.0,40218.34,1.0,4.0
5579581,20.0,243.0,49.5,Male,2.0,24051.75,0.0,3.0
6614287,17.0,213.0,31.0,Female,4.0,327895.59,6.0,9.0
6457116,17.0,212.0,40.0,Male,2.0,149998.13,3.0,6.0
6261268,27.0,330.0,50.5,Male,3.0,357976.66,6.0,9.0
888744,7.0,89.0,38.0,Unknown,2.0,57529.23,0.0,3.0
7988338,12.0,147.0,40.5,Male,2.0,99607.46,1.0,4.0
9704686,6.0,81.0,26.5,Unknown,3.0,76120.39,5.0,8.0
7902979,7.0,85.0,62.5,Unknown,2.0,33068.97,0.0,3.0
4424716,14.0,169.0,66.0,Female,2.0,44980.09,0.0,3.0
8684518,6.0,82.0,30.5,Unknown,2.0,54249.82,2.0,5.0
6650452,29.0,354.0,54.0,Female,4.0,2543573.91,0.0,4.0
6486309,14.0,176.0,37.0,Male,2.0,30636.96,0.0,3.0
5002974,6.0,80.0,59.0,Unknown,2.0,66561.59,5.0,8.0
9867278,6.0,82.0,39.0,Unknown,2.0,94856.39,1.0,4.0
2254043,13.0,162.0,66.5,Male,3.0,3133112.22,6.0,9.0
6438830,15.0,186.0,45.5,Male,2.0,59023.98,3.0,6.0
8015112,7.0,84.0,53.5,Unknown,2.0,34617.3,0.0,3.0
1958734,14.0,178.0,63.5,Male,2.0,63242.88,1.0,4.0
648934,5.0,67.0,20.5,Unknown,2.0,32704.49,6.0,9.0
2831158,15.0,188.0,50.5,Male,2.0,162803.71000000002,0.0,3.0
8787859,10.0,131.0,56.0,Female,2.0,146637.07,0.0,3.0
8615479,14.0,178.0,58.5,Female,2.0,447903.25,4.0,7.0
4527394,6.0,75.0,74.0,Unknown,2.0,306889.84,2.0,5.0
7690370,6.0,76.0,70.5,Unknown,2.0,284508.65,4.0,7.0
9203388,6.0,78.0,62.5,Unknown,2.0,332161.3,6.0,9.0
8305562,8.0,104.0,25.0,Male,2.0,43730.62,0.0,3.0
2054719,7.0,91.0,39.5,Male,2.0,44628.67999999999,6.0,9.0
2641426,13.0,163.0,34.0,Male,3.0,47691.92,6.0,9.0
1642693,6.0,81.0,28.0,Unknown,2.0,35111.66,1.0,4.0
8283713,5.0,70.0,33.0,Unknown,2.0,38829.02,2.0,5.0
1278603,6.0,75.0,65.5,Male,2.0,128838.27,5.0,8.0
7018629,8.0,106.0,65.5,Female,2.0,34623.509999999995,3.0,6.0
1704369,8.0,99.0,43.5,Female,2.0,68963.68,2.0,5.0
6706855,12.0,147.0,43.0,Female,2.0,27078.86,2.0,5.0
9812363,9.0,108.0,47.0,Unknown,2.0,73446.54999999999,2.0,5.0
9900469,4.0,59.0,32.0,Unknown,3.0,144755.59999999998,6.0,9.0
1731327,14.0,172.0,42.5,Unknown,2.0,36150.77,0.0,3.0
8049477,4.0,52.0,65.5,Unknown,2.0,47221.03,5.0,8.0
2563831,15.0,190.0,69.5,Unknown,2.0,58018.41,1.0,4.0
8980435,9.0,113.0,24.5,Female,2.0,31734.18,0.0,3.0
7276372,10.0,127.0,67.0,Female,3.0,39346.76,3.0,6.0
4537053,9.0,118.0,58.0,Unknown,2.0,58763.13,1.0,4.0
4052168,16.0,195.0,48.5,Male,2.0,39666.56,2.0,5.0
6747982,6.0,81.0,61.0,Female,2.0,66660.04999999999,2.0,5.0
6588578,10.0,129.0,33.0,Female,2.0,33018.19,0.0,3.0
5563098,8.0,97.0,30.0,Unknown,4.0,108432.13,5.0,8.0
6027530,5.0,69.0,59.5,Unknown,2.0,43601.51,6.0,9.0
6594655,13.0,161.0,57.5,Female,3.0,50304.2,0.0,3.0
8061414,29.0,359.0,48.5,Male,3.0,33371.1,1.0,4.0
9942041,7.0,87.0,52.0,Unknown,2.0,37730.01,4.0,7.0
8270175,15.0,188.0,58.0,Male,2.0,282893.34,3.0,6.0
7723133,13.0,164.0,60.0,Female,2.0,177895.15999999997,6.0,9.0
8668513,5.0,71.0,35.5,Unknown,3.0,96551.32,1.0,4.0
9782101,6.0,74.0,64.0,Unknown,2.0,26284.52,0.0,4.0
6640236,8.0,105.0,34.0,Female,2.0,75349.97,6.0,9.0
6707760,16.0,202.0,44.0,Male,2.0,149191.53,4.0,7.0
1389625,26.0,319.0,52.5,Male,3.0,33509.22,6.0,9.0
9753307,13.0,164.0,63.5,Female,2.0,36190.42,3.0,6.0
9811778,6.0,76.0,62.5,Male,2.0,69733.34,0.0,3.0
12045,12.0,154.0,37.0,Female,2.0,140704.74,2.0,5.0
2016715,24.0,294.0,74.0,Male,2.0,111847.34,5.0,8.0
8841792,23.0,276.0,35.0,Male,3.0,153269.3,2.0,5.0
9706459,22.0,266.0,18.0,Female,2.0,91219.97,0.0,3.0
9939412,20.0,251.0,63.5,Female,2.0,345063.32,4.0,7.0
5644611,20.0,242.0,62.5,Female,2.0,77027.53,6.0,9.0
8593839,20.0,241.0,74.0,Male,3.0,169299.97999999998,3.0,6.0
1822632,19.0,234.0,40.0,Female,2.0,159053.84999999998,2.0,5.0
3379197,26.0,312.0,58.5,Female,4.0,200557.99,6.0,9.0
49412,11.0,136.0,51.5,Male,2.0,238126.92,1.0,4.0
8388524,11.0,143.0,71.0,Female,2.0,50790.98,4.0,7.0
7123133,5.0,68.0,63.0,Male,2.0,60883.53,2.0,5.0
373376,15.0,187.0,65.0,Female,2.0,420604.6,6.0,9.0
6202302,28.0,341.0,58.5,Male,3.0,130442.45,3.0,6.0
5122676,5.0,65.0,26.0,Unknown,2.0,52136.78999999999,6.0,9.0
7541117,12.0,144.0,36.5,Male,3.0,329867.08,6.0,9.0
2478101,12.0,150.0,60.0,Male,3.0,131522.71,4.0,7.0
4028644,6.0,75.0,53.5,Male,2.0,29733.59,0.0,3.0
2903616,12.0,144.0,37.5,Female,2.0,98247.21,1.0,4.0
6922509,7.0,89.0,21.0,Unknown,2.0,47131.05,1.0,4.0
7685319,12.0,154.0,72.0,Unknown,2.0,47245.62,5.0,8.0
5262538,5.0,69.0,46.5,Unknown,2.0,147852.93,1.0,4.0
9106700,11.0,140.0,42.5,Male,2.0,77487.82,5.0,8.0
6057936,13.0,156.0,39.0,Male,2.0,74897.38,1.0,4.0
5775236,10.0,120.0,41.5,Male,3.0,138830.5,3.0,6.0
5062093,7.0,89.0,43.0,Unknown,3.0,51986.58,2.0,5.0
6694519,12.0,148.0,35.0,Male,2.0,120678.09,6.0,9.0
6272729,5.0,62.0,36.0,Female,2.0,108405.9,6.0,9.0
926432,14.0,174.0,53.5,Male,2.0,558155.4700000001,5.0,8.0
6169793,27.0,329.0,80.0,Male,3.0,138632.15,4.0,7.0
515013,12.0,144.0,70.0,Male,2.0,59516.94,1.0,4.0
9890350,25.0,310.0,30.5,Male,3.0,95563.91,6.0,9.0
983319,7.0,95.0,63.5,Unknown,2.0,81010.91,6.0,9.0
468090,5.0,67.0,62.5,Unknown,2.0,36719.53,2.0,5.0
4462743,30.0,361.0,68.0,Female,3.0,42237.96,6.0,9.0
6866972,6.0,81.0,30.5,Unknown,2.0,68872.86,3.0,6.0
827080,4.0,58.0,57.5,Unknown,2.0,40419.26,0.0,3.0
7396664,12.0,144.0,38.0,Male,2.0,77413.93,4.0,7.0
4741669,7.0,95.0,32.5,Unknown,2.0,197886.5,1.0,4.0
969981,8.0,96.0,56.5,Unknown,2.0,29980.1,3.0,6.0
5946645,11.0,142.0,33.5,Male,4.0,184449.64,6.0,9.0
7836881,24.0,288.0,75.5,Male,2.0,35001.53,6.0,9.0
5389637,25.0,308.0,73.0,Male,2.0,31955.22,1.0,4.0
7825597,13.0,166.0,31.0,Male,2.0,84245.45,1.0,4.0
93870,24.0,288.0,67.5,Female,3.0,447075.08,3.0,6.0
4767794,22.0,272.0,46.0,Male,2.0,3494732.32,5.0,8.0
4597628,22.0,264.0,61.5,Male,3.0,2387411.46,6.0,9.0
7646091,26.0,321.0,38.0,Male,2.0,251864.69,3.0,6.0
8319134,17.0,214.0,67.5,Female,4.0,83115.0,2.0,5.0
3381737,17.0,205.0,23.0,Male,2.0,30869.46,3.0,6.0
6579246,13.0,159.0,25.0,Male,2.0,73561.43,0.0,3.0
1862191,10.0,125.0,55.0,Male,2.0,68663.17,3.0,6.0
9912025,5.0,67.0,31.0,Unknown,3.0,251598.19,0.0,3.0
6229299,6.0,78.0,21.0,Unknown,2.0,41398.16,1.0,5.0
4897917,5.0,61.0,24.0,Unknown,2.0,220647.87,6.0,9.0
71159,5.0,70.0,29.0,Female,2.0,46432.42,3.0,6.0
869837,5.0,60.0,51.5,Unknown,2.0,29114.62,1.0,4.0
1621145,6.0,81.0,23.5,Unknown,2.0,359137.13,6.0,9.0
1406054,5.0,68.0,46.5,Male,2.0,262768.61,2.0,5.0
8099995,15.0,189.0,33.5,Female,3.0,88423.70999999999,3.0,6.0
1223405,5.0,62.0,30.5,Unknown,2.0,327819.91,0.0,3.0
3749720,16.0,203.0,44.0,Female,2.0,69150.45999999999,0.0,3.0
5152060,8.0,104.0,30.5,Male,2.0,28765.06,1.0,4.0
2463601,5.0,71.0,60.5,Male,3.0,153295.01,2.0,5.0
2931057,15.0,191.0,46.0,Female,2.0,47261.45,4.0,7.0
1114749,5.0,60.0,50.5,Female,2.0,42094.02,6.0,9.0
7091126,12.0,147.0,57.0,Female,4.0,198301.8,6.0,9.0
598421,4.0,50.0,23.0,Unknown,2.0,27021.23,3.0,6.0
321755,16.0,196.0,54.0,Male,2.0,52453.86,2.0,6.0
553887,5.0,67.0,46.0,Unknown,2.0,31386.97,1.0,4.0
9203634,5.0,69.0,26.0,Female,2.0,40077.54,3.0,6.0
3860424,4.0,58.0,57.0,Unknown,2.0,81735.20999999999,6.0,9.0
6072994,7.0,84.0,32.5,Unknown,2.0,26762.7,6.0,9.0
2877305,10.0,128.0,68.5,Male,4.0,311777.94,6.0,9.0
2432399,6.0,82.0,41.0,Unknown,2.0,40664.97,0.0,3.0
1848352,10.0,128.0,42.0,Female,2.0,28713.93,4.0,7.0
7723706,14.0,178.0,48.5,Male,2.0,51731.31,0.0,3.0
3988709,15.0,190.0,45.0,Male,3.0,40636.81,1.0,4.0
2368093,6.0,75.0,36.5,Unknown,2.0,68724.79000000001,3.0,6.0
1767070,7.0,92.0,30.5,Unknown,2.0,44909.25,1.0,4.0
7439363,33.0,401.0,44.0,Male,2.0,48914.99,6.0,9.0
6206396,5.0,70.0,44.5,Unknown,3.0,67017.98,6.0,9.0
7167313,16.0,202.0,48.0,Male,2.0,105115.1,5.0,8.0
7415537,8.0,98.0,49.0,Unknown,2.0,33124.5,3.0,6.0
8840459,5.0,65.0,62.0,Unknown,2.0,515358.93,4.0,7.0
7689364,14.0,178.0,38.5,Male,2.0,49119.27,0.0,3.0
2720367,8.0,96.0,27.0,Unknown,2.0,72393.64,6.0,9.0
4000356,10.0,121.0,43.0,Female,2.0,91362.77,1.0,4.0
1475249,23.0,277.0,65.5,Male,2.0,314162.03,5.0,9.0
7607365,22.0,272.0,49.0,Female,2.0,252734.9,3.0,6.0
4456998,21.0,260.0,75.0,Female,2.0,37895.25,0.0,3.0
2472637,20.0,246.0,48.0,Male,3.0,225779.86,1.0,4.0
743500,18.0,224.0,39.5,Male,3.0,307878.32,4.0,7.0
7631516,19.0,231.0,51.0,Male,2.0,174835.66999999998,6.0,9.0
206428,18.0,217.0,50.0,Male,2.0,71407.93,4.0,7.0
1105128,13.0,167.0,47.0,Female,2.0,97777.56,2.0,5.0
6724757,8.0,96.0,29.5,Unknown,3.0,50622.23,4.0,7.0
9278066,9.0,112.0,70.5,Male,2.0,125837.71,2.0,5.0
7532866,5.0,70.0,25.5,Unknown,3.0,55433.42999999999,1.0,4.0
6683468,19.0,228.0,67.0,Male,2.0,248927.94,5.0,8.0
7652498,5.0,60.0,55.5,Unknown,3.0,32379.05,6.0,9.0
7627185,15.0,190.0,33.5,Male,2.0,30510.51,2.0,5.0
6860703,17.0,206.0,58.0,Female,4.0,105662.27,6.0,9.0
9365448,15.0,191.0,42.0,Male,3.0,179716.77000000002,6.0,9.0
5612543,9.0,110.0,34.5,Male,3.0,86152.91,6.0,9.0
3959645,10.0,125.0,43.5,Female,2.0,1151609.63,6.0,9.0
5384503,4.0,57.0,23.0,Unknown,4.0,32629.28,6.0,9.0
7900829,17.0,204.0,41.5,Male,2.0,25109.91,5.0,8.0
5718011,7.0,95.0,24.5,Unknown,2.0,25454.73,0.0,3.0
7761667,7.0,87.0,38.0,Unknown,2.0,66182.88,2.0,5.0
9956232,9.0,109.0,51.5,Male,2.0,92599.84,5.0,8.0
8947191,6.0,73.0,42.5,Unknown,2.0,38171.34,0.0,3.0
241571,4.0,57.0,68.5,Unknown,2.0,28389.27,6.0,9.0
7910478,16.0,198.0,58.5,Female,3.0,226736.45,6.0,9.0
7972724,6.0,73.0,22.5,Unknown,2.0,29369.47,6.0,9.0
9441120,10.0,121.0,23.0,Male,3.0,66511.25,6.0,9.0
4528205,6.0,78.0,57.0,Unknown,2.0,48901.57,6.0,9.0
4160078,5.0,66.0,28.0,Unknown,2.0,81055.65,0.0,4.0
8077984,14.0,175.0,38.0,Female,2.0,91172.95,1.0,5.0
9696533,16.0,192.0,58.0,Female,2.0,790634.7200000001,6.0,9.0
9212533,5.0,71.0,25.0,Unknown,2.0,41255.91,6.0,9.0
7507388,4.0,59.0,21.5,Unknown,3.0,54318.52,5.0,8.0
597177,14.0,178.0,32.5,Male,2.0,35698.21,4.0,7.0
985404,13.0,156.0,39.0,Male,2.0,34070.369999999995,0.0,3.0
805761,6.0,81.0,48.0,Unknown,2.0,50717.8,5.0,8.0
5580775,6.0,82.0,26.0,Unknown,3.0,113987.45,4.0,7.0
2785509,15.0,184.0,34.0,Male,4.0,73017.95999999999,2.0,5.0
7267543,6.0,75.0,37.5,Female,2.0,48468.99,1.0,4.0
2863360,16.0,193.0,70.0,Male,2.0,328444.37,6.0,9.0
1466579,6.0,75.0,40.5,Unknown,2.0,53395.06,5.0,8.0
5511009,7.0,88.0,24.5,Unknown,2.0,27050.98,6.0,9.0
302140,13.0,158.0,69.5,Male,2.0,238266.66,5.0,8.0
2771618,16.0,201.0,51.5,Female,2.0,32194.65,6.0,9.0
7266777,7.0,84.0,25.5,Unknown,3.0,106626.9,6.0,9.0
6640583,5.0,66.0,29.0,Unknown,3.0,57190.36,6.0,9.0
8605448,15.0,190.0,57.5,Female,2.0,29764.47,0.0,3.0
8861406,15.0,189.0,57.5,Female,2.0,91703.69,6.0,9.0
929347,4.0,49.0,64.5,Unknown,2.0,66154.9,6.0,9.0
5147792,12.0,154.0,30.5,Female,2.0,69751.7,0.0,3.0
4055969,12.0,155.0,57.0,Female,2.0,112774.86,3.0,6.0
486844,14.0,172.0,42.5,Male,2.0,87079.73,2.0,5.0
6904502,7.0,90.0,58.5,Unknown,2.0,56521.49,6.0,9.0
2151221,4.0,58.0,33.5,Unknown,2.0,41025.07,1.0,4.0
3735067,7.0,84.0,32.5,Unknown,2.0,48830.83,2.0,5.0
2155770,3.0,41.0,78.0,Female,2.0,108098.93,4.0,7.0
9078686,13.0,166.0,52.0,Male,2.0,865210.29,1.0,4.0
6925255,7.0,94.0,54.0,Unknown,2.0,223971.75,5.0,8.0
2901290,22.0,273.0,46.5,Male,2.0,38932.58,2.0,5.0
1578134,21.0,258.0,68.0,Male,2.0,130078.43,0.0,3.0
6024800,21.0,260.0,59.5,Female,2.0,166388.90999999997,5.0,8.0
5133112,21.0,254.0,53.0,Female,2.0,34364.21,6.0,9.0
3581374,20.0,241.0,60.0,Male,2.0,127654.91,3.0,6.0
1213963,18.0,221.0,50.0,Male,2.0,78516.13,3.0,6.0
9931722,4.0,58.0,49.5,Unknown,2.0,31164.95,1.0,4.0
9553121,7.0,94.0,42.0,Unknown,2.0,61018.52,5.0,9.0
4261790,15.0,190.0,43.5,Female,2.0,69590.23,2.0,5.0
4767901,12.0,155.0,51.5,Male,2.0,39266.97,6.0,9.0
3203562,4.0,56.0,26.0,Unknown,2.0,33698.0,6.0,9.0
4462647,19.0,239.0,69.0,Male,2.0,608294.9700000001,6.0,9.0
5183929,9.0,110.0,34.0,Female,2.0,46009.44,1.0,4.0
6539582,6.0,83.0,23.5,Unknown,3.0,57631.07,5.0,8.0
6365485,15.0,183.0,59.5,Male,3.0,81063.84,6.0,9.0
5858719,7.0,92.0,48.5,Unknown,2.0,24287.14,1.0,4.0
5778964,15.0,189.0,34.5,Male,3.0,104356.29,5.0,8.0
4736912,5.0,70.0,23.0,Unknown,2.0,55125.3,2.0,5.0
536450,4.0,58.0,22.0,Unknown,3.0,64177.8,6.0,9.0
3142332,16.0,202.0,49.5,Male,2.0,36768.84,6.0,9.0
5782398,9.0,111.0,53.0,Male,3.0,823349.76,6.0,9.0
8336492,10.0,131.0,44.5,Male,3.0,308490.91,4.0,7.0
7573566,30.0,370.0,54.0,Female,4.0,76142.38,2.0,5.0
7492898,15.0,182.0,37.5,Male,3.0,250172.11,2.0,5.0
3177883,6.0,72.0,48.5,Unknown,2.0,69665.38,1.0,4.0
2403780,9.0,119.0,67.0,Female,2.0,49363.48,4.0,7.0
9828089,14.0,178.0,63.5,Male,2.0,47165.22,1.0,4.0
2003112,6.0,80.0,18.5,Unknown,2.0,39302.97,3.0,6.0
7754205,6.0,82.0,54.0,Unknown,2.0,364834.5,3.0,6.0
7601451,5.0,66.0,67.0,Unknown,2.0,70655.75,4.0,7.0
3701770,4.0,58.0,60.0,Unknown,2.0,35335.58,0.0,3.0
7192913,12.0,149.0,66.5,Female,2.0,225271.46,0.0,6.0
1181698,13.0,160.0,70.0,Male,2.0,77583.42,2.0,5.0
732778,15.0,183.0,48.0,Female,2.0,149912.37,1.0,4.0
7400219,6.0,76.0,25.5,Unknown,2.0,37329.52,4.0,7.0
5734691,8.0,96.0,40.0,Unknown,3.0,110781.43,6.0,9.0
9457142,8.0,96.0,57.5,Unknown,2.0,380510.88,6.0,9.0
9222307,5.0,66.0,33.5,Female,2.0,27602.08,1.0,4.0
8514501,6.0,83.0,43.5,Unknown,2.0,28615.45,0.0,3.0
2261493,8.0,97.0,58.0,Male,3.0,180283.23,6.0,9.0
9551767,17.0,204.0,44.0,Female,2.0,57693.74,3.0,6.0
722253,6.0,72.0,21.5,Unknown,3.0,96104.89,6.0,9.0
6418037,15.0,190.0,65.5,Female,2.0,46154.63,4.0,7.0
613664,12.0,155.0,34.5,Male,2.0,87863.62,3.0,6.0
7860120,12.0,146.0,29.5,Male,3.0,76577.16,5.0,8.0
8624830,7.0,85.0,65.5,Unknown,2.0,31643.98,6.0,9.0
3236930,10.0,128.0,65.5,Female,2.0,163994.62,0.0,3.0
3665128,7.0,91.0,46.5,Unknown,2.0,35049.77,0.0,3.0
3037882,5.0,69.0,38.5,Female,2.0,59565.24,4.0,8.0
9337376,14.0,177.0,57.0,Male,2.0,157522.71000000002,1.0,4.0
45232,4.0,58.0,63.5,Unknown,3.0,33799.5,6.0,9.0
6202761,11.0,135.0,37.5,Male,2.0,72721.68,5.0,8.0
4703475,7.0,88.0,38.5,Unknown,2.0,25856.85,0.0,3.0
2622312,6.0,72.0,24.5,Unknown,3.0,84661.82,1.0,4.0
7356733,4.0,58.0,36.5,Unknown,2.0,29388.5,1.0,4.0
7339781,7.0,85.0,30.5,Unknown,2.0,63815.45,0.0,3.0
3189730,20.0,243.0,51.5,Female,2.0,273689.76,3.0,6.0
1406079,10.0,127.0,52.0,Male,3.0,171808.87,2.0,5.0
5136566,10.0,126.0,35.5,Female,2.0,29972.53,2.0,5.0
2002384,15.0,191.0,74.0,Female,2.0,93351.3,0.0,3.0
5731105,15.0,182.0,32.5,Male,2.0,124207.9,1.0,4.0
4600811,8.0,107.0,41.0,Female,3.0,114934.15,2.0,5.0
1454475,7.0,94.0,35.0,Unknown,2.0,76505.5,1.0,4.0
6537678,4.0,51.0,58.5,Unknown,2.0,39919.03,2.0,5.0
8943265,13.0,166.0,47.0,Male,3.0,44340.28999999999,0.0,3.0
2875466,24.0,292.0,52.0,Female,4.0,227265.07,5.0,8.0
7357596,23.0,280.0,21.5,Female,2.0,34698.47,1.0,4.0
9561503,22.0,275.0,31.0,Male,3.0,44798.61,4.0,7.0
4958552,22.0,270.0,46.5,Female,2.0,118978.68,2.0,5.0
8723535,21.0,252.0,70.5,Female,2.0,50215.22,0.0,5.0
239685,21.0,253.0,61.0,Female,2.0,183754.33,6.0,9.0
8701766,20.0,244.0,57.0,Male,3.0,251660.55,1.0,4.0
8720066,20.0,241.0,55.0,Male,3.0,221035.73,0.0,3.0
5089420,16.0,203.0,48.5,Male,2.0,1775907.3199999998,5.0,9.0
8261716,6.0,76.0,30.5,Unknown,2.0,48685.17,3.0,6.0
2363138,6.0,76.0,63.0,Unknown,2.0,53632.96,5.0,8.0
1057612,16.0,200.0,59.0,Male,2.0,94091.37,4.0,7.0
1054786,11.0,136.0,29.0,Male,3.0,156511.13,6.0,9.0
4035879,21.0,253.0,50.5,Male,2.0,313395.04,4.0,7.0
5707180,15.0,188.0,44.0,Female,2.0,42624.81,1.0,4.0
1201610,5.0,64.0,48.0,Unknown,2.0,31842.12,1.0,4.0
2849825,15.0,190.0,58.5,Female,2.0,109597.53,1.0,4.0
4166929,16.0,196.0,64.0,Male,2.0,880963.3200000001,4.0,7.0
7143446,14.0,169.0,66.5,Female,2.0,123666.64,5.0,8.0
2825376,6.0,79.0,32.5,Unknown,2.0,26881.46,0.0,3.0
1813047,15.0,189.0,63.5,Male,2.0,63490.98,6.0,9.0
8681156,9.0,118.0,48.0,Unknown,2.0,73575.82,0.0,3.0
1212721,10.0,123.0,55.0,Female,2.0,39858.93,1.0,4.0
6071692,8.0,107.0,53.0,Male,2.0,292455.39,1.0,4.0
251184,13.0,167.0,60.5,Female,2.0,30794.31,1.0,4.0
310644,16.0,203.0,33.0,Male,2.0,72459.51,4.0,7.0
6744430,6.0,78.0,53.0,Unknown,2.0,487389.36,6.0,9.0
1365430,9.0,118.0,37.0,Male,2.0,59981.69,0.0,3.0
2088806,5.0,62.0,43.5,Unknown,2.0,48623.49,0.0,3.0
184216,13.0,161.0,50.5,Female,2.0,173285.46000000002,5.0,8.0
3610018,12.0,150.0,58.5,Unknown,2.0,175438.26,6.0,9.0
2690825,5.0,70.0,35.5,Unknown,2.0,34979.06,1.0,4.0
1464315,6.0,73.0,31.5,Unknown,3.0,64000.88,1.0,4.0
234014,15.0,184.0,65.0,Female,3.0,221682.38,6.0,9.0
5221707,4.0,59.0,30.0,Male,2.0,29078.68,1.0,4.0
590547,12.0,154.0,47.5,Female,2.0,64483.02,1.0,4.0
2370900,7.0,86.0,32.0,Unknown,2.0,41912.87,5.0,8.0
4345896,3.0,46.0,26.5,Unknown,2.0,43470.6,3.0,6.0
6973088,7.0,94.0,55.0,Unknown,2.0,33139.22,3.0,6.0
4764904,6.0,82.0,24.0,Unknown,2.0,36744.31,1.0,4.0
2371545,16.0,196.0,53.5,Female,2.0,54570.14,1.0,4.0
4638554,5.0,62.0,33.5,Unknown,2.0,26823.35,0.0,3.0
533703,5.0,71.0,56.5,Female,2.0,226635.55,0.0,3.0
4803076,6.0,78.0,54.0,Male,3.0,338905.4,6.0,9.0
7139597,9.0,110.0,55.0,Male,2.0,54829.21,2.0,5.0
1121736,4.0,59.0,74.5,Unknown,2.0,105993.49,1.0,4.0
9882553,4.0,59.0,21.5,Unknown,2.0,27888.53,3.0,6.0
5934113,10.0,128.0,62.0,Male,2.0,40875.72,6.0,9.0
7683151,11.0,143.0,35.0,Male,3.0,80436.89,2.0,5.0
4211489,7.0,89.0,32.0,Male,2.0,28293.46,3.0,6.0
7795550,7.0,88.0,25.5,Unknown,2.0,62271.86,6.0,9.0
8786755,23.0,287.0,51.5,Female,2.0,253079.24,6.0,9.0
6063905,22.0,272.0,54.0,Female,2.0,121258.75,3.0,6.0
5606455,22.0,270.0,53.5,Male,3.0,348650.68,4.0,7.0
4330881,21.0,258.0,46.5,Male,2.0,35367.11,1.0,4.0
8259569,21.0,258.0,72.0,Male,3.0,767518.56,5.0,8.0
3336291,20.0,250.0,48.5,Male,2.0,79194.0,3.0,6.0
3486139,22.0,270.0,70.0,Male,2.0,358894.23,0.0,3.0
1115570,18.0,225.0,61.0,Male,2.0,72110.15,6.0,9.0
7340969,21.0,255.0,38.5,Male,2.0,322870.98,0.0,3.0
9189287,5.0,70.0,34.5,Male,2.0,45456.3,6.0,9.0
7861081,7.0,85.0,52.0,Unknown,3.0,159475.88,6.0,9.0
7731145,11.0,133.0,63.0,Female,2.0,64223.76,2.0,5.0
6880632,10.0,121.0,39.0,Unknown,2.0,75090.51,1.0,4.0
3431165,4.0,57.0,29.5,Unknown,2.0,55799.81,1.0,4.0
3766077,10.0,128.0,54.5,Male,2.0,641706.42,5.0,8.0
5212280,14.0,179.0,32.5,Female,2.0,180257.73,3.0,6.0
7812877,31.0,379.0,75.5,Male,3.0,1503466.23,6.0,9.0
3292707,8.0,106.0,28.5,Female,2.0,37846.27,1.0,4.0
5034038,11.0,137.0,30.0,Male,2.0,359372.24,3.0,6.0
5072791,18.0,222.0,56.5,Female,2.0,144878.21,6.0,9.0
4163891,27.0,324.0,56.5,Female,2.0,96378.86,5.0,8.0
7128679,8.0,101.0,27.0,Unknown,2.0,30560.88,1.0,4.0
7023981,11.0,133.0,30.5,Male,2.0,35382.81,1.0,4.0
1890923,9.0,109.0,65.5,Female,2.0,150298.51,3.0,6.0
7945965,10.0,121.0,63.5,Male,2.0,65491.43,0.0,3.0
3658118,6.0,82.0,53.5,Unknown,2.0,367298.79,6.0,9.0
2354284,14.0,179.0,59.5,Male,2.0,136458.46,3.0,6.0
2468678,7.0,91.0,44.0,Unknown,2.0,51940.44,3.0,6.0
7616896,55.0,669.0,78.0,Unknown,2.0,45780.56,5.0,8.0
5894048,10.0,130.0,64.5,Female,2.0,25848.59,1.0,4.0
4564305,14.0,179.0,38.0,Male,2.0,58826.23,1.0,4.0
4545467,6.0,82.0,50.5,Unknown,2.0,70783.2,2.0,5.0
8165565,4.0,57.0,49.5,Female,2.0,31627.67,1.0,4.0
8646247,11.0,133.0,53.5,Unknown,2.0,34469.36,3.0,6.0
861552,15.0,191.0,41.5,Female,2.0,71986.13,2.0,5.0
4163739,6.0,83.0,60.5,Unknown,2.0,55102.74,6.0,9.0
6571308,5.0,64.0,53.5,Unknown,2.0,26281.93,0.0,3.0
7111860,9.0,109.0,23.0,Male,3.0,86830.97,6.0,9.0
8596419,14.0,172.0,23.0,Female,2.0,25466.87,2.0,5.0
528504,5.0,71.0,30.5,Unknown,3.0,101066.5,3.0,6.0
3740847,15.0,181.0,66.5,Male,2.0,70517.38,6.0,9.0
8093368,4.0,56.0,75.0,Male,2.0,36387.09,3.0,6.0
766105,4.0,57.0,41.0,Unknown,2.0,333871.09,1.0,4.0
5874124,14.0,178.0,73.0,Male,2.0,38811.7,6.0,9.0
5322158,6.0,72.0,61.0,Unknown,2.0,37442.9,1.0,4.0
7179464,14.0,175.0,35.5,Female,2.0,35163.48,1.0,4.0
9958200,12.0,154.0,51.5,Female,2.0,132948.75,0.0,3.0
6202775,5.0,64.0,50.5,Unknown,2.0,138152.12,6.0,9.0
867469,6.0,72.0,52.5,Unknown,3.0,325562.84,6.0,9.0
5755427,4.0,56.0,34.0,Unknown,2.0,30795.63,1.0,4.0
4486779,14.0,172.0,47.0,Female,2.0,36317.97,2.0,5.0
31502,7.0,84.0,47.5,Unknown,2.0,57208.46,1.0,4.0
3357234,5.0,68.0,75.5,Unknown,2.0,164988.15000000002,6.0,9.0
5222244,11.0,141.0,28.5,Male,2.0,162373.61,5.0,8.0
9793418,10.0,123.0,63.0,Unknown,2.0,42323.92,2.0,5.0
3996290,5.0,67.0,50.5,Unknown,2.0,52905.35,1.0,4.0
6066941,25.0,301.0,58.0,Female,2.0,24317.05,6.0,9.0
8538565,21.0,263.0,66.5,Female,2.0,34939.259999999995,1.0,4.0
8538655,21.0,263.0,68.0,Male,2.0,214832.08,4.0,7.0
6832675,22.0,269.0,69.5,Female,2.0,159376.47999999998,6.0,9.0
6584763,7.0,92.0,55.5,Unknown,3.0,44882.65,6.0,9.0
6935374,28.0,338.0,53.5,Female,2.0,43840.09,2.0,5.0
2904767,8.0,103.0,25.5,Unknown,2.0,39129.27,2.0,5.0
2063242,6.0,83.0,49.0,Unknown,2.0,225108.9,6.0,9.0
7182425,4.0,58.0,38.0,Unknown,2.0,32413.51,2.0,5.0
2408633,13.0,167.0,31.5,Male,2.0,75513.84,1.0,4.0
7402656,6.0,80.0,34.0,Unknown,2.0,51075.94,3.0,6.0
4356706,24.0,297.0,55.0,Male,2.0,80103.26,6.0,9.0
318535,4.0,59.0,51.0,Female,2.0,132416.39,5.0,8.0
310366,15.0,182.0,59.0,Male,2.0,274195.13,2.0,5.0
4428440,11.0,133.0,32.5,Female,2.0,117070.39,0.0,3.0
3236269,14.0,171.0,61.5,Female,2.0,81333.68,2.0,5.0
8247191,12.0,147.0,64.0,Female,2.0,122957.63,1.0,4.0
368994,11.0,132.0,33.0,Female,2.0,110432.81,3.0,6.0
5884191,6.0,72.0,62.5,Unknown,2.0,29721.68,2.0,5.0
1915796,21.0,253.0,52.0,Male,2.0,317877.63,1.0,4.0
5776661,14.0,172.0,36.0,Male,2.0,24912.32,3.0,6.0
9072281,5.0,60.0,25.0,Unknown,2.0,30048.32,1.0,4.0
9028119,5.0,70.0,43.0,Unknown,3.0,78294.85,5.0,8.0
8515977,4.0,50.0,60.5,Unknown,2.0,28420.24,1.0,4.0
6918862,5.0,71.0,19.5,Unknown,2.0,50673.87,1.0,4.0
5238028,33.0,406.0,75.5,Female,2.0,26401.7,2.0,5.0
1172107,12.0,153.0,64.5,Female,2.0,51938.78,4.0,7.0
5795460,11.0,132.0,52.5,Male,2.0,107930.72,2.0,5.0
3897312,4.0,54.0,34.5,Unknown,2.0,29877.46,1.0,4.0
5077484,9.0,118.0,47.0,Female,3.0,60095.92,5.0,8.0
6478722,15.0,190.0,52.5,Male,2.0,77528.17,0.0,3.0
288973,8.0,102.0,37.0,Unknown,3.0,45441.31,6.0,9.0
8666113,9.0,118.0,40.0,Male,2.0,96277.57,2.0,5.0
3508276,18.0,217.0,58.5,Female,3.0,116806.81,3.0,6.0
467367,22.0,267.0,62.5,Female,3.0,62624.25,5.0,8.0
4404877,13.0,165.0,41.5,Male,2.0,35446.29,2.0,5.0
8921463,11.0,136.0,62.0,Female,2.0,38395.02,2.0,5.0
7132018,8.0,97.0,53.0,Unknown,2.0,80029.36,4.0,7.0
6679700,6.0,82.0,41.5,Unknown,2.0,47825.77,2.0,5.0
1859494,6.0,74.0,34.0,Unknown,2.0,39748.52,6.0,9.0
4541036,12.0,144.0,32.0,Female,2.0,31975.81,0.0,3.0
2287580,23.0,281.0,70.5,Male,2.0,166151.59000000003,3.0,6.0
6207194,21.0,263.0,56.5,Male,2.0,87732.16,0.0,3.0
8548776,21.0,258.0,86.5,Female,2.0,223285.83,0.0,3.0
7690616,19.0,231.0,44.0,Male,3.0,65240.16,6.0,9.0
1860239,18.0,227.0,37.0,Female,3.0,123108.06,2.0,5.0
1651717,6.0,79.0,26.5,Unknown,2.0,37772.8,3.0,6.0
4530468,7.0,85.0,61.0,Unknown,2.0,69966.66,2.0,5.0
5281485,4.0,58.0,27.0,Unknown,2.0,37749.49,6.0,9.0
9206760,4.0,59.0,48.5,Unknown,3.0,53107.0,5.0,8.0
1051611,7.0,84.0,56.5,Unknown,2.0,38824.63,3.0,6.0
4091772,13.0,164.0,49.0,Male,2.0,136907.11,2.0,5.0
2047876,9.0,109.0,71.0,Male,2.0,70196.36,6.0,9.0
1828012,17.0,204.0,37.5,Unknown,2.0,144102.39,0.0,3.0
5786829,8.0,105.0,26.5,Male,3.0,87853.88,2.0,5.0
3962932,14.0,176.0,69.5,Male,2.0,231558.72,5.0,8.0
7169843,17.0,210.0,62.0,Male,2.0,42671.4,2.0,5.0
6737832,9.0,111.0,32.5,Male,3.0,91472.93,6.0,9.0
359736,15.0,188.0,64.5,Female,2.0,68311.69,2.0,5.0
6469303,9.0,114.0,58.5,Male,2.0,28856.87,4.0,7.0
7453339,12.0,152.0,48.0,Female,2.0,119049.17,6.0,9.0
9418058,15.0,188.0,47.0,Female,2.0,129682.54,4.0,7.0
9218276,7.0,92.0,32.0,Unknown,2.0,61134.5,4.0,7.0
9659796,27.0,324.0,82.0,Female,3.0,1385430.8199999998,6.0,9.0
9464626,15.0,189.0,33.0,Male,2.0,82639.9,5.0,8.0
1901992,6.0,75.0,61.5,Unknown,2.0,90487.75,3.0,6.0
7375067,6.0,83.0,44.0,Unknown,4.0,213837.07,6.0,9.0
5534302,4.0,54.0,66.0,Unknown,2.0,60516.33,6.0,9.0
4506484,11.0,142.0,70.5,Female,2.0,28275.87,0.0,3.0
416876,6.0,76.0,65.5,Female,2.0,291392.27,6.0,9.0
862662,33.0,398.0,60.5,Female,2.0,2410753.25,6.0,9.0
3787488,19.0,230.0,54.0,Male,2.0,41486.88,5.0,8.0
5746278,11.0,132.0,36.5,Male,2.0,173581.65000000002,3.0,6.0
1051623,23.0,279.0,26.0,Male,2.0,44656.49,4.0,7.0
3112574,15.0,182.0,33.0,Female,2.0,68473.17,1.0,4.0
6096204,10.0,129.0,77.0,Male,2.0,98436.62,5.0,8.0
7793123,4.0,58.0,51.5,Unknown,2.0,32520.88,2.0,5.0
6801173,4.0,59.0,60.5,Unknown,2.0,50397.61,4.0,7.0
4481832,10.0,127.0,43.0,Male,2.0,160591.99,4.0,7.0
8987981,4.0,57.0,56.5,Unknown,2.0,49160.4,3.0,6.0
975686,14.0,168.0,68.0,Male,2.0,39725.65,2.0,5.0
9279103,8.0,103.0,58.0,Unknown,2.0,72836.01999999999,3.0,6.0
1666873,4.0,59.0,51.0,Unknown,2.0,40720.25,2.0,5.0
8643130,8.0,98.0,44.5,Female,2.0,27750.14,6.0,9.0
2355414,5.0,70.0,26.0,Unknown,2.0,29043.63,1.0,4.0
5955908,15.0,189.0,68.0,Male,2.0,87448.84,1.0,4.0
8153419,3.0,40.0,21.5,Unknown,2.0,39528.59,1.0,4.0
7944979,7.0,91.0,27.5,Female,2.0,63067.43,3.0,6.0
7862447,23.0,284.0,48.0,Female,2.0,106150.98,4.0,7.0
4608580,12.0,155.0,52.5,Male,2.0,89402.97,6.0,9.0
6102201,9.0,112.0,58.0,Male,2.0,559296.66,4.0,7.0
4777298,20.0,241.0,62.0,Male,3.0,112821.81,6.0,9.0
9347167,19.0,239.0,44.5,Female,2.0,33942.52,0.0,3.0
5990729,18.0,217.0,48.0,Unknown,3.0,576587.62,6.0,9.0
3606864,17.0,211.0,44.0,Female,2.0,51735.05,0.0,3.0
6765419,10.0,121.0,73.5,Female,2.0,541505.1900000001,4.0,7.0
9267176,15.0,180.0,47.5,Male,2.0,41554.62,4.0,7.0
9970501,14.0,174.0,58.5,Male,2.0,107748.34,0.0,3.0
1414990,20.0,247.0,32.5,Male,2.0,169096.65000000002,6.0,9.0
1005952,6.0,75.0,63.5,Unknown,2.0,38249.09,0.0,3.0
5055762,5.0,61.0,61.5,Female,2.0,49124.64,3.0,6.0
6143809,13.0,163.0,32.5,Female,2.0,29872.82,0.0,3.0
6102190,15.0,183.0,33.5,Female,2.0,90597.63,6.0,9.0
2829680,13.0,166.0,37.5,Male,2.0,47421.11,0.0,3.0
7809216,15.0,182.0,58.5,Male,2.0,23805.89,5.0,8.0
7858139,6.0,72.0,60.5,Unknown,2.0,83937.04999999999,3.0,6.0
5588056,6.0,73.0,30.5,Unknown,2.0,106997.08,2.0,5.0
7362107,13.0,167.0,38.5,Male,2.0,41604.27,1.0,4.0
4098999,7.0,91.0,61.0,Unknown,2.0,54036.36,2.0,5.0
3323049,26.0,320.0,81.0,Unknown,2.0,280534.74,5.0,8.0
8625422,5.0,69.0,22.5,Unknown,2.0,30383.87,6.0,9.0
7951576,5.0,67.0,28.0,Unknown,3.0,33730.43,6.0,9.0
3087062,5.0,71.0,29.5,Male,2.0,76349.08,1.0,4.0
3089893,26.0,312.0,54.0,Female,2.0,801069.53,6.0,9.0
4971329,6.0,73.0,67.5,Unknown,2.0,85879.61,6.0,9.0
6817955,7.0,91.0,28.0,Male,2.0,52863.75,0.0,3.0
9810295,7.0,86.0,76.0,Unknown,2.0,52305.61,0.0,3.0
2174062,14.0,177.0,29.0,Female,2.0,32408.11,1.0,4.0
7956085,11.0,137.0,58.0,Female,2.0,110002.83,0.0,3.0
2220892,11.0,132.0,41.0,Male,3.0,82112.18,6.0,9.0
3795129,14.0,178.0,63.0,Female,2.0,47724.38,6.0,9.0
6238381,9.0,116.0,22.5,Female,2.0,29273.32,0.0,3.0
4608665,11.0,143.0,40.0,Male,2.0,43264.27,6.0,9.0
3174093,8.0,102.0,89.0,Unknown,2.0,25071.93,1.0,4.0
5455344,9.0,112.0,50.0,Female,2.0,35693.73,2.0,5.0
1534510,5.0,60.0,58.5,Unknown,2.0,28241.81,6.0,9.0
564330,12.0,151.0,35.0,Female,2.0,25261.7,1.0,4.0
4862521,10.0,129.0,49.0,Male,2.0,679448.4500000001,6.0,9.0
650022,13.0,166.0,74.0,Male,2.0,234860.74,0.0,3.0
7200160,5.0,70.0,29.5,Unknown,2.0,30033.12,2.0,5.0
7216927,11.0,136.0,35.5,Female,2.0,50460.63,2.0,5.0
6719638,15.0,191.0,64.5,Male,4.0,202345.42,6.0,9.0
6654500,12.0,154.0,62.5,Female,2.0,36050.99,1.0,4.0
7696674,12.0,145.0,50.5,Male,4.0,476780.79,5.0,9.0
3577478,13.0,162.0,61.5,Male,2.0,54788.17999999999,2.0,5.0
5394982,6.0,80.0,23.5,Unknown,2.0,46593.55,5.0,8.0
6139079,24.0,299.0,52.5,Male,4.0,517267.42,6.0,9.0
8911940,23.0,281.0,54.5,Male,3.0,1000654.64,5.0,8.0
5866418,22.0,271.0,52.0,Male,2.0,1544703.09,3.0,6.0
6929800,21.0,261.0,53.0,Female,2.0,58247.32,4.0,7.0
8358491,29.0,357.0,61.5,Unknown,2.0,30158.4,3.0,6.0
5233866,21.0,257.0,35.5,Unknown,3.0,89026.91,4.0,7.0
5431617,20.0,251.0,53.5,Female,4.0,1049656.07,3.0,6.0
4916462,17.0,211.0,23.5,Female,2.0,32420.72,1.0,4.0
8780433,17.0,205.0,35.5,Male,3.0,459210.64,4.0,7.0
5514901,6.0,79.0,61.0,Unknown,2.0,30361.91,2.0,5.0
9570424,13.0,159.0,62.5,Male,2.0,67784.70999999999,6.0,9.0
487901,33.0,406.0,64.5,Female,2.0,59541.86,6.0,9.0
4399973,5.0,60.0,26.0,Unknown,2.0,43431.74,6.0,9.0
9888844,14.0,176.0,38.5,Female,2.0,47187.81,1.0,4.0
5811937,9.0,119.0,34.5,Male,3.0,93983.25,3.0,6.0
8124903,11.0,142.0,45.0,Male,2.0,29793.6,0.0,3.0
6180642,12.0,152.0,29.5,Female,4.0,83935.70999999999,4.0,7.0
6013539,4.0,58.0,63.5,Unknown,2.0,44160.84,4.0,7.0
9811987,15.0,180.0,52.5,Female,3.0,175921.47999999998,3.0,8.0
8985316,31.0,376.0,59.0,Male,4.0,400419.09,1.0,4.0
8884289,13.0,156.0,34.0,Female,2.0,57292.94,1.0,4.0
4590720,12.0,151.0,53.5,Female,2.0,96585.77,1.0,4.0
4359323,7.0,87.0,36.5,Unknown,3.0,76428.54999999999,5.0,8.0
8110370,5.0,64.0,70.5,Unknown,2.0,263402.36,1.0,5.0
4931957,11.0,138.0,60.5,Male,2.0,311799.43,5.0,8.0
4969388,13.0,157.0,45.5,Female,3.0,62046.22,0.0,3.0
6233008,7.0,94.0,56.5,Unknown,2.0,94625.65,2.0,5.0
2667434,4.0,58.0,62.0,Unknown,2.0,103466.87,3.0,6.0
615432,14.0,174.0,61.0,Male,2.0,58946.9,3.0,6.0
7389407,6.0,72.0,61.5,Unknown,2.0,50969.02,3.0,6.0
7944180,6.0,72.0,36.0,Male,2.0,24885.55,1.0,4.0
1109289,6.0,82.0,57.5,Unknown,2.0,76879.22,5.0,8.0
5293565,6.0,83.0,47.5,Female,4.0,806432.53,4.0,7.0
3419139,15.0,189.0,51.0,Female,2.0,85791.97,2.0,5.0
2182225,5.0,66.0,48.5,Unknown,2.0,326330.14,1.0,4.0
3477900,10.0,126.0,32.5,Male,2.0,98508.03,6.0,9.0
676171,4.0,57.0,61.0,Unknown,2.0,48371.1,1.0,4.0
8218129,12.0,152.0,44.0,Female,3.0,156826.09000000003,6.0,9.0
2287420,13.0,159.0,47.5,Male,2.0,168933.77999999997,4.0,7.0
9999400,7.0,86.0,28.5,Unknown,2.0,51787.03999999999,0.0,3.0
4761102,13.0,158.0,53.0,Male,2.0,236867.94,6.0,9.0
8986362,5.0,65.0,35.0,Unknown,2.0,49646.53,6.0,9.0
9797821,8.0,98.0,33.0,Unknown,2.0,42632.58,6.0,9.0
3989454,5.0,66.0,44.5,Unknown,2.0,49018.41,6.0,9.0
4981191,35.0,423.0,55.0,Male,3.0,211766.74,6.0,9.0
522175,5.0,68.0,57.0,Unknown,3.0,60753.49,5.0,8.0
2395828,12.0,154.0,40.5,Male,2.0,52452.97,4.0,7.0
6082949,5.0,69.0,33.0,Female,2.0,64103.56,4.0,8.0
3313496,14.0,168.0,39.5,Female,2.0,23793.54,0.0,3.0
336203,11.0,141.0,36.0,Female,2.0,198601.62,2.0,5.0
8223495,8.0,107.0,61.5,Male,2.0,66898.6,1.0,4.0
5711340,12.0,152.0,41.5,Unknown,5.0,399471.99,5.0,8.0
3560967,26.0,321.0,67.5,Female,3.0,422268.25,6.0,9.0
9018011,5.0,60.0,47.0,Unknown,2.0,30384.95,4.0,7.0
5716405,10.0,131.0,40.0,Female,2.0,79682.07,0.0,3.0
94778,8.0,101.0,64.5,Unknown,2.0,173731.26,4.0,7.0
6987490,14.0,175.0,59.5,Male,4.0,373347.62,5.0,8.0
6801082,24.0,298.0,49.5,Female,2.0,45360.66,1.0,4.0
3798336,23.0,286.0,52.5,Female,2.0,119488.22,6.0,9.0
6129501,20.0,241.0,79.0,Female,3.0,61395.97,5.0,8.0
4015554,19.0,237.0,72.0,Unknown,2.0,230764.2,3.0,6.0
9860216,19.0,231.0,48.5,Female,3.0,263295.31,2.0,5.0
3562277,19.0,228.0,45.5,Unknown,2.0,696327.8300000001,0.0,3.0
8669318,18.0,227.0,67.5,Female,2.0,31768.89,3.0,6.0
3265028,21.0,256.0,55.5,Female,2.0,28335.06,2.0,6.0
2524472,18.0,218.0,59.0,Female,2.0,48432.81,2.0,5.0
8101420,17.0,215.0,36.5,Male,3.0,32980.22,2.0,5.0
8911405,17.0,215.0,60.5,Male,2.0,187254.45,3.0,6.0
2473510,5.0,71.0,48.0,Unknown,2.0,30468.88,0.0,3.0
9765356,14.0,178.0,42.0,Female,2.0,63403.6,0.0,3.0
9883616,5.0,71.0,20.5,Unknown,2.0,38262.88,4.0,7.0
9811749,5.0,70.0,50.0,Unknown,2.0,38909.81,4.0,7.0
639155,7.0,93.0,31.5,Unknown,3.0,159795.59000000003,6.0,9.0
8860731,12.0,149.0,46.0,Male,2.0,53653.69,0.0,3.0
8093753,14.0,173.0,35.5,Male,2.0,49063.51,1.0,4.0
8581911,27.0,331.0,46.0,Male,3.0,1285533.63,6.0,9.0
9803388,5.0,71.0,29.0,Unknown,3.0,48066.64,6.0,9.0
9092579,4.0,58.0,45.0,Unknown,2.0,43914.23,4.0,7.0
9025285,14.0,175.0,32.5,Male,3.0,49017.25,6.0,9.0
5493415,4.0,58.0,68.5,Unknown,2.0,283860.69,2.0,6.0
1604827,11.0,134.0,40.5,Male,2.0,99782.05,1.0,4.0
1786005,6.0,82.0,38.5,Unknown,2.0,71435.72,1.0,4.0
1903986,6.0,79.0,35.0,Unknown,2.0,25547.48,2.0,5.0
9653388,16.0,194.0,56.5,Unknown,2.0,38040.58,0.0,3.0
3155184,10.0,123.0,56.0,Male,2.0,45684.42,1.0,4.0
2754248,8.0,99.0,48.5,Unknown,2.0,246435.36,6.0,9.0
8697847,6.0,78.0,62.5,Unknown,2.0,42484.11,5.0,8.0
5281430,15.0,191.0,61.0,Male,4.0,282275.2,6.0,9.0
2649374,7.0,84.0,64.0,Female,2.0,24885.36,2.0,5.0
8938706,6.0,73.0,63.5,Male,2.0,123750.12,4.0,7.0
9648192,15.0,189.0,84.5,Male,2.0,348617.06,2.0,5.0
3467432,8.0,105.0,72.5,Female,2.0,60536.32,6.0,9.0
4744151,11.0,134.0,32.5,Female,4.0,537342.06,5.0,8.0
3120243,10.0,123.0,54.0,Female,3.0,753302.75,1.0,4.0
6815224,6.0,78.0,29.5,Female,2.0,28192.25,6.0,9.0
3342363,7.0,86.0,64.0,Male,3.0,431155.02,4.0,7.0
9779317,5.0,65.0,51.5,Unknown,2.0,339557.14,3.0,6.0
2366940,5.0,69.0,41.5,Unknown,2.0,65116.34,2.0,5.0
6291464,25.0,311.0,51.5,Male,3.0,292303.78,5.0,8.0
7961597,13.0,156.0,66.5,Female,2.0,45602.45,3.0,6.0
8648996,27.0,333.0,60.0,Female,2.0,32955.72,3.0,6.0
2151200,6.0,72.0,44.0,Unknown,2.0,43067.51,0.0,3.0
8506661,6.0,74.0,31.5,Unknown,2.0,32087.99,6.0,9.0
9204785,30.0,370.0,63.5,Female,2.0,57972.14,3.0,6.0
5897806,6.0,78.0,28.0,Unknown,3.0,174711.34999999998,2.0,5.0
9327463,12.0,146.0,35.0,Female,2.0,124086.57,3.0,6.0
1116542,11.0,132.0,38.0,Unknown,2.0,108598.73,6.0,9.0
3517848,4.0,57.0,49.0,Unknown,2.0,246232.99,6.0,9.0
142695,7.0,87.0,63.0,Unknown,2.0,57311.97,4.0,7.0
8166246,6.0,73.0,23.5,Unknown,2.0,26938.68,0.0,3.0
9750396,4.0,58.0,44.0,Unknown,3.0,46927.42999999999,6.0,9.0
141643,14.0,169.0,30.5,Male,2.0,85129.23999999999,2.0,5.0
1151298,24.0,289.0,56.5,Female,3.0,565528.68,0.0,3.0
2158976,24.0,294.0,44.5,Female,3.0,288241.24,6.0,9.0
1042803,21.0,257.0,48.0,Male,4.0,162118.24,5.0,8.0
5499193,18.0,225.0,25.0,Female,2.0,35090.78,0.0,3.0
3046864,18.0,216.0,71.5,Female,3.0,56632.53,4.0,7.0
253737,9.0,114.0,26.0,Female,2.0,44916.86,0.0,3.0
9131334,11.0,136.0,40.5,Unknown,2.0,176872.53999999998,2.0,5.0
8626474,4.0,59.0,31.5,Male,2.0,39852.72,5.0,8.0
6000826,5.0,68.0,25.5,Unknown,3.0,60502.23,2.0,5.0
4291714,10.0,131.0,31.0,Male,3.0,90915.32,3.0,6.0
9480124,6.0,73.0,60.5,Unknown,2.0,30610.67,6.0,9.0
3123566,10.0,131.0,24.5,Female,2.0,87512.36,1.0,4.0
5832167,10.0,130.0,34.5,Female,2.0,64582.96,6.0,9.0
8144798,5.0,66.0,26.0,Unknown,3.0,59005.55,5.0,8.0
6190851,24.0,289.0,71.5,Male,2.0,316428.8,1.0,4.0
6671416,6.0,76.0,32.5,Unknown,2.0,47459.89,3.0,6.0
4269937,7.0,87.0,61.0,Unknown,2.0,69410.16,5.0,8.0
8297843,16.0,198.0,40.5,Male,2.0,42943.91,0.0,3.0
9721206,10.0,130.0,58.0,Female,2.0,83665.98,1.0,4.0
7571855,13.0,166.0,63.5,Female,3.0,643567.5700000001,6.0,9.0
3827070,12.0,154.0,27.5,Female,2.0,28124.96,0.0,3.0
8931499,9.0,115.0,25.0,Female,2.0,46833.46,2.0,5.0
5002833,23.0,287.0,21.5,Male,2.0,24809.62,6.0,9.0
6188679,13.0,167.0,51.0,Female,3.0,41387.53,1.0,4.0
521446,6.0,73.0,25.0,Unknown,2.0,59745.48,0.0,4.0
2120119,23.0,287.0,48.5,Female,2.0,29013.25,5.0,8.0
3454937,15.0,190.0,66.5,Female,2.0,34774.49,3.0,6.0
6528441,7.0,85.0,27.5,Unknown,2.0,29098.73,0.0,3.0
6291267,7.0,89.0,26.5,Unknown,3.0,53369.72,6.0,9.0
2666398,11.0,135.0,34.5,Male,2.0,41383.08,6.0,9.0
8315689,8.0,101.0,32.5,Unknown,3.0,517165.11,3.0,6.0
1345895,11.0,143.0,61.5,Female,2.0,34667.36,1.0,4.0
714189,13.0,166.0,44.0,Female,2.0,32625.2,0.0,3.0
846982,4.0,56.0,44.0,Unknown,2.0,26826.17,6.0,9.0
5669742,28.0,341.0,76.5,Female,4.0,216279.35,5.0,8.0
3881868,13.0,158.0,30.5,Male,2.0,27496.85,2.0,5.0
7286566,4.0,58.0,39.5,Unknown,2.0,43241.76,2.0,5.0
7441896,12.0,148.0,36.5,Male,2.0,64796.35,1.0,4.0
4799130,9.0,117.0,28.0,Female,2.0,48949.96,6.0,9.0
5659798,14.0,169.0,33.0,Male,2.0,127704.77,2.0,5.0
7218014,7.0,93.0,30.0,Male,2.0,75115.9,1.0,4.0
5817225,15.0,181.0,68.0,Male,2.0,86475.57,1.0,4.0
3498954,11.0,134.0,56.0,Female,3.0,178320.5,4.0,7.0
1591273,13.0,158.0,72.0,Female,2.0,187659.38,0.0,3.0
4009584,13.0,157.0,37.0,Female,2.0,57881.53,0.0,3.0
1240365,9.0,108.0,42.5,Female,2.0,71970.04999999999,2.0,5.0
7283635,13.0,166.0,46.5,Female,3.0,86801.04000000001,0.0,3.0
854413,14.0,173.0,34.0,Male,2.0,153138.34,3.0,6.0
5906001,10.0,128.0,44.5,Male,2.0,169108.27999999997,1.0,4.0
6751070,6.0,74.0,52.5,Female,2.0,35948.81,0.0,5.0
4464851,14.0,170.0,55.0,Female,2.0,33105.259999999995,1.0,4.0
6736194,5.0,66.0,24.0,Unknown,2.0,25781.64,6.0,9.0
5314725,5.0,65.0,21.0,Unknown,3.0,36813.1,5.0,8.0
4062741,6.0,76.0,34.5,Unknown,2.0,208702.45,6.0,9.0
837611,13.0,156.0,54.0,Male,2.0,134056.99,1.0,4.0
7972963,10.0,128.0,57.5,Female,2.0,71486.4,2.0,5.0
8739104,10.0,124.0,27.5,Male,3.0,158092.51,5.0,8.0
4042775,16.0,192.0,52.5,Female,2.0,91769.21,4.0,7.0
7828827,22.0,270.0,27.0,Female,3.0,59006.14,2.0,5.0
6347295,21.0,258.0,35.5,Male,2.0,42913.55,5.0,8.0
8101488,21.0,257.0,71.5,Male,4.0,2417939.8,2.0,6.0
6213562,20.0,247.0,64.5,Female,2.0,30617.67,2.0,5.0
2194077,20.0,243.0,44.0,Male,2.0,556959.9800000001,3.0,6.0
6359481,18.0,222.0,50.0,Female,3.0,32890.86,4.0,7.0
4406929,18.0,219.0,40.5,Male,2.0,38620.82,6.0,9.0
4833525,16.0,202.0,46.5,Male,2.0,48701.49,3.0,6.0
8781124,16.0,198.0,47.0,Female,2.0,34038.27,1.0,4.0
4521968,5.0,64.0,55.5,Unknown,2.0,34735.22,0.0,3.0
5869128,7.0,85.0,60.0,Unknown,2.0,173442.24,6.0,9.0
219851,5.0,69.0,26.5,Unknown,3.0,100031.88,6.0,9.0
5096180,13.0,167.0,29.0,Unknown,2.0,26186.35,0.0,3.0
3564021,16.0,192.0,26.0,Male,2.0,46117.0,6.0,9.0
6654915,27.0,333.0,67.5,Male,4.0,848745.9400000001,6.0,9.0
6378155,17.0,204.0,45.5,Male,4.0,1565978.46,6.0,9.0
8056344,5.0,60.0,63.5,Unknown,3.0,50791.73,2.0,5.0
1003184,5.0,60.0,33.5,Unknown,2.0,51186.99,1.0,4.0
9379616,5.0,71.0,56.5,Unknown,2.0,47687.84,1.0,4.0
6808601,17.0,210.0,44.5,Female,4.0,97036.21,4.0,7.0
7130222,4.0,59.0,37.0,Unknown,2.0,25106.51,1.0,4.0
1142574,6.0,78.0,58.0,Unknown,2.0,428861.34,6.0,9.0
6260281,13.0,162.0,53.5,Female,4.0,220998.06,1.0,4.0
5589543,11.0,140.0,38.5,Male,2.0,138028.18,4.0,7.0
6838849,21.0,257.0,34.5,Unknown,2.0,129960.2,5.0,8.0
5897858,13.0,160.0,66.5,Female,2.0,311086.86,6.0,9.0
3181054,8.0,104.0,56.5,Male,3.0,421702.62,6.0,9.0
9794955,5.0,60.0,35.5,Unknown,2.0,29381.6,0.0,3.0
3665656,13.0,165.0,41.5,Female,2.0,27830.91,1.0,4.0
8527986,12.0,148.0,54.0,Female,2.0,81384.65,5.0,8.0
9109142,6.0,72.0,50.5,Unknown,2.0,55374.0,4.0,7.0
2573760,21.0,256.0,66.5,Male,2.0,96552.72,2.0,5.0
20091,5.0,70.0,21.0,Unknown,3.0,69958.08,5.0,8.0
4728463,4.0,59.0,32.0,Unknown,2.0,43770.58,2.0,5.0
7391460,8.0,106.0,67.5,Female,2.0,346578.92,6.0,9.0
1639014,5.0,65.0,79.0,Unknown,3.0,65851.28,6.0,9.0
4802674,6.0,79.0,67.5,Unknown,2.0,57942.76,5.0,8.0
2634677,6.0,77.0,34.5,Unknown,2.0,62989.12,1.0,4.0
8430107,8.0,96.0,48.5,Unknown,2.0,37994.17,2.0,5.0
3872615,15.0,181.0,69.0,Male,2.0,51873.89,1.0,4.0
7763256,6.0,82.0,21.5,Unknown,2.0,39665.72,0.0,3.0
674947,11.0,136.0,73.0,Male,2.0,131600.05,6.0,9.0
1853111,12.0,152.0,22.0,Female,2.0,50648.26,3.0,6.0
1186556,14.0,178.0,46.0,Female,2.0,27557.91,2.0,5.0
2271391,6.0,72.0,28.5,Unknown,2.0,47142.17,1.0,4.0
4433730,15.0,183.0,45.5,Male,3.0,89761.97,3.0,6.0
9553233,11.0,142.0,34.5,Female,2.0,33911.08,1.0,4.0
287006,11.0,139.0,54.5,Female,2.0,132331.4,2.0,5.0
309846,5.0,65.0,20.0,Male,2.0,26269.59,1.0,4.0
8256199,10.0,129.0,52.0,Female,2.0,184936.06,1.0,4.0
8189712,22.0,269.0,51.5,Male,3.0,85366.61,1.0,4.0
9573768,22.0,264.0,25.5,Female,2.0,46139.67999999999,3.0,7.0
9646410,19.0,238.0,43.5,Female,3.0,135948.09,5.0,8.0
5152410,19.0,236.0,63.5,Unknown,2.0,42820.82,0.0,3.0
1695947,27.0,327.0,49.5,Male,4.0,2475356.0,6.0,9.0
7523834,16.0,194.0,55.0,Female,2.0,42529.4,6.0,9.0
2024733,16.0,192.0,43.0,Male,3.0,762128.0900000001,6.0,9.0
6785690,12.0,154.0,37.0,Female,2.0,45017.62,1.0,4.0
9569411,14.0,175.0,71.5,Male,2.0,352195.52,6.0,9.0
3436975,16.0,194.0,19.5,Male,2.0,44708.46,0.0,3.0
5991538,15.0,180.0,41.0,Female,2.0,48300.41,6.0,9.0
9871603,24.0,291.0,75.5,Female,2.0,119188.84,1.0,4.0
8420535,12.0,145.0,40.5,Female,2.0,34169.869999999995,0.0,3.0
4087696,14.0,171.0,28.5,Female,2.0,34558.35,3.0,6.0
8987005,5.0,63.0,27.5,Male,3.0,74158.62,0.0,3.0
2193235,4.0,56.0,28.0,Unknown,2.0,35415.149999999994,6.0,9.0
6217407,8.0,105.0,49.5,Male,2.0,164496.84999999998,4.0,7.0
7387492,7.0,84.0,72.0,Unknown,2.0,258763.8,1.0,5.0
2880251,10.0,130.0,28.5,Male,2.0,104559.93,5.0,8.0
3985779,5.0,71.0,29.0,Unknown,2.0,79411.08,6.0,9.0
6017155,6.0,78.0,30.5,Unknown,2.0,29638.41,0.0,3.0
6955125,5.0,60.0,25.5,Unknown,2.0,58204.93,2.0,5.0
9824178,26.0,315.0,59.5,Female,2.0,149197.16,1.0,5.0
2342626,4.0,56.0,50.5,Unknown,2.0,159802.03999999998,6.0,9.0
5310152,5.0,70.0,24.0,Unknown,2.0,49499.56,3.0,6.0
1202619,27.0,334.0,49.0,Female,2.0,138534.41,0.0,3.0
3105323,7.0,84.0,54.0,Unknown,2.0,202413.39,6.0,9.0
4672162,4.0,56.0,55.0,Unknown,2.0,97501.7,4.0,7.0
3259983,35.0,429.0,68.0,Male,3.0,229875.35,6.0,9.0
6214973,4.0,59.0,35.5,Unknown,2.0,45406.86,2.0,5.0
2557654,7.0,85.0,33.0,Unknown,2.0,62980.57,4.0,7.0
9218872,6.0,75.0,65.5,Unknown,2.0,462591.85,5.0,8.0
9379563,8.0,98.0,58.0,Female,3.0,852626.27,5.0,8.0
3298257,6.0,74.0,31.5,Female,2.0,84769.65,6.0,9.0
8233227,5.0,70.0,54.5,Unknown,2.0,47654.41,0.0,3.0
7944056,10.0,122.0,58.5,Unknown,2.0,25057.79,1.0,4.0
5234070,16.0,194.0,60.0,Male,2.0,96486.9,4.0,7.0
9665433,9.0,118.0,48.5,Male,3.0,54839.86,2.0,5.0
588240,18.0,225.0,60.5,Male,2.0,91312.91,6.0,9.0
3191906,32.0,394.0,64.5,Male,4.0,326974.42,6.0,9.0
9365765,6.0,75.0,64.0,Female,3.0,69649.82,4.0,7.0
4500691,35.0,429.0,62.5,Male,4.0,1293404.49,6.0,9.0
3954776,4.0,58.0,32.0,Unknown,3.0,79442.70999999999,5.0,8.0
8917970,5.0,66.0,18.5,Unknown,3.0,79535.22,5.0,8.0
7897865,8.0,96.0,30.5,Unknown,2.0,25035.69,4.0,7.0
9173716,6.0,82.0,50.5,Unknown,2.0,67816.45999999999,4.0,7.0
8866091,14.0,169.0,34.0,Female,2.0,71194.15,3.0,6.0
2013019,5.0,69.0,30.5,Female,2.0,27485.71,1.0,4.0
2504179,6.0,81.0,58.0,Unknown,2.0,49950.81,6.0,9.0
5989842,22.0,270.0,60.0,Male,2.0,183010.14,1.0,4.0
9615396,15.0,190.0,44.0,Male,2.0,171190.01,3.0,6.0
4847216,16.0,199.0,42.5,Female,2.0,218747.44,0.0,3.0
4768430,5.0,66.0,30.0,Unknown,3.0,38348.94,6.0,9.0
4697807,8.0,107.0,44.5,Female,2.0,45827.3,6.0,9.0
2948707,7.0,91.0,66.5,Unknown,2.0,50819.38,3.0,6.0
166017,5.0,60.0,61.5,Unknown,3.0,40643.15,5.0,8.0
7397516,24.0,299.0,65.5,Female,2.0,385150.87,6.0,9.0
7475772,24.0,297.0,53.5,Female,3.0,139160.16,6.0,9.0
5922530,21.0,263.0,22.5,Female,2.0,49602.61,0.0,3.0
4257130,21.0,263.0,59.5,Female,2.0,69477.26999999999,0.0,3.0
8750280,21.0,263.0,55.0,Female,2.0,145626.83000000002,3.0,6.0
763155,21.0,260.0,50.5,Female,3.0,98981.19,5.0,8.0
9098405,18.0,222.0,77.0,Female,2.0,107563.95,5.0,8.0
5377046,7.0,94.0,51.5,Unknown,2.0,65828.28,0.0,3.0
1335040,14.0,177.0,32.0,Male,3.0,81949.23,0.0,3.0
6403610,2.0,33.0,34.0,Unknown,2.0,146680.91,4.0,7.0
9815230,10.0,127.0,42.5,Male,2.0,61308.24,5.0,8.0
2255988,9.0,109.0,32.0,Female,2.0,32301.77,0.0,3.0
7575683,5.0,63.0,25.5,Unknown,2.0,49214.28999999999,1.0,4.0
3124882,13.0,158.0,29.0,Male,2.0,51313.03,1.0,4.0
848241,16.0,198.0,40.5,Male,3.0,148537.5,1.0,4.0
5640300,11.0,132.0,35.0,Male,4.0,102168.89,6.0,9.0
3239760,7.0,94.0,48.0,Unknown,2.0,50610.31,0.0,3.0
8652495,6.0,74.0,43.5,Unknown,2.0,39488.7,1.0,4.0
1992563,4.0,58.0,30.5,Unknown,2.0,25945.11,1.0,4.0
3622914,6.0,72.0,58.0,Male,2.0,189108.49,4.0,7.0
6838225,17.0,211.0,37.5,Female,2.0,86695.25,1.0,4.0
6026701,12.0,144.0,55.0,Male,2.0,160808.65999999997,5.0,8.0
335913,15.0,185.0,49.0,Male,2.0,58582.13,1.0,4.0
8266473,4.0,55.0,29.5,Female,2.0,50004.73,2.0,5.0
9352816,6.0,78.0,63.5,Unknown,2.0,661029.4600000001,4.0,7.0
6180399,14.0,178.0,49.0,Female,2.0,147973.62,0.0,3.0
2989423,10.0,121.0,45.5,Female,2.0,45103.45,1.0,4.0
5105133,4.0,59.0,21.5,Unknown,2.0,26384.67,6.0,9.0
6362224,14.0,177.0,56.5,Male,2.0,30660.94,6.0,9.0
839368,17.0,206.0,60.0,Male,2.0,321933.88,6.0,9.0
3139298,14.0,178.0,33.5,Male,4.0,274207.8,4.0,7.0
2575418,5.0,69.0,68.0,Unknown,2.0,56206.39,5.0,8.0
2148448,13.0,157.0,31.0,Male,2.0,74515.22,6.0,9.0
3340184,10.0,122.0,41.0,Male,3.0,115106.94,3.0,6.0
5078603,4.0,58.0,21.5,Unknown,2.0,32495.07,1.0,4.0
1776371,34.0,418.0,78.0,Male,3.0,185431.66,0.0,3.0
7046904,5.0,64.0,21.0,Unknown,2.0,27212.86,3.0,6.0
4589092,14.0,169.0,67.0,Male,3.0,531028.24,6.0,9.0
2900275,11.0,142.0,26.5,Female,3.0,125364.42,3.0,7.0
9801266,6.0,80.0,66.5,Unknown,2.0,730088.55,4.0,7.0
5094860,8.0,107.0,38.0,Male,2.0,28283.09,4.0,7.0
4736680,8.0,96.0,55.5,Unknown,2.0,33448.369999999995,1.0,4.0
5290630,6.0,83.0,33.5,Unknown,2.0,38719.67,6.0,9.0
5558259,4.0,54.0,20.0,Male,2.0,32194.17,0.0,3.0
3361646,16.0,194.0,61.0,Female,2.0,43413.28999999999,1.0,4.0
1613887,5.0,71.0,29.0,Unknown,2.0,28786.24,6.0,9.0
9766629,4.0,59.0,53.5,Unknown,4.0,71961.56,6.0,9.0
6735720,12.0,154.0,76.0,Male,2.0,1116556.44,3.0,7.0
8491361,15.0,184.0,54.5,Male,3.0,50029.27,4.0,7.0
8628250,14.0,179.0,37.0,Female,2.0,169814.65999999997,6.0,9.0
7137381,19.0,228.0,68.0,Male,2.0,457830.63,3.0,7.0
5079849,14.0,175.0,30.0,Female,2.0,111033.47,6.0,9.0
7746966,5.0,66.0,27.5,Unknown,3.0,36083.38,6.0,9.0
479136,7.0,90.0,60.5,Unknown,2.0,391068.52,0.0,3.0
2859899,14.0,175.0,47.5,Female,2.0,35888.42,3.0,6.0
3121469,4.0,56.0,34.5,Unknown,2.0,31457.64,1.0,5.0
8556520,10.0,121.0,40.5,Female,2.0,40745.62,2.0,5.0
4796258,9.0,114.0,49.0,Male,2.0,142433.84999999998,6.0,9.0
9556672,20.0,248.0,54.0,Female,2.0,117314.09,3.0,6.0
7397618,13.0,162.0,33.5,Male,2.0,34916.66,0.0,3.0
6919066,12.0,154.0,42.5,Male,2.0,49122.24,0.0,3.0
9018325,6.0,82.0,32.0,Unknown,2.0,51526.56,3.0,6.0
4936750,23.0,278.0,57.0,Female,2.0,35286.619999999995,1.0,4.0
6867920,21.0,252.0,65.5,Male,3.0,205262.75,6.0,9.0
8219471,22.0,264.0,67.5,Male,2.0,56658.33,6.0,9.0
8123250,20.0,240.0,57.0,Female,3.0,123520.48,2.0,5.0
6888080,20.0,240.0,41.5,Male,3.0,111725.22,6.0,9.0
7989945,18.0,227.0,47.5,Female,2.0,38406.4,0.0,3.0
9827795,17.0,208.0,59.0,Female,2.0,214650.16,0.0,3.0
161792,7.0,89.0,64.0,Female,2.0,29617.99,3.0,6.0
1384091,15.0,191.0,53.0,Male,2.0,295959.6,2.0,5.0
3522242,7.0,85.0,21.5,Unknown,2.0,69874.32,3.0,6.0
1595814,14.0,168.0,39.0,Male,3.0,140402.52000000002,3.0,6.0
2890508,5.0,70.0,25.5,Male,3.0,56618.28,5.0,8.0
358285,32.0,394.0,29.0,Male,2.0,161441.41999999998,2.0,7.0
9776942,21.0,253.0,49.0,Unknown,2.0,110220.69,5.0,8.0
1433405,4.0,58.0,30.5,Unknown,2.0,50398.69,6.0,9.0
464597,13.0,158.0,34.0,Male,4.0,175721.94,3.0,6.0
7080159,16.0,192.0,57.0,Female,2.0,141609.61,1.0,4.0
7525168,12.0,149.0,32.5,Female,2.0,27173.13,6.0,9.0
5140933,16.0,195.0,50.0,Female,2.0,79960.34,5.0,8.0
2168115,13.0,167.0,62.0,Male,2.0,59514.38,3.0,6.0
4930397,4.0,56.0,60.0,Unknown,3.0,65237.44,4.0,7.0
1715789,13.0,156.0,34.5,Male,4.0,255330.03,5.0,8.0
8282617,14.0,177.0,60.5,Male,2.0,197111.32,6.0,9.0
1707935,7.0,95.0,36.5,Unknown,2.0,90745.21,6.0,9.0
9262676,10.0,120.0,71.5,Female,2.0,62458.53,4.0,7.0
4244465,15.0,189.0,52.5,Unknown,2.0,70750.45,3.0,6.0
1356002,11.0,140.0,60.0,Male,2.0,24287.64,3.0,6.0
1170730,7.0,84.0,33.5,Unknown,3.0,33864.97,4.0,7.0
9060425,16.0,202.0,37.0,Male,3.0,248239.34000000003,3.0,6.0
9309863,15.0,186.0,47.0,Male,2.0,29698.65,6.0,9.0
1615709,15.0,187.0,41.5,Female,4.0,154383.94,2.0,5.0
3287793,4.0,48.0,56.0,Unknown,2.0,102408.31,0.0,4.0
5681695,12.0,155.0,48.5,Male,2.0,60076.43,1.0,4.0
5346077,5.0,70.0,49.5,Unknown,2.0,32581.61,0.0,3.0
4132060,15.0,191.0,61.0,Female,2.0,44242.14,2.0,5.0
9590196,16.0,194.0,62.0,Unknown,2.0,197932.3,6.0,9.0
7196149,9.0,115.0,28.0,Female,2.0,31688.39,1.0,4.0
4502299,7.0,94.0,46.0,Unknown,2.0,32153.27,0.0,3.0
622280,4.0,54.0,58.0,Female,2.0,33666.05,5.0,8.0
6975214,4.0,50.0,46.5,Unknown,2.0,30913.64,2.0,5.0
2420923,19.0,235.0,59.5,Female,2.0,38854.54,1.0,4.0
9594093,28.0,336.0,68.0,Male,3.0,99696.27,6.0,9.0
157106,5.0,71.0,28.0,Female,2.0,28442.11,6.0,9.0
2754914,13.0,165.0,52.0,Female,2.0,195067.71,6.0,9.0
129659,15.0,182.0,67.5,Male,3.0,4467812.83,6.0,9.0
7980976,8.0,96.0,43.5,Unknown,3.0,139128.12,2.0,5.0
1711888,12.0,145.0,74.0,Female,2.0,31119.46,3.0,6.0
3541443,9.0,113.0,30.5,Male,2.0,74006.98999999999,5.0,8.0
6251313,25.0,305.0,62.5,Unknown,2.0,316821.98,2.0,5.0
2618496,22.0,272.0,47.5,Male,2.0,36916.97,1.0,4.0
6003151,22.0,271.0,51.0,Female,2.0,28394.73,5.0,8.0
9115681,16.0,194.0,71.0,Male,4.0,1674400.24,6.0,9.0
6074067,5.0,66.0,66.5,Unknown,2.0,39220.48,1.0,4.0
1878871,16.0,195.0,78.5,Male,2.0,80431.58,6.0,9.0
9711496,5.0,71.0,27.0,Unknown,2.0,45951.72,3.0,6.0
9672983,4.0,58.0,31.5,Male,2.0,38413.94,1.0,4.0
4739693,7.0,90.0,56.0,Unknown,2.0,228435.47,0.0,3.0
2409327,27.0,326.0,25.0,Male,2.0,56991.88,5.0,8.0
9554603,13.0,158.0,57.0,Female,2.0,32920.86,6.0,9.0
6044746,16.0,194.0,48.0,Male,2.0,132816.97,3.0,6.0
3276629,27.0,326.0,64.0,Female,2.0,85588.95999999999,5.0,8.0
670627,6.0,78.0,52.5,Unknown,2.0,44186.08,1.0,4.0
1135842,15.0,190.0,50.0,Male,2.0,38854.95,1.0,4.0
5895617,7.0,85.0,32.0,Unknown,2.0,52697.62,2.0,5.0
1349235,10.0,130.0,55.5,Female,3.0,214893.05,6.0,9.0
7453646,30.0,360.0,46.0,Male,2.0,100299.21,6.0,9.0
9466065,14.0,179.0,34.0,Female,2.0,40576.27,1.0,4.0
9838918,7.0,94.0,41.0,Female,2.0,46336.03999999999,5.0,8.0
2566649,4.0,56.0,39.0,Unknown,2.0,49219.75,3.0,6.0
3016282,15.0,181.0,49.5,Female,4.0,84186.7,4.0,7.0
327738,4.0,59.0,47.0,Unknown,2.0,54155.17,2.0,5.0
6429670,17.0,207.0,56.0,Male,2.0,110675.17,6.0,9.0
744365,6.0,79.0,23.5,Unknown,2.0,41976.26,0.0,3.0
6383826,9.0,119.0,52.5,Female,2.0,92086.73,5.0,8.0
6106468,9.0,111.0,59.5,Male,2.0,40653.48,5.0,8.0
3767547,16.0,194.0,49.5,Female,2.0,35399.66,0.0,3.0
400773,15.0,189.0,45.0,Male,2.0,43332.31,6.0,9.0
6038516,5.0,70.0,62.0,Unknown,2.0,28792.28,3.0,6.0
2123832,7.0,93.0,65.0,Unknown,2.0,104498.28,4.0,7.0
678259,16.0,196.0,22.0,Female,2.0,43709.34,1.0,4.0
8880689,6.0,75.0,51.0,Unknown,3.0,34025.45,1.0,4.0
5294139,5.0,66.0,39.5,Female,3.0,85419.87,6.0,9.0
478735,11.0,140.0,65.5,Male,2.0,38593.88,0.0,3.0
1712343,7.0,95.0,33.0,Unknown,2.0,44613.8,2.0,5.0
5021787,30.0,361.0,58.0,Female,2.0,255353.3,4.0,7.0
8669314,6.0,78.0,30.5,Unknown,2.0,31816.01,2.0,5.0
5367054,5.0,65.0,33.5,Unknown,4.0,249526.24,6.0,9.0
4423197,22.0,269.0,46.0,Female,3.0,61111.11,6.0,9.0
5300806,19.0,239.0,37.5,Male,2.0,28110.63,0.0,3.0
1143562,17.0,210.0,34.0,Male,2.0,89755.78,6.0,9.0
8866570,6.0,75.0,64.5,Unknown,2.0,528222.68,0.0,3.0
7707023,25.0,310.0,50.0,Female,3.0,153443.77000000002,5.0,8.0
8666191,6.0,83.0,27.0,Unknown,2.0,40543.76,0.0,3.0
8242142,17.0,211.0,57.5,Male,2.0,125162.49,6.0,9.0
16202,7.0,94.0,36.0,Unknown,2.0,32984.48,1.0,4.0
4593890,8.0,107.0,53.5,Male,2.0,86756.0,1.0,4.0
3711260,4.0,57.0,26.0,Unknown,2.0,24969.34,0.0,3.0
6986418,5.0,63.0,32.5,Unknown,2.0,60276.61,5.0,8.0
8120364,15.0,190.0,28.0,Male,2.0,48875.2,0.0,3.0
8359010,6.0,76.0,27.0,Unknown,2.0,51665.87,1.0,4.0
9909051,8.0,103.0,66.0,Unknown,2.0,67990.91,4.0,7.0
1030222,15.0,189.0,34.5,Unknown,2.0,23868.19,0.0,3.0
1011301,4.0,57.0,52.0,Unknown,2.0,77618.33,1.0,4.0
3693187,13.0,161.0,65.5,Male,2.0,359332.86,6.0,9.0
3062683,6.0,72.0,22.5,Unknown,2.0,32815.009999999995,3.0,6.0
1411830,12.0,151.0,20.0,Unknown,2.0,34143.04,1.0,4.0
5763881,10.0,131.0,57.5,Male,2.0,34521.16,6.0,9.0
5186778,9.0,109.0,61.0,Female,3.0,214586.28,6.0,9.0
9825338,5.0,65.0,24.5,Unknown,3.0,149539.22,6.0,9.0
5674605,15.0,182.0,55.0,Male,2.0,32148.08,1.0,4.0
9822924,33.0,407.0,65.0,Male,3.0,278735.68,6.0,9.0
3068937,16.0,196.0,39.5,Female,2.0,79917.17,0.0,3.0
8389498,23.0,286.0,30.0,Female,2.0,75327.67,6.0,9.0
6213911,26.0,312.0,29.0,Female,2.0,27320.61,1.0,4.0
9857380,8.0,102.0,62.0,Female,2.0,419985.86,2.0,5.0
4606072,8.0,106.0,44.0,Male,2.0,70409.76,1.0,4.0
7638825,11.0,142.0,31.5,Male,2.0,47648.48,6.0,9.0
1504082,6.0,77.0,30.5,Female,3.0,67249.41,6.0,9.0
5868863,11.0,137.0,21.0,Female,3.0,55935.51,0.0,3.0
8097308,15.0,185.0,44.0,Male,2.0,33909.56,2.0,5.0
6146683,4.0,56.0,18.5,Unknown,2.0,27149.58,3.0,6.0
3864477,28.0,336.0,80.0,Male,5.0,3476006.84,6.0,9.0
6135462,6.0,80.0,58.5,Unknown,2.0,35138.46,3.0,6.0
9573657,11.0,141.0,57.5,Male,2.0,43030.84,5.0,8.0
6662774,2.0,34.0,61.5,Unknown,2.0,54998.82,1.0,4.0
8815206,14.0,169.0,32.5,Male,2.0,86367.98,6.0,9.0
4080779,3.0,45.0,68.0,Unknown,2.0,196453.62,6.0,9.0
9921452,17.0,205.0,43.5,Female,2.0,35163.71,0.0,3.0
7659529,13.0,160.0,50.5,Male,4.0,40155.28,3.0,6.0
2078513,15.0,181.0,30.5,Male,2.0,185685.68,6.0,9.0
918500,5.0,71.0,29.5,Unknown,2.0,53786.31,0.0,3.0
3005333,5.0,66.0,25.5,Unknown,2.0,52321.75,6.0,9.0
1054668,16.0,194.0,40.5,Male,2.0,33642.21,0.0,3.0
7839492,24.0,299.0,60.0,Female,2.0,27920.76,6.0,9.0
2152815,23.0,282.0,51.0,Female,3.0,163070.96999999997,3.0,6.0
7699021,23.0,277.0,40.5,Unknown,2.0,139759.65,0.0,3.0
9261476,21.0,262.0,49.0,Male,3.0,726370.3400000001,5.0,8.0
1146828,21.0,256.0,19.0,Female,2.0,23815.85,0.0,3.0
5929509,21.0,254.0,62.5,Male,4.0,447475.12,0.0,3.0
3790491,5.0,70.0,27.0,Male,2.0,57954.39,2.0,5.0
5387708,9.0,108.0,49.0,Female,2.0,212192.7,6.0,9.0
751948,5.0,60.0,29.5,Unknown,3.0,30554.81,3.0,6.0
5433429,16.0,194.0,60.5,Male,2.0,291233.18,3.0,6.0
743608,8.0,98.0,30.0,Unknown,2.0,189831.59000000003,6.0,9.0
1499091,12.0,145.0,50.0,Unknown,2.0,36415.34,2.0,5.0
5547047,10.0,130.0,51.0,Male,2.0,37807.22,0.0,3.0
8151605,35.0,427.0,57.5,Male,4.0,579941.17,6.0,9.0
3063763,6.0,74.0,63.5,Unknown,2.0,209562.77,4.0,7.0
2693087,13.0,159.0,64.5,Female,2.0,366586.99,6.0,9.0
3127778,6.0,80.0,25.0,Unknown,2.0,276634.05,6.0,9.0
3068582,10.0,126.0,81.5,Female,2.0,248811.98,1.0,4.0
1185263,27.0,329.0,47.0,Female,2.0,121772.31,0.0,3.0
869883,13.0,163.0,48.0,Male,2.0,451620.46,6.0,9.0
9300935,5.0,60.0,18.0,Unknown,3.0,57698.39,4.0,7.0
8861901,7.0,90.0,62.5,Female,2.0,406125.08,3.0,6.0
6412621,6.0,74.0,55.5,Male,3.0,487149.57,5.0,8.0
3876937,8.0,106.0,38.0,Female,2.0,75739.93,6.0,9.0
4714871,16.0,196.0,47.0,Female,2.0,333732.85,4.0,7.0
3609111,6.0,74.0,23.0,Unknown,2.0,28970.86,0.0,3.0
8393538,4.0,56.0,28.0,Unknown,3.0,35619.64,6.0,9.0
9818992,16.0,199.0,81.0,Female,2.0,91264.25,3.0,6.0
3863478,5.0,68.0,72.0,Unknown,2.0,356206.43,6.0,9.0
2698538,6.0,72.0,33.5,Unknown,2.0,29302.76,1.0,4.0
516594,15.0,187.0,68.5,Male,3.0,192876.08,6.0,9.0
8708857,9.0,118.0,51.0,Female,2.0,487004.19,0.0,3.0
2971711,4.0,59.0,33.5,Unknown,2.0,38861.27,1.0,4.0
3401430,9.0,112.0,44.5,Male,2.0,24741.54,1.0,4.0
34501,11.0,143.0,40.0,Female,2.0,110211.33,2.0,5.0
7887460,5.0,69.0,42.5,Male,2.0,28429.87,1.0,4.0
927661,12.0,154.0,37.0,Female,2.0,87314.35,4.0,7.0
8212469,5.0,70.0,25.0,Unknown,2.0,25162.52,3.0,6.0
879099,14.0,178.0,59.5,Male,2.0,106318.18,0.0,3.0
6072217,3.0,45.0,60.5,Unknown,2.0,238444.36,6.0,9.0
6119432,22.0,269.0,64.5,Unknown,2.0,62926.38,6.0,9.0
9131552,7.0,89.0,63.5,Unknown,2.0,112138.41,6.0,9.0
1672165,6.0,75.0,56.5,Unknown,2.0,66966.36,4.0,7.0
2267878,15.0,180.0,73.0,Female,2.0,164443.32,2.0,5.0
7345124,8.0,101.0,47.0,Unknown,2.0,120077.53,6.0,9.0
5140672,4.0,58.0,29.5,Unknown,2.0,27505.79,3.0,6.0
7436486,7.0,84.0,55.0,Unknown,2.0,65042.65,3.0,6.0
1264275,14.0,178.0,43.5,Female,2.0,61907.77,0.0,3.0
185553,5.0,65.0,67.0,Unknown,2.0,134804.15,3.0,6.0
3444332,24.0,293.0,66.5,Male,2.0,394873.74,5.0,8.0
7268896,20.0,250.0,67.5,Female,2.0,100096.96,1.0,4.0
4658117,5.0,70.0,32.0,Unknown,2.0,89657.38,6.0,9.0
4084703,6.0,79.0,30.0,Unknown,2.0,37382.14,6.0,9.0
2629733,27.0,330.0,47.5,Female,2.0,150590.02000000002,1.0,5.0
2520632,7.0,88.0,34.0,Unknown,2.0,83884.82,0.0,3.0
6806627,27.0,334.0,77.0,Male,2.0,86024.29000000001,4.0,7.0
5533953,5.0,68.0,26.0,Unknown,3.0,130121.39,6.0,9.0
38283,7.0,87.0,55.5,Unknown,2.0,120493.88,6.0,9.0
4704197,11.0,143.0,58.0,Female,2.0,41637.81,4.0,7.0
1184813,11.0,140.0,31.5,Female,2.0,66268.14,2.0,5.0
1047671,13.0,166.0,31.0,Female,2.0,35542.04,6.0,9.0
7746186,4.0,52.0,72.0,Unknown,2.0,90611.78,1.0,4.0
2386141,7.0,94.0,59.5,Unknown,2.0,64618.73,0.0,3.0
8589357,16.0,197.0,62.5,Female,2.0,68280.85,6.0,9.0
2104284,5.0,67.0,21.5,Unknown,2.0,34161.32,5.0,8.0
3260937,10.0,128.0,29.0,Female,3.0,51813.12,3.0,6.0
8794256,4.0,59.0,24.5,Unknown,2.0,27619.81,6.0,9.0
6758941,8.0,106.0,63.5,Female,3.0,65176.72,3.0,6.0
6156784,6.0,81.0,57.0,Unknown,2.0,349372.25,0.0,3.0
1312336,26.0,321.0,76.0,Male,2.0,209872.24,6.0,9.0
9563050,27.0,334.0,61.5,Female,2.0,73203.36,2.0,5.0
3046140,5.0,70.0,26.5,Unknown,2.0,30623.36,0.0,3.0
960463,9.0,108.0,73.0,Female,2.0,63741.53,3.0,6.0
2495460,5.0,69.0,65.5,Unknown,2.0,39654.93,4.0,7.0
5289601,11.0,142.0,70.5,Male,2.0,139862.43,4.0,7.0
7574730,14.0,179.0,41.5,Male,2.0,30829.87,3.0,6.0
8948796,16.0,193.0,62.0,Female,2.0,58014.95,2.0,5.0
8783165,7.0,95.0,33.5,Unknown,2.0,119337.05,6.0,9.0
3319770,17.0,211.0,58.0,Female,2.0,452625.49,2.0,5.0
9385972,6.0,72.0,21.0,Unknown,2.0,32570.18,3.0,6.0
4426131,26.0,321.0,62.0,Male,2.0,70326.95999999999,3.0,6.0
2313780,7.0,86.0,51.0,Unknown,2.0,48742.73,6.0,9.0
5571133,8.0,97.0,31.0,Unknown,2.0,36083.57,4.0,7.0
747984,5.0,69.0,50.5,Male,3.0,179548.34000000003,6.0,9.0
6760634,6.0,82.0,24.0,Unknown,3.0,108901.63,2.0,5.0
7710716,27.0,335.0,58.0,Unknown,2.0,567807.06,2.0,5.0
7038248,11.0,142.0,31.0,Male,2.0,34183.07,2.0,5.0
4477456,7.0,87.0,47.5,Unknown,2.0,38123.46,4.0,7.0
5817789,13.0,156.0,42.0,Female,2.0,70172.63,0.0,3.0
9521340,6.0,81.0,34.0,Unknown,2.0,27059.12,5.0,8.0
1545289,20.0,246.0,49.5,Male,3.0,136332.22,1.0,4.0
8706932,6.0,82.0,56.0,Unknown,2.0,50596.05,1.0,4.0
3214937,5.0,68.0,35.0,Unknown,3.0,44237.69,1.0,4.0
6520063,8.0,102.0,41.0,Unknown,2.0,32934.14,1.0,4.0
7234108,10.0,120.0,52.0,Female,2.0,32097.03,0.0,3.0
6670822,5.0,70.0,20.5,Unknown,2.0,49367.72,2.0,5.0
9607036,5.0,69.0,36.0,Unknown,2.0,31462.17,2.0,5.0
6524810,25.0,304.0,21.5,Male,2.0,62049.23,0.0,3.0
1608489,22.0,264.0,61.5,Female,2.0,32587.25,5.0,8.0
3498098,21.0,252.0,31.5,Unknown,2.0,64222.12,2.0,5.0
8751629,20.0,250.0,31.5,Female,2.0,56119.09,4.0,7.0
1465091,20.0,246.0,43.5,Female,3.0,135093.81,3.0,6.0
1940744,20.0,246.0,59.5,Male,2.0,46743.55,1.0,5.0
160085,19.0,232.0,57.0,Male,3.0,263987.48,0.0,3.0
2496690,18.0,220.0,59.5,Female,2.0,30835.07,6.0,9.0
6119284,17.0,214.0,37.0,Female,3.0,50956.67999999999,0.0,3.0
6969835,17.0,208.0,66.0,Male,3.0,171746.74,4.0,7.0
7940431,8.0,96.0,63.5,Unknown,2.0,45902.92,2.0,5.0
4174182,18.0,216.0,55.0,Male,2.0,157837.74,6.0,9.0
3542101,13.0,156.0,53.0,Female,2.0,95870.33,2.0,5.0
6730422,11.0,142.0,62.5,Female,2.0,31466.22,1.0,4.0
1634020,7.0,87.0,65.5,Unknown,2.0,175147.71999999997,3.0,6.0
1068491,5.0,71.0,42.5,Female,2.0,102544.57,0.0,3.0
8525814,7.0,85.0,32.0,Unknown,2.0,39380.35,0.0,3.0
1496571,8.0,98.0,44.0,Unknown,3.0,324774.15,3.0,6.0
8496930,6.0,82.0,67.5,Unknown,2.0,50746.95,3.0,6.0
824375,6.0,72.0,36.0,Unknown,2.0,66100.53,3.0,6.0
8305949,4.0,58.0,26.5,Unknown,2.0,25126.72,0.0,3.0
3606026,16.0,199.0,43.5,Male,3.0,75987.57,6.0,9.0
3651057,15.0,191.0,36.0,Male,2.0,31985.8,0.0,3.0
2645335,6.0,81.0,59.0,Unknown,2.0,64419.12,3.0,6.0
7642645,7.0,95.0,34.0,Unknown,2.0,70774.15,0.0,3.0
7920663,7.0,94.0,72.0,Unknown,2.0,46972.38,2.0,5.0
7155824,16.0,202.0,39.0,Female,2.0,61891.79,4.0,7.0
6108945,13.0,162.0,71.0,Male,2.0,185218.73,0.0,4.0
4014787,5.0,64.0,36.0,Unknown,2.0,30283.2,0.0,3.0
5019623,9.0,115.0,39.5,Male,2.0,27819.05,1.0,4.0
5079997,7.0,93.0,31.0,Male,2.0,27566.19,4.0,7.0
5435712,12.0,145.0,41.0,Unknown,2.0,130896.59,6.0,9.0
5423084,4.0,57.0,60.5,Unknown,2.0,383332.84,6.0,9.0
9767,6.0,75.0,34.0,Male,2.0,29523.54,1.0,4.0
9205347,13.0,166.0,44.5,Female,2.0,71157.13,1.0,4.0
87162,26.0,317.0,63.5,Male,3.0,2189968.42,6.0,9.0
254505,18.0,226.0,61.0,Male,2.0,62969.96,5.0,8.0
7583106,14.0,169.0,49.0,Female,2.0,326320.69,2.0,5.0
5228655,10.0,131.0,25.5,Male,2.0,31860.43,2.0,5.0
4499602,7.0,90.0,52.0,Unknown,2.0,80318.65,1.0,4.0
6565725,5.0,60.0,54.5,Unknown,3.0,466166.26,0.0,3.0
9624164,15.0,180.0,20.0,Female,2.0,212689.92,3.0,6.0
5407958,7.0,94.0,39.5,Unknown,2.0,31933.5,1.0,4.0
6168816,5.0,60.0,25.0,Unknown,2.0,45340.55,0.0,3.0
6621927,5.0,67.0,73.0,Unknown,2.0,312922.76,6.0,9.0
4308897,10.0,122.0,37.0,Female,2.0,67350.06,4.0,7.0
4832297,5.0,64.0,83.5,Unknown,2.0,55015.05,1.0,5.0
8214502,15.0,181.0,32.0,Male,2.0,36056.59,0.0,3.0
3879550,13.0,157.0,62.0,Unknown,2.0,30561.4,0.0,3.0
1665579,8.0,100.0,50.5,Unknown,2.0,500864.77,2.0,5.0
5327184,22.0,270.0,45.0,Female,3.0,2462685.99,3.0,6.0
1702,21.0,260.0,62.5,Unknown,3.0,1769255.99,5.0,8.0
4013415,17.0,214.0,66.5,Female,2.0,346763.06,4.0,7.0
1178443,17.0,207.0,72.0,Female,2.0,153882.33000000002,2.0,5.0
9648830,6.0,81.0,51.5,Unknown,2.0,38912.11,0.0,3.0
9980327,6.0,82.0,50.5,Unknown,3.0,76879.81,5.0,8.0
7443220,6.0,75.0,64.5,Unknown,2.0,58134.06,0.0,3.0
2753644,9.0,117.0,53.0,Male,2.0,130271.58,6.0,9.0
2027860,4.0,56.0,26.0,Unknown,2.0,37646.26,6.0,9.0
7323055,12.0,154.0,67.5,Female,2.0,31952.82,3.0,7.0
6589055,5.0,60.0,20.0,Male,3.0,33336.6,2.0,5.0
4257465,20.0,240.0,49.5,Unknown,2.0,57708.64,6.0,9.0
4091619,5.0,67.0,38.5,Unknown,2.0,56705.38,6.0,9.0
2465241,16.0,198.0,58.5,Male,2.0,472946.15,2.0,5.0
7347308,10.0,124.0,48.0,Female,2.0,53058.15,1.0,4.0
5000403,4.0,59.0,23.0,Unknown,2.0,45379.33,6.0,9.0
8482662,14.0,177.0,51.0,Female,2.0,37649.64,6.0,9.0
5721401,5.0,64.0,27.5,Unknown,2.0,49354.44,6.0,9.0
7051130,8.0,107.0,54.0,Male,3.0,64876.94,6.0,9.0
6933951,5.0,70.0,35.0,Unknown,2.0,45166.82,0.0,3.0
4862577,5.0,69.0,61.0,Female,2.0,27619.91,6.0,9.0
2865370,12.0,147.0,36.0,Male,2.0,34591.149999999994,1.0,4.0
6949770,4.0,59.0,36.5,Unknown,3.0,54188.27,6.0,9.0
7702264,6.0,79.0,20.5,Unknown,2.0,28108.86,1.0,4.0
3612614,7.0,91.0,27.0,Unknown,2.0,46401.72,6.0,9.0
2903954,15.0,191.0,41.5,Male,2.0,38513.43,0.0,3.0
8863885,9.0,113.0,53.5,Male,3.0,336907.03,6.0,9.0
4695726,13.0,157.0,52.5,Male,2.0,57046.15,1.0,4.0
2216224,5.0,68.0,24.5,Unknown,2.0,28378.2,1.0,4.0
185096,4.0,57.0,31.0,Unknown,2.0,44973.61,6.0,9.0
5999222,8.0,103.0,63.5,Female,2.0,103525.45,4.0,7.0
2900782,6.0,77.0,26.0,Unknown,2.0,62017.79,6.0,9.0
2545621,18.0,222.0,56.5,Unknown,2.0,57162.03,4.0,7.0
2158358,15.0,180.0,47.0,Male,2.0,24744.6,1.0,4.0
9873377,9.0,109.0,58.0,Male,3.0,52622.33,3.0,6.0
139079,9.0,111.0,59.5,Male,3.0,258003.35,5.0,8.0
2675631,5.0,66.0,68.0,Unknown,2.0,38035.9,5.0,8.0
7293373,14.0,175.0,49.0,Unknown,2.0,59808.03,4.0,7.0
3141851,12.0,154.0,34.5,Unknown,2.0,34482.259999999995,0.0,3.0
1641715,11.0,143.0,43.5,Male,2.0,24299.94,4.0,7.0
5702001,4.0,57.0,28.5,Unknown,2.0,66313.45999999999,5.0,8.0
7523200,9.0,118.0,29.0,Female,2.0,82772.68,6.0,9.0
5089592,16.0,194.0,55.0,Male,2.0,42207.66,6.0,9.0
4777945,10.0,124.0,26.5,Male,3.0,235538.03,5.0,8.0
3740775,28.0,345.0,68.0,Female,2.0,52770.99,2.0,5.0
8477190,13.0,166.0,70.5,Female,2.0,73361.88,3.0,6.0
109175,4.0,58.0,38.0,Unknown,2.0,47264.48,4.0,7.0
1911485,5.0,63.0,58.0,Female,2.0,26368.07,6.0,9.0
1907211,6.0,75.0,66.0,Unknown,2.0,233563.07,6.0,9.0
1843762,8.0,104.0,29.0,Female,2.0,39515.2,6.0,9.0
8916311,3.0,46.0,52.5,Unknown,4.0,457447.82,6.0,9.0
2859040,24.0,288.0,96.0,Male,2.0,36297.66,6.0,9.0
9098452,23.0,284.0,51.5,Female,2.0,96671.35,1.0,4.0
8576756,22.0,275.0,59.5,Unknown,2.0,57362.53,1.0,4.0
149635,22.0,274.0,48.0,Male,2.0,128928.35,3.0,6.0
5564728,21.0,262.0,71.0,Male,2.0,50105.07,5.0,8.0
2429429,20.0,250.0,90.0,Female,2.0,45794.25,2.0,5.0
5798886,22.0,270.0,65.0,Female,3.0,114317.54,3.0,6.0
5854932,20.0,242.0,53.0,Female,2.0,49948.67999999999,0.0,3.0
6956002,19.0,232.0,86.5,Male,2.0,32195.86,1.0,4.0
5794010,18.0,227.0,39.5,Female,3.0,153948.19,2.0,5.0
1383699,7.0,84.0,72.5,Unknown,2.0,166059.28999999998,6.0,9.0
7761040,6.0,81.0,69.0,Unknown,2.0,231381.19,3.0,6.0
9261595,11.0,136.0,36.0,Male,2.0,50064.53,2.0,5.0
5053782,14.0,168.0,78.0,Male,2.0,240508.73,6.0,9.0
9745466,9.0,118.0,57.5,Female,3.0,166507.96000000002,3.0,6.0
5613599,6.0,82.0,26.5,Unknown,2.0,32868.06,4.0,7.0
1696602,9.0,108.0,60.0,Female,2.0,103587.59,4.0,7.0
2761846,15.0,190.0,43.0,Female,2.0,44048.45,2.0,5.0
6870598,4.0,58.0,45.5,Unknown,2.0,44271.15,4.0,7.0
1744352,6.0,83.0,30.5,Unknown,2.0,43802.72,1.0,4.0
2363091,8.0,97.0,36.5,Female,2.0,66368.16,1.0,4.0
5250877,6.0,82.0,40.0,Unknown,2.0,77281.88,4.0,7.0
8405623,13.0,164.0,48.5,Female,2.0,150966.38,5.0,8.0
9866234,12.0,152.0,37.5,Female,2.0,88348.64,2.0,5.0
4999510,8.0,102.0,52.0,Unknown,2.0,26968.27,0.0,3.0
2881420,21.0,258.0,24.0,Male,2.0,125871.8,5.0,8.0
4864899,6.0,76.0,39.5,Unknown,3.0,32245.4,1.0,4.0
6665261,29.0,354.0,65.5,Female,3.0,96099.58,2.0,5.0
8335312,27.0,324.0,85.0,Female,2.0,127758.18,3.0,8.0
3257971,17.0,207.0,52.0,Male,2.0,45035.44,1.0,4.0
6524749,30.0,363.0,75.5,Female,4.0,987528.46,1.0,5.0
9018405,24.0,295.0,73.0,Male,3.0,531491.12,6.0,9.0
9927271,11.0,133.0,36.5,Female,2.0,70663.08,1.0,4.0
6736185,6.0,83.0,26.0,Unknown,3.0,28217.33,1.0,4.0
4311818,28.0,342.0,66.0,Male,3.0,277044.56,6.0,9.0
8470878,5.0,71.0,22.5,Unknown,2.0,25899.47,1.0,4.0
8920691,12.0,144.0,46.5,Unknown,2.0,63436.9,3.0,6.0
763305,23.0,283.0,27.5,Unknown,2.0,34176.649999999994,2.0,5.0
3805781,22.0,265.0,45.5,Male,3.0,290772.6,6.0,9.0
7925912,21.0,262.0,47.5,Male,2.0,166062.95,3.0,6.0
7885714,21.0,259.0,67.0,Male,2.0,33401.43,2.0,5.0
5953166,21.0,257.0,38.5,Female,2.0,103526.93,0.0,3.0
480458,20.0,250.0,66.0,Female,2.0,110088.46,6.0,9.0
903457,20.0,245.0,45.5,Female,2.0,120856.74,1.0,4.0
3346003,19.0,235.0,43.0,Male,2.0,67011.20999999999,6.0,9.0
2110274,19.0,234.0,59.5,Male,2.0,55793.53,0.0,3.0
6627522,18.0,227.0,58.0,Female,2.0,1056775.54,6.0,9.0
3861955,15.0,183.0,52.5,Female,2.0,35993.46,0.0,3.0
5993671,11.0,142.0,58.5,Female,2.0,48650.92,0.0,3.0
817297,13.0,166.0,53.5,Female,2.0,47977.81,4.0,7.0
6001945,16.0,195.0,35.5,Male,4.0,210457.51,4.0,7.0
2008196,28.0,338.0,64.5,Male,2.0,90759.87,5.0,8.0
3028826,12.0,154.0,52.0,Male,3.0,458981.0,1.0,4.0
2800663,10.0,130.0,43.5,Female,2.0,81987.94,0.0,3.0
4116719,12.0,154.0,51.5,Female,2.0,46158.19,2.0,5.0
9186575,6.0,79.0,30.5,Unknown,2.0,63980.56,5.0,8.0
2089049,5.0,71.0,49.0,Female,2.0,186697.21,4.0,8.0
4200308,3.0,42.0,38.0,Unknown,4.0,72180.42,6.0,9.0
9094936,17.0,211.0,55.5,Female,2.0,58074.53,1.0,4.0
5989925,7.0,84.0,53.5,Unknown,2.0,169022.40000000002,0.0,3.0
7750538,28.0,345.0,41.5,Female,3.0,45520.17999999999,1.0,4.0
7468005,6.0,72.0,37.0,Unknown,2.0,26527.04,5.0,8.0
7076267,6.0,78.0,56.0,Unknown,2.0,63490.19,0.0,3.0
28705,15.0,190.0,53.0,Female,2.0,24910.86,6.0,9.0
3849509,6.0,73.0,61.0,Unknown,2.0,29387.5,2.0,5.0
9842699,11.0,142.0,24.5,Female,2.0,81412.31,1.0,4.0
62805,13.0,156.0,43.5,Female,2.0,203808.83,2.0,5.0
4657959,9.0,108.0,29.5,Female,3.0,52895.91,3.0,6.0
5118452,12.0,146.0,24.0,Male,4.0,184469.22,4.0,7.0
2460950,8.0,102.0,31.5,Unknown,2.0,115431.68,6.0,9.0
3676026,29.0,348.0,50.5,Female,2.0,23938.76,0.0,3.0
2043815,6.0,75.0,33.0,Unknown,2.0,39563.91,0.0,3.0
851894,11.0,142.0,37.0,Female,2.0,44786.08,6.0,9.0
2091622,12.0,151.0,48.0,Female,2.0,44924.31,1.0,4.0
4975807,34.0,408.0,64.0,Male,3.0,243746.58,6.0,9.0
401723,6.0,81.0,25.5,Male,2.0,25090.55,5.0,8.0
8009454,6.0,74.0,20.5,Unknown,2.0,31695.11,2.0,5.0
8448636,12.0,154.0,39.5,Female,2.0,49114.07,2.0,5.0
2849212,6.0,80.0,28.5,Unknown,2.0,38245.2,1.0,4.0
4990836,4.0,59.0,23.5,Unknown,2.0,28273.17,6.0,9.0
9566239,26.0,314.0,43.5,Female,2.0,119971.58,6.0,9.0
3446089,15.0,183.0,49.5,Male,2.0,52942.16,6.0,9.0
1196787,26.0,313.0,65.0,Female,2.0,115764.32,6.0,9.0
7798392,25.0,300.0,76.5,Male,2.0,42299.85,6.0,9.0
8956906,23.0,282.0,46.0,Male,2.0,88996.91,0.0,3.0
6599800,22.0,273.0,57.0,Female,3.0,321968.67,6.0,9.0
935909,21.0,258.0,53.0,Male,2.0,291546.02,1.0,4.0
9038122,20.0,246.0,69.0,Female,2.0,308913.33,4.0,7.0
9447077,21.0,253.0,66.5,Female,3.0,965789.37,5.0,8.0
3252528,24.0,296.0,71.0,Female,4.0,637619.1900000001,6.0,9.0
6743149,20.0,245.0,64.0,Unknown,2.0,95645.29,6.0,9.0
2225489,19.0,233.0,56.5,Female,5.0,1297682.38,5.0,8.0
9530567,15.0,182.0,75.5,Male,2.0,478031.15,3.0,6.0
7240019,4.0,59.0,22.5,Unknown,2.0,30761.06,1.0,4.0
7407173,5.0,70.0,27.0,Female,2.0,45098.28999999999,0.0,3.0
4172424,13.0,162.0,75.5,Female,2.0,73136.04000000001,3.0,6.0
5164844,11.0,142.0,62.0,Female,2.0,117640.19,6.0,9.0
2708685,5.0,71.0,34.0,Unknown,2.0,46133.48,0.0,3.0
6252219,15.0,180.0,62.0,Female,2.0,52949.11,5.0,8.0
6568609,25.0,301.0,64.5,Male,2.0,671591.54,5.0,8.0
2915003,10.0,128.0,47.0,Female,2.0,70708.34,0.0,3.0
6826961,28.0,339.0,63.5,Male,5.0,390852.24,6.0,9.0
9338000,5.0,61.0,58.5,Female,4.0,393238.73,4.0,7.0
9740374,8.0,106.0,59.5,Female,2.0,90321.36,2.0,5.0
1398101,11.0,135.0,55.0,Male,2.0,48230.87,5.0,8.0
4043994,8.0,98.0,63.0,Male,3.0,105221.16,0.0,3.0
3318205,13.0,167.0,32.5,Male,2.0,37145.29,1.0,4.0
5997501,5.0,66.0,34.0,Unknown,2.0,45334.78,2.0,5.0
4877023,17.0,211.0,52.5,Unknown,3.0,113669.33,3.0,6.0
8564174,8.0,96.0,48.5,Unknown,2.0,29259.78,4.0,7.0
5784042,16.0,195.0,73.5,Male,2.0,734519.8500000001,6.0,9.0
5001200,12.0,151.0,33.0,Male,2.0,84544.33,3.0,6.0
7069333,13.0,159.0,31.0,Male,3.0,110395.48,6.0,9.0
826202,8.0,103.0,69.5,Unknown,2.0,345816.93,6.0,9.0
2222923,9.0,108.0,22.5,Female,2.0,67191.56,0.0,3.0
764549,6.0,74.0,35.0,Unknown,3.0,37145.94,6.0,9.0
403921,14.0,171.0,59.0,Female,2.0,94610.99,2.0,5.0
2920044,12.0,149.0,31.5,Male,2.0,45484.94,6.0,9.0
9856279,11.0,133.0,32.0,Male,2.0,30447.32,6.0,9.0
5757979,6.0,83.0,24.5,Unknown,2.0,34006.869999999995,6.0,9.0
1825436,11.0,133.0,29.0,Male,2.0,49803.88,2.0,5.0
693528,5.0,61.0,18.5,Unknown,2.0,36882.29,4.0,7.0
9893523,14.0,173.0,31.0,Male,2.0,36152.47,6.0,9.0
4502765,13.0,157.0,44.5,Male,2.0,28228.34,1.0,4.0
1788664,26.0,323.0,53.0,Female,2.0,89354.4,4.0,7.0
1686620,12.0,146.0,54.5,Male,2.0,35376.47,5.0,8.0
2211619,6.0,76.0,54.0,Unknown,2.0,126394.09,6.0,9.0
8025576,12.0,153.0,47.0,Male,2.0,92378.37,2.0,5.0
4707911,14.0,172.0,49.0,Female,2.0,89131.93,3.0,7.0
6640692,3.0,46.0,63.5,Female,2.0,916027.67,2.0,5.0
7373142,13.0,159.0,53.5,Unknown,2.0,33241.19,3.0,6.0
192654,27.0,328.0,58.0,Female,2.0,113245.32,3.0,6.0
4193650,28.0,340.0,43.5,Male,3.0,3171343.45,6.0,9.0
6691729,5.0,66.0,25.0,Male,2.0,24984.57,3.0,7.0
5854803,15.0,186.0,48.5,Female,2.0,24351.09,6.0,9.0
6021918,12.0,155.0,55.0,Male,3.0,135908.94,6.0,9.0
6412974,11.0,141.0,57.5,Male,2.0,31722.36,2.0,5.0
559468,11.0,133.0,24.5,Male,2.0,55158.56,3.0,6.0
8144074,15.0,189.0,34.0,Female,2.0,89235.89,1.0,4.0
6259324,5.0,65.0,33.0,Unknown,2.0,270095.22,3.0,6.0
5216058,24.0,288.0,75.0,Unknown,2.0,40836.33,4.0,7.0
1790923,23.0,284.0,61.5,Female,2.0,105240.67,3.0,6.0
312799,23.0,276.0,56.5,Male,2.0,63515.61,3.0,6.0
5720556,21.0,257.0,84.0,Female,2.0,44828.74,6.0,9.0
9784576,20.0,250.0,42.5,Male,3.0,72784.26,5.0,8.0
6936123,21.0,252.0,43.0,Female,2.0,30318.01,2.0,5.0
5332141,19.0,236.0,44.5,Female,2.0,77049.14,4.0,7.0
6984232,19.0,229.0,47.5,Unknown,2.0,117227.11,3.0,6.0
220901,5.0,60.0,59.0,Male,2.0,83930.84,3.0,6.0
1892008,4.0,59.0,23.5,Unknown,2.0,25534.73,3.0,6.0
8348036,4.0,57.0,26.0,Unknown,3.0,67031.29000000001,6.0,9.0
9635244,16.0,194.0,65.5,Female,2.0,48738.8,0.0,3.0
5327925,32.0,395.0,77.0,Female,4.0,2605612.33,6.0,9.0
5345959,12.0,145.0,72.5,Male,2.0,37769.39,2.0,5.0
1586732,11.0,139.0,53.5,Female,2.0,1080126.24,0.0,3.0
3975369,8.0,101.0,30.5,Male,2.0,85976.25,4.0,7.0
6322965,14.0,168.0,53.0,Male,2.0,107468.67,2.0,5.0
6980497,16.0,192.0,37.5,Female,2.0,148079.4,2.0,5.0
6936865,5.0,70.0,31.0,Unknown,2.0,34914.759999999995,1.0,4.0
6345753,10.0,129.0,66.5,Female,2.0,338881.69,6.0,9.0
9342924,8.0,102.0,50.0,Unknown,2.0,207217.06,6.0,9.0
1536089,5.0,66.0,27.5,Male,2.0,26631.84,0.0,3.0
7910136,5.0,68.0,25.5,Unknown,3.0,30884.26,4.0,7.0
1633473,14.0,173.0,68.5,Male,2.0,56310.07,6.0,9.0
590304,13.0,156.0,67.0,Female,2.0,72205.22,5.0,8.0
2114536,16.0,203.0,41.0,Female,2.0,60712.98,1.0,4.0
7896505,12.0,151.0,37.5,Male,2.0,41661.74,2.0,5.0
6461863,6.0,78.0,27.0,Unknown,2.0,48235.08,5.0,8.0
2247497,14.0,176.0,58.5,Female,2.0,37686.71,0.0,3.0
9960778,4.0,58.0,23.5,Unknown,2.0,39518.04,2.0,5.0
5341425,14.0,174.0,62.0,Female,2.0,140218.91999999998,1.0,4.0
5135650,4.0,58.0,62.0,Unknown,2.0,38929.75,0.0,4.0
9920774,4.0,58.0,29.5,Unknown,2.0,38515.96,1.0,4.0
254417,4.0,58.0,21.5,Unknown,2.0,27492.92,0.0,3.0
5755687,14.0,176.0,72.5,Male,2.0,107751.01,2.0,5.0
7262401,11.0,136.0,55.5,Male,2.0,71724.23,0.0,3.0
6028020,27.0,334.0,53.5,Male,3.0,52730.94,2.0,5.0
192577,9.0,118.0,42.0,Male,2.0,136102.34999999998,6.0,9.0
2754800,16.0,198.0,46.5,Male,2.0,23800.0,6.0,9.0
9468405,5.0,70.0,25.5,Unknown,2.0,49019.67,1.0,4.0
5009290,8.0,105.0,38.0,Female,2.0,91732.39,3.0,6.0
4384504,5.0,68.0,34.0,Unknown,2.0,172382.65999999997,6.0,9.0
6560666,8.0,103.0,58.5,Unknown,2.0,33438.64,2.0,5.0
2212693,14.0,172.0,49.0,Male,2.0,67655.12,1.0,4.0
2615994,14.0,175.0,41.5,Male,3.0,59014.72,3.0,6.0
27988,28.0,345.0,60.0,Female,3.0,303467.75,6.0,9.0
8763948,15.0,189.0,65.0,Female,2.0,34566.399999999994,0.0,3.0
2674184,13.0,160.0,49.5,Female,4.0,185153.85,5.0,8.0
2418324,12.0,144.0,57.5,Female,2.0,60391.4,6.0,9.0
2454173,7.0,94.0,33.0,Unknown,2.0,71002.04999999999,0.0,3.0
3610869,9.0,119.0,25.5,Female,2.0,89570.7,5.0,8.0
6340382,8.0,107.0,34.0,Male,3.0,33903.35,2.0,6.0
2107396,9.0,110.0,53.0,Male,2.0,91714.59,0.0,3.0
6244970,5.0,70.0,28.0,Unknown,2.0,52263.1,2.0,5.0
2523032,23.0,285.0,76.0,Female,2.0,50517.82,0.0,3.0
7489755,23.0,279.0,46.0,Male,3.0,153916.05,6.0,9.0
1978655,21.0,262.0,61.0,Unknown,3.0,64654.32,0.0,3.0
2767738,21.0,261.0,58.5,Male,3.0,168163.11,1.0,4.0
94914,21.0,253.0,84.0,Male,2.0,54809.92999999999,4.0,7.0
3435578,21.0,253.0,53.0,Female,3.0,124196.58,0.0,6.0
6103967,18.0,223.0,21.5,Female,2.0,49018.16,0.0,3.0
481960,6.0,73.0,38.0,Unknown,2.0,27624.31,3.0,6.0
1988758,6.0,74.0,36.0,Female,5.0,328348.63,6.0,9.0
4245389,13.0,156.0,59.0,Female,4.0,229846.54,1.0,4.0
9702685,14.0,178.0,33.0,Male,3.0,295046.41,3.0,6.0
5369851,15.0,191.0,61.0,Male,2.0,60144.93,0.0,3.0
9082137,28.0,336.0,64.5,Male,2.0,64954.57,6.0,9.0
1278845,7.0,89.0,62.5,Unknown,2.0,423821.99,1.0,4.0
7615744,5.0,64.0,29.5,Unknown,3.0,47914.63,5.0,8.0
2186318,14.0,169.0,29.5,Male,3.0,136399.28999999998,3.0,6.0
2911179,7.0,94.0,49.0,Female,3.0,180389.92,1.0,4.0
7743558,5.0,70.0,60.0,Unknown,2.0,115777.85,6.0,9.0
6405971,4.0,59.0,69.5,Female,2.0,557843.41,6.0,9.0
6917276,9.0,118.0,65.0,Female,2.0,36547.41,5.0,8.0
1264749,5.0,66.0,66.0,Female,2.0,102710.99,6.0,9.0
9065235,14.0,176.0,70.0,Female,3.0,306006.22,4.0,7.0
6667105,8.0,107.0,42.0,Male,2.0,33957.67,2.0,5.0
5794562,12.0,155.0,52.5,Male,2.0,58002.78,2.0,5.0
9176964,6.0,81.0,56.5,Unknown,3.0,241301.06,6.0,9.0
7809199,13.0,161.0,34.0,Male,4.0,551398.7000000001,6.0,9.0
6111880,15.0,185.0,33.0,Male,2.0,23905.77,6.0,9.0
3493322,10.0,121.0,73.0,Female,2.0,147136.41999999998,2.0,5.0
9276658,15.0,190.0,35.5,Female,2.0,43820.51,0.0,3.0
4344020,12.0,144.0,32.5,Female,3.0,39913.36,3.0,6.0
3505275,10.0,125.0,55.0,Male,2.0,258029.43,0.0,3.0
8282471,6.0,72.0,36.0,Unknown,2.0,65082.88,3.0,6.0
9880534,15.0,189.0,37.0,Female,2.0,36486.47,3.0,6.0
2128615,7.0,94.0,24.5,Unknown,2.0,33774.39,0.0,3.0
6646092,6.0,83.0,52.5,Female,2.0,300891.86,1.0,4.0
5070113,4.0,58.0,30.0,Unknown,2.0,47036.5,4.0,7.0
8937739,18.0,216.0,59.0,Male,3.0,125672.38,6.0,9.0
9913967,6.0,76.0,64.0,Unknown,2.0,108277.68,5.0,8.0
7428336,13.0,165.0,41.0,Male,2.0,89048.1,2.0,5.0
1185719,13.0,157.0,25.5,Male,2.0,64466.32,5.0,8.0
7230704,14.0,173.0,54.5,Female,2.0,148214.45,3.0,6.0
2026557,11.0,141.0,49.5,Female,2.0,52168.32,3.0,6.0
1829693,15.0,187.0,37.5,Male,2.0,171592.96000000002,1.0,4.0
9506481,7.0,93.0,44.5,Unknown,2.0,123478.45,3.0,6.0
6096847,10.0,120.0,23.5,Male,2.0,37779.23,2.0,5.0
6190629,24.0,292.0,64.5,Male,3.0,174144.87,6.0,9.0
9651860,23.0,278.0,72.0,Female,5.0,83389.08,5.0,9.0
9599747,22.0,272.0,66.0,Female,2.0,401636.21,4.0,7.0
4090794,22.0,264.0,43.5,Male,3.0,76494.5,6.0,9.0
3346530,21.0,262.0,55.5,Female,2.0,55771.74,0.0,3.0
8060180,20.0,250.0,58.0,Female,2.0,210135.34000000003,0.0,3.0
2073001,23.0,287.0,62.0,Female,2.0,168328.52000000002,0.0,3.0
8840070,19.0,235.0,46.0,Female,3.0,116962.04,6.0,9.0
2548477,17.0,215.0,48.0,Unknown,4.0,128446.35,1.0,4.0
8736046,13.0,159.0,52.0,Female,2.0,97130.15,1.0,4.0
7966615,6.0,82.0,23.0,Unknown,2.0,46983.42,6.0,9.0
6637548,6.0,83.0,38.0,Unknown,2.0,41755.45,1.0,4.0
9203288,18.0,220.0,42.0,Male,2.0,25631.59,6.0,9.0
2291067,16.0,196.0,57.5,Male,2.0,78958.43,2.0,5.0
4695473,15.0,181.0,55.0,Female,2.0,45949.82,6.0,9.0
5759997,11.0,141.0,59.5,Male,2.0,30993.31,4.0,7.0
8060147,4.0,53.0,51.5,Unknown,3.0,63578.77,4.0,7.0
2723667,15.0,180.0,62.0,Female,2.0,127409.18,2.0,5.0
5431942,5.0,65.0,64.5,Unknown,2.0,88577.70999999999,0.0,3.0
9990036,16.0,196.0,62.5,Female,3.0,189820.29,4.0,7.0
4675712,13.0,166.0,39.5,Male,2.0,139761.28999999998,4.0,7.0
5995503,29.0,348.0,51.0,Female,2.0,1547357.2,6.0,9.0
9787747,5.0,70.0,26.5,Unknown,2.0,52360.01,6.0,9.0
5397632,5.0,65.0,28.5,Female,3.0,49183.46,4.0,7.0
242792,11.0,142.0,48.0,Female,2.0,108845.52,3.0,6.0
8424752,15.0,190.0,34.5,Male,2.0,79385.63,6.0,9.0
139979,9.0,109.0,50.5,Male,3.0,335174.23,6.0,9.0
1108147,15.0,185.0,34.0,Female,2.0,31753.54,1.0,4.0
8850307,7.0,89.0,60.5,Male,2.0,76415.73,2.0,5.0
1105200,5.0,70.0,54.0,Female,2.0,77036.23999999999,6.0,9.0
3859023,6.0,82.0,46.0,Unknown,2.0,60030.63,1.0,4.0
499330,14.0,178.0,67.5,Female,3.0,142746.45,4.0,7.0
7521632,6.0,76.0,49.5,Female,2.0,186120.63,6.0,9.0
4689809,6.0,81.0,49.5,Unknown,2.0,45396.81,2.0,5.0
9868939,11.0,136.0,67.5,Male,2.0,34293.509999999995,2.0,5.0
4551451,5.0,69.0,33.0,Unknown,2.0,48217.01,0.0,3.0
5598911,13.0,157.0,28.5,Female,3.0,28937.26,2.0,5.0
8193034,13.0,165.0,57.0,Female,2.0,80571.98,1.0,4.0
1434054,12.0,153.0,55.5,Male,2.0,637323.86,2.0,5.0
8441983,4.0,57.0,23.0,Unknown,2.0,26006.46,2.0,6.0
6578740,13.0,158.0,41.0,Male,3.0,228999.29,4.0,8.0
3073945,4.0,55.0,72.5,Unknown,2.0,437051.33,6.0,9.0
3427928,8.0,105.0,44.5,Female,2.0,70275.6,4.0,7.0
4351225,4.0,51.0,57.0,Unknown,2.0,106290.36,5.0,8.0
5843376,6.0,78.0,33.5,Unknown,2.0,196263.68,4.0,7.0
9729392,15.0,181.0,22.0,Female,2.0,45372.42999999999,2.0,5.0
3933697,7.0,94.0,41.5,Unknown,2.0,50944.52,1.0,4.0
6474696,7.0,86.0,30.0,Unknown,2.0,26025.04,0.0,3.0
3633303,15.0,186.0,54.0,Male,2.0,34469.27,2.0,5.0
5532000,5.0,62.0,25.5,Unknown,4.0,67637.43,6.0,9.0
6257992,7.0,91.0,44.0,Unknown,2.0,321041.93,6.0,9.0
5119742,21.0,257.0,54.5,Female,2.0,87724.94,5.0,8.0
2558031,20.0,249.0,53.0,Male,2.0,45851.46,2.0,5.0
3412732,20.0,247.0,18.0,Male,2.0,24837.54,4.0,7.0
9091270,20.0,246.0,59.5,Female,3.0,681048.88,1.0,4.0
902294,18.0,216.0,53.5,Male,2.0,26872.65,6.0,9.0
8974125,15.0,182.0,37.0,Male,4.0,170088.21999999997,4.0,7.0
4675093,9.0,111.0,57.0,Male,2.0,44986.59,0.0,3.0
941935,13.0,156.0,26.5,Male,2.0,93044.99,5.0,8.0
8935922,7.0,94.0,38.5,Unknown,2.0,34690.17,0.0,3.0
1284954,7.0,94.0,52.5,Unknown,2.0,46235.46,2.0,5.0
1244379,15.0,190.0,46.5,Female,2.0,61497.26,0.0,3.0
8183191,5.0,70.0,57.5,Female,2.0,29209.96,4.0,7.0
6422805,4.0,58.0,52.5,Unknown,2.0,31398.74,2.0,5.0
3964454,16.0,197.0,34.5,Male,2.0,91955.68,6.0,9.0
349379,15.0,186.0,27.5,Male,2.0,44370.0,4.0,7.0
334181,21.0,262.0,57.5,Male,2.0,882403.0700000001,3.0,6.0
9152198,7.0,91.0,56.5,Unknown,2.0,203851.98,0.0,3.0
7786674,5.0,60.0,49.5,Female,2.0,32182.44,0.0,3.0
6394423,9.0,113.0,29.0,Male,2.0,74522.88,0.0,3.0
3228740,5.0,70.0,42.5,Unknown,2.0,42051.34,3.0,6.0
6428262,5.0,60.0,57.0,Unknown,2.0,31463.93,1.0,4.0
8754433,26.0,313.0,65.5,Female,2.0,38814.59,0.0,3.0
9392302,7.0,95.0,21.5,Unknown,2.0,49597.51,6.0,9.0
3677950,6.0,73.0,46.0,Female,2.0,42176.06,3.0,6.0
4848342,6.0,75.0,66.0,Male,2.0,244346.36,5.0,8.0
5388332,5.0,60.0,26.5,Unknown,2.0,53467.12,6.0,9.0
9731779,5.0,69.0,45.5,Female,2.0,51955.7,6.0,9.0
1346732,8.0,107.0,54.5,Male,2.0,45713.8,4.0,7.0
2614271,13.0,158.0,35.0,Female,2.0,46413.16,5.0,8.0
1613840,6.0,73.0,23.0,Unknown,2.0,66177.07,6.0,9.0
7309966,15.0,189.0,56.5,Male,2.0,162796.33000000002,4.0,7.0
4293163,5.0,70.0,52.5,Female,2.0,160940.47999999998,3.0,6.0
7749310,10.0,125.0,65.0,Male,2.0,232203.8,6.0,9.0
4415404,5.0,67.0,59.5,Unknown,2.0,724788.68,3.0,6.0
3890503,13.0,166.0,44.5,Male,2.0,36954.34,3.0,6.0
6058720,8.0,105.0,55.5,Male,2.0,82611.65,5.0,8.0
6934467,16.0,194.0,33.0,Female,2.0,47713.69,6.0,9.0
5562135,15.0,190.0,62.0,Female,2.0,386969.72,6.0,9.0
1099815,9.0,113.0,63.0,Male,2.0,274374.84,2.0,7.0
8356631,4.0,57.0,18.0,Unknown,3.0,34787.82,6.0,9.0
7994268,5.0,60.0,59.5,Male,2.0,579070.9500000001,4.0,7.0
9864849,22.0,274.0,39.0,Female,2.0,298304.2,0.0,3.0
4248702,22.0,271.0,53.0,Male,2.0,75550.89,6.0,9.0
5090935,21.0,262.0,63.5,Male,3.0,28084.45,5.0,8.0
7842312,21.0,253.0,57.5,Female,3.0,97402.79,2.0,5.0
1715849,20.0,248.0,70.5,Male,2.0,41881.1,6.0,9.0
5398121,21.0,256.0,68.0,Female,3.0,357436.35,2.0,5.0
4400964,19.0,238.0,46.5,Unknown,2.0,112074.11,6.0,9.0
4595398,17.0,215.0,54.0,Female,4.0,43000.35,0.0,3.0
6534126,14.0,172.0,69.0,Female,2.0,37617.86,1.0,4.0
3789526,14.0,178.0,38.5,Male,2.0,136297.39,4.0,7.0
4316035,10.0,120.0,57.5,Female,2.0,46943.12,5.0,8.0
8646089,7.0,93.0,60.5,Unknown,2.0,87185.15,6.0,9.0
504667,15.0,181.0,40.0,Female,2.0,57088.49,1.0,4.0
1078275,14.0,169.0,32.5,Male,3.0,165001.15000000002,0.0,3.0
2177139,6.0,78.0,20.0,Unknown,2.0,25264.18,6.0,9.0
8012186,5.0,69.0,48.5,Female,2.0,80808.04000000001,0.0,3.0
7437227,14.0,175.0,28.5,Male,3.0,28860.1,5.0,8.0
5499760,8.0,104.0,51.0,Male,2.0,123958.64,1.0,4.0
5519235,14.0,168.0,36.5,Female,2.0,39759.64,0.0,3.0
7140710,6.0,76.0,29.5,Unknown,2.0,26425.93,1.0,4.0
3466699,6.0,72.0,36.5,Unknown,2.0,37174.89,6.0,9.0
1310893,27.0,332.0,75.0,Female,2.0,136424.81,4.0,7.0
3018285,7.0,88.0,18.5,Male,3.0,56054.52,4.0,7.0
1165414,18.0,219.0,64.5,Male,3.0,305407.24,1.0,4.0
3935692,15.0,185.0,68.0,Female,2.0,57640.99,4.0,7.0
235156,7.0,94.0,30.0,Unknown,2.0,47994.24,6.0,9.0
2378055,4.0,59.0,23.0,Unknown,2.0,30709.12,1.0,4.0
1666301,5.0,60.0,55.5,Unknown,3.0,32912.18,1.0,4.0
1003083,13.0,157.0,55.5,Female,2.0,101726.5,2.0,5.0
3021700,6.0,73.0,27.5,Unknown,2.0,40280.28999999999,6.0,9.0
6351681,5.0,70.0,74.5,Unknown,2.0,452933.99,5.0,8.0
3088262,13.0,166.0,33.0,Female,2.0,96552.48,1.0,4.0
2301667,6.0,82.0,58.5,Unknown,2.0,60785.29,1.0,4.0
6469559,22.0,269.0,34.5,Female,2.0,97074.48,0.0,3.0
258563,4.0,59.0,60.0,Unknown,2.0,132228.5,6.0,9.0
401951,14.0,179.0,38.0,Male,3.0,121398.03,1.0,4.0
9685596,8.0,96.0,40.5,Female,2.0,126093.21,4.0,7.0
2856648,9.0,112.0,40.0,Male,2.0,56630.08,6.0,9.0
6060618,6.0,74.0,38.5,Unknown,2.0,131144.84999999998,3.0,6.0
8872012,5.0,64.0,28.0,Unknown,2.0,38115.77,4.0,7.0
2673699,11.0,135.0,64.5,Male,2.0,141843.93,2.0,5.0
1280572,5.0,70.0,42.0,Unknown,2.0,60636.68,6.0,9.0
5093029,10.0,124.0,37.5,Male,2.0,34258.38,3.0,6.0
5427223,5.0,60.0,27.5,Unknown,3.0,148187.97999999998,6.0,9.0
7377214,14.0,176.0,62.0,Female,2.0,46421.97,2.0,5.0
7892646,14.0,171.0,42.5,Female,2.0,116985.44,2.0,5.0
3307085,20.0,251.0,41.0,Female,2.0,28483.39,2.0,5.0
2346401,11.0,137.0,39.5,Unknown,2.0,193051.5,0.0,3.0
8765687,15.0,191.0,33.5,Female,3.0,29601.26,5.0,8.0
6302349,20.0,242.0,63.0,Unknown,2.0,94301.03,6.0,9.0
7247254,14.0,173.0,31.5,Male,3.0,1395576.48,6.0,9.0
3131167,5.0,70.0,52.0,Unknown,2.0,47119.31,2.0,5.0
3977429,13.0,166.0,26.5,Male,3.0,71938.98,3.0,6.0
1775032,21.0,263.0,26.5,Female,2.0,24448.44,0.0,3.0
5961620,21.0,262.0,61.5,Female,2.0,75590.48999999999,3.0,7.0
2019950,19.0,230.0,48.0,Female,3.0,68291.97,2.0,5.0
8402663,19.0,235.0,63.5,Female,3.0,227033.74,3.0,6.0
4994112,4.0,56.0,32.5,Unknown,2.0,50569.53,2.0,5.0
1217231,9.0,109.0,29.5,Female,2.0,107671.37,4.0,7.0
8890325,13.0,161.0,71.0,Female,3.0,93698.7,4.0,8.0
1354520,13.0,167.0,45.0,Female,2.0,41164.27,0.0,3.0
8135997,12.0,151.0,29.5,Male,2.0,27534.05,6.0,9.0
3620400,7.0,87.0,50.5,Female,3.0,418367.78,1.0,4.0
1535483,6.0,77.0,37.0,Unknown,2.0,30328.32,1.0,4.0
4870927,9.0,109.0,61.0,Male,2.0,145238.43,4.0,7.0
723259,10.0,126.0,61.5,Male,2.0,27560.14,1.0,4.0
806404,17.0,205.0,51.5,Male,2.0,118740.45,2.0,5.0
2442256,12.0,154.0,29.0,Female,2.0,62114.66,2.0,5.0
8458271,13.0,156.0,49.5,Male,2.0,68094.31,1.0,4.0
7142801,13.0,162.0,57.0,Female,2.0,35892.59,4.0,7.0
8384531,15.0,185.0,58.0,Female,2.0,235423.1,0.0,3.0
8457877,12.0,150.0,32.5,Female,2.0,42427.76,0.0,3.0
8461066,10.0,126.0,32.0,Male,2.0,57463.82,6.0,9.0
1034218,6.0,74.0,37.5,Unknown,3.0,134203.37,4.0,7.0
1530929,15.0,189.0,52.5,Male,3.0,116790.64,2.0,5.0
3798974,11.0,137.0,37.5,Male,2.0,35060.92,2.0,6.0
9382780,6.0,74.0,54.5,Unknown,2.0,43449.27,2.0,5.0
3040964,22.0,265.0,72.5,Female,2.0,272580.95,6.0,9.0
1107994,15.0,183.0,68.0,Female,2.0,46177.9,6.0,9.0
6036449,10.0,121.0,55.0,Male,2.0,92213.13,4.0,7.0
4322605,4.0,59.0,36.0,Unknown,3.0,181652.24,6.0,9.0
1649660,10.0,130.0,75.5,Female,2.0,132856.62,4.0,7.0
6675312,4.0,59.0,47.0,Unknown,2.0,39977.61,0.0,3.0
211023,13.0,160.0,58.5,Female,2.0,144396.47,2.0,7.0
5462579,7.0,94.0,62.0,Unknown,2.0,30282.48,2.0,5.0
442772,11.0,139.0,62.0,Male,2.0,179215.69,2.0,5.0
1717323,8.0,103.0,33.0,Unknown,3.0,42469.14,2.0,5.0
3875296,8.0,96.0,57.5,Unknown,2.0,115581.56,3.0,6.0
1095055,8.0,103.0,64.5,Unknown,2.0,56554.86,6.0,9.0
694873,4.0,57.0,49.5,Unknown,2.0,43607.16,3.0,6.0
1494548,13.0,161.0,67.0,Female,2.0,414175.32,2.0,5.0
1682661,30.0,366.0,56.0,Male,3.0,1723529.92,5.0,8.0
8591547,5.0,67.0,25.5,Unknown,2.0,30091.11,3.0,6.0
3344129,4.0,58.0,27.5,Unknown,2.0,29175.6,6.0,9.0
2567135,9.0,112.0,33.0,Male,2.0,31474.57,0.0,3.0
3996173,5.0,65.0,30.0,Unknown,2.0,33670.43,3.0,6.0
2439038,26.0,312.0,66.0,Female,3.0,336148.83,3.0,6.0
106501,30.0,371.0,53.5,Female,2.0,253179.08,3.0,6.0
3841361,12.0,147.0,75.0,Female,4.0,528886.43,0.0,3.0
143691,12.0,150.0,60.0,Female,2.0,55401.83,6.0,9.0
1469259,13.0,156.0,46.5,Unknown,2.0,27973.13,0.0,3.0
4687142,15.0,190.0,45.5,Female,2.0,30937.05,0.0,3.0
1264168,26.0,323.0,72.0,Female,2.0,179059.15000000002,3.0,6.0
682129,22.0,274.0,51.5,Male,2.0,43932.21,4.0,7.0
5096776,21.0,263.0,71.0,Unknown,2.0,52650.0,1.0,4.0
2333006,21.0,261.0,34.5,Male,2.0,37947.75,1.0,4.0
7488351,21.0,254.0,57.0,Male,2.0,65857.65,3.0,6.0
5045208,16.0,198.0,55.5,Male,3.0,640120.51,4.0,7.0
2733370,5.0,71.0,25.0,Unknown,2.0,26565.52,3.0,6.0
3832110,4.0,58.0,30.5,Unknown,2.0,45439.88,1.0,4.0
8167939,5.0,66.0,57.5,Unknown,2.0,30866.92,2.0,5.0
695870,5.0,70.0,65.5,Male,2.0,46504.58,6.0,9.0
3044984,10.0,128.0,53.5,Female,2.0,441860.05,4.0,7.0
5732937,16.0,195.0,37.5,Female,2.0,33432.92,0.0,3.0
9887218,4.0,58.0,24.0,Unknown,2.0,26249.65,1.0,4.0
1620247,13.0,161.0,39.0,Female,2.0,34056.27,0.0,3.0
828088,15.0,181.0,34.0,Male,2.0,99174.16,1.0,4.0
5106717,14.0,178.0,47.5,Female,2.0,208840.02,1.0,4.0
13009,10.0,121.0,63.5,Unknown,2.0,71534.88,1.0,4.0
5628857,12.0,149.0,27.5,Male,2.0,126095.6,6.0,9.0
4369335,14.0,171.0,54.5,Female,2.0,44152.33,4.0,7.0
3298583,14.0,174.0,69.0,Female,2.0,282112.55,4.0,7.0
3437594,34.0,418.0,67.0,Male,4.0,1790872.0799999998,5.0,8.0
1445968,7.0,85.0,61.5,Unknown,2.0,267209.91,5.0,8.0
1041248,6.0,77.0,32.5,Unknown,2.0,31195.56,4.0,7.0
5226804,13.0,158.0,35.0,Female,2.0,33889.5,2.0,5.0
5156645,5.0,60.0,63.0,Unknown,2.0,27833.96,2.0,5.0
9141735,5.0,65.0,26.5,Female,2.0,27309.08,6.0,9.0
9058569,12.0,145.0,60.5,Male,2.0,34346.13,6.0,9.0
6028829,9.0,108.0,23.5,Male,2.0,25224.15,2.0,5.0
845163,7.0,91.0,49.0,Unknown,2.0,88349.7,4.0,7.0
4644071,7.0,87.0,26.0,Unknown,2.0,46008.72,3.0,6.0
9035900,6.0,73.0,25.5,Male,2.0,27282.96,2.0,5.0
8515670,6.0,80.0,25.0,Unknown,3.0,36901.27,6.0,9.0
306118,7.0,91.0,66.5,Unknown,2.0,86287.51999999999,4.0,7.0
6317673,8.0,97.0,62.0,Unknown,3.0,49309.17,6.0,9.0
5925187,14.0,178.0,55.5,Male,2.0,34912.85,2.0,5.0
5131722,13.0,162.0,63.5,Female,2.0,28890.1,3.0,6.0
5453500,16.0,192.0,61.5,Female,2.0,30152.02,0.0,3.0
9568221,7.0,89.0,32.0,Unknown,2.0,38170.69,0.0,3.0
9110901,7.0,91.0,60.0,Unknown,2.0,25387.13,5.0,8.0
6384600,26.0,315.0,50.0,Male,3.0,395921.38,6.0,9.0
4918238,5.0,71.0,44.0,Unknown,2.0,45096.32,0.0,3.0
9953861,7.0,86.0,56.0,Unknown,2.0,65996.85,3.0,6.0
4259489,11.0,136.0,86.5,Male,2.0,941335.87,2.0,5.0
8332895,14.0,169.0,43.5,Male,3.0,210031.6,6.0,9.0
9094877,4.0,57.0,22.5,Unknown,2.0,25696.24,1.0,4.0
3236736,15.0,190.0,43.5,Female,2.0,40110.24,0.0,3.0
6259522,32.0,390.0,66.5,Unknown,2.0,106106.79,3.0,6.0
4353847,6.0,74.0,28.5,Unknown,3.0,48980.78999999999,5.0,8.0
8710810,16.0,203.0,67.0,Female,2.0,53205.42999999999,2.0,5.0
4037586,8.0,97.0,63.5,Unknown,3.0,476172.51,6.0,9.0
6280462,10.0,120.0,52.5,Female,2.0,88193.79999999999,3.0,6.0
9237526,10.0,125.0,71.0,Female,3.0,196080.65,1.0,4.0
5590824,24.0,299.0,52.5,Female,2.0,200774.27,0.0,3.0
3777550,24.0,292.0,63.0,Male,3.0,71665.48,6.0,9.0
2972755,23.0,277.0,69.5,Male,2.0,171812.78999999998,6.0,9.0
5606178,20.0,249.0,71.5,Male,2.0,32785.6,1.0,5.0
7717511,20.0,240.0,52.5,Male,2.0,351580.76,5.0,8.0
478156,19.0,230.0,37.0,Male,4.0,151033.32,4.0,7.0
9251955,18.0,221.0,46.0,Female,3.0,69073.66,4.0,7.0
3328217,17.0,214.0,72.0,Female,2.0,67701.92,1.0,4.0
3972084,17.0,215.0,44.0,Female,3.0,261147.09000000003,6.0,9.0
9661896,7.0,86.0,35.5,Male,2.0,29370.81,1.0,4.0
864068,4.0,54.0,36.0,Female,2.0,69744.12,6.0,9.0
452762,6.0,82.0,23.0,Unknown,2.0,85382.16,1.0,4.0
6602327,6.0,82.0,48.5,Unknown,2.0,55006.98,0.0,3.0
4693164,15.0,186.0,30.0,Female,2.0,24058.38,4.0,7.0
3901156,28.0,339.0,52.0,Female,4.0,77602.26999999999,2.0,5.0
8824470,14.0,175.0,25.0,Male,2.0,42131.42999999999,0.0,3.0
7091374,13.0,161.0,56.5,Male,2.0,175031.33000000002,2.0,5.0
4370671,10.0,129.0,26.5,Male,3.0,72159.73999999999,5.0,8.0
8447700,7.0,88.0,50.0,Male,2.0,36227.9,2.0,5.0
427824,4.0,58.0,54.5,Unknown,2.0,31489.72,3.0,6.0
6508999,13.0,166.0,71.0,Female,2.0,124956.11,4.0,7.0
5058113,8.0,106.0,51.0,Female,2.0,79018.37,6.0,9.0
161108,13.0,166.0,40.0,Female,2.0,27123.36,0.0,3.0
6727416,11.0,135.0,34.0,Unknown,2.0,104653.29,4.0,7.0
3734319,10.0,120.0,32.5,Female,2.0,45936.74,4.0,7.0
637085,4.0,59.0,25.5,Female,2.0,32020.03,2.0,5.0
7687625,4.0,56.0,37.0,Unknown,2.0,84928.04000000001,2.0,5.0
5672273,10.0,120.0,30.0,Male,2.0,41675.75,2.0,5.0
1770552,12.0,150.0,61.5,Female,2.0,46973.77,6.0,9.0
518097,15.0,181.0,49.0,Female,2.0,61034.29,1.0,4.0
5436729,7.0,89.0,59.5,Unknown,2.0,36727.31,6.0,9.0
4587767,14.0,168.0,60.0,Male,2.0,318611.95,4.0,7.0
6607631,6.0,77.0,52.5,Unknown,2.0,182575.79,2.0,5.0
4781902,8.0,98.0,41.5,Unknown,2.0,76047.85,5.0,8.0
9318936,13.0,163.0,59.0,Male,3.0,110101.99,1.0,4.0
9042475,10.0,130.0,60.5,Male,3.0,433348.23,6.0,9.0
7245262,12.0,155.0,56.5,Male,2.0,36969.78,1.0,4.0
6832384,6.0,82.0,44.0,Unknown,2.0,55931.99,4.0,7.0
3779305,6.0,79.0,27.5,Unknown,3.0,39833.88,6.0,9.0
2928369,5.0,68.0,58.5,Unknown,2.0,69882.79999999999,0.0,3.0
9097687,6.0,81.0,25.5,Unknown,2.0,28872.12,3.0,6.0
5679840,26.0,322.0,68.5,Female,2.0,52292.47,3.0,6.0
220061,11.0,134.0,41.0,Female,2.0,56193.25,1.0,4.0
8986298,7.0,86.0,35.5,Unknown,2.0,35944.0,2.0,5.0
5398552,5.0,69.0,37.5,Female,2.0,74392.01,3.0,6.0
4366957,8.0,100.0,70.5,Unknown,2.0,185169.93,3.0,6.0
7431735,4.0,58.0,85.0,Female,2.0,30800.01,6.0,9.0
2451899,7.0,95.0,35.0,Unknown,3.0,62149.73,6.0,9.0
8393708,7.0,94.0,27.5,Unknown,2.0,72747.39,4.0,7.0
925305,9.0,110.0,43.5,Male,2.0,48008.03,0.0,3.0
5139646,6.0,82.0,52.0,Unknown,2.0,30747.35,4.0,7.0
2638234,8.0,103.0,28.5,Unknown,2.0,44434.46,0.0,3.0
2625620,13.0,167.0,39.0,Male,3.0,86524.36,6.0,9.0
2823737,24.0,298.0,69.0,Female,2.0,316860.38,6.0,9.0
3811686,22.0,274.0,52.0,Female,2.0,28184.51,0.0,3.0
7112284,22.0,267.0,24.0,Male,3.0,153691.63,6.0,9.0
6643741,22.0,266.0,47.5,Male,2.0,73399.75,2.0,5.0
18549,22.0,264.0,43.0,Male,3.0,55374.98,4.0,7.0
9362891,20.0,248.0,30.0,Male,2.0,46010.32,1.0,5.0
9834586,20.0,247.0,27.0,Male,3.0,179728.18,6.0,9.0
8224116,17.0,215.0,36.5,Unknown,2.0,115749.34,6.0,9.0
1747273,15.0,183.0,35.5,Female,2.0,119001.13,0.0,3.0
5092579,9.0,111.0,50.5,Female,2.0,265069.98,3.0,6.0
1173759,9.0,109.0,59.5,Female,2.0,60995.4,2.0,5.0
1979382,4.0,58.0,56.0,Unknown,2.0,26152.54,1.0,4.0
2748973,2.0,34.0,57.0,Unknown,2.0,30630.71,0.0,3.0
6213824,4.0,58.0,64.0,Unknown,2.0,416338.69,6.0,9.0
888809,12.0,149.0,29.5,Male,3.0,129624.32,3.0,6.0
5923648,15.0,186.0,69.0,Male,3.0,141335.36,6.0,9.0
9243290,5.0,70.0,21.0,Unknown,2.0,36571.93,6.0,9.0
8596299,14.0,178.0,30.5,Female,3.0,117079.55,4.0,7.0
9648153,4.0,59.0,25.5,Unknown,2.0,36553.22,2.0,5.0
5382083,6.0,73.0,34.5,Unknown,3.0,77376.70999999999,6.0,9.0
4293909,11.0,136.0,35.5,Female,2.0,77668.06,2.0,6.0
9659921,7.0,95.0,29.5,Unknown,2.0,28228.12,1.0,4.0
9325512,4.0,54.0,31.0,Male,3.0,118867.43,6.0,9.0
1031663,11.0,133.0,24.0,Female,2.0,67582.43,2.0,5.0
3854733,6.0,78.0,24.0,Unknown,2.0,37159.97,3.0,6.0
7705839,12.0,148.0,52.5,Female,2.0,65041.56,3.0,6.0
90324,14.0,174.0,45.0,Female,2.0,165488.26,0.0,3.0
7353381,9.0,116.0,22.5,Male,2.0,25825.73,1.0,4.0
5858436,15.0,190.0,66.5,Female,2.0,57289.79,6.0,9.0
4874181,5.0,66.0,55.5,Unknown,2.0,28910.81,1.0,4.0
2055185,5.0,67.0,51.0,Female,2.0,70938.19,2.0,5.0
6741642,6.0,81.0,61.0,Unknown,2.0,184130.55,5.0,8.0
2028483,15.0,189.0,59.0,Male,2.0,40419.75,1.0,4.0
5163115,15.0,190.0,67.5,Female,2.0,81410.7,2.0,5.0
3983001,6.0,72.0,47.0,Unknown,3.0,84159.79999999999,3.0,6.0
56782,10.0,124.0,45.0,Male,2.0,116019.67,6.0,9.0
8905135,6.0,80.0,26.5,Female,2.0,74121.5,1.0,4.0
9717302,12.0,144.0,26.5,Male,4.0,74168.51999999999,6.0,9.0
317713,4.0,59.0,24.0,Unknown,2.0,52113.34,6.0,9.0
5300135,14.0,172.0,26.0,Male,2.0,35179.09,2.0,5.0
5714661,7.0,91.0,30.0,Unknown,2.0,49419.47,6.0,9.0
6251216,32.0,394.0,67.5,Male,2.0,1640875.09,6.0,9.0
6945602,9.0,112.0,33.0,Female,3.0,198519.89,6.0,9.0
6375577,29.0,354.0,60.5,Female,4.0,470569.75,6.0,9.0
2715416,16.0,192.0,59.0,Male,2.0,65963.1,6.0,9.0
6947786,6.0,74.0,29.0,Unknown,2.0,31018.7,1.0,4.0
2523896,7.0,87.0,32.0,Unknown,3.0,156253.91999999998,6.0,9.0
4590365,5.0,66.0,48.0,Unknown,2.0,83034.70999999999,3.0,6.0
2694334,8.0,102.0,62.0,Unknown,2.0,69791.01999999999,4.0,7.0
3174783,7.0,92.0,56.5,Unknown,2.0,35107.78,2.0,5.0
7797038,12.0,152.0,52.5,Female,2.0,31550.15,3.0,6.0
6707547,15.0,190.0,66.5,Female,4.0,79147.57,3.0,7.0
9222810,6.0,73.0,23.5,Unknown,3.0,74169.38,6.0,9.0
5549673,10.0,124.0,60.0,Male,2.0,50242.36,5.0,8.0
4891782,8.0,98.0,28.0,Unknown,3.0,40091.75,4.0,7.0
1383021,6.0,80.0,39.0,Male,2.0,33686.78,0.0,3.0
7682918,12.0,145.0,65.5,Male,2.0,24095.02,4.0,7.0
1192815,6.0,72.0,21.5,Unknown,3.0,33598.33,4.0,7.0
1595359,16.0,202.0,49.0,Male,2.0,41672.86,0.0,3.0
7550898,9.0,119.0,33.5,Male,3.0,48715.61,1.0,4.0
1902404,15.0,191.0,50.5,Male,2.0,57533.91,3.0,6.0
9533955,11.0,140.0,30.5,Male,2.0,33030.88,2.0,5.0
6558342,5.0,71.0,42.5,Unknown,2.0,76999.83,3.0,6.0
1314260,16.0,197.0,44.0,Male,2.0,31938.98,0.0,3.0
9460978,6.0,80.0,30.5,Unknown,2.0,31130.52,0.0,3.0
2109282,9.0,108.0,26.0,Male,3.0,82873.98999999999,6.0,9.0
1168317,8.0,98.0,44.5,Unknown,2.0,104133.57,2.0,5.0
4165370,22.0,275.0,34.5,Female,2.0,51894.44,0.0,3.0
520693,6.0,82.0,47.5,Unknown,2.0,56439.95,1.0,4.0
2626001,25.0,308.0,58.5,Female,2.0,541332.39,5.0,8.0
947738,23.0,276.0,63.0,Female,2.0,99466.57,6.0,9.0
447850,21.0,253.0,46.5,Female,2.0,163562.46999999997,5.0,8.0
4926818,20.0,250.0,28.0,Male,2.0,191453.9,5.0,8.0
1848243,20.0,240.0,19.0,Male,2.0,47214.96,4.0,7.0
2913555,19.0,229.0,45.5,Female,2.0,43002.39,2.0,5.0
5930137,28.0,342.0,46.0,Male,3.0,144703.3,6.0,9.0
3798962,5.0,65.0,55.0,Unknown,2.0,174390.59000000003,6.0,9.0
1175926,15.0,189.0,55.0,Male,2.0,176226.72999999998,2.0,5.0
1699043,6.0,81.0,64.5,Unknown,2.0,39890.99,6.0,9.0
6754228,4.0,58.0,63.0,Unknown,2.0,36965.86,0.0,3.0
9895197,6.0,78.0,36.5,Unknown,2.0,44122.8,6.0,9.0
9051501,5.0,68.0,34.5,Male,2.0,121317.56,3.0,6.0
4337771,7.0,85.0,39.5,Unknown,2.0,176632.16999999998,0.0,3.0
3021757,11.0,142.0,40.5,Male,3.0,43287.32,1.0,4.0
6724494,5.0,71.0,29.5,Unknown,2.0,46294.2,5.0,8.0
5126201,12.0,146.0,41.0,Male,2.0,85548.86,2.0,5.0
7480994,13.0,165.0,67.0,Female,3.0,440047.56,4.0,7.0
8432508,13.0,156.0,62.5,Male,2.0,136015.24,2.0,5.0
9239902,7.0,94.0,29.5,Unknown,2.0,63893.27,2.0,5.0
9425213,7.0,85.0,46.0,Unknown,2.0,100739.07,1.0,4.0
7204018,8.0,98.0,51.0,Unknown,2.0,24141.48,4.0,7.0
9823874,6.0,77.0,25.5,Unknown,3.0,59027.67,5.0,8.0
2727819,5.0,67.0,30.5,Unknown,2.0,123184.22,6.0,9.0
9967298,11.0,135.0,27.5,Female,2.0,27025.09,0.0,3.0
8695994,9.0,116.0,62.5,Male,2.0,128936.59,6.0,9.0
3176191,3.0,37.0,55.0,Unknown,3.0,44391.17,0.0,3.0
2317014,7.0,94.0,54.0,Unknown,2.0,30336.33,3.0,6.0
6269249,9.0,111.0,38.5,Female,2.0,24840.9,2.0,5.0
9013878,7.0,94.0,29.0,Unknown,2.0,53507.72,6.0,9.0
7684950,4.0,59.0,57.0,Unknown,2.0,31099.59,2.0,5.0
9190813,5.0,64.0,26.5,Male,2.0,34817.24,6.0,9.0
4774104,4.0,59.0,42.5,Unknown,2.0,36123.09,2.0,5.0
1056528,12.0,154.0,59.5,Female,2.0,113522.78,6.0,9.0
334941,6.0,78.0,46.5,Unknown,2.0,70433.97,1.0,4.0
1665398,10.0,129.0,60.5,Female,2.0,40376.28999999999,1.0,4.0
6762377,16.0,193.0,41.5,Female,3.0,8045102.6,6.0,9.0
8723963,5.0,69.0,37.5,Unknown,2.0,59230.57,5.0,8.0
3106914,5.0,65.0,22.5,Female,2.0,37794.54,6.0,9.0
8506258,11.0,133.0,31.0,Male,4.0,127072.39,6.0,9.0
1499088,12.0,144.0,60.5,Female,2.0,109420.27,1.0,4.0
3364495,27.0,335.0,75.5,Male,2.0,369803.35,2.0,5.0
4221851,6.0,73.0,36.0,Unknown,3.0,279124.15,1.0,4.0
7846983,7.0,90.0,50.0,Unknown,2.0,44576.33,0.0,3.0
1982276,7.0,94.0,45.0,Unknown,2.0,41193.82,5.0,8.0
6246369,6.0,77.0,52.5,Unknown,2.0,54488.22,6.0,9.0
6725756,14.0,173.0,33.0,Male,3.0,103953.45,5.0,8.0
699013,4.0,59.0,39.5,Unknown,2.0,47815.19,1.0,4.0
6730486,8.0,101.0,62.0,Unknown,2.0,241733.86,1.0,4.0
6384397,15.0,188.0,31.5,Female,2.0,111887.07,6.0,9.0
926522,16.0,193.0,48.0,Female,2.0,93019.22,1.0,4.0
6386134,26.0,317.0,21.5,Female,2.0,39958.42,1.0,4.0
8161244,2.0,35.0,54.0,Male,3.0,61945.22,6.0,9.0
1824294,6.0,72.0,27.0,Unknown,3.0,62171.05,6.0,9.0
4054879,3.0,38.0,63.5,Female,2.0,269182.18,5.0,8.0
9291970,6.0,78.0,21.5,Female,2.0,29042.31,1.0,4.0
984993,3.0,36.0,29.5,Unknown,2.0,25204.32,3.0,6.0
5901024,11.0,143.0,49.0,Female,2.0,27992.9,0.0,3.0
9188646,10.0,128.0,52.5,Male,2.0,349686.46,1.0,4.0
3541608,8.0,97.0,27.0,Unknown,5.0,204270.22,5.0,8.0
3085421,7.0,84.0,58.5,Unknown,3.0,51753.82,4.0,7.0
8634409,16.0,197.0,24.5,Male,2.0,27796.5,5.0,8.0
1110284,16.0,199.0,48.0,Male,2.0,42726.38,0.0,3.0
1354681,9.0,115.0,75.0,Female,2.0,66156.87,4.0,7.0
5537504,5.0,68.0,46.5,Unknown,3.0,86314.31,6.0,9.0
3343930,12.0,150.0,56.5,Male,2.0,125383.34,2.0,5.0
4983936,15.0,182.0,62.0,Male,3.0,29312.02,3.0,6.0
8193865,8.0,107.0,49.5,Female,2.0,31549.77,0.0,3.0
7018499,19.0,231.0,58.5,Male,2.0,478446.31,5.0,8.0
4724152,9.0,108.0,22.0,Male,2.0,37446.0,1.0,4.0
2111172,14.0,179.0,66.5,Male,2.0,90493.31,6.0,9.0
320586,23.0,278.0,51.5,Male,3.0,214833.69,1.0,4.0
4464722,22.0,270.0,32.5,Female,2.0,54172.22,0.0,3.0
8517134,21.0,255.0,38.0,Female,2.0,30048.3,0.0,3.0
5499413,20.0,250.0,33.0,Female,2.0,33656.259999999995,4.0,7.0
3603850,19.0,239.0,45.0,Male,2.0,89489.37,2.0,5.0
7573739,17.0,213.0,37.5,Female,2.0,27071.41,0.0,4.0
5185897,17.0,204.0,52.0,Female,5.0,329946.99,3.0,6.0
5774699,8.0,96.0,31.5,Unknown,2.0,30021.06,1.0,4.0
1348936,13.0,162.0,61.0,Female,2.0,71141.61,4.0,7.0
6898071,5.0,66.0,52.0,Unknown,2.0,52994.77,1.0,4.0
7929795,8.0,101.0,23.5,Unknown,2.0,28162.55,3.0,6.0
2155691,7.0,94.0,42.5,Unknown,3.0,141391.28,6.0,9.0
9824507,12.0,153.0,48.0,Male,2.0,81634.86,0.0,3.0
1665967,38.0,464.0,57.0,Female,2.0,36036.95,0.0,3.0
5773882,15.0,186.0,48.5,Male,3.0,110523.24,1.0,4.0
9282726,8.0,97.0,30.0,Unknown,2.0,56024.56,1.0,4.0
7339191,15.0,183.0,72.5,Male,2.0,25615.73,3.0,6.0
1643971,6.0,77.0,65.5,Unknown,2.0,1014387.0,6.0,9.0
9928646,4.0,56.0,28.0,Unknown,2.0,44876.67999999999,3.0,6.0
2448970,14.0,178.0,56.0,Male,2.0,27255.69,3.0,6.0
4006187,13.0,167.0,56.5,Female,2.0,55577.45,2.0,5.0
2811304,8.0,96.0,63.5,Unknown,2.0,35493.97,3.0,6.0
6467551,11.0,137.0,31.5,Male,3.0,97835.15,6.0,9.0
3900372,14.0,179.0,78.5,Male,2.0,228897.96,3.0,6.0
2622340,6.0,72.0,56.5,Unknown,2.0,334241.29,5.0,8.0
1535594,11.0,136.0,54.5,Male,2.0,451570.23,1.0,4.0
8617321,6.0,83.0,68.5,Unknown,2.0,35247.25,0.0,4.0
5699198,12.0,145.0,35.0,Female,3.0,76782.15,3.0,6.0
4851897,7.0,88.0,63.0,Unknown,2.0,46997.91,6.0,9.0
4606073,8.0,105.0,30.0,Female,2.0,33819.369999999995,0.0,3.0
794763,3.0,44.0,27.0,Unknown,2.0,30516.7,6.0,9.0
4772697,14.0,169.0,23.0,Female,2.0,29444.56,0.0,3.0
7303734,8.0,103.0,29.5,Unknown,2.0,29632.28,5.0,8.0
997742,20.0,241.0,52.5,Male,2.0,442395.89,1.0,4.0
8574276,5.0,65.0,22.5,Unknown,2.0,41901.87,6.0,9.0
2741439,15.0,189.0,53.0,Male,2.0,42542.92,0.0,3.0
2215826,6.0,80.0,29.0,Unknown,2.0,27837.54,4.0,7.0
9017597,12.0,153.0,32.0,Female,2.0,28472.21,0.0,3.0
5812724,15.0,189.0,62.0,Male,2.0,49830.92,6.0,9.0
8200453,8.0,98.0,35.0,Unknown,2.0,52172.27,1.0,4.0
2464889,4.0,58.0,27.0,Unknown,2.0,46648.38,2.0,5.0
8467427,7.0,92.0,90.5,Unknown,2.0,239654.38,4.0,7.0
2212042,13.0,165.0,36.5,Male,3.0,212750.89,3.0,6.0
9917249,5.0,71.0,19.0,Unknown,3.0,38479.64,0.0,3.0
3239977,36.0,441.0,60.5,Male,2.0,368772.24,6.0,9.0
2764858,9.0,118.0,61.0,Female,2.0,36413.43,6.0,9.0
7218036,9.0,109.0,35.5,Female,2.0,50859.15,6.0,9.0
2959030,14.0,179.0,49.5,Male,2.0,94222.4,1.0,4.0
6610435,13.0,160.0,34.5,Female,2.0,24218.59,0.0,3.0
7465287,16.0,203.0,36.0,Female,2.0,182246.94,6.0,9.0
6091442,6.0,81.0,73.0,Unknown,2.0,88788.23999999999,5.0,8.0
3397950,26.0,314.0,52.5,Male,2.0,177293.89,3.0,6.0
3667641,25.0,309.0,53.0,Male,4.0,1420929.5499999998,6.0,9.0
5776509,25.0,303.0,46.0,Female,2.0,140277.33000000002,3.0,6.0
1709551,25.0,304.0,63.0,Female,2.0,59587.72,6.0,9.0
7831204,24.0,299.0,77.5,Male,2.0,640356.05,1.0,4.0
3121442,24.0,292.0,49.0,Female,4.0,348948.04,3.0,6.0
8801899,24.0,290.0,45.5,Male,4.0,225372.77,4.0,7.0
2579363,21.0,263.0,57.0,Female,2.0,178001.86,1.0,4.0
6353548,20.0,251.0,63.5,Female,2.0,421596.07,6.0,9.0
8206323,20.0,251.0,45.5,Female,2.0,313738.68,2.0,5.0
465367,20.0,250.0,50.5,Female,3.0,103352.51,1.0,5.0
4989845,19.0,229.0,42.0,Male,4.0,552252.4600000001,6.0,9.0
9009242,5.0,67.0,62.0,Female,2.0,191675.2,6.0,9.0
5854535,22.0,272.0,54.5,Male,4.0,1468957.6,6.0,9.0
500483,7.0,93.0,87.5,Unknown,2.0,409822.74,2.0,5.0
1909710,7.0,94.0,70.0,Unknown,2.0,34373.86,2.0,5.0
3813905,7.0,94.0,66.0,Unknown,2.0,29738.14,0.0,3.0
8082921,7.0,87.0,28.0,Unknown,2.0,31435.56,5.0,8.0
331379,9.0,111.0,72.5,Male,2.0,227376.81,3.0,6.0
1345392,5.0,60.0,31.5,Unknown,2.0,103777.72,6.0,9.0
4709079,4.0,58.0,32.5,Unknown,2.0,66285.87,1.0,4.0
4024034,6.0,72.0,39.5,Unknown,2.0,612047.4600000001,1.0,4.0
6289640,5.0,67.0,66.5,Unknown,2.0,62301.32,1.0,4.0
5667006,8.0,107.0,29.0,Female,2.0,45238.07,4.0,7.0
6446044,14.0,178.0,60.0,Male,3.0,72008.01,5.0,8.0
406039,4.0,59.0,30.0,Unknown,4.0,37899.84,1.0,4.0
6629974,27.0,332.0,62.5,Male,2.0,64775.84,0.0,3.0
4539701,10.0,131.0,25.0,Female,2.0,73517.75,2.0,5.0
5795234,10.0,125.0,35.5,Male,3.0,111077.78,5.0,8.0
7265937,11.0,140.0,34.5,Female,2.0,45479.03999999999,0.0,3.0
3066535,4.0,57.0,24.0,Unknown,2.0,31457.82,4.0,7.0
618725,6.0,79.0,53.5,Unknown,2.0,192454.21,0.0,3.0
6270000,8.0,106.0,64.0,Female,2.0,23998.33,0.0,3.0
5338170,16.0,203.0,39.0,Female,2.0,47783.45,0.0,3.0
957488,14.0,179.0,45.0,Female,4.0,75935.34,1.0,4.0
8180196,6.0,77.0,67.0,Unknown,3.0,222200.0,6.0,9.0
984646,12.0,154.0,61.5,Female,2.0,66738.04000000001,5.0,8.0
8104276,4.0,58.0,40.0,Unknown,3.0,96384.32,3.0,6.0
4169758,12.0,147.0,36.0,Male,2.0,26975.46,2.0,5.0
873650,11.0,140.0,57.5,Female,2.0,40621.33,6.0,9.0
9172549,5.0,66.0,59.0,Unknown,2.0,58551.0,2.0,5.0
7640897,5.0,71.0,27.5,Unknown,2.0,28481.64,5.0,8.0
2646813,9.0,112.0,54.5,Male,2.0,55476.31,2.0,5.0
2665020,17.0,215.0,36.0,Male,2.0,39846.37,1.0,4.0
4287216,4.0,49.0,18.5,Unknown,2.0,31764.49,2.0,5.0
600221,29.0,352.0,72.5,Male,3.0,84842.7,5.0,8.0
5274738,5.0,70.0,34.5,Unknown,3.0,47069.49,2.0,5.0
3130024,14.0,175.0,44.5,Male,2.0,46105.63,3.0,6.0
3038711,29.0,356.0,36.5,Male,4.0,106252.57,5.0,8.0
9575821,5.0,69.0,26.5,Unknown,2.0,29337.26,0.0,3.0
1013448,13.0,164.0,55.5,Male,3.0,93065.72,4.0,7.0
2131056,6.0,74.0,67.0,Unknown,2.0,104232.2,3.0,6.0
3319690,7.0,94.0,59.0,Unknown,2.0,31894.96,2.0,5.0
3684173,14.0,171.0,66.5,Female,2.0,56198.77,2.0,5.0
9233946,24.0,299.0,23.0,Male,2.0,35093.21,2.0,5.0
7687961,22.0,272.0,73.0,Male,4.0,2383469.82,5.0,8.0
7620007,19.0,239.0,32.5,Male,2.0,65945.86,6.0,9.0
6901566,19.0,238.0,71.5,Male,2.0,351981.93,5.0,8.0
6125197,16.0,194.0,49.0,Male,2.0,55988.4,5.0,8.0
440483,4.0,59.0,23.5,Unknown,2.0,25040.54,3.0,6.0
1157514,9.0,116.0,45.5,Male,2.0,28996.06,1.0,4.0
9286234,15.0,180.0,33.5,Male,2.0,32160.73,6.0,9.0
5417529,14.0,168.0,33.0,Female,2.0,39124.43,0.0,3.0
8196602,4.0,57.0,48.0,Male,2.0,27046.92,2.0,5.0
8035223,4.0,56.0,25.5,Unknown,2.0,37449.16,1.0,4.0
7637881,17.0,204.0,43.5,Female,2.0,44629.74,0.0,3.0
4361016,4.0,59.0,61.5,Unknown,2.0,28603.75,4.0,7.0
4837195,7.0,85.0,33.0,Unknown,2.0,32381.29,2.0,5.0
2974536,6.0,72.0,23.5,Unknown,3.0,81474.69,5.0,8.0
471462,14.0,175.0,50.0,Female,2.0,28187.25,1.0,4.0
9161222,6.0,83.0,58.5,Unknown,2.0,36267.31,1.0,4.0
6199317,10.0,126.0,86.5,Female,2.0,45133.53,5.0,8.0
1250804,4.0,55.0,73.5,Unknown,2.0,34542.91,4.0,7.0
1229757,15.0,182.0,33.5,Male,2.0,108935.96,0.0,3.0
761884,6.0,79.0,42.0,Unknown,2.0,71958.88,5.0,8.0
3418802,5.0,67.0,25.5,Unknown,2.0,27066.33,1.0,4.0
8085803,9.0,119.0,54.5,Male,3.0,354210.02,3.0,6.0
461591,5.0,70.0,39.5,Unknown,2.0,37426.71,3.0,6.0
4914648,5.0,70.0,47.5,Unknown,2.0,54703.14,0.0,3.0
6944373,15.0,190.0,50.0,Male,2.0,151460.74,1.0,4.0
7709518,8.0,105.0,36.5,Male,2.0,29966.27,2.0,5.0
242576,6.0,74.0,50.5,Unknown,2.0,59472.87,2.0,5.0
3487046,10.0,131.0,54.5,Female,2.0,35056.7,6.0,9.0
7003564,5.0,64.0,27.5,Unknown,2.0,52112.14,6.0,9.0
6334745,16.0,200.0,35.5,Female,2.0,71452.39,5.0,8.0
3689244,15.0,189.0,62.0,Female,2.0,75039.35,6.0,9.0
6792849,13.0,163.0,36.0,Female,2.0,31381.99,0.0,3.0
8624715,31.0,378.0,54.5,Male,4.0,133755.97,0.0,3.0
1336819,15.0,183.0,52.5,Female,2.0,38155.46,5.0,8.0
3742706,7.0,86.0,51.5,Unknown,2.0,59373.25,4.0,7.0
580395,13.0,163.0,51.5,Male,2.0,302407.09,6.0,9.0
6367461,16.0,193.0,34.0,Female,2.0,75228.47,3.0,6.0
4980292,13.0,157.0,57.0,Male,2.0,204952.17,5.0,8.0
1418730,5.0,60.0,86.5,Unknown,2.0,28873.96,2.0,5.0
8165914,6.0,76.0,38.5,Unknown,2.0,45711.36,6.0,9.0
6932275,4.0,59.0,47.5,Unknown,2.0,436790.11,2.0,5.0
1467636,5.0,71.0,33.5,Female,2.0,38860.33,0.0,3.0
971542,6.0,83.0,26.0,Unknown,2.0,46305.35,0.0,3.0
8499705,8.0,102.0,37.5,Unknown,2.0,35130.25,1.0,4.0
5197285,7.0,86.0,23.5,Unknown,2.0,74966.01,5.0,8.0
9195810,7.0,92.0,40.0,Unknown,2.0,101618.96,1.0,4.0
8440177,5.0,70.0,66.0,Unknown,2.0,60845.77,2.0,5.0
393005,15.0,191.0,52.5,Male,2.0,60344.67,1.0,4.0
2983117,5.0,64.0,19.0,Unknown,2.0,32235.54,2.0,5.0
9855236,7.0,87.0,35.5,Unknown,2.0,53646.15,5.0,8.0
4501253,12.0,146.0,31.0,Male,3.0,154598.3,6.0,9.0
8234708,8.0,106.0,23.5,Unknown,2.0,68341.79000000001,5.0,8.0
9893038,9.0,118.0,50.0,Female,2.0,88875.65,2.0,5.0
7068428,14.0,178.0,35.0,Female,2.0,40070.66,2.0,5.0
3340284,21.0,259.0,75.0,Female,2.0,85915.47,2.0,5.0
4270889,21.0,258.0,48.5,Male,2.0,109590.53,1.0,4.0
1945208,20.0,251.0,67.0,Female,2.0,40147.81,1.0,4.0
7923876,19.0,230.0,38.0,Unknown,2.0,135817.97999999998,6.0,9.0
128983,16.0,201.0,35.0,Female,2.0,31109.95,2.0,5.0
2300994,11.0,143.0,32.0,Female,2.0,123161.92,3.0,6.0
9809505,12.0,147.0,35.5,Male,3.0,119886.36,6.0,9.0
5677344,11.0,132.0,79.0,Female,2.0,46713.42999999999,1.0,4.0
7520504,15.0,183.0,60.5,Female,2.0,122181.47,3.0,6.0
6006960,6.0,75.0,63.0,Unknown,2.0,389069.18,5.0,8.0
9477573,6.0,77.0,67.5,Unknown,2.0,42291.15,1.0,4.0
6267322,30.0,360.0,64.5,Female,2.0,764414.7100000001,5.0,8.0
6937749,6.0,78.0,65.5,Unknown,3.0,319010.13,4.0,7.0
8631535,5.0,68.0,35.0,Male,2.0,38625.99,5.0,8.0
7379024,5.0,66.0,31.5,Unknown,2.0,52466.64,4.0,7.0
6985019,15.0,190.0,83.0,Male,3.0,369231.94,5.0,9.0
1078722,7.0,88.0,32.0,Unknown,3.0,143319.25,3.0,6.0
2482270,13.0,160.0,61.5,Female,3.0,302782.75,3.0,7.0
3132868,14.0,169.0,25.5,Unknown,2.0,42360.26,3.0,6.0
2648618,11.0,132.0,74.0,Male,2.0,170290.31,6.0,9.0
1963436,21.0,253.0,71.5,Male,2.0,57036.08,2.0,5.0
8488078,6.0,78.0,53.5,Unknown,2.0,183270.82,4.0,8.0
6842993,13.0,163.0,18.0,Male,2.0,78902.42,3.0,6.0
1684561,12.0,144.0,35.0,Male,2.0,58786.59,2.0,5.0
356001,4.0,58.0,54.0,Unknown,2.0,41096.72,0.0,3.0
344514,9.0,109.0,47.0,Male,3.0,135627.34,6.0,9.0
9140055,13.0,157.0,51.0,Female,2.0,154357.02000000002,1.0,4.0
7401312,14.0,170.0,49.5,Female,2.0,37537.63,1.0,4.0
4605889,9.0,119.0,37.0,Female,3.0,118959.6,2.0,5.0
8849456,13.0,167.0,45.5,Male,2.0,65564.12,6.0,9.0
5120495,9.0,113.0,69.5,Female,2.0,315361.75,3.0,6.0
7981108,7.0,84.0,26.0,Unknown,3.0,94872.58,6.0,9.0
2568580,8.0,97.0,52.0,Unknown,2.0,220976.96,6.0,9.0
7042270,14.0,169.0,38.5,Female,2.0,124711.41,2.0,5.0
8781957,5.0,70.0,60.0,Unknown,3.0,55175.91,6.0,9.0
669068,15.0,189.0,38.5,Female,2.0,34227.67,1.0,4.0
8431740,16.0,196.0,43.5,Female,2.0,65776.25,0.0,3.0
4584820,9.0,111.0,55.0,Male,2.0,27923.7,2.0,5.0
531286,15.0,183.0,57.0,Female,2.0,149939.88,0.0,3.0
3911296,11.0,142.0,27.0,Female,2.0,76805.45,1.0,4.0
6119280,4.0,53.0,61.0,Female,2.0,37410.65,0.0,3.0
4213800,14.0,175.0,36.0,Female,2.0,33234.64,0.0,3.0
2476589,29.0,353.0,60.5,Female,2.0,38795.78,2.0,5.0
9752006,19.0,228.0,46.5,Male,2.0,32551.47,6.0,9.0
3679190,15.0,191.0,29.0,Female,2.0,37968.65,0.0,3.0
6546908,16.0,193.0,45.0,Male,2.0,56883.68,4.0,7.0
718647,10.0,128.0,63.5,Female,3.0,67732.76,3.0,6.0
1551085,6.0,73.0,29.0,Unknown,2.0,175711.61,2.0,5.0
2128160,15.0,180.0,61.0,Male,3.0,55596.73,1.0,4.0
9807800,23.0,285.0,31.0,Male,2.0,92243.01,4.0,7.0
1052576,23.0,276.0,54.0,Female,2.0,220778.45,6.0,9.0
3047313,22.0,265.0,72.0,Female,2.0,40107.7,3.0,6.0
7330989,21.0,257.0,56.5,Female,2.0,83422.1,0.0,3.0
270527,31.0,375.0,70.5,Female,2.0,355873.53,6.0,9.0
999403,18.0,227.0,49.5,Female,2.0,33336.93,3.0,7.0
8619345,8.0,105.0,29.0,Female,2.0,61432.74,0.0,3.0
5888965,8.0,105.0,64.0,Male,2.0,72995.08,2.0,5.0
8533687,10.0,127.0,66.5,Female,2.0,48984.8,3.0,6.0
8056492,8.0,107.0,29.5,Male,2.0,76715.51999999999,0.0,3.0
1014343,7.0,94.0,24.5,Unknown,2.0,83887.1,4.0,7.0
491935,6.0,73.0,54.0,Unknown,2.0,360809.29,6.0,9.0
3719087,13.0,156.0,52.0,Female,2.0,364299.08,5.0,8.0
9184334,4.0,59.0,45.5,Unknown,2.0,54211.11,4.0,7.0
8277761,9.0,110.0,40.5,Male,3.0,43910.39,0.0,3.0
7167841,15.0,180.0,65.0,Male,2.0,67093.26,2.0,5.0
1698220,23.0,280.0,24.0,Unknown,2.0,32171.46,3.0,6.0
3086713,17.0,205.0,46.5,Male,2.0,157883.99,0.0,3.0
3837497,4.0,56.0,21.5,Unknown,2.0,28892.2,0.0,3.0
9679510,8.0,99.0,37.0,Unknown,2.0,436625.26,6.0,9.0
7188220,5.0,70.0,69.5,Male,2.0,114697.53,1.0,4.0
2476400,9.0,110.0,50.0,Male,2.0,146478.38,3.0,6.0
3047437,31.0,373.0,28.5,Male,3.0,105384.12,5.0,8.0
8872308,32.0,390.0,62.5,Male,3.0,149516.72999999998,6.0,9.0
7116901,6.0,74.0,65.5,Female,2.0,127096.94,6.0,9.0
9906609,19.0,231.0,56.5,Female,2.0,24186.0,1.0,4.0
2954139,8.0,97.0,27.0,Unknown,3.0,250355.86,6.0,9.0
893202,11.0,135.0,47.5,Female,2.0,23903.56,0.0,3.0
6831637,12.0,144.0,31.5,Male,4.0,705775.41,6.0,9.0
6184997,5.0,67.0,30.0,Unknown,2.0,38960.97,3.0,6.0
4956933,3.0,47.0,31.0,Unknown,2.0,38421.16,1.0,4.0
8894931,8.0,105.0,50.0,Male,2.0,38347.63,0.0,3.0
3351589,7.0,90.0,30.5,Male,2.0,59297.68,2.0,5.0
965179,6.0,73.0,25.0,Unknown,2.0,36826.47,1.0,4.0
7085615,8.0,97.0,25.5,Unknown,2.0,25555.29,6.0,9.0
531737,27.0,330.0,52.0,Female,2.0,52233.46,1.0,4.0
3732889,9.0,117.0,28.0,Female,2.0,52295.83,5.0,8.0
2482224,11.0,142.0,67.5,Female,2.0,28881.45,2.0,5.0
556488,4.0,59.0,26.5,Male,2.0,35134.69,6.0,9.0
883500,6.0,83.0,30.5,Unknown,2.0,41571.57,6.0,9.0
928125,16.0,194.0,21.5,Unknown,2.0,26119.73,1.0,4.0
5791804,7.0,92.0,58.0,Unknown,2.0,72424.36,6.0,9.0
4426269,13.0,167.0,32.0,Female,2.0,34805.13,0.0,3.0
6444358,4.0,57.0,23.5,Unknown,3.0,50942.55,6.0,9.0
8094996,4.0,58.0,26.5,Unknown,4.0,106898.0,6.0,9.0
8163384,15.0,188.0,50.5,Male,2.0,156837.99,3.0,6.0
3123295,12.0,150.0,30.5,Male,2.0,91236.66,6.0,9.0
654172,6.0,82.0,30.0,Unknown,2.0,34438.18,6.0,9.0
9981420,15.0,189.0,51.0,Female,2.0,1013473.61,5.0,8.0
6346829,14.0,173.0,51.0,Male,2.0,29717.8,2.0,5.0
5342345,21.0,253.0,55.5,Female,2.0,29384.39,0.0,3.0
431651,35.0,422.0,72.5,Female,2.0,404146.8,4.0,7.0
6291061,26.0,314.0,66.5,Female,2.0,165923.26,2.0,5.0
3672487,17.0,215.0,70.5,Male,2.0,38522.0,6.0,9.0
8824624,4.0,58.0,61.0,Unknown,2.0,263146.48,2.0,5.0
1034855,3.0,43.0,56.5,Unknown,2.0,32960.02,0.0,3.0
3923657,11.0,142.0,30.0,Female,3.0,58297.35,6.0,9.0
3972782,16.0,193.0,34.0,Male,2.0,41857.24,1.0,4.0
2333713,14.0,179.0,48.0,Male,2.0,116931.56,4.0,7.0
8587389,15.0,182.0,32.5,Female,2.0,33257.33,0.0,3.0
8329929,16.0,200.0,73.0,Female,2.0,41086.61,3.0,6.0
5702482,8.0,105.0,58.0,Female,2.0,79666.16,5.0,8.0
7358034,7.0,92.0,26.5,Unknown,2.0,28813.82,6.0,9.0
6901068,13.0,167.0,50.5,Unknown,2.0,65106.65,3.0,6.0
5470655,23.0,280.0,61.5,Male,2.0,50105.15,4.0,7.0
5805582,11.0,142.0,44.5,Female,2.0,34201.94,0.0,3.0
2266179,13.0,162.0,87.0,Male,2.0,35506.09,0.0,3.0
3142191,7.0,94.0,30.0,Unknown,2.0,27029.08,1.0,4.0
5129431,11.0,132.0,28.5,Unknown,2.0,28339.13,6.0,9.0
5750821,30.0,371.0,63.0,Male,2.0,45107.23,1.0,4.0
6842796,8.0,98.0,27.0,Unknown,2.0,51103.49,2.0,5.0
5563273,15.0,180.0,38.5,Female,2.0,49670.33,0.0,3.0
5476772,10.0,130.0,60.0,Female,2.0,311010.78,1.0,4.0
936505,15.0,181.0,58.5,Female,2.0,161126.39,2.0,5.0
6904205,4.0,53.0,59.0,Unknown,2.0,83826.76,1.0,5.0
2657642,5.0,68.0,48.5,Unknown,2.0,141775.4,5.0,8.0
2976242,6.0,78.0,43.0,Unknown,2.0,45548.41,2.0,5.0
6528051,15.0,183.0,49.0,Female,2.0,137928.59,3.0,6.0
3717863,8.0,96.0,36.0,Male,3.0,557411.55,4.0,7.0
9931152,15.0,190.0,67.0,Female,2.0,100118.55,6.0,9.0
3931346,17.0,213.0,66.5,Male,2.0,275130.62,1.0,5.0
3150350,5.0,65.0,39.0,Unknown,3.0,127539.3,2.0,5.0
6778179,14.0,173.0,68.0,Unknown,2.0,33704.69,1.0,4.0
5009485,15.0,184.0,51.5,Female,3.0,46711.24,2.0,5.0
6461412,15.0,189.0,61.0,Male,2.0,69288.26,5.0,8.0
727016,21.0,254.0,20.0,Male,3.0,62737.92,3.0,6.0
1072995,5.0,67.0,59.0,Female,3.0,331395.96,4.0,7.0
5941868,4.0,49.0,66.5,Male,2.0,568235.1000000001,6.0,9.0
5689684,4.0,50.0,18.5,Unknown,2.0,37520.6,5.0,8.0
9177320,15.0,190.0,64.0,Male,2.0,58830.88,3.0,6.0
1181777,15.0,182.0,54.5,Male,2.0,57579.78,6.0,9.0
9590839,14.0,175.0,51.0,Female,2.0,83777.95,6.0,9.0
4236796,12.0,154.0,28.0,Male,2.0,53613.36,3.0,6.0
7374135,24.0,296.0,83.0,Male,2.0,387893.02,2.0,6.0
5253953,23.0,278.0,52.0,Male,3.0,333637.16,3.0,6.0
1540750,21.0,259.0,58.5,Male,4.0,599210.7100000001,6.0,9.0
6911692,21.0,257.0,75.5,Unknown,2.0,101987.25,6.0,9.0
9268382,21.0,256.0,44.0,Female,4.0,209909.98,6.0,9.0
9876209,18.0,222.0,67.5,Male,3.0,169832.47999999998,3.0,7.0
2861792,18.0,221.0,47.0,Unknown,2.0,59246.68,0.0,3.0
3826199,16.0,200.0,32.5,Female,2.0,60156.28,6.0,9.0
2392277,16.0,200.0,32.0,Female,2.0,45575.65,3.0,7.0
8409408,29.0,358.0,50.0,Male,2.0,38242.33,2.0,5.0
5315510,28.0,340.0,72.5,Male,4.0,1071305.42,3.0,6.0
7192680,8.0,107.0,59.0,Male,2.0,55181.78999999999,4.0,7.0
1300406,3.0,43.0,26.5,Unknown,3.0,330814.13,6.0,9.0
5215055,6.0,82.0,40.0,Male,2.0,24977.05,2.0,5.0
3691827,5.0,69.0,31.5,Unknown,2.0,33729.63,0.0,3.0
5302545,4.0,59.0,25.0,Unknown,2.0,38485.37,2.0,5.0
2584131,4.0,57.0,64.0,Female,2.0,36286.88,6.0,9.0
5432669,11.0,141.0,53.5,Male,2.0,262983.54,6.0,9.0
8072681,5.0,70.0,31.5,Male,3.0,39587.3,5.0,8.0
4406701,16.0,194.0,58.5,Female,2.0,34927.24,6.0,9.0
8359558,11.0,136.0,57.5,Male,2.0,36597.41,4.0,7.0
405565,9.0,115.0,34.0,Female,3.0,103175.61,1.0,4.0
3093789,7.0,85.0,44.0,Unknown,2.0,38019.59,4.0,8.0
3634241,6.0,74.0,33.5,Unknown,2.0,50910.83,4.0,7.0
6181981,6.0,73.0,67.0,Unknown,2.0,160453.40999999997,6.0,9.0
3213480,8.0,105.0,28.0,Male,2.0,46031.07,2.0,5.0
5429895,14.0,177.0,47.5,Male,2.0,141204.12,2.0,5.0
3283172,6.0,79.0,32.0,Unknown,2.0,31726.75,1.0,4.0
5434680,4.0,48.0,39.0,Unknown,2.0,479021.3,2.0,6.0
5825686,6.0,75.0,30.5,Unknown,2.0,52296.6,6.0,9.0
2050885,5.0,60.0,46.5,Male,2.0,40558.77,6.0,9.0
2790108,7.0,87.0,45.0,Male,2.0,68737.66,1.0,4.0
2722950,5.0,66.0,25.5,Unknown,2.0,27404.41,1.0,4.0
2753144,6.0,72.0,46.5,Unknown,2.0,137869.57,4.0,7.0
2010851,12.0,148.0,55.5,Male,2.0,1007600.28,6.0,9.0
2592885,13.0,161.0,44.5,Female,2.0,34756.119999999995,2.0,5.0
6418203,12.0,155.0,23.0,Male,2.0,78709.43,6.0,9.0
5064689,14.0,172.0,33.5,Male,2.0,74237.39,6.0,9.0
846436,6.0,76.0,65.0,Female,2.0,25782.41,2.0,5.0
1081771,15.0,189.0,66.5,Male,2.0,33185.96,1.0,4.0
9279099,10.0,121.0,55.5,Male,2.0,35550.59,3.0,6.0
6385837,4.0,59.0,24.0,Unknown,2.0,51403.4,1.0,4.0
1108668,14.0,176.0,74.0,Female,2.0,32125.79,6.0,9.0
8145890,10.0,120.0,73.0,Male,2.0,293167.39,0.0,3.0
6197156,5.0,70.0,22.0,Unknown,2.0,115330.72,6.0,9.0
684687,11.0,140.0,46.5,Female,2.0,124487.58,1.0,4.0
4089089,15.0,186.0,49.0,Female,2.0,146147.21,3.0,6.0
533113,12.0,148.0,30.5,Male,3.0,133715.59999999998,1.0,4.0
1027831,15.0,191.0,32.5,Female,2.0,129330.08,6.0,9.0
8412778,16.0,196.0,42.5,Female,2.0,126582.22,4.0,7.0
5701805,4.0,58.0,45.0,Unknown,2.0,48990.59,4.0,7.0
5643772,17.0,205.0,46.0,Male,2.0,162398.78999999998,4.0,7.0
7729569,26.0,315.0,73.0,Female,2.0,131647.94,2.0,5.0
8071097,10.0,128.0,28.5,Male,2.0,31641.22,4.0,7.0
6019905,24.0,297.0,54.5,Male,2.0,23812.65,0.0,4.0
5209167,24.0,291.0,25.5,Male,2.0,29695.98,2.0,5.0
3072276,23.0,279.0,44.0,Male,2.0,50791.8,1.0,6.0
4416570,21.0,261.0,54.0,Female,3.0,64131.51,4.0,7.0
3465286,21.0,260.0,33.5,Male,3.0,175614.59999999998,6.0,9.0
1990150,21.0,259.0,59.5,Female,2.0,148812.09999999998,0.0,3.0
4644874,27.0,330.0,70.0,Male,2.0,474078.11,6.0,9.0
3703187,20.0,248.0,66.0,Female,2.0,398634.27,6.0,9.0
7567866,20.0,244.0,26.0,Female,4.0,92100.83,1.0,4.0
2668148,10.0,131.0,46.5,Female,2.0,24993.46,1.0,4.0
8766013,9.0,108.0,38.0,Female,2.0,37303.27,4.0,7.0
8440164,11.0,137.0,53.0,Male,2.0,90172.41,2.0,5.0
9795301,4.0,57.0,61.5,Unknown,2.0,45134.42,3.0,6.0
2742781,12.0,155.0,40.5,Female,2.0,121273.81,3.0,6.0
7053981,14.0,173.0,59.5,Male,2.0,35493.03,5.0,8.0
3620860,11.0,143.0,66.5,Male,2.0,278313.38,6.0,9.0
5394514,14.0,179.0,57.0,Male,2.0,1277748.66,6.0,9.0
8722384,7.0,95.0,26.5,Unknown,3.0,76993.82,3.0,6.0
9923243,10.0,125.0,58.5,Male,2.0,290539.62,6.0,9.0
7074200,7.0,94.0,59.0,Unknown,2.0,50611.14,0.0,3.0
655223,22.0,272.0,44.5,Female,2.0,47710.1,0.0,3.0
8387278,7.0,91.0,62.0,Male,2.0,65049.62,6.0,9.0
6794455,9.0,108.0,28.5,Male,2.0,189753.82,6.0,9.0
1879059,10.0,131.0,21.5,Male,2.0,40914.85,1.0,4.0
7760839,11.0,142.0,64.0,Female,2.0,36454.02,1.0,4.0
8531881,5.0,67.0,62.0,Unknown,3.0,217357.56,6.0,9.0
846806,15.0,185.0,34.0,Male,2.0,36509.23,3.0,6.0
9742844,5.0,69.0,48.5,Male,2.0,25401.71,2.0,5.0
451682,16.0,193.0,39.5,Male,2.0,52648.47,4.0,7.0
7369784,16.0,202.0,63.0,Male,3.0,158383.96999999997,1.0,4.0
5646291,7.0,85.0,56.5,Unknown,3.0,31044.11,1.0,4.0
5184046,11.0,133.0,35.5,Male,3.0,474748.58,5.0,8.0
1444903,8.0,105.0,28.5,Male,3.0,51070.73,0.0,3.0
386570,11.0,133.0,40.0,Female,2.0,132061.58000000002,6.0,9.0
1868677,3.0,41.0,55.5,Unknown,2.0,38776.68,1.0,4.0
3143124,10.0,121.0,75.5,Female,2.0,38120.53,1.0,4.0
6193750,6.0,79.0,23.0,Female,2.0,37303.83,3.0,6.0
1818956,5.0,67.0,29.0,Female,2.0,33910.2,1.0,4.0
5644895,6.0,72.0,28.5,Unknown,2.0,27942.72,5.0,8.0
888682,11.0,142.0,46.5,Male,2.0,121037.29,0.0,3.0
85793,6.0,82.0,63.5,Unknown,2.0,62159.88,3.0,6.0
8858672,11.0,134.0,32.0,Female,3.0,149087.51,5.0,8.0
9331153,12.0,147.0,70.0,Female,3.0,100914.89,0.0,3.0
5733807,12.0,150.0,47.5,Male,2.0,73076.92,6.0,9.0
4396389,5.0,71.0,31.0,Unknown,2.0,50010.89,0.0,3.0
6631338,7.0,84.0,32.5,Unknown,2.0,73917.34,5.0,8.0
2846471,6.0,78.0,25.5,Unknown,2.0,49000.55,6.0,9.0
1555759,11.0,133.0,43.5,Female,2.0,73547.7,3.0,6.0
568724,4.0,58.0,57.0,Unknown,2.0,46326.58,3.0,6.0
7654114,15.0,180.0,46.0,Male,2.0,35845.71,5.0,8.0
237182,4.0,58.0,23.0,Male,3.0,69298.4,5.0,8.0
6826174,26.0,314.0,63.0,Unknown,3.0,633304.8400000001,1.0,4.0
3247062,7.0,84.0,54.5,Unknown,2.0,36694.25,4.0,7.0
7419426,4.0,58.0,25.0,Unknown,2.0,31733.0,6.0,9.0
5118005,6.0,82.0,54.0,Unknown,3.0,109491.69,1.0,4.0
842319,5.0,65.0,46.5,Unknown,2.0,97535.33,2.0,5.0
9924379,9.0,119.0,55.5,Female,2.0,92066.49,0.0,3.0
5822638,15.0,182.0,53.0,Male,4.0,60715.08,3.0,6.0
4062570,4.0,58.0,20.0,Unknown,2.0,31592.36,1.0,4.0
7226894,14.0,169.0,44.5,Male,2.0,46000.32,1.0,4.0
7249833,35.0,430.0,61.5,Male,2.0,47963.97,0.0,3.0
7172286,24.0,299.0,57.0,Female,3.0,67570.18,0.0,3.0
1425785,23.0,285.0,67.0,Female,2.0,109086.15,5.0,8.0
7230641,21.0,258.0,75.0,Female,2.0,93023.52,2.0,5.0
3347759,20.0,250.0,65.0,Female,3.0,141016.91999999998,2.0,5.0
3639066,21.0,253.0,41.5,Male,3.0,759451.18,6.0,9.0
4582506,20.0,244.0,50.5,Male,2.0,213980.03,1.0,4.0
8535521,19.0,239.0,65.5,Female,2.0,26826.37,0.0,3.0
815158,19.0,228.0,57.5,Male,2.0,89336.75,1.0,5.0
5865256,17.0,214.0,63.0,Female,2.0,62418.43,1.0,4.0
1529821,18.0,216.0,50.5,Unknown,2.0,58058.85,3.0,6.0
9545144,14.0,179.0,61.5,Male,2.0,49838.14,6.0,9.0
5485738,7.0,93.0,27.5,Unknown,3.0,141632.2,3.0,6.0
6495151,9.0,111.0,30.5,Male,2.0,45965.78999999999,0.0,3.0
5813289,30.0,369.0,57.5,Female,2.0,209838.79,2.0,6.0
9230222,15.0,183.0,63.5,Male,2.0,191864.92,6.0,9.0
779216,6.0,82.0,63.0,Unknown,2.0,52662.28999999999,6.0,9.0
2568361,7.0,94.0,46.5,Unknown,2.0,144729.37,2.0,5.0
6485845,12.0,144.0,62.5,Female,2.0,1064174.86,6.0,9.0
6673664,13.0,158.0,55.0,Female,2.0,56245.52,6.0,9.0
5036858,9.0,119.0,27.5,Female,2.0,39235.18,0.0,3.0
7206331,5.0,66.0,27.5,Unknown,2.0,27286.33,2.0,5.0
1126062,13.0,165.0,44.5,Male,2.0,561286.4,6.0,9.0
8438441,13.0,157.0,36.5,Female,2.0,54992.65,4.0,7.0
8432888,8.0,96.0,46.5,Unknown,2.0,40017.42,2.0,5.0
1544639,8.0,96.0,61.5,Unknown,2.0,109105.26,1.0,5.0
7381859,6.0,80.0,35.0,Unknown,3.0,109155.08,4.0,8.0
6198270,5.0,61.0,50.5,Unknown,2.0,76372.98999999999,3.0,6.0
8117599,4.0,58.0,63.5,Unknown,2.0,78836.03,5.0,8.0
774565,5.0,70.0,45.0,Unknown,2.0,24335.9,4.0,7.0
4417332,18.0,227.0,67.5,Male,2.0,1028238.8,6.0,9.0
7183593,13.0,166.0,62.5,Female,2.0,98245.55,1.0,4.0
1291720,12.0,151.0,36.0,Female,2.0,52874.9,6.0,9.0
9553160,8.0,99.0,46.0,Unknown,2.0,118864.74,6.0,9.0
8990324,13.0,161.0,43.5,Male,2.0,40988.05,0.0,3.0
1180386,6.0,74.0,55.5,Unknown,3.0,75698.39,3.0,6.0
9845,5.0,60.0,25.0,Female,2.0,31196.85,0.0,3.0
8138517,12.0,150.0,38.5,Female,2.0,26908.75,1.0,4.0
3765844,4.0,59.0,21.5,Female,3.0,52670.03,4.0,7.0
3311132,15.0,181.0,43.5,Female,2.0,71963.54000000001,0.0,3.0
1154161,7.0,95.0,21.0,Unknown,2.0,31365.46,2.0,5.0
9957303,10.0,122.0,36.0,Male,2.0,78194.09,4.0,7.0
4732420,6.0,72.0,59.0,Unknown,2.0,30407.26,1.0,4.0
1662273,4.0,58.0,26.5,Unknown,2.0,27604.13,1.0,4.0
8526905,10.0,122.0,24.0,Male,3.0,35137.3,6.0,9.0
6999674,22.0,272.0,52.5,Female,2.0,95035.24,1.0,4.0
2487043,20.0,250.0,46.5,Unknown,3.0,142651.02000000002,3.0,6.0
5213791,20.0,250.0,26.5,Female,2.0,52971.69,2.0,5.0
3812918,20.0,246.0,44.5,Male,3.0,583689.03,6.0,9.0
8424830,18.0,225.0,50.0,Male,3.0,33617.09,2.0,5.0
6794437,21.0,255.0,73.0,Unknown,2.0,582148.89,0.0,4.0
7495289,6.0,77.0,39.5,Unknown,2.0,27333.5,3.0,6.0
5389948,29.0,348.0,35.5,Female,2.0,82255.62,0.0,3.0
9893323,16.0,192.0,72.0,Male,2.0,138833.16999999998,3.0,6.0
9957239,9.0,116.0,64.5,Male,2.0,110542.5,3.0,6.0
4794634,5.0,69.0,36.5,Unknown,2.0,48941.67999999999,6.0,9.0
2193560,6.0,80.0,26.0,Unknown,2.0,28950.49,2.0,5.0
3092020,13.0,167.0,69.0,Female,2.0,112323.09,0.0,3.0
4871055,15.0,190.0,48.5,Female,3.0,107684.59,0.0,3.0
4561306,6.0,78.0,38.0,Unknown,3.0,64295.89,6.0,9.0
9648932,5.0,71.0,25.5,Male,2.0,52614.37,6.0,9.0
1412211,5.0,65.0,51.5,Male,2.0,187613.76,6.0,9.0
1888782,10.0,121.0,49.0,Female,3.0,127525.35,5.0,8.0
1062464,9.0,118.0,31.5,Male,2.0,174598.22999999998,6.0,9.0
7731196,8.0,98.0,37.5,Unknown,3.0,167082.88,1.0,4.0
1250068,12.0,149.0,40.0,Male,2.0,63364.28,3.0,6.0
8647448,4.0,58.0,29.5,Unknown,3.0,56393.53,6.0,9.0
6871578,14.0,176.0,28.0,Female,2.0,33447.77,1.0,4.0
5265487,5.0,60.0,25.0,Unknown,2.0,27283.37,2.0,5.0
1836247,10.0,120.0,39.5,Female,3.0,788615.4800000001,6.0,9.0
3890840,9.0,119.0,58.5,Male,2.0,23832.2,6.0,9.0
3840271,13.0,159.0,28.5,Female,2.0,28095.22,1.0,4.0
2597744,5.0,67.0,25.0,Male,3.0,35203.86,6.0,9.0
8782655,5.0,67.0,37.5,Unknown,2.0,69147.97,1.0,4.0
3975108,13.0,166.0,37.0,Female,2.0,38500.16,1.0,4.0
8987034,11.0,134.0,47.0,Female,2.0,113006.98,4.0,7.0
1231045,7.0,84.0,54.5,Unknown,2.0,44363.24,1.0,4.0
7143224,13.0,161.0,66.0,Male,2.0,69682.62,3.0,6.0
7337058,6.0,79.0,53.0,Unknown,2.0,29439.18,2.0,5.0
5163335,10.0,126.0,23.5,Female,2.0,43615.12,6.0,9.0
2525157,13.0,159.0,25.5,Female,3.0,28652.64,2.0,5.0
8078165,9.0,118.0,57.0,Male,2.0,75312.88,6.0,9.0
3534206,4.0,59.0,32.0,Unknown,3.0,51768.22,6.0,9.0
4643957,15.0,189.0,35.0,Female,2.0,44891.38,6.0,9.0
568680,5.0,71.0,27.5,Unknown,2.0,51650.27,0.0,3.0
3660939,10.0,121.0,32.0,Male,2.0,32633.79,2.0,5.0
5188803,5.0,66.0,26.5,Unknown,2.0,30260.27,1.0,4.0
1354259,28.0,340.0,91.0,Female,2.0,72985.6,0.0,3.0
8162191,13.0,160.0,43.5,Male,2.0,48530.0,2.0,5.0
6926499,10.0,123.0,37.0,Male,2.0,93550.28,3.0,6.0
4803915,5.0,65.0,50.0,Male,2.0,33363.02,5.0,8.0
3201142,5.0,64.0,35.5,Unknown,3.0,137134.01,6.0,9.0
8857692,11.0,142.0,58.0,Female,2.0,37066.87,3.0,6.0
1021986,24.0,291.0,62.0,Female,2.0,232530.6,5.0,8.0
2969410,24.0,290.0,23.0,Unknown,2.0,24676.54,4.0,7.0
6004740,20.0,242.0,23.5,Male,2.0,43584.84,6.0,9.0
6250055,17.0,215.0,45.5,Male,2.0,60030.12,0.0,3.0
3338846,17.0,212.0,49.0,Female,3.0,136426.69,6.0,9.0
7769078,4.0,58.0,52.5,Unknown,2.0,30895.57,0.0,3.0
8897389,4.0,58.0,58.0,Unknown,2.0,38908.0,3.0,6.0
267117,6.0,81.0,56.0,Unknown,2.0,933513.96,6.0,9.0
4224360,13.0,159.0,37.5,Female,2.0,46843.1,1.0,4.0
3654308,9.0,110.0,38.0,Male,3.0,250167.77,6.0,9.0
2495175,15.0,180.0,46.5,Male,2.0,159693.47999999998,3.0,6.0
3050777,5.0,62.0,26.0,Unknown,2.0,46989.4,1.0,4.0
4557994,5.0,70.0,58.5,Female,3.0,157906.76,4.0,7.0
3999557,4.0,58.0,37.0,Unknown,2.0,26871.82,0.0,3.0
5286049,15.0,186.0,41.5,Female,2.0,184844.36,0.0,3.0
1418262,6.0,82.0,55.5,Unknown,3.0,371655.55,6.0,9.0
2485231,6.0,76.0,69.0,Female,2.0,517207.24,3.0,6.0
2169990,11.0,142.0,67.5,Male,2.0,127388.56,3.0,6.0
7039050,7.0,87.0,23.0,Unknown,3.0,183550.15,3.0,6.0
9077273,7.0,84.0,60.5,Unknown,2.0,93426.54,4.0,7.0
5488621,3.0,47.0,61.0,Unknown,2.0,44783.31,0.0,3.0
8786548,17.0,205.0,54.0,Male,2.0,515330.6,5.0,8.0
863580,14.0,178.0,41.0,Male,3.0,44125.12,0.0,3.0
4162465,9.0,116.0,48.0,Female,2.0,63229.78,6.0,9.0
9387224,26.0,322.0,45.0,Female,3.0,78437.82,3.0,6.0
2652554,10.0,130.0,36.0,Male,2.0,108357.9,5.0,8.0
9653804,27.0,330.0,30.5,Male,2.0,391318.53,0.0,3.0
2347179,5.0,70.0,25.5,Unknown,2.0,34702.08,5.0,8.0
435886,12.0,148.0,61.0,Female,2.0,104836.76,1.0,4.0
8822569,14.0,174.0,40.0,Male,2.0,167983.24,2.0,5.0
7617038,5.0,69.0,23.5,Unknown,4.0,60992.68,6.0,9.0
9519014,5.0,71.0,36.5,Unknown,2.0,25478.84,1.0,4.0
8647458,6.0,74.0,33.0,Unknown,2.0,37778.26,4.0,7.0
639964,11.0,133.0,36.0,Female,2.0,116918.95,6.0,9.0
3301689,9.0,112.0,44.0,Male,2.0,30056.74,0.0,3.0
2317698,15.0,184.0,42.5,Female,2.0,116894.92,5.0,8.0
7246868,9.0,119.0,50.5,Female,3.0,156925.84000000003,6.0,9.0
396003,5.0,65.0,71.0,Male,2.0,200576.35,6.0,9.0
2636116,4.0,58.0,35.5,Unknown,2.0,42651.56,2.0,5.0
9165938,4.0,56.0,59.0,Unknown,2.0,33955.52,2.0,6.0
1963440,14.0,170.0,37.5,Male,4.0,612441.87,6.0,9.0
61961,5.0,64.0,73.5,Male,2.0,305284.58,5.0,8.0
8968939,15.0,186.0,48.5,Female,2.0,102014.03,1.0,4.0
9366611,10.0,122.0,32.5,Female,2.0,153217.74,6.0,9.0
5712699,23.0,279.0,48.0,Female,2.0,114262.75,0.0,3.0
4164359,11.0,139.0,32.5,Female,2.0,90562.07,5.0,8.0
8655162,11.0,139.0,37.5,Male,2.0,50283.99,6.0,9.0
4377780,4.0,59.0,32.5,Male,2.0,144002.41999999998,4.0,7.0
1622171,7.0,94.0,45.0,Female,2.0,62115.28,3.0,6.0
4666983,6.0,82.0,51.0,Unknown,2.0,199509.59000000003,3.0,6.0
4913658,13.0,156.0,41.0,Male,2.0,57213.59,3.0,6.0
6165681,27.0,325.0,81.5,Male,2.0,74507.07,6.0,9.0
9338568,19.0,230.0,59.5,Male,2.0,162379.58000000002,3.0,6.0
7371529,16.0,202.0,42.5,Female,2.0,268742.28,0.0,3.0
7334140,22.0,269.0,57.5,Female,2.0,28815.83,5.0,8.0
3065319,22.0,264.0,74.0,Female,3.0,120633.02,6.0,9.0
2507080,21.0,259.0,41.5,Male,4.0,178848.12,6.0,9.0
2224982,18.0,227.0,66.5,Female,2.0,56013.67,4.0,7.0
9596318,17.0,215.0,22.0,Female,2.0,32041.81,2.0,5.0
5804424,11.0,136.0,56.0,Male,3.0,68422.64,6.0,9.0
2122069,14.0,176.0,35.5,Male,3.0,36332.45,6.0,9.0
1015744,5.0,68.0,37.0,Female,2.0,113005.21,0.0,3.0
7732755,15.0,185.0,31.0,Male,2.0,26531.0,0.0,3.0
1120339,7.0,90.0,41.0,Unknown,2.0,33398.119999999995,1.0,4.0
4115540,10.0,131.0,25.0,Female,2.0,75353.47,0.0,3.0
1546645,15.0,181.0,42.0,Male,2.0,108507.08,0.0,3.0
4139977,17.0,212.0,36.5,Male,3.0,83294.22,0.0,3.0
9130095,31.0,379.0,60.5,Male,3.0,125857.4,0.0,3.0
2214131,5.0,67.0,42.5,Unknown,2.0,26484.89,6.0,9.0
8587891,12.0,154.0,30.5,Male,2.0,91374.11,0.0,3.0
6290686,6.0,72.0,23.0,Unknown,3.0,103395.45,6.0,9.0
8780444,6.0,79.0,60.0,Unknown,2.0,66633.89,5.0,8.0
1658941,4.0,57.0,28.5,Unknown,2.0,24850.94,2.0,5.0
4021911,10.0,129.0,56.0,Female,2.0,1183600.25,6.0,9.0
1124374,7.0,95.0,55.5,Unknown,2.0,46656.97,0.0,3.0
7409536,16.0,202.0,54.5,Female,2.0,63601.52,0.0,3.0
9330579,32.0,390.0,55.5,Male,3.0,652254.0,5.0,8.0
1265020,4.0,58.0,40.0,Unknown,2.0,44111.21,0.0,3.0
9423424,4.0,53.0,57.0,Male,3.0,74519.28,6.0,9.0
3222334,10.0,121.0,50.0,Male,2.0,138521.78,3.0,6.0
6555609,11.0,140.0,66.0,Male,3.0,364604.96,6.0,9.0
1883432,6.0,76.0,70.5,Male,4.0,72837.07,5.0,8.0
2467952,27.0,330.0,84.0,Female,2.0,384026.61,6.0,9.0
2584059,9.0,112.0,67.5,Male,2.0,40395.96,2.0,5.0
4371606,2.0,35.0,19.5,Unknown,2.0,37519.34,3.0,6.0
2124499,5.0,70.0,26.5,Unknown,2.0,52334.37,0.0,3.0
449709,15.0,182.0,74.5,Male,2.0,294232.73,6.0,9.0
7007000,10.0,131.0,37.5,Male,2.0,30480.91,1.0,4.0
3123158,7.0,84.0,46.5,Unknown,3.0,204762.21,6.0,9.0
8749493,7.0,85.0,27.0,Unknown,2.0,45605.47,1.0,4.0
2339091,10.0,121.0,71.0,Male,2.0,135862.21,2.0,5.0
4872110,6.0,72.0,50.0,Unknown,3.0,35595.75,3.0,6.0
8790822,4.0,57.0,21.0,Unknown,3.0,52310.14,6.0,9.0
4744174,28.0,341.0,77.5,Female,2.0,126589.67,0.0,4.0
5154115,12.0,154.0,57.5,Male,2.0,23897.29,0.0,3.0
4276245,17.0,212.0,42.5,Female,2.0,40628.99,2.0,5.0
8121690,10.0,123.0,33.5,Male,3.0,126993.1,1.0,4.0
1862693,5.0,66.0,29.0,Unknown,3.0,120659.59,3.0,6.0
3532999,10.0,125.0,42.0,Female,2.0,28093.41,0.0,3.0
3938117,6.0,82.0,24.0,Unknown,2.0,38481.34,1.0,4.0
9837208,5.0,64.0,45.0,Unknown,2.0,34903.68,3.0,6.0
675841,6.0,80.0,60.5,Unknown,3.0,47523.2,0.0,3.0
4780024,23.0,287.0,28.5,Female,2.0,25041.12,2.0,5.0
514667,23.0,283.0,46.5,Female,2.0,32733.63,2.0,5.0
8210230,23.0,282.0,62.0,Female,2.0,589396.9,6.0,9.0
38930,22.0,274.0,25.5,Female,2.0,66409.57,3.0,6.0
3860703,21.0,255.0,54.0,Female,2.0,33231.79,0.0,3.0
9955208,37.0,449.0,59.5,Male,3.0,586894.93,3.0,6.0
2776862,8.0,102.0,65.0,Unknown,2.0,69393.79000000001,6.0,9.0
3980307,6.0,73.0,25.0,Unknown,2.0,38197.36,6.0,9.0
9889747,13.0,166.0,51.0,Male,2.0,110406.17,2.0,5.0
1222944,15.0,191.0,67.0,Female,2.0,143232.27000000002,4.0,7.0
7830819,8.0,102.0,26.0,Unknown,3.0,173292.15000000002,6.0,9.0
2376070,5.0,65.0,30.5,Male,2.0,32993.94,6.0,9.0
7063416,9.0,117.0,61.0,Male,2.0,141738.39,5.0,8.0
4220347,8.0,96.0,27.5,Unknown,2.0,40335.17,1.0,4.0
203702,13.0,167.0,39.0,Female,2.0,42529.62,0.0,3.0
1634188,8.0,98.0,62.0,Unknown,2.0,46924.11,0.0,3.0
883820,7.0,89.0,38.0,Unknown,2.0,44788.72,4.0,7.0
4716419,4.0,59.0,47.0,Unknown,2.0,35738.16,6.0,9.0
7997747,8.0,107.0,63.5,Male,2.0,290044.63,6.0,9.0
2105948,6.0,74.0,61.5,Unknown,2.0,39795.28,1.0,4.0
8698833,4.0,58.0,29.0,Unknown,4.0,39739.62,0.0,3.0
4031392,17.0,207.0,34.5,Male,2.0,41836.62,3.0,6.0
6898020,8.0,98.0,28.0,Unknown,2.0,35790.04,1.0,4.0
2565373,8.0,97.0,60.5,Unknown,3.0,130099.02,3.0,6.0
8631749,5.0,67.0,53.5,Unknown,2.0,36693.16,1.0,4.0
3868179,4.0,59.0,26.5,Unknown,2.0,44489.67,0.0,3.0
609917,12.0,154.0,25.5,Male,4.0,119754.77,6.0,9.0
1593753,8.0,107.0,60.0,Unknown,2.0,30436.34,0.0,3.0
6593124,14.0,179.0,46.0,Male,2.0,758413.99,0.0,3.0
1635115,6.0,73.0,30.5,Unknown,2.0,36218.48,4.0,7.0
8651158,12.0,148.0,43.5,Female,2.0,94609.87,1.0,4.0
9715761,26.0,317.0,66.0,Male,2.0,233632.59000000003,0.0,3.0
5949212,15.0,186.0,63.0,Male,3.0,102910.58,6.0,9.0
6808328,11.0,143.0,65.0,Male,2.0,106062.22,1.0,4.0
632711,13.0,157.0,63.0,Unknown,2.0,168085.01,3.0,6.0
2057801,16.0,202.0,54.0,Female,2.0,118008.48,0.0,3.0
1831358,5.0,60.0,50.5,Unknown,2.0,524503.86,0.0,3.0
5953103,9.0,110.0,37.0,Female,2.0,29865.78,1.0,4.0
4138042,15.0,190.0,47.0,Unknown,3.0,134764.95,3.0,6.0
5038499,13.0,162.0,31.0,Male,2.0,29895.82,1.0,4.0
8645802,7.0,93.0,67.5,Unknown,2.0,61589.18,4.0,7.0
9034701,6.0,72.0,22.5,Male,2.0,26574.34,2.0,5.0
9371773,4.0,58.0,23.5,Unknown,2.0,37492.98,6.0,9.0
1116027,4.0,54.0,70.0,Male,2.0,160496.74,6.0,9.0
5563934,15.0,191.0,61.0,Female,2.0,159111.34999999998,6.0,9.0
6062578,10.0,128.0,70.0,Female,2.0,50903.06,5.0,8.0
513785,16.0,198.0,49.0,Male,2.0,96070.81,0.0,3.0
6408904,9.0,112.0,63.5,Female,3.0,499464.02,6.0,9.0
9005693,24.0,289.0,74.0,Female,2.0,68055.7,3.0,6.0
3784224,23.0,278.0,73.0,Male,3.0,224595.68,5.0,8.0
4841749,21.0,257.0,55.5,Male,3.0,2428525.26,6.0,9.0
7990535,21.0,253.0,27.0,Unknown,2.0,29928.77,4.0,7.0
2459128,25.0,306.0,64.0,Male,2.0,148831.95,2.0,5.0
8743361,17.0,215.0,43.0,Female,4.0,264253.52,6.0,9.0
1539019,17.0,214.0,45.0,Male,3.0,100674.09,4.0,7.0
1659118,17.0,214.0,68.5,Female,2.0,108098.95,2.0,5.0
2379592,17.0,213.0,48.5,Male,4.0,80850.54000000001,6.0,9.0
2738677,5.0,67.0,25.5,Unknown,3.0,39742.87,3.0,6.0
3317557,15.0,191.0,56.0,Female,2.0,30406.52,4.0,7.0
9839859,6.0,79.0,35.5,Unknown,2.0,31666.64,1.0,4.0
1002215,9.0,111.0,26.0,Male,2.0,66150.2,6.0,9.0
9638530,15.0,189.0,69.5,Male,2.0,57251.64,2.0,5.0
9962541,12.0,153.0,36.0,Female,2.0,27433.49,0.0,3.0
5731876,14.0,175.0,47.5,Female,2.0,43728.23,2.0,5.0
7463905,7.0,90.0,38.0,Unknown,3.0,48720.44,5.0,8.0
676989,15.0,182.0,32.5,Female,2.0,53724.84,0.0,3.0
9438773,8.0,100.0,52.5,Unknown,2.0,55190.49,4.0,7.0
5662925,13.0,161.0,50.5,Male,2.0,92708.63,4.0,8.0
6357574,5.0,71.0,40.0,Unknown,2.0,31185.89,3.0,6.0
6849031,16.0,194.0,47.0,Female,3.0,449745.15,4.0,7.0
2858338,7.0,84.0,35.5,Unknown,2.0,43364.3,0.0,3.0
1407121,13.0,157.0,48.5,Male,2.0,55953.08,5.0,8.0
3571847,15.0,191.0,43.5,Male,2.0,89839.15,2.0,5.0
8344620,8.0,102.0,50.5,Unknown,2.0,58162.1,1.0,4.0
330024,3.0,43.0,60.5,Unknown,2.0,49818.32,4.0,7.0
7231186,7.0,84.0,22.0,Unknown,2.0,48660.99,0.0,3.0
3387602,13.0,165.0,37.5,Female,2.0,355305.51,1.0,4.0
1716999,8.0,106.0,44.0,Female,2.0,30720.23,0.0,3.0
8543095,10.0,125.0,66.0,Unknown,2.0,31321.79,4.0,7.0
5018608,9.0,117.0,43.0,Female,2.0,74644.68,3.0,6.0
8408236,5.0,71.0,43.5,Unknown,2.0,90119.5,1.0,4.0
1329357,13.0,156.0,32.0,Male,2.0,280128.86,6.0,9.0
1591633,4.0,57.0,63.0,Male,2.0,636448.6900000001,3.0,6.0
4342899,10.0,122.0,30.5,Unknown,2.0,70104.06,2.0,5.0
8925152,15.0,191.0,47.5,Male,2.0,321212.26,6.0,9.0
2328592,29.0,349.0,75.0,Female,2.0,148131.3,6.0,9.0
6226106,8.0,107.0,49.0,Male,2.0,58489.19,0.0,3.0
4165625,6.0,76.0,56.0,Male,2.0,216078.96,6.0,9.0
6702142,12.0,154.0,55.5,Male,2.0,143841.03,1.0,4.0
6625648,6.0,78.0,52.0,Unknown,3.0,108542.91,5.0,8.0
9703336,8.0,96.0,64.5,Unknown,2.0,39888.98,2.0,5.0
2324718,4.0,57.0,27.5,Unknown,2.0,37509.72,6.0,9.0
4705857,16.0,193.0,23.0,Male,2.0,32513.13,0.0,3.0
4996632,6.0,74.0,65.0,Unknown,2.0,39879.64,2.0,5.0
8667569,13.0,158.0,34.0,Male,2.0,58689.67,1.0,4.0
952223,11.0,137.0,27.5,Male,4.0,39427.65,6.0,9.0
7192131,9.0,110.0,43.0,Female,2.0,61800.64,6.0,9.0
4151424,12.0,148.0,65.5,Male,2.0,110465.61,2.0,5.0
4630987,5.0,71.0,31.0,Unknown,2.0,25195.19,1.0,4.0
865025,20.0,251.0,42.5,Male,2.0,346895.27,5.0,8.0
8688289,4.0,58.0,24.5,Unknown,3.0,59932.09,6.0,9.0
3198963,12.0,150.0,69.5,Female,2.0,52405.08,1.0,4.0
4958114,30.0,368.0,57.5,Female,5.0,758650.63,6.0,9.0
5825030,24.0,298.0,27.0,Unknown,2.0,35861.86,3.0,6.0
840838,23.0,284.0,61.0,Male,2.0,160666.97999999998,6.0,9.0
9386619,23.0,277.0,61.5,Female,3.0,294629.97,6.0,9.0
1029986,23.0,276.0,45.5,Female,2.0,100151.11,3.0,6.0
2650986,20.0,248.0,31.0,Male,2.0,28612.8,0.0,3.0
7517412,29.0,353.0,64.0,Female,2.0,26926.26,2.0,5.0
9979091,6.0,81.0,68.5,Male,2.0,392197.75,2.0,5.0
5016759,11.0,135.0,64.5,Female,2.0,107560.82,6.0,9.0
4242754,15.0,186.0,36.0,Female,2.0,125548.35,4.0,8.0
8056064,13.0,162.0,45.5,Female,2.0,77899.9,3.0,7.0
9404172,7.0,94.0,49.5,Unknown,2.0,64433.45,4.0,7.0
8876196,8.0,98.0,40.5,Unknown,2.0,77746.20999999999,3.0,6.0
7366275,4.0,59.0,17.5,Unknown,2.0,37612.52,0.0,3.0
5432625,4.0,57.0,58.5,Unknown,2.0,129556.9,1.0,4.0
4669241,13.0,163.0,27.5,Male,2.0,162874.36,2.0,5.0
9407250,17.0,214.0,62.5,Female,2.0,234768.84000000003,6.0,9.0
3984596,8.0,96.0,30.5,Unknown,2.0,31156.49,0.0,3.0
7763597,7.0,94.0,30.5,Unknown,3.0,59165.25,5.0,8.0
10363,6.0,73.0,26.0,Unknown,3.0,81518.45999999999,6.0,9.0
4423795,6.0,78.0,28.0,Unknown,2.0,53521.9,2.0,5.0
5085733,14.0,170.0,62.0,Male,2.0,109153.92,0.0,3.0
5240348,4.0,58.0,57.5,Unknown,3.0,81369.9,0.0,3.0
356824,16.0,194.0,58.0,Female,2.0,173413.38,6.0,9.0
7941907,5.0,67.0,30.5,Unknown,2.0,42311.67,6.0,9.0
9160019,7.0,94.0,20.5,Unknown,2.0,27006.5,1.0,4.0
3623471,31.0,381.0,51.0,Male,2.0,362114.39,1.0,4.0
8772400,10.0,129.0,58.5,Male,2.0,90819.31,6.0,9.0
8717773,9.0,111.0,56.0,Male,2.0,54689.67999999999,1.0,5.0
7814414,5.0,71.0,48.5,Male,3.0,392767.35,6.0,9.0
9757888,19.0,232.0,38.0,Male,3.0,137251.03,1.0,4.0
1261198,7.0,95.0,41.0,Unknown,2.0,69928.73999999999,0.0,3.0
3385688,14.0,176.0,51.0,Male,2.0,465586.14,5.0,8.0
6492454,8.0,107.0,44.5,Male,2.0,87691.98,2.0,5.0
3832640,8.0,101.0,29.5,Unknown,2.0,30243.49,0.0,3.0
9323460,10.0,126.0,28.5,Female,2.0,26745.55,1.0,4.0
889773,4.0,58.0,31.5,Unknown,2.0,44211.05,1.0,4.0
4309057,16.0,192.0,68.0,Male,2.0,70209.26,2.0,5.0
8391912,8.0,107.0,52.0,Unknown,2.0,166214.09999999998,4.0,7.0
9061628,6.0,73.0,61.5,Unknown,2.0,48813.47,5.0,8.0
9331887,5.0,70.0,35.5,Unknown,2.0,50061.91,0.0,3.0
6648976,15.0,189.0,43.5,Unknown,4.0,321334.35,6.0,9.0
5253835,11.0,140.0,42.0,Unknown,2.0,70130.97,3.0,6.0
3597835,6.0,80.0,40.5,Unknown,2.0,37653.93,1.0,4.0
1807086,8.0,105.0,32.5,Male,2.0,45781.53999999999,6.0,9.0
3127574,5.0,70.0,23.0,Unknown,2.0,26896.61,1.0,4.0
4759104,6.0,79.0,23.5,Male,2.0,51381.15,4.0,7.0
5688104,12.0,155.0,51.0,Female,2.0,26252.78,0.0,4.0
6922922,16.0,193.0,70.0,Male,2.0,135551.49,6.0,9.0
5354757,15.0,182.0,46.5,Male,2.0,413939.25,1.0,4.0
8808033,3.0,39.0,63.5,Unknown,2.0,36664.04,0.0,3.0
2117926,5.0,61.0,61.0,Male,2.0,280206.02,2.0,5.0
268441,14.0,169.0,29.5,Male,3.0,89871.7,6.0,9.0
1794971,23.0,282.0,68.5,Female,2.0,378572.81,2.0,5.0
4261082,22.0,266.0,33.0,Male,2.0,101530.74,0.0,3.0
4912879,21.0,262.0,48.5,Female,3.0,61754.43,2.0,5.0
8362346,20.0,251.0,51.5,Female,2.0,68471.73999999999,6.0,9.0
1332173,18.0,222.0,26.5,Male,2.0,24095.3,0.0,3.0
5539207,18.0,220.0,29.0,Male,4.0,615232.64,6.0,9.0
5839728,6.0,72.0,43.5,Unknown,2.0,50356.52,0.0,3.0
6813831,17.0,209.0,65.0,Male,2.0,50542.25,5.0,8.0
6650627,14.0,177.0,41.0,Male,2.0,65240.07,0.0,3.0
1613067,8.0,106.0,48.5,Female,2.0,246404.12,4.0,7.0
1676540,6.0,74.0,43.5,Male,2.0,480189.05,6.0,9.0
2195243,7.0,94.0,44.5,Unknown,2.0,25582.51,1.0,4.0
986308,10.0,122.0,28.0,Female,2.0,47269.86,0.0,3.0
7485852,9.0,109.0,44.5,Male,2.0,51120.32,2.0,5.0
4601113,6.0,72.0,25.0,Unknown,3.0,33595.61,6.0,9.0
7516737,4.0,58.0,22.0,Unknown,2.0,34305.24,6.0,9.0
3791797,5.0,69.0,21.5,Unknown,2.0,45548.31,3.0,6.0
9784827,16.0,198.0,37.0,Female,2.0,136171.09,5.0,8.0
3788952,5.0,69.0,61.0,Unknown,2.0,91400.37,4.0,7.0
7605451,7.0,94.0,44.5,Unknown,2.0,28882.54,1.0,4.0
8671136,27.0,331.0,22.5,Male,2.0,170368.31,1.0,4.0
2720,9.0,117.0,25.0,Male,3.0,81536.0,6.0,9.0
1042806,8.0,101.0,51.5,Unknown,2.0,263275.74,5.0,8.0
4775386,10.0,131.0,55.0,Female,2.0,23935.5,3.0,6.0
3776142,9.0,110.0,28.5,Male,3.0,101687.01,2.0,5.0
3972784,7.0,94.0,37.0,Unknown,2.0,78221.69,4.0,7.0
9088935,12.0,151.0,56.5,Male,2.0,407443.23,3.0,6.0
5073797,8.0,101.0,65.5,Unknown,2.0,41758.28999999999,1.0,5.0
2132587,17.0,212.0,56.0,Female,2.0,65015.89,2.0,5.0
9076007,5.0,63.0,54.5,Male,2.0,605452.5,1.0,4.0
5271884,8.0,96.0,71.0,Unknown,2.0,233590.33,6.0,9.0
1919694,16.0,200.0,58.0,Female,3.0,71037.17,1.0,4.0
8701684,6.0,83.0,30.0,Unknown,2.0,64795.04,1.0,4.0
808729,5.0,66.0,56.5,Unknown,4.0,488687.5,6.0,9.0
2212960,9.0,113.0,63.5,Female,2.0,93924.83,3.0,6.0
3539428,6.0,77.0,55.0,Unknown,3.0,56570.28,3.0,6.0
2969107,8.0,104.0,46.0,Female,2.0,146996.13,2.0,5.0
7528170,13.0,156.0,45.5,Female,2.0,177944.09000000003,5.0,8.0
6597337,8.0,106.0,29.5,Male,2.0,85575.79999999999,4.0,7.0
4989618,11.0,134.0,30.0,Female,2.0,35987.04,3.0,6.0
6917373,26.0,314.0,69.5,Male,3.0,377879.21,6.0,9.0
7212530,5.0,62.0,40.0,Male,2.0,68402.39,5.0,8.0
2428939,4.0,58.0,50.5,Unknown,2.0,32138.73,4.0,7.0
8323802,34.0,408.0,59.0,Female,2.0,31241.15,1.0,4.0
3233122,6.0,78.0,23.0,Unknown,3.0,206321.0,6.0,9.0
3738467,7.0,95.0,49.5,Unknown,2.0,35176.97,1.0,4.0
3954324,5.0,66.0,65.5,Unknown,2.0,84116.01,4.0,7.0
4036648,13.0,166.0,29.0,Male,2.0,70228.88,0.0,3.0
1974728,6.0,82.0,24.0,Unknown,2.0,27354.92,6.0,9.0
9215076,16.0,196.0,55.0,Male,2.0,43336.12,0.0,3.0
4548015,5.0,71.0,38.0,Unknown,2.0,162483.55,6.0,9.0
3270754,5.0,70.0,54.5,Unknown,2.0,27925.47,0.0,3.0
8744167,5.0,65.0,61.0,Unknown,2.0,60516.48,2.0,5.0
9794708,11.0,140.0,38.0,Female,2.0,54231.99,2.0,5.0
4141484,23.0,277.0,68.0,Female,2.0,36742.95,3.0,6.0
6472340,22.0,271.0,71.5,Male,3.0,277270.62,6.0,9.0
657670,21.0,260.0,49.0,Female,2.0,478161.33,4.0,7.0
4550308,21.0,259.0,53.0,Female,3.0,32461.32,5.0,8.0
264049,21.0,253.0,76.5,Male,2.0,156791.11,4.0,7.0
3051193,20.0,242.0,43.5,Male,4.0,297401.84,5.0,8.0
440704,20.0,240.0,60.5,Male,4.0,858718.3200000001,6.0,9.0
6219217,5.0,67.0,35.5,Unknown,3.0,101142.98,6.0,9.0
9828910,15.0,190.0,40.0,Male,3.0,143513.01,5.0,8.0
5197863,13.0,161.0,55.5,Female,2.0,119946.49,2.0,5.0
599543,7.0,93.0,27.0,Unknown,2.0,43582.3,1.0,4.0
2894209,6.0,83.0,50.0,Unknown,2.0,53109.78,1.0,4.0
2935462,8.0,105.0,65.0,Male,2.0,51464.24,6.0,9.0
5610493,4.0,58.0,27.5,Unknown,2.0,40897.72,1.0,4.0
9561396,10.0,131.0,31.5,Male,2.0,69123.01999999999,6.0,9.0
9573967,27.0,325.0,29.0,Male,2.0,29818.88,2.0,5.0
5328127,8.0,97.0,29.0,Unknown,2.0,45235.59,6.0,9.0
8279701,12.0,150.0,75.5,Male,2.0,285702.09,6.0,9.0
5901463,16.0,192.0,53.0,Female,2.0,171787.87,0.0,3.0
7073366,15.0,189.0,64.5,Male,2.0,130669.64,6.0,9.0
1505946,6.0,75.0,50.5,Unknown,2.0,128693.65,6.0,9.0
1412221,14.0,169.0,50.0,Female,2.0,103658.61,5.0,8.0
7839760,7.0,88.0,42.0,Unknown,2.0,44189.57,0.0,3.0
1491537,13.0,166.0,24.0,Male,3.0,59312.24,2.0,5.0
3353459,6.0,79.0,29.0,Female,2.0,29173.05,0.0,3.0
6716108,11.0,140.0,66.0,Female,2.0,200161.41,6.0,9.0
1087732,7.0,94.0,33.0,Unknown,2.0,79441.4,0.0,3.0
3143081,5.0,70.0,33.5,Unknown,2.0,38972.55,0.0,3.0
4239711,17.0,208.0,87.0,Female,2.0,38042.21,1.0,4.0
8207810,6.0,76.0,39.5,Unknown,2.0,1080413.98,6.0,9.0
7953362,7.0,85.0,24.5,Unknown,2.0,68230.93,5.0,8.0
5067976,5.0,68.0,25.5,Unknown,2.0,37223.63,3.0,6.0
5259519,7.0,87.0,35.5,Unknown,2.0,37652.11,0.0,3.0
1610118,26.0,320.0,62.5,Male,2.0,155531.38,6.0,9.0
5349267,26.0,318.0,48.0,Female,2.0,35936.22,3.0,6.0
5626825,17.0,215.0,62.0,Female,2.0,33646.05,3.0,6.0
9287118,5.0,63.0,24.5,Unknown,2.0,39708.03,6.0,9.0
9366127,17.0,214.0,45.0,Female,3.0,76663.01,6.0,9.0
5234879,15.0,190.0,43.5,Male,2.0,106136.58,1.0,4.0
2477818,13.0,162.0,25.0,Male,2.0,62762.78,2.0,5.0
2841920,8.0,104.0,32.0,Male,2.0,85572.82,6.0,9.0
640215,6.0,83.0,27.0,Unknown,2.0,203192.28,3.0,6.0
2913074,11.0,142.0,65.5,Female,3.0,135429.28,1.0,4.0
5221147,15.0,183.0,71.5,Female,3.0,144501.86,5.0,8.0
2649382,22.0,267.0,80.5,Male,2.0,67598.23,0.0,4.0
4052800,21.0,255.0,54.0,Female,2.0,75693.64,4.0,7.0
5192072,18.0,222.0,49.5,Male,2.0,87193.65,0.0,3.0
882082,15.0,188.0,49.0,Male,2.0,33380.28,1.0,4.0
205563,15.0,183.0,66.5,Female,2.0,29783.05,6.0,9.0
7355972,9.0,112.0,71.0,Male,2.0,45667.3,6.0,9.0
4993473,9.0,109.0,53.5,Male,4.0,699946.53,6.0,9.0
1399145,7.0,94.0,33.0,Unknown,2.0,29738.29,6.0,9.0
6800831,12.0,145.0,47.5,Female,2.0,291055.49,2.0,5.0
8473772,19.0,235.0,65.5,Female,2.0,154753.65,6.0,9.0
8614928,11.0,142.0,61.5,Female,2.0,58904.65,3.0,6.0
3144926,8.0,101.0,25.0,Male,2.0,27184.88,6.0,9.0
3904119,14.0,174.0,48.5,Male,2.0,87851.66,2.0,5.0
1617334,6.0,79.0,38.0,Unknown,2.0,50704.49,0.0,3.0
9998773,4.0,59.0,28.5,Unknown,2.0,76988.65,2.0,5.0
6490984,4.0,56.0,23.0,Unknown,2.0,48849.86,5.0,8.0
3988911,24.0,299.0,81.0,Male,2.0,683984.38,6.0,9.0
5628645,8.0,96.0,45.0,Unknown,2.0,59728.99,4.0,7.0
5185429,6.0,72.0,30.0,Female,3.0,36879.61,4.0,7.0
9745511,12.0,144.0,65.5,Female,2.0,252006.98,2.0,5.0
990903,15.0,188.0,44.5,Unknown,3.0,87085.04000000001,6.0,9.0
8174731,27.0,329.0,25.0,Male,3.0,28592.73,6.0,9.0
9376767,17.0,205.0,35.5,Male,3.0,94962.09,6.0,9.0
8105315,7.0,84.0,66.5,Unknown,2.0,35097.149999999994,4.0,7.0
4841758,3.0,39.0,38.5,Female,3.0,47369.88,5.0,8.0
3079181,6.0,77.0,67.0,Male,2.0,193643.33,6.0,9.0
24079,10.0,125.0,30.0,Female,2.0,183067.04,6.0,9.0
2753020,16.0,196.0,61.0,Female,2.0,94691.76,5.0,8.0
6132864,8.0,103.0,33.5,Unknown,2.0,43915.89,6.0,9.0
3559621,13.0,157.0,40.5,Female,2.0,38526.61,2.0,5.0
8516341,6.0,82.0,51.5,Unknown,2.0,34353.32,6.0,9.0
2894934,14.0,179.0,56.0,Female,2.0,77973.23,0.0,3.0
8200065,9.0,116.0,29.5,Female,2.0,38682.14,4.0,7.0
8662870,12.0,148.0,54.5,Male,2.0,65667.26,6.0,9.0
9714731,7.0,94.0,25.5,Unknown,2.0,25635.81,0.0,3.0
4869763,6.0,75.0,71.0,Male,2.0,1902072.42,6.0,9.0
4899915,5.0,65.0,44.0,Male,2.0,58859.16,0.0,3.0
7890218,16.0,202.0,71.0,Male,2.0,57047.35,4.0,7.0
4716594,7.0,94.0,40.5,Unknown,2.0,39061.38,0.0,3.0
631263,6.0,74.0,75.0,Unknown,2.0,32473.33,2.0,5.0
3302779,16.0,194.0,46.0,Female,2.0,49835.69,0.0,3.0
7377886,14.0,172.0,57.5,Male,2.0,75219.45,4.0,7.0
5194745,8.0,96.0,22.0,Unknown,2.0,39871.01,1.0,4.0
7321872,14.0,179.0,35.5,Female,2.0,48783.97,0.0,3.0
5642917,15.0,181.0,42.5,Female,2.0,180856.8,3.0,6.0
9224292,13.0,158.0,30.0,Male,2.0,60897.48,2.0,5.0
5731147,8.0,102.0,66.0,Unknown,2.0,36928.96,3.0,6.0
1066661,13.0,158.0,36.0,Male,2.0,56049.94,3.0,6.0
4374496,18.0,223.0,54.5,Male,2.0,312780.29,6.0,9.0
9487079,7.0,89.0,33.5,Unknown,3.0,139961.96,4.0,7.0
1981568,12.0,148.0,59.5,Male,2.0,138410.5,2.0,5.0
8029613,15.0,189.0,62.5,Female,2.0,57558.74,2.0,5.0
5442490,13.0,158.0,25.0,Male,2.0,51797.15,0.0,3.0
4065760,23.0,277.0,43.5,Female,2.0,55223.42,4.0,7.0
3914712,20.0,250.0,55.5,Female,3.0,95221.9,1.0,4.0
3181922,5.0,60.0,27.0,Unknown,3.0,47998.99,5.0,8.0
1131969,15.0,188.0,45.0,Male,3.0,157011.87,2.0,5.0
4603360,15.0,190.0,49.5,Male,2.0,33159.34,5.0,8.0
5764476,28.0,347.0,69.0,Unknown,2.0,39480.55,2.0,5.0
3276513,6.0,80.0,36.0,Female,3.0,80929.62,1.0,4.0
2740721,9.0,112.0,42.0,Female,2.0,39460.68,1.0,4.0
169784,6.0,76.0,25.0,Unknown,3.0,78860.83,4.0,7.0
70225,10.0,124.0,33.5,Female,2.0,98031.52,3.0,6.0
6044794,10.0,121.0,45.5,Male,2.0,51660.56,2.0,5.0
2890412,13.0,159.0,28.5,Male,2.0,106908.8,6.0,9.0
9885740,13.0,156.0,61.5,Male,2.0,81496.68,6.0,9.0
9036113,9.0,117.0,88.0,Female,2.0,219350.67,4.0,7.0
7913947,14.0,170.0,68.0,Male,2.0,245244.79,5.0,8.0
3023323,6.0,82.0,51.0,Unknown,2.0,31172.1,2.0,5.0
816509,14.0,173.0,66.0,Female,2.0,69512.92,2.0,5.0
8802194,2.0,34.0,33.0,Male,4.0,159163.96999999997,6.0,9.0
9844963,10.0,130.0,33.5,Female,2.0,40008.03,3.0,6.0
7151751,15.0,189.0,70.5,Female,2.0,74792.83,3.0,6.0
1851394,6.0,83.0,37.5,Unknown,2.0,151161.7,1.0,4.0
8054343,15.0,184.0,35.0,Male,3.0,145957.69,6.0,9.0
3631715,15.0,180.0,61.0,Female,2.0,586776.9400000001,3.0,6.0
9154441,10.0,124.0,65.5,Female,3.0,88553.01,4.0,7.0
3926312,14.0,178.0,60.5,Male,2.0,43783.03999999999,0.0,3.0
7323610,5.0,60.0,52.5,Unknown,2.0,47007.42,2.0,5.0
6754379,9.0,108.0,72.0,Male,3.0,525710.4,2.0,5.0
2689677,5.0,67.0,29.0,Female,2.0,28912.06,2.0,5.0
4526970,12.0,145.0,66.5,Female,2.0,29462.6,2.0,6.0
5382272,15.0,189.0,47.0,Male,2.0,89816.87,0.0,3.0
8284374,9.0,118.0,57.5,Male,2.0,91349.93,2.0,5.0
4035134,14.0,176.0,63.5,Female,2.0,34719.27,3.0,6.0
5182728,9.0,115.0,42.0,Female,2.0,38380.54,0.0,3.0
8472209,36.0,443.0,71.5,Male,3.0,555210.2100000001,3.0,6.0
6577234,7.0,90.0,76.0,Unknown,2.0,213424.05,5.0,8.0
100118,10.0,126.0,34.0,Male,2.0,93885.21,3.0,6.0
3962151,6.0,73.0,33.5,Unknown,2.0,25050.61,0.0,3.0
8405736,6.0,82.0,49.5,Female,3.0,58392.58,3.0,6.0
716497,4.0,56.0,21.5,Male,3.0,85140.89,6.0,9.0
4462768,37.0,445.0,31.5,Male,2.0,48684.12,6.0,9.0
8927536,4.0,58.0,28.0,Male,2.0,34035.899999999994,0.0,3.0
3702931,16.0,194.0,50.0,Male,2.0,30919.55,0.0,3.0
6852168,6.0,81.0,25.0,Unknown,3.0,30437.9,6.0,9.0
6131636,21.0,255.0,53.5,Male,2.0,116567.81,1.0,4.0
3918588,21.0,253.0,37.5,Male,3.0,71354.59,2.0,5.0
522187,20.0,250.0,51.5,Female,2.0,33974.98,6.0,9.0
9422581,20.0,250.0,76.5,Female,2.0,62032.88,6.0,9.0
9671758,17.0,208.0,29.0,Male,2.0,28758.54,4.0,7.0
4701896,16.0,202.0,35.0,Female,2.0,34003.82,0.0,3.0
3466680,7.0,86.0,40.0,Unknown,2.0,57168.74,0.0,3.0
2105966,19.0,233.0,64.0,Female,2.0,171759.90000000002,2.0,5.0
501190,7.0,90.0,53.5,Unknown,2.0,369518.45,2.0,5.0
7297248,20.0,250.0,61.5,Male,2.0,709627.7200000001,6.0,9.0
3298315,5.0,65.0,24.0,Unknown,2.0,34868.46,2.0,6.0
6200126,4.0,59.0,27.5,Unknown,2.0,53196.37,6.0,9.0
2859064,11.0,138.0,56.5,Female,2.0,182992.49,3.0,6.0
8735184,5.0,69.0,64.5,Unknown,2.0,159593.83000000002,4.0,7.0
1630616,14.0,175.0,43.0,Female,2.0,140785.65,5.0,8.0
5478068,14.0,169.0,68.5,Male,2.0,134116.38,1.0,4.0
1753390,26.0,320.0,58.0,Female,2.0,257976.01,6.0,9.0
5993905,8.0,105.0,32.0,Female,2.0,43074.17999999999,1.0,4.0
6132125,12.0,148.0,66.0,Female,2.0,259266.33,4.0,7.0
1910132,8.0,96.0,30.5,Unknown,2.0,24290.15,1.0,4.0
4411115,7.0,89.0,68.0,Unknown,2.0,69339.78,2.0,5.0
3683997,6.0,83.0,23.0,Male,2.0,26163.21,0.0,3.0
3786111,5.0,71.0,61.5,Unknown,2.0,65303.45,5.0,8.0
1672891,12.0,154.0,45.0,Male,2.0,138000.95,0.0,3.0
6488664,12.0,152.0,38.5,Male,2.0,49127.73,1.0,4.0
6071019,15.0,186.0,32.5,Female,2.0,29899.3,2.0,5.0
395302,14.0,168.0,71.0,Male,2.0,43750.33,4.0,7.0
7475365,6.0,74.0,60.5,Male,2.0,27503.5,4.0,7.0
5618665,54.0,655.0,39.0,Female,2.0,70645.03,2.0,5.0
2182897,26.0,322.0,31.5,Female,2.0,32174.59,0.0,5.0
3275639,7.0,93.0,33.5,Unknown,2.0,40434.13,5.0,8.0
5855387,12.0,151.0,32.5,Male,3.0,202812.36,6.0,9.0
3743776,5.0,67.0,39.5,Unknown,2.0,59765.72,1.0,4.0
9660142,6.0,80.0,35.5,Unknown,2.0,72657.92,3.0,6.0
6741208,15.0,189.0,37.0,Male,2.0,171411.51,2.0,5.0
3945089,13.0,156.0,55.0,Female,3.0,148141.25,4.0,7.0
2550129,9.0,116.0,25.5,Male,2.0,81162.08,5.0,8.0
4314509,13.0,166.0,47.0,Unknown,2.0,45086.89,0.0,3.0
1264596,4.0,50.0,51.5,Unknown,2.0,44587.67999999999,3.0,6.0
903339,6.0,72.0,48.5,Unknown,3.0,257572.54,3.0,6.0
5243476,12.0,153.0,34.0,Male,3.0,31825.23,4.0,7.0
8877173,11.0,133.0,46.0,Female,2.0,34757.14,1.0,4.0
9488613,15.0,180.0,45.0,Female,2.0,62650.42,0.0,3.0
7333289,5.0,66.0,53.0,Male,2.0,29302.03,0.0,3.0
9709344,6.0,72.0,26.0,Unknown,2.0,48834.24,0.0,3.0
2545371,15.0,181.0,54.0,Female,2.0,55160.05,0.0,3.0
4669853,16.0,193.0,34.0,Female,2.0,46298.01,6.0,9.0
194816,7.0,87.0,50.0,Unknown,2.0,146353.58000000002,0.0,3.0
848289,6.0,82.0,53.0,Unknown,2.0,72004.92,4.0,7.0
3051398,17.0,212.0,49.0,Male,3.0,51851.31,2.0,5.0
371059,5.0,71.0,60.0,Female,2.0,347661.77,6.0,9.0
9150137,37.0,448.0,61.0,Male,3.0,471338.54,4.0,7.0
8785171,23.0,286.0,24.5,Female,3.0,26820.95,1.0,4.0
8289836,20.0,249.0,78.0,Female,3.0,260332.59000000003,6.0,9.0
2036502,23.0,282.0,72.5,Female,2.0,248831.74,0.0,3.0
6997825,20.0,250.0,66.5,Female,2.0,110540.92,1.0,4.0
5797801,19.0,238.0,57.0,Female,2.0,41080.96,0.0,3.0
9285583,18.0,225.0,26.5,Male,2.0,27701.44,4.0,7.0
1923181,18.0,221.0,55.0,Female,3.0,98864.7,6.0,9.0
2888690,14.0,175.0,52.0,Male,2.0,23825.15,0.0,3.0
6730783,7.0,94.0,65.0,Unknown,2.0,85044.69,0.0,3.0
9288745,12.0,147.0,29.5,Male,2.0,32299.7,4.0,7.0
8624201,15.0,189.0,57.0,Male,2.0,127324.02,2.0,5.0
8458957,14.0,174.0,66.0,Female,2.0,102465.11,4.0,7.0
8219853,7.0,93.0,31.5,Unknown,2.0,50944.89,3.0,6.0
541979,7.0,90.0,27.5,Unknown,2.0,51434.8,6.0,9.0
6388263,13.0,166.0,59.0,Female,2.0,175493.2,0.0,3.0
3956597,14.0,172.0,33.5,Female,2.0,105247.26,6.0,9.0
2413409,5.0,60.0,46.0,Unknown,2.0,30461.14,2.0,5.0
1668721,5.0,67.0,53.0,Female,2.0,32786.42,3.0,6.0
2620510,9.0,118.0,33.0,Unknown,2.0,31197.28,1.0,4.0
2852455,13.0,158.0,59.5,Female,2.0,51402.61,1.0,4.0
719883,16.0,192.0,72.5,Female,2.0,115821.0,3.0,6.0
8747380,16.0,194.0,64.5,Male,2.0,92522.2,0.0,4.0
3791729,5.0,71.0,26.0,Unknown,2.0,29012.32,6.0,9.0
315324,9.0,108.0,50.5,Male,2.0,31973.06,1.0,4.0
4765645,34.0,418.0,67.0,Female,2.0,271105.5,6.0,9.0
1260955,15.0,189.0,52.5,Female,3.0,203881.81,3.0,6.0
6980106,5.0,63.0,22.5,Unknown,2.0,33248.32,4.0,7.0
3031632,13.0,162.0,44.0,Male,2.0,68891.84,2.0,5.0
409332,8.0,105.0,61.0,Female,2.0,59237.04,0.0,3.0
6343570,16.0,200.0,57.5,Male,2.0,36651.22,2.0,5.0
6975227,6.0,82.0,59.0,Unknown,2.0,49368.53999999999,3.0,6.0
3271234,5.0,71.0,46.0,Unknown,2.0,30639.99,1.0,5.0
9711004,14.0,169.0,25.0,Female,2.0,38120.89,6.0,9.0
4127597,12.0,147.0,49.5,Male,4.0,1358011.03,3.0,6.0
1702022,6.0,83.0,45.5,Male,3.0,83402.53,1.0,4.0
346406,17.0,215.0,54.5,Male,2.0,58638.7,0.0,3.0
8843472,26.0,320.0,57.0,Female,2.0,52055.53,1.0,4.0
356783,13.0,157.0,66.0,Female,2.0,59133.62,0.0,3.0
4545646,7.0,91.0,67.5,Male,2.0,141716.66,6.0,9.0
5048441,5.0,64.0,73.0,Unknown,2.0,56427.69,6.0,9.0
6185706,24.0,296.0,19.5,Male,2.0,64421.72,6.0,9.0
9356338,21.0,260.0,68.5,Female,2.0,88914.81,0.0,4.0
6865212,20.0,251.0,49.0,Male,2.0,211162.47,5.0,8.0
5966738,20.0,245.0,59.0,Female,3.0,390607.48,2.0,5.0
4343885,20.0,241.0,78.5,Male,2.0,135285.78999999998,3.0,6.0
9051913,16.0,200.0,36.5,Male,2.0,186871.87,4.0,7.0
4604287,8.0,96.0,36.5,Unknown,2.0,64503.75,0.0,3.0
1177463,13.0,157.0,46.0,Male,2.0,133744.59999999998,6.0,9.0
1650896,5.0,65.0,54.5,Unknown,2.0,25695.52,6.0,9.0
3413528,7.0,86.0,28.0,Unknown,2.0,28841.45,6.0,9.0
8657625,14.0,176.0,68.0,Female,2.0,45219.57,5.0,8.0
9274372,11.0,139.0,44.5,Male,2.0,25893.45,0.0,3.0
8752898,15.0,182.0,35.5,Unknown,4.0,185479.92,6.0,9.0
4918694,33.0,398.0,58.0,Unknown,2.0,147905.86,3.0,6.0
3600673,14.0,169.0,78.0,Male,2.0,52318.69,6.0,9.0
6248019,15.0,189.0,72.0,Female,2.0,32421.16,1.0,5.0
6217227,7.0,91.0,59.0,Unknown,2.0,208005.68,4.0,7.0
9083735,6.0,73.0,23.0,Unknown,5.0,79566.83,6.0,9.0
3991063,12.0,152.0,51.5,Male,3.0,529381.93,2.0,5.0
795682,16.0,197.0,40.5,Female,2.0,69404.75,2.0,5.0
7490213,13.0,162.0,57.5,Female,2.0,57782.36,1.0,4.0
2644621,18.0,224.0,70.5,Female,2.0,30064.24,4.0,7.0
374015,9.0,118.0,27.0,Female,2.0,96145.73,4.0,7.0
5342968,4.0,58.0,42.0,Unknown,2.0,26907.56,3.0,6.0
6053849,9.0,108.0,54.5,Female,2.0,45535.83,2.0,5.0
4511213,6.0,73.0,23.0,Unknown,2.0,61844.77,2.0,5.0
4711052,6.0,80.0,48.5,Unknown,2.0,41752.99,2.0,5.0
3245544,4.0,59.0,58.5,Male,3.0,33491.5,3.0,6.0
1393178,12.0,148.0,41.5,Female,2.0,26482.67,2.0,5.0
2110629,7.0,85.0,20.0,Male,2.0,25493.34,3.0,6.0
7160870,5.0,69.0,54.0,Unknown,2.0,55270.71,5.0,8.0
6253041,9.0,111.0,50.0,Female,2.0,73664.53,1.0,4.0
9169826,13.0,166.0,57.5,Unknown,2.0,34958.64,0.0,3.0
4930554,6.0,83.0,35.0,Unknown,2.0,37032.71,1.0,4.0
6579774,12.0,154.0,64.0,Male,2.0,365798.51,4.0,7.0
9918970,14.0,178.0,40.5,Male,2.0,83195.0,5.0,8.0
552374,6.0,83.0,26.0,Unknown,3.0,55111.66,0.0,3.0
76635,10.0,128.0,24.0,Male,2.0,143740.8,2.0,5.0
8476794,6.0,74.0,21.0,Male,2.0,26117.35,5.0,8.0
5209064,5.0,68.0,40.0,Unknown,2.0,27322.28,5.0,8.0
1720415,15.0,189.0,51.0,Unknown,2.0,26948.82,2.0,5.0
6620810,4.0,58.0,45.0,Unknown,2.0,51141.58,3.0,6.0
4726242,4.0,59.0,30.0,Unknown,3.0,41445.78,0.0,3.0
8065001,10.0,125.0,32.5,Female,2.0,42044.26,6.0,9.0
1327943,9.0,108.0,66.5,Female,2.0,534433.21,6.0,9.0
1605677,15.0,180.0,38.5,Female,2.0,47811.59,1.0,4.0
9348632,13.0,166.0,31.0,Male,2.0,136833.45,5.0,8.0
5522936,5.0,70.0,49.0,Unknown,2.0,47642.26,2.0,5.0
1826864,34.0,408.0,68.0,Female,2.0,967361.2,6.0,9.0
4296854,15.0,190.0,60.5,Male,2.0,584213.92,5.0,8.0
6171995,14.0,178.0,45.0,Male,2.0,37471.78,0.0,3.0
1351211,7.0,92.0,23.0,Unknown,2.0,47387.35,3.0,6.0
8381696,16.0,198.0,53.0,Male,2.0,125470.08,6.0,9.0
3052085,14.0,168.0,67.0,Male,2.0,44282.06,0.0,3.0
372517,16.0,192.0,49.5,Male,2.0,33970.8,3.0,6.0
7870563,22.0,269.0,30.0,Male,2.0,32369.62,1.0,4.0
1608395,22.0,264.0,68.0,Unknown,2.0,256808.36,4.0,7.0
2030720,21.0,257.0,62.0,Female,4.0,178123.46999999997,2.0,5.0
7796066,18.0,222.0,56.5,Female,2.0,362838.14,2.0,5.0
4319831,4.0,58.0,30.0,Unknown,3.0,42658.32,2.0,5.0
186857,9.0,119.0,59.5,Female,2.0,144091.78,4.0,7.0
1187904,12.0,149.0,54.0,Female,2.0,54515.57,5.0,8.0
939298,7.0,84.0,57.0,Unknown,2.0,121152.56,6.0,9.0
5608551,5.0,64.0,30.5,Male,3.0,119968.35,4.0,7.0
5754995,10.0,128.0,55.5,Male,2.0,387572.55,3.0,6.0
8513116,16.0,196.0,68.0,Female,2.0,372072.31,0.0,3.0
1375516,7.0,94.0,65.0,Male,2.0,46974.67999999999,0.0,3.0
6460410,4.0,58.0,46.0,Unknown,2.0,29388.5,0.0,3.0
5944681,6.0,73.0,44.0,Unknown,2.0,40236.06,1.0,4.0
5807085,5.0,71.0,38.5,Unknown,2.0,28016.2,0.0,3.0
8264879,12.0,146.0,70.5,Male,3.0,230082.86,6.0,9.0
2786282,10.0,129.0,61.0,Male,2.0,247207.46,5.0,8.0
3583574,18.0,225.0,41.5,Male,3.0,48436.34,0.0,3.0
5006999,7.0,89.0,39.0,Unknown,2.0,25229.12,4.0,7.0
5494232,9.0,118.0,43.5,Male,2.0,55514.25,4.0,7.0
6647386,26.0,322.0,57.0,Female,3.0,159805.78999999998,3.0,6.0
7636582,4.0,58.0,50.0,Unknown,2.0,91953.74,6.0,9.0
769431,16.0,193.0,75.5,Male,2.0,191956.52,3.0,7.0
380170,29.0,359.0,64.5,Female,2.0,28079.6,5.0,8.0
2232619,15.0,186.0,58.0,Male,2.0,59568.34,1.0,4.0
3861947,5.0,71.0,55.5,Unknown,2.0,32308.98,1.0,4.0
3773376,5.0,71.0,38.5,Unknown,2.0,56766.88,3.0,6.0
825129,15.0,189.0,59.0,Female,2.0,197939.26,0.0,3.0
1602887,8.0,106.0,64.5,Male,2.0,104445.43,4.0,7.0
208722,6.0,77.0,57.0,Unknown,2.0,49300.06,0.0,3.0
1641536,5.0,61.0,61.5,Male,2.0,100674.53,5.0,8.0
9700037,6.0,73.0,37.5,Unknown,2.0,58770.96,1.0,4.0
9541971,12.0,144.0,36.0,Male,2.0,97872.11,1.0,4.0
6040136,15.0,189.0,76.0,Male,2.0,248785.24,0.0,3.0
4887230,14.0,178.0,68.0,Female,2.0,29910.61,2.0,5.0
4727791,5.0,66.0,58.5,Unknown,2.0,154030.26,2.0,5.0
3413971,16.0,197.0,38.5,Female,3.0,55197.62,1.0,4.0
8918570,6.0,80.0,34.0,Unknown,3.0,32979.75,6.0,9.0
2235345,16.0,193.0,29.5,Female,3.0,48291.28999999999,3.0,6.0
2084517,14.0,170.0,18.0,Male,2.0,68654.92,2.0,5.0
6887032,14.0,172.0,61.0,Female,2.0,52948.7,2.0,5.0
4559767,14.0,172.0,32.5,Female,2.0,103249.24,4.0,7.0
5588572,6.0,80.0,41.5,Female,2.0,62551.1,2.0,5.0
1858076,16.0,193.0,37.0,Male,3.0,89540.79,6.0,9.0
4522579,14.0,172.0,50.5,Female,2.0,32632.62,6.0,9.0
6112016,10.0,122.0,39.5,Female,2.0,52871.21,1.0,4.0
2915875,18.0,225.0,62.0,Female,2.0,23822.81,5.0,8.0
2110321,15.0,190.0,55.5,Female,2.0,141785.81,0.0,3.0
410421,14.0,179.0,38.5,Female,2.0,121203.95,1.0,4.0
2910644,25.0,309.0,60.0,Female,2.0,95862.57,6.0,9.0
4255823,13.0,166.0,67.5,Unknown,2.0,120618.45,3.0,6.0
9199146,24.0,291.0,68.0,Female,3.0,117791.71,5.0,8.0
1513845,24.0,289.0,69.0,Female,2.0,33985.33,5.0,8.0
7084131,24.0,288.0,49.5,Female,2.0,82538.04999999999,1.0,4.0
2647155,23.0,287.0,83.5,Unknown,3.0,262453.09,6.0,9.0
7665903,21.0,253.0,38.5,Male,3.0,689987.26,6.0,9.0
7396943,19.0,228.0,50.0,Male,2.0,132320.37,6.0,9.0
1891305,18.0,221.0,61.0,Unknown,2.0,144517.11,6.0,9.0
3399340,24.0,292.0,59.0,Male,2.0,215820.24,2.0,5.0
6447434,17.0,210.0,53.5,Male,2.0,32384.91,2.0,6.0
8023584,9.0,118.0,37.0,Female,2.0,26672.28,3.0,6.0
9349677,33.0,403.0,39.5,Male,2.0,111959.53,3.0,6.0
2294133,5.0,69.0,61.5,Unknown,2.0,301978.07,4.0,7.0
4360774,6.0,78.0,39.0,Unknown,2.0,63553.51,4.0,7.0
3313138,9.0,118.0,40.0,Male,2.0,58976.16,1.0,4.0
6183002,4.0,58.0,23.5,Unknown,2.0,49063.63,6.0,9.0
2761746,6.0,79.0,22.0,Unknown,2.0,45050.34,6.0,9.0
4499745,8.0,107.0,37.0,Female,2.0,87480.01999999999,1.0,4.0
8548506,6.0,81.0,51.5,Unknown,2.0,54580.16,3.0,6.0
1439754,15.0,186.0,55.5,Male,2.0,27131.4,3.0,6.0
878432,4.0,58.0,53.0,Unknown,2.0,49072.46,2.0,5.0
6788740,11.0,140.0,37.0,Female,2.0,39212.52,0.0,3.0
1812576,6.0,80.0,19.5,Unknown,3.0,39374.75,6.0,9.0
5874488,7.0,85.0,57.5,Unknown,2.0,38587.34,6.0,9.0
9614486,5.0,70.0,31.5,Unknown,2.0,56569.81,3.0,6.0
8230414,8.0,106.0,58.5,Female,4.0,175649.2,4.0,7.0
3614938,12.0,147.0,34.5,Male,2.0,68390.36,1.0,4.0
6599610,9.0,109.0,38.5,Male,3.0,58245.99,4.0,7.0
8498312,15.0,184.0,66.5,Female,3.0,153493.14,2.0,5.0
9485320,12.0,155.0,63.5,Male,2.0,41625.14,3.0,6.0
2995845,7.0,85.0,59.0,Unknown,2.0,43546.28999999999,4.0,7.0
297721,6.0,75.0,41.5,Male,2.0,143160.15,3.0,6.0
7002389,5.0,63.0,36.5,Male,2.0,82786.78,2.0,5.0
9499719,10.0,122.0,69.0,Male,2.0,567955.77,6.0,9.0
6571707,14.0,179.0,81.5,Male,3.0,131700.34,4.0,7.0
7894885,14.0,168.0,34.5,Unknown,2.0,34507.27,5.0,8.0
6529144,6.0,83.0,48.5,Unknown,2.0,46934.71,0.0,3.0
287195,7.0,92.0,52.5,Unknown,2.0,57390.15,4.0,7.0
8473097,13.0,157.0,50.5,Unknown,2.0,563716.0700000001,1.0,4.0
2656053,6.0,79.0,31.0,Unknown,2.0,30835.86,1.0,5.0
843228,6.0,74.0,52.5,Unknown,2.0,62433.62,4.0,7.0
7506104,15.0,182.0,40.5,Female,2.0,56645.57,2.0,5.0
5559740,4.0,50.0,23.5,Female,2.0,269316.6,1.0,4.0
8888660,10.0,130.0,28.5,Male,2.0,38989.98,1.0,4.0
9581142,6.0,78.0,34.5,Unknown,4.0,110290.34,6.0,9.0
4200640,5.0,65.0,40.0,Unknown,3.0,62142.95,4.0,7.0
3364907,10.0,129.0,26.0,Unknown,2.0,109596.38,5.0,8.0
8698453,11.0,139.0,56.0,Male,2.0,205836.35,3.0,6.0
7360800,4.0,58.0,50.0,Unknown,2.0,46683.14,0.0,3.0
7269894,13.0,167.0,25.0,Female,2.0,31514.46,4.0,7.0
373577,9.0,116.0,46.0,Male,2.0,44290.22,0.0,3.0
6533602,29.0,348.0,93.0,Female,2.0,362103.22,6.0,9.0
1430839,28.0,341.0,80.0,Female,2.0,119916.19,1.0,4.0
1051820,15.0,180.0,75.5,Female,2.0,32438.6,3.0,6.0
4765294,6.0,74.0,55.0,Unknown,2.0,54655.09,6.0,9.0
3826614,23.0,276.0,73.5,Male,3.0,57275.05,2.0,5.0
6228987,23.0,276.0,69.5,Female,2.0,67469.08,6.0,9.0
6415360,22.0,270.0,31.0,Female,2.0,42474.58,0.0,3.0
7062352,22.0,267.0,48.5,Female,4.0,225292.11,3.0,6.0
5175329,21.0,262.0,56.5,Male,2.0,198436.92,6.0,9.0
1294075,17.0,214.0,51.5,Unknown,3.0,203211.57,3.0,6.0
7003057,14.0,178.0,62.5,Female,3.0,76086.68,3.0,6.0
5158028,15.0,180.0,34.0,Male,2.0,88056.43,6.0,9.0
9128593,12.0,154.0,33.5,Female,2.0,31265.01,2.0,5.0
3830374,14.0,171.0,55.5,Female,2.0,52243.21,6.0,9.0
6123944,13.0,157.0,42.5,Male,2.0,32996.45,0.0,3.0
1288323,15.0,180.0,62.5,Male,2.0,452682.62,3.0,6.0
7740732,7.0,91.0,29.5,Unknown,2.0,46272.03999999999,3.0,6.0
1616906,6.0,72.0,24.0,Unknown,2.0,35058.61,2.0,5.0
1949391,15.0,190.0,51.5,Male,2.0,46814.12,3.0,6.0
910550,13.0,157.0,37.0,Female,2.0,27774.17,0.0,4.0
8829408,4.0,59.0,46.5,Unknown,2.0,48771.49,6.0,9.0
6313605,16.0,200.0,58.0,Unknown,2.0,244778.92,6.0,9.0
1484555,4.0,51.0,74.5,Male,2.0,89576.2,6.0,9.0
3887543,6.0,75.0,29.5,Unknown,3.0,86782.98999999999,6.0,9.0
7460812,8.0,106.0,71.0,Male,2.0,64149.1,3.0,6.0
3591357,14.0,169.0,57.0,Female,2.0,34530.71,6.0,9.0
3302734,5.0,70.0,77.0,Unknown,2.0,305208.31,6.0,9.0
6503101,16.0,196.0,61.5,Female,2.0,122661.95,6.0,9.0
8627643,10.0,121.0,63.5,Male,2.0,65896.82,0.0,3.0
2812755,5.0,69.0,66.5,Unknown,2.0,276026.15,3.0,6.0
5862154,4.0,58.0,61.5,Unknown,2.0,45886.38,3.0,6.0
5826390,7.0,91.0,22.5,Unknown,3.0,95820.49,3.0,6.0
327568,4.0,57.0,34.5,Unknown,2.0,120914.35,4.0,7.0
4464723,11.0,142.0,35.0,Female,2.0,74627.98999999999,5.0,8.0
6716810,10.0,123.0,59.5,Female,2.0,984195.36,3.0,6.0
1297190,3.0,45.0,53.0,Unknown,2.0,39001.01,2.0,6.0
8474995,4.0,58.0,49.0,Unknown,2.0,47279.73,1.0,4.0
2607017,16.0,195.0,45.0,Female,2.0,47505.83,1.0,4.0
5148264,29.0,348.0,68.5,Male,2.0,2034502.86,1.0,4.0
2024546,15.0,190.0,52.0,Female,2.0,189747.33,2.0,5.0
9466171,14.0,174.0,25.0,Female,2.0,49912.47,2.0,5.0
2232411,7.0,95.0,31.0,Unknown,2.0,33148.869999999995,6.0,9.0
2889621,7.0,88.0,59.5,Unknown,2.0,33318.18,4.0,7.0
878571,9.0,119.0,59.5,Female,2.0,161333.3,5.0,8.0
1783766,11.0,142.0,44.0,Female,2.0,50299.08,1.0,4.0
7380792,4.0,58.0,27.0,Unknown,2.0,29447.95,5.0,8.0
8287067,10.0,131.0,71.0,Female,2.0,64775.47,1.0,4.0
3342092,15.0,180.0,68.5,Female,2.0,73909.45,6.0,9.0
9441561,13.0,159.0,59.5,Female,2.0,55916.5,2.0,5.0
1011862,5.0,71.0,52.0,Unknown,2.0,41612.63,5.0,8.0
3062036,7.0,94.0,52.0,Female,2.0,361500.33,2.0,5.0
7397092,16.0,200.0,39.5,Female,2.0,40531.08,0.0,3.0
8222286,25.0,310.0,55.0,Female,2.0,33602.02,4.0,7.0
1262277,15.0,189.0,44.0,Male,2.0,98062.83,6.0,9.0
4270276,6.0,72.0,52.0,Unknown,2.0,28942.1,0.0,3.0
6975269,10.0,130.0,54.5,Male,3.0,305164.17,6.0,9.0
8581135,11.0,138.0,61.5,Female,2.0,111432.96,2.0,5.0
433417,15.0,180.0,58.5,Female,2.0,168539.09000000003,0.0,3.0
5539836,20.0,246.0,28.5,Male,3.0,144872.7,3.0,6.0
4746443,17.0,215.0,64.5,Female,3.0,212029.99,6.0,9.0
5588923,16.0,197.0,72.5,Male,2.0,288260.21,6.0,9.0
8650080,7.0,95.0,52.5,Unknown,2.0,135698.66999999998,0.0,3.0
7913074,15.0,181.0,42.5,Male,2.0,37805.54,5.0,8.0
3053639,11.0,142.0,24.5,Female,4.0,55154.14,2.0,6.0
4492817,8.0,102.0,43.0,Unknown,2.0,75735.25,5.0,8.0
6776903,6.0,83.0,59.5,Unknown,2.0,31452.21,3.0,6.0
1166023,8.0,101.0,55.5,Unknown,2.0,442098.49,1.0,4.0
3355516,11.0,142.0,79.5,Male,3.0,1136756.77,5.0,8.0
2882439,9.0,112.0,61.0,Male,2.0,503437.1,4.0,7.0
4908946,4.0,57.0,28.5,Unknown,2.0,28725.21,1.0,4.0
2484038,13.0,156.0,44.5,Female,2.0,48832.62,3.0,6.0
689179,5.0,69.0,27.5,Unknown,2.0,32164.11,3.0,6.0
8834808,5.0,60.0,43.5,Male,2.0,29976.92,4.0,7.0
6601357,8.0,103.0,20.5,Unknown,2.0,29405.31,1.0,5.0
1177211,12.0,154.0,56.0,Male,3.0,403359.83,6.0,9.0
8653037,12.0,151.0,42.5,Female,2.0,28699.81,6.0,9.0
2999877,14.0,169.0,46.5,Male,4.0,187201.68,6.0,9.0
4326478,6.0,78.0,34.5,Unknown,2.0,60434.58,1.0,4.0
7052500,10.0,126.0,78.0,Female,2.0,283345.03,6.0,9.0
1346649,8.0,103.0,26.5,Unknown,2.0,40579.57,3.0,6.0
8701900,6.0,77.0,63.0,Unknown,2.0,54965.12,3.0,6.0
4802108,5.0,65.0,27.0,Unknown,2.0,152499.16,6.0,9.0
3290487,11.0,141.0,53.5,Female,2.0,96527.0,1.0,4.0
3569925,11.0,140.0,32.0,Male,2.0,236103.21,6.0,9.0
2916530,6.0,79.0,48.0,Unknown,2.0,33935.02,2.0,5.0
5632235,6.0,83.0,24.5,Unknown,2.0,25317.89,0.0,3.0
1209838,5.0,71.0,51.0,Unknown,2.0,140688.21,2.0,5.0
3016443,13.0,156.0,41.5,Female,2.0,33603.27,6.0,9.0
4589193,7.0,88.0,53.0,Unknown,2.0,58489.18,6.0,9.0
5640079,24.0,294.0,18.5,Male,2.0,51269.97,5.0,8.0
2706854,6.0,73.0,58.0,Unknown,2.0,24488.33,6.0,9.0
3836360,24.0,289.0,63.5,Female,3.0,334528.99,4.0,7.0
6744614,23.0,286.0,21.5,Female,4.0,114893.48,3.0,6.0
5616882,5.0,70.0,31.0,Unknown,4.0,89573.75,6.0,9.0
1110987,15.0,182.0,33.5,Male,2.0,39860.65,2.0,5.0
4944295,6.0,82.0,59.0,Unknown,2.0,74887.84,1.0,4.0
4155983,4.0,52.0,23.5,Unknown,2.0,28037.01,5.0,8.0
6824514,10.0,131.0,34.5,Male,2.0,35166.43,1.0,4.0
9614324,14.0,170.0,49.0,Female,2.0,239723.73,2.0,5.0
2317640,8.0,105.0,21.0,Male,2.0,29765.37,5.0,8.0
9661253,15.0,191.0,42.5,Male,2.0,73514.84,3.0,6.0
8715267,8.0,96.0,65.5,Unknown,3.0,767972.3400000001,3.0,6.0
4308315,9.0,114.0,68.5,Female,2.0,43528.73,1.0,4.0
7448032,4.0,58.0,25.0,Unknown,3.0,43533.77,6.0,9.0
5824996,10.0,131.0,68.0,Female,2.0,34062.89,4.0,7.0
2869375,12.0,146.0,51.5,Male,3.0,136774.07,6.0,9.0
7265828,14.0,179.0,76.0,Female,3.0,224380.66,6.0,9.0
4149721,15.0,180.0,59.5,Male,2.0,61582.42,1.0,4.0
9319959,5.0,70.0,39.5,Unknown,3.0,142458.41999999998,2.0,5.0
2330017,7.0,94.0,42.5,Unknown,3.0,64416.34,1.0,4.0
9823613,8.0,102.0,29.0,Unknown,2.0,36062.91,1.0,4.0
4308251,20.0,250.0,53.0,Female,2.0,51842.0,6.0,9.0
2811682,4.0,57.0,53.0,Unknown,2.0,121767.65,1.0,4.0
3266908,6.0,73.0,39.5,Unknown,2.0,27294.15,3.0,6.0
1411774,6.0,83.0,30.0,Unknown,2.0,39663.68,3.0,6.0
5955784,6.0,80.0,70.5,Unknown,2.0,800970.31,6.0,9.0
581882,7.0,92.0,29.5,Unknown,2.0,34399.85,5.0,8.0
4246765,8.0,106.0,44.5,Female,2.0,83742.31,6.0,9.0
6904394,5.0,60.0,19.5,Unknown,2.0,26289.48,1.0,4.0
9982970,11.0,142.0,36.5,Male,2.0,28282.47,1.0,4.0
4739411,16.0,193.0,53.5,Unknown,2.0,32250.56,4.0,7.0
7201063,26.0,322.0,51.5,Male,6.0,2661429.75,6.0,9.0
6838569,4.0,59.0,21.0,Unknown,2.0,52167.17999999999,3.0,6.0
2786042,6.0,83.0,69.0,Unknown,2.0,36058.3,2.0,5.0
1788204,5.0,68.0,27.0,Unknown,2.0,33238.75,6.0,9.0
3650618,18.0,220.0,53.5,Male,2.0,39616.75,5.0,8.0
2801133,8.0,105.0,72.5,Female,2.0,215634.14,2.0,5.0
9161780,5.0,64.0,62.0,Female,2.0,39577.27,5.0,8.0
3044471,6.0,75.0,41.0,Unknown,2.0,32090.88,2.0,5.0
4345698,7.0,94.0,67.5,Unknown,2.0,44851.27,1.0,5.0
1486118,10.0,120.0,56.5,Female,2.0,245840.18,6.0,9.0
9543903,6.0,74.0,25.0,Female,2.0,28427.59,1.0,4.0
6303538,6.0,82.0,30.0,Unknown,2.0,48603.84,0.0,3.0
9288209,20.0,243.0,45.0,Male,2.0,382609.14,6.0,9.0
2395415,9.0,109.0,49.0,Unknown,2.0,39904.38,0.0,3.0
644138,15.0,187.0,28.5,Female,2.0,69129.06,5.0,8.0
1289596,15.0,180.0,48.0,Male,2.0,70439.94,5.0,8.0
7574811,9.0,119.0,21.0,Male,2.0,52682.38,2.0,5.0
7968614,9.0,110.0,41.0,Male,2.0,63998.27,2.0,5.0
1073661,16.0,193.0,35.5,Female,2.0,66814.0,6.0,9.0
9663759,8.0,97.0,59.0,Unknown,2.0,30218.55,0.0,3.0
6521082,6.0,73.0,26.5,Unknown,2.0,46664.32,1.0,4.0
413157,13.0,165.0,44.5,Female,2.0,101087.46,2.0,5.0
3888630,13.0,157.0,66.0,Male,2.0,55423.53,5.0,8.0
5926181,22.0,275.0,53.5,Female,3.0,252474.72,5.0,8.0
4348721,21.0,262.0,66.5,Female,2.0,34151.67,2.0,5.0
3980478,21.0,253.0,57.5,Male,3.0,331388.24,6.0,9.0
1288685,20.0,244.0,29.5,Male,2.0,86430.45,4.0,7.0
980630,19.0,238.0,47.5,Female,2.0,34487.46,5.0,8.0
5711682,17.0,210.0,33.0,Unknown,3.0,40938.96,5.0,8.0
6420479,17.0,209.0,41.0,Male,3.0,145386.74,4.0,7.0
8680937,31.0,373.0,64.0,Female,2.0,69255.09,1.0,4.0
8188592,30.0,365.0,56.5,Female,3.0,30337.7,0.0,3.0
7803457,8.0,105.0,33.0,Male,3.0,131867.62,6.0,9.0
9865183,5.0,60.0,40.5,Unknown,2.0,30705.08,1.0,5.0
5867403,8.0,97.0,48.5,Unknown,2.0,212026.03,2.0,5.0
9410798,16.0,197.0,60.0,Female,2.0,386391.83,4.0,7.0
550960,10.0,128.0,47.5,Male,3.0,516512.91,2.0,6.0
2819503,4.0,50.0,53.0,Unknown,3.0,146638.51,4.0,7.0
4395425,5.0,66.0,19.5,Unknown,2.0,31730.56,2.0,5.0
5556500,13.0,167.0,50.5,Male,2.0,25061.99,2.0,5.0
8335505,4.0,59.0,35.5,Unknown,2.0,56324.23,5.0,8.0
2282698,6.0,79.0,52.5,Unknown,2.0,86225.95,1.0,4.0
2285467,12.0,151.0,36.0,Male,2.0,312589.14,1.0,4.0
4600322,11.0,142.0,58.5,Female,2.0,84534.1,0.0,3.0
4230567,6.0,72.0,58.0,Female,2.0,80226.42,6.0,9.0
8586053,12.0,146.0,67.5,Female,2.0,315876.14,6.0,9.0
9376050,6.0,75.0,42.5,Unknown,2.0,58716.85,1.0,4.0
857273,31.0,376.0,56.5,Male,5.0,6716305.28,6.0,9.0
8591099,29.0,348.0,65.0,Male,3.0,3933502.78,4.0,8.0
3944963,6.0,78.0,61.5,Unknown,3.0,123128.49,6.0,9.0
1263817,8.0,102.0,57.5,Unknown,2.0,91099.84,3.0,6.0
7884386,9.0,118.0,20.0,Female,4.0,77151.98,4.0,7.0
9009821,4.0,57.0,46.0,Unknown,2.0,44632.09,6.0,9.0
5103018,8.0,102.0,52.5,Unknown,2.0,84188.75,2.0,5.0
3085984,14.0,168.0,34.5,Male,3.0,164794.55,4.0,7.0
1281539,11.0,142.0,58.0,Female,2.0,38040.88,1.0,6.0
7254742,16.0,194.0,41.5,Male,2.0,75837.04999999999,2.0,5.0
4677300,9.0,118.0,42.0,Unknown,2.0,99963.34,2.0,5.0
5631462,8.0,97.0,23.0,Male,2.0,35167.16,6.0,9.0
4537934,5.0,64.0,21.5,Unknown,2.0,29726.07,6.0,9.0
2654414,15.0,185.0,66.0,Male,2.0,114710.74,2.0,5.0
4365788,11.0,132.0,52.0,Male,2.0,67693.31,1.0,4.0
8610535,8.0,107.0,35.0,Unknown,2.0,60713.04,3.0,6.0
1042147,5.0,64.0,56.0,Male,4.0,77893.69,3.0,6.0
7595271,15.0,190.0,54.0,Female,3.0,63779.99,3.0,6.0
772872,4.0,58.0,35.5,Unknown,2.0,37332.29,3.0,6.0
2823820,4.0,57.0,73.0,Unknown,2.0,37120.27,4.0,7.0
2853210,6.0,83.0,26.0,Unknown,2.0,25414.37,0.0,3.0
2960561,9.0,117.0,35.0,Female,2.0,41771.17999999999,0.0,3.0
3095218,4.0,58.0,49.5,Unknown,2.0,24975.43,0.0,3.0
2785390,7.0,91.0,29.5,Unknown,2.0,35259.759999999995,3.0,6.0
5550349,5.0,70.0,45.0,Unknown,2.0,71498.56,1.0,4.0
1978068,8.0,96.0,48.5,Unknown,2.0,69589.28,5.0,8.0
6583380,7.0,88.0,66.5,Unknown,2.0,180433.58,4.0,7.0
991771,11.0,142.0,53.5,Female,2.0,48255.03,0.0,3.0
5161793,4.0,48.0,60.5,Unknown,2.0,170232.58000000002,2.0,5.0
3166490,12.0,154.0,60.0,Female,2.0,23805.35,1.0,4.0
4503918,16.0,194.0,61.0,Male,2.0,54894.97,6.0,9.0
9916676,8.0,106.0,21.5,Male,2.0,61605.5,2.0,5.0
1228292,6.0,73.0,37.0,Unknown,2.0,34067.869999999995,4.0,7.0
5096502,5.0,70.0,60.0,Male,2.0,45156.17999999999,0.0,3.0
7582906,14.0,170.0,47.0,Female,2.0,109341.18,0.0,3.0
9230297,23.0,276.0,53.5,Female,3.0,112815.15,4.0,8.0
9978958,22.0,273.0,55.0,Female,3.0,153096.78999999998,4.0,7.0
1336336,22.0,274.0,32.0,Female,2.0,50729.53,0.0,3.0
1845333,22.0,271.0,44.5,Female,3.0,97845.36,4.0,7.0
8866119,21.0,262.0,61.0,Female,2.0,23827.06,0.0,3.0
201641,21.0,259.0,66.0,Male,3.0,822571.79,6.0,9.0
6620646,20.0,250.0,69.0,Male,3.0,383094.19,2.0,7.0
1285452,31.0,376.0,75.0,Male,2.0,314695.78,4.0,7.0
7053382,20.0,240.0,44.5,Male,2.0,24364.82,2.0,5.0
7857112,7.0,88.0,70.5,Female,3.0,148224.56,0.0,3.0
4500155,9.0,110.0,44.5,Male,2.0,43552.36,1.0,4.0
3490232,15.0,189.0,52.5,Male,2.0,43798.45,2.0,5.0
7535944,6.0,80.0,25.5,Unknown,4.0,99859.73,4.0,7.0
2678591,11.0,138.0,36.0,Female,2.0,34292.92,0.0,3.0
9337604,13.0,159.0,74.0,Male,2.0,25545.22,1.0,4.0
7135517,12.0,152.0,57.5,Female,3.0,434251.4,3.0,6.0
455069,7.0,94.0,49.0,Unknown,3.0,90723.52,3.0,6.0
6958438,6.0,77.0,30.0,Unknown,2.0,52773.97,0.0,3.0
1995384,10.0,122.0,37.5,Male,2.0,75353.38,6.0,9.0
3135759,7.0,84.0,26.0,Unknown,2.0,48513.56,1.0,4.0
3603584,15.0,180.0,45.0,Male,2.0,181087.84000000003,6.0,9.0
2158801,15.0,190.0,53.5,Male,2.0,283306.59,2.0,5.0
606023,6.0,79.0,27.5,Unknown,2.0,25338.07,2.0,5.0
8057726,28.0,342.0,80.0,Female,2.0,140924.02000000002,3.0,6.0
9242255,15.0,181.0,41.0,Female,2.0,32623.57,3.0,6.0
1351100,6.0,80.0,19.5,Unknown,2.0,37008.97,5.0,8.0
503070,5.0,71.0,32.0,Unknown,2.0,38009.88,5.0,8.0
6392105,24.0,291.0,59.0,Male,2.0,41897.78,6.0,9.0
8158004,12.0,154.0,48.0,Female,2.0,100155.94,6.0,9.0
7890281,6.0,73.0,29.5,Male,2.0,58761.85,3.0,6.0
6797930,7.0,84.0,45.0,Unknown,2.0,35154.16,3.0,6.0
3804361,4.0,59.0,31.0,Unknown,3.0,156103.41999999998,1.0,4.0
1247801,15.0,190.0,43.5,Female,2.0,54748.58,1.0,4.0
3417376,20.0,244.0,60.0,Female,2.0,81683.85,0.0,3.0
8019243,5.0,71.0,61.0,Male,2.0,70490.64,4.0,7.0
5073524,10.0,127.0,31.5,Female,2.0,34907.68,0.0,3.0
8190214,8.0,103.0,24.0,Unknown,2.0,52927.44,5.0,8.0
3700720,16.0,193.0,37.0,Female,2.0,50952.57,3.0,6.0
2946745,7.0,92.0,54.0,Unknown,2.0,58859.8,2.0,5.0
9896942,6.0,80.0,43.5,Unknown,4.0,150080.3,1.0,4.0
6707401,4.0,57.0,25.5,Unknown,3.0,101790.51,4.0,7.0
2908177,16.0,201.0,66.5,Female,2.0,65530.6,3.0,6.0
8521346,6.0,76.0,51.5,Female,3.0,104403.04,6.0,9.0
1705810,6.0,79.0,25.5,Unknown,3.0,65441.1,5.0,8.0
5570237,8.0,106.0,30.0,Male,2.0,39002.2,6.0,9.0
2593741,7.0,91.0,30.0,Unknown,2.0,24607.53,0.0,3.0
9239071,12.0,144.0,29.0,Female,2.0,90338.75,5.0,8.0
1607409,5.0,64.0,31.0,Unknown,3.0,193971.73,6.0,9.0
4883460,15.0,186.0,44.0,Female,3.0,221355.31,4.0,7.0
7544962,24.0,289.0,78.0,Female,2.0,180565.62,2.0,5.0
6510477,23.0,287.0,49.0,Female,3.0,173388.51,1.0,5.0
1228147,23.0,286.0,50.0,Male,5.0,681868.75,5.0,8.0
5744199,23.0,276.0,54.0,Female,2.0,35475.05,2.0,5.0
9566295,22.0,264.0,47.0,Male,2.0,3013615.44,6.0,9.0
8203352,21.0,261.0,66.0,Female,2.0,33292.7,0.0,3.0
3465027,21.0,258.0,40.0,Male,2.0,60331.1,0.0,3.0
2383076,20.0,250.0,44.5,Female,3.0,168941.15999999997,3.0,6.0
6489386,8.0,100.0,39.0,Unknown,2.0,23809.35,0.0,3.0
7176030,15.0,189.0,34.0,Female,2.0,28531.69,0.0,3.0
3371427,7.0,84.0,67.0,Unknown,2.0,28578.21,2.0,5.0
9575330,30.0,361.0,66.5,Male,2.0,124937.68,5.0,8.0
7753893,7.0,88.0,53.5,Unknown,2.0,45238.56,0.0,3.0
1532540,10.0,130.0,60.5,Male,3.0,405254.01,6.0,9.0
591271,11.0,139.0,38.0,Male,4.0,111808.16,6.0,9.0
7705920,11.0,133.0,34.0,Female,2.0,121582.72,6.0,9.0
3501202,6.0,72.0,44.5,Male,2.0,103802.31,4.0,7.0
2629232,10.0,130.0,32.0,Female,2.0,30361.81,2.0,5.0
8791667,4.0,59.0,31.5,Unknown,2.0,36990.27,0.0,3.0
4518867,15.0,190.0,63.0,Male,2.0,212486.68,5.0,8.0
6307079,6.0,81.0,69.0,Unknown,2.0,28787.87,2.0,6.0
1213377,27.0,324.0,65.0,Female,2.0,358495.51,5.0,8.0
4845583,15.0,190.0,35.5,Female,4.0,86495.95999999999,2.0,5.0
5890536,16.0,194.0,55.0,Male,2.0,107879.47,0.0,3.0
3981823,15.0,185.0,32.5,Male,3.0,30819.21,6.0,9.0
2956615,11.0,138.0,64.5,Male,2.0,89822.29,2.0,5.0
7009252,6.0,73.0,27.5,Unknown,2.0,39278.61,2.0,5.0
2371270,11.0,142.0,49.5,Male,3.0,78624.57,6.0,9.0
2782058,7.0,95.0,25.5,Unknown,2.0,71706.4,1.0,4.0
2293850,28.0,339.0,59.5,Female,2.0,36176.75,2.0,5.0
1967574,5.0,70.0,42.5,Unknown,2.0,30698.07,3.0,6.0
5744690,4.0,52.0,24.5,Female,2.0,72155.91,2.0,5.0
4197302,6.0,73.0,31.0,Unknown,2.0,48653.03999999999,1.0,4.0
3751050,10.0,121.0,62.0,Male,2.0,27400.23,6.0,9.0
3428598,26.0,318.0,50.0,Male,2.0,98272.96,6.0,9.0
4543944,7.0,88.0,25.5,Male,4.0,151050.41,6.0,9.0
9260760,6.0,83.0,63.5,Unknown,2.0,62592.93,2.0,5.0
5976256,7.0,90.0,64.5,Unknown,2.0,121628.25,2.0,5.0
1543470,13.0,166.0,33.0,Male,3.0,84892.35,4.0,7.0
7732567,5.0,70.0,23.5,Unknown,2.0,54462.74,2.0,5.0
2420919,10.0,127.0,55.5,Female,2.0,121812.57,3.0,6.0
7270022,12.0,147.0,58.0,Female,3.0,179267.21000000002,2.0,5.0
6776952,8.0,107.0,52.0,Unknown,2.0,32798.36,1.0,4.0
7103109,19.0,230.0,69.5,Male,2.0,117319.45,6.0,9.0
942896,7.0,84.0,42.5,Unknown,2.0,31472.47,6.0,9.0
4527751,7.0,94.0,79.0,Unknown,2.0,27856.6,3.0,6.0
4589317,6.0,76.0,29.0,Unknown,3.0,66681.44,6.0,9.0
3462644,7.0,84.0,58.5,Unknown,2.0,45356.86,4.0,7.0
2683226,13.0,161.0,51.5,Female,2.0,29133.46,2.0,6.0
3569902,10.0,124.0,82.0,Female,2.0,152017.86,6.0,9.0
2289671,4.0,57.0,38.0,Unknown,2.0,26704.36,1.0,4.0
5071519,16.0,197.0,59.5,Female,3.0,371702.34,4.0,7.0
17008,25.0,304.0,55.5,Male,2.0,27571.03,1.0,4.0
3829679,24.0,288.0,62.5,Male,3.0,290346.6,4.0,7.0
2001996,22.0,274.0,71.5,Female,3.0,295542.38,6.0,9.0
7577221,20.0,251.0,71.5,Male,2.0,444217.49,1.0,4.0
1662324,20.0,250.0,75.0,Male,3.0,69118.87,0.0,3.0
6620125,20.0,247.0,61.5,Female,2.0,112245.77,0.0,3.0
4754251,16.0,192.0,18.5,Male,3.0,35768.6,4.0,7.0
7273405,12.0,145.0,36.0,Female,2.0,444272.48,5.0,8.0
2206093,5.0,70.0,38.5,Unknown,4.0,56152.34,6.0,9.0
6560561,12.0,153.0,33.5,Female,2.0,28324.69,0.0,3.0
6726183,9.0,112.0,29.5,Female,2.0,45698.06,2.0,5.0
8362148,11.0,142.0,75.5,Female,2.0,122971.89,1.0,4.0
9120611,7.0,88.0,22.0,Unknown,2.0,108862.75,3.0,6.0
5253039,21.0,253.0,55.5,Male,2.0,354553.8,6.0,9.0
4693102,8.0,101.0,42.0,Unknown,2.0,71720.83,1.0,4.0
940850,10.0,129.0,45.5,Male,2.0,61659.94,0.0,3.0
6673351,21.0,259.0,37.5,Female,2.0,76751.54000000001,1.0,4.0
3966303,15.0,186.0,65.0,Female,2.0,613752.9,6.0,9.0
8881896,12.0,149.0,51.5,Female,2.0,1962686.9,1.0,4.0
4437508,8.0,106.0,31.0,Female,2.0,64736.52,1.0,4.0
8776577,12.0,150.0,39.0,Male,2.0,78146.42,1.0,4.0
4778977,12.0,151.0,49.5,Male,2.0,39699.4,0.0,3.0
9978851,6.0,80.0,70.0,Unknown,2.0,194441.73,2.0,5.0
7552674,6.0,72.0,60.0,Male,2.0,25855.69,0.0,3.0
647976,9.0,111.0,54.0,Female,2.0,152515.75,3.0,6.0
9587164,26.0,317.0,20.5,Female,3.0,30362.54,6.0,9.0
6629406,5.0,70.0,26.0,Unknown,2.0,30218.2,4.0,7.0
32305,7.0,95.0,69.0,Female,2.0,239151.07,2.0,5.0
8164412,4.0,57.0,56.0,Unknown,2.0,23846.22,4.0,7.0
4628025,14.0,170.0,64.0,Female,2.0,180923.15,4.0,7.0
5096028,10.0,121.0,29.0,Female,2.0,88832.4,1.0,4.0
9816717,7.0,91.0,60.0,Unknown,2.0,805996.7300000001,3.0,6.0
720356,8.0,105.0,37.0,Female,2.0,39970.34,2.0,5.0
576605,14.0,174.0,70.0,Female,2.0,221947.42,4.0,7.0
8921189,6.0,72.0,23.0,Unknown,3.0,61841.56,6.0,9.0
4918622,15.0,191.0,49.0,Male,2.0,190652.33,5.0,8.0
5086236,19.0,232.0,55.5,Unknown,2.0,32122.04,3.0,6.0
8188670,28.0,342.0,69.0,Male,3.0,755574.17,6.0,9.0
3514358,14.0,174.0,54.0,Unknown,2.0,85083.75,3.0,6.0
2731499,4.0,57.0,36.5,Unknown,2.0,26526.16,4.0,7.0
1619822,5.0,64.0,56.0,Unknown,2.0,209907.63,0.0,3.0
6600012,8.0,107.0,55.5,Female,2.0,33284.899999999994,1.0,4.0
678271,24.0,289.0,76.5,Female,2.0,155339.52999999997,1.0,4.0
407804,23.0,281.0,68.0,Female,2.0,73889.26999999999,4.0,7.0
9118111,23.0,278.0,46.5,Male,3.0,454964.57,6.0,9.0
3370229,23.0,277.0,62.0,Female,2.0,24900.25,2.0,5.0
1042347,22.0,269.0,60.0,Female,2.0,44143.85,0.0,3.0
3704470,21.0,252.0,56.5,Female,2.0,26595.92,0.0,3.0
1583448,20.0,248.0,58.5,Female,2.0,460901.34,2.0,5.0
7439765,18.0,224.0,50.0,Unknown,2.0,64300.7,2.0,5.0
8347961,10.0,128.0,28.0,Female,2.0,24420.39,2.0,5.0
1767975,10.0,130.0,59.5,Female,2.0,37510.89,6.0,9.0
7993028,9.0,115.0,30.5,Female,2.0,56159.75,6.0,9.0
1052802,13.0,161.0,45.0,Male,2.0,37906.73,0.0,3.0
9622642,10.0,130.0,41.5,Female,2.0,110631.7,1.0,4.0
9262125,9.0,110.0,28.0,Female,2.0,30465.91,6.0,9.0
254955,5.0,67.0,38.0,Unknown,3.0,110278.02,2.0,5.0
5221886,6.0,82.0,56.5,Unknown,2.0,144682.59999999998,5.0,8.0
3658689,21.0,253.0,47.0,Female,2.0,55850.76,6.0,9.0
6962063,14.0,179.0,78.0,Unknown,2.0,206288.3,4.0,7.0
6007896,16.0,194.0,71.0,Male,2.0,72105.01999999999,5.0,8.0
8009992,5.0,67.0,22.5,Unknown,2.0,52893.62,6.0,9.0
3147251,15.0,189.0,41.0,Female,2.0,63461.71,4.0,7.0
8290360,27.0,331.0,82.5,Male,3.0,593592.4,6.0,9.0
7678969,7.0,93.0,68.5,Female,2.0,274264.61,4.0,7.0
6231369,5.0,70.0,42.5,Unknown,2.0,141948.06,2.0,5.0
5892682,7.0,84.0,32.0,Unknown,2.0,38517.27,5.0,8.0
3874313,6.0,81.0,28.5,Unknown,2.0,25972.24,0.0,3.0
2761743,4.0,56.0,17.5,Unknown,2.0,26420.95,3.0,6.0
4700815,6.0,75.0,56.0,Unknown,3.0,33134.52,4.0,7.0
3671543,6.0,83.0,49.0,Unknown,2.0,33227.78,3.0,6.0
1608794,11.0,142.0,28.0,Male,2.0,91659.28,6.0,9.0
5409799,5.0,68.0,53.5,Unknown,2.0,25681.59,1.0,4.0
326204,5.0,60.0,27.0,Unknown,2.0,40765.11,1.0,4.0
1853532,13.0,162.0,62.0,Female,3.0,281097.24,6.0,9.0
4849434,4.0,58.0,52.0,Unknown,2.0,34509.869999999995,1.0,4.0
6687422,7.0,88.0,27.0,Unknown,2.0,27068.97,2.0,5.0
435580,12.0,145.0,47.5,Female,2.0,60447.97,1.0,4.0
8706042,12.0,145.0,53.5,Male,2.0,52262.42,1.0,4.0
613134,9.0,110.0,44.5,Female,2.0,70110.35,1.0,4.0
7133357,5.0,61.0,20.0,Female,2.0,25018.87,1.0,4.0
6244184,14.0,175.0,65.5,Male,2.0,496844.32,6.0,9.0
447488,13.0,165.0,59.5,Female,2.0,162878.97999999998,4.0,7.0
1772370,13.0,166.0,41.0,Male,2.0,134985.96,5.0,8.0
9987051,4.0,58.0,30.5,Unknown,3.0,57278.64,1.0,4.0
2842705,13.0,167.0,46.5,Male,2.0,33917.71,3.0,6.0
8755557,9.0,114.0,44.5,Female,3.0,122430.8,2.0,5.0
259061,12.0,145.0,26.0,Male,2.0,30676.36,2.0,5.0
5329687,34.0,418.0,64.0,Female,3.0,706153.53,6.0,9.0
7992449,5.0,64.0,26.0,Female,3.0,41700.84,4.0,7.0
8095506,18.0,225.0,39.0,Female,2.0,26917.63,3.0,6.0
819412,5.0,70.0,35.5,Unknown,2.0,62412.92,3.0,6.0
7017459,7.0,85.0,41.0,Unknown,2.0,174004.89,6.0,9.0
5605478,19.0,238.0,47.5,Female,2.0,371363.87,2.0,5.0
2132645,11.0,135.0,40.5,Female,3.0,162828.91999999998,5.0,8.0
8415753,16.0,199.0,41.5,Male,2.0,57441.12,1.0,4.0
3684393,8.0,104.0,56.5,Female,2.0,583645.79,0.0,4.0
9828652,4.0,58.0,59.0,Male,3.0,43120.57,5.0,8.0
9645775,6.0,81.0,42.0,Unknown,2.0,30016.15,0.0,3.0
4538401,19.0,239.0,54.0,Female,2.0,113059.61,4.0,7.0
5073796,25.0,301.0,30.0,Male,2.0,23903.5,0.0,3.0
3524038,23.0,280.0,50.5,Male,5.0,1154884.51,5.0,8.0
4279764,22.0,267.0,80.0,Unknown,2.0,25097.81,2.0,5.0
111477,20.0,249.0,55.0,Female,3.0,84826.22,5.0,8.0
2214966,20.0,245.0,41.5,Male,4.0,801176.4800000001,1.0,5.0
7825712,32.0,393.0,50.0,Female,3.0,286444.08,5.0,8.0
3123633,18.0,219.0,65.0,Female,2.0,40060.59,6.0,9.0
464620,17.0,215.0,65.5,Female,2.0,39907.27,4.0,7.0
1161478,17.0,214.0,66.5,Male,3.0,143236.3,6.0,9.0
3823225,4.0,58.0,45.0,Female,2.0,29388.52,0.0,3.0
6238948,10.0,121.0,40.5,Female,2.0,85075.81,0.0,3.0
9425325,15.0,186.0,34.0,Male,2.0,185265.89,6.0,9.0
8529788,11.0,132.0,38.0,Female,2.0,37416.88,6.0,9.0
1498252,4.0,49.0,19.0,Unknown,2.0,24899.11,2.0,5.0
7135656,11.0,142.0,30.5,Male,4.0,153264.52000000002,6.0,9.0
472433,4.0,59.0,56.5,Unknown,2.0,46620.02,1.0,4.0
8728382,10.0,128.0,52.0,Female,2.0,46765.74,1.0,4.0
2363857,16.0,192.0,48.0,Male,2.0,24395.61,6.0,9.0
4006342,6.0,83.0,39.5,Unknown,2.0,27278.45,1.0,4.0
1754536,11.0,133.0,23.5,Female,2.0,37570.65,2.0,5.0
4899603,6.0,83.0,61.5,Unknown,2.0,70578.72,2.0,5.0
3537292,8.0,103.0,41.5,Unknown,2.0,38143.59,2.0,5.0
4950671,7.0,84.0,62.0,Unknown,2.0,182743.8,5.0,8.0
7238550,9.0,110.0,31.0,Female,2.0,31183.48,0.0,3.0
3854484,5.0,60.0,59.0,Unknown,2.0,429790.97,1.0,4.0
1804569,11.0,133.0,54.5,Male,2.0,25197.01,0.0,3.0
4213595,11.0,143.0,31.5,Female,2.0,52640.17999999999,1.0,4.0
8385686,28.0,336.0,66.0,Female,2.0,330958.48,5.0,8.0
309009,6.0,80.0,51.5,Unknown,2.0,41815.74,1.0,4.0
4590615,6.0,83.0,28.5,Unknown,2.0,45108.76,0.0,3.0
2972136,13.0,156.0,60.0,Male,2.0,123651.22,6.0,9.0
2693022,27.0,334.0,61.0,Male,3.0,168902.34999999998,1.0,4.0
7298873,4.0,58.0,20.0,Unknown,2.0,25041.18,0.0,3.0
7556542,16.0,193.0,61.5,Female,2.0,179663.8,1.0,4.0
3957228,7.0,85.0,27.0,Unknown,2.0,76255.44,5.0,8.0
7569353,10.0,131.0,28.5,Male,2.0,34476.46,2.0,5.0
843004,6.0,73.0,58.0,Unknown,2.0,399501.93,6.0,9.0
2319061,10.0,126.0,52.5,Female,2.0,31256.32,6.0,9.0
4559108,12.0,149.0,69.0,Female,2.0,42260.95,3.0,6.0
7066375,12.0,154.0,57.5,Female,2.0,115329.86,0.0,3.0
5055243,5.0,71.0,46.5,Unknown,3.0,99195.8,6.0,9.0
4303663,4.0,56.0,24.0,Unknown,2.0,25692.69,0.0,3.0
6138068,15.0,182.0,36.5,Female,3.0,72426.94,3.0,6.0
867202,8.0,97.0,26.0,Unknown,3.0,217532.03,4.0,7.0
831125,14.0,179.0,34.0,Male,2.0,67138.62,6.0,9.0
1305393,11.0,143.0,36.0,Male,2.0,76819.37,2.0,5.0
9319822,15.0,185.0,31.5,Male,2.0,51811.76,3.0,6.0
4266004,7.0,86.0,51.0,Unknown,3.0,116325.93,4.0,7.0
8370988,15.0,181.0,35.5,Unknown,3.0,206142.1,6.0,9.0
5849149,11.0,141.0,30.5,Female,3.0,516755.96,6.0,9.0
6612679,13.0,160.0,68.0,Male,2.0,182272.59000000003,4.0,7.0
9034979,21.0,263.0,69.5,Female,3.0,66024.29000000001,5.0,8.0
8255460,21.0,253.0,55.5,Male,2.0,48898.05,2.0,5.0
5823318,20.0,241.0,57.5,Male,2.0,105201.23,6.0,9.0
8888379,19.0,238.0,26.5,Male,2.0,126316.42,6.0,9.0
7271229,17.0,210.0,48.5,Female,3.0,123197.02,6.0,9.0
2075655,33.0,397.0,59.0,Male,2.0,120000.64,1.0,4.0
4851774,9.0,115.0,29.0,Male,2.0,277867.29,6.0,9.0
6997671,4.0,56.0,39.5,Unknown,2.0,37307.16,5.0,8.0
8412534,8.0,107.0,53.0,Female,2.0,86326.64,5.0,8.0
1329482,15.0,181.0,60.0,Female,2.0,102554.93,2.0,5.0
5529860,27.0,332.0,60.5,Male,2.0,31435.99,4.0,7.0
7722105,16.0,200.0,50.5,Male,2.0,246651.18,6.0,9.0
2717623,6.0,78.0,66.0,Male,2.0,456222.34,6.0,9.0
2196738,15.0,186.0,34.0,Female,2.0,70461.07,2.0,5.0
1591385,6.0,75.0,36.0,Unknown,5.0,478054.24,6.0,9.0
8213835,6.0,83.0,46.5,Unknown,3.0,74456.45999999999,3.0,6.0
6472452,15.0,182.0,58.5,Male,3.0,263484.97,4.0,7.0
8642378,15.0,191.0,34.0,Male,2.0,313633.31,6.0,9.0
2767704,14.0,169.0,64.5,Male,3.0,948561.36,6.0,9.0
7998709,13.0,165.0,53.0,Male,2.0,178010.13,6.0,9.0
8084953,7.0,86.0,30.5,Unknown,2.0,52610.03999999999,6.0,9.0
2860247,13.0,166.0,41.0,Male,3.0,152559.37,0.0,3.0
3018904,11.0,138.0,53.0,Female,2.0,112291.51,2.0,5.0
487726,6.0,79.0,65.0,Unknown,3.0,119710.84,0.0,3.0
4284652,2.0,34.0,46.0,Female,4.0,376937.41,6.0,9.0
3790193,16.0,192.0,50.0,Female,2.0,105019.75,5.0,8.0
9225978,8.0,107.0,53.5,Male,4.0,1138882.78,3.0,6.0
1892205,25.0,306.0,26.0,Male,2.0,49314.13,0.0,3.0
8789752,7.0,88.0,81.0,Unknown,2.0,166329.09999999998,4.0,7.0
3729718,8.0,105.0,37.5,Male,2.0,82903.5,1.0,4.0
2306958,5.0,70.0,28.5,Unknown,3.0,47017.67,2.0,5.0
6892758,19.0,238.0,56.0,Unknown,3.0,721001.37,5.0,8.0
593969,7.0,94.0,31.5,Unknown,2.0,48210.4,6.0,9.0
3610647,26.0,314.0,83.0,Male,2.0,253737.25,6.0,9.0
9516710,8.0,100.0,28.5,Unknown,2.0,31801.02,6.0,9.0
8772053,5.0,66.0,28.0,Unknown,3.0,37952.82,5.0,8.0
2326972,11.0,133.0,25.5,Female,2.0,63271.62,3.0,6.0
3706299,14.0,168.0,50.0,Female,3.0,240874.75,4.0,7.0
5027770,5.0,66.0,23.0,Unknown,2.0,284537.9,6.0,9.0
4209639,5.0,63.0,55.5,Female,2.0,61320.99,0.0,3.0
911666,12.0,150.0,32.5,Male,2.0,33058.48,5.0,8.0
258829,22.0,272.0,69.5,Female,2.0,125049.31,1.0,4.0
8856304,26.0,323.0,46.0,Male,3.0,138682.24,0.0,3.0
6028338,34.0,409.0,86.0,Male,2.0,86466.04000000001,5.0,8.0
3183559,21.0,261.0,21.5,Female,3.0,102754.79,4.0,7.0
5781864,5.0,70.0,20.5,Unknown,2.0,28818.84,3.0,6.0
9243948,15.0,190.0,65.5,Female,2.0,65350.4,3.0,6.0
2628956,24.0,294.0,19.0,Unknown,2.0,29733.36,4.0,7.0
4187058,22.0,265.0,50.5,Male,2.0,65251.44,6.0,9.0
9669175,21.0,252.0,59.5,Female,2.0,58687.43,2.0,5.0
9815123,20.0,244.0,27.5,Female,2.0,34875.399999999994,3.0,6.0
1773846,20.0,241.0,59.0,Female,2.0,108272.23,1.0,4.0
9718754,19.0,228.0,25.5,Unknown,2.0,72368.89,6.0,9.0
4717641,16.0,199.0,69.0,Female,2.0,122559.87,6.0,9.0
1000672,27.0,335.0,65.5,Female,3.0,81708.17,2.0,6.0
2856133,7.0,88.0,58.0,Unknown,2.0,121799.03,6.0,9.0
9988530,16.0,195.0,41.0,Male,3.0,95330.31,6.0,9.0
8527227,8.0,106.0,69.5,Female,2.0,383152.68,6.0,9.0
5624434,5.0,70.0,53.5,Unknown,2.0,32688.85,1.0,4.0
8962529,8.0,98.0,32.0,Unknown,2.0,39234.27,2.0,5.0
8492580,15.0,181.0,38.0,Male,2.0,58576.4,1.0,4.0
7067348,13.0,167.0,72.5,Female,2.0,80475.57,1.0,6.0
734963,6.0,78.0,48.5,Unknown,2.0,194320.85,1.0,4.0
5571841,24.0,292.0,49.0,Female,2.0,115250.44,0.0,4.0
3591304,7.0,85.0,61.0,Unknown,2.0,123132.96,2.0,6.0
9620668,13.0,166.0,33.5,Male,2.0,28613.48,1.0,4.0
7494704,5.0,62.0,23.0,Male,2.0,47313.31,6.0,9.0
5112102,11.0,141.0,57.5,Female,3.0,40172.24,6.0,9.0
207455,14.0,176.0,33.0,Male,2.0,75649.36,6.0,9.0
6799154,6.0,77.0,65.5,Unknown,2.0,587650.0,6.0,9.0
7596241,8.0,97.0,60.5,Male,2.0,664073.29,3.0,6.0
4740873,6.0,83.0,23.5,Unknown,2.0,45154.09,2.0,5.0
58194,9.0,113.0,45.5,Female,2.0,196403.93,5.0,8.0
2966989,16.0,201.0,35.0,Female,2.0,34009.619999999995,6.0,9.0
7955487,11.0,140.0,32.0,Male,2.0,37479.17,2.0,5.0
4384422,5.0,62.0,54.5,Female,2.0,45997.06,1.0,5.0
2540665,5.0,66.0,21.0,Unknown,3.0,140754.13,2.0,5.0
8534176,16.0,197.0,67.5,Male,2.0,256437.34000000003,5.0,8.0
2750787,14.0,169.0,67.0,Female,2.0,262803.29,3.0,6.0
7757155,12.0,152.0,62.5,Male,2.0,346717.31,4.0,7.0
8422678,23.0,286.0,64.0,Female,2.0,135511.46,6.0,9.0
2001068,5.0,67.0,32.0,Unknown,3.0,53797.42999999999,3.0,6.0
3287155,8.0,100.0,64.5,Unknown,2.0,51929.14,1.0,4.0
343525,4.0,58.0,50.0,Unknown,2.0,41221.27,1.0,4.0
1358392,15.0,183.0,52.0,Male,2.0,36454.45,6.0,9.0
4490836,25.0,305.0,67.5,Unknown,3.0,219933.28,6.0,9.0
8656278,12.0,155.0,48.5,Male,2.0,60046.58,1.0,4.0
1565846,15.0,190.0,51.0,Male,2.0,171119.86,6.0,9.0
8999328,6.0,83.0,52.5,Unknown,2.0,387052.99,4.0,7.0
8053506,8.0,102.0,43.5,Unknown,2.0,54717.21,0.0,3.0
534616,15.0,180.0,64.0,Female,2.0,54365.6,2.0,6.0
1077660,12.0,151.0,57.5,Female,3.0,83922.48999999999,5.0,8.0
5765540,11.0,143.0,36.0,Female,2.0,113885.96,2.0,5.0
3612499,22.0,275.0,59.0,Male,2.0,3490121.2,4.0,7.0
7287000,21.0,258.0,45.5,Male,3.0,317015.25,6.0,9.0
3208047,20.0,246.0,64.5,Male,3.0,356991.46,3.0,6.0
2311614,21.0,261.0,75.5,Female,3.0,78087.41,2.0,5.0
3952364,20.0,249.0,43.5,Male,2.0,121143.09,2.0,5.0
9244581,20.0,241.0,34.5,Male,2.0,62313.76,2.0,5.0
6681904,19.0,229.0,49.0,Male,3.0,394854.38,6.0,9.0
3619249,13.0,157.0,65.5,Female,2.0,103542.56,3.0,6.0
5982976,12.0,153.0,36.0,Male,2.0,25116.3,1.0,4.0
144169,9.0,110.0,29.0,Male,4.0,58242.54,6.0,9.0
8075641,15.0,180.0,43.5,Male,2.0,30908.38,0.0,3.0
6651764,8.0,96.0,33.5,Unknown,4.0,152091.8,4.0,7.0
1512734,5.0,65.0,32.5,Unknown,2.0,39462.49,6.0,9.0
3573021,7.0,95.0,59.5,Unknown,3.0,61851.98,1.0,4.0
2812048,6.0,74.0,32.5,Unknown,2.0,51856.67,0.0,3.0
8976019,30.0,369.0,77.5,Male,3.0,2433552.97,3.0,6.0
3452031,6.0,78.0,21.5,Unknown,2.0,33192.95,6.0,9.0
3667972,4.0,59.0,20.5,Unknown,3.0,48007.95,5.0,8.0
9203588,7.0,94.0,29.0,Unknown,2.0,70837.2,1.0,4.0
3667643,8.0,97.0,58.5,Female,3.0,47798.87,5.0,8.0
4955622,14.0,178.0,66.0,Male,2.0,40684.47,2.0,5.0
239815,4.0,56.0,51.5,Male,2.0,610818.28,6.0,9.0
2818136,5.0,64.0,26.5,Unknown,2.0,51610.75,1.0,4.0
6030890,14.0,179.0,33.0,Female,2.0,31504.24,6.0,9.0
6362027,13.0,167.0,47.5,Female,2.0,300298.85,1.0,4.0
1829847,4.0,58.0,22.5,Unknown,2.0,25052.12,1.0,4.0
5342274,8.0,107.0,74.0,Female,2.0,50336.69,1.0,6.0
3987115,25.0,300.0,20.5,Female,2.0,57416.15,1.0,4.0
635703,31.0,379.0,73.0,Female,2.0,70987.42,4.0,7.0
3666791,15.0,181.0,52.0,Female,2.0,37688.63,2.0,6.0
6546707,5.0,62.0,26.0,Unknown,2.0,33571.66,6.0,9.0
843422,5.0,64.0,33.0,Unknown,3.0,77412.19,6.0,9.0
6730435,14.0,178.0,20.5,Female,2.0,28342.03,0.0,3.0
8697352,4.0,52.0,27.5,Male,2.0,40311.7,6.0,9.0
8221767,11.0,132.0,64.0,Female,2.0,1721737.5499999998,1.0,4.0
6910263,12.0,153.0,59.5,Female,2.0,177641.22999999998,5.0,8.0
2476202,13.0,160.0,23.5,Unknown,2.0,27991.6,2.0,5.0
8939444,8.0,106.0,29.0,Female,2.0,46798.77,2.0,5.0
1850728,6.0,74.0,43.5,Unknown,2.0,35684.68,1.0,4.0
8649159,5.0,65.0,47.0,Male,2.0,56733.73,0.0,3.0
6147241,5.0,60.0,58.5,Unknown,2.0,42968.99,2.0,5.0
8936999,13.0,159.0,32.5,Male,2.0,24720.33,6.0,9.0
426074,5.0,65.0,57.5,Unknown,3.0,57362.24,4.0,7.0
7635946,9.0,118.0,37.0,Male,2.0,299940.88,4.0,7.0
1823241,15.0,181.0,57.0,Female,2.0,100643.94,1.0,4.0
9463762,14.0,174.0,75.0,Female,2.0,26399.76,3.0,6.0
9957402,29.0,354.0,48.0,Male,2.0,36221.23,5.0,8.0
117979,7.0,91.0,67.5,Unknown,2.0,202254.49,6.0,9.0
7405342,17.0,210.0,47.0,Female,2.0,52038.53999999999,6.0,9.0
8067432,27.0,334.0,58.0,Female,2.0,26963.62,3.0,6.0
2600074,16.0,197.0,64.0,Male,2.0,764728.0800000001,1.0,4.0
8455839,6.0,80.0,37.0,Unknown,2.0,246616.29,6.0,9.0
6064547,7.0,84.0,24.5,Unknown,2.0,30058.01,0.0,3.0
2804747,16.0,194.0,56.0,Male,2.0,142973.59,0.0,3.0
9812321,21.0,254.0,26.5,Male,3.0,366630.09,5.0,8.0
8854982,19.0,236.0,27.0,Female,3.0,48747.64,2.0,5.0
9036797,19.0,233.0,70.0,Female,3.0,221316.27,4.0,7.0
8894950,18.0,225.0,27.0,Male,2.0,34620.92,3.0,6.0
9512025,18.0,218.0,21.5,Male,2.0,50022.86,3.0,6.0
7474303,8.0,96.0,59.0,Unknown,2.0,31331.44,2.0,5.0
7468048,7.0,87.0,68.0,Unknown,2.0,37786.06,6.0,9.0
3309192,13.0,164.0,52.5,Female,2.0,106421.3,6.0,9.0
7550317,6.0,72.0,26.0,Male,2.0,77680.98,6.0,9.0
3829828,15.0,189.0,57.0,Male,2.0,89148.6,3.0,6.0
6059573,5.0,60.0,25.0,Unknown,2.0,56446.23,5.0,8.0
2277808,5.0,71.0,26.0,Unknown,2.0,33809.33,4.0,7.0
1187711,7.0,92.0,50.5,Unknown,2.0,31068.09,2.0,5.0
4632690,27.0,329.0,79.5,Male,3.0,584829.25,5.0,8.0
7243286,6.0,73.0,43.5,Unknown,2.0,36578.77,1.0,4.0
3408283,16.0,193.0,50.0,Female,2.0,539990.5,0.0,3.0
6622069,5.0,70.0,59.5,Unknown,2.0,54932.03,2.0,5.0
438959,6.0,81.0,61.5,Unknown,2.0,602648.43,5.0,8.0
7009928,13.0,161.0,72.0,Female,2.0,329228.81,6.0,9.0
9211840,4.0,58.0,28.0,Unknown,2.0,28666.39,6.0,9.0
112766,4.0,59.0,36.5,Unknown,2.0,93009.16,0.0,3.0
1153028,5.0,67.0,20.5,Unknown,2.0,51180.23,1.0,4.0
8814095,6.0,72.0,69.5,Male,2.0,537458.0,6.0,9.0
9274410,12.0,154.0,56.0,Female,2.0,47982.88,0.0,3.0
8516632,14.0,178.0,61.0,Male,2.0,165649.89,6.0,9.0
5604246,24.0,288.0,67.0,Male,3.0,63274.3,5.0,8.0
8855062,7.0,90.0,24.5,Unknown,2.0,66503.28,6.0,9.0
9632911,6.0,82.0,68.0,Unknown,3.0,143376.31,3.0,6.0
3048587,25.0,300.0,29.5,Male,2.0,491454.78,3.0,6.0
5513449,4.0,49.0,22.0,Male,3.0,83607.29000000001,6.0,9.0
3891143,4.0,59.0,50.5,Unknown,3.0,88865.63,2.0,5.0
3681694,13.0,156.0,36.0,Female,2.0,107405.34,0.0,4.0
7057699,4.0,58.0,52.0,Unknown,2.0,31901.97,2.0,5.0
9443496,5.0,70.0,54.5,Unknown,2.0,65012.88,3.0,6.0
2654796,4.0,58.0,25.5,Unknown,2.0,44834.45,4.0,7.0
2653282,12.0,153.0,64.0,Female,2.0,572137.86,1.0,4.0
6108295,14.0,172.0,29.5,Female,2.0,80308.04000000001,5.0,8.0
3442204,4.0,58.0,23.5,Unknown,2.0,38986.77,1.0,4.0
7248407,15.0,188.0,57.5,Male,2.0,116609.13,2.0,5.0
5214008,10.0,125.0,23.0,Male,2.0,47764.49,6.0,9.0
9795698,21.0,257.0,29.5,Female,2.0,46987.78,1.0,4.0
7133916,21.0,253.0,74.0,Female,2.0,67217.04999999999,3.0,6.0
8201934,20.0,246.0,56.0,Female,4.0,143474.63,1.0,4.0
9443465,18.0,219.0,52.0,Female,2.0,45479.52,6.0,9.0
9000659,17.0,207.0,60.5,Male,2.0,24729.94,4.0,7.0
9321917,11.0,142.0,81.5,Female,3.0,1187195.12,6.0,9.0
4805014,15.0,181.0,58.5,Male,3.0,422067.94,2.0,5.0
4285041,6.0,80.0,29.0,Unknown,2.0,49438.45,2.0,5.0
3389093,5.0,70.0,38.5,Unknown,2.0,42926.78999999999,0.0,3.0
5171763,10.0,126.0,52.5,Male,2.0,65901.86,5.0,8.0
5703569,5.0,65.0,38.5,Unknown,2.0,94379.95,0.0,3.0
9852252,4.0,59.0,55.5,Unknown,2.0,55541.62,1.0,4.0
3548574,9.0,109.0,26.5,Female,2.0,50904.87,4.0,7.0
8112947,8.0,104.0,34.0,Female,2.0,39724.34,4.0,7.0
6106183,8.0,104.0,47.5,Female,2.0,28762.05,0.0,3.0
975661,20.0,250.0,81.5,Male,4.0,652028.63,6.0,9.0
6958779,7.0,91.0,38.0,Unknown,2.0,66391.73999999999,5.0,8.0
1828019,5.0,60.0,29.5,Unknown,2.0,46592.53,3.0,6.0
7853749,6.0,83.0,60.0,Unknown,2.0,83835.97,2.0,5.0
226840,10.0,124.0,41.0,Male,2.0,30815.68,5.0,8.0
8159840,7.0,94.0,52.5,Unknown,2.0,97648.91,2.0,5.0
9482725,5.0,67.0,25.0,Male,3.0,81418.03,6.0,9.0
8843660,12.0,155.0,45.5,Male,2.0,31888.38,1.0,4.0
985074,14.0,174.0,44.5,Male,2.0,194143.61,0.0,3.0
5168921,8.0,100.0,26.5,Unknown,3.0,72068.98999999999,3.0,6.0
8532902,8.0,96.0,43.0,Unknown,5.0,441813.24,6.0,9.0
5796398,12.0,154.0,31.0,Male,2.0,97768.8,3.0,6.0
4609085,5.0,69.0,45.5,Unknown,2.0,46218.66,2.0,5.0
6303898,5.0,64.0,29.0,Unknown,2.0,30694.84,3.0,6.0
1151820,7.0,85.0,48.5,Unknown,2.0,34234.77,2.0,5.0
114541,11.0,134.0,35.0,Male,3.0,115103.84,3.0,6.0
3704004,4.0,57.0,65.0,Unknown,2.0,224529.25,1.0,4.0
2528520,6.0,72.0,31.0,Unknown,2.0,169159.19,6.0,9.0
7217265,12.0,144.0,34.0,Female,3.0,81869.79999999999,3.0,6.0
4825975,27.0,334.0,31.0,Male,2.0,26082.51,1.0,4.0
3534362,14.0,179.0,44.0,Female,2.0,28469.47,2.0,5.0
8402635,12.0,151.0,24.5,Male,2.0,37161.72,2.0,5.0
1278548,5.0,70.0,23.5,Unknown,2.0,40789.19,5.0,8.0
693500,9.0,108.0,69.0,Female,2.0,43583.8,0.0,3.0
3549101,12.0,152.0,33.5,Male,2.0,73032.31,1.0,4.0
2963107,10.0,130.0,57.5,Male,2.0,33845.53,2.0,5.0
6043145,9.0,119.0,65.5,Female,2.0,187592.26,4.0,7.0
1675453,14.0,174.0,41.0,Male,2.0,364576.12,4.0,7.0
7146673,15.0,183.0,32.0,Female,2.0,38928.94,0.0,3.0
2390984,5.0,63.0,61.5,Male,3.0,254054.99,6.0,9.0
9610827,10.0,123.0,46.5,Female,2.0,141075.5,1.0,4.0
168940,8.0,100.0,31.0,Unknown,2.0,68019.95999999999,6.0,9.0
946828,7.0,84.0,49.5,Unknown,3.0,50581.27,6.0,9.0
1290560,2.0,35.0,65.5,Male,2.0,192676.31,3.0,6.0
545449,16.0,193.0,67.5,Male,2.0,597460.03,4.0,7.0
5581699,6.0,79.0,38.5,Unknown,2.0,79446.18,1.0,4.0
45131,5.0,70.0,76.0,Unknown,2.0,391280.54,6.0,9.0
316989,12.0,146.0,53.5,Male,2.0,37525.93,3.0,6.0
7187770,16.0,192.0,51.5,Female,2.0,28306.3,3.0,6.0
4748887,19.0,233.0,45.0,Male,2.0,93858.12,6.0,9.0
649569,7.0,93.0,26.5,Male,2.0,37222.5,4.0,7.0
5197627,16.0,194.0,45.5,Male,2.0,32908.509999999995,2.0,5.0
9704271,4.0,58.0,46.5,Unknown,2.0,29388.51,0.0,3.0
4789825,7.0,95.0,29.5,Unknown,3.0,87543.48,1.0,4.0
2475049,9.0,110.0,54.0,Female,2.0,38435.31,0.0,3.0
8019092,24.0,297.0,20.0,Unknown,2.0,35291.42,2.0,5.0
2230975,21.0,252.0,43.5,Male,3.0,410338.44,2.0,5.0
9269500,20.0,251.0,54.0,Female,2.0,328110.48,5.0,9.0
8264976,22.0,275.0,65.5,Female,2.0,307586.49,0.0,3.0
6603236,18.0,216.0,41.5,Female,2.0,124680.26,6.0,9.0
5734562,18.0,216.0,65.0,Unknown,2.0,27131.05,0.0,3.0
1062473,17.0,204.0,36.0,Female,2.0,183063.64,5.0,8.0
8023625,28.0,342.0,54.0,Male,4.0,1970574.27,6.0,9.0
2676574,7.0,95.0,62.5,Unknown,2.0,27532.62,6.0,9.0
1271013,13.0,162.0,28.0,Female,2.0,106081.49,2.0,5.0
2792084,9.0,119.0,70.0,Female,4.0,184205.15,6.0,9.0
2423250,38.0,459.0,83.5,Female,2.0,104266.06,4.0,7.0
6114410,4.0,57.0,25.0,Unknown,2.0,51590.07,6.0,9.0
4850477,8.0,96.0,30.5,Unknown,2.0,71457.98999999999,3.0,6.0
3674015,8.0,97.0,45.5,Male,2.0,182067.89,0.0,3.0
8445313,6.0,76.0,29.0,Unknown,2.0,43463.25,6.0,9.0
7920414,39.0,472.0,59.5,Male,2.0,119141.12,2.0,5.0
820349,30.0,370.0,62.5,Male,2.0,158815.82,0.0,5.0
370200,6.0,83.0,36.0,Unknown,2.0,66024.37,1.0,4.0
8510262,6.0,83.0,30.5,Unknown,3.0,191624.74,4.0,7.0
3196826,7.0,86.0,58.0,Unknown,2.0,192169.43,5.0,8.0
86780,30.0,370.0,61.0,Male,2.0,30461.48,0.0,3.0
6198022,15.0,189.0,40.5,Female,2.0,42789.78,1.0,4.0
5443362,9.0,118.0,37.0,Male,2.0,55509.66,3.0,6.0
7214464,13.0,156.0,35.0,Female,2.0,117184.0,2.0,5.0
8021287,13.0,167.0,39.5,Male,3.0,229207.65,2.0,5.0
5008718,15.0,189.0,55.5,Female,3.0,951492.63,6.0,9.0
537598,14.0,178.0,55.5,Male,2.0,99500.82,1.0,4.0
4366568,13.0,166.0,35.0,Unknown,2.0,30356.38,0.0,3.0
3797296,10.0,125.0,74.0,Female,2.0,60081.23,3.0,6.0
1187132,4.0,59.0,22.0,Female,2.0,30815.09,1.0,4.0
1501374,12.0,149.0,51.5,Male,3.0,385663.56,6.0,9.0
5901729,12.0,152.0,64.0,Female,2.0,31888.57,5.0,8.0
925323,15.0,189.0,32.5,Male,2.0,26534.75,1.0,4.0
7646163,7.0,91.0,54.5,Unknown,2.0,72041.73999999999,2.0,5.0
5385682,6.0,76.0,45.5,Female,2.0,31792.48,0.0,3.0
9778475,5.0,67.0,42.5,Unknown,2.0,108535.33,2.0,5.0
5160684,13.0,161.0,27.0,Male,2.0,41044.8,6.0,9.0
664340,7.0,94.0,72.0,Unknown,2.0,138893.08000000002,2.0,5.0
4717072,5.0,67.0,19.5,Unknown,2.0,45822.28999999999,5.0,8.0
2443994,6.0,83.0,41.5,Unknown,2.0,27031.0,0.0,3.0
5387263,7.0,91.0,28.0,Unknown,2.0,42262.17,6.0,9.0
941284,9.0,109.0,39.5,Female,2.0,67966.87,6.0,9.0
1873493,11.0,140.0,61.0,Female,2.0,27674.06,1.0,4.0
7903818,13.0,160.0,30.5,Female,3.0,355205.45,2.0,5.0
4148568,5.0,66.0,55.0,Unknown,2.0,42272.11,5.0,8.0
972585,7.0,94.0,62.5,Unknown,2.0,40082.79,3.0,6.0
478688,15.0,187.0,56.5,Female,3.0,170424.28999999998,3.0,6.0
6064610,6.0,80.0,42.5,Unknown,2.0,140208.7,0.0,3.0
1696436,9.0,118.0,43.0,Female,2.0,36890.73,6.0,9.0
8267405,4.0,51.0,55.5,Male,3.0,158417.87,6.0,9.0
8339083,24.0,293.0,61.0,Male,2.0,136901.76,6.0,9.0
5210812,25.0,300.0,63.0,Female,2.0,56005.83,4.0,7.0
2384314,21.0,257.0,72.5,Female,2.0,58723.99,2.0,5.0
8497666,21.0,254.0,53.0,Male,2.0,911719.45,3.0,6.0
9129948,20.0,248.0,66.5,Female,2.0,234600.77,2.0,6.0
1392294,17.0,206.0,59.5,Female,2.0,149111.5,3.0,6.0
6620356,4.0,59.0,53.0,Unknown,2.0,196266.31,5.0,8.0
9807197,7.0,87.0,43.0,Unknown,2.0,27157.04,0.0,3.0
4075598,4.0,58.0,31.0,Unknown,3.0,376150.24,6.0,9.0
2384259,32.0,395.0,61.5,Male,2.0,524626.48,2.0,5.0
1592681,7.0,88.0,67.5,Unknown,2.0,406456.91,2.0,5.0
5245392,7.0,86.0,66.5,Unknown,2.0,138222.33000000002,2.0,5.0
9537724,6.0,77.0,23.0,Unknown,2.0,30558.18,6.0,9.0
4682602,5.0,60.0,38.0,Unknown,2.0,55289.84,1.0,4.0
5756885,11.0,132.0,63.5,Female,3.0,70649.12,4.0,7.0
5566410,6.0,82.0,70.5,Unknown,2.0,34924.67,3.0,7.0
4315990,7.0,88.0,54.0,Unknown,2.0,50645.01,6.0,9.0
5388305,4.0,59.0,27.5,Unknown,2.0,42276.02,3.0,6.0
9080557,11.0,136.0,48.0,Male,2.0,29756.12,0.0,3.0
54231,14.0,168.0,53.5,Female,2.0,1127349.9,0.0,3.0
8375478,6.0,75.0,25.5,Unknown,2.0,43287.83,6.0,9.0
5371282,11.0,142.0,29.0,Male,2.0,58420.71,5.0,8.0
3686017,19.0,229.0,62.5,Female,2.0,24089.44,0.0,3.0
9678667,13.0,156.0,69.5,Female,2.0,31068.04,2.0,5.0
7926163,5.0,71.0,30.5,Female,2.0,37648.77,2.0,5.0
2497267,10.0,127.0,31.5,Male,2.0,38096.3,4.0,7.0
7879083,4.0,57.0,65.5,Female,2.0,122301.34,6.0,9.0
5952009,4.0,59.0,23.5,Unknown,2.0,52772.9,1.0,4.0
79127,27.0,331.0,64.5,Female,2.0,484262.45,6.0,9.0
2561809,10.0,128.0,42.5,Unknown,2.0,69818.59,3.0,6.0
2070352,15.0,190.0,51.5,Male,2.0,256817.27,0.0,3.0
2465348,22.0,268.0,44.0,Female,2.0,48785.62,0.0,3.0
6780846,6.0,80.0,27.5,Unknown,2.0,30098.32,5.0,8.0
9552879,15.0,188.0,46.5,Female,2.0,71752.12,3.0,6.0
837361,20.0,247.0,45.5,Female,2.0,55757.01,5.0,8.0
9288691,9.0,114.0,73.0,Male,2.0,34425.649999999994,4.0,7.0
5861027,12.0,152.0,61.5,Male,3.0,1118578.5799999998,3.0,8.0
3109651,6.0,81.0,49.0,Unknown,2.0,63251.67,5.0,8.0
7435580,28.0,342.0,84.0,Female,2.0,51709.66,3.0,7.0
7716669,14.0,177.0,69.0,Male,2.0,78722.69,5.0,8.0
4730491,8.0,99.0,43.5,Unknown,2.0,63364.03,3.0,6.0
3906475,12.0,145.0,36.5,Female,4.0,459253.64,3.0,6.0
5806944,5.0,70.0,26.0,Unknown,3.0,46790.45,4.0,7.0
2079408,4.0,58.0,51.0,Unknown,3.0,70817.4,5.0,8.0
5834717,6.0,78.0,30.0,Unknown,3.0,31252.95,2.0,6.0
8035978,4.0,57.0,66.5,Male,2.0,28879.46,0.0,3.0
3738189,15.0,189.0,66.5,Female,2.0,552511.24,6.0,9.0
7931740,15.0,184.0,36.0,Female,3.0,53993.48,0.0,3.0
612452,13.0,166.0,57.5,Male,3.0,1029358.33,6.0,9.0
7686586,10.0,130.0,66.0,Female,3.0,156803.45,5.0,8.0
4742316,23.0,287.0,57.5,Male,2.0,82549.1,3.0,6.0
1325147,22.0,264.0,53.0,Female,3.0,244352.29,5.0,8.0
8251595,21.0,258.0,69.5,Female,3.0,170451.21000000002,3.0,6.0
9357458,20.0,243.0,31.5,Unknown,3.0,108848.73,2.0,6.0
1677855,19.0,238.0,51.0,Female,2.0,64663.75,3.0,6.0
4120526,18.0,223.0,46.5,Male,3.0,62834.58,6.0,9.0
4862941,17.0,213.0,52.5,Female,2.0,265075.4,0.0,3.0
3595638,20.0,244.0,31.5,Female,2.0,235403.1,2.0,5.0
9008521,6.0,73.0,71.0,Female,2.0,173152.49,6.0,9.0
1935338,5.0,70.0,57.0,Female,2.0,96125.97,2.0,5.0
7144491,16.0,200.0,58.5,Male,2.0,337079.35,5.0,8.0
4772716,8.0,96.0,37.0,Unknown,2.0,59235.93,3.0,6.0
8170460,15.0,187.0,41.0,Male,2.0,83729.83,6.0,9.0
629508,15.0,184.0,58.0,Male,2.0,165583.07,0.0,3.0
202371,51.0,613.0,60.5,Female,2.0,70986.53,0.0,3.0
2696779,10.0,129.0,51.5,Male,2.0,44515.17999999999,6.0,9.0
2856330,6.0,81.0,54.0,Unknown,2.0,38262.81,6.0,9.0
6368506,7.0,94.0,33.5,Unknown,2.0,40745.41,3.0,6.0
8044088,5.0,65.0,31.5,Unknown,2.0,34720.8,6.0,9.0
5199121,6.0,81.0,23.5,Unknown,2.0,29617.25,6.0,9.0
807768,6.0,77.0,58.5,Unknown,2.0,54897.03999999999,0.0,3.0
652877,8.0,101.0,68.0,Unknown,2.0,128598.45,5.0,8.0
9363195,13.0,162.0,61.5,Male,2.0,767378.3400000001,2.0,6.0
2847822,8.0,101.0,43.5,Unknown,2.0,43742.39,2.0,5.0
1414194,5.0,65.0,25.0,Unknown,3.0,48597.95,6.0,9.0
3793305,9.0,113.0,68.0,Female,2.0,67435.43,1.0,4.0
8113030,13.0,166.0,52.5,Female,2.0,43251.99,3.0,6.0
6938743,38.0,463.0,62.0,Female,3.0,282671.57,5.0,8.0
5066162,3.0,40.0,67.5,Unknown,2.0,116786.97,2.0,5.0
37667,10.0,122.0,32.0,Female,2.0,79397.82,3.0,6.0
7469760,4.0,59.0,72.0,Unknown,3.0,68354.73999999999,6.0,9.0
5754741,9.0,119.0,31.5,Male,2.0,38686.08,1.0,4.0
6025364,4.0,58.0,41.5,Unknown,2.0,161613.93,6.0,9.0
1557552,14.0,172.0,50.5,Male,2.0,26568.11,1.0,4.0
9465233,6.0,81.0,26.0,Unknown,2.0,44999.67,1.0,4.0
7971336,14.0,179.0,60.5,Female,2.0,56740.63,3.0,6.0
6340635,11.0,141.0,42.0,Male,2.0,31329.35,1.0,4.0
7299811,4.0,57.0,47.5,Unknown,2.0,28800.24,1.0,4.0
8136175,5.0,60.0,59.0,Female,2.0,60884.2,2.0,5.0
5418938,11.0,133.0,28.5,Male,2.0,86602.81,3.0,6.0
8826419,7.0,84.0,32.5,Unknown,3.0,134972.38,1.0,4.0
2409434,9.0,118.0,63.0,Female,2.0,47810.98,2.0,5.0
8613113,12.0,152.0,59.0,Female,2.0,92492.55,4.0,7.0
6158722,6.0,78.0,18.5,Unknown,2.0,31990.65,6.0,9.0
5355763,11.0,133.0,39.5,Unknown,2.0,75653.42,2.0,5.0
9547432,5.0,70.0,27.5,Unknown,2.0,58538.76,1.0,4.0
8603917,9.0,115.0,59.5,Female,2.0,59340.06,6.0,9.0
9029278,4.0,59.0,21.5,Unknown,2.0,26011.62,0.0,3.0
3834001,6.0,72.0,41.5,Unknown,2.0,32673.62,4.0,7.0
1641640,22.0,275.0,43.5,Female,3.0,326285.1,3.0,6.0
9541879,22.0,270.0,56.5,Male,3.0,61483.2,6.0,9.0
1718658,21.0,262.0,57.0,Female,2.0,200100.82,6.0,9.0
1918431,20.0,248.0,53.5,Female,2.0,51549.98,3.0,6.0
9159317,21.0,257.0,60.0,Female,2.0,198145.28,0.0,3.0
8996652,20.0,242.0,49.0,Female,2.0,43528.34,5.0,8.0
4259789,2.0,35.0,23.5,Unknown,2.0,26819.15,3.0,6.0
9046161,14.0,179.0,61.5,Male,3.0,484573.29,1.0,4.0
5459128,23.0,276.0,75.0,Male,3.0,267014.67,6.0,9.0
5880647,5.0,66.0,21.0,Unknown,2.0,69722.68,6.0,9.0
2610198,16.0,192.0,76.5,Female,2.0,70848.69,3.0,6.0
2922703,10.0,123.0,67.5,Female,3.0,78815.82,6.0,9.0
4669016,9.0,116.0,34.0,Female,2.0,89552.45,5.0,8.0
5417457,12.0,154.0,38.0,Female,2.0,87581.62,6.0,9.0
9032952,9.0,116.0,50.0,Male,2.0,431559.64,6.0,9.0
787956,10.0,122.0,33.5,Male,2.0,40317.35,6.0,9.0
4083216,8.0,97.0,62.5,Unknown,2.0,49354.78,1.0,4.0
1782604,25.0,311.0,47.0,Male,3.0,457663.77,6.0,9.0
2347026,6.0,75.0,46.5,Unknown,2.0,495916.26,4.0,7.0
926737,7.0,93.0,51.5,Unknown,2.0,61337.1,1.0,4.0
3543788,5.0,70.0,32.0,Unknown,2.0,44823.39,0.0,3.0
9925418,14.0,169.0,33.5,Male,2.0,72160.23,3.0,6.0
9864147,17.0,214.0,56.5,Male,2.0,206037.21,6.0,9.0
3909754,12.0,154.0,45.5,Female,2.0,52435.94,1.0,4.0
8630852,4.0,56.0,41.5,Unknown,2.0,28681.18,4.0,7.0
2530870,12.0,147.0,76.0,Male,2.0,106411.26,3.0,6.0
257347,5.0,64.0,31.0,Female,4.0,69009.34,5.0,8.0
4625824,14.0,168.0,45.0,Female,2.0,23802.97,0.0,3.0
5224734,6.0,75.0,29.5,Unknown,2.0,234124.84000000003,2.0,5.0
987879,12.0,153.0,76.0,Unknown,2.0,635268.9500000001,6.0,9.0
3882881,4.0,52.0,28.0,Unknown,2.0,37112.51,1.0,4.0
5547961,5.0,60.0,71.5,Male,2.0,147349.15,4.0,7.0
9566397,5.0,62.0,62.5,Female,2.0,279065.38,5.0,8.0
299060,5.0,70.0,19.5,Unknown,2.0,28578.63,3.0,6.0
8124017,11.0,140.0,54.0,Male,2.0,71477.76999999999,0.0,3.0
4815412,9.0,114.0,35.5,Female,3.0,593371.8200000001,4.0,7.0
4043285,7.0,93.0,45.5,Unknown,2.0,117685.91,2.0,5.0
182739,12.0,151.0,62.5,Male,2.0,313928.72,1.0,4.0
8979772,5.0,68.0,45.5,Unknown,3.0,59012.7,2.0,5.0
4195484,9.0,118.0,55.5,Female,2.0,24698.82,3.0,6.0
6753156,5.0,67.0,23.0,Female,3.0,36538.57,6.0,9.0
2253944,10.0,131.0,37.0,Female,2.0,39530.13,1.0,4.0
9323014,15.0,190.0,65.0,Male,2.0,66801.7,5.0,8.0
6767276,11.0,143.0,37.5,Female,4.0,1176701.96,6.0,9.0
4008076,29.0,359.0,80.0,Male,3.0,462020.87,6.0,9.0
7491100,10.0,120.0,42.5,Female,2.0,33888.38,0.0,3.0
7797325,12.0,148.0,40.0,Female,2.0,77430.06,0.0,3.0
8518367,9.0,118.0,57.0,Male,2.0,99612.21,2.0,5.0
3405815,16.0,192.0,26.5,Male,2.0,72161.48,6.0,9.0
7072762,16.0,194.0,27.0,Female,2.0,65085.52,5.0,8.0
7119746,14.0,174.0,33.0,Female,2.0,29188.99,1.0,4.0
7205566,7.0,85.0,58.0,Unknown,2.0,90302.25,0.0,3.0
1933803,34.0,419.0,65.5,Female,2.0,197247.41,4.0,7.0
7984065,4.0,59.0,45.0,Male,2.0,47908.27,6.0,9.0
3380938,13.0,167.0,34.0,Male,2.0,56172.9,2.0,5.0
4009035,15.0,181.0,55.0,Male,2.0,121022.53,2.0,5.0
3862480,10.0,123.0,59.5,Male,2.0,132101.77000000002,2.0,5.0
11070,14.0,171.0,53.5,Male,3.0,255988.05,6.0,9.0
8612096,6.0,73.0,44.0,Unknown,2.0,31022.95,6.0,9.0
2636385,6.0,82.0,66.0,Unknown,2.0,51089.81,0.0,3.0
4571314,6.0,74.0,26.0,Unknown,2.0,46386.13,2.0,5.0
2601341,16.0,195.0,44.0,Male,3.0,1603436.2,6.0,9.0
4734537,15.0,181.0,58.0,Male,2.0,153720.66999999998,6.0,9.0
1049315,21.0,263.0,47.5,Male,3.0,514643.65,5.0,8.0
6983815,20.0,249.0,78.0,Male,2.0,121090.15,4.0,7.0
7763445,19.0,233.0,68.5,Male,2.0,1011987.9,1.0,4.0
2197983,17.0,213.0,48.0,Male,2.0,167117.26,0.0,3.0
5019518,16.0,193.0,43.5,Female,2.0,170385.38,6.0,9.0
9997470,6.0,82.0,36.0,Unknown,2.0,53543.03,0.0,3.0
1507552,6.0,82.0,47.0,Unknown,2.0,111582.31,5.0,8.0
1897577,15.0,191.0,41.0,Male,2.0,63233.21,6.0,9.0
4069580,13.0,167.0,48.5,Male,2.0,59414.65,1.0,4.0
5627926,7.0,87.0,61.0,Unknown,2.0,47619.53999999999,1.0,4.0
5930511,6.0,80.0,62.5,Unknown,2.0,120679.6,0.0,4.0
2606853,6.0,76.0,29.0,Female,2.0,28189.19,4.0,7.0
360674,15.0,189.0,57.0,Male,2.0,31507.0,0.0,3.0
5221154,8.0,102.0,51.0,Unknown,2.0,30926.74,1.0,4.0
802023,5.0,70.0,27.5,Unknown,2.0,91814.2,6.0,9.0
1718198,7.0,95.0,41.0,Unknown,2.0,66561.88,5.0,8.0
6474909,5.0,60.0,26.5,Male,3.0,42481.55,6.0,9.0
401737,4.0,58.0,23.0,Unknown,2.0,46972.97,6.0,9.0
118446,4.0,49.0,55.5,Female,2.0,27797.44,1.0,4.0
5825556,7.0,87.0,30.5,Unknown,2.0,43077.53,6.0,9.0
312984,15.0,186.0,66.5,Female,2.0,65922.63,0.0,3.0
8607353,6.0,78.0,61.0,Unknown,2.0,84205.76999999999,0.0,3.0
2229537,14.0,177.0,49.0,Female,3.0,43494.27,3.0,7.0
8221962,13.0,161.0,44.0,Male,2.0,25981.66,1.0,4.0
963164,6.0,78.0,21.0,Unknown,3.0,62208.88,3.0,7.0
7722584,12.0,155.0,35.0,Female,2.0,58118.98,2.0,5.0
5927852,12.0,149.0,53.0,Male,2.0,90356.56,6.0,9.0
2419293,10.0,120.0,26.0,Male,2.0,60664.2,4.0,7.0
4570615,15.0,190.0,37.0,Female,2.0,36272.96,0.0,3.0
9414558,17.0,212.0,32.0,Male,4.0,119981.16,4.0,7.0
6132708,5.0,63.0,48.5,Unknown,2.0,26223.13,0.0,3.0
428135,6.0,74.0,60.0,Unknown,2.0,79144.07,2.0,5.0
3854980,7.0,85.0,48.5,Unknown,2.0,94604.54,0.0,3.0
3967029,9.0,117.0,34.5,Female,2.0,30232.07,0.0,3.0
5385880,16.0,193.0,40.0,Female,2.0,171036.55,5.0,8.0
5128861,11.0,140.0,68.0,Female,3.0,94056.23,3.0,6.0
2246115,5.0,61.0,27.0,Unknown,2.0,50236.11,1.0,4.0
5228044,7.0,85.0,29.5,Unknown,2.0,28638.69,0.0,3.0
4177979,8.0,107.0,66.5,Male,3.0,56629.99,6.0,9.0
953654,4.0,56.0,22.0,Unknown,2.0,30671.21,2.0,5.0
8513931,11.0,142.0,32.0,Female,2.0,57979.11,1.0,4.0
2946845,4.0,56.0,48.5,Unknown,2.0,45937.19,2.0,5.0
628743,15.0,182.0,32.5,Male,2.0,187760.12,6.0,9.0
6286291,33.0,406.0,60.0,Female,4.0,412991.51,5.0,8.0
9522933,7.0,91.0,69.0,Unknown,2.0,74123.43,4.0,7.0
8048371,6.0,83.0,49.0,Female,2.0,48163.87,1.0,4.0
4359773,12.0,154.0,46.0,Female,2.0,75888.43,1.0,4.0
2402747,9.0,109.0,47.5,Male,2.0,89987.25,3.0,6.0
5998492,4.0,59.0,31.0,Unknown,3.0,27205.03,6.0,9.0
3013271,16.0,202.0,61.0,Female,2.0,146118.76,2.0,5.0
3485394,9.0,109.0,28.5,Female,2.0,89851.04,3.0,6.0
6012802,9.0,112.0,70.5,Female,3.0,85529.62,6.0,9.0
240560,4.0,54.0,23.5,Male,3.0,115386.8,6.0,9.0
2388356,11.0,133.0,34.0,Female,2.0,104318.39,0.0,3.0
743771,10.0,124.0,30.0,Male,3.0,96116.99,6.0,9.0
5481902,5.0,66.0,34.5,Unknown,2.0,32432.4,2.0,5.0
8064580,23.0,287.0,53.5,Unknown,2.0,1043467.46,2.0,5.0
9725805,22.0,268.0,52.5,Female,2.0,115861.42,6.0,9.0
5615453,22.0,268.0,61.0,Male,2.0,51421.86,0.0,3.0
2680137,21.0,262.0,75.0,Female,3.0,123122.35,6.0,9.0
2254891,19.0,238.0,50.0,Female,3.0,36629.88,4.0,7.0
5952182,17.0,208.0,32.5,Male,3.0,531627.89,6.0,9.0
4833023,14.0,179.0,55.5,Female,2.0,56863.38,4.0,7.0
6956962,5.0,70.0,30.0,Unknown,2.0,31312.8,0.0,3.0
8213697,12.0,144.0,33.0,Female,2.0,124490.05,5.0,8.0
3303771,16.0,195.0,41.0,Female,3.0,176865.59999999998,3.0,7.0
537662,14.0,168.0,33.5,Female,2.0,90167.81,5.0,8.0
5052217,10.0,120.0,35.0,Male,2.0,32964.6,0.0,3.0
9696696,4.0,58.0,17.5,Unknown,2.0,39343.71,1.0,4.0
1323678,13.0,160.0,23.5,Female,2.0,36346.77,1.0,4.0
1783016,15.0,186.0,38.5,Male,2.0,61955.88,0.0,3.0
9331760,12.0,153.0,28.5,Female,3.0,71986.45999999999,1.0,4.0
1447441,6.0,72.0,24.0,Unknown,2.0,30381.38,6.0,9.0
8462755,18.0,224.0,60.5,Female,4.0,520757.16,5.0,9.0
8655930,16.0,197.0,85.5,Female,2.0,86916.75,4.0,7.0
3621077,15.0,191.0,60.0,Female,2.0,34106.95,4.0,7.0
7599408,11.0,137.0,46.0,Male,2.0,96249.97,0.0,3.0
9056180,26.0,317.0,39.5,Female,3.0,120802.98,5.0,8.0
8538961,10.0,121.0,26.5,Female,2.0,49773.17,5.0,8.0
5012978,6.0,83.0,45.5,Unknown,3.0,318203.39,3.0,6.0
7341076,16.0,194.0,37.0,Female,2.0,74106.7,0.0,3.0
6724871,6.0,77.0,49.0,Unknown,2.0,224905.81,0.0,3.0
2958867,8.0,106.0,58.5,Male,2.0,110523.11,6.0,9.0
9059531,34.0,408.0,63.5,Male,2.0,73909.66,5.0,8.0
2275076,15.0,191.0,45.5,Male,2.0,42937.15,2.0,5.0
1814290,26.0,323.0,58.0,Female,2.0,1318242.95,6.0,9.0
6729609,6.0,73.0,36.5,Male,2.0,109792.15,4.0,7.0
2815061,15.0,190.0,65.0,Female,2.0,75202.70999999999,5.0,8.0
1442286,4.0,59.0,50.0,Unknown,2.0,46501.17999999999,2.0,5.0
3681943,17.0,208.0,46.0,Male,2.0,194403.1,3.0,6.0
7289367,6.0,80.0,70.5,Unknown,2.0,67589.26,3.0,6.0
7666447,7.0,90.0,33.0,Male,2.0,151284.46,1.0,4.0
3735906,5.0,70.0,63.0,Unknown,3.0,104783.5,6.0,9.0
9454555,11.0,133.0,57.5,Male,3.0,604309.04,2.0,5.0
1642397,17.0,204.0,46.5,Male,2.0,49654.48,5.0,8.0
7976030,9.0,112.0,31.5,Unknown,3.0,83474.23999999999,1.0,4.0
4093095,13.0,159.0,45.0,Female,2.0,35381.05,4.0,7.0
7619304,10.0,124.0,25.5,Male,3.0,89243.4,6.0,9.0
342684,22.0,267.0,24.5,Unknown,2.0,36179.58,1.0,4.0
3608063,12.0,145.0,42.0,Male,2.0,206810.78,6.0,9.0
7978655,12.0,149.0,49.0,Female,2.0,30264.33,3.0,7.0
2682870,8.0,99.0,50.0,Unknown,2.0,31370.49,4.0,7.0
1325445,13.0,160.0,65.5,Female,2.0,90390.83,3.0,6.0
4963028,8.0,103.0,71.0,Female,2.0,103592.72,0.0,3.0
785285,6.0,77.0,26.0,Unknown,3.0,99821.99,3.0,6.0
9079825,6.0,83.0,18.0,Unknown,2.0,43694.53,3.0,6.0
7968911,12.0,148.0,56.0,Female,2.0,217520.5,6.0,9.0
2130150,5.0,66.0,26.0,Unknown,2.0,29133.36,1.0,4.0
7889947,6.0,72.0,69.5,Female,2.0,271439.15,6.0,9.0
1339409,5.0,67.0,60.5,Unknown,2.0,27362.45,0.0,3.0
2510638,16.0,195.0,28.5,Female,2.0,83892.35,5.0,8.0
2439287,25.0,301.0,30.0,Female,3.0,56037.85,1.0,4.0
1761865,24.0,290.0,54.5,Female,3.0,318898.01,4.0,7.0
2907116,23.0,283.0,19.0,Male,3.0,44135.67,4.0,7.0
2150650,22.0,265.0,64.5,Female,2.0,49857.42999999999,2.0,5.0
5787222,21.0,262.0,58.5,Male,2.0,229657.89,1.0,4.0
5459064,21.0,255.0,61.0,Male,2.0,78565.37,0.0,3.0
2659094,20.0,248.0,52.0,Female,3.0,471256.71,6.0,9.0
2517014,20.0,245.0,40.5,Unknown,3.0,63759.05,1.0,4.0
3495838,19.0,238.0,59.0,Male,3.0,246375.35,4.0,7.0
8021976,18.0,216.0,41.0,Female,2.0,76477.26999999999,1.0,4.0
1337561,11.0,143.0,32.5,Male,2.0,52286.49,1.0,4.0
8728287,15.0,183.0,75.5,Male,2.0,235794.52,2.0,5.0
6302366,7.0,93.0,31.0,Unknown,2.0,67689.51,6.0,9.0
3699379,4.0,59.0,54.5,Unknown,2.0,219822.91,4.0,7.0
9866776,7.0,85.0,64.5,Unknown,2.0,126945.26,6.0,9.0
6263801,13.0,158.0,35.0,Female,2.0,33556.73,0.0,3.0
6270450,9.0,118.0,54.0,Unknown,2.0,71732.47,1.0,4.0
3636637,16.0,200.0,81.0,Male,2.0,137251.03,3.0,6.0
5269098,5.0,66.0,32.5,Unknown,2.0,96208.43,6.0,9.0
3495737,8.0,96.0,30.0,Unknown,2.0,32165.71,5.0,8.0
3165513,6.0,82.0,57.0,Unknown,2.0,27951.47,1.0,4.0
8854839,6.0,79.0,27.0,Unknown,2.0,67145.45,5.0,8.0
906255,15.0,190.0,63.0,Male,2.0,160228.02999999997,3.0,6.0
3389054,6.0,82.0,61.0,Unknown,2.0,79324.44,3.0,6.0
8476828,25.0,311.0,84.5,Female,3.0,274401.86,5.0,8.0
4675605,27.0,326.0,36.0,Male,2.0,58822.57,2.0,5.0
1205471,5.0,66.0,30.0,Unknown,3.0,55540.01,1.0,4.0
6451939,15.0,189.0,54.5,Female,2.0,155025.69,1.0,4.0
1488410,5.0,60.0,60.5,Unknown,2.0,268652.53,1.0,4.0
1043949,10.0,124.0,40.5,Female,2.0,157468.90999999997,2.0,5.0
791642,22.0,268.0,68.0,Female,2.0,125886.86,1.0,4.0
8822145,6.0,83.0,51.0,Unknown,2.0,54522.17,2.0,5.0
8363789,6.0,82.0,34.5,Unknown,2.0,28105.93,0.0,3.0
2863515,9.0,116.0,64.5,Male,2.0,125080.79,1.0,4.0
1424582,7.0,86.0,47.0,Male,2.0,127857.33,4.0,7.0
2748333,6.0,75.0,28.5,Unknown,2.0,36545.79,6.0,9.0
9400844,8.0,97.0,39.5,Unknown,2.0,45839.05,6.0,9.0
7521214,26.0,318.0,66.5,Female,2.0,311415.36,1.0,4.0
2057773,16.0,197.0,76.5,Male,2.0,222410.0,3.0,6.0
7291122,6.0,72.0,63.5,Unknown,2.0,82054.51,6.0,9.0
9432754,7.0,84.0,50.0,Unknown,2.0,30497.89,1.0,4.0
5245008,21.0,253.0,23.0,Male,2.0,38101.68,5.0,8.0
2695688,5.0,71.0,41.5,Unknown,2.0,118152.43,5.0,8.0
7562472,7.0,95.0,33.5,Unknown,3.0,43566.47,0.0,3.0
6553647,6.0,77.0,50.5,Unknown,2.0,189359.83,1.0,4.0
8244744,10.0,131.0,41.5,Male,2.0,403018.99,6.0,9.0
7199064,11.0,135.0,32.5,Male,2.0,62764.01,2.0,5.0
9003412,10.0,129.0,27.5,Female,2.0,27904.01,0.0,3.0
3179994,4.0,59.0,26.0,Unknown,2.0,56513.07,6.0,9.0
636206,3.0,37.0,53.0,Unknown,2.0,31332.57,1.0,4.0
6003391,11.0,133.0,29.5,Male,2.0,106436.97,1.0,4.0
4120604,2.0,34.0,42.5,Unknown,2.0,29959.24,1.0,4.0
4526665,12.0,154.0,36.5,Male,2.0,41026.78,1.0,4.0
9840956,5.0,64.0,37.5,Male,2.0,64025.02,0.0,3.0
5370538,6.0,82.0,61.5,Unknown,3.0,36977.06,5.0,8.0
4369073,8.0,98.0,32.0,Unknown,2.0,44876.74,6.0,9.0
3900738,14.0,169.0,62.5,Female,2.0,224183.26,4.0,7.0
9209352,13.0,163.0,72.0,Male,2.0,28221.23,2.0,5.0
9188599,7.0,89.0,45.0,Unknown,3.0,360270.49,6.0,9.0
9322395,11.0,136.0,28.0,Female,5.0,189149.67,2.0,6.0
6279810,7.0,91.0,71.5,Unknown,3.0,117757.15,6.0,9.0
7685873,5.0,68.0,33.5,Female,2.0,116525.9,6.0,9.0
313261,6.0,83.0,51.0,Unknown,2.0,108921.26,3.0,6.0
6738439,12.0,148.0,31.5,Male,2.0,52725.37,4.0,7.0
7652204,5.0,65.0,24.5,Male,2.0,37929.83,3.0,6.0
7203408,16.0,192.0,38.5,Female,2.0,42970.49,3.0,6.0
8707256,17.0,210.0,52.0,Male,2.0,305824.11,6.0,9.0
8694356,5.0,60.0,25.0,Unknown,2.0,52552.03,2.0,5.0
4621025,11.0,143.0,50.5,Male,2.0,625603.42,6.0,9.0
8360249,20.0,249.0,59.5,Female,2.0,31039.29,0.0,3.0
7077187,15.0,181.0,52.5,Male,2.0,27678.06,0.0,4.0
4827333,27.0,327.0,60.5,Female,2.0,204936.06,6.0,9.0
5442456,25.0,306.0,55.0,Unknown,2.0,37277.41,2.0,5.0
8156436,23.0,287.0,19.0,Unknown,3.0,57858.83,2.0,5.0
7268984,22.0,268.0,65.5,Male,3.0,160738.71000000002,6.0,9.0
3249783,21.0,253.0,37.0,Male,3.0,113516.64,6.0,9.0
722917,20.0,246.0,58.5,Male,3.0,855131.99,3.0,6.0
5123664,20.0,240.0,59.0,Male,3.0,90633.99,1.0,4.0
6114419,19.0,238.0,31.0,Male,2.0,33427.72,2.0,5.0
3407812,18.0,221.0,39.5,Male,2.0,134991.57,5.0,8.0
8468009,17.0,215.0,39.0,Male,3.0,226597.2,3.0,6.0
2955920,14.0,178.0,39.0,Male,3.0,187203.37,6.0,9.0
1777512,13.0,166.0,50.5,Female,2.0,139719.46,1.0,4.0
9938863,13.0,159.0,26.0,Male,4.0,50762.28,6.0,9.0
3336636,7.0,88.0,60.5,Unknown,2.0,130609.26,3.0,6.0
5584268,4.0,56.0,66.0,Unknown,2.0,156073.24,3.0,6.0
3725705,9.0,115.0,61.5,Female,2.0,58137.44,2.0,5.0
8790672,11.0,142.0,37.0,Female,2.0,49985.87,0.0,3.0
8812664,14.0,177.0,35.0,Male,2.0,44112.53999999999,1.0,4.0
8753582,5.0,70.0,29.5,Female,4.0,161601.41999999998,6.0,9.0
5985489,11.0,138.0,46.5,Female,3.0,130182.21,6.0,9.0
5662899,7.0,91.0,61.0,Unknown,2.0,23800.9,0.0,3.0
8844116,16.0,194.0,52.5,Female,5.0,434850.71,6.0,9.0
136986,12.0,148.0,38.0,Female,3.0,85222.01,2.0,5.0
3385279,6.0,81.0,56.0,Unknown,2.0,292055.24,3.0,7.0
1768550,11.0,133.0,37.5,Male,2.0,75733.28,4.0,7.0
5299330,25.0,306.0,64.5,Unknown,2.0,325806.21,2.0,7.0
3438672,19.0,231.0,58.5,Male,2.0,142923.21,3.0,6.0
8257765,6.0,77.0,67.5,Unknown,3.0,246889.11,5.0,8.0
7280433,11.0,141.0,30.0,Male,2.0,26763.88,2.0,5.0
2478742,6.0,79.0,27.5,Male,4.0,70903.51,6.0,9.0
2567267,4.0,59.0,30.5,Unknown,2.0,31954.54,3.0,6.0
875915,14.0,179.0,56.0,Female,2.0,56013.22,4.0,7.0
6463252,15.0,190.0,32.5,Female,2.0,38281.03,0.0,3.0
7467558,11.0,143.0,65.0,Male,2.0,171025.96000000002,2.0,5.0
6807449,18.0,220.0,68.0,Male,2.0,220899.06,6.0,9.0
7563831,8.0,104.0,70.5,Male,2.0,141256.52000000002,3.0,6.0
139996,4.0,59.0,33.0,Unknown,2.0,50240.32,6.0,9.0
3608477,8.0,98.0,58.0,Unknown,2.0,83603.97,6.0,9.0
1565737,4.0,58.0,27.5,Unknown,2.0,35627.04,6.0,9.0
5274513,15.0,187.0,33.0,Female,4.0,296143.86,5.0,8.0
8070687,11.0,132.0,35.0,Unknown,2.0,52456.71,0.0,3.0
3972437,15.0,180.0,39.5,Male,3.0,232537.04,3.0,6.0
219230,11.0,132.0,39.0,Female,2.0,34151.78,0.0,3.0
5425859,5.0,66.0,40.0,Unknown,2.0,49195.67,0.0,3.0
5645261,4.0,54.0,70.5,Unknown,2.0,31089.24,6.0,9.0
6411294,14.0,179.0,64.0,Male,2.0,45918.21,5.0,8.0
5879670,35.0,429.0,61.5,Male,3.0,89870.56999999999,6.0,9.0
1769835,7.0,94.0,52.0,Unknown,2.0,25819.63,4.0,7.0
1348668,15.0,185.0,49.0,Male,3.0,691642.5800000001,4.0,7.0
6389894,15.0,188.0,62.0,Male,2.0,23789.86,0.0,4.0
7383842,21.0,258.0,37.5,Male,3.0,528438.99,5.0,8.0
7328008,5.0,70.0,64.5,Unknown,2.0,28701.3,0.0,3.0
2977752,15.0,186.0,38.0,Male,2.0,202402.41,0.0,3.0
9452833,7.0,93.0,51.5,Unknown,3.0,60942.37,0.0,3.0
7989664,26.0,321.0,69.0,Female,2.0,75326.58,4.0,7.0
7102016,9.0,119.0,23.5,Male,2.0,61313.13,0.0,3.0
6246012,14.0,168.0,58.0,Female,2.0,24498.54,2.0,5.0
9659067,6.0,73.0,42.5,Male,2.0,206606.67,1.0,4.0
3562211,15.0,190.0,40.0,Male,2.0,29172.14,6.0,9.0
9273417,23.0,286.0,74.0,Female,2.0,70876.51,5.0,8.0
2198173,23.0,283.0,66.5,Female,2.0,109134.59,3.0,6.0
9549908,21.0,261.0,21.0,Male,3.0,131754.72,4.0,7.0
1919716,19.0,231.0,61.5,Female,2.0,282945.07,2.0,5.0
8002977,18.0,226.0,60.5,Female,2.0,45208.31,4.0,7.0
2337547,17.0,215.0,54.5,Female,2.0,232510.81,0.0,6.0
7580898,14.0,178.0,68.0,Female,2.0,170509.07,3.0,6.0
6125271,7.0,88.0,60.5,Unknown,2.0,207574.79,6.0,9.0
5477996,5.0,63.0,24.0,Unknown,2.0,42202.62,6.0,9.0
7418059,6.0,80.0,59.5,Unknown,2.0,509798.13,3.0,6.0
8542524,4.0,58.0,22.0,Unknown,2.0,38030.64,0.0,3.0
4609295,21.0,254.0,32.0,Female,3.0,32210.48,2.0,5.0
8412328,7.0,95.0,59.0,Unknown,2.0,120753.8,2.0,5.0
9445942,5.0,70.0,62.0,Female,2.0,91059.71,3.0,6.0
8234949,11.0,137.0,70.5,Female,2.0,266032.25,2.0,5.0
4962273,13.0,166.0,50.0,Female,2.0,208940.09000000003,5.0,8.0
9521078,15.0,191.0,51.5,Female,2.0,159571.40000000002,5.0,8.0
1589825,15.0,189.0,39.0,Female,2.0,137285.62,1.0,4.0
226853,5.0,62.0,46.5,Male,2.0,27263.52,0.0,3.0
487803,12.0,155.0,68.0,Male,2.0,243257.47,4.0,7.0
9491462,17.0,213.0,60.5,Unknown,2.0,123438.21,6.0,9.0
6868483,6.0,75.0,30.5,Unknown,3.0,114010.57,3.0,6.0
6013279,6.0,76.0,50.5,Unknown,2.0,34544.85,0.0,3.0
1372908,4.0,59.0,56.0,Unknown,3.0,75013.56,6.0,9.0
6773284,8.0,96.0,50.5,Male,2.0,73716.09,1.0,4.0
7290719,6.0,77.0,32.0,Unknown,2.0,51446.31,6.0,9.0
3194308,11.0,142.0,60.0,Male,3.0,121939.49,6.0,9.0
9467449,4.0,59.0,29.0,Unknown,2.0,45270.1,3.0,6.0
5528873,6.0,76.0,23.0,Unknown,3.0,71629.9,6.0,9.0
1513890,8.0,97.0,31.5,Female,2.0,31509.12,1.0,4.0
6239881,8.0,106.0,52.0,Male,2.0,107083.41,0.0,3.0
8230864,7.0,94.0,40.0,Unknown,2.0,122623.63,0.0,3.0
762846,14.0,172.0,63.5,Male,2.0,340335.52,6.0,9.0
9234577,4.0,58.0,54.5,Unknown,2.0,46765.77,2.0,5.0
4357556,11.0,143.0,66.5,Male,3.0,36669.69,4.0,7.0
2531408,6.0,73.0,50.0,Unknown,2.0,44220.48,4.0,7.0
2566413,12.0,150.0,61.5,Female,2.0,38930.14,3.0,6.0
4993236,6.0,73.0,28.5,Unknown,2.0,50221.88,1.0,4.0
6433105,14.0,171.0,36.0,Female,2.0,35953.0,1.0,5.0
4700777,7.0,95.0,55.0,Unknown,2.0,47351.48,3.0,6.0
9174420,5.0,64.0,30.0,Female,2.0,30793.17,4.0,7.0
9075476,10.0,130.0,59.0,Female,2.0,102911.55,6.0,9.0
1193217,29.0,352.0,83.0,Male,2.0,407435.7,6.0,9.0
9358241,6.0,78.0,77.0,Unknown,2.0,31463.75,6.0,9.0
5608397,5.0,60.0,53.5,Unknown,2.0,42724.12,6.0,9.0
5194623,6.0,83.0,59.5,Unknown,2.0,213592.98,2.0,5.0
8480723,13.0,159.0,43.0,Female,2.0,85801.29999999999,2.0,5.0
3244429,7.0,85.0,67.0,Unknown,2.0,48604.4,3.0,6.0
5156742,27.0,325.0,82.5,Female,2.0,537634.14,2.0,5.0
2528513,13.0,167.0,58.0,Male,2.0,86072.76,6.0,9.0
8420201,32.0,388.0,70.0,Female,3.0,3066904.49,6.0,9.0
1853061,10.0,128.0,36.0,Female,3.0,60253.65,1.0,4.0
1299715,14.0,172.0,58.5,Female,3.0,196499.12,5.0,8.0
607561,5.0,65.0,59.5,Unknown,2.0,105527.24,3.0,6.0
6943106,25.0,308.0,58.5,Female,3.0,34152.78,2.0,5.0
3657224,21.0,259.0,74.0,Female,2.0,81471.67,6.0,9.0
2491891,22.0,264.0,45.0,Female,2.0,37077.21,6.0,9.0
3234627,20.0,249.0,74.0,Male,2.0,86266.39,3.0,6.0
4983924,20.0,245.0,32.0,Male,2.0,37984.06,2.0,5.0
1610905,19.0,238.0,73.5,Female,2.0,233820.57,6.0,9.0
1015109,18.0,225.0,42.5,Male,5.0,1229452.68,6.0,9.0
8699267,17.0,204.0,58.0,Female,3.0,65494.06,5.0,8.0
3924557,16.0,199.0,55.5,Male,3.0,594120.12,5.0,8.0
1170944,6.0,75.0,63.0,Unknown,2.0,81266.88,0.0,3.0
1049809,8.0,96.0,51.0,Unknown,2.0,30745.18,2.0,5.0
3612912,16.0,192.0,35.0,Male,2.0,90878.53,6.0,9.0
1218796,13.0,162.0,42.0,Male,2.0,59357.98,0.0,3.0
8724124,10.0,130.0,59.0,Male,2.0,108994.78,4.0,7.0
6794096,4.0,58.0,60.5,Unknown,2.0,32690.94,0.0,3.0
9685222,7.0,84.0,34.5,Unknown,2.0,51967.12,0.0,3.0
1975904,30.0,360.0,72.5,Male,3.0,236117.64,6.0,9.0
7733267,10.0,126.0,69.5,Male,2.0,355523.79,3.0,6.0
8532409,4.0,50.0,32.5,Unknown,4.0,57157.51,6.0,9.0
3150881,5.0,60.0,60.0,Unknown,2.0,45975.7,2.0,5.0
2023345,30.0,365.0,62.5,Female,3.0,667052.93,2.0,7.0
3096114,10.0,121.0,28.0,Male,3.0,89303.26999999999,5.0,8.0
6300223,14.0,179.0,66.0,Male,3.0,336524.27,6.0,9.0
4095211,12.0,154.0,34.5,Female,2.0,45639.59,0.0,3.0
93480,25.0,300.0,65.0,Female,2.0,234362.03,6.0,9.0
7706345,16.0,201.0,79.5,Female,3.0,337732.79,6.0,9.0
9086611,7.0,86.0,30.5,Unknown,2.0,69216.48999999999,1.0,5.0
3404471,16.0,198.0,53.0,Male,2.0,30283.72,0.0,3.0
9683691,15.0,190.0,65.5,Male,2.0,33978.31,0.0,3.0
2002150,15.0,182.0,67.5,Male,2.0,71047.83,0.0,3.0
3762715,12.0,151.0,34.5,Female,2.0,79549.78,3.0,6.0
7918485,10.0,121.0,49.5,Female,2.0,71037.58,1.0,4.0
7278892,15.0,182.0,57.0,Male,2.0,100751.67,2.0,5.0
3405825,6.0,72.0,31.5,Female,2.0,63103.88,2.0,5.0
6188887,6.0,75.0,43.0,Unknown,2.0,139511.75,4.0,7.0
4547422,15.0,186.0,40.0,Male,2.0,258351.72,5.0,8.0
2090255,14.0,169.0,50.0,Female,2.0,74485.70999999999,1.0,4.0
6843914,8.0,106.0,40.5,Male,2.0,48612.39,5.0,8.0
6991159,4.0,58.0,29.0,Unknown,3.0,67298.31,2.0,5.0
893686,5.0,65.0,57.5,Male,2.0,40268.07,4.0,7.0
2662902,16.0,196.0,60.5,Male,2.0,57474.05,3.0,6.0
4173840,15.0,187.0,43.5,Female,2.0,40223.56,5.0,8.0
6282645,8.0,107.0,38.0,Male,2.0,38256.56,6.0,9.0
6548382,6.0,79.0,48.5,Unknown,2.0,38832.68,1.0,4.0
2790712,5.0,71.0,25.5,Unknown,2.0,31571.08,2.0,5.0
5848257,10.0,126.0,53.5,Female,2.0,35113.73,3.0,6.0
753523,6.0,74.0,36.5,Unknown,2.0,31183.98,2.0,5.0
6825168,16.0,195.0,41.5,Male,2.0,82463.29999999999,6.0,9.0
5001483,16.0,195.0,51.0,Male,2.0,197857.49,6.0,9.0
5891827,6.0,72.0,20.5,Unknown,2.0,40901.8,6.0,9.0
2291589,24.0,295.0,46.0,Female,3.0,276095.64,4.0,7.0
1821417,20.0,246.0,84.5,Male,3.0,1432624.0,6.0,9.0
6131718,19.0,238.0,64.5,Female,2.0,105136.88,2.0,5.0
571626,19.0,232.0,40.0,Male,3.0,55279.45,6.0,9.0
7956645,18.0,226.0,51.0,Female,3.0,425295.03,4.0,7.0
7350966,40.0,482.0,65.0,Male,2.0,174743.59999999998,1.0,4.0
4784661,6.0,77.0,39.0,Unknown,2.0,30046.25,2.0,5.0
8227952,4.0,58.0,28.5,Unknown,3.0,37944.92,6.0,9.0
3311182,7.0,95.0,62.0,Unknown,2.0,165073.5,1.0,4.0
8811797,11.0,136.0,35.0,Male,2.0,62145.88,6.0,9.0
6895737,6.0,78.0,37.0,Unknown,2.0,37038.31,3.0,6.0
9590656,16.0,203.0,50.5,Male,2.0,33581.149999999994,4.0,7.0
4467891,10.0,130.0,49.0,Male,2.0,77744.29999999999,3.0,6.0
9682478,15.0,184.0,35.0,Female,2.0,39588.68,6.0,9.0
4117219,12.0,147.0,30.0,Male,3.0,117832.61,2.0,5.0
6619275,7.0,95.0,77.0,Unknown,2.0,26845.27,1.0,4.0
2503728,4.0,59.0,26.0,Unknown,3.0,44186.94,6.0,9.0
9801146,5.0,65.0,33.5,Unknown,4.0,73718.67,2.0,5.0
8415235,5.0,71.0,26.5,Unknown,4.0,68019.48,5.0,8.0
5849813,13.0,160.0,34.0,Female,3.0,101810.17,4.0,7.0
6876874,18.0,216.0,38.5,Male,2.0,214196.38,0.0,3.0
3291484,5.0,68.0,39.5,Unknown,2.0,80613.04000000001,4.0,7.0
4744245,20.0,240.0,70.5,Female,2.0,106096.26,1.0,5.0
3516095,9.0,108.0,51.0,Male,2.0,99462.73,3.0,6.0
3922995,5.0,71.0,31.5,Female,3.0,93005.24,6.0,9.0
5535707,6.0,82.0,25.5,Unknown,2.0,25419.72,0.0,3.0
6717308,6.0,72.0,42.5,Unknown,2.0,77795.95,0.0,3.0
1144410,6.0,74.0,28.5,Unknown,2.0,27075.48,0.0,3.0
5919352,7.0,94.0,33.5,Unknown,3.0,36668.4,6.0,9.0
1846219,14.0,172.0,61.0,Male,2.0,123189.2,2.0,5.0
9924963,8.0,104.0,32.5,Male,2.0,95182.4,6.0,9.0
3888366,27.0,332.0,68.5,Male,2.0,261140.45,5.0,8.0
195455,5.0,71.0,67.0,Male,3.0,214385.99,6.0,9.0
7584268,9.0,118.0,34.0,Male,2.0,64744.91,6.0,9.0
3505821,8.0,97.0,54.5,Male,2.0,56606.8,5.0,8.0
2923234,6.0,83.0,69.0,Unknown,2.0,116638.49,6.0,9.0
7934807,10.0,130.0,48.0,Female,4.0,250544.48,2.0,5.0
6687495,8.0,102.0,60.5,Unknown,4.0,762113.86,6.0,9.0
7267625,6.0,83.0,68.5,Unknown,3.0,353686.05,5.0,8.0
6049084,5.0,67.0,21.5,Unknown,3.0,52464.5,6.0,9.0
1102968,12.0,145.0,72.0,Female,2.0,48679.15,3.0,6.0
9937743,11.0,142.0,58.5,Male,2.0,55840.83,6.0,9.0
295552,26.0,314.0,29.5,Male,3.0,75106.28,2.0,5.0
1830446,4.0,58.0,34.0,Male,3.0,51618.36,6.0,9.0
4406730,14.0,170.0,46.5,Male,3.0,78638.39,3.0,6.0
5091556,4.0,48.0,70.0,Male,2.0,310247.08,0.0,3.0
2827581,16.0,194.0,38.0,Female,2.0,38638.33,1.0,4.0
3078770,29.0,354.0,75.0,Unknown,2.0,26292.95,2.0,5.0
5669584,13.0,158.0,72.0,Male,2.0,395108.32,6.0,9.0
7250748,13.0,166.0,45.5,Female,2.0,33007.869999999995,0.0,3.0
9857108,10.0,121.0,48.5,Female,2.0,74521.53,3.0,6.0
3211165,4.0,58.0,68.5,Unknown,3.0,133035.83000000002,6.0,9.0
7665722,6.0,82.0,30.0,Unknown,2.0,30911.79,0.0,3.0
5792423,14.0,170.0,44.0,Female,2.0,151988.59,3.0,6.0
9488244,5.0,61.0,40.5,Male,2.0,38950.24,0.0,3.0
6949539,5.0,67.0,38.0,Unknown,2.0,32489.93,2.0,5.0
7511367,10.0,123.0,31.0,Female,2.0,32286.72,1.0,4.0
8428917,6.0,77.0,39.0,Unknown,2.0,43037.39,2.0,5.0
8951938,22.0,271.0,66.5,Female,2.0,29574.72,3.0,6.0
2547974,22.0,265.0,63.5,Male,3.0,1388780.65,6.0,9.0
170462,18.0,226.0,61.0,Female,2.0,43376.46,6.0,9.0
7788559,18.0,218.0,47.5,Male,2.0,179029.77999999997,0.0,3.0
6545574,17.0,211.0,65.5,Male,2.0,24852.52,0.0,3.0
118964,17.0,205.0,21.5,Unknown,2.0,62100.92,1.0,4.0
8184148,8.0,99.0,57.0,Unknown,2.0,37300.97,6.0,9.0
8976800,5.0,64.0,38.5,Unknown,2.0,32481.97,2.0,5.0
2215192,4.0,56.0,61.5,Female,2.0,450072.67,6.0,9.0
4063626,6.0,73.0,21.5,Unknown,2.0,44414.83,6.0,9.0
6803483,6.0,72.0,35.5,Unknown,2.0,59042.47,6.0,9.0
9269688,14.0,170.0,52.5,Female,2.0,24529.7,4.0,7.0
4681760,9.0,118.0,48.0,Female,3.0,104472.74,6.0,9.0
5744207,11.0,137.0,50.5,Female,3.0,197852.14,6.0,9.0
9042674,13.0,157.0,58.0,Female,3.0,56861.39,3.0,6.0
5281606,14.0,179.0,31.5,Female,2.0,28300.83,2.0,5.0
2448647,12.0,146.0,46.0,Female,3.0,92572.32,6.0,9.0
3190345,20.0,242.0,56.0,Male,3.0,70472.51,3.0,6.0
2292643,6.0,75.0,62.0,Unknown,2.0,152219.22,6.0,9.0
8083759,12.0,149.0,34.5,Female,3.0,45395.48,1.0,4.0
4755745,7.0,86.0,33.0,Unknown,2.0,73160.09,1.0,4.0
1329591,7.0,93.0,31.5,Unknown,3.0,58472.92,6.0,9.0
2137495,11.0,140.0,26.0,Female,2.0,71113.4,3.0,6.0
1830672,12.0,153.0,53.5,Male,2.0,87357.04000000001,6.0,9.0
3655678,6.0,73.0,52.5,Female,2.0,49727.02,0.0,3.0
8794673,9.0,109.0,28.0,Female,2.0,85998.23999999999,4.0,7.0
9923432,6.0,83.0,25.0,Unknown,2.0,84750.20999999999,0.0,3.0
7605728,7.0,85.0,61.5,Unknown,2.0,34528.96,5.0,8.0
8957750,4.0,59.0,32.5,Unknown,2.0,46439.3,2.0,5.0
4249720,11.0,139.0,43.0,Male,2.0,173750.22999999998,1.0,4.0
4733352,4.0,58.0,29.5,Unknown,3.0,54086.01,0.0,3.0
7694067,7.0,92.0,26.0,Unknown,3.0,60006.67,6.0,9.0
9525071,10.0,130.0,36.0,Male,2.0,65896.58,2.0,5.0
6107368,5.0,71.0,30.5,Unknown,2.0,30850.22,3.0,6.0
9450100,14.0,178.0,38.0,Female,2.0,31901.45,0.0,3.0
3157368,15.0,182.0,62.5,Female,2.0,222812.09000000003,4.0,7.0
8432220,15.0,190.0,38.0,Female,3.0,78494.53,5.0,8.0
6512809,10.0,120.0,66.0,Male,2.0,308873.84,6.0,9.0
8130163,6.0,72.0,47.5,Unknown,2.0,66447.01,3.0,6.0
1626147,4.0,58.0,50.5,Male,2.0,110521.9,5.0,8.0
7612511,19.0,239.0,55.0,Male,2.0,61081.58,2.0,5.0
2034778,5.0,61.0,60.0,Female,2.0,47322.8,3.0,6.0
351701,24.0,293.0,46.0,Female,2.0,65115.34,5.0,8.0
6580601,22.0,272.0,28.0,Female,2.0,65013.44,3.0,6.0
4123026,21.0,260.0,60.5,Male,3.0,63593.93,1.0,4.0
5634420,21.0,252.0,54.5,Male,3.0,38255.01,3.0,6.0
1458074,19.0,233.0,43.5,Male,2.0,27545.39,1.0,4.0
1946825,27.0,335.0,67.5,Male,2.0,350068.98,4.0,7.0
6024402,10.0,130.0,23.5,Female,2.0,37530.59,2.0,5.0
8944505,7.0,84.0,45.0,Unknown,2.0,31704.45,1.0,4.0
8947417,8.0,101.0,65.0,Unknown,2.0,32360.85,6.0,9.0
4219207,10.0,130.0,52.0,Female,2.0,67497.65,3.0,6.0
4876285,7.0,91.0,39.0,Unknown,2.0,54882.14,0.0,3.0
8931606,13.0,165.0,44.5,Male,2.0,36412.57,1.0,4.0
2467238,4.0,57.0,53.5,Unknown,2.0,78204.36,0.0,3.0
9582317,15.0,191.0,64.5,Male,2.0,67877.92,4.0,7.0
776242,27.0,331.0,42.5,Male,2.0,38496.1,1.0,4.0
1527345,8.0,102.0,61.0,Unknown,2.0,42006.27,6.0,9.0
3512662,15.0,190.0,63.0,Female,2.0,49822.15,4.0,7.0
1909199,12.0,154.0,59.5,Female,3.0,276361.61,6.0,9.0
7588432,5.0,70.0,59.0,Female,2.0,35371.33,0.0,4.0
6924266,8.0,104.0,33.5,Male,2.0,26989.51,2.0,5.0
258909,7.0,87.0,48.5,Unknown,2.0,208739.82,0.0,3.0
6012779,5.0,70.0,30.0,Female,2.0,49994.49,6.0,9.0
1132380,18.0,224.0,52.5,Female,2.0,31981.74,6.0,9.0
5201611,4.0,50.0,26.5,Unknown,2.0,77636.86,0.0,3.0
7359197,12.0,152.0,71.5,Male,3.0,2518986.2,3.0,6.0
8058675,4.0,49.0,41.0,Unknown,3.0,64266.56,1.0,4.0
7311742,4.0,58.0,28.5,Unknown,3.0,76869.11,6.0,9.0
1063395,7.0,88.0,28.5,Unknown,2.0,30297.56,1.0,4.0
8888007,13.0,162.0,35.5,Male,2.0,69956.81,6.0,9.0
4977550,5.0,70.0,26.0,Unknown,2.0,27772.76,6.0,9.0
4363760,5.0,60.0,41.0,Unknown,2.0,36449.37,2.0,6.0
9754899,5.0,67.0,28.0,Unknown,2.0,39058.87,0.0,3.0
2448827,4.0,59.0,33.0,Unknown,3.0,66193.42,6.0,9.0
9643987,14.0,175.0,51.0,Male,2.0,140894.8,6.0,9.0
8704027,12.0,149.0,26.5,Female,2.0,28084.63,2.0,5.0
6859157,6.0,83.0,24.0,Female,2.0,29069.49,1.0,4.0
5449406,14.0,175.0,47.5,Male,2.0,25507.74,6.0,9.0
6715259,5.0,69.0,36.5,Unknown,2.0,47444.13,0.0,3.0
1739922,6.0,82.0,31.5,Unknown,3.0,119517.68,1.0,4.0
1922986,13.0,164.0,38.5,Female,2.0,34933.91,0.0,3.0
4924256,13.0,164.0,41.0,Female,2.0,169710.09000000003,0.0,3.0
2102149,5.0,70.0,65.5,Unknown,2.0,1092117.2999999998,6.0,9.0
7359857,8.0,100.0,52.0,Unknown,2.0,34738.67,6.0,9.0
2669917,12.0,146.0,50.5,Female,2.0,36364.88,5.0,8.0
6975226,9.0,118.0,31.5,Male,2.0,39257.99,0.0,3.0
3808373,17.0,209.0,43.5,Female,2.0,41264.51,4.0,7.0
1662557,12.0,148.0,47.5,Female,2.0,33098.23,0.0,3.0
6305628,14.0,177.0,78.5,Male,3.0,189593.71,5.0,8.0
8009377,31.0,383.0,62.5,Male,3.0,1723639.11,5.0,8.0
37295,7.0,90.0,31.5,Unknown,2.0,57177.26,3.0,6.0
2055031,23.0,287.0,67.5,Female,2.0,77042.11,2.0,5.0
6556668,23.0,287.0,88.0,Male,2.0,140726.58000000002,5.0,8.0
7582183,23.0,282.0,47.5,Male,2.0,146554.59,6.0,9.0
6003198,23.0,282.0,82.5,Female,2.0,84647.81,3.0,6.0
3404903,21.0,255.0,53.0,Unknown,3.0,263920.73,6.0,9.0
5200905,20.0,251.0,55.5,Female,2.0,128825.05,1.0,4.0
2050489,32.0,392.0,68.0,Female,4.0,358649.42,6.0,9.0
9121085,5.0,64.0,26.0,Unknown,2.0,54701.41,6.0,9.0
3645123,14.0,179.0,29.0,Female,2.0,136513.94,2.0,5.0
4819619,15.0,181.0,44.5,Male,4.0,80014.16,4.0,7.0
9362246,32.0,394.0,60.5,Male,4.0,4477199.95,6.0,9.0
3116879,8.0,100.0,26.0,Male,2.0,28408.98,3.0,6.0
75033,10.0,130.0,69.5,Male,2.0,105037.11,5.0,8.0
3833380,15.0,183.0,52.0,Female,2.0,23936.78,2.0,5.0
9366860,14.0,168.0,42.0,Male,2.0,42052.01,0.0,3.0
9134636,15.0,187.0,58.5,Male,2.0,40958.3,2.0,5.0
8597361,6.0,75.0,39.5,Unknown,2.0,393355.43,2.0,5.0
2850288,30.0,371.0,29.5,Male,3.0,231195.41,6.0,9.0
5268640,4.0,59.0,25.5,Unknown,3.0,60062.25,3.0,6.0
1465396,8.0,102.0,30.5,Unknown,2.0,32375.41,5.0,8.0
129549,5.0,65.0,69.5,Unknown,2.0,77577.17,5.0,8.0
3433053,6.0,73.0,37.5,Unknown,2.0,43890.02,4.0,7.0
6206033,10.0,124.0,25.5,Female,3.0,53976.32,6.0,9.0
1938076,28.0,339.0,64.5,Unknown,2.0,336818.47,6.0,9.0
4682082,7.0,85.0,37.5,Unknown,2.0,42463.22,6.0,9.0
5630016,13.0,164.0,52.5,Female,2.0,63081.6,1.0,4.0
760905,9.0,108.0,55.5,Female,2.0,70419.82,3.0,6.0
8175591,6.0,77.0,38.0,Male,2.0,35088.77,2.0,5.0
6903678,5.0,66.0,58.5,Unknown,2.0,57799.34,4.0,7.0
3032968,22.0,271.0,19.5,Female,2.0,52335.72,2.0,7.0
5514098,6.0,79.0,51.0,Unknown,2.0,223860.46,0.0,3.0
8776754,9.0,109.0,43.0,Female,2.0,76185.29999999999,1.0,4.0
6692718,21.0,253.0,54.5,Male,2.0,83645.93,6.0,9.0
4493114,11.0,136.0,44.0,Male,2.0,71648.11,2.0,5.0
247432,9.0,109.0,57.0,Male,2.0,37037.54,5.0,8.0
7706925,14.0,169.0,45.0,Female,2.0,130610.31,5.0,8.0
5048268,6.0,72.0,25.5,Unknown,2.0,51402.25,5.0,8.0
4965592,12.0,150.0,70.0,Male,2.0,32917.94,3.0,6.0
9484282,20.0,247.0,29.0,Female,3.0,86441.67,6.0,9.0
1597194,14.0,178.0,44.5,Male,4.0,221812.95,6.0,9.0
1960752,10.0,120.0,44.5,Female,2.0,76227.32,2.0,5.0
8255146,5.0,71.0,34.0,Male,3.0,33317.05,1.0,4.0
1026701,9.0,110.0,40.0,Male,3.0,431249.94,2.0,5.0
9462455,4.0,57.0,25.5,Male,2.0,30053.58,0.0,3.0
8118695,10.0,130.0,42.0,Male,2.0,214559.14,6.0,9.0
5452377,13.0,158.0,71.5,Unknown,2.0,40755.24,3.0,6.0
2243159,24.0,289.0,48.5,Male,4.0,720634.8200000001,6.0,9.0
2953672,23.0,277.0,30.0,Female,2.0,27461.96,0.0,3.0
7026959,21.0,262.0,38.5,Female,3.0,72949.76999999999,4.0,7.0
4225078,21.0,260.0,45.0,Male,3.0,68900.13,2.0,5.0
4194814,21.0,260.0,71.0,Male,2.0,359073.01,6.0,9.0
6791809,21.0,252.0,46.5,Male,3.0,188279.39,6.0,9.0
2712083,18.0,216.0,52.0,Female,2.0,86804.58,1.0,4.0
1446244,10.0,128.0,43.0,Female,2.0,238558.43,2.0,5.0
4828347,17.0,212.0,56.0,Male,3.0,179136.94,6.0,9.0
7775635,7.0,94.0,66.5,Unknown,2.0,40251.07,5.0,8.0
2363614,6.0,82.0,54.0,Unknown,2.0,33059.69,6.0,9.0
9711074,18.0,217.0,55.0,Male,3.0,88623.63,4.0,7.0
3945735,5.0,66.0,58.5,Unknown,2.0,53666.72,0.0,3.0
1336169,13.0,159.0,62.5,Male,2.0,39995.13,1.0,4.0
1368796,38.0,463.0,71.0,Male,2.0,607506.13,5.0,8.0
9358257,11.0,143.0,39.5,Female,2.0,211747.38,2.0,5.0
7308307,16.0,192.0,40.5,Unknown,3.0,234195.53,6.0,9.0
7707583,10.0,131.0,54.0,Female,2.0,27469.79,0.0,3.0
8119530,4.0,53.0,54.5,Unknown,2.0,102948.43,2.0,5.0
4993157,15.0,185.0,52.0,Female,3.0,33883.5,1.0,4.0
2786226,15.0,191.0,38.0,Female,2.0,26478.26,1.0,4.0
6971584,12.0,145.0,34.0,Male,2.0,120257.29,6.0,9.0
3718714,16.0,193.0,54.0,Male,2.0,208355.89,6.0,9.0
7158193,14.0,170.0,56.5,Female,2.0,42041.53999999999,2.0,5.0
5267696,11.0,142.0,37.5,Female,2.0,26347.61,1.0,4.0
2617793,5.0,70.0,32.0,Unknown,2.0,65468.79,6.0,9.0
3914583,4.0,56.0,78.0,Female,2.0,163512.45,0.0,3.0
1438555,10.0,124.0,39.0,Unknown,2.0,54033.8,1.0,4.0
3954818,11.0,137.0,61.5,Female,2.0,76729.73,0.0,3.0
630512,10.0,131.0,34.5,Male,3.0,176570.01,6.0,9.0
4758203,4.0,58.0,29.0,Unknown,2.0,43894.9,6.0,9.0
9247659,26.0,318.0,74.5,Female,3.0,543457.02,4.0,7.0
7746821,14.0,173.0,23.5,Female,2.0,26274.25,6.0,9.0
1582990,6.0,79.0,23.0,Unknown,2.0,25331.54,0.0,3.0
4139697,32.0,394.0,69.0,Male,3.0,157300.28999999998,5.0,8.0
6858296,15.0,190.0,62.5,Male,2.0,83037.95,6.0,9.0
3030068,13.0,156.0,28.0,Male,2.0,25840.01,0.0,3.0
5182775,8.0,99.0,37.5,Unknown,4.0,657850.02,6.0,9.0
9298861,8.0,98.0,29.0,Male,2.0,44249.47,4.0,7.0
4469697,15.0,191.0,43.5,Male,2.0,166030.28999999998,2.0,5.0
1445317,7.0,87.0,56.5,Unknown,2.0,52858.81,3.0,6.0
791775,14.0,175.0,38.5,Male,2.0,64509.1,1.0,4.0
7099047,4.0,58.0,21.5,Unknown,2.0,35147.71,0.0,3.0
9423825,8.0,98.0,32.5,Unknown,2.0,163328.15999999997,1.0,4.0
1769630,4.0,56.0,33.5,Male,2.0,33549.63,4.0,7.0
8908875,4.0,56.0,19.5,Unknown,2.0,30653.87,1.0,4.0
676552,6.0,81.0,53.0,Unknown,2.0,38610.9,4.0,7.0
3676830,14.0,172.0,52.5,Male,2.0,33477.89,0.0,3.0
8129690,4.0,54.0,57.0,Male,2.0,72539.1,0.0,3.0
6593577,7.0,90.0,29.0,Unknown,2.0,45146.35,6.0,9.0
4152488,16.0,203.0,61.0,Female,2.0,74211.45999999999,1.0,4.0
1179809,15.0,189.0,38.0,Female,2.0,26251.96,1.0,4.0
2013905,7.0,94.0,21.0,Female,2.0,32691.32,2.0,5.0
5156607,5.0,60.0,51.5,Unknown,2.0,49637.17999999999,2.0,5.0
1632090,7.0,91.0,58.0,Unknown,2.0,206626.66,2.0,5.0
6062375,15.0,188.0,37.0,Male,3.0,183884.81,3.0,6.0
861973,23.0,276.0,69.0,Male,3.0,122816.08,0.0,3.0
6507167,22.0,272.0,54.0,Female,3.0,396027.18,6.0,9.0
7590004,22.0,268.0,56.5,Male,2.0,66642.26,5.0,8.0
493083,22.0,265.0,67.5,Male,3.0,186025.36,4.0,7.0
3796559,20.0,243.0,31.0,Male,2.0,34722.44,4.0,7.0
6485924,20.0,241.0,64.0,Male,2.0,162423.69,2.0,6.0
5424687,19.0,238.0,68.5,Female,3.0,227173.98,6.0,9.0
1688477,19.0,229.0,63.5,Male,2.0,480132.09,6.0,9.0
20668,28.0,342.0,68.0,Female,2.0,38528.21,5.0,8.0
3768378,6.0,81.0,22.5,Unknown,2.0,29727.46,0.0,3.0
8646938,10.0,124.0,58.5,Female,2.0,35549.619999999995,1.0,4.0
9180822,15.0,180.0,30.0,Male,2.0,80230.62,6.0,9.0
6379542,4.0,52.0,30.5,Unknown,2.0,39383.17,0.0,3.0
943003,5.0,67.0,34.0,Unknown,2.0,39970.15,1.0,4.0
7789006,15.0,187.0,52.5,Female,3.0,143917.5,4.0,7.0
9646949,14.0,171.0,40.5,Female,2.0,97980.91,4.0,7.0
7470213,17.0,209.0,46.0,Female,2.0,216840.87,6.0,9.0
6294499,8.0,101.0,66.0,Unknown,2.0,33041.28,1.0,4.0
4040765,15.0,181.0,76.0,Male,2.0,39003.2,0.0,3.0
8645809,6.0,78.0,20.0,Unknown,3.0,100389.09,1.0,4.0
2479277,12.0,150.0,44.0,Female,2.0,399096.77,6.0,9.0
9318961,9.0,108.0,62.5,Male,2.0,34998.39,3.0,6.0
7949883,12.0,150.0,30.5,Male,2.0,105982.88,6.0,9.0
8411404,12.0,151.0,36.5,Male,2.0,31263.61,6.0,9.0
9327274,7.0,84.0,38.0,Unknown,3.0,146647.31,3.0,7.0
9722784,4.0,58.0,65.0,Unknown,2.0,188993.77,2.0,5.0
3409990,7.0,91.0,38.5,Unknown,2.0,149232.91,1.0,4.0
3557663,12.0,144.0,47.5,Male,2.0,71440.03,2.0,5.0
3039540,16.0,202.0,60.0,Female,2.0,300487.14,6.0,9.0
1134193,8.0,104.0,71.0,Female,2.0,171275.59000000003,3.0,6.0
81119,4.0,56.0,31.0,Unknown,2.0,39921.5,3.0,6.0
8892555,9.0,111.0,48.5,Female,2.0,333124.25,6.0,9.0
5046749,5.0,64.0,63.0,Unknown,2.0,81194.75,5.0,8.0
5713362,16.0,194.0,62.5,Male,2.0,247346.53,0.0,3.0
2439811,15.0,190.0,56.5,Male,2.0,51156.27,0.0,3.0
7816329,13.0,156.0,41.0,Female,2.0,137886.93,2.0,5.0
518727,12.0,145.0,76.0,Female,2.0,108543.35,2.0,5.0
4249545,6.0,73.0,20.5,Unknown,2.0,28091.37,0.0,3.0
7182233,7.0,93.0,20.5,Female,3.0,64568.48,6.0,9.0
952439,9.0,110.0,67.0,Female,2.0,77811.29000000001,0.0,3.0
3394404,12.0,154.0,54.0,Female,3.0,63805.2,3.0,6.0
9307390,11.0,137.0,35.5,Female,2.0,27152.05,3.0,6.0
1338171,16.0,193.0,43.0,Female,2.0,33026.03,2.0,5.0
4626790,13.0,156.0,53.5,Male,2.0,27059.95,4.0,7.0
5204027,6.0,77.0,21.0,Unknown,2.0,61372.07,6.0,9.0
2139967,13.0,156.0,33.0,Male,2.0,65681.85,1.0,4.0
9935417,5.0,64.0,54.5,Unknown,2.0,44094.35,6.0,9.0
5107764,5.0,67.0,41.0,Unknown,2.0,116640.82,2.0,5.0
5774133,7.0,89.0,56.5,Unknown,2.0,46102.76,2.0,5.0
3771690,5.0,71.0,30.0,Unknown,2.0,39572.16,2.0,5.0
7044580,10.0,131.0,63.5,Female,2.0,92825.15,1.0,4.0
9354262,26.0,320.0,61.0,Female,3.0,164325.09000000003,0.0,3.0
817310,22.0,271.0,58.5,Male,2.0,58031.03,2.0,5.0
7131214,22.0,271.0,67.5,Male,4.0,2494303.33,2.0,6.0
9333375,19.0,232.0,85.0,Male,3.0,124704.89,3.0,6.0
7300039,19.0,229.0,59.5,Male,2.0,1127709.25,3.0,6.0
1543625,17.0,215.0,51.5,Unknown,3.0,236074.3,0.0,3.0
7035416,15.0,190.0,40.5,Male,2.0,31977.85,1.0,4.0
4231726,14.0,176.0,59.5,Female,3.0,313175.91,6.0,9.0
4491592,5.0,67.0,63.5,Unknown,2.0,648586.61,2.0,5.0
8444177,27.0,333.0,23.5,Male,2.0,175161.34000000003,2.0,5.0
3723932,7.0,87.0,61.0,Unknown,2.0,79793.45999999999,6.0,9.0
5721873,6.0,74.0,47.5,Unknown,2.0,488009.99,6.0,9.0
7645183,7.0,92.0,42.0,Unknown,4.0,138740.51,5.0,8.0
3856683,5.0,66.0,25.5,Unknown,4.0,113497.77,5.0,8.0
3984325,15.0,180.0,28.0,Male,2.0,56753.68,6.0,9.0
2522259,14.0,169.0,42.5,Male,2.0,37305.63,6.0,9.0
9538841,30.0,361.0,66.0,Male,2.0,83616.04999999999,2.0,5.0
6505771,5.0,71.0,65.5,Unknown,2.0,258132.8,5.0,8.0
8478735,10.0,123.0,37.5,Male,2.0,28154.77,0.0,3.0
6765699,10.0,122.0,50.0,Male,2.0,54750.76,1.0,4.0
5462195,12.0,155.0,26.0,Female,3.0,113513.08,2.0,5.0
5357124,13.0,159.0,67.5,Male,3.0,163296.47999999998,6.0,9.0
3934723,26.0,321.0,72.0,Female,2.0,32972.38,1.0,4.0
6175278,6.0,82.0,41.5,Unknown,2.0,49140.36,3.0,6.0
2183950,14.0,179.0,72.0,Female,2.0,55520.77,0.0,6.0
1631740,15.0,190.0,61.5,Male,2.0,283879.94,6.0,9.0
5156074,5.0,67.0,57.5,Unknown,2.0,57480.76,6.0,9.0
9194819,27.0,326.0,62.5,Male,2.0,36219.64,4.0,7.0
9599875,5.0,68.0,63.0,Unknown,2.0,112844.46,2.0,5.0
9560202,16.0,193.0,50.5,Female,2.0,23862.18,1.0,4.0
3467575,15.0,180.0,91.0,Female,2.0,35490.59,1.0,4.0
7007069,6.0,73.0,55.0,Unknown,2.0,49327.16,1.0,4.0
7176345,12.0,152.0,36.5,Male,2.0,56330.33,6.0,9.0
7000918,4.0,59.0,25.0,Unknown,2.0,114293.63,6.0,9.0
1416540,8.0,96.0,52.0,Unknown,2.0,194969.64,1.0,4.0
5070994,20.0,250.0,61.0,Female,2.0,112737.07,5.0,8.0
9401571,5.0,68.0,46.0,Unknown,2.0,33855.33,6.0,9.0
4791055,9.0,118.0,30.0,Male,2.0,61894.51,6.0,9.0
1635395,5.0,65.0,20.0,Male,3.0,51481.08,4.0,7.0
1885569,6.0,81.0,39.0,Unknown,3.0,188313.76,3.0,6.0
5370323,13.0,167.0,44.5,Female,3.0,78193.98,0.0,3.0
4604034,17.0,204.0,44.5,Female,2.0,100539.11,5.0,8.0
826259,8.0,96.0,28.5,Female,2.0,72384.70999999999,5.0,8.0
6609552,5.0,70.0,22.5,Unknown,2.0,50239.13,6.0,9.0
387056,12.0,150.0,32.5,Female,3.0,52051.58,6.0,9.0
457784,21.0,263.0,75.0,Female,2.0,47550.46,6.0,9.0
25766,15.0,181.0,33.5,Female,2.0,70057.79000000001,0.0,3.0
8803514,15.0,188.0,32.0,Female,2.0,63427.53,2.0,5.0
5264748,6.0,82.0,29.5,Unknown,4.0,186376.54,6.0,9.0
7177906,18.0,221.0,46.0,Male,2.0,112420.7,2.0,5.0
252509,21.0,258.0,64.0,Male,3.0,867240.3500000001,5.0,8.0
6887099,16.0,195.0,63.0,Unknown,2.0,49836.72,0.0,3.0
6392043,23.0,287.0,48.0,Unknown,3.0,329880.81,6.0,9.0
1818857,22.0,268.0,47.5,Unknown,2.0,44380.46,2.0,5.0
3361068,21.0,254.0,40.5,Female,2.0,70982.09,3.0,6.0
2968779,24.0,291.0,23.5,Male,2.0,64321.99,6.0,9.0
64885,17.0,205.0,61.0,Female,2.0,174277.44,1.0,4.0
5254096,16.0,203.0,56.0,Male,3.0,154320.24,5.0,8.0
5973082,6.0,76.0,41.5,Unknown,2.0,27228.62,0.0,3.0
1709002,9.0,109.0,44.5,Female,2.0,72965.73999999999,3.0,6.0
3522836,11.0,140.0,28.0,Female,2.0,26890.38,0.0,3.0
2151865,8.0,107.0,36.0,Female,2.0,56372.25,0.0,3.0
3718550,15.0,183.0,40.0,Male,2.0,120011.45,2.0,5.0
8245227,15.0,180.0,67.5,Male,2.0,124622.29,1.0,4.0
5650426,15.0,187.0,59.5,Female,2.0,138641.94,4.0,7.0
3263824,14.0,178.0,63.0,Male,3.0,33360.399999999994,5.0,8.0
9299887,13.0,167.0,31.5,Male,2.0,43572.21,3.0,6.0
971597,31.0,372.0,60.5,Male,3.0,494439.13,6.0,9.0
4131648,5.0,60.0,33.5,Unknown,3.0,68522.83,2.0,5.0
879087,6.0,72.0,32.0,Unknown,2.0,29825.78,0.0,3.0
791114,6.0,72.0,30.0,Male,2.0,69305.59,6.0,9.0
1870951,26.0,323.0,63.5,Male,2.0,134281.76,6.0,9.0
7775121,8.0,100.0,32.5,Male,2.0,442119.29,5.0,8.0
6743658,11.0,138.0,33.5,Female,2.0,89641.87,0.0,3.0
839585,7.0,84.0,57.5,Unknown,2.0,243212.27,2.0,5.0
6701318,4.0,58.0,72.0,Unknown,2.0,779007.2100000001,6.0,9.0
3829601,12.0,151.0,52.0,Female,2.0,31390.75,0.0,3.0
9112160,14.0,168.0,38.5,Male,4.0,62087.14,6.0,9.0
8635264,6.0,82.0,50.0,Unknown,2.0,58458.76,4.0,7.0
6126216,6.0,74.0,37.5,Male,3.0,81637.20999999999,4.0,7.0
987364,5.0,69.0,56.5,Unknown,3.0,73925.7,6.0,9.0
9386463,3.0,36.0,17.5,Unknown,2.0,24956.12,0.0,3.0
7619785,19.0,235.0,49.5,Female,2.0,39301.29,1.0,4.0
4533293,4.0,58.0,53.5,Unknown,2.0,39890.65,4.0,7.0
9675550,8.0,101.0,28.0,Unknown,2.0,38225.98,2.0,5.0
1345390,6.0,74.0,58.0,Male,2.0,47923.4,1.0,4.0
4653377,16.0,203.0,46.5,Female,2.0,103230.05,2.0,5.0
9307063,9.0,117.0,57.5,Male,2.0,73879.83,6.0,9.0
3781719,7.0,88.0,24.0,Male,2.0,51786.65,2.0,5.0
9749516,5.0,71.0,55.5,Unknown,3.0,209940.33,4.0,8.0
4039740,23.0,286.0,54.5,Female,3.0,59985.68,3.0,6.0
5004417,22.0,275.0,61.0,Male,3.0,1015659.82,6.0,9.0
6462603,22.0,265.0,61.0,Female,3.0,382746.5,6.0,9.0
1643251,22.0,265.0,74.5,Male,3.0,557165.4400000001,6.0,9.0
3620178,22.0,264.0,24.0,Unknown,2.0,49770.98,2.0,5.0
5707788,23.0,282.0,40.0,Male,3.0,207854.17,1.0,4.0
5305116,18.0,226.0,63.5,Female,3.0,89726.65,2.0,5.0
4461747,6.0,76.0,29.5,Unknown,2.0,63946.81,0.0,3.0
6218310,6.0,82.0,29.0,Unknown,2.0,80077.58,6.0,9.0
5556204,7.0,86.0,28.5,Unknown,2.0,27012.16,0.0,3.0
1491063,13.0,161.0,38.5,Female,2.0,79656.23,0.0,3.0
1168072,5.0,66.0,20.0,Male,2.0,25110.04,4.0,7.0
3698724,15.0,191.0,45.0,Male,4.0,516063.28,6.0,9.0
1103735,8.0,101.0,62.5,Unknown,2.0,66099.81,6.0,9.0
9096264,5.0,71.0,30.5,Unknown,2.0,62584.99,6.0,9.0
6515180,16.0,203.0,45.0,Female,2.0,69257.33,6.0,9.0
1286205,6.0,72.0,69.0,Female,2.0,202966.5,1.0,4.0
3506201,14.0,170.0,71.5,Male,2.0,554766.63,6.0,9.0
1892952,5.0,65.0,25.5,Unknown,2.0,53346.94,6.0,9.0
9432876,5.0,66.0,69.5,Unknown,2.0,71678.65,3.0,6.0
694911,6.0,79.0,51.5,Unknown,3.0,65018.61,4.0,7.0
5247593,6.0,83.0,41.0,Unknown,2.0,36901.03,6.0,9.0
6696097,15.0,180.0,35.0,Male,2.0,58272.61,0.0,3.0
5657750,15.0,182.0,49.5,Female,2.0,54284.62,1.0,4.0
9222982,4.0,56.0,35.0,Unknown,2.0,45880.7,3.0,6.0
8157247,13.0,157.0,39.0,Female,2.0,39497.17,5.0,8.0
1520419,5.0,60.0,75.0,Unknown,2.0,144006.07,4.0,7.0
3607333,12.0,149.0,41.5,Female,2.0,58628.39,3.0,6.0
8891137,5.0,64.0,24.5,Unknown,3.0,123323.78,6.0,9.0
8346839,15.0,183.0,54.0,Unknown,2.0,77633.38,6.0,9.0
4996959,32.0,395.0,52.5,Male,3.0,344428.14,5.0,8.0
335335,5.0,60.0,22.5,Unknown,2.0,39305.01,0.0,3.0
3160872,6.0,81.0,40.5,Unknown,2.0,45639.15,5.0,8.0
8529646,4.0,58.0,69.5,Unknown,3.0,49349.39,6.0,9.0
8438038,6.0,79.0,23.5,Unknown,2.0,35321.48,1.0,4.0
6255392,5.0,69.0,52.0,Unknown,2.0,59217.06,0.0,3.0
9088169,4.0,58.0,57.5,Female,3.0,50000.44,4.0,7.0
1454975,26.0,320.0,58.0,Unknown,2.0,153115.63,2.0,5.0
6694625,4.0,59.0,27.5,Unknown,5.0,100221.52,5.0,8.0
3073245,14.0,169.0,73.5,Female,2.0,29167.03,4.0,7.0
2175999,15.0,189.0,36.5,Male,2.0,31281.63,1.0,4.0
6568325,27.0,328.0,63.5,Female,2.0,36602.44,1.0,5.0
1466536,4.0,58.0,25.5,Unknown,4.0,45902.81,6.0,9.0
2044540,12.0,151.0,30.0,Female,2.0,32556.45,1.0,4.0
5927828,21.0,253.0,55.0,Male,2.0,442531.89,4.0,7.0
8385033,13.0,161.0,34.5,Female,2.0,37663.29,0.0,3.0
998606,11.0,132.0,30.5,Female,2.0,40977.11,2.0,5.0
8645980,32.0,384.0,61.0,Female,3.0,936914.17,6.0,9.0
7290342,22.0,265.0,59.0,Female,3.0,36837.75,2.0,6.0
9292116,22.0,264.0,24.0,Male,2.0,32868.77,2.0,5.0
3154316,21.0,253.0,48.5,Female,2.0,294142.32,6.0,9.0
2230504,20.0,242.0,32.5,Male,3.0,51798.66,2.0,5.0
8222302,19.0,230.0,77.0,Female,2.0,85959.95,1.0,4.0
2336436,17.0,214.0,55.0,Male,2.0,312387.9,6.0,9.0
1060955,17.0,208.0,57.0,Female,2.0,158747.78999999998,1.0,4.0
6433333,17.0,205.0,55.0,Female,2.0,65399.1,3.0,6.0
2009302,7.0,92.0,61.5,Unknown,2.0,74971.56,2.0,5.0
1052899,5.0,70.0,25.5,Unknown,3.0,49319.01,4.0,7.0
5631396,7.0,89.0,37.0,Unknown,3.0,78966.1,6.0,9.0
8792675,25.0,302.0,71.0,Male,2.0,295832.75,0.0,3.0
3460882,4.0,58.0,81.5,Female,2.0,58202.92,3.0,6.0
8271006,7.0,91.0,50.0,Unknown,2.0,91725.1,1.0,4.0
1229050,15.0,182.0,21.0,Unknown,3.0,36520.83,0.0,3.0
4193281,12.0,149.0,74.5,Unknown,2.0,155735.69,5.0,8.0
8648052,21.0,257.0,31.5,Male,3.0,216363.72,6.0,9.0
4766724,5.0,70.0,67.5,Unknown,2.0,114255.51,1.0,4.0
1645488,6.0,83.0,28.5,Unknown,3.0,106445.04,5.0,8.0
3841646,8.0,107.0,66.5,Male,2.0,59138.66,6.0,9.0
7609276,17.0,213.0,45.5,Male,3.0,813641.17,6.0,9.0
4465058,15.0,184.0,58.5,Male,3.0,124131.84,1.0,5.0
6376224,6.0,78.0,31.0,Unknown,3.0,338552.67,5.0,8.0
8037656,12.0,153.0,59.0,Male,2.0,344874.28,3.0,6.0
6513232,4.0,58.0,17.5,Unknown,2.0,27746.18,1.0,4.0
5919082,7.0,85.0,33.0,Unknown,2.0,60123.1,6.0,9.0
2869384,15.0,186.0,66.0,Male,2.0,182957.53,3.0,6.0
630614,34.0,418.0,55.0,Male,2.0,131978.0,5.0,8.0
196053,13.0,165.0,32.5,Unknown,2.0,54154.15,4.0,7.0
5913445,5.0,70.0,24.0,Unknown,2.0,54979.75,0.0,3.0
6545703,7.0,89.0,55.0,Unknown,2.0,75335.72,4.0,7.0
6167399,7.0,95.0,24.5,Unknown,2.0,36523.3,3.0,6.0
6602331,13.0,160.0,60.5,Unknown,2.0,55713.98,5.0,8.0
8950069,6.0,73.0,54.5,Unknown,2.0,41589.01,6.0,9.0
6473758,10.0,123.0,62.5,Male,2.0,30017.65,3.0,6.0
1596450,4.0,58.0,29.0,Unknown,3.0,66110.47,5.0,8.0
6994813,7.0,89.0,42.5,Unknown,3.0,64411.13,6.0,9.0
2606861,8.0,97.0,85.0,Unknown,2.0,55930.51,4.0,7.0
3663863,15.0,189.0,52.5,Male,2.0,23789.61,0.0,3.0
9604567,9.0,108.0,78.0,Female,2.0,34924.24,1.0,4.0
5719719,14.0,171.0,44.5,Male,2.0,665244.56,2.0,5.0
5601073,13.0,166.0,40.0,Male,2.0,65952.84,4.0,7.0
1741632,5.0,67.0,24.0,Female,2.0,46664.25,5.0,8.0
3816625,7.0,91.0,34.0,Unknown,2.0,23797.25,2.0,5.0
1670482,8.0,102.0,51.0,Male,2.0,35155.78,1.0,4.0
62791,8.0,99.0,62.5,Unknown,3.0,715929.37,6.0,9.0
7437226,6.0,82.0,30.5,Unknown,4.0,197929.85,3.0,6.0
770810,25.0,305.0,25.5,Female,2.0,23959.1,4.0,7.0
8705753,22.0,268.0,61.0,Female,2.0,29240.1,0.0,3.0
9052282,22.0,264.0,57.5,Female,2.0,52703.92,2.0,5.0
6579110,21.0,261.0,58.0,Male,3.0,356741.22,5.0,8.0
9545139,21.0,261.0,51.5,Male,4.0,3577649.07,6.0,9.0
6308747,21.0,261.0,27.0,Male,2.0,29944.73,1.0,4.0
638557,21.0,255.0,47.5,Female,3.0,225316.08,1.0,4.0
1323067,20.0,250.0,40.5,Unknown,2.0,71047.63,5.0,8.0
7321048,18.0,226.0,63.0,Female,3.0,191942.68,6.0,9.0
4390568,18.0,222.0,73.5,Female,2.0,61329.68,3.0,6.0
6864371,14.0,173.0,29.5,Male,3.0,196178.41,6.0,9.0
2462823,6.0,80.0,28.5,Unknown,3.0,90009.01,4.0,7.0
4658967,11.0,136.0,36.5,Female,2.0,35953.03,6.0,9.0
1544430,12.0,146.0,59.0,Male,2.0,131587.22,5.0,8.0
4615840,10.0,121.0,27.5,Female,3.0,85651.92,6.0,9.0
5832104,13.0,167.0,25.5,Male,2.0,39167.8,1.0,4.0
6217257,29.0,352.0,87.5,Male,2.0,428754.82,6.0,9.0
2596734,8.0,103.0,43.5,Unknown,2.0,29124.26,3.0,6.0
637858,6.0,82.0,50.5,Unknown,2.0,179597.09999999998,1.0,4.0
601368,5.0,66.0,41.0,Unknown,2.0,28009.34,6.0,9.0
4690966,16.0,193.0,80.0,Female,2.0,43501.66,1.0,4.0
9215075,16.0,195.0,45.5,Female,2.0,35560.3,1.0,4.0
945176,23.0,280.0,60.0,Female,2.0,186893.95,4.0,7.0
3939352,10.0,130.0,38.5,Female,2.0,106799.41,0.0,3.0
4559825,5.0,66.0,56.5,Unknown,2.0,48743.99,5.0,8.0
9792505,16.0,194.0,46.0,Female,2.0,140496.09999999998,5.0,8.0
9953208,5.0,60.0,51.5,Unknown,2.0,31700.84,5.0,8.0
6620013,5.0,70.0,55.5,Female,3.0,102391.37,5.0,8.0
4305565,11.0,133.0,38.0,Female,2.0,25581.97,2.0,5.0
9566907,15.0,181.0,25.5,Male,3.0,80378.28,3.0,6.0
9972992,12.0,147.0,32.5,Male,2.0,34948.53,4.0,7.0
4540939,6.0,72.0,37.0,Male,2.0,26738.05,2.0,5.0
707497,15.0,186.0,50.5,Male,2.0,32077.84,1.0,4.0
6573672,12.0,154.0,33.5,Male,2.0,49519.13,0.0,3.0
18660,18.0,222.0,45.0,Male,2.0,98708.9,2.0,5.0
8936701,4.0,54.0,19.0,Unknown,2.0,26928.94,6.0,9.0
7866590,4.0,58.0,31.5,Unknown,2.0,29088.0,6.0,9.0
7582181,2.0,34.0,60.5,Unknown,2.0,30325.65,1.0,4.0
6174342,5.0,66.0,65.5,Unknown,3.0,47690.3,2.0,5.0
7784030,11.0,139.0,27.5,Male,2.0,43839.37,4.0,7.0
2824309,25.0,309.0,27.5,Male,3.0,374261.96,5.0,8.0
828790,14.0,176.0,64.5,Female,2.0,29722.52,2.0,5.0
1779333,13.0,160.0,37.5,Female,3.0,58489.33,5.0,8.0
5334822,6.0,79.0,26.0,Female,2.0,48146.34,1.0,4.0
8602065,7.0,84.0,69.5,Unknown,2.0,56507.56,4.0,7.0
7507433,9.0,116.0,26.5,Female,2.0,27424.46,0.0,4.0
7514987,11.0,142.0,64.5,Female,2.0,29827.48,3.0,6.0
4397589,15.0,188.0,34.0,Female,2.0,68350.48999999999,0.0,3.0
8758703,16.0,196.0,55.5,Female,3.0,206868.5,6.0,9.0
1262208,4.0,59.0,35.5,Unknown,2.0,39490.65,3.0,6.0
3331992,4.0,58.0,53.0,Unknown,2.0,48458.9,6.0,9.0
6176305,13.0,156.0,62.5,Male,2.0,135572.53999999998,1.0,4.0
387579,6.0,76.0,20.5,Unknown,2.0,29454.91,6.0,9.0
7752727,25.0,303.0,30.5,Female,2.0,61151.14,1.0,4.0
4029417,23.0,285.0,50.5,Female,3.0,361294.95,3.0,6.0
8749659,21.0,260.0,65.5,Male,4.0,272247.44,6.0,9.0
9802061,21.0,258.0,44.0,Male,2.0,52985.26,3.0,6.0
5694003,21.0,253.0,39.5,Male,3.0,37530.6,6.0,9.0
7803837,22.0,267.0,56.0,Male,3.0,315630.1,5.0,8.0
2397900,5.0,62.0,58.5,Female,2.0,268639.38,1.0,4.0
4665347,5.0,70.0,22.5,Unknown,2.0,38544.21,6.0,9.0
8872073,13.0,166.0,71.0,Male,2.0,383540.59,3.0,6.0
1461624,5.0,70.0,44.5,Unknown,3.0,184893.41,5.0,8.0
4645740,9.0,111.0,54.0,Female,2.0,23878.61,1.0,4.0
3541332,8.0,104.0,34.0,Female,2.0,66526.41,0.0,3.0
6129738,15.0,181.0,77.0,Female,2.0,41989.8,0.0,3.0
3417295,16.0,194.0,55.0,Female,3.0,82425.95999999999,5.0,8.0
1176709,9.0,109.0,64.5,Female,2.0,42105.62,6.0,9.0
5627269,11.0,140.0,39.0,Male,3.0,247987.94,6.0,9.0
1869917,7.0,90.0,25.0,Unknown,2.0,40232.48,1.0,4.0
3711599,8.0,107.0,46.5,Male,2.0,70990.44,1.0,4.0
4399023,4.0,53.0,30.0,Unknown,2.0,32219.15,2.0,6.0
9554309,4.0,50.0,39.0,Unknown,2.0,45572.69,4.0,7.0
5271473,5.0,66.0,28.0,Female,2.0,257994.34000000003,5.0,8.0
1545221,10.0,120.0,34.5,Male,2.0,103345.01,6.0,9.0
1814596,15.0,181.0,46.5,Male,2.0,24901.19,6.0,9.0
8221811,3.0,46.0,42.5,Male,2.0,37695.38,0.0,3.0
9632599,4.0,59.0,81.0,Unknown,2.0,96383.53,4.0,7.0
624947,7.0,86.0,32.5,Unknown,3.0,60807.17,1.0,4.0
6996763,15.0,191.0,54.0,Female,2.0,78260.04000000001,2.0,5.0
5432649,15.0,190.0,31.0,Female,2.0,70766.98,1.0,4.0
5753974,5.0,70.0,51.0,Female,2.0,30502.53,0.0,3.0
4734110,6.0,74.0,44.0,Female,2.0,28904.02,0.0,3.0
3696592,5.0,67.0,35.5,Unknown,2.0,39847.32,2.0,5.0
9717008,26.0,316.0,50.5,Unknown,3.0,83783.29000000001,6.0,9.0
3973543,7.0,92.0,69.0,Unknown,2.0,43318.92,1.0,4.0
1887531,14.0,179.0,45.0,Male,2.0,24805.56,0.0,3.0
9922667,9.0,112.0,58.5,Female,2.0,32568.94,0.0,3.0
2876608,27.0,326.0,71.0,Male,2.0,293755.0,5.0,8.0
8617107,12.0,144.0,60.5,Male,2.0,85386.97,3.0,6.0
9391298,7.0,85.0,55.5,Unknown,2.0,43088.05,3.0,6.0
9784155,19.0,234.0,53.0,Male,2.0,614718.37,3.0,6.0
6497795,7.0,87.0,31.0,Unknown,2.0,64803.43,0.0,3.0
7495299,4.0,59.0,25.5,Unknown,2.0,31397.44,2.0,5.0
7549476,5.0,69.0,58.5,Female,2.0,104203.45,4.0,7.0
1440446,6.0,80.0,38.0,Male,2.0,51257.14,6.0,9.0
6355360,27.0,324.0,63.5,Male,3.0,1145922.53,2.0,5.0
1555059,7.0,94.0,32.0,Unknown,2.0,35705.36,5.0,8.0
7302432,11.0,139.0,42.0,Female,3.0,92951.99,2.0,5.0
2458102,7.0,90.0,20.5,Unknown,2.0,31710.28,2.0,5.0
9712676,35.0,420.0,35.0,Female,2.0,79685.64,6.0,9.0
9095428,12.0,145.0,26.5,Female,2.0,27535.25,0.0,3.0
7225180,8.0,101.0,64.5,Unknown,2.0,82996.45,4.0,7.0
7660455,13.0,159.0,63.0,Female,2.0,68147.36,4.0,7.0
4452247,9.0,108.0,41.5,Female,2.0,76329.13,1.0,4.0
51706,6.0,73.0,23.0,Male,4.0,140006.03999999998,6.0,9.0
7389969,24.0,289.0,72.5,Male,2.0,114091.52,0.0,3.0
4717090,21.0,253.0,58.0,Female,2.0,345011.11,5.0,8.0
2919531,21.0,253.0,54.0,Male,2.0,234087.35,6.0,9.0
5224346,19.0,239.0,42.5,Male,4.0,161699.52999999997,3.0,6.0
7631171,17.0,212.0,47.0,Male,2.0,34845.99,3.0,6.0
872142,5.0,70.0,55.0,Male,2.0,691559.37,6.0,9.0
5547565,9.0,108.0,56.5,Female,2.0,34737.86,1.0,4.0
9818086,10.0,123.0,28.5,Female,2.0,45318.94,6.0,9.0
6156458,13.0,160.0,63.5,Male,2.0,52901.57,2.0,5.0
480792,28.0,341.0,25.0,Female,3.0,667240.9800000001,1.0,4.0
6249518,9.0,118.0,57.5,Unknown,2.0,37389.63,1.0,4.0
973461,7.0,94.0,28.5,Unknown,2.0,102370.72,2.0,5.0
9144198,6.0,75.0,32.0,Unknown,2.0,48722.12,3.0,6.0
7656563,14.0,179.0,70.0,Female,2.0,58147.3,2.0,5.0
9690417,9.0,111.0,66.5,Female,2.0,35251.96,6.0,9.0
9032689,15.0,189.0,51.0,Male,2.0,25318.12,6.0,9.0
9486376,16.0,203.0,69.0,Male,2.0,86402.15,0.0,3.0
353658,5.0,67.0,22.0,Unknown,2.0,38846.03,4.0,7.0
4871180,4.0,58.0,27.0,Unknown,2.0,27332.21,5.0,8.0
2717723,6.0,83.0,30.0,Unknown,2.0,32951.82,5.0,8.0
4112563,11.0,142.0,36.5,Male,2.0,51660.0,0.0,3.0
6536450,4.0,58.0,61.0,Unknown,2.0,41511.75,3.0,6.0
6925271,5.0,67.0,64.5,Unknown,2.0,257957.81,2.0,5.0
408478,15.0,180.0,50.0,Male,2.0,378752.71,0.0,3.0
1152171,6.0,73.0,66.5,Male,2.0,319008.0,6.0,9.0
7501408,16.0,202.0,40.5,Male,2.0,84963.47,2.0,5.0
4699965,11.0,143.0,53.5,Female,2.0,31081.84,1.0,4.0
8760103,8.0,101.0,60.5,Unknown,2.0,246441.94,1.0,4.0
5602866,13.0,156.0,47.0,Male,2.0,55244.73,1.0,4.0
9898215,13.0,165.0,61.0,Female,2.0,93665.38,6.0,9.0
6969340,16.0,194.0,43.0,Female,2.0,62256.57,1.0,4.0
7720996,29.0,354.0,65.0,Male,2.0,621354.4500000001,6.0,9.0
2612320,8.0,96.0,56.5,Unknown,2.0,204840.57,3.0,6.0
357090,30.0,370.0,61.5,Male,2.0,39475.05,3.0,6.0
2217126,6.0,81.0,44.5,Unknown,2.0,41592.66,0.0,3.0
9560978,15.0,189.0,48.5,Female,2.0,32229.85,0.0,3.0
7433855,4.0,58.0,29.5,Unknown,2.0,27646.85,0.0,3.0
8350976,4.0,58.0,51.0,Female,3.0,133914.95,6.0,9.0
9379390,6.0,74.0,24.0,Unknown,2.0,54882.66,0.0,3.0
3650398,29.0,352.0,80.0,Male,3.0,213958.95,1.0,4.0
6615896,10.0,131.0,28.0,Unknown,3.0,107281.89,6.0,9.0
4990904,6.0,76.0,24.0,Unknown,2.0,55043.95,5.0,8.0
3119190,4.0,59.0,25.5,Unknown,2.0,33445.16,6.0,9.0
6409047,10.0,128.0,34.5,Male,2.0,49188.65,2.0,5.0
2270844,24.0,293.0,49.0,Male,3.0,208786.39,4.0,7.0
4928103,25.0,302.0,61.0,Female,3.0,1629924.17,6.0,9.0
1953978,22.0,272.0,58.5,Unknown,2.0,61909.84,1.0,4.0
7127299,22.0,268.0,30.5,Male,2.0,89099.39,2.0,5.0
8213550,22.0,266.0,60.0,Unknown,2.0,63489.93,6.0,9.0
743676,22.0,264.0,42.0,Female,3.0,94685.61,2.0,5.0
9099836,17.0,214.0,38.5,Female,3.0,1217323.7999999998,2.0,5.0
7735187,17.0,213.0,51.5,Male,2.0,59078.02,0.0,3.0
4659948,15.0,191.0,46.5,Female,2.0,71118.4,1.0,4.0
5872163,5.0,64.0,52.0,Male,2.0,56867.9,2.0,5.0
4667938,15.0,180.0,63.5,Unknown,2.0,728324.7200000001,2.0,5.0
1605977,15.0,186.0,66.5,Male,5.0,1463395.19,5.0,8.0
3549330,7.0,94.0,28.0,Unknown,2.0,82522.9,1.0,4.0
7856876,12.0,155.0,47.5,Male,2.0,59435.07,2.0,5.0
481553,12.0,154.0,53.5,Male,2.0,24821.86,3.0,6.0
1646565,7.0,95.0,68.0,Unknown,2.0,46485.03999999999,6.0,9.0
7771366,26.0,322.0,57.5,Female,2.0,158479.37,6.0,9.0
5257165,6.0,78.0,53.5,Unknown,2.0,26349.53,0.0,3.0
1910641,15.0,191.0,34.5,Female,3.0,331499.89,6.0,9.0
2623414,14.0,171.0,62.0,Male,2.0,731131.7000000001,0.0,3.0
226198,10.0,131.0,30.0,Male,2.0,120557.71,4.0,7.0
2268819,18.0,227.0,39.0,Male,2.0,29848.96,1.0,4.0
7093835,4.0,59.0,30.0,Female,2.0,28662.7,0.0,3.0
4565303,13.0,163.0,59.5,Male,2.0,212915.0,0.0,3.0
433814,13.0,163.0,27.0,Female,2.0,71851.97,5.0,8.0
9223987,11.0,142.0,31.0,Female,2.0,46870.45,0.0,3.0
6284055,4.0,58.0,38.0,Unknown,2.0,44527.17,6.0,9.0
184396,7.0,85.0,71.0,Unknown,2.0,192600.66,6.0,9.0
2563119,15.0,189.0,51.5,Female,2.0,66689.76,6.0,9.0
9584518,15.0,190.0,38.0,Unknown,2.0,118465.26,5.0,8.0
7194322,10.0,122.0,62.0,Female,2.0,249363.5,6.0,9.0
3073143,4.0,57.0,26.5,Unknown,3.0,51479.85,4.0,7.0
3143968,20.0,240.0,52.0,Female,2.0,509714.58,4.0,7.0
7750878,4.0,50.0,61.5,Male,2.0,334956.43,2.0,5.0
5912421,4.0,56.0,42.0,Unknown,2.0,577413.17,6.0,9.0
2095043,16.0,193.0,54.0,Female,2.0,58341.24,0.0,3.0
2992374,9.0,108.0,51.5,Male,2.0,32293.3,1.0,4.0
4694447,8.0,102.0,32.0,Male,2.0,39812.73,4.0,7.0
296527,15.0,190.0,53.5,Female,2.0,39592.65,0.0,3.0
2893361,14.0,178.0,32.5,Male,2.0,28419.65,3.0,6.0
2321875,5.0,66.0,74.5,Unknown,2.0,61937.35,6.0,9.0
8803813,4.0,59.0,41.5,Unknown,2.0,144131.26,3.0,6.0
1534361,12.0,155.0,34.0,Male,2.0,53184.74,2.0,5.0
4720168,24.0,298.0,65.5,Male,5.0,899905.93,6.0,9.0
63507,27.0,331.0,31.5,Male,2.0,63604.99,1.0,4.0
7122374,7.0,87.0,57.5,Unknown,2.0,43289.74,0.0,3.0
4544492,28.0,336.0,63.5,Female,2.0,151492.97,3.0,6.0
7042844,8.0,96.0,60.0,Unknown,2.0,84753.17,5.0,8.0
3258934,5.0,67.0,45.0,Male,2.0,162717.19,2.0,5.0
3694222,8.0,102.0,30.5,Unknown,3.0,192073.29,0.0,3.0
8565313,26.0,315.0,83.0,Female,2.0,114670.17,2.0,5.0
5378150,18.0,223.0,65.5,Male,3.0,1188553.85,5.0,8.0
1613086,17.0,209.0,60.5,Male,2.0,23940.48,6.0,9.0
9509869,9.0,108.0,58.5,Male,2.0,46495.67999999999,1.0,4.0
9664272,15.0,191.0,55.5,Male,2.0,33612.759999999995,1.0,4.0
9150859,9.0,111.0,70.5,Male,2.0,32400.04,5.0,8.0
4188694,20.0,240.0,62.0,Female,2.0,286232.05,2.0,5.0
1318873,15.0,184.0,73.0,Male,2.0,111282.84,0.0,3.0
6988240,12.0,147.0,19.5,Female,2.0,29920.51,3.0,6.0
2098270,3.0,44.0,57.0,Unknown,3.0,217189.41,6.0,9.0
2599021,4.0,58.0,63.5,Unknown,2.0,31432.51,3.0,6.0
1830716,13.0,162.0,64.0,Female,2.0,345545.68,4.0,7.0
2620479,6.0,72.0,20.5,Unknown,2.0,27840.97,4.0,7.0
8063400,4.0,59.0,62.5,Female,2.0,34001.38,1.0,4.0
5502400,8.0,106.0,29.0,Male,2.0,170571.93,5.0,8.0
592018,16.0,192.0,51.0,Male,2.0,752551.77,0.0,3.0
2468846,6.0,75.0,30.5,Unknown,2.0,60152.2,4.0,7.0
5250259,11.0,139.0,37.0,Male,2.0,56795.44,0.0,3.0
6405406,8.0,100.0,52.0,Unknown,2.0,43318.89,1.0,4.0
6854608,15.0,186.0,45.5,Female,2.0,342018.51,0.0,3.0
5725217,14.0,175.0,54.0,Female,2.0,367012.2,6.0,9.0
3672422,16.0,192.0,73.0,Male,2.0,50859.67999999999,3.0,6.0
8375447,11.0,142.0,39.0,Unknown,2.0,55935.88,1.0,4.0
1710657,12.0,154.0,45.0,Female,2.0,29385.73,0.0,3.0
6617851,23.0,282.0,67.0,Female,2.0,358978.26,4.0,7.0
4939829,7.0,95.0,53.5,Unknown,2.0,184154.58,6.0,9.0
6229611,11.0,142.0,26.0,Male,2.0,46240.41,0.0,3.0
9919505,7.0,85.0,36.5,Unknown,3.0,42677.34,6.0,9.0
9601587,15.0,180.0,29.0,Male,2.0,29359.78,3.0,6.0
8599689,12.0,152.0,62.5,Male,2.0,24918.18,1.0,4.0
6748470,10.0,122.0,48.0,Female,2.0,73245.57,2.0,5.0
5490525,9.0,114.0,25.5,Male,2.0,59322.67,5.0,8.0
3483824,5.0,70.0,52.5,Unknown,2.0,28681.91,1.0,4.0
4010843,9.0,110.0,54.5,Male,2.0,34149.64,0.0,3.0
8921210,27.0,331.0,34.0,Female,2.0,181290.65,0.0,3.0
4177680,4.0,55.0,68.0,Unknown,2.0,27973.68,4.0,7.0
2447199,11.0,139.0,66.0,Female,2.0,174627.44,5.0,8.0
4174880,35.0,421.0,86.5,Male,3.0,1307373.86,6.0,9.0
294034,8.0,98.0,56.0,Unknown,2.0,47732.5,2.0,5.0
2053842,12.0,144.0,30.0,Female,2.0,25490.8,0.0,3.0
1361650,6.0,76.0,62.5,Unknown,2.0,68642.54000000001,2.0,5.0
8406244,13.0,167.0,63.0,Female,2.0,28912.16,2.0,5.0
9414493,7.0,84.0,51.5,Unknown,2.0,212337.22,2.0,5.0
8524579,8.0,107.0,44.5,Female,2.0,64832.99,1.0,4.0
2433455,14.0,171.0,74.0,Male,2.0,532161.36,6.0,9.0
3387119,7.0,89.0,44.5,Unknown,2.0,96358.91,0.0,3.0
6264464,12.0,151.0,69.0,Female,2.0,106189.98,1.0,4.0
657787,7.0,90.0,56.5,Unknown,2.0,148875.78,2.0,5.0
2160088,12.0,144.0,36.5,Female,2.0,51360.42,1.0,4.0
8895529,8.0,105.0,28.5,Male,2.0,46417.65,4.0,7.0
6094341,7.0,94.0,58.0,Unknown,2.0,135307.2,5.0,8.0
8835231,23.0,277.0,83.5,Female,2.0,143099.18,5.0,8.0
8129727,22.0,274.0,49.0,Female,2.0,37466.71,4.0,7.0
9875946,22.0,273.0,60.0,Male,2.0,31081.32,3.0,6.0
1725212,22.0,272.0,65.0,Female,2.0,325219.12,2.0,5.0
2061268,20.0,249.0,70.0,Female,4.0,282172.37,3.0,6.0
497209,18.0,217.0,53.5,Male,4.0,439375.03,6.0,9.0
1115767,17.0,209.0,61.0,Female,3.0,87482.1,2.0,5.0
7181572,13.0,167.0,24.5,Male,2.0,47804.94,2.0,5.0
9919928,5.0,70.0,25.5,Unknown,2.0,86357.22,6.0,9.0
6659988,15.0,188.0,53.0,Male,2.0,45807.92,3.0,6.0
3800274,11.0,141.0,43.5,Female,2.0,52090.01,0.0,3.0
3527354,9.0,112.0,62.0,Male,2.0,599081.9500000001,2.0,5.0
3984593,4.0,58.0,28.0,Unknown,2.0,40094.82,6.0,9.0
9334240,8.0,100.0,35.5,Unknown,2.0,28551.76,2.0,5.0
8850713,11.0,143.0,39.0,Female,2.0,42853.92,6.0,9.0
95199,5.0,65.0,43.5,Unknown,2.0,39415.49,5.0,8.0
428064,5.0,67.0,21.5,Unknown,3.0,47807.28,6.0,9.0
116384,4.0,59.0,31.5,Unknown,3.0,66811.1,6.0,9.0
5834233,8.0,101.0,26.5,Unknown,2.0,29857.87,1.0,4.0
2532328,15.0,190.0,59.0,Female,2.0,47394.4,4.0,7.0
8631976,11.0,143.0,27.5,Male,2.0,51340.63,3.0,6.0
6623614,14.0,179.0,34.5,Unknown,2.0,48803.57,1.0,4.0
4873139,21.0,253.0,39.5,Male,2.0,29913.77,5.0,8.0
6732101,15.0,184.0,54.0,Female,2.0,117676.32,0.0,3.0
4341256,7.0,84.0,39.5,Unknown,2.0,102973.28,6.0,9.0
6678573,15.0,186.0,33.5,Male,2.0,44241.99,5.0,8.0
5399074,15.0,190.0,48.5,Male,2.0,37798.65,2.0,5.0
6386706,8.0,97.0,52.5,Unknown,2.0,30105.51,2.0,5.0
9058951,14.0,173.0,44.0,Female,2.0,157519.28999999998,3.0,6.0
1244412,16.0,198.0,47.0,Male,2.0,44324.7,1.0,4.0
4637023,12.0,151.0,66.5,Male,2.0,62168.92,4.0,7.0
9164418,13.0,165.0,41.0,Male,2.0,34497.31,6.0,9.0
210180,4.0,58.0,39.0,Unknown,2.0,30501.68,0.0,3.0
8937499,32.0,390.0,70.5,Male,3.0,220096.14,6.0,9.0
7315182,8.0,106.0,52.5,Female,2.0,76472.28,5.0,8.0
8542158,3.0,47.0,58.0,Unknown,2.0,79675.42,6.0,9.0
9653620,7.0,87.0,56.5,Unknown,2.0,67855.04999999999,4.0,7.0
2596274,6.0,75.0,31.0,Unknown,3.0,180125.7,2.0,5.0
4450397,21.0,253.0,56.5,Male,2.0,182203.89,3.0,6.0
6389521,15.0,185.0,36.0,Female,2.0,33742.77,6.0,9.0
5612493,24.0,289.0,59.5,Male,2.0,228989.17,3.0,6.0
716476,22.0,272.0,51.0,Male,4.0,369998.02,3.0,6.0
6153402,18.0,226.0,31.0,Male,2.0,70514.69,5.0,8.0
5563331,16.0,200.0,68.5,Male,3.0,154989.44,6.0,9.0
3639453,12.0,148.0,36.0,Female,2.0,34724.5,0.0,3.0
8130441,16.0,193.0,52.0,Female,3.0,30906.9,0.0,3.0
523988,9.0,109.0,43.5,Unknown,2.0,99041.7,0.0,3.0
36342,18.0,224.0,49.5,Male,2.0,474178.57,1.0,4.0
6396036,33.0,397.0,78.0,Male,2.0,46271.58,4.0,7.0
8927733,14.0,176.0,53.5,Female,2.0,51196.02,6.0,9.0
8401660,7.0,92.0,23.5,Unknown,3.0,173276.01,6.0,9.0
4487878,13.0,165.0,45.0,Female,2.0,156889.74,0.0,3.0
1437247,9.0,118.0,32.0,Female,2.0,106103.76,0.0,3.0
4441826,12.0,148.0,77.0,Female,2.0,66252.82,0.0,3.0
8834179,15.0,180.0,47.0,Female,2.0,935913.2,6.0,9.0
9848978,6.0,78.0,38.5,Unknown,3.0,4862430.04,6.0,9.0
9599804,13.0,159.0,45.5,Male,2.0,154010.22,5.0,8.0
8842944,6.0,81.0,52.5,Unknown,3.0,245540.58,1.0,4.0
2000413,4.0,57.0,66.0,Unknown,2.0,444784.55,4.0,7.0
8666669,6.0,75.0,36.5,Unknown,2.0,314827.53,6.0,9.0
6139917,16.0,195.0,50.0,Male,2.0,107757.77,5.0,8.0
5348730,5.0,62.0,60.0,Unknown,4.0,547078.77,6.0,9.0
9279545,6.0,78.0,24.0,Unknown,2.0,25342.09,0.0,3.0
1673719,12.0,151.0,48.0,Female,2.0,64089.49,6.0,9.0
194784,5.0,70.0,21.5,Unknown,3.0,44365.85,1.0,5.0
5902640,6.0,80.0,22.5,Unknown,2.0,29701.44,0.0,3.0
1060354,26.0,316.0,48.0,Female,4.0,375385.97,4.0,9.0
2250111,9.0,115.0,31.5,Unknown,2.0,94101.91,1.0,4.0
8828126,7.0,85.0,44.0,Unknown,2.0,25404.47,0.0,3.0
1746014,31.0,376.0,71.0,Male,2.0,56384.17,3.0,6.0
4974798,7.0,89.0,27.0,Unknown,2.0,34128.03,5.0,8.0
4608190,6.0,76.0,56.5,Unknown,2.0,71891.51,3.0,6.0
8029013,13.0,156.0,71.5,Female,2.0,30348.01,4.0,7.0
4081642,4.0,58.0,42.0,Unknown,2.0,26823.1,6.0,9.0
3334009,9.0,113.0,35.0,Male,2.0,249196.82,4.0,7.0
2650327,7.0,85.0,21.0,Unknown,2.0,56857.58,2.0,5.0
6689835,8.0,100.0,37.0,Unknown,2.0,45881.45,0.0,3.0
4650313,6.0,75.0,54.5,Female,2.0,170681.33000000002,1.0,4.0
7522784,14.0,179.0,35.0,Male,2.0,42798.13,4.0,7.0
5002148,6.0,75.0,19.0,Female,2.0,23808.27,2.0,5.0
4852148,6.0,73.0,26.0,Unknown,3.0,65538.67,6.0,9.0
6352134,16.0,194.0,70.0,Female,2.0,51846.37,0.0,3.0
7076105,13.0,161.0,63.0,Female,2.0,51658.03,6.0,9.0
4749518,7.0,95.0,26.5,Unknown,4.0,45168.78999999999,4.0,8.0
5356873,5.0,71.0,29.0,Female,3.0,44030.48,1.0,4.0
3286605,12.0,144.0,27.0,Male,2.0,29301.43,1.0,4.0
3320692,8.0,97.0,71.5,Unknown,2.0,136928.88,6.0,9.0
7603863,12.0,154.0,65.0,Male,2.0,39163.28,4.0,7.0
9602251,16.0,197.0,46.5,Male,2.0,1868596.47,6.0,9.0
8354188,7.0,94.0,27.5,Unknown,3.0,81468.31,6.0,9.0
8505078,14.0,178.0,34.5,Male,2.0,76661.62,1.0,4.0
5332058,7.0,95.0,35.0,Unknown,2.0,136278.03999999998,6.0,9.0
6444307,9.0,115.0,26.0,Male,3.0,123652.08,6.0,9.0
7063669,13.0,161.0,62.5,Male,4.0,203926.21,3.0,6.0
9939260,16.0,202.0,62.5,Male,2.0,116808.5,0.0,3.0
9404711,9.0,109.0,28.5,Male,3.0,76986.09,2.0,5.0
4369879,6.0,73.0,19.0,Unknown,2.0,26966.95,1.0,4.0
2312949,6.0,83.0,29.5,Unknown,3.0,63847.45,2.0,5.0
2843312,15.0,191.0,45.0,Female,2.0,70155.87,4.0,7.0
9646764,6.0,82.0,53.5,Unknown,2.0,130311.45,0.0,3.0
1780782,14.0,177.0,43.5,Male,2.0,39886.28,5.0,8.0
37408,6.0,82.0,46.5,Unknown,2.0,35471.71,0.0,3.0
9381192,7.0,91.0,48.0,Unknown,2.0,255430.22,2.0,5.0
4795182,5.0,60.0,58.0,Unknown,2.0,48616.82,2.0,5.0
5590536,5.0,60.0,40.5,Unknown,2.0,29709.81,0.0,3.0
5118996,14.0,174.0,31.5,Female,2.0,27248.93,1.0,4.0
5695736,9.0,108.0,36.5,Male,2.0,64788.8,1.0,4.0
535260,8.0,102.0,25.0,Unknown,2.0,38556.47,6.0,9.0
5250186,37.0,449.0,23.5,Female,3.0,40786.28999999999,6.0,9.0
4856038,22.0,267.0,23.0,Female,3.0,65872.01999999999,3.0,6.0
4108799,22.0,267.0,45.0,Male,3.0,422592.62,5.0,8.0
6919236,20.0,250.0,71.5,Male,3.0,102198.22,1.0,4.0
2048072,20.0,248.0,34.5,Male,2.0,54716.42999999999,0.0,3.0
5377248,11.0,141.0,58.5,Male,2.0,52154.65,1.0,4.0
7917434,10.0,125.0,58.0,Female,3.0,759098.89,4.0,7.0
2417351,8.0,106.0,60.0,Female,2.0,82752.15,2.0,5.0
7750644,19.0,238.0,57.0,Male,2.0,465875.69,0.0,3.0
6595011,6.0,72.0,28.5,Unknown,2.0,26130.09,1.0,4.0
3344583,19.0,238.0,63.0,Male,2.0,112605.09,6.0,9.0
148217,13.0,156.0,41.5,Male,3.0,84753.41,3.0,6.0
6261592,5.0,60.0,38.5,Male,2.0,25070.34,1.0,4.0
3152123,7.0,89.0,34.5,Unknown,2.0,101252.33,2.0,5.0
4458355,7.0,85.0,27.0,Unknown,2.0,63302.46,6.0,9.0
3100051,7.0,93.0,32.5,Unknown,2.0,46560.06,2.0,5.0
5280680,21.0,252.0,66.5,Female,2.0,34244.259999999995,6.0,9.0
3465652,7.0,86.0,28.5,Unknown,2.0,41487.03999999999,2.0,5.0
4122934,5.0,68.0,23.0,Unknown,2.0,52374.64,6.0,9.0
6865588,9.0,118.0,52.0,Female,3.0,110995.76,3.0,6.0
6447371,13.0,160.0,28.5,Male,3.0,78640.98,4.0,7.0
3188445,15.0,189.0,46.0,Male,4.0,203506.77,2.0,5.0
800776,9.0,109.0,57.5,Male,2.0,56726.41,3.0,8.0
3435545,4.0,59.0,23.5,Unknown,2.0,39191.15,1.0,4.0
6438329,7.0,92.0,45.5,Unknown,2.0,89112.36,1.0,4.0
7048151,10.0,122.0,48.0,Female,2.0,120925.36,1.0,5.0
5526636,13.0,167.0,60.0,Female,2.0,107250.46,3.0,6.0
1495569,15.0,181.0,39.0,Male,2.0,37191.31,6.0,9.0
225062,9.0,112.0,38.0,Unknown,2.0,27002.25,4.0,7.0
8497234,13.0,156.0,30.5,Female,2.0,28235.7,3.0,6.0
248485,11.0,142.0,48.5,Male,2.0,28904.18,0.0,3.0
5698185,12.0,145.0,41.0,Male,2.0,109584.68,1.0,4.0
6982652,6.0,72.0,49.0,Unknown,2.0,35319.24,6.0,9.0
5154738,4.0,58.0,37.5,Unknown,3.0,33290.98,0.0,4.0
202856,23.0,279.0,49.5,Unknown,2.0,152111.9,1.0,4.0
1857094,21.0,253.0,61.5,Male,2.0,73705.22,4.0,7.0
6428289,18.0,223.0,48.0,Male,3.0,349201.32,6.0,9.0
1286866,18.0,222.0,52.5,Female,3.0,220899.7,6.0,9.0
5281854,18.0,216.0,55.5,Female,3.0,153024.9,0.0,3.0
5243165,4.0,58.0,24.0,Unknown,2.0,31241.58,1.0,4.0
1260143,6.0,79.0,63.5,Female,2.0,55952.66,6.0,9.0
7579937,28.0,338.0,52.5,Male,2.0,100831.15,2.0,5.0
4577208,6.0,79.0,29.0,Unknown,2.0,35885.19,4.0,7.0
2511499,34.0,417.0,57.0,Female,2.0,99238.94,1.0,5.0
1014843,13.0,158.0,33.0,Male,2.0,65252.7,5.0,8.0
7700858,9.0,118.0,25.0,Male,2.0,47696.95,6.0,9.0
2188753,9.0,114.0,59.5,Female,2.0,402400.88,0.0,3.0
5044551,4.0,56.0,65.5,Unknown,2.0,26489.58,2.0,5.0
2452704,6.0,76.0,38.0,Male,2.0,49067.94,0.0,3.0
1631458,5.0,70.0,26.0,Unknown,2.0,44014.91,2.0,5.0
5953338,5.0,64.0,40.5,Female,2.0,40366.52,0.0,3.0
7185252,13.0,161.0,58.5,Male,2.0,30142.53,0.0,3.0
4898041,11.0,136.0,55.5,Male,2.0,101660.06,6.0,9.0
5400343,5.0,70.0,90.0,Male,2.0,252196.55,3.0,6.0
6038424,13.0,157.0,40.0,Male,3.0,69213.64,6.0,9.0
5046447,10.0,130.0,56.0,Male,2.0,54946.51,1.0,4.0
7633969,28.0,342.0,52.5,Female,4.0,880530.17,6.0,9.0
6493949,14.0,178.0,48.5,Female,3.0,100288.88,5.0,8.0
4389156,6.0,73.0,46.5,Unknown,2.0,26584.13,3.0,6.0
1668573,13.0,157.0,64.5,Female,2.0,49532.12,2.0,5.0
4743610,15.0,180.0,52.0,Female,2.0,66934.57,5.0,8.0
2117103,7.0,94.0,26.5,Unknown,2.0,70191.14,1.0,4.0
9666843,28.0,344.0,73.0,Male,3.0,56074.42999999999,2.0,6.0
5733085,6.0,73.0,42.5,Female,3.0,49829.61,5.0,8.0
9719526,10.0,126.0,35.0,Female,2.0,45768.72,0.0,3.0
6192101,6.0,74.0,62.0,Female,2.0,181405.39,6.0,9.0
1350692,14.0,179.0,49.5,Female,2.0,36448.4,6.0,9.0
648881,9.0,117.0,26.5,Female,2.0,33383.91,6.0,9.0
3620458,15.0,185.0,36.0,Female,3.0,98961.76,3.0,6.0
9755087,12.0,145.0,60.5,Female,2.0,72089.70999999999,6.0,9.0
1517855,5.0,68.0,68.5,Male,2.0,145220.71,4.0,7.0
58001,17.0,212.0,64.5,Male,2.0,587219.4700000001,3.0,6.0
7425498,7.0,92.0,23.5,Unknown,2.0,34887.49,2.0,5.0
4400863,13.0,164.0,62.0,Female,2.0,163827.58000000002,2.0,5.0
791883,16.0,193.0,34.0,Male,2.0,51261.58,6.0,9.0
3186963,13.0,156.0,40.5,Male,3.0,39182.71,6.0,9.0
8111241,6.0,78.0,61.0,Male,3.0,610624.8300000001,6.0,9.0
1235280,12.0,151.0,61.5,Male,2.0,39866.6,0.0,3.0
9895333,6.0,76.0,28.0,Unknown,2.0,39979.78,3.0,6.0
5042271,4.0,57.0,26.0,Unknown,2.0,39146.24,3.0,6.0
177990,5.0,66.0,20.5,Unknown,2.0,31800.91,6.0,9.0
9862185,16.0,202.0,59.0,Female,2.0,48169.56,2.0,5.0
3149647,13.0,158.0,54.0,Male,2.0,323205.48,6.0,9.0
9150536,20.0,243.0,60.5,Male,2.0,102633.44,6.0,9.0
1673947,4.0,58.0,39.0,Unknown,2.0,44063.2,1.0,4.0
8850214,6.0,83.0,26.0,Unknown,3.0,106551.91,3.0,6.0
3149064,24.0,291.0,61.5,Female,3.0,204248.99,5.0,8.0
1406631,21.0,262.0,64.5,Male,2.0,55178.99,4.0,7.0
3832076,21.0,253.0,47.5,Unknown,4.0,160908.3,4.0,7.0
6380570,20.0,240.0,43.5,Male,3.0,376621.15,5.0,8.0
5334656,19.0,228.0,39.5,Male,2.0,422966.55,5.0,8.0
6506860,10.0,128.0,40.5,Female,2.0,67222.94,2.0,5.0
2760289,7.0,93.0,27.0,Unknown,2.0,34031.509999999995,1.0,4.0
8477487,27.0,331.0,78.5,Male,3.0,1287450.64,6.0,9.0
5019270,5.0,67.0,38.0,Male,2.0,64262.6,4.0,7.0
885575,14.0,174.0,45.0,Female,2.0,101566.52,0.0,3.0
2215598,7.0,91.0,19.5,Unknown,2.0,25518.91,0.0,3.0
1680499,6.0,75.0,46.0,Unknown,2.0,168408.95,6.0,9.0
2898308,15.0,190.0,33.5,Female,2.0,34531.7,6.0,9.0
4824035,13.0,166.0,41.0,Male,2.0,29110.44,2.0,5.0
6829083,13.0,167.0,44.5,Female,2.0,53120.77,2.0,5.0
2146822,15.0,187.0,61.0,Male,3.0,132662.22,4.0,7.0
9604653,4.0,59.0,52.0,Male,2.0,31878.78,6.0,9.0
4092262,8.0,103.0,29.0,Unknown,3.0,56228.72,2.0,5.0
4040468,10.0,124.0,40.0,Male,2.0,79064.81,2.0,5.0
9023221,5.0,69.0,68.5,Unknown,2.0,373789.67,5.0,8.0
5037212,17.0,212.0,58.5,Female,2.0,251023.93,1.0,4.0
4651111,11.0,137.0,59.0,Male,2.0,27245.76,0.0,3.0
921907,6.0,79.0,30.0,Unknown,2.0,41038.87,1.0,4.0
6095271,10.0,123.0,50.0,Female,2.0,36309.85,2.0,5.0
1910439,21.0,259.0,53.0,Female,2.0,47343.58,6.0,9.0
4430895,6.0,73.0,44.5,Unknown,2.0,48125.31,5.0,8.0
2842481,15.0,190.0,49.0,Female,2.0,121355.07,0.0,3.0
6851443,15.0,183.0,38.0,Male,2.0,39794.57,3.0,6.0
9468476,5.0,60.0,33.0,Female,2.0,38779.25,2.0,5.0
1415364,32.0,393.0,73.5,Female,2.0,177554.5,2.0,5.0
8394625,6.0,76.0,27.0,Female,2.0,27678.79,1.0,4.0
17404,5.0,70.0,37.5,Unknown,2.0,45770.59,3.0,6.0
4902947,17.0,206.0,45.0,Male,2.0,31206.91,6.0,9.0
9461504,6.0,73.0,34.0,Unknown,2.0,32443.55,1.0,4.0
2940022,5.0,70.0,59.5,Unknown,2.0,42870.11,2.0,5.0
7429945,5.0,68.0,27.0,Female,2.0,70526.37,3.0,6.0
7794004,5.0,71.0,51.5,Unknown,3.0,40948.01,6.0,9.0
2394796,33.0,407.0,55.5,Male,2.0,32919.79,1.0,4.0
7106258,12.0,149.0,27.0,Male,2.0,30549.84,5.0,8.0
4344122,11.0,141.0,56.5,Female,2.0,101325.41,1.0,4.0
5882943,13.0,166.0,49.5,Male,3.0,101057.88,0.0,3.0
5284103,5.0,70.0,35.0,Unknown,2.0,40177.75,0.0,4.0
5040886,4.0,59.0,22.5,Unknown,2.0,26305.52,6.0,9.0
2045179,16.0,198.0,58.0,Female,2.0,106703.74,2.0,5.0
2372230,15.0,190.0,35.0,Female,2.0,139177.24,3.0,6.0
8609264,11.0,139.0,33.0,Male,3.0,104958.68,6.0,9.0
5247296,34.0,419.0,57.5,Male,3.0,285609.4,6.0,9.0
9748293,10.0,121.0,29.5,Female,4.0,767222.76,6.0,9.0
5321897,16.0,200.0,38.0,Female,3.0,241243.72,4.0,7.0
1377934,4.0,57.0,29.0,Female,4.0,147320.53,5.0,8.0
4989797,12.0,155.0,49.0,Male,2.0,133289.8,6.0,9.0
7047492,12.0,153.0,26.0,Female,2.0,38719.75,0.0,3.0
900576,22.0,268.0,21.5,Female,2.0,33939.71,0.0,3.0
70576,22.0,264.0,43.0,Female,3.0,84377.1,6.0,9.0
6754992,18.0,216.0,35.5,Female,3.0,132322.22,6.0,9.0
6417444,17.0,214.0,37.5,Female,3.0,248245.62,3.0,6.0
5530848,13.0,160.0,60.5,Female,2.0,31024.13,2.0,5.0
6573375,10.0,124.0,35.5,Male,3.0,178089.77999999997,5.0,8.0
8757960,9.0,116.0,32.0,Male,2.0,72300.93,2.0,5.0
3299664,5.0,69.0,33.5,Male,2.0,158578.36,4.0,7.0
6727553,28.0,344.0,62.5,Female,2.0,35463.95,3.0,6.0
6767956,15.0,182.0,36.5,Female,2.0,25663.38,1.0,4.0
9341159,26.0,322.0,57.5,Female,2.0,102162.42,6.0,9.0
4681588,13.0,159.0,70.0,Female,2.0,117622.74,3.0,6.0
4055560,12.0,146.0,29.0,Male,2.0,26798.85,0.0,3.0
7963417,20.0,251.0,40.0,Female,2.0,79953.38,3.0,6.0
5370248,6.0,79.0,44.0,Unknown,2.0,343049.89,2.0,5.0
308167,5.0,68.0,67.5,Unknown,3.0,229902.46,6.0,9.0
9527588,15.0,180.0,35.5,Male,2.0,109908.74,1.0,4.0
7009565,4.0,54.0,62.0,Unknown,2.0,123102.88,6.0,9.0
5695673,4.0,56.0,36.0,Unknown,2.0,42841.08,2.0,5.0
9808588,7.0,92.0,62.0,Unknown,2.0,122232.17,0.0,3.0
368005,15.0,181.0,50.0,Male,2.0,113628.93,5.0,8.0
6488804,15.0,189.0,86.0,Male,2.0,142431.05,1.0,5.0
949250,11.0,135.0,60.0,Male,2.0,143895.75,6.0,9.0
9837835,6.0,73.0,34.0,Female,3.0,80224.6,5.0,8.0
7837934,11.0,134.0,32.0,Male,2.0,65185.9,4.0,7.0
2119531,4.0,58.0,56.0,Unknown,2.0,38109.67,0.0,3.0
2558937,8.0,107.0,62.5,Female,2.0,53667.92999999999,0.0,3.0
8077600,12.0,145.0,50.5,Male,3.0,99803.66,5.0,8.0
1061120,16.0,192.0,28.5,Female,2.0,29922.97,5.0,8.0
2026626,5.0,68.0,50.0,Male,2.0,86595.75,6.0,9.0
5202580,10.0,131.0,33.0,Female,3.0,106668.57,1.0,4.0
8165291,6.0,72.0,25.5,Unknown,3.0,26536.76,3.0,6.0
1559022,14.0,178.0,72.0,Male,2.0,73622.42,4.0,7.0
8971563,5.0,62.0,31.0,Female,2.0,36892.12,3.0,6.0
6106919,5.0,71.0,37.0,Unknown,2.0,26963.18,0.0,3.0
7504273,5.0,67.0,26.5,Unknown,2.0,57585.11,6.0,9.0
3131141,4.0,59.0,29.5,Unknown,2.0,44201.42,1.0,4.0
7544362,16.0,195.0,45.5,Female,2.0,24872.46,4.0,7.0
802392,7.0,84.0,59.5,Unknown,3.0,274546.27,2.0,5.0
2594549,12.0,154.0,74.5,Female,3.0,798232.6000000001,4.0,7.0
7299373,15.0,180.0,48.0,Male,2.0,45168.75,0.0,3.0
815562,8.0,99.0,66.0,Unknown,2.0,33058.399999999994,6.0,9.0
4516111,15.0,182.0,61.0,Female,3.0,992747.21,6.0,9.0
2105954,6.0,74.0,59.5,Unknown,2.0,90486.4,6.0,9.0
7363604,5.0,65.0,25.0,Unknown,2.0,46206.87,1.0,4.0
2958700,25.0,304.0,81.0,Male,2.0,83511.16,6.0,9.0
2176872,27.0,325.0,61.0,Female,2.0,240754.33,0.0,3.0
7118745,18.0,227.0,66.5,Male,2.0,26318.6,6.0,9.0
4087635,7.0,94.0,68.5,Unknown,2.0,135420.63,6.0,9.0
6760519,5.0,70.0,23.5,Unknown,2.0,46549.71,1.0,4.0
8332194,7.0,93.0,45.5,Unknown,2.0,41848.96,0.0,3.0
4499901,23.0,283.0,47.0,Female,2.0,257377.58,2.0,5.0
7708706,20.0,250.0,49.5,Female,3.0,140153.36,6.0,9.0
1696389,18.0,217.0,42.0,Male,2.0,367589.61,3.0,6.0
9410580,17.0,214.0,70.0,Male,3.0,129386.8,6.0,9.0
3922965,5.0,65.0,24.5,Unknown,2.0,31105.57,1.0,4.0
882985,6.0,76.0,24.5,Unknown,2.0,42356.7,5.0,8.0
993861,5.0,67.0,28.0,Male,3.0,53996.08,1.0,4.0
1711529,32.0,384.0,50.5,Female,2.0,136974.49,1.0,4.0
2839072,13.0,156.0,40.0,Male,3.0,146942.83000000002,6.0,9.0
603924,14.0,176.0,31.5,Female,2.0,56933.41,3.0,6.0
409876,6.0,82.0,54.5,Unknown,2.0,35491.85,0.0,3.0
222111,6.0,73.0,26.5,Unknown,2.0,76823.83,2.0,5.0
440328,8.0,103.0,26.5,Unknown,2.0,26307.53,0.0,3.0
9176530,9.0,115.0,36.5,Male,2.0,430421.98,6.0,9.0
7041765,4.0,59.0,50.0,Male,2.0,39347.13,4.0,7.0
8174009,4.0,58.0,35.0,Unknown,2.0,31664.3,1.0,4.0
7557591,5.0,65.0,28.0,Unknown,2.0,42923.21,2.0,5.0
8243871,10.0,130.0,66.0,Male,2.0,140976.12,2.0,5.0
3228340,16.0,195.0,55.0,Male,2.0,69496.11,5.0,8.0
5749332,14.0,168.0,70.0,Female,2.0,24960.57,3.0,6.0
4417494,15.0,180.0,57.0,Female,2.0,53203.88,0.0,3.0
6618281,9.0,109.0,28.5,Female,2.0,33698.369999999995,2.0,5.0
2162964,6.0,79.0,32.5,Unknown,2.0,33093.59,2.0,5.0
3810840,6.0,74.0,84.0,Male,2.0,68105.47,6.0,9.0
267446,7.0,84.0,67.0,Unknown,4.0,439456.99,6.0,9.0
4496404,11.0,133.0,69.0,Male,3.0,94175.6,5.0,8.0
8222987,18.0,225.0,56.0,Male,2.0,42456.11,6.0,9.0
9932159,8.0,106.0,43.0,Male,2.0,26678.24,4.0,7.0
3042867,16.0,197.0,49.0,Male,2.0,42790.72,6.0,9.0
651189,8.0,103.0,53.0,Unknown,2.0,74419.89,5.0,8.0
8252114,15.0,180.0,32.0,Male,2.0,170118.99,1.0,4.0
1940635,13.0,165.0,72.0,Female,2.0,379889.74,6.0,9.0
8986740,16.0,200.0,64.5,Female,2.0,127064.6,3.0,6.0
7930269,6.0,72.0,30.5,Female,2.0,28204.64,1.0,4.0
7528733,6.0,76.0,33.0,Unknown,2.0,35792.04,0.0,3.0
9626092,15.0,189.0,66.0,Male,2.0,355204.26,4.0,7.0
1326864,8.0,106.0,54.0,Male,2.0,34747.21,1.0,4.0
9476493,24.0,291.0,59.0,Male,2.0,63560.06,6.0,9.0
4055781,23.0,286.0,57.0,Male,2.0,223824.44,6.0,9.0
6108577,23.0,280.0,51.5,Male,2.0,249057.42,5.0,8.0
8889466,22.0,275.0,25.0,Male,2.0,36603.53,0.0,3.0
2500540,22.0,265.0,77.0,Male,2.0,126067.93,2.0,5.0
5944559,21.0,253.0,71.0,Male,2.0,155847.90999999997,5.0,8.0
6236247,19.0,235.0,40.5,Male,2.0,23994.06,0.0,3.0
7379712,18.0,221.0,69.0,Female,2.0,239836.63,0.0,3.0
4637790,17.0,209.0,50.0,Female,2.0,125865.68,4.0,7.0
5984744,9.0,112.0,35.5,Male,2.0,37444.43,6.0,9.0
2227231,7.0,90.0,43.5,Unknown,2.0,190465.99,2.0,5.0
7950766,7.0,94.0,62.5,Unknown,3.0,692788.8,4.0,7.0
5867862,5.0,71.0,24.0,Female,2.0,31617.09,1.0,4.0
5214828,6.0,80.0,52.0,Unknown,2.0,52725.44,3.0,6.0
7342212,7.0,95.0,30.5,Unknown,4.0,205845.79,5.0,8.0
6087292,6.0,78.0,68.0,Unknown,2.0,25325.56,4.0,8.0
2833057,26.0,323.0,66.5,Male,3.0,765718.61,4.0,7.0
508087,7.0,92.0,56.0,Female,2.0,69773.0,0.0,3.0
8499476,7.0,95.0,25.0,Unknown,2.0,74802.45,4.0,7.0
6471227,12.0,154.0,53.5,Male,2.0,609880.1000000001,4.0,7.0
3850910,6.0,72.0,32.5,Unknown,2.0,56735.41,4.0,7.0
1858354,15.0,181.0,31.5,Female,2.0,123211.74,0.0,3.0
3590108,7.0,93.0,35.5,Unknown,2.0,74265.97,5.0,8.0
5880385,4.0,59.0,50.0,Unknown,2.0,117752.76,6.0,9.0
8711783,3.0,36.0,45.0,Unknown,3.0,36816.14,1.0,4.0
4647580,4.0,59.0,69.0,Male,2.0,1739181.14,6.0,9.0
2419159,10.0,126.0,55.0,Female,2.0,32332.38,0.0,4.0
9231655,13.0,167.0,56.5,Male,2.0,287609.81,6.0,9.0
8733457,6.0,81.0,32.0,Unknown,2.0,43478.39,6.0,9.0
5238437,9.0,119.0,56.5,Female,3.0,186714.76,2.0,5.0
7963993,16.0,193.0,37.5,Male,2.0,60554.15,1.0,4.0
7015396,5.0,65.0,30.5,Female,3.0,57365.1,1.0,4.0
4503097,6.0,76.0,25.5,Unknown,2.0,38212.73,6.0,9.0
4453506,15.0,188.0,47.5,Male,4.0,150808.52000000002,4.0,7.0
8718073,7.0,94.0,38.0,Unknown,2.0,134976.39,0.0,3.0
7965530,19.0,239.0,63.5,Male,3.0,52846.66,6.0,9.0
2084475,5.0,64.0,37.0,Unknown,2.0,42275.08,2.0,5.0
5538449,12.0,154.0,36.0,Female,2.0,24560.97,1.0,4.0
5533046,10.0,122.0,28.0,Male,3.0,146532.71,2.0,5.0
6974095,11.0,139.0,28.0,Male,2.0,70610.23,2.0,5.0
1164001,22.0,273.0,31.0,Female,3.0,91254.72,2.0,5.0
5321496,7.0,84.0,21.0,Unknown,2.0,30321.69,4.0,7.0
8838610,15.0,191.0,73.5,Female,2.0,56391.42,1.0,4.0
3728532,10.0,131.0,66.0,Male,2.0,54268.19,0.0,3.0
7888479,5.0,66.0,22.5,Male,2.0,27063.02,6.0,9.0
9411433,12.0,152.0,29.5,Female,2.0,45022.34,0.0,3.0
2065932,6.0,73.0,36.5,Unknown,2.0,36011.869999999995,0.0,3.0
6672517,7.0,84.0,22.0,Unknown,2.0,34659.18,6.0,9.0
5320874,7.0,96.0,34.5,Unknown,3.0,41206.53999999999,6.0,9.0
8632638,10.0,128.0,56.0,Female,2.0,136777.14,6.0,9.0
7632853,14.0,169.0,44.5,Male,2.0,93827.73,2.0,5.0
8520434,5.0,67.0,55.5,Unknown,2.0,42317.27,1.0,4.0
5182313,15.0,181.0,35.5,Female,2.0,144640.97999999998,0.0,3.0
6014420,23.0,287.0,45.5,Male,2.0,176402.88,3.0,6.0
7264270,23.0,276.0,59.0,Female,2.0,271058.71,3.0,6.0
7628536,22.0,274.0,74.0,Female,2.0,32497.59,1.0,4.0
8685414,22.0,265.0,67.5,Male,2.0,471278.85,3.0,6.0
7779111,21.0,263.0,72.5,Male,2.0,411896.52,6.0,9.0
4754076,21.0,256.0,46.5,Female,2.0,167146.61,4.0,8.0
3018646,19.0,237.0,50.5,Female,2.0,46530.41,4.0,7.0
5929302,18.0,222.0,37.0,Female,3.0,168902.59999999998,5.0,8.0
7533784,17.0,213.0,66.0,Unknown,2.0,37363.51,2.0,5.0
6783119,17.0,209.0,51.0,Male,3.0,220762.53,6.0,9.0
6452585,6.0,78.0,54.5,Unknown,2.0,30607.17,4.0,7.0
6804934,6.0,83.0,26.5,Unknown,2.0,71766.22,4.0,7.0
8817053,10.0,122.0,65.5,Male,2.0,44858.02,1.0,4.0
8727076,4.0,56.0,34.5,Unknown,2.0,69530.01,0.0,3.0
1436025,7.0,94.0,45.0,Unknown,2.0,65627.54999999999,3.0,6.0
229123,3.0,45.0,31.5,Unknown,2.0,29579.18,6.0,9.0
425578,5.0,63.0,27.0,Unknown,2.0,28925.81,6.0,9.0
4834983,14.0,174.0,43.0,Male,2.0,58281.97,5.0,8.0
9936686,9.0,114.0,44.5,Female,2.0,120871.92,0.0,3.0
1617593,13.0,166.0,58.5,Female,2.0,117803.66,6.0,9.0
6960465,9.0,119.0,28.5,Male,2.0,35762.55,0.0,3.0
3636115,10.0,127.0,52.5,Male,2.0,87456.2,3.0,6.0
8293019,4.0,59.0,19.0,Unknown,2.0,46183.67999999999,0.0,3.0
5304521,7.0,91.0,23.5,Male,2.0,26063.63,1.0,4.0
8056465,4.0,58.0,24.0,Unknown,3.0,39297.57,6.0,9.0
8635937,16.0,197.0,31.5,Male,3.0,88548.5,2.0,5.0
1790128,16.0,193.0,24.0,Male,2.0,54266.24,3.0,6.0
5349590,8.0,106.0,54.0,Female,2.0,66255.39,0.0,3.0
297220,11.0,141.0,63.0,Female,2.0,38087.27,0.0,3.0
1210125,5.0,70.0,38.0,Unknown,2.0,162138.61,2.0,5.0
8114712,10.0,131.0,70.0,Male,2.0,208471.67,6.0,9.0
1574498,15.0,190.0,57.0,Female,2.0,157821.76,5.0,8.0
1913082,9.0,111.0,42.5,Male,2.0,87666.79999999999,0.0,3.0
6202486,10.0,123.0,37.5,Male,2.0,42847.77,1.0,4.0
5006470,16.0,194.0,62.0,Male,4.0,433816.44,6.0,9.0
8076294,8.0,96.0,41.5,Unknown,2.0,89742.39,2.0,5.0
9173523,15.0,190.0,40.0,Female,2.0,30596.8,6.0,9.0
714320,4.0,58.0,25.5,Unknown,3.0,36686.42,6.0,9.0
4668762,5.0,60.0,18.0,Unknown,3.0,56264.52,6.0,9.0
4996911,14.0,168.0,36.5,Male,2.0,138554.86,0.0,3.0
7759102,10.0,124.0,55.0,Female,2.0,116413.72,1.0,4.0
5118318,7.0,85.0,28.5,Unknown,3.0,49713.28999999999,4.0,7.0
4990901,10.0,128.0,76.0,Male,2.0,306655.83,5.0,8.0
4060503,6.0,75.0,49.5,Female,2.0,71285.95999999999,4.0,7.0
1024898,7.0,92.0,91.0,Unknown,2.0,73391.82,1.0,4.0
542028,4.0,58.0,62.0,Unknown,2.0,135379.55,3.0,6.0
9789056,14.0,169.0,27.5,Female,2.0,33576.53,2.0,5.0
6418878,12.0,148.0,31.5,Female,2.0,59254.22,1.0,4.0
1978704,13.0,167.0,61.5,Female,2.0,33414.619999999995,5.0,8.0
465607,14.0,169.0,69.0,Male,2.0,49769.67,6.0,9.0
7637517,24.0,299.0,56.5,Male,2.0,267516.82,1.0,4.0
2277404,23.0,285.0,66.5,Female,2.0,71108.81,1.0,4.0
6358271,22.0,275.0,22.0,Male,2.0,41969.41,1.0,4.0
4764978,20.0,247.0,28.5,Male,3.0,136866.66,2.0,5.0
2661574,20.0,246.0,70.0,Male,3.0,62116.31,3.0,6.0
9968459,32.0,385.0,67.0,Male,2.0,563581.36,2.0,5.0
5523293,19.0,238.0,61.5,Female,3.0,160497.11,1.0,4.0
2957678,19.0,233.0,67.5,Male,4.0,481447.67,4.0,7.0
9935819,18.0,223.0,54.5,Male,3.0,351388.82,6.0,9.0
8387642,17.0,215.0,46.5,Female,2.0,238495.14,3.0,6.0
9982239,16.0,203.0,47.5,Female,3.0,95020.65,3.0,6.0
5634074,9.0,110.0,27.0,Female,2.0,89156.19,1.0,4.0
4099580,14.0,172.0,57.5,Female,2.0,115359.61,2.0,6.0
7412988,14.0,174.0,68.0,Male,3.0,182641.33,6.0,9.0
8056722,15.0,189.0,78.5,Male,3.0,897124.1900000001,6.0,9.0
9847907,14.0,178.0,63.0,Male,2.0,27629.82,0.0,3.0
5549368,11.0,137.0,57.0,Female,2.0,282524.06,2.0,5.0
237072,32.0,392.0,58.0,Female,3.0,76321.58,0.0,3.0
5021309,28.0,338.0,31.0,Male,2.0,112439.29,4.0,7.0
8223918,8.0,105.0,83.5,Female,2.0,81549.26999999999,5.0,8.0
8120073,12.0,153.0,52.0,Male,3.0,421057.98,5.0,8.0
6960692,7.0,84.0,68.0,Unknown,2.0,41298.53,6.0,9.0
6978135,12.0,154.0,47.0,Unknown,2.0,136189.11,1.0,4.0
1921733,20.0,244.0,27.0,Male,3.0,104830.25,5.0,8.0
6498266,6.0,82.0,43.5,Unknown,2.0,58066.65,0.0,3.0
7576442,27.0,334.0,62.5,Female,2.0,204040.46,1.0,4.0
882200,8.0,96.0,55.0,Unknown,2.0,71282.2,3.0,6.0
5378456,12.0,154.0,49.0,Male,2.0,53435.4,6.0,9.0
7588921,7.0,88.0,48.5,Male,2.0,27076.45,4.0,7.0
753073,5.0,67.0,23.0,Unknown,2.0,26346.72,0.0,3.0
7088127,37.0,454.0,63.5,Female,2.0,41109.49,1.0,4.0
2608963,16.0,193.0,54.0,Female,2.0,102698.84,2.0,6.0
4350047,4.0,58.0,58.5,Female,2.0,80681.5,6.0,9.0
8213195,5.0,68.0,32.0,Unknown,2.0,33437.1,1.0,4.0
215880,8.0,100.0,40.0,Unknown,2.0,99079.06,6.0,9.0
8720328,37.0,445.0,60.5,Male,3.0,583301.0800000001,0.0,3.0
6039880,14.0,178.0,34.0,Male,3.0,104755.54,3.0,6.0
8205512,15.0,190.0,52.0,Male,2.0,33622.55,5.0,8.0
4365588,4.0,52.0,52.0,Unknown,2.0,34070.1,6.0,9.0
5451373,6.0,80.0,55.0,Unknown,2.0,92349.66,1.0,4.0
4771091,11.0,140.0,47.0,Unknown,2.0,36045.12,0.0,3.0
8614947,13.0,165.0,59.5,Female,2.0,67203.12,1.0,4.0
8786883,8.0,96.0,36.0,Unknown,2.0,48186.26,2.0,5.0
3831166,14.0,171.0,36.0,Female,3.0,47460.24,1.0,4.0
6467305,15.0,186.0,23.0,Female,2.0,31837.39,6.0,9.0
4429669,8.0,98.0,27.5,Unknown,3.0,35303.61,0.0,3.0
6281488,7.0,92.0,28.5,Unknown,2.0,33578.72,4.0,7.0
6394402,14.0,174.0,43.5,Unknown,3.0,337564.93,6.0,9.0
2275531,15.0,191.0,55.5,Female,2.0,107735.17,3.0,6.0
4782225,7.0,91.0,36.5,Unknown,2.0,1529930.22,6.0,9.0
6595891,15.0,189.0,35.5,Unknown,2.0,53348.23,6.0,9.0
3196381,12.0,150.0,30.0,Male,2.0,48754.09,5.0,8.0
1644839,12.0,150.0,62.5,Female,3.0,87230.62,4.0,7.0
685080,6.0,76.0,20.5,Unknown,2.0,27785.94,2.0,5.0
4668860,9.0,118.0,40.5,Male,2.0,41790.72,3.0,6.0
7098988,25.0,300.0,33.0,Female,3.0,95998.1,3.0,6.0
8829272,23.0,287.0,62.5,Male,2.0,45720.9,4.0,7.0
1002294,22.0,274.0,64.0,Male,3.0,342662.39,6.0,9.0
5869320,21.0,259.0,64.5,Male,3.0,747247.99,4.0,7.0
6430083,23.0,288.0,20.5,Female,3.0,58815.84,2.0,5.0
4068410,6.0,82.0,55.5,Unknown,2.0,85818.01999999999,6.0,9.0
9814755,14.0,168.0,29.5,Male,2.0,25971.13,6.0,9.0
9501714,26.0,315.0,44.5,Female,2.0,546603.51,2.0,5.0
9424502,16.0,194.0,57.5,Male,2.0,34327.48,2.0,5.0
1020761,13.0,157.0,62.5,Male,2.0,188527.64,4.0,7.0
1230774,5.0,68.0,28.5,Unknown,2.0,49257.01,6.0,9.0
6856161,13.0,164.0,40.5,Female,2.0,155256.36,1.0,4.0
141417,11.0,136.0,38.5,Female,4.0,103985.13,1.0,4.0
3825646,10.0,120.0,29.5,Female,2.0,68126.22,3.0,6.0
3006695,14.0,168.0,40.5,Female,2.0,60308.38,1.0,4.0
6993533,6.0,83.0,32.0,Unknown,2.0,34618.17,2.0,5.0
2395071,7.0,86.0,49.0,Unknown,2.0,158763.26,6.0,9.0
1722795,6.0,76.0,28.5,Unknown,2.0,37921.41,4.0,7.0
4307622,13.0,164.0,58.5,Male,2.0,130865.16,6.0,9.0
7260404,15.0,182.0,47.5,Male,2.0,86678.54000000001,0.0,3.0
221354,12.0,151.0,66.5,Female,2.0,59874.96,6.0,9.0
8554571,7.0,87.0,52.5,Unknown,2.0,39439.59,6.0,9.0
1812263,8.0,102.0,43.5,Unknown,2.0,56282.92999999999,5.0,8.0
8312319,16.0,198.0,42.0,Female,2.0,147125.15,3.0,6.0
9953363,5.0,66.0,27.0,Unknown,2.0,26528.51,0.0,3.0
6911509,6.0,79.0,51.5,Male,3.0,140055.02000000002,2.0,5.0
7360903,27.0,329.0,63.5,Male,2.0,30670.64,1.0,4.0
4584184,10.0,121.0,63.5,Male,2.0,93818.74,3.0,6.0
2541134,10.0,127.0,48.0,Female,3.0,28787.3,1.0,4.0
1356678,10.0,126.0,33.5,Female,2.0,51778.7,2.0,5.0
2344028,8.0,106.0,55.0,Male,2.0,73824.13,1.0,4.0
8199837,7.0,94.0,22.5,Male,4.0,69973.11,5.0,8.0
2438516,5.0,64.0,53.5,Unknown,2.0,54718.46,1.0,4.0
6568950,26.0,321.0,56.0,Female,2.0,44610.72,6.0,9.0
868443,24.0,290.0,74.5,Unknown,2.0,285323.29,6.0,9.0
7214869,13.0,166.0,37.0,Male,2.0,32247.47,1.0,4.0
753497,4.0,58.0,28.0,Unknown,2.0,44307.67,0.0,3.0
6156369,20.0,242.0,46.0,Male,2.0,26434.57,2.0,5.0
3117674,11.0,134.0,28.5,Male,2.0,87461.76999999999,6.0,9.0
5400276,13.0,156.0,53.5,Male,2.0,65500.32,4.0,7.0
4252952,27.0,329.0,67.5,Male,3.0,482711.42,6.0,9.0
9795683,6.0,82.0,29.5,Unknown,3.0,72689.76999999999,6.0,9.0
7354124,5.0,71.0,36.5,Female,2.0,39448.2,4.0,7.0
5190284,10.0,120.0,48.0,Female,2.0,42587.39,1.0,4.0
252042,10.0,129.0,22.0,Female,2.0,80621.07,3.0,6.0
7291143,7.0,95.0,25.0,Unknown,2.0,50363.44,6.0,9.0
2876848,24.0,294.0,57.5,Male,4.0,1264757.12,6.0,9.0
6369567,22.0,273.0,36.0,Unknown,3.0,540721.68,6.0,9.0
1201077,21.0,261.0,53.0,Female,2.0,33884.52,3.0,6.0
9103512,20.0,251.0,47.5,Male,3.0,126197.42,4.0,7.0
7756202,20.0,250.0,28.0,Male,2.0,24090.25,0.0,3.0
3368534,18.0,220.0,44.0,Male,5.0,62935.55,6.0,9.0
2936546,18.0,218.0,45.0,Female,2.0,68171.53,4.0,8.0
1077506,17.0,206.0,30.5,Male,2.0,31668.79,6.0,9.0
3091844,14.0,178.0,53.5,Male,2.0,114267.29,3.0,6.0
1059537,8.0,106.0,45.0,Female,2.0,32592.04,1.0,4.0
2234265,14.0,179.0,46.0,Male,2.0,32299.43,0.0,3.0
3941400,30.0,362.0,42.0,Female,2.0,61237.78,3.0,7.0
6712034,5.0,66.0,55.0,Unknown,2.0,134622.24,0.0,3.0
5511805,13.0,157.0,63.5,Female,3.0,39447.87,4.0,7.0
312131,6.0,81.0,65.0,Unknown,2.0,145266.81,4.0,7.0
7362941,6.0,81.0,62.5,Unknown,2.0,49004.67999999999,2.0,5.0
2012634,12.0,154.0,57.0,Female,2.0,46095.1,2.0,5.0
587256,4.0,54.0,22.5,Unknown,3.0,30384.88,2.0,5.0
8961028,12.0,152.0,56.5,Unknown,2.0,42297.05,1.0,4.0
3127476,7.0,84.0,31.5,Unknown,2.0,141843.64,2.0,5.0
1074578,16.0,192.0,38.5,Male,3.0,865092.9700000001,6.0,9.0
2039550,7.0,94.0,79.5,Unknown,2.0,28673.22,2.0,5.0
3808594,12.0,151.0,54.0,Female,3.0,45813.77,6.0,9.0
4421743,14.0,174.0,68.0,Male,3.0,416248.64,6.0,9.0
2057492,5.0,65.0,61.0,Unknown,2.0,570367.9400000001,6.0,9.0
8040813,4.0,58.0,23.0,Unknown,2.0,29259.85,4.0,7.0
5107877,12.0,155.0,36.0,Female,2.0,37443.07,2.0,5.0
3068094,6.0,72.0,23.5,Unknown,2.0,30749.4,0.0,3.0
5386814,5.0,60.0,42.0,Female,2.0,70423.66,0.0,3.0
5700921,9.0,110.0,65.5,Female,2.0,1184249.68,0.0,3.0
271955,7.0,92.0,32.0,Unknown,2.0,58056.24,0.0,3.0
3911895,17.0,205.0,40.0,Female,2.0,33971.29,0.0,3.0
9186591,6.0,72.0,64.0,Unknown,2.0,26900.5,0.0,3.0
43766,11.0,140.0,44.0,Male,2.0,29334.71,0.0,3.0
2883141,14.0,179.0,34.5,Female,2.0,65696.09,2.0,5.0
6742492,4.0,58.0,60.0,Unknown,4.0,77074.11,2.0,5.0
6133626,4.0,58.0,60.0,Unknown,2.0,142013.08000000002,1.0,4.0
8382031,5.0,69.0,32.5,Unknown,3.0,44789.55,6.0,9.0
1342582,6.0,77.0,79.0,Unknown,2.0,25976.23,0.0,3.0
4519869,5.0,64.0,54.5,Female,2.0,89965.17,1.0,4.0
745510,10.0,125.0,54.0,Female,2.0,332369.0,3.0,6.0
5123889,5.0,63.0,66.5,Unknown,2.0,155430.68,5.0,8.0
9159652,7.0,84.0,52.5,Unknown,2.0,53670.67,1.0,4.0
6581832,25.0,307.0,69.0,Male,2.0,27547.95,5.0,8.0
6611930,22.0,267.0,66.5,Female,2.0,97393.51,3.0,6.0
7735005,22.0,264.0,61.0,Female,2.0,39525.03,0.0,3.0
1437239,21.0,257.0,56.5,Female,3.0,170424.96000000002,1.0,4.0
8849407,19.0,235.0,85.0,Male,3.0,232761.92,2.0,5.0
5998955,15.0,181.0,33.0,Male,2.0,59439.53,1.0,4.0
154782,6.0,81.0,66.0,Female,2.0,208699.65,6.0,9.0
3015438,9.0,118.0,58.5,Male,2.0,468309.08,0.0,3.0
6050066,5.0,71.0,57.5,Unknown,3.0,110931.42,4.0,7.0
58589,9.0,119.0,41.0,Unknown,2.0,86738.88,3.0,6.0
1606584,8.0,97.0,25.0,Unknown,2.0,42022.46,3.0,6.0
8629781,9.0,108.0,41.5,Female,4.0,76606.19,1.0,4.0
4136161,11.0,142.0,48.0,Female,2.0,27935.7,1.0,4.0
3061886,11.0,136.0,21.0,Female,3.0,55634.36,5.0,8.0
8502793,9.0,119.0,57.5,Male,2.0,133943.0,0.0,3.0
6122294,15.0,189.0,52.0,Male,2.0,243691.54,0.0,3.0
2290457,11.0,142.0,43.0,Male,2.0,31904.43,0.0,3.0
3766837,16.0,199.0,67.5,Male,4.0,331608.65,6.0,9.0
1423857,8.0,101.0,37.5,Unknown,2.0,179283.64,6.0,9.0
7358211,10.0,120.0,69.0,Female,2.0,95969.61,6.0,9.0
6640295,5.0,65.0,59.5,Female,2.0,415681.79,1.0,4.0
3526820,6.0,74.0,59.5,Female,3.0,48139.98,6.0,9.0
4237467,7.0,91.0,40.5,Male,2.0,252591.15,5.0,9.0
312199,5.0,70.0,27.5,Unknown,3.0,34963.5,1.0,4.0
4377433,6.0,82.0,40.0,Unknown,3.0,178889.91999999998,2.0,5.0
7273179,5.0,68.0,35.5,Female,2.0,100767.78,5.0,8.0
6136101,4.0,55.0,41.5,Female,2.0,26155.23,1.0,4.0
7077097,7.0,93.0,51.5,Unknown,2.0,34591.92,1.0,4.0
1518182,11.0,140.0,36.0,Male,2.0,185551.03,4.0,7.0
5751652,13.0,160.0,72.0,Female,2.0,185287.44,5.0,9.0
876785,12.0,145.0,32.5,Female,2.0,67742.95,2.0,5.0
8264067,13.0,166.0,24.5,Unknown,2.0,143716.55,2.0,5.0
5424144,6.0,73.0,33.5,Unknown,2.0,62360.86,6.0,9.0
4605468,12.0,145.0,34.5,Female,2.0,24822.25,2.0,5.0
6117708,6.0,73.0,30.5,Unknown,2.0,40653.8,6.0,9.0
3255172,23.0,277.0,28.5,Female,2.0,23798.2,1.0,4.0
2161393,22.0,265.0,66.0,Female,2.0,65279.98,4.0,7.0
8556009,29.0,350.0,61.0,Female,2.0,67366.1,3.0,6.0
6319213,19.0,233.0,36.0,Male,2.0,176641.2,1.0,4.0
7631128,18.0,223.0,37.5,Female,2.0,116924.4,5.0,8.0
8405619,18.0,221.0,51.5,Female,3.0,41223.84,2.0,5.0
4496935,17.0,207.0,54.0,Unknown,3.0,247522.63,5.0,8.0
6167838,15.0,184.0,52.5,Unknown,2.0,32073.43,4.0,7.0
9318155,6.0,76.0,63.0,Unknown,2.0,366662.7,0.0,8.0
1385366,8.0,102.0,58.5,Unknown,2.0,131594.7,6.0,9.0
6981372,6.0,82.0,29.0,Unknown,2.0,41361.24,2.0,5.0
998998,14.0,169.0,38.5,Unknown,2.0,90328.54,3.0,6.0
9186473,14.0,174.0,71.5,Male,2.0,35293.18,1.0,4.0
2640267,5.0,71.0,58.5,Unknown,2.0,35496.25,2.0,5.0
3516384,10.0,126.0,58.0,Male,3.0,488776.02,6.0,9.0
1807353,9.0,109.0,30.0,Female,2.0,45805.63,4.0,7.0
2417924,8.0,102.0,30.5,Unknown,3.0,108759.2,0.0,3.0
9624407,6.0,72.0,66.5,Unknown,2.0,46814.19,3.0,7.0
9218948,5.0,71.0,42.0,Unknown,2.0,42985.0,3.0,6.0
8659902,7.0,94.0,38.0,Unknown,2.0,417493.99,6.0,9.0
246710,8.0,100.0,29.5,Male,4.0,91546.79,3.0,6.0
2824256,6.0,72.0,64.5,Unknown,2.0,78848.01999999999,6.0,9.0
815822,14.0,175.0,79.0,Male,2.0,636927.26,5.0,8.0
2185885,28.0,345.0,58.5,Female,3.0,266597.24,1.0,4.0
4500109,7.0,94.0,49.5,Unknown,3.0,268352.75,4.0,7.0
844159,6.0,80.0,29.0,Unknown,2.0,51481.21,2.0,5.0
7511703,15.0,189.0,51.0,Male,2.0,31772.87,3.0,6.0
1802255,5.0,67.0,21.0,Unknown,2.0,37973.02,1.0,4.0
4082452,9.0,109.0,52.0,Male,2.0,64105.67,2.0,5.0
4937577,15.0,189.0,66.5,Male,2.0,403916.93,1.0,4.0
4475946,6.0,81.0,44.0,Unknown,2.0,61505.88,0.0,3.0
3613933,12.0,149.0,59.0,Male,2.0,52343.9,2.0,5.0
267928,5.0,70.0,55.5,Unknown,2.0,64126.27,6.0,9.0
9677027,9.0,110.0,41.5,Female,2.0,37541.99,0.0,3.0
587585,9.0,118.0,85.0,Female,2.0,263258.43,0.0,3.0
1038536,14.0,170.0,42.0,Female,2.0,146182.09999999998,5.0,8.0
8013659,9.0,113.0,50.5,Female,2.0,44205.96,0.0,3.0
4830499,14.0,169.0,31.5,Male,2.0,37629.67,1.0,4.0
1574827,4.0,56.0,26.5,Unknown,2.0,25071.73,0.0,3.0
5804553,4.0,57.0,72.0,Unknown,2.0,66229.95999999999,4.0,7.0
7366567,11.0,142.0,37.5,Male,2.0,46039.65,3.0,6.0
3305202,16.0,194.0,49.0,Female,3.0,41099.25,3.0,6.0
9961502,16.0,197.0,40.5,Female,2.0,36637.24,0.0,3.0
6330362,14.0,169.0,72.0,Male,2.0,50484.67,1.0,4.0
8802656,6.0,83.0,39.0,Unknown,3.0,395494.29,1.0,4.0
1660920,14.0,178.0,74.0,Male,2.0,85394.32,0.0,3.0
9297547,5.0,71.0,27.5,Unknown,2.0,49728.99,3.0,6.0
6136568,13.0,162.0,44.5,Unknown,2.0,287507.6,3.0,6.0
9401788,5.0,70.0,32.0,Unknown,2.0,57468.13,3.0,6.0
5692652,12.0,145.0,51.5,Male,3.0,85234.76999999999,3.0,6.0
5773904,14.0,179.0,53.0,Female,2.0,48206.7,1.0,4.0
9657291,12.0,154.0,54.5,Female,3.0,39603.99,3.0,6.0
16295,23.0,281.0,55.0,Female,2.0,77984.93,2.0,5.0
7392759,22.0,270.0,67.5,Female,3.0,343780.25,4.0,7.0
9912944,20.0,250.0,77.0,Female,2.0,61441.59,1.0,4.0
1216598,20.0,241.0,26.0,Male,2.0,33631.07,2.0,5.0
4119989,19.0,235.0,32.0,Female,2.0,113094.55,1.0,4.0
9607484,17.0,214.0,55.5,Female,2.0,119688.87,1.0,4.0
7028086,17.0,207.0,61.5,Female,3.0,665583.52,6.0,9.0
3329470,16.0,201.0,42.0,Female,3.0,61298.84,3.0,6.0
3168759,14.0,168.0,31.5,Female,2.0,25734.97,0.0,3.0
2872953,16.0,192.0,18.5,Male,2.0,44423.5,2.0,5.0
7873226,8.0,107.0,43.5,Female,2.0,94231.42,2.0,5.0
7959689,5.0,67.0,51.5,Female,2.0,101939.57,5.0,8.0
5956185,15.0,188.0,55.5,Female,2.0,90345.02,2.0,5.0
5508546,4.0,57.0,21.0,Unknown,2.0,40266.96,6.0,9.0
606220,10.0,120.0,61.5,Female,3.0,85989.06,1.0,5.0
2390279,10.0,124.0,41.0,Female,2.0,68628.70999999999,5.0,8.0
8937765,12.0,145.0,61.5,Female,2.0,30303.35,4.0,7.0
948823,5.0,65.0,27.0,Unknown,2.0,38111.14,2.0,5.0
1305890,26.0,323.0,68.5,Male,2.0,28902.77,0.0,3.0
2968827,7.0,91.0,43.0,Unknown,2.0,36682.94,2.0,5.0
2338448,6.0,72.0,27.0,Female,2.0,48210.85,2.0,5.0
2950516,9.0,114.0,24.5,Male,2.0,37784.76,3.0,6.0
7304695,8.0,106.0,26.5,Female,3.0,52785.14,2.0,5.0
3246879,9.0,112.0,59.0,Female,2.0,44768.63,3.0,6.0
2336764,5.0,67.0,61.5,Male,2.0,405366.55,6.0,9.0
374896,12.0,151.0,28.5,Male,3.0,42767.64,2.0,5.0
553978,9.0,110.0,43.5,Male,2.0,86742.19,1.0,4.0
1519302,11.0,135.0,57.5,Male,2.0,186892.4,6.0,9.0
2461471,9.0,119.0,26.5,Male,3.0,87249.66,6.0,9.0
8838297,15.0,191.0,75.0,Male,3.0,79521.68,2.0,5.0
8236848,25.0,301.0,27.5,Male,2.0,78901.89,6.0,9.0
4798272,13.0,167.0,43.0,Male,2.0,131038.03,6.0,9.0
5099365,8.0,107.0,78.5,Male,3.0,425111.42,6.0,9.0
4271947,16.0,193.0,49.0,Female,2.0,262037.74,5.0,8.0
1427675,7.0,85.0,55.0,Unknown,3.0,271188.44,3.0,6.0
2877612,7.0,95.0,30.5,Unknown,3.0,65780.14,2.0,5.0
5286123,5.0,65.0,37.0,Unknown,2.0,68083.94,5.0,8.0
8492504,10.0,130.0,55.5,Male,2.0,31444.12,2.0,5.0
2866707,15.0,183.0,47.5,Female,2.0,65413.28,1.0,4.0
4506609,15.0,189.0,52.0,Male,3.0,956579.86,5.0,8.0
7087200,6.0,82.0,24.5,Unknown,2.0,33044.2,0.0,3.0
9623521,5.0,68.0,51.0,Unknown,2.0,55646.22,1.0,4.0
2143246,4.0,58.0,24.5,Unknown,2.0,52658.6,1.0,4.0
9249208,5.0,70.0,34.5,Unknown,2.0,45644.91,0.0,3.0
4003764,15.0,190.0,35.5,Male,2.0,48824.4,3.0,6.0
3569036,5.0,70.0,27.0,Unknown,2.0,49704.46,6.0,9.0
8641575,15.0,186.0,62.5,Male,2.0,101740.72,6.0,9.0
7701584,7.0,94.0,36.5,Unknown,2.0,62308.48,0.0,3.0
4939769,5.0,70.0,25.5,Unknown,4.0,114333.32,6.0,9.0
6577144,11.0,142.0,70.5,Female,2.0,241989.94,2.0,5.0
7675326,14.0,178.0,64.5,Female,2.0,199640.84000000003,1.0,4.0
838653,6.0,81.0,48.5,Unknown,3.0,154603.8,6.0,9.0
8034741,13.0,157.0,69.0,Male,2.0,31702.83,4.0,7.0
5492154,12.0,145.0,29.0,Male,2.0,24301.59,2.0,5.0
9946311,24.0,288.0,49.5,Female,2.0,52076.42999999999,5.0,8.0
72074,22.0,271.0,51.0,Female,3.0,146135.76,6.0,9.0
5351413,21.0,261.0,40.5,Male,5.0,497384.45,2.0,5.0
1472953,21.0,258.0,27.5,Male,3.0,296957.53,2.0,5.0
4689021,18.0,227.0,42.5,Female,3.0,153116.45,5.0,8.0
2127092,19.0,237.0,57.5,Female,2.0,113211.62,6.0,9.0
3423813,16.0,202.0,28.0,Female,2.0,59179.12,1.0,4.0
6391101,6.0,75.0,33.5,Unknown,2.0,31197.22,4.0,7.0
6434694,7.0,90.0,45.5,Unknown,2.0,349620.69,1.0,4.0
582548,8.0,106.0,30.5,Male,2.0,33302.47,6.0,9.0
648062,4.0,49.0,69.0,Unknown,3.0,254285.4,3.0,6.0
7286739,6.0,77.0,36.5,Unknown,2.0,72032.56,1.0,4.0
9042035,15.0,189.0,57.0,Female,2.0,26949.87,2.0,5.0
33472,5.0,65.0,42.5,Unknown,2.0,42918.45,6.0,9.0
5805302,6.0,82.0,24.0,Unknown,3.0,64982.4,6.0,9.0
5800090,6.0,82.0,38.0,Unknown,2.0,28632.85,1.0,4.0
2986674,13.0,167.0,41.0,Male,2.0,339502.03,6.0,9.0
3806081,5.0,63.0,66.5,Male,2.0,35972.1,1.0,5.0
1344982,7.0,87.0,59.5,Unknown,2.0,219905.35,0.0,3.0
6764885,5.0,60.0,41.5,Unknown,2.0,29381.6,0.0,3.0
1466732,12.0,152.0,53.5,Male,2.0,617609.1900000001,4.0,7.0
5057948,14.0,172.0,67.0,Male,5.0,696712.01,4.0,7.0
11309,10.0,126.0,46.5,Female,3.0,647166.9600000001,5.0,8.0
8529036,3.0,45.0,62.5,Male,2.0,188927.29,6.0,9.0
3137760,12.0,154.0,42.0,Female,2.0,103002.59,6.0,9.0
3372332,11.0,142.0,57.0,Female,2.0,139411.33000000002,1.0,4.0
7902892,4.0,58.0,40.5,Unknown,2.0,44719.58,3.0,6.0
7558551,6.0,83.0,37.5,Unknown,3.0,39897.72,1.0,5.0
2348609,15.0,190.0,45.0,Male,2.0,105440.42,5.0,8.0
4760752,7.0,85.0,52.0,Unknown,2.0,42835.48,0.0,3.0
2714922,12.0,146.0,42.0,Female,2.0,23849.39,1.0,4.0
5927847,5.0,68.0,23.5,Unknown,2.0,53061.76,4.0,7.0
2744178,15.0,180.0,66.0,Female,2.0,146471.55,6.0,9.0
8467980,7.0,88.0,56.0,Unknown,2.0,303985.01,1.0,5.0
4787356,11.0,133.0,49.5,Female,2.0,34460.99,3.0,6.0
5658056,5.0,61.0,32.0,Male,3.0,97278.32,6.0,9.0
5849558,5.0,70.0,65.0,Female,2.0,420539.22,6.0,9.0
2062763,9.0,115.0,31.0,Female,2.0,76147.42,0.0,3.0
6171731,8.0,106.0,50.5,Male,3.0,31450.79,5.0,8.0
2798211,16.0,198.0,59.0,Female,4.0,630382.28,5.0,8.0
2822827,13.0,157.0,75.5,Female,2.0,136095.32,4.0,7.0
5855902,14.0,179.0,59.5,Female,2.0,31003.09,3.0,6.0
7403748,17.0,204.0,54.0,Male,2.0,30018.85,5.0,8.0
829900,6.0,81.0,71.0,Female,2.0,74719.09,6.0,9.0
7914927,15.0,188.0,45.5,Female,2.0,101280.85,2.0,5.0
6497557,12.0,145.0,28.5,Male,2.0,65244.9,2.0,5.0
5298449,11.0,139.0,59.5,Male,2.0,178516.55,6.0,9.0
915511,12.0,147.0,51.5,Male,2.0,179154.19,1.0,4.0
746652,26.0,321.0,78.5,Male,2.0,1306960.46,4.0,8.0
6832721,9.0,109.0,35.5,Male,2.0,52239.03999999999,2.0,5.0
9229187,10.0,121.0,66.5,Male,2.0,95278.67,5.0,8.0
1984039,4.0,58.0,47.5,Unknown,2.0,53627.67999999999,3.0,6.0
2116228,16.0,194.0,38.5,Female,2.0,36628.25,0.0,3.0
1169083,5.0,66.0,29.0,Unknown,2.0,35583.55,6.0,9.0
4740322,14.0,179.0,60.0,Female,2.0,40616.98,0.0,4.0
7483802,7.0,91.0,54.0,Unknown,3.0,151364.91999999998,5.0,8.0
379383,14.0,171.0,35.0,Female,2.0,49293.89,3.0,6.0
4250110,10.0,127.0,50.5,Unknown,2.0,200150.37,3.0,6.0
7203818,10.0,121.0,32.5,Male,2.0,154950.06,5.0,8.0
3350914,5.0,67.0,29.5,Unknown,2.0,38551.0,6.0,9.0
5095389,9.0,108.0,23.0,Male,2.0,31934.38,5.0,8.0
4742200,8.0,97.0,32.5,Unknown,3.0,44402.06,6.0,9.0
7923307,24.0,294.0,67.5,Female,2.0,37985.16,4.0,7.0
7501817,24.0,293.0,65.0,Male,2.0,224701.9,0.0,3.0
1737762,22.0,265.0,42.5,Female,2.0,173682.58000000002,4.0,7.0
5637695,22.0,264.0,58.5,Male,2.0,169891.81,2.0,5.0
1486560,21.0,263.0,28.5,Male,2.0,75471.58,3.0,6.0
7544596,21.0,255.0,25.0,Female,3.0,87351.04999999999,4.0,7.0
5885212,21.0,261.0,69.5,Female,2.0,125981.57,4.0,7.0
5171878,19.0,238.0,49.5,Male,3.0,245188.5,6.0,9.0
9466333,4.0,59.0,54.5,Female,2.0,252737.98,2.0,5.0
3328812,10.0,126.0,63.5,Female,2.0,95445.95,3.0,6.0
5159617,8.0,106.0,63.0,Unknown,2.0,25729.98,1.0,4.0
3979960,4.0,58.0,35.0,Unknown,2.0,40506.07,1.0,4.0
9502403,9.0,108.0,59.5,Female,2.0,304230.9,1.0,4.0
9023746,12.0,151.0,43.5,Female,3.0,172580.09999999998,0.0,3.0
4445535,29.0,349.0,60.5,Female,3.0,516732.24,6.0,9.0
8179812,16.0,193.0,75.0,Male,2.0,501094.73,6.0,9.0
151897,33.0,397.0,58.5,Male,3.0,329122.13,6.0,9.0
1549978,3.0,42.0,56.5,Unknown,2.0,29985.22,2.0,5.0
5035620,7.0,87.0,57.5,Unknown,2.0,35291.18,1.0,4.0
8187908,14.0,173.0,67.5,Female,2.0,39613.23,4.0,7.0
6244625,13.0,167.0,79.5,Female,3.0,160996.63,2.0,5.0
851930,5.0,70.0,35.5,Unknown,2.0,63207.9,2.0,5.0
6129099,5.0,64.0,45.5,Male,2.0,178776.45,5.0,8.0
6458159,9.0,108.0,23.5,Male,3.0,88254.22,6.0,9.0
2439144,10.0,123.0,47.5,Male,3.0,34463.2,6.0,9.0
2242286,8.0,102.0,69.5,Unknown,2.0,36810.21,0.0,3.0
7679143,4.0,58.0,36.0,Unknown,2.0,280530.29,2.0,5.0
7010070,15.0,181.0,33.5,Male,2.0,32535.54,6.0,9.0
7951392,28.0,338.0,29.0,Female,2.0,59950.41,1.0,4.0
7640972,9.0,114.0,53.5,Female,2.0,45092.07,0.0,3.0
9309478,16.0,195.0,65.0,Female,2.0,29598.03,2.0,5.0
5890936,28.0,347.0,93.5,Male,3.0,1364856.21,6.0,9.0
739944,12.0,147.0,37.5,Female,2.0,57117.24,2.0,5.0
768936,5.0,65.0,22.5,Unknown,2.0,34231.45,2.0,5.0
1214906,34.0,414.0,52.0,Male,5.0,2317097.52,6.0,9.0
4639816,9.0,115.0,31.0,Female,2.0,31142.95,1.0,4.0
4901840,7.0,87.0,50.0,Female,2.0,24065.55,2.0,5.0
7828108,7.0,86.0,27.0,Unknown,3.0,141539.2,6.0,9.0
1305348,7.0,93.0,54.5,Unknown,2.0,102743.89,4.0,7.0
2369934,5.0,67.0,26.5,Unknown,2.0,31285.06,5.0,8.0
6298412,7.0,84.0,55.0,Unknown,2.0,48251.81,6.0,9.0
9110241,35.0,430.0,68.5,Male,2.0,136947.28,3.0,7.0
2765920,21.0,255.0,65.0,Male,3.0,176885.95,1.0,4.0
5200509,16.0,200.0,35.5,Male,2.0,35800.22,1.0,4.0
5042117,14.0,168.0,62.0,Male,2.0,39630.43,0.0,3.0
993338,12.0,151.0,53.0,Male,2.0,42572.34,0.0,3.0
6149469,22.0,273.0,70.0,Female,2.0,161246.21999999997,0.0,3.0
8784376,22.0,268.0,41.5,Male,3.0,1619946.34,4.0,7.0
5735682,21.0,259.0,50.0,Unknown,2.0,27771.8,5.0,8.0
806192,21.0,255.0,42.5,Male,2.0,186952.05,2.0,5.0
6747525,22.0,266.0,58.0,Female,2.0,426257.13,0.0,3.0
6931815,19.0,230.0,55.5,Female,2.0,33967.6,0.0,3.0
2605179,19.0,229.0,78.5,Female,4.0,179861.52000000002,5.0,8.0
8502987,17.0,214.0,18.5,Female,2.0,37369.11,3.0,6.0
538519,17.0,204.0,81.5,Female,2.0,69408.6,5.0,8.0
6081831,16.0,192.0,40.0,Female,2.0,62321.19,0.0,3.0
4289557,9.0,118.0,58.0,Male,2.0,49336.0,3.0,6.0
3287161,15.0,184.0,51.0,Male,3.0,1408560.01,4.0,7.0
4394686,12.0,151.0,57.0,Male,2.0,46620.59,0.0,3.0
9341224,7.0,85.0,76.0,Unknown,2.0,110935.3,2.0,5.0
9434764,15.0,180.0,81.0,Male,2.0,397717.61,6.0,9.0
9120385,48.0,576.0,43.0,Male,4.0,896608.18,6.0,9.0
9904069,14.0,174.0,58.5,Female,2.0,46084.37,4.0,7.0
4475466,5.0,60.0,59.0,Male,2.0,392112.01,5.0,8.0
7789902,8.0,96.0,43.5,Unknown,2.0,40289.89,1.0,4.0
5046467,6.0,76.0,65.0,Unknown,3.0,141316.47999999998,2.0,5.0
2914011,16.0,198.0,42.5,Male,2.0,203808.89,4.0,7.0
2552887,13.0,160.0,56.5,Female,3.0,103653.26,1.0,4.0
1501011,11.0,142.0,44.5,Female,2.0,35580.61,0.0,3.0
830066,6.0,73.0,63.5,Unknown,2.0,28187.44,1.0,4.0
2449116,15.0,188.0,62.0,Male,2.0,26788.51,1.0,4.0
5718227,15.0,191.0,51.0,Unknown,2.0,846228.18,4.0,7.0
5870738,16.0,203.0,39.5,Male,2.0,75766.42,1.0,4.0
4939832,14.0,178.0,53.5,Female,2.0,51126.25,2.0,5.0
8055629,8.0,96.0,68.5,Unknown,2.0,140505.97,6.0,9.0
2445571,20.0,241.0,48.0,Male,2.0,168795.59999999998,6.0,9.0
5791290,4.0,56.0,39.5,Unknown,2.0,53259.71,0.0,3.0
3115857,9.0,108.0,38.0,Male,2.0,82091.81,2.0,5.0
3606765,15.0,183.0,43.5,Male,3.0,115787.58,3.0,6.0
140683,16.0,193.0,49.5,Female,3.0,260158.71,2.0,5.0
918418,15.0,182.0,35.0,Female,2.0,71590.38,3.0,6.0
2517151,7.0,85.0,62.5,Unknown,2.0,209275.35,3.0,6.0
5914594,5.0,70.0,38.5,Unknown,2.0,42991.32,0.0,3.0
4731471,9.0,113.0,33.0,Female,3.0,82255.72,2.0,5.0
6630494,6.0,72.0,64.0,Unknown,2.0,96012.85,2.0,5.0
8659835,8.0,96.0,28.0,Unknown,2.0,62492.03,6.0,9.0
3659547,6.0,72.0,52.5,Female,2.0,50512.61,1.0,4.0
4641084,16.0,194.0,49.5,Female,2.0,170655.31,0.0,3.0
1344819,12.0,144.0,40.5,Male,2.0,140338.78,1.0,4.0
3489600,6.0,73.0,60.0,Unknown,2.0,151721.84999999998,1.0,4.0
9098523,8.0,98.0,32.5,Female,2.0,27355.31,0.0,3.0
6833123,9.0,119.0,43.5,Male,2.0,41546.17,6.0,9.0
4508248,13.0,157.0,25.0,Male,2.0,96153.6,1.0,5.0
3939039,12.0,150.0,72.0,Male,2.0,59699.42,2.0,5.0
1012445,8.0,96.0,82.5,Unknown,2.0,162855.63,2.0,5.0
2878094,8.0,98.0,53.0,Female,2.0,50417.44,6.0,9.0
4559532,5.0,71.0,27.0,Unknown,2.0,26843.75,2.0,5.0
58867,9.0,108.0,51.0,Male,2.0,47514.76,3.0,6.0
8662232,9.0,116.0,44.5,Male,2.0,214887.02,2.0,5.0
4256337,6.0,81.0,27.5,Unknown,2.0,40410.4,2.0,5.0
118966,6.0,78.0,63.0,Unknown,2.0,77358.67,4.0,8.0
4476473,14.0,170.0,41.5,Male,2.0,145635.39,2.0,5.0
5593566,6.0,80.0,40.5,Unknown,2.0,31519.94,4.0,8.0
2703317,10.0,122.0,28.5,Male,2.0,31636.44,4.0,7.0
8728781,15.0,180.0,49.5,Female,2.0,55926.53999999999,3.0,6.0
3815935,7.0,85.0,36.0,Unknown,2.0,40834.2,5.0,8.0
364153,13.0,161.0,53.0,Male,2.0,64006.94,3.0,6.0
6007022,5.0,71.0,45.0,Unknown,2.0,255949.45,5.0,8.0
7777115,8.0,103.0,37.5,Unknown,2.0,51074.88,1.0,4.0
812596,9.0,111.0,26.5,Male,2.0,49678.58,2.0,5.0
2258736,6.0,73.0,46.0,Unknown,2.0,38568.31,3.0,6.0
7752289,24.0,298.0,20.5,Male,2.0,41263.7,3.0,6.0
1180544,23.0,277.0,21.5,Female,2.0,46734.01,2.0,5.0
8740508,20.0,248.0,54.5,Female,2.0,27323.08,2.0,5.0
7467270,26.0,318.0,75.0,Male,2.0,338464.51,2.0,9.0
7803066,18.0,222.0,46.5,Female,2.0,434430.76,6.0,9.0
705956,17.0,210.0,53.0,Male,2.0,266896.15,5.0,8.0
8402778,33.0,406.0,60.5,Female,2.0,122363.96,6.0,9.0
9558971,4.0,56.0,49.5,Unknown,2.0,42608.51,2.0,5.0
3723994,10.0,121.0,26.0,Male,2.0,25579.78,3.0,6.0
2570342,16.0,192.0,46.5,Male,2.0,48960.63,4.0,7.0
4565926,16.0,199.0,48.0,Male,2.0,462285.66,5.0,8.0
50053,5.0,70.0,56.5,Unknown,2.0,68551.89,3.0,6.0
682400,12.0,151.0,55.0,Female,2.0,38175.0,5.0,8.0
4223094,13.0,167.0,37.0,Female,2.0,110218.51,1.0,4.0
78728,6.0,76.0,34.0,Unknown,3.0,49798.3,4.0,7.0
7377671,5.0,70.0,20.0,Unknown,2.0,31390.82,0.0,3.0
1913626,6.0,80.0,36.5,Unknown,2.0,63566.01,6.0,9.0
7782334,15.0,184.0,62.0,Female,2.0,72217.67,1.0,4.0
3804647,12.0,155.0,32.0,Female,3.0,75413.35,6.0,9.0
794705,10.0,121.0,68.0,Female,2.0,77012.98,2.0,6.0
1218661,6.0,77.0,33.0,Unknown,2.0,69500.92,2.0,5.0
6781675,6.0,80.0,29.5,Male,2.0,56631.8,6.0,9.0
3375768,14.0,171.0,66.5,Male,3.0,300259.64,6.0,9.0
2262841,6.0,77.0,46.5,Unknown,2.0,215760.07,2.0,5.0
2922541,14.0,177.0,44.5,Male,2.0,234300.08,0.0,3.0
4124205,6.0,82.0,25.5,Unknown,3.0,117052.7,3.0,6.0
1647983,15.0,186.0,42.5,Female,2.0,102426.76,5.0,8.0
347874,4.0,58.0,46.5,Unknown,2.0,50605.42,6.0,9.0
1148502,15.0,189.0,48.0,Female,2.0,50022.96,5.0,8.0
2220910,5.0,66.0,69.5,Female,3.0,252765.39,3.0,7.0
5749703,16.0,192.0,31.0,Female,2.0,102958.95,3.0,6.0
7558925,7.0,92.0,27.0,Male,2.0,31261.2,3.0,6.0
4494333,5.0,70.0,23.5,Unknown,2.0,27881.5,2.0,5.0
9811512,26.0,322.0,61.5,Male,3.0,403592.0,3.0,6.0
1167003,8.0,96.0,36.5,Unknown,2.0,68781.81,1.0,4.0
488573,16.0,193.0,41.0,Female,3.0,178452.57,2.0,5.0
7380393,8.0,106.0,69.0,Female,2.0,27794.84,2.0,5.0
2470571,12.0,144.0,33.5,Female,3.0,117899.92,2.0,5.0
8612311,35.0,420.0,54.0,Male,2.0,115813.73,5.0,8.0
14775,15.0,191.0,28.0,Female,4.0,150775.9,5.0,8.0
6751787,10.0,131.0,51.0,Female,2.0,54913.89,6.0,9.0
2268231,12.0,150.0,66.5,Male,2.0,56168.78999999999,5.0,8.0
8344199,11.0,139.0,40.5,Female,2.0,69970.19,1.0,4.0
4549029,27.0,329.0,80.0,Female,2.0,133282.58000000002,0.0,3.0
3781410,4.0,59.0,23.0,Unknown,2.0,27034.82,0.0,3.0
7197720,9.0,118.0,62.0,Female,2.0,61361.99,5.0,8.0
6616843,7.0,94.0,32.0,Unknown,2.0,41414.99,4.0,7.0
1900559,6.0,80.0,76.0,Unknown,2.0,75220.36,6.0,9.0
7204736,6.0,82.0,62.0,Male,2.0,358893.81,4.0,7.0
4563336,12.0,149.0,30.0,Male,2.0,67622.41,6.0,9.0
2361758,14.0,178.0,50.5,Male,3.0,464950.9,6.0,9.0
9878739,15.0,190.0,62.5,Male,2.0,49383.34,4.0,7.0
458670,3.0,45.0,27.5,Unknown,3.0,175324.57,2.0,5.0
5181822,6.0,72.0,69.5,Unknown,2.0,298027.15,6.0,9.0
4916553,10.0,130.0,63.0,Male,2.0,85205.29000000001,6.0,9.0
9463417,7.0,89.0,24.5,Unknown,2.0,25590.38,2.0,5.0
314189,23.0,279.0,42.5,Female,2.0,336986.9,2.0,5.0
2125062,22.0,266.0,47.0,Female,3.0,94518.64,1.0,5.0
3743973,16.0,195.0,57.5,Male,2.0,60099.02,1.0,4.0
5316482,16.0,194.0,18.0,Unknown,2.0,37528.09,0.0,3.0
4375551,11.0,132.0,60.0,Female,2.0,39594.91,2.0,5.0
7992324,7.0,85.0,55.0,Unknown,3.0,130127.79,6.0,9.0
5395319,13.0,162.0,53.0,Female,2.0,81660.01,3.0,6.0
2397151,23.0,277.0,62.5,Male,2.0,61298.66,5.0,8.0
200648,15.0,183.0,59.0,Female,2.0,339025.55,0.0,3.0
7007576,6.0,76.0,32.0,Unknown,2.0,54760.44,6.0,9.0
5672855,8.0,96.0,33.5,Unknown,2.0,40404.72,3.0,6.0
601954,12.0,145.0,32.5,Male,2.0,46833.08,4.0,7.0
28241,6.0,80.0,48.5,Male,3.0,421518.75,5.0,8.0
750766,8.0,97.0,52.5,Unknown,2.0,73938.98999999999,6.0,9.0
5742957,15.0,188.0,43.5,Female,2.0,653924.16,6.0,9.0
8449611,7.0,90.0,28.5,Unknown,2.0,28855.29,6.0,9.0
2233220,10.0,121.0,38.5,Male,4.0,233019.58,6.0,9.0
4786371,15.0,183.0,72.5,Female,2.0,278098.67,4.0,7.0
2041839,10.0,128.0,32.5,Female,2.0,71598.06,1.0,4.0
8169366,7.0,86.0,69.0,Unknown,2.0,501049.93,1.0,4.0
9964997,12.0,148.0,45.5,Male,2.0,132994.44,5.0,8.0
1590045,13.0,161.0,67.5,Male,2.0,214518.33,5.0,8.0
2907303,27.0,324.0,75.5,Male,2.0,86133.72,0.0,3.0
5569038,8.0,103.0,32.0,Unknown,3.0,169899.0,6.0,9.0
3368481,5.0,60.0,20.5,Male,2.0,48524.4,1.0,4.0
757118,7.0,86.0,30.5,Unknown,2.0,56457.03999999999,6.0,9.0
7625835,11.0,134.0,31.0,Female,2.0,115642.86,1.0,4.0
7916237,28.0,337.0,61.0,Female,2.0,297597.67,5.0,8.0
5998570,7.0,90.0,68.0,Unknown,2.0,152173.66,3.0,6.0
3254381,22.0,275.0,66.5,Female,2.0,84005.08,4.0,7.0
3542128,4.0,58.0,57.0,Unknown,3.0,67123.59,2.0,5.0
2214909,13.0,166.0,52.5,Male,3.0,40200.65,0.0,3.0
2235638,11.0,142.0,31.0,Male,3.0,210007.68,1.0,4.0
9787741,7.0,84.0,24.5,Unknown,2.0,24635.09,6.0,9.0
6112481,14.0,178.0,67.5,Male,2.0,44638.84,3.0,6.0
1018410,15.0,191.0,51.5,Male,2.0,46410.82,3.0,6.0
5539442,23.0,277.0,54.0,Female,3.0,506670.4,4.0,7.0
8707681,22.0,266.0,48.0,Male,3.0,62054.23,5.0,8.0
9400650,20.0,250.0,45.5,Male,3.0,42016.17,6.0,9.0
373190,19.0,239.0,31.5,Male,2.0,45763.17999999999,2.0,5.0
8204676,19.0,228.0,60.5,Female,2.0,51789.28,4.0,7.0
4063405,17.0,205.0,59.5,Female,2.0,132327.16,0.0,3.0
9443811,14.0,173.0,27.5,Male,2.0,29864.88,2.0,5.0
2377064,6.0,77.0,33.5,Unknown,2.0,60136.17,5.0,8.0
4032058,5.0,70.0,23.0,Unknown,2.0,41146.17999999999,0.0,3.0
9262828,6.0,74.0,59.5,Unknown,3.0,118035.42,5.0,8.0
3943790,10.0,130.0,33.0,Male,4.0,729201.8400000001,6.0,9.0
3603652,19.0,228.0,70.0,Female,2.0,114445.12,2.0,6.0
269751,6.0,75.0,34.0,Unknown,2.0,47812.35,6.0,9.0
8910393,15.0,190.0,62.0,Female,3.0,202102.42,6.0,9.0
5918756,9.0,109.0,39.0,Male,2.0,72431.44,6.0,9.0
9298004,11.0,133.0,30.5,Female,2.0,56369.77,3.0,6.0
739806,15.0,189.0,50.5,Female,2.0,687493.55,6.0,9.0
3187046,8.0,105.0,44.0,Male,2.0,44184.21,5.0,8.0
8786298,14.0,174.0,71.0,Female,2.0,154004.69,5.0,8.0
3787666,5.0,70.0,58.5,Female,2.0,75016.11,5.0,8.0
8849141,7.0,85.0,59.0,Unknown,3.0,373625.92,6.0,9.0
5581664,5.0,70.0,31.0,Unknown,2.0,51840.65,0.0,3.0
4556466,14.0,178.0,35.0,Female,2.0,30732.4,0.0,3.0
414245,9.0,110.0,71.0,Female,2.0,118239.63,6.0,9.0
5948416,10.0,130.0,40.5,Male,2.0,51554.63,2.0,5.0
2395247,13.0,163.0,56.0,Male,2.0,31794.61,6.0,9.0
4943766,6.0,81.0,50.0,Unknown,2.0,73998.33,2.0,6.0
1591836,13.0,159.0,41.5,Male,2.0,34617.69,0.0,3.0
128801,9.0,119.0,72.5,Male,2.0,125593.39,0.0,3.0
7430424,7.0,96.0,51.0,Unknown,2.0,41224.84,4.0,7.0
4690123,15.0,188.0,50.5,Male,3.0,110268.48,1.0,4.0
1035291,12.0,151.0,51.0,Female,2.0,146355.4,2.0,5.0
2385070,5.0,67.0,53.0,Unknown,2.0,56591.95,5.0,8.0
5232332,30.0,360.0,64.5,Male,3.0,392371.75,5.0,8.0
673188,5.0,70.0,52.5,Unknown,2.0,57647.93,1.0,4.0
5623007,16.0,202.0,78.0,Male,2.0,146827.14,5.0,8.0
2178220,4.0,59.0,67.5,Unknown,2.0,30042.29,3.0,6.0
5303422,6.0,74.0,56.5,Unknown,2.0,66280.41,1.0,4.0
6535193,3.0,46.0,81.0,Unknown,2.0,109567.59,6.0,9.0
3702154,15.0,190.0,49.5,Male,2.0,24099.41,6.0,9.0
9797596,10.0,131.0,40.5,Male,2.0,56112.33,0.0,3.0
1837851,15.0,190.0,67.0,Female,2.0,92754.73,6.0,9.0
3342954,18.0,225.0,56.5,Male,2.0,74830.51999999999,4.0,7.0
5919871,13.0,166.0,66.0,Male,2.0,248231.31,6.0,9.0
8052520,8.0,106.0,38.0,Female,2.0,25274.41,2.0,5.0
9695857,23.0,280.0,32.5,Male,2.0,48160.28,0.0,3.0
8313229,7.0,93.0,37.5,Unknown,2.0,36065.82,1.0,4.0
5600477,21.0,253.0,65.0,Male,2.0,99221.06,3.0,6.0
541395,6.0,74.0,64.5,Female,2.0,190553.29,6.0,9.0
5157494,5.0,65.0,55.0,Unknown,2.0,76067.19,2.0,5.0
6748136,6.0,78.0,57.0,Unknown,2.0,24888.98,2.0,5.0
200604,8.0,97.0,63.0,Unknown,3.0,489812.64,5.0,8.0
8035493,23.0,277.0,76.0,Unknown,2.0,414251.2,6.0,9.0
3377468,16.0,203.0,64.5,Female,2.0,232933.82,5.0,8.0
2162347,14.0,178.0,64.0,Female,2.0,109064.23,1.0,4.0
7427550,11.0,142.0,71.5,Female,2.0,163826.19,2.0,5.0
1494245,11.0,143.0,62.0,Female,2.0,123954.98,0.0,3.0
6691456,18.0,223.0,37.0,Male,2.0,71350.39,0.0,3.0
8540533,10.0,123.0,60.5,Male,2.0,62212.13,5.0,8.0
5236248,9.0,115.0,28.5,Male,3.0,68245.97,6.0,9.0
1829073,14.0,169.0,45.0,Female,2.0,37210.32,4.0,7.0
6041600,23.0,283.0,38.0,Female,3.0,822339.29,1.0,4.0
8819468,3.0,40.0,49.0,Male,2.0,243220.33,5.0,8.0
5755120,5.0,61.0,50.5,Female,2.0,35744.97,1.0,4.0
4129662,13.0,166.0,55.0,Male,2.0,25341.05,5.0,8.0
5199268,16.0,195.0,54.5,Female,2.0,412967.44,4.0,7.0
7921011,9.0,115.0,38.5,Female,2.0,144997.95,3.0,6.0
2405269,13.0,159.0,30.0,Male,2.0,53722.12,3.0,6.0
5872680,5.0,64.0,55.5,Unknown,2.0,60590.63,1.0,4.0
7372778,9.0,119.0,62.0,Female,2.0,160977.52999999997,2.0,5.0
8095423,6.0,83.0,59.5,Unknown,2.0,47902.57,3.0,6.0
8051597,6.0,76.0,33.5,Unknown,2.0,53528.44,5.0,8.0
677548,5.0,68.0,20.0,Unknown,3.0,42450.99,5.0,8.0
585572,5.0,66.0,66.0,Unknown,2.0,193375.78,6.0,9.0
5840107,6.0,80.0,81.5,Unknown,2.0,236807.03,6.0,9.0
370067,15.0,181.0,42.0,Female,3.0,74988.13,6.0,9.0
4819175,9.0,110.0,30.5,Female,2.0,51066.27,2.0,5.0
287817,10.0,125.0,31.5,Female,3.0,48497.01,2.0,5.0
104972,15.0,183.0,54.0,Male,2.0,45897.02,5.0,8.0
8025864,5.0,66.0,68.5,Female,2.0,235735.45,1.0,4.0
8676484,15.0,183.0,50.0,Male,2.0,32927.18,3.0,6.0
8679760,10.0,122.0,32.0,Male,2.0,45382.31,0.0,3.0
7750591,10.0,120.0,36.5,Female,2.0,32810.869999999995,6.0,9.0
964325,15.0,188.0,38.5,Female,3.0,151485.78999999998,3.0,6.0
624300,32.0,390.0,73.5,Female,2.0,393060.69,5.0,8.0
7796096,10.0,125.0,37.5,Female,2.0,59657.59,5.0,8.0
2213954,13.0,165.0,55.5,Unknown,2.0,30406.54,0.0,3.0
6710934,7.0,88.0,50.0,Unknown,4.0,155536.72999999998,3.0,6.0
2397050,14.0,179.0,28.5,Male,2.0,31550.8,6.0,9.0
8253753,6.0,83.0,28.0,Unknown,2.0,31681.24,0.0,3.0
5053539,8.0,107.0,30.5,Unknown,2.0,46188.19,2.0,5.0
596662,15.0,191.0,42.5,Male,2.0,245635.43,6.0,9.0
385931,12.0,152.0,30.0,Male,2.0,25665.63,6.0,9.0
692988,23.0,283.0,53.0,Male,2.0,30486.25,0.0,3.0
7344676,20.0,247.0,44.5,Male,2.0,31377.58,2.0,5.0
8397188,19.0,238.0,58.0,Female,3.0,102950.77,4.0,7.0
6199141,18.0,222.0,67.5,Female,2.0,150993.07,0.0,3.0
10344,17.0,205.0,82.0,Male,2.0,94009.47,3.0,6.0
1365548,7.0,94.0,19.5,Unknown,2.0,49091.37,1.0,4.0
9796963,4.0,55.0,65.0,Unknown,2.0,87977.7,0.0,3.0
6393514,25.0,311.0,54.0,Female,2.0,243694.63,1.0,4.0
163907,7.0,88.0,67.5,Unknown,2.0,264703.71,6.0,9.0
9351229,15.0,186.0,59.5,Female,2.0,69561.20999999999,3.0,6.0
5100305,9.0,118.0,23.5,Female,3.0,88683.75,5.0,8.0
1346930,16.0,192.0,47.0,Female,2.0,111711.21,5.0,8.0
4076427,4.0,58.0,22.0,Unknown,2.0,34105.97,0.0,3.0
5123985,17.0,208.0,40.0,Female,2.0,86905.79000000001,2.0,5.0
6768983,28.0,347.0,65.0,Unknown,2.0,68832.45999999999,6.0,9.0
2038707,5.0,67.0,25.5,Unknown,4.0,75376.73999999999,0.0,3.0
7463154,4.0,58.0,25.0,Unknown,2.0,44522.42,4.0,7.0
2831189,8.0,103.0,25.5,Male,2.0,28419.8,5.0,8.0
6382317,11.0,136.0,59.5,Male,2.0,219770.7,6.0,9.0
3362625,5.0,65.0,57.5,Unknown,2.0,540090.17,3.0,6.0
3965494,11.0,133.0,75.5,Male,3.0,1177038.45,6.0,9.0
2598263,7.0,94.0,52.0,Unknown,2.0,48052.01,3.0,6.0
4963713,16.0,193.0,46.0,Male,2.0,29559.33,2.0,5.0
4334858,6.0,83.0,58.5,Unknown,2.0,186558.55,6.0,9.0
9029843,6.0,83.0,39.0,Unknown,2.0,25294.84,1.0,4.0
2441457,14.0,175.0,50.0,Male,2.0,49111.53,3.0,6.0
159875,4.0,49.0,59.0,Male,2.0,96630.85,5.0,8.0
1555223,12.0,144.0,75.0,Female,2.0,48876.02,5.0,8.0
5155174,10.0,130.0,30.0,Male,2.0,66956.39,1.0,4.0
3564724,8.0,97.0,23.5,Male,2.0,37306.28,6.0,9.0
9581744,7.0,90.0,45.5,Male,3.0,118240.19,6.0,9.0
7305657,8.0,106.0,45.5,Female,2.0,75734.64,3.0,6.0
6278883,12.0,147.0,53.0,Male,2.0,77349.82,0.0,3.0
9758303,13.0,157.0,38.0,Male,2.0,170746.77999999997,2.0,5.0
9529806,4.0,58.0,24.5,Unknown,3.0,32013.23,6.0,9.0
6010099,12.0,151.0,31.0,Male,2.0,90772.96,6.0,9.0
2448965,5.0,64.0,22.5,Unknown,2.0,26536.37,0.0,3.0
216445,10.0,131.0,56.0,Female,2.0,362458.68,6.0,9.0
4600807,4.0,59.0,25.0,Unknown,2.0,29530.42,3.0,6.0
8075476,10.0,123.0,63.5,Male,3.0,180659.74,4.0,7.0
3159251,29.0,350.0,69.5,Female,2.0,137830.66,5.0,8.0
4174109,2.0,35.0,25.5,Unknown,3.0,93812.13,4.0,7.0
4916142,9.0,108.0,43.5,Male,2.0,30565.65,0.0,3.0
2931629,12.0,147.0,62.0,Female,2.0,87371.98,1.0,4.0
1134270,21.0,254.0,56.0,Female,2.0,230350.27,0.0,3.0
7322020,35.0,421.0,77.0,Female,3.0,439910.8,3.0,6.0
9514335,27.0,325.0,63.5,Female,2.0,367161.68,6.0,9.0
2302372,26.0,323.0,75.0,Male,3.0,506179.25,6.0,9.0
9307530,4.0,56.0,25.5,Unknown,2.0,51328.94,6.0,9.0
8387524,4.0,59.0,29.5,Unknown,2.0,29192.68,6.0,9.0
997697,10.0,126.0,39.5,Male,2.0,32327.21,0.0,3.0
5102800,10.0,120.0,29.0,Female,4.0,54737.57,6.0,9.0
5624653,10.0,124.0,48.5,Male,2.0,72055.62,5.0,8.0
2627413,14.0,170.0,73.5,Female,2.0,262174.16,6.0,9.0
4922593,6.0,83.0,23.5,Unknown,2.0,48974.46,4.0,7.0
7351048,21.0,262.0,46.5,Male,3.0,94239.72,5.0,8.0
7992906,21.0,258.0,44.5,Male,3.0,72133.23,5.0,8.0
166702,21.0,257.0,30.0,Female,3.0,289732.59,3.0,6.0
8877322,21.0,254.0,70.0,Male,2.0,36124.8,6.0,9.0
9127678,19.0,238.0,53.0,Female,2.0,100613.76,1.0,4.0
7588645,19.0,229.0,55.0,Female,2.0,85524.39,0.0,3.0
2355590,18.0,226.0,62.5,Male,2.0,311593.62,5.0,8.0
2166322,18.0,222.0,69.0,Female,2.0,290331.02,6.0,9.0
5598921,17.0,215.0,59.0,Male,2.0,35427.68,6.0,9.0
1348442,16.0,203.0,66.0,Female,2.0,1158630.54,6.0,9.0
7274800,14.0,178.0,37.5,Male,2.0,50649.17999999999,0.0,3.0
738015,15.0,191.0,36.5,Female,2.0,123407.94,1.0,4.0
9383009,11.0,134.0,30.5,Male,3.0,165009.09000000003,5.0,8.0
6167355,8.0,104.0,52.0,Female,2.0,57864.01,6.0,9.0
9906057,15.0,191.0,30.5,Female,3.0,96965.12,3.0,6.0
2431305,8.0,104.0,47.0,Male,2.0,48418.28,5.0,8.0
5139771,9.0,117.0,32.5,Female,4.0,533261.6900000001,6.0,9.0
9166983,11.0,132.0,58.5,Male,2.0,604682.16,5.0,8.0
7544001,13.0,164.0,46.5,Male,2.0,31636.83,5.0,8.0
1302975,29.0,353.0,67.0,Male,2.0,41798.12,0.0,3.0
9074110,11.0,142.0,50.5,Male,2.0,52338.32,3.0,6.0
2157030,5.0,60.0,32.0,Unknown,2.0,55646.25,6.0,9.0
20537,9.0,109.0,74.5,Female,2.0,72955.33,6.0,9.0
5408240,16.0,200.0,51.0,Female,2.0,121132.01,0.0,4.0
5640823,11.0,132.0,30.5,Female,3.0,65468.67,6.0,9.0
6600580,7.0,88.0,36.0,Unknown,2.0,35700.6,3.0,6.0
8521030,13.0,157.0,50.5,Male,2.0,33900.47,6.0,9.0
8950736,4.0,50.0,51.5,Unknown,2.0,23914.35,3.0,6.0
5138174,6.0,77.0,25.5,Male,3.0,74414.33,6.0,9.0
1717967,5.0,65.0,35.0,Unknown,2.0,46923.36,2.0,5.0
1425535,6.0,83.0,37.0,Male,2.0,28196.84,0.0,3.0
9959937,5.0,61.0,31.5,Male,2.0,58779.74,6.0,9.0
3119321,8.0,107.0,47.5,Male,2.0,105454.33,6.0,9.0
835985,13.0,167.0,55.0,Male,2.0,117243.57,6.0,9.0
677876,4.0,58.0,25.5,Unknown,3.0,46624.88,6.0,9.0
3056753,10.0,127.0,24.5,Female,3.0,135323.16999999998,2.0,5.0
3113785,11.0,142.0,52.5,Male,2.0,30214.9,0.0,3.0
4350661,8.0,98.0,38.0,Unknown,4.0,228962.73,6.0,9.0
7429692,6.0,73.0,26.5,Female,2.0,67544.73999999999,6.0,9.0
5371570,47.0,564.0,71.0,Female,2.0,130341.92,5.0,8.0
5381516,15.0,180.0,18.0,Male,2.0,25824.34,2.0,5.0
9069153,6.0,80.0,47.5,Unknown,2.0,76746.65,0.0,3.0
9003187,8.0,99.0,51.0,Unknown,2.0,30758.75,2.0,6.0
1754410,5.0,70.0,30.5,Unknown,2.0,37419.87,6.0,9.0
363451,12.0,154.0,66.5,Female,2.0,103437.16,0.0,4.0
2202204,7.0,93.0,62.5,Unknown,2.0,24448.87,0.0,3.0
6861713,5.0,70.0,57.0,Unknown,2.0,37023.17,0.0,3.0
6867447,13.0,167.0,74.0,Male,2.0,32594.46,2.0,5.0
9383626,15.0,184.0,70.0,Male,2.0,44306.94,4.0,7.0
6229922,8.0,107.0,38.0,Male,2.0,36469.91,5.0,8.0
8569208,6.0,74.0,50.5,Male,3.0,125095.21,4.0,7.0
1381230,5.0,60.0,49.5,Unknown,3.0,36966.83,2.0,5.0
5804539,21.0,261.0,54.5,Male,2.0,100849.66,4.0,7.0
1720728,23.0,281.0,45.0,Male,3.0,178712.43,6.0,9.0
5066798,18.0,216.0,53.5,Female,2.0,489456.19,3.0,6.0
8272922,17.0,215.0,37.5,Male,3.0,148292.09,6.0,9.0
5650542,7.0,92.0,51.5,Unknown,2.0,26761.54,1.0,4.0
676847,10.0,121.0,57.0,Female,2.0,44930.67,1.0,4.0
5297360,11.0,136.0,53.0,Female,2.0,33496.36,2.0,5.0
9765201,15.0,189.0,65.0,Male,2.0,230718.59000000003,5.0,8.0
8923342,6.0,83.0,42.0,Unknown,2.0,71411.54999999999,5.0,8.0
235331,13.0,159.0,86.5,Male,3.0,259638.89,6.0,9.0
291330,29.0,349.0,68.0,Male,2.0,62155.41,6.0,9.0
2920485,5.0,69.0,29.0,Unknown,2.0,25158.01,0.0,3.0
3694432,13.0,166.0,72.5,Male,3.0,339711.75,4.0,7.0
1962563,13.0,164.0,27.5,Female,2.0,58649.98,2.0,5.0
4772828,17.0,204.0,49.0,Female,2.0,44557.0,3.0,6.0
7599880,9.0,113.0,59.5,Female,2.0,77139.98,6.0,9.0
1424491,14.0,175.0,49.5,Unknown,2.0,29022.86,2.0,5.0
5405306,6.0,83.0,30.0,Unknown,2.0,42166.44,5.0,8.0
6037752,4.0,56.0,24.0,Unknown,2.0,44633.06,0.0,3.0
8009077,13.0,158.0,53.5,Female,2.0,75068.85,0.0,3.0
6150427,24.0,289.0,58.5,Male,3.0,120436.73,6.0,9.0
169560,11.0,141.0,46.0,Male,2.0,41551.92,2.0,5.0
9461446,8.0,97.0,54.0,Unknown,2.0,109801.69,2.0,5.0
7258987,8.0,100.0,55.5,Male,3.0,68697.58,6.0,9.0
8747482,6.0,82.0,53.0,Unknown,2.0,49115.64,0.0,3.0
4860230,18.0,219.0,49.5,Male,2.0,94928.56,2.0,5.0
8082631,10.0,121.0,26.5,Male,3.0,45425.4,4.0,7.0
9154286,31.0,373.0,30.5,Male,2.0,58353.04,6.0,9.0
4425409,11.0,138.0,29.5,Female,3.0,85909.81,2.0,5.0
3423634,5.0,71.0,37.5,Unknown,4.0,75608.48999999999,5.0,9.0
2584464,4.0,58.0,31.5,Unknown,2.0,37544.01,3.0,6.0
3701784,4.0,56.0,30.5,Unknown,2.0,27435.76,0.0,3.0
7815347,6.0,74.0,59.0,Unknown,2.0,189789.23,6.0,9.0
8110944,13.0,157.0,51.5,Female,2.0,27351.01,5.0,8.0
5022026,6.0,77.0,37.0,Male,2.0,53072.28999999999,1.0,4.0
6230467,7.0,94.0,33.0,Unknown,2.0,37328.2,1.0,4.0
8659718,6.0,82.0,25.0,Unknown,2.0,63594.99,2.0,5.0
8055860,6.0,74.0,31.5,Unknown,2.0,50832.28999999999,1.0,4.0
4600222,6.0,82.0,24.0,Unknown,2.0,61629.43,3.0,6.0
7060704,8.0,97.0,69.5,Unknown,2.0,358321.87,4.0,7.0
4841549,6.0,76.0,30.0,Unknown,2.0,57940.04,6.0,9.0
4179364,3.0,44.0,52.0,Unknown,2.0,61103.69,3.0,6.0
1831519,11.0,136.0,50.0,Female,2.0,68744.86,1.0,4.0
6254175,15.0,189.0,50.5,Male,2.0,66472.79000000001,6.0,9.0
4835239,26.0,313.0,67.0,Female,3.0,61685.76,0.0,3.0
9825964,21.0,263.0,53.5,Female,3.0,92291.46,1.0,4.0
5332484,21.0,262.0,59.0,Female,4.0,686133.12,5.0,8.0
737959,19.0,238.0,56.0,Male,2.0,132843.31,6.0,9.0
1853637,19.0,228.0,56.5,Female,2.0,266976.05,6.0,9.0
2053174,18.0,224.0,48.5,Male,3.0,3553298.1,6.0,9.0
2229584,17.0,215.0,36.0,Male,2.0,63205.58,6.0,9.0
7638969,18.0,226.0,60.5,Male,4.0,352993.9,6.0,9.0
9281994,7.0,84.0,57.5,Unknown,2.0,33235.96,1.0,4.0
7833317,15.0,190.0,71.0,Male,2.0,34698.17,1.0,4.0
1344512,7.0,95.0,33.5,Unknown,3.0,103226.29,6.0,9.0
857051,27.0,326.0,65.0,Male,2.0,52112.91,3.0,6.0
4508245,12.0,146.0,37.5,Male,2.0,67371.65,2.0,5.0
2866632,6.0,74.0,55.5,Unknown,2.0,61199.19,2.0,5.0
5880453,14.0,179.0,69.0,Male,2.0,134164.02000000002,2.0,5.0
9991918,6.0,81.0,48.5,Unknown,2.0,42163.36,5.0,8.0
4539299,3.0,47.0,65.5,Unknown,2.0,82557.79999999999,2.0,5.0
4896425,6.0,73.0,58.5,Unknown,2.0,67163.37,1.0,4.0
5549720,29.0,355.0,69.0,Male,2.0,121411.32,6.0,9.0
9385360,7.0,91.0,50.0,Unknown,2.0,157455.76,1.0,4.0
8195227,12.0,149.0,40.5,Female,2.0,31004.19,1.0,4.0
756571,6.0,83.0,25.0,Unknown,2.0,51186.98,6.0,9.0
7660275,11.0,132.0,27.5,Male,2.0,124536.12,2.0,5.0
2779909,19.0,232.0,53.0,Female,2.0,212453.58,4.0,7.0
1957227,10.0,131.0,39.5,Male,2.0,88970.39,0.0,3.0
4875001,14.0,178.0,43.0,Female,2.0,144402.16,5.0,8.0
9357572,9.0,108.0,26.5,Female,2.0,41520.35,1.0,4.0
1191690,21.0,253.0,48.0,Female,2.0,27267.64,6.0,9.0
1251529,26.0,318.0,65.0,Female,2.0,113298.8,6.0,9.0
9635595,6.0,75.0,28.5,Unknown,2.0,69612.87,5.0,8.0
82723,4.0,58.0,35.0,Unknown,2.0,77802.83,3.0,6.0
3355542,5.0,70.0,18.5,Unknown,2.0,24013.94,5.0,9.0
5574111,15.0,190.0,33.5,Male,2.0,83074.51999999999,3.0,6.0
9106666,6.0,74.0,42.0,Unknown,2.0,92146.76,1.0,4.0
6143174,5.0,66.0,45.5,Unknown,2.0,42405.41,1.0,4.0
8519302,5.0,60.0,20.5,Unknown,2.0,30061.57,6.0,9.0
2821034,4.0,59.0,64.5,Unknown,3.0,750952.2300000001,6.0,9.0
5088010,13.0,157.0,33.5,Unknown,2.0,25527.8,3.0,6.0
9162012,12.0,150.0,65.0,Female,2.0,68997.17,1.0,4.0
8283857,5.0,65.0,63.0,Female,2.0,98624.35,4.0,7.0
8994872,4.0,59.0,52.0,Unknown,2.0,70793.85,2.0,5.0
5324211,12.0,153.0,55.0,Male,2.0,23883.87,1.0,4.0
4356801,4.0,59.0,23.5,Unknown,2.0,28793.64,1.0,4.0
8593429,13.0,161.0,47.0,Male,2.0,89825.37,6.0,9.0
3257006,10.0,126.0,69.5,Female,3.0,87713.25,5.0,8.0
4520087,10.0,130.0,64.0,Female,2.0,121865.9,2.0,5.0
2515256,8.0,98.0,54.0,Male,2.0,52198.5,3.0,7.0
9336021,10.0,130.0,61.0,Male,2.0,73948.79999999999,4.0,7.0
6780888,13.0,158.0,27.0,Male,3.0,134616.72,5.0,9.0
9907174,11.0,141.0,38.5,Female,2.0,33197.0,2.0,5.0
7287568,13.0,160.0,71.5,Female,2.0,256571.91,3.0,6.0
1185791,9.0,116.0,66.5,Male,2.0,24184.71,1.0,4.0
7098358,5.0,67.0,61.5,Unknown,2.0,116187.36,0.0,3.0
3861475,4.0,59.0,32.5,Male,2.0,166321.84000000003,3.0,6.0
1648153,9.0,110.0,43.5,Female,2.0,128449.72,4.0,7.0
6501980,8.0,106.0,48.0,Male,2.0,114008.49,0.0,3.0
7350089,22.0,271.0,64.5,Male,3.0,451774.44,5.0,8.0
8213966,21.0,263.0,62.0,Male,2.0,138520.61,3.0,6.0
7594847,21.0,262.0,38.0,Male,2.0,36489.35,1.0,4.0
583024,22.0,269.0,45.5,Female,2.0,320402.26,1.0,4.0
2460459,18.0,220.0,36.0,Male,3.0,179106.46999999997,6.0,9.0
3457117,17.0,215.0,43.5,Male,3.0,70416.82,6.0,9.0
9511869,6.0,83.0,28.5,Unknown,2.0,53756.28,1.0,4.0
5082650,7.0,90.0,32.0,Unknown,3.0,33244.0,6.0,9.0
7043778,4.0,59.0,51.5,Female,2.0,556483.75,5.0,8.0
5909312,7.0,92.0,35.0,Unknown,2.0,64453.4,1.0,4.0
6284634,28.0,344.0,56.5,Female,3.0,142163.22999999998,1.0,4.0
9976206,34.0,408.0,57.5,Male,2.0,177152.88,2.0,5.0
5635648,10.0,130.0,24.5,Male,2.0,26391.26,2.0,5.0
4720261,12.0,151.0,40.0,Male,2.0,23825.58,0.0,3.0
8966943,5.0,67.0,52.5,Female,2.0,60418.08,2.0,5.0
7271110,13.0,156.0,38.0,Female,2.0,118666.22,3.0,6.0
1550778,9.0,111.0,27.5,Male,2.0,51715.33,6.0,9.0
2566430,8.0,97.0,52.5,Unknown,2.0,24460.65,5.0,8.0
1434369,5.0,71.0,33.5,Unknown,2.0,105246.27,1.0,4.0
6828468,23.0,283.0,55.0,Male,2.0,68419.36,1.0,4.0
6217298,9.0,119.0,31.5,Male,2.0,37188.94,6.0,9.0
829482,11.0,143.0,53.5,Male,2.0,91325.2,5.0,8.0
2314843,13.0,167.0,50.5,Female,2.0,88475.92,0.0,3.0
1881806,14.0,179.0,72.0,Male,2.0,26159.65,4.0,7.0
9273012,8.0,104.0,69.5,Male,2.0,137012.3,3.0,6.0
4399935,16.0,199.0,39.0,Female,2.0,58678.39,3.0,6.0
7414697,7.0,93.0,61.0,Unknown,2.0,69309.34,3.0,6.0
1513083,5.0,71.0,43.5,Male,2.0,141771.22999999998,0.0,3.0
9647384,6.0,74.0,62.0,Unknown,2.0,43840.48,1.0,4.0
7619941,15.0,182.0,32.0,Male,2.0,66998.04999999999,6.0,9.0
2510324,15.0,184.0,75.0,Male,2.0,128421.94,1.0,4.0
9445402,5.0,66.0,47.5,Unknown,2.0,79400.57,6.0,9.0
632316,6.0,73.0,61.5,Unknown,2.0,519751.55,6.0,9.0
4664236,14.0,168.0,44.0,Male,2.0,31510.19,3.0,6.0
113951,12.0,148.0,64.5,Female,2.0,33519.11,1.0,4.0
4734064,8.0,101.0,30.5,Unknown,2.0,52350.69,1.0,4.0
9348657,5.0,67.0,48.5,Unknown,2.0,23805.34,5.0,8.0
3144002,13.0,164.0,64.0,Male,3.0,116863.99,0.0,3.0
3545814,13.0,163.0,59.0,Male,3.0,5754204.68,6.0,9.0
8459080,5.0,66.0,20.5,Unknown,2.0,38450.42,6.0,9.0
1488142,15.0,182.0,22.0,Male,3.0,46542.44,4.0,7.0
7619234,12.0,146.0,24.5,Male,3.0,40884.53,5.0,8.0
2799355,6.0,78.0,22.5,Unknown,2.0,29516.61,1.0,4.0
8938855,23.0,286.0,61.0,Female,2.0,517210.46,3.0,6.0
6838654,21.0,261.0,31.0,Male,4.0,151153.25,3.0,6.0
521204,21.0,253.0,28.0,Female,3.0,37090.22,6.0,9.0
3590317,20.0,241.0,61.0,Female,3.0,131665.4,1.0,4.0
7563473,19.0,239.0,47.5,Male,2.0,152375.7,6.0,9.0
9055908,18.0,225.0,48.5,Male,3.0,435715.25,6.0,9.0
603774,17.0,214.0,39.5,Female,3.0,132561.58000000002,1.0,4.0
3980251,17.0,206.0,72.0,Female,2.0,68237.79999999999,5.0,8.0
8663940,13.0,158.0,39.5,Female,2.0,54576.78,2.0,5.0
1909802,15.0,185.0,39.0,Male,2.0,148076.96,1.0,4.0
7861398,14.0,174.0,39.0,Female,2.0,53451.33,0.0,3.0
8152789,7.0,94.0,44.5,Unknown,2.0,32747.42,0.0,3.0
4291659,11.0,143.0,32.5,Male,2.0,29276.76,1.0,4.0
293500,13.0,167.0,46.5,Female,2.0,32463.87,2.0,5.0
3298784,6.0,82.0,52.0,Unknown,2.0,62703.56,2.0,5.0
6951896,12.0,150.0,29.5,Female,2.0,25763.2,1.0,4.0
202973,13.0,161.0,33.5,Female,2.0,37192.64,0.0,3.0
8777358,14.0,170.0,66.5,Female,3.0,71663.88,2.0,5.0
4692455,8.0,106.0,45.0,Male,2.0,40596.95,0.0,3.0
4632590,12.0,149.0,66.5,Male,3.0,137982.4,5.0,8.0
281095,17.0,211.0,49.5,Female,2.0,124806.89,0.0,3.0
9597731,11.0,135.0,61.5,Female,2.0,88580.20999999999,4.0,9.0
9671726,14.0,173.0,45.5,Male,2.0,27873.4,1.0,4.0
168727,11.0,133.0,30.0,Female,2.0,573736.92,3.0,6.0
922639,3.0,47.0,20.0,Unknown,2.0,30751.61,0.0,3.0
1241841,7.0,94.0,52.0,Unknown,2.0,34994.36,0.0,3.0
8542739,6.0,79.0,36.5,Unknown,2.0,32209.97,6.0,9.0
6335396,15.0,182.0,49.5,Female,2.0,169261.39,0.0,3.0
3225099,6.0,82.0,25.0,Unknown,2.0,36075.36,6.0,9.0
8695557,12.0,150.0,35.5,Female,3.0,42734.86,0.0,3.0
8527231,14.0,174.0,35.5,Female,2.0,59662.65,0.0,3.0
3214131,4.0,57.0,24.5,Unknown,2.0,26271.4,0.0,3.0
3608276,11.0,139.0,51.5,Female,2.0,128415.31,1.0,4.0
7172662,19.0,232.0,43.5,Unknown,2.0,26850.07,0.0,3.0
4433172,17.0,204.0,60.5,Female,2.0,67964.18,2.0,5.0
3261109,7.0,91.0,32.5,Unknown,2.0,34376.96,1.0,4.0
5280291,13.0,167.0,31.0,Male,2.0,81555.56,1.0,4.0
8072283,9.0,118.0,45.5,Female,2.0,40790.5,1.0,4.0
159908,5.0,65.0,64.0,Unknown,2.0,65018.8,0.0,4.0
3459625,5.0,65.0,61.5,Female,2.0,72735.95,6.0,9.0
5480074,7.0,85.0,23.5,Unknown,2.0,54716.26,0.0,4.0
8359032,14.0,179.0,75.0,Female,2.0,31196.48,5.0,9.0
6576898,13.0,166.0,33.0,Male,2.0,34946.42,0.0,3.0
8269240,29.0,348.0,72.0,Female,3.0,157206.33000000002,2.0,6.0
1650327,14.0,176.0,45.5,Male,2.0,37714.73,1.0,4.0
1465486,5.0,66.0,23.5,Unknown,2.0,30235.25,6.0,9.0
5403184,10.0,124.0,51.0,Unknown,2.0,894701.01,5.0,8.0
9197952,7.0,85.0,29.5,Unknown,2.0,38826.21,4.0,7.0
1287238,5.0,65.0,35.5,Female,2.0,33739.74,6.0,9.0
4717657,16.0,203.0,46.0,Male,2.0,47255.17999999999,1.0,4.0
5803535,5.0,64.0,54.5,Unknown,2.0,35531.97,1.0,4.0
360816,27.0,335.0,62.0,Female,2.0,104534.81,5.0,8.0
4857096,25.0,302.0,61.5,Female,2.0,64506.43,3.0,6.0
7608281,24.0,292.0,26.0,Male,2.0,92186.72,2.0,5.0
6290836,22.0,271.0,19.5,Female,3.0,51316.52,1.0,4.0
3064729,22.0,270.0,76.0,Unknown,2.0,39565.28,3.0,6.0
4109815,21.0,253.0,44.0,Male,3.0,209598.43,6.0,9.0
6156904,19.0,238.0,46.5,Male,3.0,1798748.27,5.0,8.0
3722419,20.0,248.0,67.0,Female,2.0,85193.5,3.0,6.0
1789611,18.0,223.0,56.0,Male,3.0,62933.62,5.0,8.0
4308598,8.0,103.0,70.5,Female,2.0,81885.03,3.0,6.0
6953063,5.0,60.0,58.0,Unknown,3.0,59213.81,2.0,5.0
5961865,8.0,101.0,33.5,Unknown,2.0,75976.12,2.0,5.0
1725267,6.0,82.0,46.0,Unknown,3.0,97892.58,6.0,9.0
1232986,7.0,86.0,67.5,Unknown,2.0,61418.13,3.0,6.0
5066008,7.0,94.0,32.0,Unknown,2.0,61523.66,3.0,6.0
21940,12.0,150.0,43.5,Male,2.0,33031.88,6.0,9.0
4999523,14.0,178.0,55.0,Male,2.0,208820.75,2.0,5.0
7336361,4.0,58.0,38.0,Male,2.0,48216.22,5.0,8.0
9855682,6.0,72.0,57.0,Female,3.0,45933.92,6.0,9.0
122790,8.0,102.0,37.5,Unknown,2.0,25713.03,0.0,3.0
8622758,15.0,190.0,52.0,Female,2.0,140192.19,0.0,3.0
5074189,14.0,169.0,37.0,Female,2.0,70600.28,2.0,5.0
8549831,5.0,65.0,26.5,Male,2.0,45491.05,3.0,6.0
5923932,6.0,74.0,51.5,Female,4.0,86299.1,2.0,5.0
5594406,28.0,339.0,25.5,Male,2.0,42588.23,6.0,9.0
1350314,5.0,66.0,64.5,Male,2.0,74129.36,3.0,6.0
2294048,7.0,95.0,35.0,Unknown,2.0,49204.42,2.0,5.0
5906270,15.0,190.0,63.5,Unknown,2.0,337110.74,3.0,7.0
1745621,13.0,164.0,37.5,Female,2.0,69304.93,0.0,3.0
9025989,9.0,114.0,80.5,Female,2.0,50776.73,1.0,4.0
8229123,5.0,67.0,70.0,Male,3.0,333922.58,6.0,9.0
5926428,6.0,72.0,34.5,Unknown,3.0,84681.04000000001,6.0,9.0
9268104,7.0,87.0,55.0,Female,2.0,82911.45,2.0,5.0
8971733,9.0,116.0,29.0,Female,2.0,55251.02,2.0,5.0
1118699,5.0,67.0,55.0,Unknown,2.0,188055.12,4.0,7.0
8313701,5.0,71.0,63.5,Male,2.0,32125.13,2.0,5.0
6643533,15.0,189.0,43.0,Female,2.0,25762.38,1.0,4.0
5095830,8.0,100.0,45.5,Unknown,2.0,74680.31,1.0,4.0
3231553,9.0,112.0,39.0,Male,3.0,43009.86,1.0,4.0
1155076,5.0,70.0,25.0,Unknown,2.0,56940.98,0.0,3.0
6579097,11.0,143.0,71.5,Male,2.0,655980.87,3.0,6.0
3717784,4.0,59.0,54.0,Unknown,2.0,35104.369999999995,0.0,3.0
3086073,6.0,73.0,46.5,Unknown,2.0,32643.31,4.0,7.0
344840,16.0,192.0,61.0,Female,2.0,243452.52,3.0,6.0
7403538,25.0,306.0,28.5,Male,4.0,423239.42,6.0,9.0
575199,24.0,289.0,60.5,Female,2.0,43915.98,1.0,4.0
1394404,23.0,279.0,22.5,Male,2.0,44395.15,0.0,3.0
5230357,23.0,278.0,30.5,Male,2.0,61349.7,0.0,3.0
3643142,21.0,257.0,58.0,Female,2.0,24339.47,1.0,4.0
6413736,21.0,252.0,49.0,Male,2.0,134039.83000000002,0.0,3.0
1079220,19.0,238.0,39.5,Male,2.0,52658.19,0.0,4.0
1662932,18.0,226.0,42.5,Female,3.0,104228.55,6.0,9.0
4351997,18.0,221.0,44.0,Male,3.0,232528.9,2.0,5.0
2682046,4.0,59.0,21.0,Unknown,2.0,40200.05,6.0,9.0
8082495,15.0,189.0,63.0,Female,2.0,160875.5,0.0,3.0
121672,13.0,162.0,40.0,Female,2.0,40925.62,1.0,4.0
2228486,8.0,105.0,45.5,Male,2.0,148966.14,5.0,8.0
7869607,5.0,60.0,62.0,Male,2.0,30461.24,2.0,5.0
1311965,4.0,54.0,51.0,Unknown,2.0,138259.55,5.0,8.0
4203023,7.0,88.0,33.5,Unknown,2.0,65144.89,2.0,5.0
2296871,13.0,166.0,39.0,Female,2.0,79629.12,1.0,4.0
6030696,13.0,165.0,67.0,Female,2.0,70398.67,6.0,9.0
3689424,12.0,147.0,39.0,Female,2.0,81831.54000000001,2.0,5.0
7821632,6.0,73.0,25.5,Unknown,2.0,32778.25,0.0,3.0
1298961,7.0,90.0,52.0,Unknown,2.0,39007.99,0.0,3.0
6839535,16.0,193.0,40.0,Male,2.0,40890.6,5.0,8.0
2773493,11.0,138.0,53.0,Female,2.0,107131.84,0.0,3.0
3043425,4.0,58.0,21.0,Unknown,2.0,38863.15,1.0,4.0
8635406,15.0,189.0,35.5,Female,2.0,37065.38,3.0,6.0
1743096,5.0,66.0,49.5,Unknown,3.0,50659.23,4.0,7.0
3506305,8.0,106.0,50.0,Female,3.0,32897.31,2.0,5.0
274476,13.0,167.0,55.5,Male,3.0,40616.17999999999,5.0,8.0
6222741,11.0,142.0,65.5,Male,2.0,31019.96,0.0,3.0
4030233,9.0,109.0,54.0,Female,2.0,46481.36,0.0,3.0
7122738,19.0,232.0,41.0,Male,2.0,34964.399999999994,2.0,5.0
190580,7.0,90.0,72.5,Unknown,2.0,69312.73999999999,5.0,9.0
8425867,15.0,189.0,35.5,Female,2.0,101928.94,6.0,9.0
837291,5.0,67.0,30.5,Unknown,2.0,25173.81,6.0,9.0
1729282,7.0,90.0,30.5,Female,2.0,213019.56,3.0,6.0
844271,33.0,406.0,75.5,Female,2.0,191165.05,6.0,9.0
334242,24.0,298.0,46.0,Female,2.0,46044.92999999999,2.0,5.0
5211268,12.0,145.0,31.5,Male,3.0,73071.97,6.0,9.0
3815400,7.0,93.0,60.5,Unknown,2.0,30172.5,1.0,4.0
9616106,14.0,179.0,43.0,Female,2.0,65222.32,3.0,6.0
7936614,11.0,137.0,76.0,Male,2.0,123239.11,5.0,8.0
6636732,9.0,108.0,44.5,Male,2.0,95818.99,6.0,9.0
5525202,16.0,203.0,55.0,Male,3.0,693267.8300000001,5.0,9.0
6237495,12.0,145.0,37.0,Male,2.0,27517.18,0.0,3.0
3582462,11.0,142.0,42.5,Female,2.0,31912.29,1.0,4.0
3702571,16.0,195.0,57.5,Female,2.0,38339.77,5.0,8.0
332121,5.0,67.0,22.0,Unknown,2.0,48314.73,6.0,9.0
4788887,12.0,154.0,30.0,Female,2.0,64682.58,4.0,7.0
7348998,10.0,124.0,43.5,Male,2.0,76682.41,0.0,3.0
4235212,26.0,314.0,70.0,Male,2.0,287893.16,2.0,5.0
6526701,9.0,112.0,51.5,Female,2.0,45459.19,1.0,4.0
9246839,24.0,288.0,63.5,Female,2.0,31479.12,3.0,6.0
3482195,23.0,286.0,18.5,Female,2.0,55459.16,1.0,4.0
4613465,23.0,279.0,71.0,Unknown,2.0,57598.61,6.0,9.0
5179055,22.0,267.0,66.0,Female,2.0,42294.28,2.0,5.0
8560861,21.0,260.0,58.5,Female,2.0,97646.14,2.0,5.0
1230904,20.0,246.0,50.0,Male,2.0,118462.72,1.0,4.0
2024619,20.0,245.0,35.0,Male,3.0,136673.28999999998,6.0,9.0
3412302,17.0,214.0,41.0,Female,3.0,33616.21,1.0,4.0
6311942,8.0,106.0,62.5,Female,2.0,31992.0,1.0,4.0
3933968,11.0,140.0,39.0,Female,3.0,146410.22,5.0,8.0
6773240,6.0,78.0,53.0,Unknown,2.0,392217.23,6.0,9.0
2275192,5.0,68.0,41.5,Unknown,3.0,177458.51,6.0,9.0
7085828,9.0,118.0,37.5,Male,3.0,120952.38,6.0,9.0
3183399,7.0,84.0,65.5,Unknown,2.0,225926.28,5.0,8.0
6553810,6.0,82.0,63.0,Unknown,2.0,32822.23,6.0,9.0
5974125,27.0,331.0,55.0,Male,3.0,112311.14,2.0,5.0
5439077,16.0,196.0,76.5,Male,2.0,170639.46000000002,6.0,9.0
9047695,13.0,160.0,35.0,Female,3.0,72506.51999999999,5.0,8.0
1423754,5.0,61.0,63.5,Unknown,2.0,67823.16,2.0,5.0
7856894,16.0,193.0,39.5,Female,2.0,46518.24,1.0,4.0
1658340,8.0,106.0,64.5,Female,2.0,90104.47,2.0,5.0
405501,4.0,56.0,24.0,Unknown,2.0,39557.51,2.0,5.0
7883474,15.0,189.0,62.5,Male,2.0,53143.52,0.0,3.0
4756173,15.0,184.0,78.5,Female,2.0,81777.14,1.0,4.0
8465448,6.0,79.0,33.0,Unknown,2.0,57796.4,0.0,3.0
1671115,8.0,96.0,67.0,Male,2.0,138400.99,3.0,7.0
3194840,13.0,160.0,32.5,Unknown,2.0,110060.38,2.0,5.0
2417474,15.0,187.0,71.5,Male,2.0,47061.78999999999,0.0,3.0
4412028,11.0,134.0,47.5,Female,2.0,36151.58,3.0,6.0
1647068,14.0,168.0,33.5,Female,2.0,151830.76,6.0,9.0
3866523,8.0,97.0,66.5,Unknown,2.0,27753.17,0.0,3.0
7800474,6.0,76.0,46.0,Unknown,2.0,35359.88,1.0,4.0
4054320,37.0,444.0,66.5,Female,2.0,109278.06,1.0,4.0
662234,11.0,132.0,28.5,Female,2.0,38460.03,2.0,5.0
8514125,6.0,73.0,23.5,Unknown,2.0,73855.72,4.0,7.0
1363757,5.0,71.0,77.0,Female,2.0,72849.47,6.0,9.0
9152747,6.0,82.0,25.5,Unknown,2.0,45444.34,3.0,6.0
933636,6.0,83.0,48.5,Unknown,2.0,39933.5,2.0,5.0
1182939,4.0,59.0,25.0,Unknown,2.0,30703.13,5.0,8.0
1655910,9.0,116.0,62.5,Female,2.0,141285.05,3.0,6.0
855543,5.0,64.0,59.5,Unknown,2.0,69228.6,0.0,3.0
9279580,5.0,67.0,44.5,Unknown,2.0,99965.8,3.0,6.0
6098661,11.0,132.0,64.0,Female,2.0,125732.66,2.0,5.0
1064624,13.0,165.0,35.5,Female,2.0,48254.08,6.0,9.0
7409617,5.0,61.0,57.5,Unknown,2.0,31639.7,2.0,5.0
2573953,4.0,59.0,27.5,Unknown,2.0,25069.27,2.0,5.0
1250445,7.0,93.0,46.5,Unknown,2.0,161890.57,1.0,4.0
9892670,4.0,58.0,57.0,Unknown,2.0,42642.27,1.0,4.0
8331391,13.0,166.0,49.0,Male,2.0,38451.88,0.0,3.0
9135765,10.0,122.0,53.0,Male,3.0,142771.93,2.0,5.0
4082632,4.0,55.0,66.0,Unknown,2.0,38476.06,1.0,4.0
6789701,23.0,286.0,59.0,Male,2.0,48730.85,1.0,4.0
924852,9.0,118.0,25.5,Female,3.0,36771.79,1.0,4.0
1014319,5.0,60.0,22.0,Unknown,2.0,51146.61,1.0,4.0
48424,23.0,276.0,42.0,Male,3.0,240048.86,5.0,8.0
6728056,22.0,272.0,67.0,Female,2.0,129851.34,1.0,4.0
3996598,22.0,264.0,50.0,Unknown,3.0,1533905.0799999998,6.0,9.0
5767765,21.0,256.0,48.5,Male,4.0,1578233.5599999998,2.0,5.0
6245090,25.0,306.0,54.0,Female,4.0,283004.22,5.0,8.0
2415092,19.0,239.0,46.5,Male,2.0,81043.63,3.0,6.0
5112482,17.0,215.0,48.5,Male,2.0,35559.47,2.0,5.0
3986763,15.0,190.0,55.5,Male,4.0,39261.75,6.0,9.0
4418568,10.0,127.0,58.5,Male,2.0,130618.29,6.0,9.0
9099376,5.0,69.0,33.0,Unknown,2.0,36515.81,1.0,4.0
6001755,5.0,68.0,49.0,Unknown,2.0,47146.85,5.0,8.0
3718687,5.0,71.0,66.0,Female,2.0,121453.84,6.0,9.0
4039121,12.0,153.0,46.5,Unknown,2.0,77913.22,6.0,9.0
1590429,14.0,175.0,34.5,Unknown,2.0,31049.29,0.0,3.0
913238,5.0,60.0,23.5,Unknown,4.0,49566.97,6.0,9.0
6257603,7.0,87.0,43.5,Unknown,2.0,56581.17,0.0,3.0
4537316,4.0,58.0,43.0,Unknown,2.0,34026.02,2.0,5.0
4931808,4.0,57.0,51.5,Unknown,3.0,112838.72,1.0,4.0
1272103,4.0,58.0,61.5,Unknown,2.0,31357.62,4.0,7.0
7746715,10.0,130.0,25.5,Female,2.0,32940.009999999995,0.0,3.0
7391274,11.0,137.0,76.0,Male,2.0,189013.55,2.0,5.0
6879419,6.0,75.0,27.5,Unknown,2.0,37359.56,6.0,9.0
3229629,13.0,160.0,41.0,Unknown,2.0,75793.48,4.0,7.0
3385452,12.0,147.0,59.5,Male,2.0,62769.74,3.0,6.0
7377510,9.0,113.0,55.0,Female,2.0,62544.7,3.0,6.0
4192635,7.0,91.0,74.0,Unknown,2.0,276377.34,6.0,9.0
92137,6.0,73.0,24.5,Unknown,3.0,63038.48,4.0,7.0
1005225,5.0,70.0,25.0,Male,2.0,39654.0,3.0,6.0
5849595,4.0,59.0,71.0,Male,2.0,536113.11,6.0,9.0
480393,10.0,120.0,62.0,Female,3.0,132895.32,2.0,5.0
8292775,7.0,94.0,50.0,Unknown,2.0,71863.2,0.0,3.0
2237903,16.0,194.0,57.0,Male,2.0,266365.76,4.0,7.0
8996773,14.0,175.0,40.0,Male,2.0,46152.69,4.0,7.0
3873309,7.0,95.0,34.5,Unknown,2.0,49644.76,6.0,9.0
1393271,15.0,184.0,62.0,Female,2.0,33655.61,2.0,5.0
472352,6.0,73.0,42.5,Unknown,2.0,52625.67999999999,0.0,3.0
3272311,6.0,72.0,24.0,Unknown,2.0,51337.88,3.0,6.0
6440517,27.0,324.0,74.0,Female,2.0,170855.59000000003,6.0,9.0
1216815,15.0,180.0,32.0,Male,3.0,144632.44,6.0,9.0
6948219,9.0,116.0,41.5,Female,2.0,90091.69,2.0,5.0
7459993,33.0,406.0,72.0,Male,3.0,72632.85,5.0,8.0
8632606,9.0,111.0,61.5,Male,2.0,68814.93,3.0,6.0
9852887,13.0,163.0,31.0,Female,2.0,101840.55,6.0,9.0
5771284,9.0,119.0,46.5,Female,2.0,75232.5,6.0,9.0
8875061,16.0,201.0,45.0,Female,2.0,48529.14,2.0,5.0
989958,16.0,192.0,47.0,Male,2.0,78060.83,6.0,9.0
4390399,17.0,208.0,44.0,Male,2.0,75599.12,6.0,9.0
8381763,20.0,251.0,65.5,Unknown,2.0,104907.37,2.0,5.0
3190600,4.0,58.0,55.5,Unknown,2.0,35150.619999999995,0.0,3.0
3874422,7.0,90.0,24.5,Male,2.0,136674.51,6.0,9.0
2616790,19.0,233.0,49.5,Female,2.0,30201.52,0.0,3.0
9251802,6.0,74.0,23.5,Unknown,2.0,61097.68,2.0,5.0
1742730,9.0,109.0,74.5,Male,2.0,27355.49,4.0,7.0
5855363,13.0,162.0,46.5,Female,2.0,66803.66,2.0,5.0
1311900,14.0,172.0,65.5,Male,4.0,1278274.68,6.0,9.0
7967929,16.0,195.0,55.0,Male,2.0,235539.9,0.0,3.0
2844207,12.0,149.0,27.0,Male,3.0,79195.23,6.0,9.0
1454674,12.0,150.0,21.0,Male,3.0,37002.15,6.0,9.0
5741146,14.0,173.0,58.0,Male,2.0,27058.16,1.0,4.0
3508963,7.0,85.0,51.5,Unknown,2.0,440073.71,6.0,9.0
5436125,22.0,271.0,48.5,Female,2.0,33971.95,4.0,7.0
1046160,20.0,250.0,39.5,Male,3.0,75903.45999999999,6.0,9.0
8976765,16.0,202.0,41.5,Female,3.0,33748.54,3.0,6.0
5680470,14.0,178.0,67.0,Female,2.0,83872.2,6.0,9.0
4807439,13.0,157.0,66.5,Female,2.0,67146.09,3.0,6.0
1962811,8.0,96.0,28.5,Unknown,2.0,30335.6,0.0,3.0
757397,6.0,72.0,30.0,Unknown,3.0,38911.64,1.0,4.0
3833376,13.0,163.0,41.5,Female,2.0,91183.1,1.0,4.0
3668956,13.0,163.0,49.0,Female,2.0,49509.78,0.0,3.0
49998,11.0,133.0,32.0,Male,2.0,117055.89,2.0,5.0
957724,13.0,158.0,63.5,Male,2.0,23989.78,1.0,4.0
5689544,5.0,71.0,27.0,Unknown,2.0,62475.98,6.0,9.0
5219396,16.0,193.0,52.5,Male,3.0,117425.54,6.0,9.0
5404080,9.0,109.0,34.5,Unknown,2.0,31918.07,2.0,5.0
4532869,7.0,87.0,60.0,Unknown,2.0,227243.07,0.0,3.0
3864779,6.0,83.0,35.5,Unknown,3.0,74142.34,4.0,7.0
1250058,8.0,107.0,28.5,Male,2.0,62948.46,6.0,9.0
5700337,4.0,58.0,40.0,Unknown,2.0,134215.12,0.0,3.0
4213081,4.0,59.0,36.5,Unknown,2.0,37848.38,2.0,5.0
7938646,13.0,167.0,42.5,Male,2.0,47457.02,5.0,8.0
2663697,10.0,129.0,58.5,Male,2.0,62888.93,3.0,6.0
8540263,4.0,58.0,30.0,Unknown,2.0,50647.88,6.0,9.0
375834,15.0,188.0,34.0,Male,2.0,25340.11,0.0,3.0
79819,14.0,178.0,42.0,Male,2.0,1272087.54,4.0,7.0
3879549,7.0,87.0,32.5,Unknown,2.0,38711.38,2.0,5.0
7673150,6.0,75.0,46.0,Unknown,2.0,133218.86,5.0,8.0
6223874,6.0,83.0,21.5,Unknown,2.0,35694.52,3.0,6.0
6667591,8.0,104.0,69.0,Female,2.0,71388.64,2.0,6.0
8382884,3.0,39.0,58.5,Unknown,2.0,175033.3,6.0,9.0
1462526,15.0,181.0,34.0,Male,2.0,50119.19,0.0,3.0
9197259,7.0,95.0,32.5,Unknown,2.0,41162.21,1.0,4.0
7859555,13.0,167.0,66.5,Male,2.0,155725.40000000002,3.0,6.0
419610,4.0,59.0,25.0,Unknown,2.0,34918.66,4.0,7.0
2709693,28.0,336.0,59.5,Male,3.0,562492.87,5.0,8.0
1146708,16.0,192.0,46.5,Male,2.0,27690.39,3.0,6.0
2027369,8.0,100.0,47.5,Unknown,2.0,43500.82,2.0,5.0
4066643,4.0,57.0,23.0,Unknown,2.0,46992.12,1.0,4.0
387835,15.0,190.0,55.0,Female,3.0,88608.85,3.0,6.0
8276422,21.0,260.0,65.5,Male,2.0,993989.39,1.0,4.0
383674,8.0,96.0,27.5,Unknown,2.0,62299.27,1.0,4.0
2858813,6.0,73.0,53.5,Unknown,2.0,89373.58,1.0,4.0
8219637,16.0,196.0,29.5,Unknown,3.0,117348.47,3.0,7.0
2969808,5.0,69.0,23.0,Unknown,2.0,43307.67999999999,6.0,9.0
7335121,4.0,58.0,68.5,Male,2.0,33331.11,1.0,4.0
1953861,4.0,58.0,54.5,Unknown,2.0,30748.55,1.0,4.0
1011972,13.0,160.0,52.5,Female,3.0,126804.55,5.0,8.0
1159936,24.0,290.0,25.0,Male,3.0,63511.57,6.0,9.0
3480805,23.0,287.0,64.5,Male,3.0,527945.79,6.0,9.0
605382,22.0,265.0,48.0,Female,2.0,259340.49,6.0,9.0
189267,21.0,263.0,54.0,Female,2.0,35335.47,1.0,4.0
4787292,21.0,258.0,48.0,Female,2.0,35928.509999999995,4.0,7.0
8802307,18.0,227.0,77.0,Female,2.0,74511.82,3.0,6.0
6163403,16.0,198.0,67.5,Male,3.0,473070.45,4.0,7.0
8716126,14.0,169.0,31.5,Male,3.0,106293.72,1.0,4.0
1369270,9.0,111.0,28.0,Unknown,2.0,39184.0,0.0,3.0
2999469,9.0,110.0,27.0,Male,2.0,51034.26,0.0,3.0
7894102,7.0,88.0,65.0,Female,2.0,73707.11,6.0,9.0
8817528,8.0,106.0,34.0,Male,3.0,238014.46,1.0,4.0
3399501,12.0,152.0,38.5,Male,2.0,47520.07,4.0,7.0
892794,6.0,83.0,25.0,Unknown,2.0,124291.88,2.0,5.0
7784966,6.0,81.0,34.0,Unknown,2.0,40066.98,6.0,9.0
5836916,6.0,78.0,52.5,Unknown,2.0,36894.91,6.0,9.0
1957382,10.0,125.0,56.5,Female,2.0,131246.38,2.0,5.0
8624953,7.0,95.0,37.5,Unknown,2.0,52805.28,3.0,6.0
4248517,6.0,75.0,59.0,Unknown,2.0,52976.87,6.0,9.0
3819803,11.0,141.0,51.0,Female,2.0,28794.48,0.0,3.0
8891903,5.0,62.0,53.0,Male,2.0,23879.07,2.0,5.0
4374006,9.0,111.0,37.0,Female,2.0,62083.42,5.0,8.0
1733254,10.0,121.0,29.0,Female,3.0,159196.7,6.0,9.0
9519936,15.0,188.0,39.5,Female,2.0,28600.52,0.0,3.0
5790069,12.0,148.0,39.5,Male,3.0,58876.95,4.0,7.0
1891658,4.0,56.0,27.0,Male,2.0,30198.26,2.0,5.0
4087259,7.0,84.0,65.5,Unknown,2.0,36310.72,1.0,4.0
4907757,15.0,180.0,57.5,Female,3.0,103987.52,2.0,5.0
2192123,15.0,185.0,41.0,Female,2.0,33082.14,1.0,4.0
4305708,6.0,82.0,50.5,Unknown,2.0,40059.28,0.0,3.0
1332349,14.0,173.0,44.5,Female,2.0,42704.56,1.0,5.0
8430354,4.0,58.0,24.0,Unknown,2.0,64599.97,6.0,9.0
3084446,5.0,61.0,31.5,Unknown,2.0,99263.47,4.0,7.0
4275148,7.0,84.0,34.5,Unknown,2.0,92121.47,3.0,6.0
8396620,25.0,310.0,20.5,Male,4.0,38977.9,2.0,5.0
869786,5.0,68.0,59.0,Female,2.0,69476.5,6.0,9.0
8072028,4.0,58.0,59.5,Unknown,2.0,31398.74,3.0,6.0
8876250,16.0,193.0,59.0,Male,2.0,48573.89,4.0,7.0
7800199,4.0,59.0,37.5,Unknown,2.0,31495.62,0.0,3.0
8171000,9.0,109.0,53.5,Male,2.0,431812.05,3.0,6.0
7134087,13.0,167.0,56.5,Female,2.0,58850.18,3.0,6.0
6856325,7.0,86.0,64.5,Unknown,2.0,328479.21,6.0,9.0
8684880,9.0,118.0,63.5,Male,2.0,54259.91,5.0,8.0
6644346,13.0,157.0,61.0,Female,2.0,69589.59,4.0,7.0
6536409,10.0,131.0,57.5,Male,2.0,57242.47,4.0,7.0
390650,7.0,95.0,43.0,Unknown,2.0,214741.78,2.0,5.0
1974478,9.0,110.0,80.0,Male,2.0,38886.97,6.0,9.0
2206570,7.0,93.0,70.0,Unknown,2.0,50765.89,0.0,3.0
5518388,25.0,305.0,22.5,Male,3.0,52776.77,5.0,8.0
3439492,23.0,279.0,43.5,Female,2.0,38264.07,5.0,8.0
1325599,22.0,274.0,71.0,Male,2.0,249027.22,6.0,9.0
8383420,21.0,254.0,17.5,Male,3.0,44371.57,0.0,3.0
1599359,21.0,253.0,44.5,Female,2.0,200345.51,0.0,3.0
6413276,19.0,229.0,45.0,Female,3.0,65395.25,6.0,9.0
8811563,18.0,220.0,33.0,Female,2.0,66627.42,6.0,9.0
8663390,20.0,240.0,51.5,Male,3.0,1042728.62,6.0,9.0
5581468,29.0,354.0,58.0,Female,2.0,39675.94,5.0,8.0
4340466,7.0,94.0,55.0,Unknown,2.0,34768.98,6.0,9.0
8930597,10.0,125.0,63.5,Female,2.0,288119.77,1.0,4.0
8526268,4.0,57.0,59.5,Unknown,2.0,86818.19,2.0,5.0
9091585,6.0,82.0,42.0,Unknown,2.0,132233.3,6.0,9.0
1822256,12.0,149.0,58.0,Male,2.0,168348.65000000002,4.0,7.0
7918280,6.0,75.0,49.0,Female,2.0,27620.73,2.0,5.0
9783638,27.0,327.0,56.0,Male,3.0,127932.38,3.0,6.0
5676836,4.0,59.0,61.0,Unknown,2.0,39725.22,1.0,4.0
7657265,5.0,60.0,29.5,Unknown,3.0,326157.83,6.0,9.0
8588895,13.0,162.0,41.0,Female,2.0,35394.24,2.0,5.0
4729800,9.0,112.0,44.0,Male,2.0,262555.7,6.0,9.0
8244716,28.0,346.0,73.5,Male,3.0,3544460.02,6.0,9.0
7737525,23.0,285.0,49.5,Male,3.0,215667.82,5.0,8.0
9456874,8.0,97.0,60.0,Unknown,2.0,29760.27,4.0,7.0
8946434,6.0,83.0,27.0,Unknown,3.0,148969.52000000002,5.0,8.0
6355597,4.0,58.0,27.0,Unknown,2.0,51294.41,6.0,9.0
8452711,4.0,58.0,34.5,Unknown,3.0,56149.96,4.0,7.0
1152097,16.0,198.0,51.5,Male,2.0,36758.29,1.0,4.0
5797088,30.0,360.0,24.5,Female,2.0,28327.36,3.0,6.0
1246991,17.0,212.0,46.5,Male,2.0,144613.09999999998,0.0,3.0
761315,8.0,106.0,47.5,Male,2.0,72240.91,0.0,3.0
1556209,10.0,125.0,53.5,Male,2.0,78498.37,1.0,4.0
1455637,8.0,107.0,55.0,Male,2.0,42332.4,1.0,4.0
8403390,14.0,169.0,35.5,Female,2.0,31389.86,0.0,3.0
897752,4.0,58.0,23.0,Unknown,2.0,44080.37,1.0,4.0
1326458,16.0,195.0,50.0,Male,2.0,33785.25,0.0,3.0
5715005,13.0,156.0,69.0,Male,3.0,455940.17,6.0,9.0
1847671,5.0,68.0,20.0,Unknown,2.0,31262.69,3.0,6.0
6137272,15.0,182.0,54.0,Male,2.0,58761.87,5.0,8.0
8188503,28.0,336.0,66.0,Male,3.0,1298861.75,6.0,9.0
2583349,4.0,58.0,21.0,Unknown,2.0,29114.62,1.0,4.0
6033679,12.0,154.0,23.5,Male,2.0,45742.41,3.0,6.0
3332551,7.0,88.0,65.5,Unknown,2.0,96481.03,6.0,9.0
9511828,7.0,85.0,32.5,Unknown,2.0,128282.31,6.0,9.0
5425889,25.0,308.0,70.5,Male,3.0,70601.28,5.0,8.0
745711,5.0,66.0,25.5,Unknown,2.0,46197.88,6.0,9.0
8225502,5.0,68.0,18.0,Unknown,2.0,27827.46,0.0,3.0
3670387,21.0,258.0,46.5,Female,3.0,75572.29999999999,6.0,9.0
9907165,20.0,244.0,53.0,Unknown,2.0,277241.43,6.0,9.0
1851205,19.0,238.0,43.0,Male,2.0,30721.98,0.0,3.0
2328764,18.0,216.0,47.0,Male,3.0,416911.21,6.0,9.0
260727,8.0,104.0,47.5,Unknown,2.0,41109.57,4.0,7.0
2285228,6.0,82.0,49.5,Unknown,4.0,156424.59000000003,6.0,9.0
1731028,14.0,172.0,30.5,Male,4.0,34814.66,6.0,9.0
9526214,15.0,191.0,35.0,Female,2.0,151190.19,1.0,4.0
4892454,7.0,94.0,35.0,Unknown,2.0,66528.88,1.0,4.0
3815343,9.0,113.0,42.5,Female,2.0,25740.28,3.0,6.0
9570385,7.0,84.0,60.5,Unknown,2.0,62600.36,3.0,6.0
5127216,5.0,67.0,26.5,Unknown,3.0,54386.03,0.0,3.0
7996595,4.0,48.0,66.5,Male,2.0,321356.88,6.0,9.0
9295484,15.0,191.0,63.5,Female,2.0,466457.59,2.0,5.0
5012941,16.0,193.0,29.0,Female,2.0,58692.05,0.0,4.0
5740977,4.0,59.0,50.5,Unknown,2.0,62283.6,6.0,9.0
5392952,4.0,59.0,53.0,Unknown,2.0,44231.81,4.0,7.0
159823,5.0,69.0,65.5,Male,2.0,738268.03,3.0,7.0
5176307,12.0,152.0,63.0,Female,3.0,135836.97999999998,3.0,6.0
9885706,4.0,58.0,22.0,Unknown,2.0,34638.93,6.0,9.0
2189393,5.0,69.0,27.0,Male,4.0,150826.3,6.0,9.0
9733454,9.0,118.0,34.0,Female,2.0,53053.11,0.0,3.0
419807,5.0,66.0,54.0,Unknown,2.0,58421.68,5.0,8.0
1452291,13.0,158.0,52.0,Male,2.0,120600.84,1.0,4.0
6522942,15.0,184.0,49.0,Male,2.0,138090.14,3.0,6.0
7358030,12.0,153.0,30.5,Female,2.0,25032.34,3.0,6.0
4922874,4.0,59.0,63.0,Unknown,3.0,126855.94,6.0,9.0
9819676,4.0,59.0,32.0,Unknown,2.0,38483.34,4.0,7.0
8779253,9.0,119.0,64.0,Female,2.0,54050.35,2.0,5.0
8678112,7.0,84.0,61.0,Unknown,2.0,88495.85,4.0,7.0
3702457,12.0,154.0,47.5,Female,2.0,87592.01,0.0,3.0
3079172,15.0,189.0,54.0,Male,2.0,719410.7100000001,3.0,6.0
5543630,29.0,359.0,68.0,Female,4.0,395516.35,6.0,9.0
9278443,6.0,77.0,32.0,Unknown,2.0,31209.84,6.0,9.0
5743242,8.0,102.0,45.5,Male,2.0,218926.44,1.0,4.0
4879237,5.0,70.0,58.0,Female,3.0,125923.75,2.0,5.0
7471592,6.0,73.0,24.5,Male,2.0,62584.04,6.0,9.0
261325,14.0,178.0,67.0,Female,2.0,32932.04,0.0,3.0
3365362,33.0,400.0,57.0,Male,2.0,480568.65,1.0,4.0
6279829,10.0,126.0,62.5,Male,2.0,845466.3,6.0,9.0
2196962,8.0,107.0,52.5,Female,2.0,134062.06,0.0,3.0
8608653,6.0,82.0,41.5,Unknown,2.0,55816.89,2.0,5.0
8536134,5.0,71.0,70.5,Male,2.0,1212569.73,4.0,7.0
3757803,7.0,89.0,27.5,Unknown,2.0,30213.99,3.0,6.0
7979476,22.0,274.0,53.0,Female,3.0,1798128.0499999998,4.0,7.0
8040619,22.0,270.0,32.5,Female,2.0,25107.13,6.0,9.0
5992442,22.0,265.0,58.5,Male,2.0,122504.64,6.0,9.0
5160049,27.0,334.0,71.0,Male,2.0,514373.34,6.0,9.0
5211979,19.0,237.0,56.0,Female,3.0,104386.55,2.0,5.0
4532223,18.0,216.0,75.0,Male,2.0,318091.39,1.0,4.0
4364113,21.0,254.0,67.5,Female,2.0,84550.15,3.0,6.0
8151536,12.0,154.0,35.5,Female,2.0,66427.6,1.0,4.0
2824178,7.0,93.0,45.5,Unknown,2.0,40020.67,0.0,3.0
2020418,14.0,179.0,51.0,Male,2.0,40484.34,6.0,9.0
9331684,17.0,212.0,47.0,Male,2.0,32722.21,6.0,9.0
2197044,7.0,92.0,66.5,Unknown,2.0,42135.12,6.0,9.0
2278337,13.0,156.0,39.5,Male,2.0,31933.0,0.0,3.0
1598934,10.0,127.0,39.5,Male,2.0,306086.34,6.0,9.0
5475282,4.0,57.0,61.5,Female,2.0,42622.47,1.0,4.0
8859063,7.0,84.0,60.5,Unknown,2.0,152297.72,6.0,9.0
9851327,6.0,74.0,39.5,Unknown,2.0,30783.88,6.0,9.0
9069149,8.0,97.0,57.5,Unknown,3.0,206197.92,4.0,7.0
6344453,16.0,193.0,20.0,Male,2.0,28239.45,5.0,8.0
6602680,13.0,163.0,54.0,Male,2.0,29663.74,0.0,4.0
6400340,8.0,98.0,49.0,Male,2.0,175116.07,5.0,8.0
7709844,8.0,106.0,36.5,Male,2.0,60586.65,0.0,3.0
4409014,12.0,144.0,40.5,Female,5.0,211550.49,0.0,3.0
4129973,14.0,169.0,39.5,Male,3.0,216497.01,3.0,6.0
6030124,12.0,154.0,33.5,Male,2.0,83847.03,1.0,4.0
1912262,23.0,279.0,30.0,Female,2.0,125275.28,5.0,8.0
4993511,13.0,167.0,33.0,Male,2.0,141426.77000000002,0.0,3.0
6162206,15.0,181.0,53.5,Female,2.0,87983.61,2.0,5.0
7678077,4.0,58.0,44.5,Male,5.0,456404.38,6.0,9.0
5468232,3.0,39.0,45.5,Female,2.0,58890.65,4.0,7.0
3653292,6.0,72.0,19.0,Unknown,2.0,33940.72,2.0,5.0
6264028,4.0,55.0,24.0,Male,2.0,34521.29,5.0,8.0
2671459,16.0,197.0,36.0,Male,4.0,187230.34000000003,5.0,8.0
5308699,10.0,120.0,30.5,Female,3.0,78820.09,6.0,9.0
6867928,13.0,157.0,32.0,Male,2.0,61680.64,6.0,9.0
2054441,5.0,70.0,41.5,Unknown,2.0,26558.85,1.0,4.0
2135699,6.0,75.0,55.0,Male,2.0,26375.8,0.0,3.0
698440,15.0,189.0,37.5,Female,3.0,109050.82,2.0,5.0
8232713,4.0,58.0,30.5,Unknown,2.0,29610.29,0.0,3.0
8929415,4.0,59.0,48.5,Unknown,2.0,46849.38,1.0,4.0
3743045,7.0,86.0,57.0,Male,2.0,76847.57,4.0,7.0
6010269,8.0,102.0,34.5,Unknown,3.0,123386.64,6.0,9.0
9265890,15.0,180.0,49.0,Female,2.0,30475.27,2.0,5.0
4420306,5.0,71.0,23.5,Female,2.0,34248.07,6.0,9.0
4211028,7.0,87.0,59.5,Unknown,2.0,192790.06,4.0,7.0
4961256,14.0,168.0,37.5,Female,2.0,151281.82,6.0,9.0
1001849,5.0,65.0,23.0,Unknown,3.0,153683.91999999998,1.0,4.0
4174312,12.0,150.0,35.0,Female,2.0,30666.17,2.0,5.0
9990356,34.0,413.0,54.5,Female,2.0,235646.58,6.0,9.0
4497001,8.0,100.0,48.0,Unknown,2.0,57000.13,4.0,7.0
3277018,15.0,180.0,33.0,Female,2.0,61608.35,0.0,3.0
1747286,8.0,107.0,49.5,Female,2.0,60115.75,4.0,7.0
1585978,6.0,74.0,28.5,Unknown,2.0,50301.53999999999,6.0,9.0
8892860,24.0,295.0,60.5,Female,3.0,56845.25,4.0,7.0
519927,23.0,285.0,64.5,Unknown,2.0,245523.66,6.0,9.0
5337326,22.0,270.0,65.0,Male,2.0,40025.39,1.0,4.0
254266,21.0,252.0,46.5,Male,3.0,130029.07,6.0,9.0
7498356,20.0,251.0,46.0,Male,2.0,93540.77,0.0,3.0
3079521,24.0,290.0,59.0,Male,2.0,984445.39,0.0,3.0
2390274,18.0,223.0,37.0,Unknown,2.0,39558.52,4.0,7.0
1773965,17.0,206.0,50.0,Male,3.0,527638.54,4.0,7.0
7149752,16.0,194.0,53.5,Female,2.0,35770.67,2.0,5.0
8797924,8.0,106.0,57.5,Female,2.0,52256.03999999999,2.0,5.0
9402252,33.0,407.0,30.5,Female,2.0,33912.39,3.0,7.0
8692663,5.0,70.0,53.5,Unknown,2.0,33683.31,1.0,4.0
9384985,12.0,144.0,37.0,Female,2.0,45540.89,5.0,8.0
424206,4.0,58.0,43.0,Unknown,2.0,37642.28,1.0,4.0
7047486,6.0,82.0,29.5,Unknown,2.0,87959.57,3.0,6.0
4118789,8.0,96.0,71.0,Unknown,2.0,213455.42,4.0,7.0
4551995,5.0,70.0,59.5,Female,2.0,44612.77,2.0,5.0
3214839,8.0,97.0,62.5,Unknown,2.0,334841.51,3.0,6.0
5176605,5.0,60.0,26.5,Unknown,2.0,30447.54,1.0,4.0
1252784,11.0,132.0,60.0,Female,2.0,24055.86,0.0,3.0
6517968,14.0,171.0,38.0,Male,2.0,91312.82,3.0,6.0
6954996,8.0,103.0,45.5,Unknown,2.0,39183.37,1.0,4.0
5580617,12.0,147.0,34.0,Male,3.0,151965.02000000002,1.0,5.0
5813552,12.0,146.0,28.5,Female,2.0,25830.44,6.0,9.0
9725005,15.0,183.0,39.5,Male,3.0,327227.36,2.0,5.0
2749187,12.0,147.0,42.5,Female,2.0,23792.38,0.0,3.0
7587456,4.0,58.0,35.0,Unknown,2.0,43335.76,2.0,5.0
7305408,12.0,153.0,34.5,Male,3.0,118884.08,6.0,9.0
1545297,15.0,189.0,51.0,Male,2.0,80130.85,1.0,4.0
9263439,17.0,210.0,63.0,Female,2.0,170251.68,4.0,7.0
9770830,4.0,49.0,23.0,Unknown,2.0,24282.78,4.0,7.0
4530868,13.0,157.0,46.0,Male,2.0,31198.62,1.0,4.0
2139373,15.0,188.0,72.0,Female,2.0,33799.44,0.0,3.0
8810127,7.0,91.0,60.0,Unknown,2.0,283245.63,2.0,5.0
2209554,8.0,104.0,68.0,Female,2.0,29929.2,1.0,4.0
9164959,17.0,208.0,70.0,Female,2.0,87372.0,3.0,6.0
1616899,14.0,178.0,33.5,Female,2.0,68620.11,2.0,5.0
3735869,14.0,168.0,32.0,Female,2.0,31526.6,6.0,9.0
9633168,10.0,123.0,66.0,Unknown,2.0,37443.84,2.0,5.0
9179900,9.0,114.0,43.0,Male,2.0,358225.35,6.0,9.0
1227135,6.0,74.0,63.0,Male,2.0,102811.72,6.0,9.0
6210251,12.0,146.0,27.0,Female,3.0,93836.87,4.0,7.0
3515059,15.0,189.0,38.0,Male,2.0,237613.85,0.0,3.0
2468250,7.0,85.0,30.0,Unknown,2.0,56092.17999999999,2.0,5.0
8133621,10.0,122.0,57.0,Female,2.0,39286.79,4.0,7.0
417123,13.0,159.0,49.0,Female,2.0,197804.38,1.0,5.0
2542139,8.0,99.0,35.0,Unknown,2.0,48354.75,0.0,3.0
4539664,17.0,214.0,58.0,Female,2.0,272996.6,2.0,5.0
378319,14.0,178.0,49.0,Male,2.0,96666.54,4.0,7.0
583825,5.0,67.0,51.0,Unknown,3.0,33428.14,5.0,8.0
1442875,24.0,297.0,52.5,Female,2.0,56930.04,1.0,5.0
2166089,22.0,269.0,45.5,Male,3.0,71654.31,5.0,8.0
5941895,21.0,252.0,39.5,Female,2.0,116765.52,2.0,5.0
2471812,21.0,252.0,48.5,Female,2.0,32579.24,1.0,4.0
5580694,18.0,217.0,52.5,Male,2.0,51187.92999999999,0.0,3.0
7390059,16.0,197.0,36.0,Male,3.0,763918.5900000001,6.0,9.0
571600,15.0,190.0,26.5,Female,2.0,79008.07,4.0,7.0
7944759,5.0,70.0,26.5,Male,3.0,94903.63,6.0,9.0
9368220,13.0,166.0,44.5,Male,2.0,55226.83,4.0,7.0
292165,16.0,199.0,71.5,Female,2.0,60941.71,1.0,4.0
9046246,4.0,59.0,19.0,Unknown,2.0,36646.44,2.0,5.0
7440378,6.0,82.0,50.0,Unknown,3.0,75806.7,6.0,9.0
4327657,12.0,148.0,72.5,Male,2.0,221633.38,4.0,7.0
9082476,12.0,150.0,42.0,Male,2.0,117855.61,0.0,3.0
7598836,6.0,78.0,30.5,Unknown,3.0,57384.27,6.0,9.0
1488884,10.0,131.0,55.5,Female,2.0,78304.09,6.0,9.0
2291205,12.0,148.0,47.0,Female,2.0,36417.77,5.0,8.0
4799604,5.0,71.0,36.0,Male,2.0,79199.18,5.0,8.0
8042509,6.0,83.0,65.5,Unknown,2.0,397625.76,3.0,6.0
447329,5.0,68.0,23.0,Male,2.0,53528.87,4.0,7.0
6740416,26.0,322.0,65.5,Female,2.0,173353.5,4.0,7.0
5841664,8.0,96.0,70.0,Unknown,2.0,54711.34,6.0,9.0
7733877,6.0,78.0,54.0,Female,2.0,54233.26,3.0,6.0
4152089,4.0,56.0,79.0,Female,2.0,189555.29,0.0,4.0
7293345,9.0,119.0,28.5,Female,2.0,70803.03,0.0,3.0
6552010,7.0,96.0,44.5,Unknown,2.0,55593.51,3.0,6.0
809658,5.0,66.0,32.5,Unknown,2.0,31792.3,2.0,5.0
7342600,11.0,136.0,40.0,Male,2.0,83351.61,6.0,9.0
4327419,6.0,81.0,28.5,Unknown,2.0,33035.759999999995,1.0,4.0
9308046,7.0,86.0,71.0,Unknown,2.0,481859.35,2.0,5.0
873869,10.0,121.0,27.0,Unknown,3.0,178109.46000000002,5.0,8.0
6285761,11.0,142.0,38.0,Female,2.0,100672.6,2.0,5.0
2847543,6.0,82.0,27.5,Unknown,2.0,60982.02,1.0,4.0
6649052,6.0,80.0,66.5,Unknown,2.0,44566.06,6.0,9.0
3563175,5.0,60.0,32.0,Male,2.0,49669.22,6.0,9.0
561636,14.0,174.0,57.0,Female,2.0,28602.84,3.0,6.0
8945047,6.0,78.0,56.0,Unknown,3.0,39853.56,3.0,6.0
3361788,6.0,75.0,52.0,Unknown,2.0,40894.4,2.0,5.0
4806523,4.0,58.0,55.5,Unknown,2.0,68925.76999999999,4.0,7.0
1943018,10.0,130.0,64.0,Female,2.0,55377.58,6.0,9.0
3182963,15.0,182.0,44.5,Female,2.0,52814.32,0.0,3.0
9763533,13.0,160.0,32.0,Female,3.0,251167.02,0.0,3.0
2354616,14.0,168.0,45.0,Male,2.0,147352.09999999998,5.0,8.0
751629,5.0,69.0,52.5,Unknown,2.0,40685.17999999999,3.0,6.0
1283432,12.0,154.0,44.0,Female,2.0,24499.52,0.0,3.0
3983350,6.0,73.0,48.5,Male,3.0,456942.78,6.0,9.0
7398308,14.0,178.0,54.0,Male,2.0,52860.36,6.0,9.0
7183284,5.0,64.0,57.5,Unknown,2.0,90098.77,4.0,7.0
5052088,13.0,156.0,22.5,Female,3.0,41843.71,2.0,5.0
1938493,23.0,285.0,32.0,Male,2.0,49890.07,6.0,9.0
3291122,22.0,274.0,21.5,Female,3.0,40627.53,6.0,9.0
7495294,22.0,274.0,45.0,Female,2.0,75532.33,3.0,6.0
9512133,22.0,269.0,28.0,Male,2.0,26828.53,1.0,5.0
8627381,22.0,267.0,63.5,Male,2.0,65958.28,4.0,7.0
526415,21.0,255.0,55.0,Male,2.0,29903.13,0.0,3.0
5433735,21.0,252.0,69.5,Male,2.0,102321.71,6.0,9.0
8747032,20.0,249.0,44.5,Female,3.0,94585.74,2.0,5.0
7559997,3.0,40.0,41.0,Male,2.0,134297.08000000002,1.0,4.0
7450269,14.0,168.0,43.0,Female,2.0,509353.22,2.0,5.0
7132575,14.0,175.0,76.5,Female,2.0,229393.64,2.0,5.0
1174625,4.0,58.0,52.5,Unknown,2.0,125461.83,1.0,4.0
8944185,10.0,123.0,28.5,Male,2.0,135267.74,5.0,8.0
7138054,6.0,72.0,56.0,Unknown,2.0,58286.61,1.0,4.0
3703729,15.0,182.0,59.5,Female,2.0,47855.23,1.0,4.0
5514367,16.0,193.0,52.5,Male,2.0,103656.51,6.0,9.0
5375087,15.0,191.0,65.5,Male,3.0,70573.73,6.0,9.0
6167777,9.0,110.0,61.5,Male,2.0,57709.58,0.0,3.0
5597312,5.0,62.0,74.0,Unknown,2.0,155464.83000000002,3.0,6.0
4784980,6.0,72.0,61.5,Female,2.0,141251.45,3.0,6.0
6647568,4.0,58.0,29.0,Unknown,2.0,30577.23,1.0,4.0
6217377,14.0,178.0,33.5,Male,2.0,65798.56,3.0,6.0
1522042,14.0,176.0,54.5,Male,2.0,32953.17,3.0,6.0
7720386,8.0,106.0,52.5,Male,2.0,75831.75,2.0,5.0
7601293,8.0,107.0,28.5,Male,3.0,209029.86,6.0,9.0
3575463,14.0,174.0,56.5,Male,2.0,218524.33,3.0,6.0
2191853,28.0,342.0,72.0,Male,2.0,644158.81,4.0,7.0
6941692,16.0,193.0,30.0,Female,2.0,60497.51,3.0,6.0
2604064,5.0,64.0,27.5,Unknown,2.0,45043.52,3.0,6.0
3429875,15.0,191.0,87.0,Male,2.0,96235.2,1.0,4.0
4905102,19.0,238.0,48.0,Male,2.0,26036.26,1.0,4.0
8685434,9.0,109.0,32.5,Male,2.0,111925.94,2.0,5.0
1982824,13.0,161.0,32.5,Female,4.0,313353.45,6.0,9.0
3782928,9.0,109.0,32.5,Male,3.0,278666.38,5.0,8.0
9466623,16.0,192.0,58.5,Male,2.0,29368.09,0.0,3.0
9147228,13.0,158.0,44.0,Female,2.0,41440.59,0.0,3.0
826542,14.0,178.0,68.5,Male,2.0,87715.57,1.0,4.0
6897014,6.0,82.0,61.0,Unknown,2.0,58387.34,3.0,6.0
400082,9.0,115.0,36.5,Male,3.0,143458.32,6.0,9.0
3371006,13.0,166.0,70.0,Male,3.0,277469.34,3.0,8.0
4766428,7.0,95.0,66.5,Unknown,3.0,143890.5,5.0,8.0
9707493,9.0,111.0,66.0,Female,2.0,58597.33,3.0,6.0
5001736,11.0,142.0,72.5,Female,2.0,209686.26,3.0,6.0
7541813,5.0,60.0,53.0,Unknown,3.0,133354.44,2.0,5.0
5283341,14.0,171.0,35.0,Female,2.0,78507.79999999999,6.0,9.0
5007479,6.0,79.0,29.0,Unknown,2.0,51140.25,1.0,4.0
3976933,11.0,139.0,30.5,Male,3.0,134954.78999999998,6.0,9.0
3812799,22.0,275.0,35.0,Male,2.0,145457.84999999998,0.0,3.0
6271257,22.0,269.0,54.5,Male,3.0,4520925.83,6.0,9.0
7623574,21.0,252.0,34.5,Female,2.0,268052.61,5.0,8.0
3793824,4.0,58.0,63.0,Unknown,2.0,54476.06,6.0,9.0
7057041,12.0,149.0,62.5,Male,2.0,377253.83,2.0,5.0
2612292,6.0,80.0,44.5,Unknown,2.0,114423.14,1.0,4.0
1190476,6.0,73.0,57.0,Unknown,2.0,41766.58,1.0,4.0
1533558,9.0,108.0,66.5,Female,4.0,521610.79,4.0,7.0
7935734,6.0,74.0,28.0,Unknown,2.0,28140.78,1.0,4.0
259424,17.0,205.0,45.0,Male,2.0,79017.69,2.0,5.0
700961,6.0,81.0,60.0,Unknown,2.0,99393.46,1.0,4.0
8073475,6.0,82.0,18.5,Unknown,2.0,44912.22,6.0,9.0
9426031,15.0,186.0,80.5,Male,2.0,203587.23,2.0,5.0
99149,12.0,150.0,35.5,Female,2.0,87226.92,6.0,9.0
4016160,12.0,151.0,35.5,Male,2.0,51318.55,0.0,3.0
3467126,5.0,67.0,24.0,Male,2.0,27862.57,0.0,3.0
6874702,8.0,97.0,59.0,Unknown,2.0,300509.81,6.0,9.0
260336,11.0,133.0,57.5,Unknown,2.0,28307.16,1.0,4.0
3798528,5.0,71.0,58.0,Unknown,2.0,63429.62,1.0,4.0
9107291,10.0,123.0,37.0,Female,3.0,196388.74,5.0,8.0
2579776,3.0,47.0,54.5,Unknown,2.0,24844.87,1.0,4.0
3695644,7.0,85.0,22.0,Male,2.0,114479.43,6.0,9.0
3336510,15.0,180.0,58.0,Male,2.0,100911.07,6.0,9.0
4026126,4.0,58.0,20.5,Unknown,2.0,44197.36,6.0,9.0
8690213,8.0,102.0,32.5,Unknown,2.0,40295.95,2.0,5.0
4633561,6.0,72.0,28.5,Unknown,2.0,60804.05,6.0,9.0
5444203,7.0,86.0,57.0,Male,2.0,189497.09000000003,4.0,8.0
5507530,5.0,69.0,27.0,Unknown,3.0,58578.81,3.0,6.0
9251017,16.0,194.0,36.0,Male,2.0,61699.03,4.0,7.0
6131423,8.0,105.0,72.5,Female,2.0,107378.03,3.0,6.0
1249423,12.0,153.0,59.0,Female,2.0,64389.23,5.0,8.0
8485558,12.0,154.0,47.5,Male,2.0,35805.41,2.0,5.0
7612773,6.0,72.0,48.5,Unknown,3.0,235592.09000000003,4.0,7.0
4682715,4.0,59.0,37.5,Female,2.0,35566.3,2.0,5.0
7830939,4.0,59.0,66.5,Male,2.0,31900.49,3.0,6.0
1008574,21.0,261.0,68.0,Male,3.0,872905.9400000001,6.0,9.0
2051216,21.0,261.0,58.0,Male,3.0,169812.87,2.0,5.0
2938798,20.0,251.0,34.5,Male,2.0,41331.19,0.0,3.0
4669997,20.0,249.0,68.5,Female,2.0,68019.1,3.0,6.0
4282147,20.0,243.0,47.0,Male,3.0,1111647.22,1.0,4.0
8494729,18.0,216.0,41.5,Female,4.0,555315.4400000001,1.0,4.0
7512804,16.0,201.0,43.0,Female,2.0,23805.89,0.0,3.0
567050,9.0,113.0,57.5,Female,2.0,53481.41,2.0,5.0
7973780,28.0,339.0,73.0,Male,3.0,171452.11,6.0,9.0
5002076,6.0,76.0,70.0,Unknown,2.0,74096.19,3.0,6.0
2193220,8.0,97.0,48.5,Male,2.0,236867.21,4.0,8.0
7293063,9.0,118.0,42.5,Female,2.0,75902.91,0.0,3.0
527708,15.0,189.0,62.0,Male,2.0,111573.07,6.0,9.0
7425904,7.0,95.0,32.5,Unknown,2.0,39799.35,6.0,9.0
904711,11.0,142.0,49.0,Female,2.0,37357.94,4.0,7.0
8552493,8.0,101.0,22.5,Unknown,3.0,65104.97,4.0,7.0
5827480,10.0,126.0,39.0,Female,2.0,313739.29,1.0,4.0
6800684,15.0,191.0,68.5,Female,2.0,57032.58,2.0,5.0
4323886,13.0,156.0,59.5,Female,3.0,116522.88,6.0,9.0
6397827,12.0,146.0,52.5,Male,2.0,59771.78,6.0,9.0
1868610,7.0,95.0,28.5,Unknown,2.0,57418.65,6.0,9.0
4928855,8.0,107.0,62.0,Female,2.0,31147.76,1.0,4.0
2411415,5.0,70.0,35.5,Unknown,3.0,27176.76,2.0,5.0
3486040,8.0,100.0,26.5,Unknown,2.0,28159.11,0.0,3.0
3251101,6.0,73.0,26.5,Unknown,2.0,35066.16,5.0,8.0
8646648,24.0,288.0,61.0,Female,2.0,59151.42,4.0,7.0
8471730,12.0,146.0,57.5,Male,3.0,763924.18,5.0,8.0
7170897,7.0,95.0,63.5,Unknown,2.0,29592.72,6.0,9.0
1335481,7.0,89.0,56.0,Unknown,2.0,46408.03,1.0,4.0
9051453,7.0,90.0,59.5,Unknown,2.0,65899.54000000001,1.0,5.0
3173168,4.0,54.0,23.5,Male,2.0,44310.45,1.0,4.0
8947692,8.0,106.0,30.0,Female,2.0,27865.22,0.0,3.0
1298248,12.0,145.0,26.5,Unknown,2.0,41880.62,1.0,4.0
6682361,8.0,104.0,59.0,Male,2.0,201069.41,2.0,6.0
4739368,13.0,158.0,62.0,Male,2.0,88997.53,1.0,4.0
8847444,11.0,137.0,28.5,Male,2.0,35523.44,1.0,4.0
3753816,7.0,86.0,31.5,Unknown,2.0,59853.7,0.0,3.0
5974323,7.0,85.0,20.5,Unknown,2.0,29918.04,2.0,5.0
5889494,14.0,172.0,59.0,Female,3.0,323597.46,2.0,5.0
933462,5.0,65.0,61.5,Female,2.0,91477.64,6.0,9.0
2645531,4.0,58.0,25.5,Unknown,2.0,37301.58,6.0,9.0
6958917,5.0,71.0,30.0,Unknown,2.0,48231.89,1.0,4.0
2838328,14.0,175.0,48.0,Female,2.0,124297.01,3.0,6.0
781384,8.0,105.0,50.0,Male,2.0,35131.98,4.0,7.0
4303434,26.0,316.0,83.0,Male,2.0,178880.59999999998,6.0,9.0
3620520,18.0,220.0,65.0,Male,2.0,185832.74,1.0,4.0
5233429,9.0,110.0,58.0,Female,2.0,526366.09,4.0,7.0
4447050,14.0,176.0,64.0,Female,2.0,78083.75,0.0,3.0
8321659,11.0,142.0,22.0,Male,2.0,41079.59,2.0,5.0
530396,11.0,138.0,56.0,Female,2.0,107818.86,3.0,6.0
626263,4.0,58.0,44.5,Unknown,2.0,47696.7,6.0,9.0
3570669,5.0,64.0,23.0,Unknown,2.0,25264.59,3.0,6.0
5246819,5.0,61.0,30.0,Unknown,2.0,30772.15,0.0,3.0
9848708,24.0,299.0,50.5,Male,2.0,356956.07,6.0,9.0
6650453,24.0,288.0,53.0,Unknown,2.0,32877.86,1.0,4.0
9532529,23.0,281.0,25.5,Male,2.0,61120.24,0.0,3.0
1263756,21.0,253.0,39.5,Male,3.0,217693.01,2.0,5.0
1384394,19.0,238.0,77.0,Female,2.0,84554.48999999999,2.0,5.0
2222297,18.0,227.0,51.0,Female,2.0,112392.28,2.0,5.0
5946529,17.0,215.0,40.0,Male,3.0,30746.92,4.0,7.0
7122703,5.0,64.0,23.5,Unknown,3.0,32337.34,1.0,4.0
4238007,6.0,80.0,70.5,Unknown,2.0,34592.91,2.0,5.0
7591493,5.0,70.0,36.5,Unknown,2.0,31330.85,1.0,4.0
2195412,5.0,70.0,31.0,Unknown,2.0,64821.5,4.0,7.0
1585178,6.0,80.0,29.0,Unknown,3.0,117279.18,6.0,9.0
2529383,5.0,64.0,22.0,Unknown,2.0,75713.93,5.0,8.0
6196918,5.0,67.0,36.5,Unknown,2.0,40517.2,1.0,4.0
3497494,9.0,119.0,67.5,Male,3.0,454220.4,6.0,9.0
8000863,9.0,117.0,50.0,Female,2.0,28525.41,0.0,3.0
5013359,12.0,150.0,66.0,Male,2.0,1559260.15,6.0,9.0
9479474,8.0,107.0,36.0,Female,2.0,57649.19,6.0,9.0
1636131,5.0,64.0,56.5,Female,2.0,412553.76,1.0,4.0
7270311,30.0,370.0,54.5,Female,3.0,367014.36,0.0,3.0
8806177,16.0,195.0,44.0,Male,2.0,38745.9,1.0,4.0
2293046,13.0,160.0,38.5,Male,2.0,24304.83,4.0,7.0
5484704,6.0,82.0,25.5,Unknown,2.0,25712.08,4.0,7.0
7365874,27.0,333.0,68.0,Male,2.0,56790.93,2.0,5.0
4229918,5.0,61.0,65.0,Female,2.0,100973.26,6.0,9.0
2906777,15.0,183.0,71.5,Female,2.0,298574.0,2.0,5.0
1353909,6.0,82.0,32.0,Unknown,3.0,46776.96,1.0,4.0
9244940,4.0,59.0,19.0,Unknown,2.0,31788.99,1.0,4.0
8995925,7.0,91.0,61.0,Unknown,3.0,126548.99,6.0,9.0
3278440,13.0,157.0,55.5,Male,2.0,45970.2,1.0,4.0
4085199,10.0,121.0,33.5,Female,2.0,51171.17999999999,3.0,6.0
6254134,11.0,139.0,32.0,Male,3.0,113196.27,6.0,9.0
1253084,12.0,154.0,75.0,Unknown,2.0,213786.59000000003,5.0,8.0
599602,9.0,108.0,67.5,Female,2.0,108981.46,2.0,5.0
9387746,21.0,257.0,42.0,Female,2.0,24348.27,1.0,4.0
7079712,4.0,59.0,34.5,Unknown,2.0,31346.45,4.0,7.0
2190311,7.0,84.0,31.5,Unknown,2.0,52936.01,3.0,6.0
7476602,17.0,204.0,58.0,Female,4.0,64023.21,4.0,7.0
5806786,6.0,76.0,38.5,Unknown,2.0,37389.66,0.0,3.0
9783064,5.0,60.0,33.5,Unknown,2.0,44529.16,2.0,5.0
4357728,7.0,90.0,23.0,Unknown,3.0,60587.85,6.0,9.0
477588,4.0,56.0,65.5,Unknown,2.0,365815.66,6.0,9.0
7261624,5.0,64.0,26.5,Unknown,2.0,38022.95,6.0,9.0
2073265,8.0,98.0,61.0,Unknown,2.0,171315.59999999998,5.0,8.0
2267895,28.0,337.0,27.5,Female,3.0,72245.5,6.0,9.0
9663593,12.0,151.0,26.5,Male,2.0,44811.08,6.0,9.0
5477656,10.0,122.0,54.0,Male,2.0,24706.77,1.0,4.0
1814147,13.0,159.0,41.5,Male,2.0,133062.37,2.0,5.0
2624205,6.0,83.0,67.5,Unknown,2.0,30066.15,5.0,8.0
9415388,16.0,199.0,61.0,Male,2.0,76858.92,6.0,9.0
3584557,25.0,306.0,21.5,Male,3.0,43582.45,5.0,8.0
6598688,22.0,265.0,56.5,Female,3.0,25997.84,2.0,5.0
8831077,21.0,262.0,45.5,Female,3.0,54096.0,3.0,6.0
3280959,20.0,249.0,50.0,Female,4.0,90876.26,6.0,9.0
5844233,19.0,234.0,61.0,Female,2.0,57930.19,0.0,3.0
4301480,18.0,226.0,59.5,Male,3.0,282004.49,6.0,9.0
5062783,17.0,213.0,43.5,Unknown,2.0,70118.38,2.0,5.0
3766674,10.0,123.0,33.5,Female,4.0,37851.13,6.0,9.0
5640288,13.0,161.0,32.5,Female,2.0,145173.31,2.0,5.0
442320,6.0,73.0,55.5,Unknown,3.0,113874.87,1.0,4.0
2852913,5.0,61.0,50.5,Unknown,2.0,205651.22,2.0,5.0
196103,6.0,78.0,30.5,Unknown,2.0,42507.65,3.0,6.0
562427,5.0,60.0,74.5,Unknown,2.0,124510.69,4.0,7.0
9843769,13.0,160.0,42.0,Female,3.0,132293.19,6.0,9.0
3773614,12.0,148.0,46.5,Male,3.0,132872.87,6.0,9.0
4034134,7.0,91.0,55.0,Unknown,2.0,140606.69,0.0,3.0
6516677,8.0,96.0,29.0,Unknown,3.0,36339.96,6.0,9.0
200352,34.0,418.0,71.5,Unknown,2.0,198643.7,6.0,9.0
6637243,8.0,101.0,49.0,Unknown,3.0,358471.88,6.0,9.0
8005464,4.0,58.0,61.0,Unknown,2.0,32284.0,1.0,4.0
3853105,16.0,202.0,55.5,Male,3.0,729512.8400000001,6.0,9.0
8932996,14.0,178.0,64.0,Female,2.0,34540.27,4.0,7.0
1513728,5.0,68.0,56.0,Female,2.0,95023.73,6.0,9.0
9567943,6.0,74.0,37.5,Unknown,2.0,28530.64,0.0,4.0
1282734,14.0,178.0,33.5,Female,2.0,127654.95,1.0,4.0
9142027,5.0,67.0,53.0,Female,2.0,133083.53,3.0,6.0
4732760,33.0,407.0,79.5,Female,2.0,51828.12,5.0,8.0
8321201,3.0,46.0,24.5,Unknown,2.0,37916.25,0.0,3.0
3392630,7.0,90.0,24.0,Unknown,3.0,77230.44,3.0,6.0
9924657,11.0,138.0,40.5,Female,2.0,178568.15999999997,1.0,4.0
6595516,14.0,173.0,61.5,Female,2.0,47514.67,6.0,9.0
3034075,14.0,177.0,41.0,Female,2.0,31077.07,0.0,3.0
3337439,4.0,59.0,55.5,Unknown,2.0,31629.33,0.0,3.0
6277863,8.0,96.0,65.5,Unknown,3.0,105435.27,3.0,6.0
4989258,7.0,93.0,59.5,Unknown,2.0,48022.16,6.0,9.0
2985225,11.0,135.0,22.5,Male,2.0,132659.14,6.0,9.0
6196705,6.0,72.0,44.5,Unknown,2.0,66119.5,1.0,4.0
8279508,7.0,88.0,46.0,Unknown,4.0,45679.13,6.0,9.0
5794796,15.0,189.0,38.5,Male,2.0,55331.28,6.0,9.0
4176118,17.0,207.0,50.0,Female,2.0,35339.98,4.0,7.0
1081417,9.0,109.0,32.0,Female,3.0,32304.11,6.0,9.0
7841705,16.0,194.0,53.0,Male,2.0,124372.01,3.0,6.0
6118019,6.0,74.0,62.0,Unknown,2.0,173567.02000000002,3.0,6.0
4566888,14.0,169.0,62.0,Male,2.0,201804.62,6.0,9.0
6902355,7.0,89.0,33.0,Unknown,2.0,62383.68,6.0,9.0
9426272,3.0,40.0,55.5,Unknown,2.0,51627.78999999999,2.0,5.0
2536817,10.0,120.0,48.5,Male,2.0,37308.93,6.0,9.0
4738551,7.0,90.0,72.0,Unknown,2.0,36655.11,6.0,9.0
8072671,8.0,106.0,67.0,Female,2.0,90858.31,5.0,8.0
3197585,5.0,69.0,41.0,Unknown,3.0,152896.75,6.0,9.0
3364339,12.0,152.0,57.0,Male,2.0,30900.86,3.0,6.0
486527,19.0,236.0,46.0,Unknown,3.0,64162.23,1.0,4.0
3754736,23.0,276.0,75.0,Unknown,3.0,1289920.84,2.0,6.0
3399635,22.0,274.0,53.5,Male,3.0,547172.8200000001,6.0,9.0
6513675,22.0,268.0,54.0,Male,2.0,118544.22,6.0,9.0
8639638,21.0,256.0,63.0,Female,3.0,521593.47,5.0,8.0
6800257,20.0,250.0,54.0,Female,2.0,311587.9,0.0,3.0
9401593,20.0,241.0,37.5,Female,3.0,230708.81,1.0,4.0
2601296,20.0,241.0,37.0,Male,2.0,54168.98,5.0,8.0
9369945,18.0,221.0,54.0,Unknown,2.0,62997.35,4.0,7.0
8621189,17.0,209.0,36.0,Male,3.0,119760.96,6.0,9.0
3998952,13.0,167.0,36.0,Male,3.0,157238.65999999997,6.0,9.0
613884,12.0,153.0,45.0,Female,2.0,36398.81,1.0,4.0
8763414,13.0,164.0,58.0,Male,2.0,411857.97,1.0,4.0
4687224,9.0,113.0,60.0,Female,2.0,1205139.0799999998,2.0,5.0
32521,14.0,174.0,57.5,Female,2.0,71650.0,3.0,6.0
9496019,6.0,82.0,52.0,Unknown,2.0,55186.39,0.0,3.0
4316349,6.0,82.0,37.0,Unknown,2.0,35054.36,0.0,3.0
7804929,12.0,150.0,35.0,Female,4.0,36376.52,6.0,9.0
5840984,9.0,118.0,72.0,Male,2.0,91449.71,3.0,6.0
5586031,8.0,103.0,34.0,Unknown,2.0,49052.83,0.0,3.0
5576669,11.0,140.0,40.5,Female,2.0,109554.63,4.0,7.0
4127282,29.0,358.0,79.5,Female,2.0,38022.45,1.0,4.0
4687902,14.0,171.0,50.5,Unknown,2.0,94592.93,2.0,5.0
5112619,13.0,162.0,40.5,Female,3.0,96593.63,6.0,9.0
1246293,5.0,71.0,21.0,Unknown,2.0,33995.27,6.0,9.0
9244920,13.0,165.0,35.5,Male,2.0,39905.17,5.0,8.0
718189,12.0,154.0,55.0,Male,2.0,58946.3,0.0,3.0
1324779,6.0,74.0,34.0,Male,3.0,89672.34999999999,6.0,9.0
6316820,5.0,67.0,26.0,Unknown,2.0,25107.02,6.0,9.0
7357494,12.0,154.0,63.0,Male,2.0,73816.07,1.0,4.0
9444621,15.0,186.0,40.5,Female,2.0,32575.13,3.0,6.0
6729043,15.0,182.0,57.5,Male,2.0,35302.17,6.0,9.0
7992263,10.0,125.0,28.0,Female,2.0,141480.52000000002,1.0,4.0
6930566,24.0,293.0,72.0,Male,4.0,121178.75,6.0,9.0
4499260,7.0,92.0,61.0,Unknown,3.0,110105.38,3.0,6.0
4923176,4.0,58.0,54.0,Unknown,2.0,144662.22,4.0,7.0
4003363,6.0,78.0,43.5,Unknown,2.0,44921.53999999999,2.0,5.0
2005283,4.0,56.0,30.5,Unknown,2.0,31040.62,2.0,5.0
9047167,8.0,106.0,59.5,Female,2.0,44196.63,0.0,3.0
4747144,15.0,186.0,49.0,Female,2.0,98301.03,6.0,9.0
5793876,3.0,43.0,44.5,Unknown,3.0,39709.2,4.0,7.0
3802015,15.0,188.0,38.5,Female,2.0,35532.72,1.0,4.0
6788339,13.0,165.0,30.0,Male,2.0,1224028.27,2.0,5.0
4455914,15.0,183.0,57.5,Female,3.0,93412.94,6.0,9.0
1817407,5.0,71.0,20.5,Unknown,2.0,56549.03,4.0,7.0
5569364,28.0,336.0,51.5,Male,3.0,217561.93,6.0,9.0
8038015,7.0,95.0,23.5,Unknown,2.0,31523.05,1.0,4.0
2570257,11.0,143.0,64.0,Female,2.0,347319.06,4.0,7.0
7887156,26.0,318.0,72.5,Male,3.0,2598303.8,3.0,6.0
6555644,5.0,71.0,39.5,Unknown,2.0,38939.41,1.0,4.0
620994,15.0,183.0,22.0,Female,2.0,41982.3,1.0,4.0
2552287,13.0,158.0,44.5,Female,3.0,271461.47,2.0,5.0
1174070,27.0,324.0,65.5,Male,3.0,149788.49,6.0,9.0
9646248,23.0,279.0,72.0,Male,4.0,1987622.79,0.0,7.0
4424908,20.0,247.0,62.5,Female,2.0,55097.16,1.0,4.0
8887279,6.0,78.0,42.0,Unknown,2.0,209904.25,1.0,4.0
5972196,11.0,142.0,31.5,Female,2.0,107139.88,3.0,6.0
8765921,6.0,77.0,35.0,Unknown,2.0,57737.26,6.0,9.0
4487758,15.0,191.0,65.5,Female,2.0,58217.0,0.0,4.0
6972171,8.0,96.0,28.5,Unknown,5.0,909744.74,5.0,8.0
2354893,4.0,59.0,56.0,Unknown,2.0,56030.61,4.0,7.0
6702809,27.0,324.0,58.0,Female,2.0,235931.34000000003,2.0,5.0
7674299,4.0,58.0,61.5,Male,2.0,31931.74,6.0,9.0
6521348,13.0,164.0,66.0,Male,2.0,54064.98,3.0,6.0
6778936,12.0,150.0,35.5,Male,2.0,46676.7,2.0,5.0
7356517,7.0,87.0,33.0,Unknown,2.0,49407.96,2.0,5.0
4501679,5.0,63.0,23.5,Female,3.0,48051.46,6.0,9.0
4315438,5.0,68.0,32.0,Female,2.0,86957.82,6.0,9.0
2114773,9.0,112.0,36.5,Male,3.0,35476.67,0.0,3.0
9503630,14.0,170.0,49.5,Male,2.0,115916.13,5.0,8.0
8051768,7.0,85.0,44.0,Unknown,2.0,23935.79,0.0,3.0
9119625,14.0,176.0,48.5,Female,3.0,215109.33,2.0,5.0
1555004,5.0,71.0,54.0,Unknown,2.0,187521.39,6.0,9.0
2494470,5.0,67.0,71.5,Female,2.0,252929.02,6.0,9.0
3686174,15.0,189.0,38.0,Male,2.0,57216.84,6.0,9.0
4092629,6.0,83.0,47.5,Unknown,2.0,57524.86,1.0,4.0
4932602,16.0,194.0,51.0,Female,2.0,107435.75,0.0,3.0
2416620,6.0,83.0,53.0,Unknown,2.0,25334.89,0.0,3.0
4953263,5.0,61.0,75.0,Unknown,2.0,35703.21,6.0,9.0
9416487,16.0,193.0,58.0,Male,3.0,76619.64,5.0,8.0
8416677,14.0,178.0,39.0,Female,2.0,132061.19,0.0,3.0
7634223,4.0,58.0,25.0,Unknown,2.0,48036.2,4.0,7.0
3398113,5.0,70.0,53.0,Unknown,2.0,27400.49,1.0,4.0
2280581,11.0,133.0,59.0,Male,2.0,92460.81,0.0,3.0
3945051,5.0,67.0,64.5,Unknown,2.0,34635.07,1.0,4.0
2064271,8.0,103.0,25.5,Unknown,2.0,57994.5,6.0,9.0
8994570,6.0,74.0,24.5,Male,3.0,88847.28,6.0,9.0
649107,6.0,80.0,56.0,Unknown,2.0,168349.26,4.0,7.0
7696106,12.0,150.0,47.0,Male,4.0,328975.83,3.0,6.0
3792899,10.0,130.0,23.5,Male,2.0,37181.95,1.0,4.0
3391330,6.0,79.0,27.5,Unknown,2.0,34345.61,2.0,5.0
494597,15.0,182.0,30.5,Male,3.0,297678.63,5.0,8.0
7666845,5.0,64.0,18.0,Male,2.0,32930.86,4.0,7.0
1948843,26.0,315.0,30.0,Female,2.0,30570.67,0.0,3.0
608749,9.0,118.0,50.5,Female,2.0,38734.42,4.0,7.0
4389711,7.0,95.0,27.5,Unknown,2.0,32213.42,4.0,7.0
244011,16.0,194.0,53.5,Female,2.0,113420.15,6.0,9.0
3536336,22.0,275.0,54.0,Female,3.0,271907.22,6.0,9.0
7431834,22.0,273.0,53.0,Male,3.0,145004.62,6.0,9.0
2125802,21.0,260.0,66.5,Female,2.0,34475.899999999994,0.0,3.0
9877632,20.0,251.0,44.0,Male,4.0,70736.6,4.0,7.0
483740,21.0,253.0,53.5,Male,4.0,481915.7,6.0,9.0
2041937,20.0,242.0,65.0,Male,2.0,97723.99,6.0,9.0
7279398,21.0,254.0,65.5,Male,2.0,73006.72,0.0,4.0
4642975,22.0,265.0,53.5,Female,2.0,978145.45,5.0,8.0
3226254,15.0,189.0,62.0,Male,2.0,51533.3,3.0,6.0
1675926,11.0,143.0,79.0,Female,2.0,35991.02,0.0,3.0
4454525,6.0,82.0,24.0,Unknown,2.0,26533.21,0.0,3.0
7386580,13.0,165.0,41.5,Male,2.0,32725.55,1.0,4.0
2692249,6.0,83.0,23.5,Unknown,2.0,55903.78999999999,5.0,8.0
4768104,24.0,290.0,72.0,Male,2.0,110352.35,2.0,5.0
6025281,6.0,72.0,62.5,Male,3.0,248084.33,6.0,9.0
3142425,12.0,154.0,40.0,Unknown,2.0,61399.17,0.0,3.0
6352453,8.0,98.0,27.5,Male,2.0,25231.52,2.0,5.0
7549232,12.0,144.0,40.5,Female,2.0,42818.42999999999,2.0,5.0
4870070,5.0,65.0,28.0,Unknown,2.0,47368.55,1.0,4.0
9955191,15.0,189.0,45.5,Male,2.0,61948.62,4.0,7.0
142579,10.0,120.0,38.0,Female,2.0,69790.25,6.0,9.0
567010,6.0,80.0,21.0,Unknown,2.0,27347.13,3.0,7.0
2807656,14.0,170.0,54.5,Female,3.0,142485.64,2.0,5.0
7744878,10.0,123.0,30.5,Female,2.0,85526.98999999999,1.0,4.0
1501489,8.0,106.0,27.5,Female,2.0,34196.149999999994,1.0,4.0
1272121,18.0,224.0,50.0,Male,2.0,181264.04,4.0,7.0
9895543,8.0,107.0,26.0,Female,2.0,37826.42,0.0,3.0
4119087,14.0,176.0,71.0,Male,2.0,104019.49,0.0,4.0
6219578,12.0,151.0,40.5,Male,2.0,74879.6,6.0,9.0
8567603,13.0,161.0,34.5,Male,2.0,29094.47,6.0,9.0
6677115,9.0,111.0,58.0,Male,2.0,76964.76999999999,3.0,6.0
8688791,6.0,78.0,20.5,Unknown,2.0,27043.11,2.0,5.0
255668,4.0,58.0,37.0,Unknown,2.0,31116.49,0.0,3.0
8955406,15.0,189.0,64.5,Male,4.0,300207.01,6.0,9.0
2629116,8.0,107.0,22.0,Male,3.0,73072.53,1.0,4.0
2724633,15.0,185.0,69.5,Female,2.0,282031.18,2.0,5.0
1647799,5.0,71.0,53.0,Female,2.0,41932.24,0.0,3.0
5284522,13.0,165.0,36.5,Male,2.0,143386.34,3.0,6.0
6734390,6.0,79.0,25.5,Unknown,4.0,128270.65,5.0,8.0
7690775,12.0,155.0,68.0,Male,3.0,303641.56,6.0,9.0
7269060,16.0,193.0,45.5,Male,2.0,51774.31,0.0,3.0
7453085,15.0,188.0,20.5,Male,2.0,28480.2,6.0,9.0
1832189,9.0,118.0,38.5,Female,2.0,36975.14,0.0,3.0
7368328,6.0,81.0,46.0,Unknown,2.0,40761.71,0.0,3.0
4218473,10.0,122.0,28.0,Female,2.0,81769.01,4.0,7.0
546461,6.0,78.0,80.5,Unknown,2.0,122186.21,1.0,5.0
1367035,12.0,154.0,35.5,Female,2.0,102779.84,4.0,7.0
4037065,11.0,132.0,54.5,Unknown,4.0,66191.03,2.0,5.0
7871585,13.0,166.0,21.5,Male,2.0,60268.26,0.0,3.0
3916659,24.0,289.0,58.5,Male,3.0,141307.64,6.0,9.0
2953613,23.0,277.0,61.0,Male,2.0,91140.69,2.0,5.0
3179231,23.0,277.0,29.0,Female,2.0,28255.3,0.0,3.0
6772324,21.0,263.0,59.0,Male,2.0,145262.66,6.0,9.0
3871536,21.0,262.0,59.0,Female,2.0,53122.78,0.0,3.0
3463938,21.0,258.0,71.0,Male,2.0,152204.75,6.0,9.0
1371185,21.0,255.0,62.5,Male,2.0,54810.21,5.0,8.0
821604,21.0,253.0,27.0,Female,2.0,30274.3,3.0,6.0
137412,20.0,250.0,67.5,Female,2.0,58495.2,3.0,6.0
2191460,20.0,247.0,66.5,Male,2.0,249827.09000000003,4.0,7.0
2071841,20.0,241.0,81.5,Male,3.0,577243.76,0.0,3.0
7917431,19.0,229.0,49.0,Unknown,2.0,32431.18,0.0,3.0
7450422,16.0,198.0,28.0,Female,2.0,34129.899999999994,4.0,7.0
5545127,16.0,197.0,34.0,Female,2.0,36351.16,1.0,4.0
1519784,13.0,166.0,49.5,Female,2.0,50951.83,2.0,5.0
3595800,6.0,79.0,26.5,Unknown,2.0,28166.93,0.0,3.0
7087847,16.0,195.0,39.5,Male,2.0,30011.01,0.0,3.0
6146263,11.0,136.0,37.5,Female,2.0,26280.08,6.0,9.0
9109114,14.0,168.0,60.5,Male,2.0,171724.96999999997,3.0,6.0
8621319,9.0,118.0,23.5,Female,2.0,43127.19,0.0,3.0
9916208,13.0,158.0,67.5,Female,2.0,218607.07,4.0,7.0
6067837,23.0,284.0,84.0,Unknown,2.0,78034.08,3.0,7.0
5045508,8.0,106.0,53.5,Female,2.0,29372.94,0.0,3.0
8505547,13.0,166.0,59.5,Female,2.0,120753.17,2.0,5.0
4532949,4.0,59.0,59.5,Unknown,2.0,31921.91,2.0,5.0
2626187,5.0,61.0,25.0,Male,2.0,55582.95,6.0,9.0
7240566,15.0,186.0,61.0,Female,2.0,32509.85,3.0,6.0
6713938,4.0,59.0,28.5,Male,3.0,118225.06,2.0,5.0
8085504,5.0,71.0,27.0,Unknown,2.0,41318.75,6.0,9.0
6850642,7.0,84.0,27.5,Unknown,2.0,58566.08,3.0,6.0
5531941,10.0,125.0,57.0,Male,2.0,475444.4,6.0,9.0
4296815,5.0,68.0,42.0,Unknown,2.0,28199.32,0.0,3.0
2359598,7.0,89.0,56.0,Unknown,2.0,39405.62,0.0,3.0
8007480,26.0,323.0,50.5,Male,4.0,252505.72,6.0,9.0
9516763,13.0,164.0,45.5,Female,2.0,41703.07,4.0,7.0
8527826,26.0,315.0,64.5,Female,3.0,1342966.35,6.0,9.0
36986,26.0,318.0,77.5,Male,2.0,234612.34000000003,5.0,8.0
4881301,9.0,118.0,30.5,Male,2.0,73070.44,5.0,8.0
6386118,13.0,165.0,35.0,Female,2.0,110577.05,5.0,8.0
4777891,15.0,191.0,63.5,Female,2.0,33297.35,0.0,3.0
5829314,5.0,71.0,59.5,Unknown,2.0,174490.08000000002,2.0,5.0
3498441,4.0,54.0,60.0,Unknown,2.0,81698.83,2.0,5.0
4721124,11.0,141.0,56.0,Female,2.0,149827.26,4.0,7.0
4235655,7.0,86.0,63.0,Unknown,2.0,71753.66,2.0,5.0
4297636,6.0,83.0,22.0,Unknown,2.0,37718.46,2.0,5.0
1832356,7.0,94.0,60.5,Unknown,2.0,95023.38,0.0,3.0
8541839,4.0,58.0,28.5,Unknown,2.0,29961.37,0.0,3.0
327539,15.0,180.0,45.5,Male,2.0,69036.76999999999,2.0,5.0
1018307,6.0,82.0,62.5,Unknown,2.0,65691.51999999999,0.0,3.0
9888471,13.0,158.0,44.5,Male,2.0,82956.94,0.0,3.0
8622717,8.0,98.0,57.5,Unknown,2.0,53329.98,6.0,9.0
2553137,6.0,74.0,51.0,Male,2.0,351272.25,0.0,3.0
6962136,11.0,138.0,36.0,Male,3.0,98261.6,3.0,6.0
663574,14.0,171.0,30.0,Female,2.0,51652.01,0.0,3.0
505572,6.0,77.0,30.0,Unknown,3.0,64558.98,2.0,5.0
4652388,6.0,83.0,61.5,Unknown,2.0,60661.37,0.0,3.0
7464807,23.0,280.0,67.5,Male,2.0,39160.3,1.0,4.0
5758715,22.0,268.0,61.5,Female,2.0,27226.03,1.0,4.0
6706216,21.0,259.0,73.5,Male,2.0,103870.28,5.0,8.0
9814833,21.0,257.0,58.5,Female,2.0,41988.26,2.0,5.0
6794763,17.0,211.0,80.0,Female,2.0,76972.92,4.0,7.0
1346743,8.0,101.0,64.5,Unknown,2.0,53689.71,0.0,3.0
5179022,8.0,103.0,32.5,Unknown,2.0,73527.63,3.0,6.0
120309,16.0,193.0,64.5,Female,2.0,91747.33,3.0,7.0
3905654,14.0,179.0,64.0,Female,2.0,69345.4,6.0,9.0
8781747,7.0,90.0,72.5,Unknown,2.0,170276.06,6.0,9.0
2526422,8.0,104.0,66.0,Female,3.0,172116.3,3.0,6.0
8683823,8.0,106.0,57.5,Male,2.0,202571.69,6.0,9.0
9754297,8.0,105.0,59.5,Male,2.0,140702.72999999998,3.0,6.0
3462836,7.0,88.0,28.5,Unknown,2.0,135514.66999999998,6.0,9.0
9664057,29.0,349.0,51.0,Female,2.0,64446.65,0.0,3.0
6308970,15.0,181.0,28.5,Male,3.0,369519.31,6.0,9.0
8910128,5.0,65.0,25.0,Unknown,2.0,31074.52,5.0,8.0
6039670,6.0,78.0,18.5,Unknown,2.0,57203.27,6.0,9.0
8563448,9.0,108.0,22.5,Male,3.0,84941.37,4.0,7.0
6097269,14.0,168.0,59.5,Female,2.0,92175.19,0.0,3.0
7639404,15.0,183.0,42.5,Female,2.0,150299.74,0.0,3.0
9108805,15.0,180.0,29.5,Female,2.0,28829.92,0.0,3.0
8146476,5.0,68.0,54.5,Unknown,2.0,118152.58,6.0,9.0
7649036,7.0,84.0,65.0,Unknown,2.0,32601.96,3.0,6.0
7548550,5.0,66.0,48.5,Female,2.0,37008.03,5.0,8.0
6121798,11.0,142.0,67.0,Male,2.0,101988.28,5.0,8.0
8443142,4.0,57.0,41.5,Unknown,2.0,38539.64,3.0,6.0
9542161,16.0,197.0,47.0,Female,3.0,139162.05,6.0,9.0
6325742,5.0,67.0,24.5,Unknown,2.0,32332.68,1.0,4.0
7066459,16.0,202.0,47.0,Male,2.0,125622.74,4.0,7.0
3201254,6.0,82.0,41.5,Unknown,2.0,95232.77,6.0,9.0
2473281,10.0,129.0,74.0,Female,2.0,30823.15,6.0,9.0
7851852,13.0,166.0,62.5,Male,3.0,398295.59,0.0,3.0
4458210,12.0,154.0,59.0,Female,2.0,162118.96000000002,0.0,3.0
9959659,28.0,346.0,70.5,Unknown,2.0,179028.94,1.0,4.0
3721566,10.0,130.0,54.0,Female,2.0,140944.9,3.0,6.0
385337,15.0,190.0,55.0,Female,2.0,42852.21,3.0,6.0
699687,6.0,73.0,24.5,Unknown,2.0,51932.08,6.0,9.0
3847684,9.0,112.0,53.0,Female,2.0,239737.42,5.0,8.0
7707832,6.0,79.0,79.5,Unknown,2.0,105341.69,6.0,9.0
1412733,10.0,124.0,49.0,Female,2.0,33649.08,2.0,5.0
4155989,22.0,267.0,25.5,Unknown,2.0,51297.63,6.0,9.0
9791771,11.0,141.0,35.0,Unknown,3.0,78781.94,5.0,8.0
1368,5.0,60.0,45.0,Female,3.0,61956.25,6.0,9.0
6782034,13.0,157.0,62.5,Female,2.0,125004.67,4.0,7.0
1630981,10.0,127.0,39.5,Female,2.0,101017.06,0.0,3.0
914309,9.0,117.0,56.5,Male,2.0,23923.32,0.0,3.0
4916541,34.0,419.0,70.5,Female,2.0,463364.38,5.0,8.0
3858406,9.0,108.0,45.5,Male,2.0,50024.42,0.0,3.0
9893657,23.0,288.0,42.0,Female,3.0,358905.85,6.0,9.0
5145803,23.0,286.0,41.0,Female,2.0,75098.18,5.0,8.0
424267,23.0,285.0,60.5,Male,3.0,44819.64,3.0,6.0
1398233,22.0,275.0,59.0,Female,2.0,157560.33000000002,3.0,6.0
4198709,20.0,240.0,45.5,Male,4.0,66026.48999999999,6.0,9.0
35417,19.0,230.0,26.5,Female,2.0,73654.44,3.0,6.0
483033,17.0,208.0,68.0,Female,2.0,101228.21,6.0,9.0
3271556,5.0,71.0,29.5,Unknown,2.0,28372.29,2.0,5.0
8221744,21.0,262.0,62.5,Male,2.0,134092.64,4.0,7.0
9335333,5.0,64.0,72.0,Unknown,3.0,204032.04,2.0,5.0
2059028,5.0,70.0,48.0,Unknown,2.0,43514.59,3.0,6.0
5170592,16.0,194.0,47.0,Male,2.0,174052.76,2.0,5.0
8803177,7.0,94.0,21.5,Unknown,2.0,45064.39,0.0,3.0
51493,8.0,106.0,23.0,Female,2.0,32788.57,3.0,6.0
6498491,6.0,72.0,36.0,Female,2.0,38670.51,1.0,4.0
2059749,5.0,69.0,22.0,Unknown,2.0,38711.29,0.0,3.0
3884609,6.0,78.0,31.5,Male,2.0,26781.35,6.0,9.0
8213030,10.0,130.0,29.0,Female,2.0,47902.7,2.0,5.0
143610,5.0,67.0,46.0,Unknown,2.0,25304.8,0.0,3.0
913446,8.0,102.0,59.5,Unknown,2.0,48569.17999999999,1.0,4.0
6748637,12.0,152.0,48.0,Male,2.0,99247.02,1.0,4.0
6647890,8.0,105.0,32.5,Male,4.0,136515.62,6.0,9.0
9900401,5.0,70.0,59.5,Unknown,2.0,39625.04,4.0,7.0
5476568,9.0,113.0,84.0,Male,3.0,92879.44,6.0,9.0
1899793,6.0,82.0,57.0,Unknown,2.0,34952.11,6.0,9.0
8312460,6.0,81.0,68.0,Unknown,2.0,44620.8,6.0,9.0
8549200,11.0,142.0,62.5,Female,2.0,32466.52,2.0,5.0
5909531,12.0,148.0,25.0,Female,4.0,45747.83,6.0,9.0
516706,7.0,89.0,34.0,Unknown,2.0,34368.09,0.0,3.0
4889644,13.0,159.0,34.0,Female,2.0,35307.77,0.0,3.0
3160599,6.0,82.0,38.5,Unknown,2.0,59106.95,4.0,7.0
2454453,7.0,92.0,42.5,Unknown,2.0,25871.64,0.0,3.0
8917070,12.0,146.0,39.0,Male,2.0,49584.39,1.0,4.0
5756509,15.0,190.0,40.5,Male,3.0,2162730.4,4.0,7.0
9288992,5.0,66.0,40.5,Unknown,2.0,56500.17999999999,1.0,4.0
7019194,6.0,82.0,48.0,Unknown,3.0,57482.97,2.0,5.0
5224523,16.0,194.0,27.5,Male,2.0,125591.5,2.0,5.0
1440376,7.0,88.0,70.5,Unknown,2.0,35560.009999999995,1.0,4.0
1415081,15.0,191.0,56.5,Female,2.0,45566.8,1.0,4.0
9663163,5.0,61.0,60.5,Female,2.0,746740.42,3.0,6.0
3777118,7.0,95.0,28.0,Unknown,2.0,29910.94,1.0,4.0
24443,10.0,122.0,49.0,Male,2.0,331869.28,6.0,9.0
1991261,16.0,201.0,45.0,Male,3.0,116384.84,4.0,7.0
9517099,15.0,189.0,23.0,Male,3.0,73523.43,2.0,5.0
7638105,14.0,179.0,48.5,Female,2.0,39114.94,2.0,5.0
8167124,34.0,418.0,66.5,Female,3.0,366293.44,3.0,6.0
3229964,10.0,123.0,68.5,Female,2.0,168384.99,5.0,8.0
3546640,7.0,95.0,61.0,Unknown,2.0,71832.09,2.0,5.0
8205867,8.0,106.0,67.5,Male,2.0,49842.92,3.0,7.0
6717148,4.0,58.0,18.0,Unknown,2.0,26346.16,1.0,4.0
2440296,12.0,146.0,77.0,Female,2.0,309099.69,2.0,5.0
9231877,11.0,132.0,43.5,Female,2.0,104628.81,1.0,4.0
1834200,23.0,277.0,45.5,Female,2.0,91357.84,1.0,4.0
5318185,20.0,250.0,83.0,Male,2.0,90171.63,5.0,8.0
8328352,19.0,232.0,67.5,Male,3.0,35179.09,6.0,9.0
8315626,17.0,212.0,60.0,Female,2.0,67468.01999999999,2.0,5.0
1019589,11.0,139.0,68.5,Female,2.0,154192.41999999998,5.0,8.0
9253588,16.0,192.0,51.5,Female,2.0,128647.54,4.0,7.0
9004568,10.0,125.0,48.0,Male,3.0,238722.8,6.0,9.0
8375301,10.0,120.0,49.0,Female,2.0,78916.73,6.0,9.0
5297883,7.0,92.0,29.5,Male,2.0,94406.55,2.0,5.0
1164010,10.0,131.0,32.5,Male,2.0,29299.35,2.0,5.0
2477521,12.0,150.0,77.0,Female,2.0,53063.03999999999,1.0,4.0
5237891,5.0,60.0,29.5,Unknown,2.0,27147.16,1.0,4.0
2217976,14.0,172.0,42.5,Female,2.0,44902.28,1.0,4.0
532200,11.0,136.0,30.0,Female,3.0,52062.16,0.0,3.0
3818808,6.0,76.0,28.5,Unknown,2.0,93595.07,3.0,6.0
4672628,15.0,184.0,36.5,Male,2.0,69377.36,2.0,5.0
8499466,7.0,94.0,68.0,Unknown,2.0,41330.97,4.0,7.0
5163069,5.0,65.0,18.5,Unknown,2.0,26165.83,3.0,6.0
4232218,15.0,191.0,47.0,Male,2.0,1737181.99,6.0,9.0
7384928,10.0,128.0,44.0,Male,2.0,203393.19,6.0,9.0
5754455,8.0,97.0,39.0,Unknown,2.0,57425.79,5.0,8.0
534729,7.0,85.0,82.5,Unknown,3.0,92042.8,5.0,8.0
3867222,4.0,57.0,35.5,Unknown,4.0,224733.59000000003,6.0,9.0
68830,13.0,161.0,32.5,Male,3.0,187433.08,6.0,9.0
2395949,14.0,174.0,37.5,Female,2.0,34862.27,0.0,3.0
2726231,7.0,91.0,19.5,Unknown,2.0,37275.52,6.0,9.0
4581040,6.0,77.0,27.5,Unknown,2.0,23865.78,2.0,5.0
674205,8.0,106.0,36.0,Male,2.0,63734.42,0.0,3.0
5392696,6.0,73.0,41.5,Unknown,2.0,48241.55,6.0,9.0
2276756,16.0,203.0,50.5,Female,2.0,260525.24,4.0,7.0
860470,6.0,79.0,54.0,Unknown,2.0,118218.64,0.0,3.0
2521851,6.0,73.0,72.0,Unknown,2.0,195463.93,6.0,9.0
1245694,5.0,68.0,52.0,Unknown,3.0,96236.08,1.0,4.0
6244054,13.0,157.0,42.5,Female,2.0,39829.2,0.0,3.0
5208415,6.0,72.0,30.0,Male,2.0,32547.41,1.0,4.0
3892652,15.0,189.0,55.0,Female,2.0,94015.73,1.0,6.0
5656013,9.0,119.0,33.5,Male,2.0,65342.15,1.0,4.0
8787604,16.0,197.0,54.0,Male,3.0,76752.41,4.0,7.0
5166966,15.0,184.0,58.5,Female,2.0,78597.59,2.0,5.0
6166145,25.0,302.0,53.0,Female,3.0,44378.01,0.0,3.0
4428731,24.0,298.0,38.0,Male,4.0,274937.4,2.0,5.0
1981941,22.0,270.0,27.0,Unknown,2.0,73324.13,1.0,4.0
3201665,22.0,267.0,21.5,Male,3.0,59285.37,1.0,4.0
8602447,22.0,264.0,46.5,Female,2.0,131062.71,4.0,7.0
2349517,20.0,251.0,57.0,Female,2.0,29438.4,5.0,8.0
4337357,20.0,251.0,74.5,Female,2.0,236270.66,3.0,6.0
9889815,19.0,239.0,60.0,Male,2.0,121671.82,5.0,8.0
1286334,6.0,83.0,28.0,Unknown,3.0,33810.82,1.0,5.0
373361,14.0,175.0,49.5,Male,2.0,74057.85,0.0,3.0
3710720,8.0,99.0,39.0,Male,2.0,31708.52,1.0,4.0
3274862,13.0,156.0,73.0,Male,2.0,109955.43,6.0,9.0
6052684,4.0,58.0,47.5,Unknown,2.0,54880.64,0.0,3.0
8891263,6.0,80.0,55.5,Male,4.0,843144.67,6.0,9.0
2692109,15.0,189.0,58.5,Female,2.0,25029.5,0.0,3.0
196988,15.0,187.0,40.0,Male,2.0,83309.85,1.0,4.0
1936336,12.0,144.0,44.5,Male,2.0,55499.41,6.0,9.0
2077441,15.0,191.0,48.0,Male,2.0,26832.59,3.0,6.0
1678171,14.0,179.0,39.0,Female,2.0,32217.02,6.0,9.0
2551375,8.0,103.0,61.0,Unknown,2.0,145749.52000000002,4.0,7.0
8712617,7.0,94.0,25.0,Unknown,2.0,38285.05,2.0,5.0
6421570,6.0,74.0,32.0,Unknown,4.0,91682.52,6.0,9.0
2995076,15.0,181.0,33.5,Female,2.0,53899.01,0.0,3.0
7259206,8.0,96.0,35.5,Unknown,2.0,44359.83,0.0,3.0
8164547,10.0,127.0,43.0,Male,4.0,607976.04,5.0,8.0
2339126,7.0,93.0,30.0,Unknown,2.0,80329.11,3.0,6.0
6358744,15.0,188.0,55.0,Male,2.0,39444.23,5.0,8.0
5797212,5.0,63.0,57.0,Unknown,2.0,89608.59,1.0,5.0
8060479,26.0,321.0,34.0,Male,3.0,67046.06,0.0,3.0
2573774,8.0,105.0,35.0,Male,3.0,205644.72,6.0,9.0
3034732,6.0,76.0,54.0,Unknown,2.0,25055.86,0.0,3.0
4054039,5.0,65.0,53.0,Unknown,2.0,56601.22,2.0,5.0
1825417,13.0,157.0,78.0,Male,2.0,530221.31,6.0,9.0
4098282,9.0,108.0,46.5,Male,2.0,29285.58,6.0,9.0
9645675,4.0,59.0,45.0,Unknown,2.0,77597.69,6.0,9.0
5994763,7.0,94.0,52.0,Unknown,2.0,43288.17999999999,4.0,7.0
2090939,11.0,138.0,40.5,Female,2.0,24996.77,2.0,5.0
9879018,4.0,58.0,32.0,Unknown,2.0,52150.63,1.0,4.0
8784430,15.0,190.0,53.5,Female,3.0,192455.52,2.0,5.0
8674816,4.0,57.0,68.0,Female,2.0,30295.5,3.0,6.0
9784125,15.0,180.0,34.5,Female,2.0,270774.26,6.0,9.0
6962474,9.0,110.0,37.5,Male,4.0,501429.49,6.0,9.0
2637292,11.0,139.0,38.0,Female,2.0,106276.7,5.0,8.0
8883335,6.0,76.0,19.5,Unknown,3.0,38774.89,6.0,9.0
2090413,9.0,114.0,51.5,Female,3.0,163832.82,6.0,9.0
7668231,5.0,69.0,69.5,Female,2.0,252605.35,6.0,9.0
5792887,6.0,83.0,55.5,Unknown,2.0,59005.45,4.0,7.0
3641229,13.0,166.0,33.5,Male,2.0,58736.58,6.0,9.0
6892569,7.0,85.0,37.5,Female,4.0,91406.66,6.0,9.0
8815082,15.0,180.0,67.0,Female,2.0,52327.1,2.0,5.0
4932999,25.0,302.0,74.0,Female,2.0,54040.33,4.0,7.0
2398368,20.0,242.0,55.0,Unknown,2.0,45358.07,0.0,4.0
99208,17.0,208.0,47.5,Male,2.0,24854.54,1.0,4.0
5849432,14.0,177.0,27.5,Female,2.0,30404.26,3.0,6.0
8533635,9.0,117.0,63.5,Male,3.0,244895.74,5.0,8.0
3174146,6.0,80.0,51.5,Unknown,2.0,130716.56,6.0,9.0
4529075,25.0,310.0,74.0,Female,3.0,181082.92,3.0,6.0
9897300,6.0,83.0,40.0,Unknown,2.0,24410.79,0.0,3.0
4081122,10.0,128.0,38.5,Female,3.0,52269.24,0.0,3.0
8126307,6.0,79.0,47.0,Unknown,2.0,372127.97,2.0,5.0
2972128,9.0,110.0,58.0,Female,2.0,49987.61,1.0,4.0
664352,5.0,66.0,33.0,Unknown,2.0,48307.86,2.0,5.0
2934452,9.0,111.0,50.0,Male,2.0,62917.71,5.0,8.0
4009190,4.0,58.0,21.5,Unknown,2.0,28543.7,6.0,9.0
2533757,19.0,229.0,58.0,Male,2.0,479821.71,6.0,9.0
2365265,10.0,125.0,44.0,Female,2.0,122469.09,4.0,7.0
503051,5.0,71.0,25.0,Unknown,2.0,50250.16,6.0,9.0
8842108,15.0,186.0,50.5,Female,3.0,167283.8,6.0,9.0
2415149,14.0,169.0,60.5,Male,2.0,24431.58,0.0,3.0
3629628,31.0,373.0,58.5,Female,2.0,262604.46,1.0,4.0
4119789,11.0,142.0,52.5,Male,2.0,33068.89,0.0,3.0
4264671,10.0,124.0,55.0,Male,2.0,35075.2,6.0,9.0
1264732,27.0,335.0,52.5,Female,2.0,743750.5700000001,1.0,4.0
9708611,6.0,82.0,54.5,Unknown,3.0,168656.01,1.0,4.0
8525671,12.0,154.0,34.0,Male,2.0,35598.93,0.0,3.0
4787433,25.0,304.0,56.5,Male,2.0,331838.31,6.0,9.0
7792734,15.0,183.0,39.0,Female,2.0,332031.54,2.0,5.0
6333363,8.0,106.0,24.0,Male,2.0,34526.31,0.0,3.0
9185414,15.0,183.0,38.0,Male,2.0,24702.03,3.0,6.0
8499181,12.0,144.0,36.5,Male,3.0,537917.6900000001,3.0,6.0
3924963,7.0,91.0,55.5,Unknown,2.0,320793.5,4.0,7.0
7118730,12.0,154.0,34.5,Female,2.0,101104.61,0.0,3.0
3682246,15.0,191.0,47.5,Male,2.0,56699.63,1.0,4.0
5111328,5.0,70.0,25.5,Unknown,2.0,63118.5,2.0,5.0
8611098,27.0,335.0,48.5,Male,2.0,50815.75,3.0,6.0
179489,16.0,192.0,42.5,Female,2.0,34903.24,4.0,7.0
278457,15.0,190.0,47.0,Male,2.0,85273.42,2.0,5.0
2853895,7.0,90.0,59.0,Unknown,2.0,64694.12,2.0,5.0
5400643,5.0,71.0,39.5,Unknown,2.0,54477.01,6.0,9.0
353281,6.0,76.0,22.0,Unknown,2.0,62223.31,1.0,4.0
9405578,5.0,67.0,23.5,Male,2.0,138894.88,4.0,7.0
6201404,14.0,169.0,61.0,Female,2.0,43410.38,2.0,5.0
350463,5.0,68.0,30.0,Female,2.0,31691.05,5.0,8.0
8817820,8.0,98.0,50.5,Unknown,2.0,85333.78,3.0,6.0
994250,5.0,71.0,64.5,Unknown,2.0,91485.52,1.0,4.0
1339878,8.0,106.0,41.0,Female,2.0,27809.93,2.0,5.0
227629,23.0,277.0,54.5,Female,2.0,34627.74,2.0,5.0
6731223,18.0,221.0,51.5,Female,3.0,105035.09,4.0,7.0
2806415,7.0,95.0,59.0,Unknown,2.0,78376.47,1.0,4.0
9220664,11.0,136.0,70.5,Male,2.0,34468.97,3.0,6.0
1096862,6.0,81.0,38.5,Unknown,2.0,29453.64,2.0,5.0
5341240,4.0,59.0,31.5,Unknown,3.0,128725.68,5.0,8.0
4632537,8.0,106.0,34.5,Female,2.0,47451.34,2.0,5.0
7190558,14.0,171.0,42.5,Male,2.0,25733.93,0.0,3.0
1810029,4.0,54.0,60.0,Female,3.0,293127.8,1.0,5.0
4621231,4.0,53.0,25.5,Unknown,3.0,37647.09,0.0,3.0
9544407,5.0,71.0,34.5,Female,2.0,64636.16,1.0,4.0
1511193,14.0,175.0,69.5,Female,2.0,46591.1,2.0,5.0
9686300,15.0,180.0,71.0,Female,2.0,223301.36,6.0,9.0
9907900,7.0,94.0,49.0,Unknown,2.0,32626.15,1.0,4.0
9891646,8.0,100.0,30.0,Male,2.0,57504.28,6.0,9.0
1971289,15.0,189.0,50.0,Male,2.0,156433.12,0.0,3.0
4444941,15.0,190.0,69.0,Male,2.0,259677.76,5.0,8.0
5927144,15.0,189.0,61.5,Male,2.0,208342.33,6.0,9.0
5813006,8.0,96.0,53.0,Unknown,2.0,61809.46,6.0,9.0
2031379,18.0,223.0,40.0,Male,3.0,888982.2200000001,6.0,9.0
3935675,13.0,158.0,27.5,Male,2.0,71110.13,2.0,5.0
9107161,15.0,189.0,60.5,Female,2.0,57565.76,0.0,3.0
2453740,5.0,67.0,53.5,Unknown,2.0,35939.99,6.0,9.0
1215944,8.0,98.0,65.5,Unknown,2.0,98513.73,1.0,4.0
7758423,9.0,109.0,66.0,Male,3.0,521946.65,6.0,9.0
3212676,6.0,81.0,73.5,Unknown,2.0,49025.15,0.0,3.0
1186608,25.0,309.0,54.0,Male,3.0,433997.35,3.0,6.0
6824135,10.0,130.0,26.5,Male,2.0,48381.24,0.0,3.0
4760156,4.0,55.0,62.0,Male,2.0,195672.48,6.0,9.0
6872814,15.0,181.0,56.0,Female,3.0,46936.67,4.0,7.0
1294488,15.0,189.0,36.0,Male,2.0,41192.63,1.0,4.0
7257829,9.0,111.0,36.5,Male,2.0,24224.5,2.0,5.0
9922747,15.0,180.0,32.5,Male,2.0,27607.51,0.0,3.0
7945614,6.0,82.0,54.0,Unknown,2.0,25805.46,3.0,6.0
3531612,5.0,68.0,43.0,Female,2.0,251157.53,0.0,3.0
4237578,7.0,91.0,31.5,Female,2.0,27075.54,1.0,4.0
3715582,9.0,118.0,44.5,Male,3.0,89794.26,2.0,5.0
6918656,5.0,71.0,69.5,Unknown,2.0,160822.21000000002,6.0,9.0
7788039,7.0,84.0,28.0,Unknown,2.0,50235.39,2.0,5.0
8066975,8.0,100.0,59.5,Unknown,2.0,71055.6,2.0,5.0
5453216,9.0,114.0,47.5,Male,2.0,115421.82,3.0,6.0
6031368,2.0,34.0,62.0,Unknown,2.0,35724.66,4.0,7.0
572542,27.0,324.0,66.5,Male,2.0,540718.24,6.0,9.0
7813642,21.0,252.0,47.5,Male,2.0,265079.79,6.0,9.0
8585773,5.0,70.0,27.0,Unknown,2.0,32275.85,5.0,8.0
5451741,25.0,305.0,70.5,Male,2.0,647928.3,2.0,5.0
7934353,24.0,294.0,52.0,Male,2.0,184507.3,1.0,4.0
1882953,24.0,294.0,66.5,Male,4.0,1912354.27,6.0,9.0
7997482,22.0,271.0,66.5,Female,2.0,199349.32,2.0,6.0
7912047,21.0,252.0,49.5,Male,3.0,83146.14,6.0,9.0
7821208,18.0,216.0,45.5,Unknown,2.0,49740.98,0.0,3.0
1524159,7.0,94.0,27.0,Unknown,2.0,29348.57,6.0,9.0
8461995,5.0,69.0,64.5,Unknown,2.0,64200.15,3.0,6.0
9790489,5.0,66.0,38.5,Unknown,3.0,56438.14,0.0,3.0
4214485,10.0,121.0,49.0,Male,2.0,111228.7,0.0,3.0
7940827,6.0,73.0,47.5,Unknown,2.0,40920.6,0.0,3.0
5278154,5.0,71.0,62.0,Male,2.0,172796.46000000002,6.0,9.0
2927910,19.0,239.0,53.0,Male,2.0,66070.95999999999,5.0,8.0
1974302,13.0,164.0,37.0,Male,4.0,911771.29,5.0,8.0
8315808,14.0,179.0,57.5,Male,2.0,29035.36,2.0,5.0
9936617,12.0,146.0,38.0,Female,2.0,39699.2,6.0,9.0
9658190,16.0,197.0,49.0,Female,2.0,67353.22,0.0,3.0
5175851,6.0,83.0,30.5,Unknown,4.0,72872.93,2.0,5.0
4830472,4.0,59.0,31.0,Unknown,2.0,26228.35,0.0,3.0
433332,33.0,407.0,82.0,Male,2.0,89804.0,3.0,6.0
4346273,6.0,81.0,45.0,Unknown,2.0,24208.14,4.0,7.0
2551891,4.0,58.0,39.5,Unknown,2.0,30640.55,3.0,6.0
5291781,5.0,61.0,58.5,Female,2.0,51648.24,1.0,4.0
6655544,15.0,183.0,43.5,Male,2.0,49860.17,2.0,5.0
6821663,4.0,56.0,42.0,Female,2.0,24796.21,3.0,6.0
4643715,14.0,176.0,44.0,Female,3.0,77776.57,4.0,7.0
9161866,15.0,185.0,61.5,Female,2.0,92610.82,2.0,5.0
6274201,5.0,71.0,51.5,Male,3.0,165136.40000000002,2.0,5.0
3811770,4.0,59.0,42.0,Female,4.0,279830.18,6.0,9.0
55265,11.0,142.0,29.5,Female,2.0,42724.7,6.0,9.0
5664157,10.0,123.0,24.0,Unknown,2.0,26951.08,1.0,4.0
2011573,5.0,68.0,78.5,Female,2.0,67766.26999999999,1.0,5.0
2374507,14.0,171.0,47.0,Female,2.0,35909.58,1.0,4.0
4392849,13.0,159.0,61.5,Female,2.0,60196.08,6.0,9.0
7379632,5.0,70.0,30.5,Unknown,2.0,62007.03,5.0,8.0
5233697,12.0,145.0,36.0,Male,2.0,61559.95,1.0,4.0
2979075,15.0,182.0,56.5,Male,4.0,1372806.47,5.0,8.0
8181732,14.0,178.0,63.5,Male,2.0,29072.76,1.0,4.0
7006991,8.0,104.0,36.0,Female,2.0,72604.07,6.0,9.0
3662340,13.0,160.0,70.0,Male,2.0,526349.83,6.0,9.0
1231368,16.0,194.0,58.0,Female,2.0,80200.44,1.0,4.0
534100,23.0,279.0,81.0,Female,2.0,82939.44,2.0,5.0
4238512,21.0,262.0,58.5,Female,2.0,147149.05,1.0,4.0
9006692,21.0,256.0,19.0,Unknown,2.0,35431.82,0.0,3.0
5369371,20.0,251.0,18.5,Female,2.0,27494.76,4.0,7.0
1733507,20.0,243.0,61.0,Male,3.0,835092.51,2.0,5.0
5119690,20.0,242.0,51.5,Female,3.0,255194.26,3.0,6.0
9290514,18.0,219.0,66.0,Unknown,2.0,48235.02,5.0,8.0
362727,8.0,106.0,58.5,Male,2.0,24014.14,4.0,7.0
5439307,14.0,168.0,55.5,Male,2.0,122281.93,3.0,6.0
4210095,16.0,198.0,60.0,Male,3.0,383372.84,0.0,3.0
3360254,6.0,73.0,19.0,Unknown,2.0,29968.65,1.0,4.0
6317776,5.0,68.0,31.0,Unknown,3.0,441630.15,2.0,5.0
9826144,7.0,92.0,26.5,Unknown,2.0,71477.85,6.0,9.0
7995807,13.0,156.0,53.0,Female,2.0,37274.19,6.0,9.0
6421571,13.0,167.0,53.5,Male,2.0,29606.52,0.0,3.0
6587813,6.0,82.0,25.0,Unknown,3.0,81592.33,6.0,9.0
6863917,4.0,59.0,28.5,Unknown,4.0,68590.59,6.0,9.0
2202333,6.0,78.0,49.5,Unknown,2.0,68759.61,2.0,6.0
7055179,4.0,59.0,56.5,Unknown,2.0,31647.19,3.0,6.0
4919703,11.0,140.0,45.5,Unknown,2.0,42823.32,6.0,9.0
7117011,5.0,70.0,44.0,Unknown,2.0,39845.5,4.0,7.0
1728834,14.0,169.0,43.0,Female,2.0,86291.98,2.0,5.0
7174841,7.0,90.0,64.0,Unknown,2.0,273910.48,4.0,7.0
9637942,10.0,122.0,73.0,Female,2.0,109928.04,5.0,8.0
4277536,11.0,142.0,41.0,Unknown,3.0,118568.06,1.0,4.0
1441587,12.0,154.0,37.5,Male,3.0,105942.39,0.0,3.0
5736223,6.0,73.0,69.5,Unknown,2.0,44567.38,0.0,3.0
4575555,15.0,188.0,41.0,Female,3.0,152792.97999999998,6.0,9.0
2475838,4.0,58.0,36.0,Unknown,3.0,58060.59,5.0,8.0
3926091,6.0,82.0,66.0,Unknown,2.0,74306.16,4.0,7.0
4577534,4.0,58.0,55.0,Unknown,2.0,31785.25,1.0,4.0
7711967,31.0,375.0,65.5,Female,3.0,50540.87,6.0,9.0
7797739,8.0,99.0,64.5,Unknown,2.0,73415.6,4.0,7.0
965885,14.0,178.0,37.5,Male,2.0,50572.52,2.0,5.0
4468249,27.0,333.0,79.5,Female,3.0,721488.93,2.0,7.0
5926292,16.0,192.0,55.0,Male,2.0,41808.37,2.0,5.0
8545681,9.0,118.0,62.0,Female,2.0,57068.38,4.0,7.0
4061217,10.0,121.0,58.0,Male,2.0,85383.03,3.0,6.0
3447667,5.0,71.0,32.5,Unknown,2.0,57536.07,6.0,9.0
186246,12.0,150.0,55.5,Female,2.0,29799.42,1.0,4.0
5281648,8.0,102.0,27.0,Unknown,2.0,38726.55,4.0,7.0
4377881,26.0,314.0,65.0,Female,2.0,137823.93,3.0,6.0
8060493,5.0,65.0,59.5,Unknown,2.0,112804.45,3.0,7.0
1200577,6.0,73.0,22.5,Unknown,3.0,109164.42,5.0,8.0
853541,5.0,70.0,38.5,Unknown,4.0,328637.34,3.0,6.0
2147522,5.0,71.0,42.5,Unknown,2.0,708147.75,4.0,7.0
6489602,23.0,280.0,32.5,Female,2.0,127746.5,3.0,6.0
3255508,26.0,323.0,37.5,Male,3.0,263146.2,5.0,8.0
3455284,11.0,142.0,29.0,Female,4.0,80411.79999999999,6.0,9.0
2680789,13.0,163.0,37.0,Female,2.0,41198.71,0.0,4.0
666370,10.0,131.0,62.5,Male,2.0,396210.62,3.0,6.0
5908228,6.0,82.0,23.0,Unknown,2.0,51675.51,3.0,6.0
2228228,12.0,151.0,27.0,Female,2.0,36400.08,4.0,7.0
9228237,8.0,103.0,45.5,Unknown,2.0,229256.7,6.0,9.0
8752410,9.0,109.0,35.5,Male,2.0,70021.89,4.0,7.0
8407612,25.0,300.0,40.0,Male,2.0,356447.6,4.0,7.0
8005239,23.0,276.0,49.5,Female,3.0,191684.05,4.0,7.0
3844345,22.0,264.0,46.0,Male,4.0,182199.11,3.0,6.0
3391934,21.0,252.0,57.0,Female,2.0,47274.67999999999,5.0,8.0
8592381,20.0,240.0,39.5,Male,3.0,37928.16,3.0,6.0
7351059,19.0,238.0,47.0,Male,2.0,81386.51999999999,0.0,3.0
8353665,19.0,238.0,65.0,Male,2.0,67833.25,5.0,8.0
2445093,10.0,123.0,36.5,Female,2.0,29424.43,0.0,3.0
9339804,16.0,193.0,79.5,Unknown,2.0,34605.36,5.0,8.0
9937269,12.0,152.0,47.5,Male,2.0,120597.18,4.0,7.0
7872771,15.0,190.0,67.0,Male,2.0,33987.509999999995,1.0,4.0
1795624,11.0,142.0,34.0,Female,2.0,30624.68,1.0,4.0
4721645,7.0,95.0,53.5,Unknown,2.0,135724.91,6.0,9.0
4688121,6.0,75.0,21.5,Unknown,2.0,29403.2,6.0,9.0
8586358,6.0,80.0,42.5,Unknown,2.0,29184.19,1.0,4.0
9512785,8.0,103.0,53.5,Unknown,2.0,440081.76,4.0,7.0
1906397,5.0,64.0,54.5,Male,2.0,168343.34000000003,0.0,3.0
71476,4.0,58.0,53.0,Unknown,2.0,39344.13,0.0,3.0
3017968,11.0,142.0,42.0,Female,2.0,65402.7,2.0,5.0
7645104,11.0,136.0,38.0,Male,4.0,225228.32,5.0,8.0
4508628,5.0,69.0,23.5,Unknown,3.0,40212.92,4.0,7.0
8046298,12.0,153.0,72.0,Female,2.0,38168.19,0.0,3.0
1427473,5.0,68.0,29.5,Unknown,2.0,27461.28,3.0,6.0
6750821,10.0,125.0,44.0,Male,2.0,156715.64,2.0,5.0
7954753,6.0,77.0,66.0,Unknown,2.0,101103.73,0.0,3.0
1391140,8.0,97.0,33.0,Unknown,4.0,187949.7,6.0,9.0
2629010,15.0,184.0,76.5,Female,2.0,302231.33,5.0,8.0
8482390,11.0,142.0,31.5,Female,2.0,93706.49,6.0,9.0
549848,22.0,266.0,64.5,Female,2.0,27785.66,0.0,3.0
6452255,5.0,68.0,38.5,Male,2.0,62571.54,2.0,5.0
2301893,11.0,132.0,34.0,Male,2.0,44149.66,0.0,3.0
6260403,20.0,248.0,29.5,Male,2.0,34057.009999999995,0.0,3.0
4741779,7.0,94.0,63.0,Unknown,2.0,30269.83,2.0,5.0
2220861,11.0,134.0,70.0,Male,2.0,3990453.14,6.0,9.0
9900228,16.0,193.0,47.0,Female,2.0,110913.7,2.0,5.0
6005174,12.0,154.0,65.5,Female,2.0,72987.57,2.0,5.0
4083799,13.0,158.0,64.5,Female,3.0,227214.56,3.0,6.0
8533823,9.0,115.0,32.5,Female,2.0,51572.62,6.0,9.0
1736245,8.0,99.0,44.5,Female,3.0,284247.41,5.0,8.0
6043981,4.0,57.0,22.5,Unknown,2.0,35898.399999999994,6.0,9.0
8425735,13.0,166.0,57.0,Female,2.0,64080.6,1.0,4.0
5262815,7.0,86.0,63.0,Unknown,2.0,1504271.67,6.0,9.0
8355928,18.0,227.0,62.0,Male,2.0,421701.73,5.0,8.0
6193539,16.0,192.0,43.5,Female,2.0,28117.83,0.0,3.0
9380287,12.0,154.0,54.0,Female,2.0,38728.16,0.0,3.0
7138873,13.0,167.0,49.5,Female,2.0,66339.91,2.0,5.0
3367372,14.0,168.0,31.5,Female,4.0,224639.45,6.0,9.0
1569375,12.0,154.0,29.0,Male,3.0,439822.38,1.0,5.0
6293541,7.0,93.0,71.0,Unknown,2.0,108146.68,6.0,9.0
9785963,12.0,155.0,37.5,Female,2.0,33384.84,0.0,3.0
2678849,16.0,203.0,59.0,Female,2.0,44362.31,0.0,3.0
5563217,15.0,188.0,69.0,Male,2.0,365383.88,5.0,8.0
1349890,4.0,58.0,57.5,Unknown,2.0,30575.93,2.0,5.0
550126,10.0,125.0,65.5,Female,2.0,162042.93,6.0,9.0
8450110,16.0,193.0,52.5,Male,2.0,263864.55,0.0,3.0
7913751,12.0,154.0,56.5,Female,2.0,61201.59,2.0,5.0
9301583,16.0,194.0,72.5,Male,2.0,45878.5,5.0,8.0
5783708,6.0,75.0,28.0,Female,3.0,90809.3,3.0,6.0
3016724,25.0,306.0,63.5,Female,2.0,717620.74,2.0,5.0
1004503,23.0,283.0,49.5,Male,3.0,72895.4,4.0,7.0
5399235,20.0,241.0,30.5,Female,2.0,55851.73,5.0,8.0
9554031,19.0,238.0,62.0,Female,2.0,165953.96000000002,6.0,9.0
1113720,19.0,233.0,41.0,Unknown,2.0,44206.41,1.0,4.0
4576728,6.0,73.0,31.5,Unknown,3.0,33352.48,4.0,7.0
7023731,21.0,258.0,31.5,Male,3.0,256843.75,6.0,9.0
6784834,12.0,145.0,63.5,Female,2.0,137276.18,4.0,7.0
7982893,15.0,184.0,58.0,Male,2.0,56035.28,0.0,3.0
9906392,5.0,68.0,64.5,Male,2.0,130181.05,3.0,6.0
7651162,19.0,234.0,65.0,Female,2.0,47471.34,2.0,5.0
5378149,10.0,131.0,69.0,Male,2.0,43697.77,0.0,3.0
152661,5.0,60.0,26.0,Unknown,2.0,64038.27,6.0,9.0
6099011,6.0,73.0,28.0,Unknown,2.0,34249.88,4.0,7.0
5493998,5.0,65.0,40.5,Unknown,3.0,66697.6,1.0,4.0
1966795,7.0,94.0,28.5,Unknown,4.0,80841.85,6.0,9.0
9267535,29.0,358.0,55.5,Female,2.0,237275.35,6.0,9.0
2588087,30.0,371.0,70.0,Female,2.0,45313.47,1.0,4.0
8647766,7.0,87.0,44.0,Unknown,2.0,43209.95,1.0,4.0
2386780,16.0,192.0,58.5,Female,2.0,136643.07,2.0,6.0
6150009,7.0,84.0,33.5,Unknown,2.0,374094.73,6.0,9.0
8376996,4.0,57.0,20.0,Unknown,2.0,42030.61,3.0,6.0
5715241,24.0,295.0,37.5,Male,3.0,124701.99,6.0,9.0
9565168,16.0,192.0,48.0,Male,2.0,135791.14,1.0,4.0
8374114,7.0,94.0,45.5,Unknown,2.0,35836.43,2.0,5.0
8002011,30.0,370.0,74.5,Unknown,2.0,74537.48,6.0,9.0
61487,12.0,150.0,26.5,Female,2.0,49454.26,0.0,3.0
9247401,15.0,185.0,62.5,Female,2.0,45185.7,0.0,3.0
2734296,16.0,194.0,60.5,Male,2.0,524950.86,6.0,9.0
6729176,10.0,123.0,78.0,Female,2.0,32072.01,5.0,8.0
3891838,4.0,57.0,46.5,Unknown,2.0,30347.57,1.0,4.0
1811237,8.0,107.0,30.5,Female,2.0,41267.02,0.0,3.0
8613889,7.0,95.0,47.0,Unknown,2.0,95422.67,0.0,3.0
2678642,7.0,85.0,24.5,Male,2.0,50798.34,6.0,9.0
7841104,14.0,175.0,44.5,Female,2.0,23860.62,1.0,4.0
7069417,4.0,57.0,25.5,Unknown,2.0,26555.46,6.0,9.0
3466785,12.0,152.0,32.0,Female,6.0,754485.06,6.0,9.0
2026412,16.0,200.0,42.5,Female,2.0,36811.82,3.0,6.0
16881,5.0,70.0,55.0,Unknown,3.0,72457.16,6.0,9.0
6441752,7.0,88.0,24.5,Unknown,3.0,54976.72,6.0,9.0
6545023,9.0,108.0,26.5,Male,2.0,55121.61,4.0,7.0
8222418,14.0,170.0,50.0,Male,2.0,62150.09,5.0,8.0
3862418,16.0,200.0,44.0,Female,3.0,156958.52999999997,6.0,9.0
5600260,6.0,77.0,26.5,Unknown,2.0,57200.84,2.0,5.0
2752261,18.0,217.0,43.0,Female,2.0,124429.96,0.0,3.0
7443055,12.0,154.0,49.0,Female,2.0,155572.77000000002,0.0,3.0
8409515,23.0,284.0,69.5,Male,3.0,53516.27,3.0,6.0
1570493,23.0,283.0,20.5,Female,2.0,69925.73999999999,5.0,8.0
9739905,23.0,276.0,37.5,Male,3.0,167351.94,6.0,9.0
4179100,23.0,276.0,50.5,Female,3.0,230609.63,3.0,6.0
9386012,23.0,276.0,25.0,Female,2.0,63509.44,6.0,9.0
6633180,20.0,245.0,71.5,Unknown,4.0,502153.34,6.0,9.0
6427834,20.0,246.0,51.0,Female,3.0,96199.61,6.0,9.0
7064150,17.0,204.0,56.0,Female,2.0,42044.7,0.0,3.0
5228586,16.0,195.0,71.5,Female,2.0,188456.28,1.0,4.0
8943865,8.0,106.0,49.5,Female,2.0,73133.20999999999,2.0,5.0
1880861,14.0,173.0,51.5,Male,2.0,23823.32,4.0,7.0
2552297,6.0,80.0,77.0,Unknown,2.0,34549.59,0.0,3.0
8638777,16.0,198.0,44.0,Female,2.0,33868.74,0.0,3.0
1144836,4.0,59.0,41.5,Male,2.0,135905.03,2.0,5.0
8300335,4.0,58.0,21.5,Unknown,2.0,28750.65,3.0,6.0
3841168,6.0,73.0,28.5,Unknown,2.0,35694.91,4.0,7.0
3658858,9.0,119.0,58.5,Male,2.0,36191.97,2.0,5.0
7705694,16.0,202.0,36.5,Male,2.0,65670.95999999999,6.0,9.0
8158266,9.0,115.0,40.0,Female,3.0,105445.87,0.0,3.0
6917366,14.0,170.0,34.0,Male,2.0,36029.66,0.0,3.0
735409,26.0,317.0,23.0,Female,2.0,30106.95,2.0,5.0
1030203,8.0,107.0,37.5,Male,4.0,457250.17,6.0,9.0
2484575,7.0,91.0,59.0,Female,3.0,205746.75,4.0,7.0
7760229,28.0,347.0,60.0,Female,2.0,57497.31,6.0,9.0
1862987,4.0,59.0,30.0,Male,4.0,245673.09000000003,5.0,8.0
6909899,6.0,81.0,32.5,Unknown,2.0,56332.26,6.0,9.0
7163025,6.0,72.0,24.0,Unknown,2.0,45372.49,2.0,5.0
4331632,16.0,194.0,46.0,Female,3.0,673603.5,2.0,5.0
8157893,5.0,66.0,53.0,Male,4.0,393299.35,6.0,9.0
4824781,12.0,148.0,31.0,Female,2.0,72370.11,2.0,5.0
9484622,7.0,85.0,62.0,Unknown,2.0,204792.79,1.0,4.0
7221546,4.0,59.0,35.5,Unknown,3.0,36086.9,6.0,9.0
3705680,9.0,119.0,70.0,Male,2.0,95504.81,3.0,6.0
9800304,15.0,189.0,55.5,Female,2.0,100633.33,3.0,6.0
3383345,6.0,72.0,26.5,Unknown,2.0,53621.61,6.0,9.0
5872814,5.0,70.0,59.5,Unknown,2.0,38277.67,2.0,5.0
4226005,10.0,122.0,44.5,Female,2.0,58407.05,3.0,6.0
7252853,6.0,83.0,52.5,Unknown,2.0,68753.28,5.0,8.0
8613070,5.0,70.0,50.5,Unknown,2.0,46416.39,3.0,6.0
851453,6.0,78.0,21.5,Unknown,2.0,38576.52,0.0,3.0
7636646,4.0,48.0,61.5,Male,2.0,361720.31,4.0,7.0
6849300,25.0,307.0,20.0,Unknown,2.0,40873.66,0.0,3.0
3709112,25.0,306.0,59.5,Female,3.0,358551.61,5.0,8.0
3575714,23.0,285.0,54.5,Unknown,2.0,85332.98,3.0,6.0
1072983,22.0,266.0,38.5,Male,3.0,344530.31,6.0,9.0
6400804,21.0,258.0,62.0,Male,2.0,305230.39,2.0,5.0
1230632,21.0,255.0,62.0,Female,2.0,129157.29,6.0,9.0
1589879,20.0,250.0,58.0,Female,3.0,175219.82,3.0,6.0
5943201,20.0,247.0,51.0,Male,2.0,99644.25,4.0,7.0
283338,18.0,226.0,46.0,Female,2.0,35825.99,1.0,4.0
3252556,17.0,212.0,23.0,Male,2.0,32554.04,5.0,8.0
6666050,17.0,211.0,42.0,Male,3.0,913514.8,2.0,5.0
5102064,10.0,121.0,55.5,Male,2.0,478497.2,0.0,3.0
5831377,20.0,245.0,41.5,Female,2.0,25141.7,0.0,3.0
9286916,5.0,61.0,24.5,Unknown,3.0,128219.05,6.0,9.0
3251257,4.0,56.0,22.0,Unknown,2.0,97173.28,2.0,5.0
7680650,13.0,166.0,56.5,Male,2.0,128406.16,2.0,5.0
4546489,4.0,54.0,48.5,Unknown,2.0,85188.75,2.0,5.0
4805558,4.0,56.0,43.5,Unknown,2.0,33918.16,2.0,5.0
3877680,15.0,183.0,37.5,Male,2.0,362855.18,6.0,9.0
2772837,7.0,85.0,38.0,Unknown,2.0,78142.26999999999,2.0,5.0
6509749,12.0,154.0,54.5,Female,2.0,28156.14,5.0,8.0
8889922,9.0,108.0,27.0,Male,2.0,25088.27,1.0,4.0
5378271,5.0,71.0,31.0,Male,2.0,39124.64,2.0,5.0
3217072,17.0,214.0,39.0,Male,2.0,104502.67,0.0,3.0
2700111,10.0,120.0,39.5,Unknown,2.0,64206.23,3.0,6.0
2193034,14.0,173.0,31.5,Female,3.0,207070.46,4.0,7.0
5038157,9.0,110.0,32.5,Male,3.0,145747.24,6.0,9.0
9286556,8.0,107.0,30.0,Male,2.0,36314.03,1.0,4.0
4934404,11.0,138.0,53.0,Female,3.0,1381373.98,2.0,5.0
1457423,6.0,79.0,33.5,Unknown,2.0,40532.1,2.0,5.0
9525241,6.0,72.0,48.5,Unknown,2.0,120730.9,4.0,7.0
2692743,13.0,163.0,64.0,Female,2.0,121577.36,6.0,9.0
3678353,11.0,133.0,50.5,Female,2.0,51647.99,1.0,4.0
8852808,13.0,156.0,70.0,Female,2.0,35276.43,1.0,4.0
6267076,4.0,58.0,36.5,Male,2.0,36216.48,4.0,7.0
6670730,4.0,58.0,54.0,Unknown,2.0,31495.93,0.0,3.0
178125,5.0,63.0,33.0,Female,2.0,31420.62,0.0,3.0
5553555,5.0,70.0,61.5,Unknown,2.0,198131.29,3.0,6.0
3498846,6.0,81.0,24.0,Unknown,2.0,25356.32,2.0,5.0
206871,7.0,94.0,27.0,Unknown,2.0,66364.14,1.0,4.0
2767171,7.0,84.0,57.0,Unknown,2.0,91987.62,1.0,4.0
2103672,33.0,407.0,67.5,Female,2.0,116832.48,4.0,7.0
8885509,23.0,283.0,80.5,Male,4.0,357189.71,4.0,7.0
2373459,22.0,269.0,60.0,Female,2.0,196551.71,6.0,9.0
3474406,20.0,251.0,68.5,Female,2.0,145161.9,3.0,6.0
2382696,21.0,252.0,47.5,Female,2.0,209727.42,2.0,5.0
6784676,20.0,241.0,46.5,Male,2.0,75133.4,1.0,4.0
6885720,19.0,230.0,59.0,Male,2.0,160127.8,4.0,7.0
2708001,6.0,81.0,26.0,Unknown,2.0,34995.18,2.0,5.0
5152221,14.0,177.0,49.5,Male,2.0,79016.35,6.0,9.0
7523181,5.0,65.0,39.0,Unknown,3.0,81254.01999999999,5.0,8.0
5994870,15.0,187.0,59.0,Female,2.0,47421.49,3.0,6.0
7345204,13.0,166.0,31.5,Male,2.0,32824.21,1.0,4.0
5544750,7.0,93.0,58.5,Unknown,3.0,59856.4,1.0,4.0
402923,9.0,112.0,63.0,Male,2.0,449877.78,4.0,7.0
1425263,10.0,124.0,26.5,Male,2.0,70155.29999999999,3.0,6.0
4382388,10.0,130.0,61.5,Male,3.0,112711.94,6.0,9.0
2116546,5.0,68.0,47.5,Male,2.0,439310.29,3.0,6.0
6642024,9.0,118.0,36.5,Male,2.0,106909.37,1.0,4.0
4366198,4.0,58.0,43.5,Unknown,2.0,43516.19,2.0,5.0
1729027,12.0,145.0,58.5,Female,3.0,103565.18,4.0,7.0
6085447,14.0,169.0,49.5,Unknown,2.0,358582.93,1.0,4.0
376294,15.0,181.0,34.0,Female,2.0,71407.33,4.0,7.0
4572094,8.0,102.0,24.0,Unknown,4.0,77240.47,6.0,9.0
623607,8.0,100.0,24.5,Unknown,2.0,77718.81,6.0,9.0
6429753,9.0,108.0,63.5,Male,2.0,74492.35,3.0,6.0
3826872,7.0,84.0,48.0,Unknown,2.0,31395.07,0.0,3.0
6490913,6.0,82.0,65.5,Unknown,2.0,34658.73,2.0,5.0
7825783,12.0,149.0,33.5,Male,2.0,29387.53,0.0,3.0
5246023,14.0,171.0,33.5,Female,2.0,50199.13,2.0,5.0
1410032,21.0,262.0,47.5,Female,2.0,406674.16,5.0,8.0
6334445,14.0,169.0,52.0,Male,2.0,60604.56,5.0,8.0
5780229,11.0,138.0,30.0,Male,2.0,38530.51,3.0,6.0
8086037,6.0,75.0,67.5,Unknown,2.0,31848.22,1.0,4.0
791333,15.0,187.0,53.0,Female,2.0,83677.4,3.0,6.0
1007207,13.0,158.0,73.0,Male,3.0,105247.4,6.0,9.0
5127856,16.0,200.0,33.5,Female,2.0,30750.66,4.0,7.0
6280103,10.0,123.0,27.5,Male,2.0,31447.35,6.0,9.0
7811847,9.0,111.0,64.5,Female,2.0,61016.66,3.0,6.0
16747,13.0,166.0,31.5,Female,2.0,64652.09,1.0,4.0
2818088,6.0,78.0,43.5,Unknown,2.0,27693.95,0.0,3.0
6013375,6.0,78.0,43.0,Unknown,2.0,35534.69,3.0,6.0
8943831,9.0,119.0,42.0,Male,3.0,252224.28,1.0,4.0
1660435,7.0,90.0,61.5,Unknown,2.0,74770.38,3.0,6.0
9242111,16.0,198.0,65.0,Female,2.0,148286.31,2.0,5.0
372126,6.0,75.0,63.5,Unknown,2.0,467106.56,0.0,3.0
5811932,9.0,108.0,27.5,Male,2.0,91877.23,0.0,3.0
8695095,5.0,67.0,30.5,Male,2.0,116211.6,6.0,9.0
4730612,6.0,82.0,54.0,Female,2.0,32185.71,4.0,7.0
1549430,16.0,192.0,35.5,Male,2.0,90290.06,1.0,4.0
7330355,7.0,84.0,49.5,Unknown,2.0,66516.58,6.0,9.0
7813000,3.0,44.0,29.0,Unknown,2.0,47804.51,5.0,8.0
6194121,23.0,278.0,18.0,Female,2.0,40186.42999999999,2.0,5.0
9500752,22.0,274.0,72.0,Female,2.0,88700.53,5.0,8.0
7192750,22.0,271.0,54.0,Male,2.0,226462.13,2.0,5.0
1544212,21.0,260.0,20.0,Female,3.0,150256.37,5.0,8.0
9956903,21.0,256.0,50.5,Female,2.0,53947.53999999999,4.0,7.0
8504197,20.0,246.0,40.5,Male,2.0,118127.34,6.0,9.0
542047,28.0,347.0,72.0,Male,2.0,105577.64,1.0,4.0
6061926,19.0,238.0,29.5,Male,3.0,181431.53,4.0,7.0
3677926,17.0,208.0,62.5,Male,2.0,605966.16,6.0,9.0
2968815,11.0,136.0,35.0,Male,2.0,30436.09,6.0,9.0
8679790,32.0,390.0,67.5,Male,4.0,377287.37,6.0,9.0
1393226,9.0,118.0,61.5,Female,3.0,215508.98,5.0,8.0
1142049,25.0,302.0,24.5,Male,3.0,56400.5,1.0,4.0
2195909,9.0,109.0,37.0,Female,2.0,43157.81,1.0,4.0
8626423,9.0,118.0,31.5,Male,2.0,87946.09,1.0,4.0
9787570,13.0,157.0,28.0,Female,2.0,165425.89,2.0,5.0
2529548,8.0,103.0,53.5,Unknown,3.0,122961.22,6.0,9.0
321523,5.0,70.0,58.5,Unknown,2.0,127728.69,5.0,8.0
9189428,9.0,116.0,45.5,Male,2.0,610998.61,1.0,5.0
3903996,8.0,102.0,57.5,Unknown,2.0,190126.58,0.0,3.0
8919883,4.0,58.0,55.5,Unknown,2.0,39546.64,1.0,4.0
266404,6.0,79.0,31.5,Unknown,2.0,32401.2,0.0,3.0
9348822,28.0,341.0,56.5,Male,3.0,644396.9600000001,3.0,6.0
6765501,6.0,77.0,35.5,Unknown,2.0,32383.1,2.0,5.0
7853443,13.0,163.0,38.0,Female,2.0,97507.8,3.0,6.0
8715759,6.0,83.0,33.0,Unknown,2.0,32485.59,1.0,4.0
3178179,5.0,70.0,55.0,Unknown,2.0,36678.43,3.0,6.0
3429784,9.0,117.0,29.0,Male,2.0,24764.55,0.0,3.0
3959857,16.0,192.0,37.5,Male,3.0,979411.71,2.0,5.0
1443967,9.0,118.0,28.0,Female,3.0,90060.59999999999,6.0,9.0
7475446,7.0,92.0,57.0,Unknown,2.0,84064.78,0.0,3.0
5992313,8.0,105.0,31.0,Male,2.0,110232.85,2.0,5.0
1628554,6.0,78.0,18.5,Unknown,3.0,49735.25,6.0,9.0
7477767,15.0,183.0,73.0,Female,2.0,23793.49,0.0,3.0
951910,4.0,59.0,61.5,Male,2.0,222759.87,6.0,9.0
3263636,5.0,65.0,31.5,Female,2.0,25491.51,1.0,4.0
7159688,6.0,73.0,83.5,Unknown,2.0,323974.6,2.0,5.0
7552544,31.0,382.0,68.5,Female,2.0,238630.29,4.0,7.0
6255675,8.0,106.0,59.0,Female,2.0,55248.65,2.0,5.0
35346,7.0,88.0,32.5,Unknown,3.0,57444.72,3.0,6.0
6166822,14.0,179.0,59.0,Male,2.0,46476.24,1.0,4.0
2869034,14.0,178.0,55.5,Male,2.0,26391.89,1.0,4.0
4290599,5.0,69.0,65.0,Unknown,2.0,135047.74,6.0,9.0
5300171,14.0,173.0,49.0,Female,2.0,80048.48999999999,1.0,4.0
1795358,5.0,65.0,50.5,Unknown,2.0,28141.67,3.0,6.0
5426638,10.0,124.0,61.5,Female,2.0,49282.98,1.0,4.0
7142792,8.0,98.0,26.5,Unknown,2.0,31483.39,1.0,4.0
252002,7.0,94.0,25.5,Unknown,2.0,38943.69,2.0,5.0
257840,13.0,161.0,36.0,Male,3.0,109605.55,0.0,3.0
5007194,5.0,60.0,31.5,Unknown,2.0,103738.7,4.0,7.0
1388554,15.0,189.0,37.5,Female,2.0,52709.47,1.0,4.0
9108186,12.0,145.0,36.5,Male,2.0,26842.12,1.0,4.0
3830756,5.0,71.0,27.0,Unknown,2.0,31040.91,2.0,5.0
646758,24.0,295.0,80.5,Female,2.0,64517.16,2.0,5.0
3002237,13.0,157.0,61.0,Male,2.0,544336.53,1.0,4.0
5173552,8.0,98.0,38.5,Unknown,2.0,27261.16,2.0,5.0
5848350,13.0,163.0,30.0,Male,2.0,97139.64,6.0,9.0
239136,8.0,97.0,67.5,Unknown,2.0,49762.08,2.0,5.0
7884207,8.0,98.0,34.0,Unknown,2.0,102811.63,6.0,9.0
4504411,4.0,58.0,55.0,Unknown,2.0,32638.6,3.0,6.0
1169144,23.0,278.0,63.5,Female,2.0,53970.86,3.0,6.0
9150604,21.0,263.0,53.5,Female,2.0,76994.58,5.0,8.0
9193304,21.0,254.0,53.5,Female,3.0,149748.99,6.0,9.0
5066578,10.0,124.0,33.0,Female,2.0,44924.15,2.0,5.0
3125088,15.0,186.0,34.0,Female,3.0,43020.63,1.0,4.0
3811803,5.0,70.0,32.5,Female,2.0,52625.44,0.0,3.0
6848132,15.0,180.0,40.5,Male,2.0,67472.98999999999,1.0,4.0
2204634,30.0,367.0,53.0,Female,3.0,101256.56,1.0,4.0
8165314,5.0,71.0,45.0,Unknown,2.0,147377.78,6.0,9.0
9331888,5.0,64.0,57.0,Unknown,2.0,32805.56,0.0,3.0
1948430,6.0,73.0,31.0,Unknown,2.0,60371.74,3.0,6.0
8280107,12.0,152.0,30.0,Male,2.0,26730.61,5.0,8.0
4386726,8.0,99.0,47.5,Male,2.0,25318.1,6.0,9.0
1809578,10.0,130.0,63.5,Female,2.0,99112.34,6.0,9.0
5446789,16.0,193.0,38.0,Female,2.0,101046.13,4.0,7.0
6371557,12.0,154.0,31.0,Female,2.0,84017.58,6.0,9.0
3875350,12.0,154.0,57.0,Male,2.0,83797.1,4.0,7.0
8322275,12.0,149.0,59.5,Male,2.0,74091.66,4.0,7.0
1280941,14.0,169.0,52.5,Unknown,4.0,28221.72,6.0,9.0
6346401,10.0,127.0,53.0,Male,2.0,177261.47999999998,0.0,3.0
3178121,12.0,154.0,39.0,Male,4.0,171330.59000000003,5.0,8.0
7758476,12.0,144.0,73.5,Male,2.0,675296.87,3.0,6.0
2566668,21.0,253.0,51.0,Male,2.0,66218.51999999999,6.0,9.0
5546610,6.0,78.0,33.0,Unknown,2.0,35771.02,6.0,9.0
3524346,12.0,148.0,44.0,Male,2.0,67188.36,5.0,8.0
6103330,10.0,130.0,29.0,Female,2.0,35282.52,1.0,4.0
1808926,20.0,248.0,58.5,Female,2.0,58575.92,0.0,3.0
3242420,6.0,74.0,54.5,Unknown,3.0,81819.79999999999,6.0,9.0
7977345,12.0,152.0,33.5,Male,2.0,123162.33,3.0,6.0
4506445,5.0,64.0,25.5,Male,2.0,45130.64,2.0,5.0
7358299,13.0,156.0,33.5,Female,2.0,69457.95999999999,0.0,3.0
2957064,5.0,70.0,59.5,Female,2.0,638980.89,6.0,9.0
2615082,11.0,142.0,65.0,Male,2.0,676535.06,3.0,6.0
4242273,3.0,45.0,23.0,Unknown,2.0,123141.26,1.0,4.0
7158000,20.0,251.0,50.0,Female,2.0,40496.36,0.0,3.0
6292909,7.0,92.0,41.0,Unknown,3.0,140093.58000000002,5.0,8.0
2688516,5.0,64.0,64.5,Unknown,2.0,75665.01999999999,3.0,6.0
4263055,4.0,58.0,23.0,Unknown,2.0,30032.36,0.0,4.0
432265,5.0,71.0,28.5,Unknown,2.0,53862.22,6.0,9.0
2477472,4.0,57.0,25.5,Unknown,2.0,29127.16,0.0,3.0
9255199,34.0,415.0,72.0,Male,2.0,126935.41,3.0,6.0
3798166,9.0,109.0,35.0,Female,2.0,28248.21,5.0,8.0
2006296,9.0,118.0,34.0,Female,2.0,56578.27,2.0,5.0
5319961,5.0,64.0,47.0,Female,3.0,114959.0,2.0,5.0
8812335,8.0,107.0,64.5,Female,2.0,25220.12,2.0,5.0
3186737,11.0,143.0,27.5,Male,2.0,80620.98,3.0,6.0
3450553,15.0,191.0,62.5,Female,3.0,105855.5,6.0,9.0
5274750,13.0,165.0,40.5,Male,2.0,57409.88,0.0,3.0
672250,4.0,48.0,24.5,Unknown,4.0,100900.77,3.0,7.0
6158588,25.0,308.0,71.5,Male,3.0,573003.53,2.0,6.0
4281404,24.0,288.0,57.0,Female,2.0,41830.1,3.0,6.0
3788314,22.0,264.0,52.5,Male,2.0,85592.54999999999,1.0,4.0
9248406,21.0,263.0,67.5,Female,3.0,191026.86,6.0,9.0
4055654,20.0,250.0,24.0,Female,2.0,26354.9,1.0,4.0
1708852,20.0,250.0,46.5,Female,2.0,29696.91,6.0,9.0
6377209,17.0,204.0,63.0,Unknown,3.0,46362.66,2.0,5.0
5506078,3.0,43.0,25.0,Unknown,2.0,27110.82,3.0,6.0
6186980,4.0,56.0,54.0,Unknown,2.0,80027.4,3.0,6.0
5876422,6.0,73.0,18.5,Unknown,2.0,28700.1,0.0,3.0
6229978,6.0,79.0,53.5,Unknown,2.0,445628.68,1.0,4.0
9355560,6.0,73.0,33.0,Unknown,2.0,43938.5,6.0,9.0
4333686,6.0,81.0,24.5,Male,3.0,106929.09,6.0,9.0
1316402,34.0,408.0,62.5,Female,2.0,327718.17,4.0,7.0
3965651,28.0,343.0,26.5,Unknown,2.0,40547.28,6.0,9.0
3401261,12.0,154.0,62.0,Female,2.0,32436.05,2.0,5.0
9409443,15.0,189.0,62.0,Female,2.0,55291.64,5.0,8.0
2515711,15.0,189.0,67.0,Male,2.0,154453.53,1.0,4.0
9141212,6.0,79.0,39.5,Unknown,2.0,69417.84,0.0,3.0
4312080,9.0,108.0,35.0,Male,4.0,72617.53,5.0,8.0
2039024,16.0,193.0,62.0,Unknown,2.0,177750.55,2.0,5.0
9680276,9.0,108.0,35.5,Male,4.0,472452.24,3.0,6.0
1256732,11.0,136.0,67.5,Female,2.0,46376.87,0.0,3.0
4610764,6.0,81.0,28.0,Unknown,2.0,39508.81,0.0,3.0
7677466,23.0,276.0,65.5,Female,2.0,35876.83,0.0,3.0
7616559,4.0,54.0,21.5,Unknown,3.0,79490.81,3.0,6.0
1382736,12.0,150.0,52.0,Female,3.0,55167.52,6.0,9.0
1858427,6.0,79.0,26.0,Unknown,2.0,35272.74,2.0,6.0
8833869,16.0,202.0,63.0,Female,2.0,30931.5,6.0,9.0
9849937,9.0,118.0,68.0,Male,2.0,45233.25,1.0,4.0
7218482,7.0,95.0,34.5,Unknown,2.0,27670.23,2.0,5.0
4275835,7.0,86.0,73.0,Unknown,3.0,57871.3,2.0,5.0
1858827,5.0,70.0,20.0,Female,3.0,71514.7,2.0,5.0
2092141,9.0,118.0,61.5,Male,2.0,100535.67,1.0,4.0
5704768,15.0,189.0,67.0,Female,2.0,388393.43,1.0,4.0
6856203,12.0,146.0,32.5,Female,2.0,124814.9,1.0,4.0
493186,6.0,82.0,32.0,Unknown,3.0,169401.37,3.0,6.0
2024110,5.0,65.0,40.0,Unknown,2.0,39392.38,0.0,3.0
6356336,7.0,84.0,30.0,Unknown,2.0,54756.32,3.0,6.0
9142677,7.0,87.0,33.0,Unknown,3.0,199966.12,1.0,4.0
3277329,14.0,179.0,47.5,Female,2.0,66076.72,2.0,5.0
4581365,30.0,370.0,71.5,Male,2.0,62999.24,6.0,9.0
3876464,7.0,89.0,30.0,Unknown,2.0,33568.6,1.0,4.0
797410,10.0,123.0,28.0,Male,2.0,47281.12,0.0,3.0
6917755,11.0,135.0,65.5,Female,2.0,33880.52,5.0,8.0
3629373,30.0,363.0,62.0,Female,2.0,153249.16999999998,5.0,8.0
7985391,5.0,67.0,66.0,Male,2.0,225584.3,5.0,8.0
8261410,14.0,179.0,48.0,Male,2.0,46493.11,2.0,5.0
8889682,23.0,282.0,66.5,Female,2.0,161245.06,5.0,8.0
4792942,22.0,270.0,58.0,Female,2.0,54883.11,2.0,5.0
7229718,21.0,259.0,43.5,Male,2.0,96861.12,1.0,4.0
434673,21.0,258.0,62.0,Female,2.0,70582.54000000001,0.0,3.0
9459879,21.0,253.0,41.0,Unknown,2.0,59532.54,4.0,7.0
2352899,20.0,248.0,43.5,Unknown,2.0,132520.91999999998,3.0,6.0
6620418,7.0,84.0,36.0,Unknown,2.0,42895.92,1.0,4.0
9716000,12.0,150.0,41.0,Female,2.0,146052.88,3.0,6.0
608211,4.0,58.0,44.0,Male,2.0,392946.79,6.0,9.0
7561,11.0,141.0,33.0,Male,2.0,35070.619999999995,6.0,9.0
7476680,13.0,157.0,43.5,Female,2.0,104316.55,2.0,5.0
9102469,13.0,165.0,44.5,Male,2.0,158881.68,5.0,8.0
9009897,8.0,97.0,37.0,Unknown,2.0,23822.39,0.0,3.0
8923312,13.0,156.0,68.5,Male,2.0,90221.12,2.0,5.0
8946857,5.0,70.0,29.5,Unknown,3.0,44356.11,4.0,7.0
8049816,30.0,364.0,58.5,Female,2.0,105710.7,6.0,9.0
709446,6.0,77.0,74.0,Unknown,2.0,67687.62,1.0,4.0
7122387,14.0,178.0,54.0,Male,2.0,206089.26,1.0,4.0
7039946,7.0,84.0,61.0,Unknown,3.0,505355.99,5.0,8.0
2206163,4.0,59.0,56.0,Unknown,2.0,110192.01,2.0,5.0
8711021,25.0,308.0,33.5,Unknown,5.0,327709.05,3.0,6.0
3357159,8.0,105.0,34.5,Female,3.0,139822.91999999998,3.0,6.0
1664737,8.0,103.0,47.0,Unknown,2.0,44631.36,4.0,7.0
8580110,14.0,173.0,42.0,Female,2.0,82507.63,2.0,5.0
7882570,14.0,174.0,36.5,Female,2.0,25128.24,4.0,7.0
9537000,10.0,131.0,31.0,Male,2.0,40159.82,6.0,9.0
4628890,5.0,71.0,40.5,Unknown,2.0,38081.64,1.0,4.0
6278458,15.0,184.0,63.5,Female,2.0,43567.76,6.0,9.0
6480704,10.0,123.0,66.0,Male,2.0,36682.26,5.0,8.0
1822468,13.0,166.0,33.5,Female,3.0,540510.42,6.0,9.0
8001712,13.0,161.0,47.5,Male,2.0,46948.78,5.0,8.0
5652023,5.0,60.0,37.0,Unknown,2.0,81405.92,4.0,7.0
9530171,7.0,95.0,28.5,Unknown,3.0,67488.97,1.0,4.0
1365804,11.0,138.0,66.0,Female,2.0,145540.41,2.0,5.0
4382504,7.0,88.0,69.5,Male,2.0,498347.17,2.0,6.0
810784,8.0,104.0,50.0,Male,4.0,802743.9,6.0,9.0
7519532,4.0,59.0,44.5,Unknown,2.0,36124.76,3.0,6.0
8981527,7.0,89.0,29.5,Unknown,2.0,28659.19,3.0,6.0
7241463,15.0,191.0,33.0,Female,2.0,27962.66,1.0,4.0
7862527,10.0,122.0,20.0,Female,2.0,36209.72,3.0,6.0
7593096,8.0,105.0,31.5,Male,3.0,60640.48,2.0,5.0
8642464,11.0,141.0,40.0,Male,2.0,111012.29,6.0,9.0
4904603,16.0,196.0,68.0,Female,2.0,100343.08,6.0,9.0
6859444,9.0,110.0,50.5,Male,2.0,183511.46,3.0,6.0
594139,13.0,163.0,48.5,Male,3.0,67590.26999999999,6.0,9.0
9257813,10.0,131.0,61.5,Female,2.0,48980.6,1.0,4.0
9414396,7.0,88.0,62.0,Unknown,2.0,32017.72,3.0,6.0
7216614,14.0,178.0,43.0,Female,2.0,105102.21,4.0,7.0
1668124,4.0,59.0,68.5,Unknown,2.0,86239.97,2.0,5.0
4934172,6.0,74.0,33.5,Unknown,2.0,41180.75,0.0,3.0
3979790,13.0,167.0,68.0,Male,2.0,35287.31,3.0,6.0
4050071,16.0,202.0,37.0,Female,2.0,70687.95,6.0,9.0
1386684,33.0,404.0,72.0,Male,2.0,120078.33,1.0,4.0
8213408,8.0,96.0,39.5,Unknown,2.0,64468.57,2.0,5.0
1991360,6.0,81.0,34.0,Unknown,2.0,67208.2,1.0,5.0
8419833,24.0,298.0,58.5,Female,2.0,47526.78,4.0,7.0
8768044,24.0,290.0,65.5,Female,2.0,46930.98,2.0,5.0
6107602,24.0,288.0,56.5,Male,3.0,186284.68,4.0,7.0
6959043,23.0,277.0,46.0,Male,2.0,139693.19,6.0,9.0
8863115,20.0,249.0,73.0,Female,2.0,138989.93,1.0,4.0
1001731,21.0,254.0,61.0,Female,2.0,1244734.45,6.0,9.0
450673,20.0,241.0,51.5,Male,2.0,184082.27,4.0,7.0
1052702,19.0,235.0,31.5,Male,2.0,61197.34,3.0,6.0
2875223,5.0,68.0,32.0,Unknown,2.0,52378.77,1.0,4.0
5953263,15.0,190.0,35.5,Female,2.0,137919.37,2.0,5.0
3458790,11.0,143.0,69.0,Female,2.0,224929.78,3.0,6.0
6232755,5.0,68.0,47.0,Unknown,2.0,54125.86,6.0,9.0
58196,7.0,86.0,45.5,Unknown,2.0,59031.46,6.0,9.0
7556066,27.0,326.0,67.0,Female,3.0,181907.54,2.0,6.0
4069950,13.0,161.0,70.5,Male,3.0,414057.91,6.0,9.0
9341024,6.0,75.0,67.5,Female,2.0,163660.31,6.0,9.0
3749450,12.0,153.0,36.5,Female,5.0,124750.54,5.0,8.0
6406276,16.0,194.0,54.5,Male,2.0,42139.11,6.0,9.0
3691909,6.0,74.0,36.0,Unknown,2.0,85056.25,6.0,9.0
6335136,14.0,173.0,30.0,Female,2.0,32097.05,6.0,9.0
6752957,7.0,89.0,26.5,Male,2.0,31392.05,1.0,4.0
4880190,9.0,112.0,71.5,Female,2.0,176680.27999999997,4.0,7.0
893278,10.0,130.0,58.0,Female,2.0,48666.86,6.0,9.0
7042886,15.0,190.0,46.5,Male,2.0,41077.28999999999,6.0,9.0
5189179,9.0,109.0,28.5,Male,2.0,33904.96,1.0,4.0
9791984,5.0,70.0,26.0,Unknown,2.0,31587.5,1.0,4.0
2579616,31.0,379.0,60.0,Male,4.0,3351539.77,2.0,5.0
2686029,16.0,202.0,69.0,Female,2.0,87864.42,0.0,3.0
4753357,8.0,102.0,23.5,Unknown,2.0,29414.43,4.0,7.0
1087085,14.0,174.0,54.5,Male,2.0,256894.22,3.0,6.0
2735478,6.0,78.0,45.5,Unknown,2.0,54543.39,2.0,5.0
7019905,9.0,109.0,25.5,Female,2.0,60247.6,1.0,4.0
5511899,16.0,197.0,24.0,Male,3.0,42258.85,6.0,9.0
9735541,13.0,166.0,59.5,Female,2.0,109262.42,6.0,9.0
3087575,15.0,187.0,68.5,Male,4.0,331271.94,6.0,9.0
2126911,6.0,73.0,31.5,Unknown,3.0,147564.99,4.0,7.0
6477633,15.0,180.0,48.0,Female,3.0,103323.46,4.0,7.0
5604852,27.0,330.0,69.0,Female,2.0,35232.17,6.0,9.0
8079399,8.0,96.0,68.5,Unknown,2.0,261693.05,3.0,6.0
9477172,8.0,106.0,41.5,Male,2.0,64389.41,0.0,3.0
9894654,14.0,173.0,89.0,Female,2.0,23839.58,2.0,5.0
4476976,7.0,93.0,58.0,Unknown,3.0,49615.61,0.0,3.0
4102238,4.0,59.0,26.5,Unknown,2.0,26351.38,3.0,6.0
5253954,6.0,72.0,24.0,Female,2.0,51147.25,4.0,7.0
8880247,15.0,181.0,42.5,Male,3.0,44497.06,2.0,5.0
906029,4.0,58.0,55.0,Unknown,2.0,641763.88,5.0,8.0
5424176,4.0,57.0,38.0,Unknown,2.0,282227.67,1.0,4.0
9468676,5.0,66.0,31.0,Unknown,2.0,32603.25,1.0,4.0
9517489,6.0,74.0,24.5,Unknown,2.0,33787.899999999994,6.0,9.0
72915,5.0,70.0,39.5,Male,3.0,215694.63,6.0,9.0
7825196,8.0,100.0,27.5,Female,3.0,37818.22,3.0,6.0
7068614,6.0,73.0,24.5,Unknown,2.0,65765.2,3.0,6.0
7766636,7.0,93.0,39.5,Unknown,2.0,46587.58,2.0,5.0
6900679,6.0,83.0,38.5,Unknown,2.0,45051.63,2.0,5.0
5418267,21.0,254.0,42.0,Male,2.0,89547.05,3.0,6.0
1641549,20.0,251.0,56.0,Female,2.0,35365.32,3.0,6.0
1731892,18.0,216.0,30.0,Male,3.0,59689.91,1.0,4.0
3750586,17.0,212.0,36.5,Female,4.0,83212.73999999999,1.0,4.0
6931123,6.0,78.0,59.0,Unknown,2.0,457122.63,4.0,7.0
5013932,15.0,189.0,33.5,Female,2.0,53783.36,3.0,6.0
5287195,14.0,173.0,53.5,Female,2.0,124788.5,3.0,6.0
7991619,10.0,121.0,56.5,Unknown,2.0,72880.03,5.0,8.0
5774314,19.0,238.0,71.5,Male,2.0,57664.85,0.0,3.0
3781653,11.0,135.0,54.0,Male,3.0,461433.77,6.0,9.0
9559482,14.0,171.0,38.0,Male,2.0,56295.47,6.0,9.0
9932164,6.0,74.0,64.0,Unknown,2.0,32429.24,3.0,6.0
5647195,7.0,87.0,27.0,Unknown,4.0,108712.19,5.0,8.0
5576190,6.0,82.0,38.5,Unknown,2.0,29920.57,6.0,9.0
7435991,14.0,179.0,34.5,Female,2.0,33306.57,0.0,3.0
1895875,6.0,83.0,49.0,Unknown,2.0,168606.57,3.0,6.0
4859191,13.0,163.0,67.0,Female,2.0,139572.34,6.0,9.0
4523387,6.0,77.0,22.5,Unknown,2.0,24353.67,5.0,8.0
8817073,11.0,137.0,39.5,Female,2.0,45978.3,0.0,3.0
6576739,14.0,170.0,51.5,Male,2.0,97473.42,0.0,3.0
98337,4.0,58.0,59.5,Unknown,2.0,33394.7,6.0,9.0
1759997,12.0,155.0,56.0,Male,2.0,133066.91,2.0,5.0
5065148,3.0,41.0,23.5,Unknown,3.0,43805.81,6.0,9.0
1854714,7.0,86.0,22.5,Unknown,2.0,51802.19,2.0,6.0
8834411,15.0,182.0,36.0,Male,2.0,62168.83,3.0,6.0
4336714,4.0,55.0,59.5,Female,2.0,30316.41,4.0,7.0
5287560,16.0,195.0,50.0,Female,3.0,101746.83,1.0,4.0
6159840,12.0,153.0,58.5,Female,2.0,85595.42,2.0,5.0
9515388,3.0,47.0,60.0,Unknown,2.0,440813.04,5.0,8.0
7643934,7.0,84.0,71.5,Unknown,2.0,49080.67999999999,6.0,9.0
5267658,10.0,120.0,42.0,Female,3.0,114535.33,3.0,7.0
9081241,8.0,103.0,75.0,Unknown,2.0,55688.39,6.0,9.0
3690628,7.0,94.0,36.0,Male,3.0,514471.63,6.0,9.0
1964381,6.0,73.0,56.0,Female,2.0,206620.85,4.0,7.0
6981369,7.0,87.0,28.5,Unknown,2.0,65563.93,6.0,9.0
1083547,12.0,155.0,33.0,Female,2.0,49915.86,1.0,4.0
8903554,5.0,71.0,24.5,Unknown,2.0,63883.2,6.0,9.0
8569065,7.0,84.0,35.0,Unknown,2.0,33217.73,2.0,5.0
9518545,15.0,186.0,44.5,Female,2.0,80319.76999999999,1.0,4.0
5279633,7.0,86.0,27.5,Unknown,2.0,59997.31,2.0,5.0
9256451,15.0,184.0,39.0,Male,2.0,73597.31,2.0,5.0
6858835,9.0,111.0,40.5,Female,2.0,35144.44,2.0,5.0
3557050,11.0,136.0,67.0,Female,2.0,112769.74,4.0,7.0
2357490,4.0,59.0,49.5,Unknown,2.0,38167.76,2.0,5.0
1733676,6.0,72.0,28.5,Unknown,2.0,28320.37,3.0,6.0
8284851,8.0,97.0,28.5,Unknown,2.0,49281.23,1.0,4.0
4580972,5.0,70.0,56.0,Unknown,2.0,30185.17,0.0,3.0
760039,7.0,94.0,57.0,Unknown,2.0,66875.63,1.0,4.0
1708383,4.0,58.0,20.0,Unknown,2.0,41090.78,4.0,7.0
4717,7.0,86.0,58.0,Unknown,2.0,1739571.5499999998,6.0,9.0
4630887,10.0,128.0,28.0,Female,2.0,26165.65,0.0,3.0
6638024,4.0,58.0,21.5,Unknown,2.0,35980.67,0.0,3.0
7503894,8.0,105.0,33.5,Male,3.0,274720.09,2.0,5.0
469978,9.0,115.0,70.0,Male,4.0,263851.13,6.0,9.0
5366824,22.0,268.0,77.0,Female,2.0,29733.97,1.0,5.0
8482201,21.0,260.0,64.5,Female,2.0,59311.15,1.0,4.0
5639772,17.0,209.0,52.0,Female,2.0,31251.45,6.0,9.0
65716,12.0,145.0,45.0,Female,3.0,124943.26,1.0,4.0
6293390,12.0,148.0,50.5,Female,2.0,26195.2,1.0,4.0
9083361,19.0,238.0,58.5,Female,2.0,35719.03,6.0,9.0
1823874,6.0,73.0,24.5,Unknown,2.0,52806.42,2.0,5.0
8112934,4.0,57.0,53.0,Unknown,2.0,59095.43,1.0,4.0
7696017,5.0,67.0,26.0,Unknown,2.0,32946.5,2.0,5.0
7578193,13.0,162.0,66.0,Male,2.0,270901.12,1.0,4.0
110028,16.0,197.0,62.5,Male,2.0,246589.93,5.0,8.0
4032421,6.0,73.0,30.5,Unknown,2.0,54754.05,5.0,8.0
5742686,17.0,215.0,42.0,Female,2.0,226173.5,0.0,3.0
6140457,5.0,70.0,67.0,Female,2.0,214338.05,3.0,6.0
8092923,14.0,177.0,58.0,Female,2.0,120675.12,0.0,3.0
7283798,10.0,125.0,63.5,Unknown,2.0,49070.53,4.0,7.0
5964453,13.0,167.0,31.5,Male,2.0,31706.44,0.0,3.0
2836964,13.0,156.0,65.5,Male,2.0,115979.63,6.0,9.0
4071423,8.0,107.0,65.0,Male,3.0,141755.41,3.0,6.0
8718423,19.0,228.0,55.0,Male,2.0,131180.47,6.0,9.0
2087249,8.0,105.0,28.5,Male,3.0,78688.07,6.0,9.0
7954907,16.0,197.0,33.5,Female,2.0,76774.6,6.0,9.0
3384890,5.0,60.0,28.0,Unknown,2.0,49463.91,5.0,8.0
2228618,10.0,121.0,65.5,Female,2.0,31155.12,1.0,4.0
9921981,4.0,58.0,19.0,Unknown,2.0,34260.68,0.0,3.0
7943030,2.0,33.0,55.0,Unknown,3.0,54084.94,4.0,7.0
3276921,5.0,70.0,33.5,Female,2.0,30518.69,0.0,3.0
5308117,15.0,189.0,58.0,Female,2.0,150953.52000000002,1.0,4.0
5407463,9.0,119.0,68.0,Female,2.0,392849.31,5.0,8.0
8437302,6.0,80.0,25.0,Unknown,4.0,136116.58000000002,6.0,9.0
2268258,5.0,64.0,21.5,Unknown,2.0,52185.71,0.0,4.0
2205884,8.0,96.0,48.0,Unknown,2.0,28163.88,4.0,7.0
7421398,9.0,112.0,49.5,Male,2.0,61021.75,2.0,5.0
6432902,6.0,82.0,31.0,Male,2.0,56250.32,0.0,3.0
4702980,7.0,86.0,27.0,Unknown,2.0,46775.66,0.0,4.0
3647605,7.0,84.0,57.0,Unknown,2.0,44080.19,3.0,6.0
7848596,6.0,82.0,52.0,Unknown,2.0,202839.92,3.0,6.0
6119358,6.0,82.0,59.0,Unknown,2.0,41804.28999999999,4.0,7.0
1529368,26.0,322.0,22.0,Female,2.0,34421.91,0.0,3.0
2037181,4.0,57.0,67.5,Unknown,2.0,862293.02,3.0,6.0
4673961,5.0,68.0,24.0,Unknown,3.0,104124.1,4.0,7.0
7116779,13.0,160.0,51.0,Female,2.0,27820.85,1.0,4.0
4612340,7.0,94.0,41.5,Male,2.0,28638.64,2.0,5.0
4906237,16.0,197.0,41.0,Female,2.0,105665.34,3.0,6.0
4703640,15.0,184.0,49.5,Female,2.0,173312.56,0.0,3.0
6893731,23.0,287.0,44.5,Male,5.0,565383.0800000001,6.0,9.0
5841499,23.0,277.0,49.5,Male,4.0,495952.17,6.0,9.0
3810894,22.0,272.0,67.0,Female,2.0,123173.03,1.0,4.0
3782015,22.0,265.0,55.5,Female,3.0,86280.53,4.0,7.0
6274544,16.0,201.0,25.0,Female,2.0,53565.17999999999,0.0,5.0
9429325,6.0,76.0,31.0,Unknown,5.0,62496.21,5.0,8.0
2717233,5.0,67.0,59.5,Unknown,2.0,47970.97,1.0,4.0
8568805,5.0,71.0,35.5,Unknown,2.0,44819.87,6.0,9.0
1741737,17.0,214.0,35.0,Male,2.0,60263.16,6.0,9.0
8820162,8.0,106.0,57.0,Female,2.0,33685.88,6.0,9.0
252898,4.0,57.0,51.5,Unknown,2.0,38275.58,2.0,5.0
7887922,6.0,78.0,52.0,Male,2.0,60473.86,6.0,9.0
9660940,9.0,118.0,58.5,Male,3.0,185938.32,3.0,6.0
1089344,4.0,56.0,23.0,Unknown,3.0,29271.88,1.0,4.0
6341770,13.0,156.0,64.0,Male,2.0,58354.33,0.0,3.0
3060572,6.0,74.0,33.5,Unknown,4.0,192672.8,3.0,6.0
8943833,26.0,313.0,65.5,Female,2.0,777945.31,6.0,9.0
836422,11.0,141.0,45.5,Male,3.0,441406.79,5.0,8.0
7553351,12.0,149.0,63.0,Female,2.0,28958.59,1.0,4.0
7911750,22.0,270.0,73.0,Female,2.0,138188.34999999998,5.0,8.0
9500491,3.0,45.0,77.5,Female,2.0,261236.13,3.0,7.0
90596,4.0,55.0,48.0,Female,2.0,325687.11,5.0,8.0
9382750,10.0,128.0,51.5,Female,2.0,57337.75,6.0,9.0
3642835,18.0,224.0,54.5,Male,2.0,1158691.45,3.0,6.0
7498791,5.0,70.0,27.0,Unknown,2.0,36760.64,1.0,4.0
9088621,5.0,67.0,23.0,Unknown,2.0,52464.8,6.0,9.0
79452,10.0,124.0,45.5,Female,2.0,25497.63,1.0,4.0
9211898,7.0,94.0,42.5,Unknown,3.0,35081.17,4.0,7.0
4399065,16.0,196.0,54.5,Male,2.0,28378.48,6.0,9.0
6387328,26.0,323.0,44.0,Male,3.0,27943.58,1.0,4.0
9932763,12.0,149.0,46.0,Female,2.0,46935.44,2.0,5.0
9543750,15.0,183.0,31.5,Male,2.0,46707.35,1.0,4.0
293075,8.0,97.0,37.5,Unknown,2.0,59947.08,1.0,4.0
3502301,43.0,526.0,33.5,Male,2.0,25070.4,6.0,9.0
6340549,6.0,82.0,24.5,Unknown,3.0,109152.37,6.0,9.0
9069966,25.0,301.0,19.5,Female,2.0,45269.57,0.0,3.0
395152,23.0,281.0,63.0,Female,2.0,205872.08,1.0,4.0
4450982,23.0,280.0,52.0,Female,2.0,66227.88,6.0,9.0
1637198,22.0,270.0,47.5,Male,2.0,43879.94,0.0,3.0
4805384,22.0,268.0,60.0,Male,3.0,165840.25,1.0,4.0
4822242,21.0,263.0,58.5,Male,2.0,76721.43,5.0,8.0
1645811,18.0,226.0,68.5,Female,2.0,112485.85,6.0,9.0
9371642,17.0,212.0,63.5,Female,2.0,79237.89,2.0,5.0
1415103,17.0,207.0,50.0,Male,2.0,151127.32,0.0,3.0
3903837,16.0,202.0,40.0,Female,2.0,187605.38,6.0,9.0
1814826,10.0,121.0,66.5,Male,2.0,192593.96,6.0,9.0
4606865,5.0,66.0,21.5,Unknown,3.0,53237.4,6.0,9.0
6833110,14.0,168.0,47.5,Male,2.0,181856.03,5.0,8.0
7341832,6.0,77.0,70.5,Male,3.0,2046616.05,3.0,6.0
7626648,13.0,161.0,34.5,Male,3.0,321965.25,1.0,4.0
8540726,7.0,90.0,55.0,Unknown,2.0,222034.28,5.0,8.0
6045314,4.0,56.0,65.0,Unknown,2.0,181655.7,6.0,9.0
7015724,7.0,85.0,38.5,Male,2.0,900409.64,3.0,6.0
358176,3.0,40.0,64.5,Unknown,2.0,106157.79,0.0,3.0
1929072,11.0,133.0,31.5,Male,2.0,197652.85,1.0,4.0
685442,5.0,68.0,24.5,Unknown,2.0,28581.07,3.0,6.0
1567591,15.0,188.0,44.0,Female,4.0,107624.91,1.0,4.0
8663255,6.0,75.0,27.0,Unknown,2.0,30025.98,1.0,4.0
6827687,8.0,102.0,51.5,Male,2.0,505456.1,6.0,9.0
5050235,5.0,70.0,53.5,Unknown,2.0,27756.87,1.0,4.0
1655117,8.0,96.0,31.5,Unknown,2.0,45858.99,4.0,7.0
6903653,19.0,234.0,61.5,Male,2.0,30988.54,5.0,8.0
1417640,29.0,355.0,64.0,Female,3.0,1559013.0599999998,6.0,9.0
903191,16.0,192.0,45.5,Male,2.0,39010.86,0.0,3.0
9616879,4.0,49.0,64.5,Female,2.0,168994.02999999997,4.0,7.0
3222319,13.0,161.0,56.0,Female,2.0,163242.40999999997,1.0,4.0
8488517,8.0,107.0,28.5,Male,4.0,90213.23,6.0,9.0
6792182,6.0,82.0,24.5,Unknown,2.0,41260.23,6.0,9.0
8799359,14.0,169.0,31.5,Male,3.0,32841.75,2.0,5.0
6683240,14.0,173.0,63.0,Female,2.0,25184.03,2.0,5.0
89645,12.0,145.0,32.0,Female,2.0,101009.18,2.0,5.0
9194676,11.0,139.0,33.0,Female,2.0,52285.1,5.0,8.0
4359348,6.0,82.0,25.0,Unknown,3.0,38691.47,6.0,9.0
3119062,8.0,98.0,56.0,Unknown,2.0,24281.25,2.0,5.0
3996868,30.0,361.0,51.5,Male,2.0,67820.65,1.0,4.0
3819828,4.0,56.0,46.0,Unknown,2.0,172443.51,0.0,7.0
1993843,13.0,161.0,63.5,Male,2.0,213615.65,3.0,6.0
5474085,28.0,342.0,71.5,Male,2.0,218138.59000000003,3.0,6.0
3294909,11.0,142.0,51.0,Female,2.0,66973.88,6.0,9.0
1403894,22.0,271.0,63.0,Female,3.0,231124.28,4.0,7.0
7560855,27.0,327.0,55.0,Male,3.0,163917.46000000002,6.0,9.0
3230421,22.0,264.0,67.0,Female,2.0,158727.89,0.0,4.0
5528233,20.0,250.0,61.5,Male,5.0,2160148.09,6.0,9.0
5894241,19.0,229.0,47.5,Female,3.0,852060.39,6.0,9.0
2828351,18.0,224.0,50.5,Male,3.0,662751.9500000001,6.0,9.0
8103911,18.0,220.0,34.5,Male,2.0,286065.83,6.0,9.0
3261941,7.0,85.0,26.0,Unknown,2.0,30668.9,6.0,9.0
940664,6.0,76.0,30.5,Unknown,2.0,25753.67,0.0,3.0
3973322,4.0,58.0,21.0,Unknown,2.0,24957.52,0.0,3.0
2414260,5.0,71.0,29.5,Unknown,2.0,64355.29,5.0,8.0
1808273,11.0,132.0,68.5,Male,2.0,29866.96,2.0,5.0
1149016,13.0,157.0,31.5,Male,2.0,95846.25,1.0,4.0
3102749,5.0,70.0,38.0,Unknown,2.0,51263.58,2.0,5.0
2493092,7.0,89.0,30.0,Unknown,2.0,43451.28,6.0,9.0
3362285,8.0,106.0,56.5,Male,2.0,58372.53,2.0,5.0
9635331,4.0,59.0,22.0,Unknown,2.0,38780.71,0.0,3.0
4165138,14.0,179.0,40.5,Male,2.0,154690.84999999998,1.0,4.0
483783,28.0,343.0,81.0,Male,2.0,293149.28,1.0,4.0
309508,9.0,108.0,53.5,Female,2.0,30457.05,5.0,8.0
4886673,4.0,58.0,35.5,Unknown,2.0,57119.62,3.0,6.0
8862540,11.0,143.0,30.0,Male,2.0,129260.93,6.0,9.0
6567784,16.0,198.0,69.0,Male,2.0,391336.41,0.0,4.0
6103724,15.0,190.0,64.5,Male,2.0,216736.08,0.0,3.0
1906072,13.0,156.0,29.5,Female,3.0,71028.9,0.0,3.0
6144921,7.0,85.0,63.5,Unknown,2.0,78087.61,5.0,8.0
9487391,22.0,272.0,40.5,Male,2.0,283555.38,6.0,9.0
5128835,14.0,168.0,57.0,Female,2.0,37214.46,1.0,4.0
1620825,32.0,388.0,77.5,Female,2.0,144123.01,6.0,9.0
6774658,9.0,109.0,66.0,Female,2.0,29393.21,0.0,3.0
2377314,7.0,86.0,67.5,Male,2.0,151744.12,1.0,4.0
3768595,15.0,180.0,46.0,Male,3.0,423762.19,6.0,9.0
6648032,7.0,84.0,30.0,Unknown,4.0,74936.7,5.0,8.0
9049060,14.0,168.0,65.5,Female,2.0,64682.02,4.0,8.0
5129946,11.0,142.0,47.5,Female,2.0,46284.1,3.0,6.0
6783445,13.0,165.0,23.5,Male,3.0,51482.08,5.0,8.0
1751888,15.0,188.0,37.0,Male,2.0,111525.23,2.0,5.0
7623794,17.0,212.0,45.5,Male,3.0,75652.59,3.0,6.0
4269715,8.0,96.0,32.5,Unknown,2.0,73569.54999999999,2.0,5.0
1798725,14.0,168.0,42.0,Male,2.0,169072.86,6.0,9.0
1066226,6.0,83.0,46.0,Unknown,2.0,43519.61,4.0,7.0
143218,8.0,106.0,30.5,Male,2.0,44048.51,4.0,7.0
3522819,15.0,190.0,60.0,Female,2.0,30219.73,5.0,8.0
3502824,4.0,55.0,61.0,Unknown,2.0,44670.3,0.0,3.0
6948012,16.0,202.0,64.5,Female,2.0,92739.24,2.0,5.0
5114958,14.0,171.0,39.5,Female,2.0,33476.29,0.0,3.0
3520505,9.0,118.0,26.0,Male,2.0,34800.29,6.0,9.0
739077,15.0,186.0,63.0,Female,2.0,167798.32,5.0,8.0
585261,6.0,74.0,23.5,Unknown,3.0,83786.98999999999,3.0,6.0
5954787,15.0,187.0,47.0,Female,2.0,26522.89,6.0,9.0
4433874,23.0,284.0,42.0,Female,2.0,361584.54,5.0,8.0
7255843,22.0,270.0,84.0,Female,3.0,144578.84,4.0,7.0
6706209,22.0,264.0,50.5,Female,2.0,188001.14,1.0,4.0
4604290,18.0,224.0,62.5,Female,2.0,72666.19,4.0,7.0
3646744,17.0,213.0,50.0,Male,2.0,267205.12,3.0,7.0
211380,8.0,102.0,67.0,Unknown,2.0,195487.64,6.0,9.0
534843,12.0,151.0,37.0,Unknown,2.0,106344.09,2.0,5.0
598498,3.0,37.0,87.5,Female,4.0,409437.62,6.0,9.0
296285,20.0,241.0,58.5,Male,2.0,215401.81,6.0,9.0
5125164,14.0,168.0,47.5,Female,2.0,148680.14,6.0,9.0
3148396,27.0,334.0,53.0,Female,2.0,273228.83,6.0,9.0
3265136,9.0,119.0,55.5,Female,2.0,41906.9,2.0,5.0
4817444,5.0,66.0,24.0,Unknown,2.0,43060.25,2.0,5.0
9014786,11.0,140.0,53.0,Male,2.0,193641.09000000003,1.0,4.0
5847845,6.0,76.0,56.5,Male,2.0,89376.66,2.0,5.0
4776536,11.0,142.0,34.5,Female,2.0,81569.51999999999,0.0,3.0
703468,5.0,68.0,33.0,Male,2.0,39664.09,5.0,8.0
2583298,24.0,295.0,69.0,Unknown,2.0,584955.28,0.0,4.0
712774,8.0,105.0,21.5,Male,3.0,102634.23,5.0,8.0
4706016,4.0,53.0,54.0,Unknown,2.0,50203.65,6.0,9.0
9535483,9.0,118.0,36.5,Female,2.0,53135.2,0.0,3.0
1011140,7.0,94.0,58.5,Unknown,3.0,133814.8,2.0,5.0
4036374,27.0,327.0,62.5,Female,2.0,98459.99,0.0,3.0
890263,11.0,136.0,34.5,Male,3.0,218285.98,6.0,9.0
3788076,14.0,178.0,63.5,Male,2.0,25826.9,1.0,4.0
5329087,10.0,130.0,44.5,Male,2.0,105713.21,6.0,9.0
827403,12.0,148.0,39.5,Female,5.0,296048.7,6.0,9.0
8656227,12.0,144.0,32.0,Male,3.0,61067.48,5.0,8.0
312887,13.0,167.0,32.0,Unknown,2.0,71980.48,1.0,4.0
7005543,7.0,85.0,73.5,Male,2.0,379121.53,6.0,9.0
3731330,14.0,178.0,58.0,Female,3.0,157518.32,6.0,9.0
438886,9.0,118.0,42.0,Male,2.0,29907.24,1.0,4.0
5410489,28.0,340.0,56.5,Unknown,4.0,553681.7200000001,2.0,5.0
514533,19.0,235.0,42.0,Female,2.0,40075.36,4.0,7.0
3120254,7.0,87.0,20.0,Unknown,2.0,33858.88,4.0,7.0
9452002,15.0,187.0,35.0,Male,3.0,38114.4,6.0,9.0
8814789,4.0,58.0,60.5,Unknown,2.0,83382.32,3.0,6.0
8209682,9.0,114.0,54.5,Male,2.0,83766.98999999999,0.0,3.0
364797,12.0,150.0,54.0,Female,2.0,53634.94,5.0,8.0
6431926,5.0,69.0,48.5,Unknown,3.0,38765.19,6.0,9.0
3512229,13.0,158.0,46.0,Male,2.0,24539.82,6.0,9.0
3492371,4.0,53.0,69.0,Unknown,2.0,73603.0,6.0,9.0
5821057,6.0,73.0,34.0,Female,2.0,38891.0,3.0,6.0
6369921,5.0,69.0,48.5,Female,5.0,907202.46,6.0,9.0
8462796,7.0,87.0,33.5,Unknown,3.0,71792.98,1.0,4.0
6828205,7.0,94.0,34.0,Unknown,2.0,50468.33,3.0,6.0
7678937,6.0,74.0,48.5,Unknown,3.0,101916.6,6.0,9.0
28845,12.0,144.0,33.5,Male,2.0,129771.01,1.0,4.0
1772134,4.0,59.0,42.5,Unknown,3.0,64242.17,1.0,4.0
4461907,9.0,112.0,56.5,Male,2.0,37094.85,2.0,5.0
2001189,33.0,396.0,63.5,Unknown,2.0,34904.67,5.0,8.0
6491097,23.0,276.0,58.0,Female,2.0,48498.7,2.0,5.0
5859476,22.0,272.0,73.0,Male,2.0,131782.41,6.0,9.0
1503437,21.0,263.0,43.0,Female,2.0,35720.56,0.0,3.0
2926160,20.0,251.0,50.0,Unknown,3.0,130877.58,2.0,5.0
9002320,18.0,226.0,30.0,Female,2.0,78352.75,1.0,4.0
9070134,17.0,209.0,71.0,Male,2.0,439940.6,6.0,9.0
6029243,11.0,138.0,78.5,Male,2.0,186361.61,6.0,9.0
7212234,13.0,156.0,55.5,Male,2.0,43307.39,6.0,9.0
2065107,6.0,80.0,60.5,Unknown,2.0,178153.95,5.0,8.0
7544412,13.0,163.0,57.5,Female,2.0,96103.21,6.0,9.0
6356072,18.0,223.0,42.0,Female,3.0,87379.04999999999,1.0,4.0
5544739,6.0,77.0,71.5,Unknown,2.0,40222.47,4.0,7.0
6417568,14.0,179.0,36.5,Male,2.0,38254.65,0.0,3.0
859069,11.0,133.0,77.5,Male,2.0,47139.02,4.0,8.0
1206378,7.0,88.0,30.0,Unknown,2.0,27901.56,1.0,4.0
2740285,7.0,87.0,33.0,Unknown,3.0,58511.55,2.0,5.0
5836023,9.0,119.0,79.5,Female,2.0,31223.97,2.0,5.0
8721805,6.0,72.0,50.0,Unknown,2.0,585884.05,6.0,9.0
808536,12.0,147.0,28.5,Male,2.0,819878.99,6.0,9.0
8521849,9.0,118.0,39.5,Male,3.0,95504.04,0.0,3.0
8753218,5.0,70.0,59.0,Unknown,2.0,73152.76,3.0,6.0
7096671,11.0,142.0,46.0,Female,2.0,99170.38,5.0,8.0
2132487,10.0,130.0,33.0,Unknown,3.0,155885.71999999997,6.0,9.0
3416443,12.0,153.0,32.0,Male,2.0,26027.01,0.0,3.0
548398,6.0,77.0,24.5,Unknown,2.0,64974.53,1.0,4.0
7206723,30.0,362.0,58.0,Male,2.0,30543.49,1.0,4.0
2575869,4.0,58.0,39.5,Unknown,3.0,46034.73,5.0,8.0
5220583,27.0,326.0,81.0,Male,3.0,338772.73,3.0,6.0
3624120,14.0,178.0,50.0,Female,2.0,130918.7,5.0,8.0
8166616,15.0,191.0,34.0,Male,2.0,132229.03,6.0,9.0
2683656,12.0,153.0,27.0,Male,2.0,25420.97,6.0,9.0
7686541,5.0,65.0,18.5,Unknown,3.0,64307.23,6.0,9.0
2732545,6.0,83.0,59.0,Unknown,2.0,53080.4,4.0,7.0
6012172,4.0,57.0,24.5,Unknown,2.0,38601.97,6.0,9.0
7771551,11.0,140.0,28.5,Male,3.0,60889.35,5.0,8.0
1285998,12.0,149.0,58.0,Female,2.0,32805.53,4.0,7.0
2151672,7.0,94.0,31.5,Unknown,2.0,71619.33,0.0,3.0
1119544,11.0,138.0,30.0,Female,3.0,56084.09,6.0,9.0
3326338,6.0,77.0,52.0,Unknown,2.0,27734.55,2.0,5.0
1066044,11.0,141.0,40.0,Female,2.0,56168.51,1.0,4.0
2346767,8.0,107.0,47.0,Female,2.0,48594.42999999999,6.0,9.0
429778,8.0,98.0,30.0,Unknown,2.0,115946.06,3.0,6.0
9378146,14.0,178.0,54.5,Male,2.0,34783.61,1.0,4.0
7727178,32.0,387.0,36.0,Female,3.0,49601.78999999999,3.0,6.0
6745557,10.0,131.0,32.5,Male,3.0,1187090.2999999998,6.0,9.0
3614381,6.0,72.0,56.0,Female,2.0,269746.34,3.0,6.0
88378,3.0,47.0,61.0,Unknown,2.0,240872.67,6.0,9.0
1910146,13.0,156.0,55.5,Male,2.0,39710.78,2.0,5.0
2898136,11.0,140.0,40.0,Male,2.0,348515.91,1.0,4.0
6513992,4.0,54.0,60.0,Unknown,3.0,274460.39,5.0,8.0
870999,4.0,58.0,26.5,Unknown,2.0,30412.37,2.0,6.0
4782288,16.0,193.0,59.0,Female,2.0,198392.95,1.0,5.0
1938366,12.0,152.0,70.5,Male,2.0,206322.09000000003,1.0,4.0
9598389,15.0,180.0,46.5,Male,3.0,82282.35,3.0,6.0
6470753,3.0,45.0,25.0,Unknown,3.0,57710.25,6.0,9.0
8754470,25.0,310.0,54.5,Female,3.0,101046.87,1.0,4.0
6034462,11.0,142.0,52.5,Male,4.0,830697.14,3.0,7.0
5978185,4.0,57.0,24.0,Unknown,2.0,28381.37,6.0,9.0
2482751,13.0,166.0,73.0,Unknown,2.0,433210.08,1.0,4.0
5215452,4.0,57.0,42.5,Unknown,3.0,55477.95,6.0,9.0
5822478,7.0,86.0,24.5,Unknown,3.0,34021.78,2.0,5.0
7279705,8.0,103.0,29.5,Unknown,2.0,43661.88,6.0,9.0
6153080,4.0,59.0,26.0,Unknown,3.0,38282.17,5.0,8.0
8195239,25.0,308.0,70.0,Female,2.0,29562.16,4.0,7.0
7521289,23.0,287.0,24.0,Male,2.0,27919.35,3.0,6.0
7439988,21.0,263.0,61.5,Female,2.0,60729.02,6.0,9.0
2911997,21.0,262.0,44.0,Male,3.0,46887.46,5.0,8.0
2562534,21.0,261.0,40.0,Male,2.0,39398.47,0.0,3.0
6635759,20.0,245.0,18.5,Male,2.0,32951.7,6.0,9.0
3834620,19.0,238.0,44.0,Male,2.0,203934.34000000003,6.0,9.0
4757392,5.0,71.0,26.0,Unknown,2.0,39354.54,6.0,9.0
7386334,16.0,193.0,54.5,Female,2.0,225301.73,1.0,4.0
8924055,13.0,159.0,32.5,Female,3.0,100804.95,2.0,5.0
7794911,15.0,184.0,68.5,Female,2.0,48419.23,6.0,9.0
6082967,14.0,178.0,51.0,Male,2.0,59548.69,6.0,9.0
3647266,4.0,49.0,19.5,Male,2.0,24650.44,1.0,4.0
3090014,16.0,193.0,34.5,Female,2.0,39829.95,2.0,5.0
2871256,13.0,157.0,43.0,Male,2.0,30322.56,6.0,9.0
552481,34.0,418.0,54.0,Male,3.0,99091.18,6.0,9.0
7024460,7.0,91.0,63.5,Unknown,2.0,34078.88,0.0,3.0
8525803,16.0,203.0,52.0,Female,2.0,605321.5,2.0,5.0
2884220,6.0,75.0,36.5,Unknown,2.0,63906.94,2.0,5.0
9005258,11.0,143.0,55.0,Female,2.0,92682.51,1.0,4.0
6930269,13.0,166.0,32.0,Male,3.0,38442.73,6.0,9.0
7982728,28.0,344.0,76.5,Male,3.0,169244.83000000002,4.0,7.0
9893613,7.0,84.0,35.5,Female,2.0,45655.65,0.0,3.0
9904207,4.0,58.0,25.5,Unknown,2.0,28818.96,1.0,4.0
5794476,9.0,109.0,67.5,Female,2.0,58285.68,2.0,5.0
3036897,3.0,38.0,60.5,Unknown,3.0,62781.55,4.0,7.0
8822795,12.0,155.0,76.0,Female,2.0,59484.73,2.0,5.0
5198774,8.0,104.0,63.0,Female,2.0,91159.49,6.0,9.0
984526,7.0,94.0,65.5,Unknown,2.0,72458.5,6.0,9.0
8934524,4.0,59.0,41.5,Female,3.0,91009.17,6.0,9.0
6558358,5.0,67.0,57.0,Female,2.0,216605.59000000003,6.0,9.0
4657625,5.0,69.0,29.0,Unknown,2.0,40530.05,3.0,6.0
409432,6.0,82.0,45.5,Unknown,2.0,29150.06,0.0,3.0
5645822,12.0,154.0,48.5,Male,2.0,295584.49,3.0,6.0
2318634,8.0,99.0,31.0,Male,2.0,70716.64,0.0,5.0
3583530,6.0,82.0,58.0,Unknown,3.0,104522.43,6.0,9.0
1351522,24.0,293.0,57.5,Female,2.0,131693.11,3.0,6.0
4177888,22.0,264.0,90.5,Male,3.0,63667.16,5.0,8.0
6348683,18.0,227.0,48.5,Female,2.0,132849.81,5.0,8.0
6355297,18.0,218.0,43.0,Female,2.0,144170.43,6.0,9.0
2144256,8.0,102.0,52.5,Female,2.0,103479.36,1.0,4.0
1306678,5.0,71.0,55.0,Female,2.0,38812.05,4.0,7.0
1304604,15.0,189.0,60.0,Female,2.0,30653.88,2.0,5.0
318182,6.0,72.0,25.5,Unknown,2.0,28736.85,0.0,3.0
4656328,8.0,97.0,36.5,Unknown,3.0,40906.96,6.0,9.0
8432895,9.0,115.0,30.0,Female,2.0,35792.97,1.0,4.0
1997443,9.0,109.0,25.5,Male,2.0,25589.38,1.0,4.0
9640735,14.0,178.0,62.5,Male,2.0,72444.67,6.0,9.0
3225038,15.0,189.0,65.0,Female,2.0,106425.08,1.0,4.0
6593434,12.0,154.0,55.5,Female,2.0,31748.74,2.0,5.0
9129878,12.0,153.0,51.5,Male,3.0,54309.33,1.0,4.0
237686,13.0,160.0,48.0,Male,2.0,224692.21,6.0,9.0
9947042,14.0,171.0,46.0,Female,2.0,98685.73,1.0,4.0
6379541,6.0,73.0,62.0,Male,2.0,199095.43,1.0,4.0
8370144,5.0,62.0,37.0,Unknown,3.0,34845.14,6.0,9.0
3485860,24.0,299.0,71.5,Female,2.0,56296.83,0.0,3.0
2647193,20.0,240.0,42.0,Male,2.0,43070.56,1.0,4.0
6653250,27.0,331.0,52.0,Female,2.0,316691.9,6.0,9.0
239291,8.0,103.0,39.0,Unknown,2.0,24444.25,3.0,6.0
7139930,9.0,111.0,62.0,Female,2.0,105032.46,2.0,5.0
338896,10.0,120.0,39.0,Female,3.0,373044.29,6.0,9.0
7631497,13.0,165.0,49.5,Female,2.0,41100.76,0.0,3.0
1550711,9.0,109.0,22.5,Female,2.0,35804.29,0.0,3.0
8584566,6.0,83.0,39.5,Unknown,2.0,53419.2,1.0,4.0
4870945,9.0,119.0,33.0,Male,2.0,42814.96,1.0,4.0
5035722,6.0,80.0,29.5,Unknown,3.0,69359.03,5.0,8.0
2145579,4.0,57.0,33.5,Unknown,2.0,44991.09,6.0,9.0
4642152,9.0,118.0,59.0,Female,2.0,42055.59,5.0,8.0
5497377,7.0,84.0,63.5,Male,4.0,3132538.93,6.0,9.0
8107218,8.0,99.0,47.0,Unknown,2.0,31255.78,3.0,6.0
8197150,9.0,113.0,37.5,Male,2.0,82083.69,2.0,5.0
6341014,5.0,65.0,25.5,Unknown,2.0,35258.52,2.0,5.0
4680436,26.0,315.0,61.0,Male,2.0,223745.14,2.0,5.0
7221862,5.0,70.0,25.0,Unknown,2.0,45953.82,6.0,9.0
3015082,16.0,193.0,25.5,Female,2.0,135445.72,3.0,6.0
6945986,8.0,96.0,23.5,Unknown,2.0,42304.32,6.0,9.0
1351826,7.0,86.0,60.5,Female,3.0,83259.58,6.0,9.0
8919279,26.0,322.0,21.5,Female,2.0,31375.72,1.0,5.0
9327099,19.0,238.0,47.5,Male,2.0,51378.65,3.0,6.0
5236509,5.0,64.0,42.0,Unknown,2.0,36896.33,3.0,6.0
2400035,13.0,159.0,53.5,Male,2.0,121178.45,5.0,8.0
5343842,12.0,147.0,59.5,Male,2.0,250725.13,3.0,6.0
5456198,4.0,58.0,39.0,Unknown,2.0,34120.17,1.0,4.0
5349616,12.0,151.0,60.5,Female,3.0,318153.76,1.0,4.0
9382137,11.0,138.0,61.5,Male,2.0,130288.19,6.0,9.0
8254744,5.0,67.0,27.0,Unknown,3.0,72124.92,5.0,8.0
9285765,4.0,59.0,26.0,Unknown,3.0,42332.82,6.0,9.0
7655826,4.0,58.0,28.5,Unknown,2.0,41085.78,0.0,3.0
2376486,14.0,169.0,27.5,Female,2.0,72328.23999999999,1.0,5.0
6447021,5.0,71.0,55.5,Unknown,2.0,101982.61,3.0,6.0
3025871,15.0,187.0,24.0,Unknown,2.0,50420.3,0.0,3.0
4736745,8.0,107.0,30.5,Female,2.0,28648.55,2.0,5.0
6659716,12.0,153.0,34.5,Male,2.0,30311.64,0.0,3.0
3835773,15.0,185.0,41.0,Unknown,2.0,54530.72,2.0,5.0
1075613,7.0,85.0,62.0,Unknown,2.0,33379.0,5.0,8.0
4350933,24.0,299.0,66.0,Female,2.0,193390.84000000003,6.0,9.0
5838920,23.0,277.0,59.5,Female,2.0,68404.92,1.0,4.0
6785898,22.0,275.0,45.0,Female,2.0,59308.34,4.0,7.0
2067466,21.0,263.0,67.0,Male,2.0,273536.21,6.0,9.0
2540907,21.0,260.0,65.5,Male,3.0,167073.24,5.0,8.0
5093779,21.0,258.0,50.0,Male,2.0,86119.56,4.0,7.0
1024486,24.0,294.0,46.0,Male,3.0,149788.14,0.0,3.0
4374222,18.0,223.0,32.0,Male,3.0,1372687.24,6.0,9.0
6626147,18.0,218.0,46.5,Male,3.0,103001.76,1.0,4.0
1704055,5.0,65.0,64.5,Unknown,2.0,46558.26,0.0,3.0
3765879,6.0,82.0,29.0,Female,2.0,32020.7,4.0,7.0
1153442,9.0,108.0,63.0,Female,2.0,62566.34,3.0,6.0
2217905,34.0,409.0,30.5,Female,2.0,52480.17999999999,6.0,9.0
3883047,13.0,166.0,54.5,Male,2.0,26814.76,6.0,9.0
4717054,24.0,295.0,60.5,Unknown,3.0,578098.3300000001,5.0,8.0
7970922,13.0,156.0,56.5,Male,2.0,64421.68,3.0,6.0
2480469,6.0,81.0,59.5,Unknown,2.0,197992.07,0.0,3.0
9705553,9.0,110.0,49.5,Female,2.0,181413.58,4.0,7.0
3727873,6.0,80.0,57.0,Unknown,2.0,269214.45,0.0,3.0
4152464,9.0,118.0,51.0,Female,2.0,29859.98,2.0,5.0
7041596,13.0,167.0,68.0,Male,2.0,1134115.35,4.0,7.0
5306902,5.0,71.0,25.0,Unknown,2.0,53707.98,6.0,9.0
9471146,9.0,113.0,34.5,Male,2.0,23791.66,0.0,3.0
3776549,18.0,217.0,64.0,Male,2.0,34615.899999999994,1.0,4.0
4569938,25.0,306.0,58.5,Unknown,2.0,219554.48,6.0,9.0
5668063,6.0,78.0,59.0,Unknown,2.0,24107.26,4.0,7.0
2496814,4.0,58.0,45.5,Unknown,2.0,44437.73,1.0,4.0
3431660,14.0,179.0,53.5,Female,2.0,215057.88,1.0,4.0
6521938,7.0,85.0,75.5,Unknown,2.0,48706.0,5.0,8.0
6028509,5.0,64.0,49.5,Unknown,2.0,158199.52999999997,0.0,3.0
4821536,11.0,135.0,47.0,Male,2.0,70244.18,3.0,6.0
6934348,15.0,182.0,38.0,Male,3.0,161985.15999999997,5.0,8.0
6259660,10.0,128.0,35.5,Male,2.0,304246.37,6.0,9.0
5560729,6.0,75.0,34.5,Female,2.0,58751.98,3.0,6.0
5413319,7.0,85.0,25.0,Female,2.0,61947.88,1.0,4.0
1907479,8.0,103.0,84.0,Unknown,2.0,44363.01,3.0,6.0
8408846,5.0,64.0,31.0,Unknown,2.0,45198.58,1.0,4.0
7712000,13.0,157.0,53.0,Female,2.0,32587.8,1.0,5.0
4036982,5.0,60.0,72.5,Unknown,2.0,58369.45,1.0,4.0
1784453,6.0,73.0,22.0,Unknown,2.0,29954.03,5.0,8.0
9393128,15.0,189.0,51.0,Male,2.0,77449.0,6.0,9.0
6938338,29.0,359.0,74.0,Male,2.0,319899.67,4.0,7.0
5931799,4.0,57.0,56.5,Unknown,3.0,72436.67,6.0,9.0
1767602,8.0,105.0,59.5,Male,2.0,150383.37,6.0,9.0
7799922,9.0,112.0,68.5,Male,2.0,107654.2,2.0,5.0
4214633,12.0,149.0,56.0,Unknown,2.0,273483.96,6.0,9.0
1322426,14.0,171.0,57.5,Female,2.0,24292.84,4.0,7.0
6078664,5.0,70.0,33.0,Unknown,3.0,87092.81,6.0,9.0
67390,11.0,136.0,30.0,Female,2.0,50085.64,1.0,4.0
5374697,14.0,168.0,62.5,Female,2.0,31360.29,3.0,6.0
6295175,11.0,132.0,61.5,Male,2.0,124310.51,6.0,9.0
5658939,5.0,68.0,30.5,Unknown,2.0,45696.98,3.0,6.0
2469983,7.0,94.0,35.0,Unknown,2.0,77979.95999999999,2.0,5.0
5727269,9.0,108.0,62.0,Female,2.0,47646.1,2.0,5.0
193303,14.0,178.0,45.5,Male,2.0,238849.79,5.0,8.0
292662,4.0,57.0,69.0,Female,3.0,55531.16,5.0,8.0
7112613,11.0,140.0,35.5,Female,2.0,62743.92,1.0,4.0
8910034,22.0,269.0,62.0,Male,3.0,41264.05,2.0,6.0
43494,22.0,269.0,62.0,Female,2.0,119162.85,3.0,6.0
5119497,20.0,250.0,46.5,Unknown,2.0,99965.01,2.0,5.0
7158440,31.0,377.0,68.5,Male,2.0,342073.05,6.0,9.0
778795,19.0,237.0,22.0,Female,2.0,25777.47,1.0,4.0
9129855,18.0,216.0,82.5,Male,3.0,236464.02,6.0,9.0
5125835,13.0,161.0,62.5,Male,2.0,48525.13,1.0,4.0
5613244,5.0,68.0,37.0,Female,2.0,28948.67,2.0,5.0
9100539,16.0,193.0,39.0,Male,2.0,112733.46,6.0,9.0
7798102,10.0,130.0,28.0,Male,2.0,44618.57,2.0,5.0
4968621,5.0,60.0,35.5,Unknown,3.0,31629.2,5.0,8.0
7064582,7.0,90.0,47.5,Unknown,3.0,95728.07,1.0,4.0
1231418,6.0,82.0,62.5,Unknown,2.0,107788.18,2.0,5.0
5282949,15.0,185.0,71.0,Female,2.0,88443.2,2.0,5.0
4278992,10.0,122.0,62.0,Female,2.0,126319.56,6.0,9.0
7880177,19.0,231.0,50.0,Male,2.0,87725.47,6.0,9.0
2280318,10.0,131.0,51.0,Male,2.0,89016.01,0.0,3.0
6493766,16.0,193.0,71.0,Female,2.0,68869.61,6.0,9.0
9289579,27.0,325.0,23.5,Male,3.0,58561.14,6.0,9.0
2100725,4.0,55.0,21.5,Male,2.0,28033.05,4.0,7.0
6521362,18.0,219.0,54.0,Female,2.0,366799.32,2.0,5.0
578841,6.0,83.0,42.5,Unknown,2.0,53295.12,1.0,4.0
5950365,5.0,66.0,29.5,Unknown,2.0,41991.64,3.0,6.0
33190,14.0,171.0,44.0,Female,2.0,108890.4,5.0,8.0
1936232,10.0,121.0,57.0,Female,2.0,37950.0,2.0,5.0
254909,9.0,118.0,55.5,Female,3.0,43707.97,0.0,3.0
7066218,14.0,172.0,44.0,Male,2.0,136500.63,3.0,6.0
360511,29.0,348.0,56.5,Male,2.0,995318.33,6.0,9.0
4333742,7.0,90.0,27.0,Unknown,2.0,77340.19,2.0,5.0
6123492,13.0,162.0,49.5,Male,2.0,102178.26,0.0,3.0
4628209,9.0,108.0,57.0,Male,2.0,184896.68,2.0,5.0
3974131,15.0,189.0,50.0,Female,2.0,24798.69,0.0,3.0
703228,10.0,122.0,73.5,Male,2.0,31536.45,4.0,7.0
8021910,27.0,334.0,85.0,Male,2.0,52799.95,3.0,6.0
3675635,5.0,66.0,21.0,Unknown,2.0,28660.54,6.0,9.0
6024027,7.0,85.0,29.5,Unknown,2.0,55906.11,1.0,4.0
4182207,3.0,46.0,51.0,Unknown,2.0,36928.29,0.0,3.0
2815118,7.0,84.0,45.0,Unknown,2.0,124170.69,2.0,5.0
3308225,11.0,143.0,57.0,Male,2.0,39067.41,2.0,5.0
6760017,7.0,90.0,23.5,Unknown,3.0,41640.78999999999,6.0,9.0
9608778,24.0,291.0,66.0,Female,2.0,86311.54999999999,1.0,4.0
9057852,22.0,273.0,43.0,Female,2.0,238395.16,5.0,8.0
4633937,22.0,265.0,58.5,Male,3.0,891822.56,6.0,9.0
1064850,21.0,262.0,66.5,Male,4.0,299841.19,6.0,9.0
3884934,21.0,259.0,51.0,Female,2.0,341952.57,6.0,9.0
808085,21.0,253.0,70.5,Female,2.0,38028.64,2.0,5.0
7701085,18.0,216.0,53.5,Male,2.0,44259.42999999999,1.0,4.0
4744262,17.0,214.0,61.5,Male,3.0,87311.28,5.0,8.0
7387738,17.0,213.0,54.5,Female,4.0,616181.4,6.0,9.0
9242254,11.0,142.0,44.0,Female,2.0,55378.94,0.0,3.0
2830142,9.0,108.0,65.5,Female,2.0,129027.33,2.0,5.0
1976918,5.0,64.0,22.0,Unknown,2.0,46670.77,0.0,3.0
1572656,6.0,75.0,42.5,Unknown,2.0,37445.51,5.0,8.0
2892443,10.0,131.0,75.0,Male,2.0,28120.12,3.0,6.0
5600350,4.0,53.0,61.5,Unknown,2.0,111320.06,3.0,6.0
3867119,5.0,69.0,44.5,Unknown,2.0,39808.74,1.0,4.0
6791528,11.0,136.0,35.0,Female,2.0,32838.32,5.0,8.0
9313451,28.0,341.0,62.0,Female,4.0,212088.71,4.0,8.0
4780557,8.0,98.0,65.0,Unknown,2.0,638532.16,6.0,9.0
3848792,5.0,69.0,50.0,Unknown,2.0,32042.47,1.0,4.0
6882317,8.0,104.0,28.0,Male,2.0,69811.33,1.0,4.0
5448106,14.0,171.0,29.0,Female,2.0,88330.93,2.0,5.0
6937854,15.0,191.0,68.5,Male,2.0,103899.13,6.0,9.0
4632182,6.0,72.0,48.0,Unknown,2.0,37493.16,5.0,8.0
8264467,16.0,193.0,34.0,Female,2.0,28881.9,0.0,3.0
6045164,6.0,73.0,33.5,Unknown,3.0,46219.6,0.0,3.0
4106010,6.0,81.0,47.0,Unknown,2.0,24334.47,0.0,3.0
9302213,10.0,131.0,32.0,Male,3.0,207098.85,6.0,9.0
1963096,15.0,184.0,59.0,Male,2.0,28392.12,5.0,8.0
2226956,6.0,73.0,23.5,Unknown,4.0,140301.25,6.0,9.0
3094709,6.0,75.0,28.5,Unknown,2.0,133052.55,5.0,8.0
8471628,8.0,106.0,54.5,Male,2.0,87229.69,0.0,3.0
5249727,8.0,99.0,31.0,Unknown,2.0,408454.31,5.0,8.0
1708757,6.0,77.0,30.0,Unknown,2.0,50671.81,6.0,9.0
7381522,12.0,154.0,60.5,Male,2.0,82049.84,0.0,3.0
3180685,7.0,85.0,59.5,Unknown,2.0,43885.63,0.0,3.0
6582932,5.0,71.0,30.5,Unknown,2.0,47572.05,3.0,6.0
6902415,8.0,100.0,44.0,Male,2.0,582644.7200000001,0.0,3.0
2342940,5.0,65.0,39.0,Unknown,2.0,68468.32,4.0,7.0
6108235,12.0,155.0,39.0,Female,4.0,838866.31,6.0,9.0
819839,9.0,108.0,35.5,Male,3.0,44546.13,4.0,7.0
3103730,26.0,315.0,70.0,Male,2.0,64030.33,5.0,8.0
3308760,5.0,69.0,62.5,Unknown,2.0,256944.0,6.0,9.0
9040250,5.0,71.0,27.5,Unknown,2.0,32634.41,0.0,3.0
6735099,14.0,173.0,43.5,Male,2.0,25931.83,6.0,9.0
2193096,6.0,75.0,34.0,Male,2.0,46280.28999999999,3.0,6.0
1246990,5.0,67.0,61.5,Unknown,2.0,56560.04,4.0,7.0
3040221,24.0,293.0,66.5,Female,3.0,665003.7300000001,6.0,9.0
4010832,24.0,293.0,54.5,Female,2.0,505357.47,6.0,9.0
3023003,22.0,275.0,65.0,Female,2.0,326777.27,1.0,4.0
7220613,21.0,255.0,67.5,Female,2.0,149763.32,2.0,5.0
7369337,21.0,253.0,72.5,Male,2.0,941320.37,6.0,9.0
8933045,20.0,250.0,73.5,Male,2.0,165270.91999999998,4.0,7.0
1817171,20.0,243.0,45.0,Male,3.0,106304.17,2.0,5.0
7679331,19.0,237.0,49.0,Unknown,3.0,277085.74,6.0,9.0
6111970,19.0,231.0,22.0,Female,3.0,74172.23999999999,4.0,7.0
918053,5.0,68.0,20.5,Unknown,2.0,193805.64,5.0,8.0
731715,5.0,70.0,26.5,Unknown,2.0,75064.28,6.0,9.0
8562013,14.0,177.0,49.0,Male,2.0,86678.15,6.0,9.0
4629381,15.0,190.0,47.0,Male,2.0,368340.56,2.0,5.0
271840,14.0,175.0,66.0,Male,2.0,58718.78,1.0,4.0
4971591,14.0,179.0,50.5,Female,2.0,114519.49,0.0,3.0
3486447,6.0,82.0,42.5,Unknown,3.0,133065.64,1.0,4.0
5388529,19.0,228.0,49.5,Male,2.0,90146.66,2.0,5.0
6210506,12.0,155.0,35.0,Male,2.0,119824.13,1.0,4.0
4033437,15.0,190.0,29.5,Unknown,2.0,53234.57,0.0,3.0
6905308,27.0,332.0,26.5,Male,2.0,27971.95,1.0,4.0
3595968,4.0,58.0,19.0,Unknown,2.0,44736.72,2.0,5.0
1176543,12.0,154.0,46.5,Female,3.0,53614.1,2.0,5.0
5755171,14.0,175.0,33.0,Female,2.0,30659.22,3.0,6.0
5411033,4.0,58.0,58.5,Unknown,2.0,24960.54,0.0,3.0
9213816,4.0,59.0,36.5,Unknown,2.0,34026.78,2.0,5.0
3121283,8.0,97.0,32.0,Unknown,2.0,99177.13,0.0,3.0
5602328,11.0,143.0,65.0,Male,2.0,121416.89,4.0,7.0
3434225,5.0,68.0,28.5,Unknown,2.0,25283.18,6.0,9.0
6840942,5.0,68.0,35.0,Unknown,4.0,268855.41,4.0,7.0
6987498,4.0,55.0,23.0,Unknown,2.0,31996.17,1.0,4.0
4631825,16.0,194.0,46.5,Male,2.0,42604.3,6.0,9.0
1825680,13.0,158.0,56.5,Male,2.0,94414.31,0.0,3.0
6941492,32.0,390.0,68.0,Male,2.0,104398.69,6.0,9.0
4345309,8.0,96.0,33.5,Unknown,2.0,79987.23,1.0,4.0
2262356,11.0,142.0,67.5,Female,2.0,306540.58,1.0,4.0
7582115,7.0,84.0,26.5,Unknown,3.0,37561.72,6.0,9.0
4240438,15.0,185.0,35.5,Male,2.0,68175.45999999999,4.0,7.0
4709182,7.0,93.0,44.0,Unknown,3.0,137775.55,6.0,9.0
9161864,10.0,130.0,59.0,Male,2.0,56225.71,0.0,3.0
307903,4.0,58.0,38.0,Unknown,2.0,32636.76,0.0,3.0
4118627,6.0,81.0,28.5,Unknown,2.0,258209.38,5.0,8.0
4542546,5.0,71.0,55.0,Unknown,2.0,54789.28,4.0,7.0
7781070,28.0,339.0,68.0,Female,2.0,96881.07,2.0,5.0
9651697,16.0,193.0,27.0,Male,2.0,52874.17999999999,6.0,9.0
661171,10.0,128.0,32.0,Female,4.0,179179.27000000002,6.0,9.0
8010747,4.0,58.0,35.5,Unknown,2.0,46301.01,1.0,4.0
3891653,14.0,178.0,55.5,Male,2.0,182970.54,2.0,5.0
2772297,13.0,158.0,66.0,Female,2.0,34518.77,3.0,6.0
7498432,10.0,130.0,26.0,Male,2.0,59383.32,0.0,3.0
7926211,19.0,239.0,49.5,Male,2.0,37970.01,3.0,6.0
3617551,24.0,290.0,39.5,Male,3.0,39615.24,6.0,9.0
1681595,21.0,258.0,51.0,Female,2.0,68387.88,6.0,9.0
1230812,23.0,281.0,72.5,Female,2.0,76644.73999999999,1.0,4.0
9034757,5.0,71.0,24.0,Unknown,3.0,56492.74,1.0,4.0
5210423,7.0,84.0,27.5,Unknown,2.0,44572.88,4.0,7.0
391025,4.0,56.0,84.5,Unknown,2.0,158266.3,0.0,3.0
2950345,5.0,70.0,30.0,Unknown,2.0,40258.35,2.0,5.0
7085748,14.0,172.0,46.5,Unknown,2.0,27217.8,1.0,4.0
6928516,8.0,98.0,42.5,Unknown,2.0,116317.76,6.0,9.0
2439795,12.0,155.0,58.5,Female,2.0,54843.46,4.0,7.0
5965304,14.0,169.0,57.5,Male,3.0,513768.62,6.0,9.0
9670485,10.0,126.0,33.5,Female,2.0,67423.19,6.0,9.0
6620676,4.0,57.0,24.0,Male,2.0,41376.96,4.0,7.0
7175784,13.0,157.0,33.5,Male,2.0,117557.02,6.0,9.0
7417841,11.0,143.0,36.0,Female,2.0,33759.95,2.0,5.0
6518414,15.0,180.0,38.0,Male,2.0,46142.99,1.0,4.0
225928,15.0,190.0,32.5,Male,2.0,55670.78,2.0,5.0
4690720,16.0,196.0,36.0,Female,3.0,517789.58,6.0,9.0
1166624,12.0,144.0,35.5,Unknown,2.0,57592.17,1.0,4.0
1534664,24.0,297.0,50.5,Male,5.0,151519.3,4.0,7.0
7371359,13.0,167.0,52.0,Male,2.0,106901.15,6.0,9.0
8179872,17.0,212.0,41.0,Male,2.0,41711.4,0.0,3.0
8123801,12.0,153.0,39.0,Male,2.0,122612.69,2.0,5.0
197955,17.0,205.0,67.0,Male,2.0,42310.67999999999,6.0,9.0
8627270,6.0,78.0,60.5,Unknown,2.0,1213985.27,5.0,8.0
6525007,13.0,165.0,50.5,Male,3.0,106533.24,3.0,6.0
860571,11.0,133.0,33.0,Male,2.0,31007.82,0.0,3.0
174806,3.0,46.0,32.5,Unknown,3.0,176557.14,6.0,9.0
6802160,9.0,112.0,60.5,Male,2.0,95722.75,4.0,7.0
4044347,5.0,69.0,49.0,Female,2.0,81323.44,5.0,8.0
5809808,7.0,89.0,23.5,Male,2.0,26339.77,1.0,4.0
3576255,16.0,193.0,29.5,Unknown,3.0,116203.05,4.0,7.0
7707391,4.0,59.0,18.0,Unknown,2.0,26229.07,2.0,5.0
2092570,15.0,180.0,26.5,Female,2.0,29584.98,1.0,4.0
8105642,15.0,189.0,39.0,Male,2.0,26261.9,0.0,3.0
4764109,5.0,60.0,45.5,Unknown,2.0,45777.73,5.0,8.0
2659289,12.0,153.0,38.0,Female,2.0,32054.49,1.0,4.0
9420374,9.0,118.0,24.0,Male,2.0,63291.76,0.0,3.0
6266738,16.0,195.0,63.0,Male,2.0,30834.63,6.0,9.0
3822148,16.0,202.0,78.5,Male,3.0,69930.04000000001,3.0,6.0
7435434,7.0,84.0,65.5,Female,2.0,214386.26,3.0,6.0
9026435,7.0,85.0,63.5,Male,4.0,2814697.46,6.0,9.0
6018602,6.0,77.0,56.5,Unknown,2.0,38747.81,6.0,9.0
16549,24.0,294.0,55.5,Female,3.0,314799.02,4.0,7.0
6359735,23.0,276.0,49.5,Female,2.0,41269.47,4.0,7.0
6492630,23.0,280.0,67.0,Female,2.0,301316.9,3.0,6.0
3173931,21.0,253.0,72.5,Female,2.0,73584.44,2.0,5.0
1364740,18.0,216.0,49.0,Female,3.0,148319.28999999998,2.0,5.0
267341,5.0,71.0,46.5,Male,2.0,63726.93,3.0,6.0
2114888,5.0,67.0,17.5,Unknown,2.0,25102.72,0.0,3.0
2297047,15.0,181.0,49.0,Male,2.0,56545.63,2.0,5.0
6457935,4.0,57.0,64.0,Unknown,2.0,123645.03,1.0,4.0
4441049,6.0,74.0,63.0,Unknown,2.0,292597.44,5.0,8.0
2935311,22.0,266.0,66.0,Female,2.0,42211.73,1.0,4.0
3673027,33.0,406.0,65.0,Female,2.0,686533.14,0.0,4.0
1943261,8.0,102.0,50.0,Unknown,2.0,165809.3,2.0,5.0
7640495,15.0,190.0,42.5,Male,2.0,48836.98,0.0,3.0
8377586,16.0,194.0,56.5,Female,4.0,287033.7,3.0,6.0
8597986,6.0,82.0,35.0,Unknown,2.0,52585.14,6.0,9.0
316514,13.0,159.0,37.5,Unknown,2.0,31284.06,1.0,4.0
3785284,12.0,155.0,40.0,Male,2.0,57701.81,2.0,5.0
9957871,22.0,275.0,56.5,Female,2.0,116540.38,2.0,5.0
7703956,15.0,180.0,67.0,Male,2.0,64627.16,2.0,5.0
9276193,16.0,202.0,41.5,Male,3.0,149357.16,6.0,9.0
4857475,12.0,155.0,44.0,Male,2.0,61692.71,0.0,3.0
8645415,5.0,70.0,19.5,Unknown,2.0,31640.54,1.0,4.0
7015044,12.0,145.0,63.0,Female,2.0,49782.16,3.0,6.0
6932133,15.0,186.0,37.0,Female,2.0,141358.26,2.0,5.0
5140041,4.0,58.0,42.0,Female,3.0,757020.8400000001,3.0,6.0
1044736,9.0,114.0,37.5,Male,2.0,31182.16,6.0,9.0
2592273,5.0,68.0,38.5,Unknown,3.0,34043.43,5.0,8.0
5120779,8.0,104.0,74.0,Female,2.0,118743.46,2.0,5.0
9306790,16.0,198.0,74.5,Male,2.0,24827.83,4.0,7.0
3841617,12.0,146.0,67.0,Male,3.0,42770.35,3.0,6.0
9849562,28.0,336.0,57.0,Male,2.0,59472.08,6.0,9.0
4239835,15.0,191.0,43.5,Female,2.0,349570.1,2.0,5.0
5290060,13.0,157.0,41.5,Male,2.0,71457.95,0.0,3.0
5211908,5.0,67.0,21.5,Unknown,2.0,31770.42,6.0,9.0
9708581,17.0,205.0,57.0,Male,2.0,35753.56,5.0,8.0
7295850,11.0,143.0,60.5,Female,2.0,31559.55,0.0,3.0
1189980,15.0,189.0,57.0,Male,2.0,90082.53,2.0,5.0
6713897,6.0,75.0,84.5,Unknown,3.0,73897.29000000001,6.0,9.0
2454337,4.0,48.0,24.0,Unknown,3.0,158285.2,5.0,8.0
4009531,24.0,291.0,34.5,Male,2.0,74480.54999999999,4.0,7.0
1665286,22.0,270.0,82.0,Female,2.0,34485.29,2.0,5.0
5908749,22.0,270.0,46.0,Female,2.0,66965.03,3.0,6.0
9545569,22.0,265.0,70.0,Female,3.0,415612.6,1.0,5.0
6347873,21.0,256.0,45.0,Female,2.0,54471.66,0.0,3.0
7611942,23.0,281.0,69.0,Female,2.0,340520.85,6.0,9.0
1483552,19.0,232.0,54.5,Female,3.0,287870.18,5.0,8.0
7951092,18.0,226.0,38.5,Female,3.0,612669.87,6.0,9.0
4608432,17.0,213.0,62.0,Female,2.0,173760.27999999997,6.0,9.0
7160657,13.0,165.0,45.0,Male,2.0,99585.84,6.0,9.0
7055918,9.0,118.0,27.5,Female,2.0,63092.69,0.0,3.0
2238081,15.0,181.0,39.5,Male,2.0,76417.67,6.0,9.0
6787331,13.0,161.0,51.5,Male,2.0,26115.34,1.0,4.0
4834980,24.0,294.0,22.5,Male,2.0,45987.53999999999,1.0,4.0
2016971,30.0,368.0,68.5,Male,2.0,435299.0,3.0,6.0
8728515,9.0,118.0,64.0,Male,2.0,226139.35,5.0,8.0
7679440,10.0,122.0,45.5,Female,2.0,122471.62,2.0,5.0
7368217,6.0,82.0,31.5,Unknown,2.0,40965.48,1.0,4.0
2288638,13.0,156.0,58.0,Male,2.0,76062.28,0.0,3.0
6485738,11.0,137.0,67.0,Male,2.0,838785.25,1.0,6.0
6748816,13.0,167.0,60.0,Female,2.0,77445.59,2.0,5.0
8511811,5.0,71.0,32.5,Unknown,2.0,58120.34,6.0,9.0
1562376,8.0,96.0,43.5,Unknown,2.0,133475.22999999998,3.0,6.0
1561553,27.0,334.0,65.0,Male,2.0,136253.68,4.0,7.0
5601303,9.0,109.0,30.0,Female,2.0,47214.71,1.0,4.0
4465663,11.0,139.0,60.5,Female,2.0,63445.69,1.0,4.0
8796815,6.0,82.0,61.0,Unknown,2.0,34987.81,0.0,3.0
348330,16.0,198.0,36.0,Male,2.0,54440.46,5.0,8.0
9591545,7.0,94.0,60.0,Male,3.0,398373.59,4.0,7.0
5343695,7.0,84.0,67.5,Unknown,2.0,34158.02,4.0,7.0
9097979,20.0,241.0,62.0,Male,2.0,34477.82,6.0,9.0
5250597,21.0,253.0,42.5,Female,2.0,63227.55,3.0,6.0
8450800,4.0,58.0,25.0,Unknown,4.0,128422.93,3.0,6.0
2481278,31.0,379.0,71.5,Male,3.0,417225.39,3.0,6.0
3701316,5.0,69.0,57.5,Unknown,2.0,34173.27,1.0,4.0
7714801,13.0,158.0,52.0,Female,2.0,41124.09,2.0,5.0
6663642,5.0,69.0,24.5,Unknown,2.0,28367.75,3.0,6.0
8310296,8.0,102.0,54.0,Unknown,2.0,52450.97,3.0,6.0
6122700,6.0,83.0,23.0,Unknown,2.0,55296.22,5.0,8.0
5078488,9.0,113.0,60.5,Female,2.0,103119.79,0.0,3.0
9320742,6.0,83.0,64.0,Unknown,2.0,33961.69,5.0,8.0
6047863,8.0,96.0,55.0,Unknown,2.0,76418.29999999999,2.0,5.0
3862927,6.0,77.0,23.5,Unknown,2.0,28958.9,1.0,4.0
9994764,5.0,64.0,30.5,Unknown,2.0,58258.46,6.0,9.0
4261188,6.0,79.0,34.0,Unknown,2.0,104275.83,6.0,9.0
5306530,13.0,156.0,31.0,Unknown,2.0,37782.67,5.0,8.0
1905940,15.0,180.0,55.0,Female,2.0,326411.12,1.0,4.0
2919916,11.0,138.0,30.5,Female,2.0,34729.3,1.0,4.0
2802293,4.0,58.0,49.0,Unknown,2.0,34981.98,1.0,4.0
888133,9.0,109.0,39.5,Female,2.0,230416.03,1.0,4.0
1950553,5.0,60.0,47.0,Unknown,2.0,59113.9,6.0,9.0
6055251,4.0,51.0,56.5,Unknown,2.0,70293.17,1.0,4.0
4628926,22.0,272.0,63.0,Male,4.0,329260.8,6.0,9.0
4017497,22.0,268.0,20.5,Male,4.0,44751.39,5.0,8.0
2770626,20.0,251.0,47.0,Female,3.0,103612.4,6.0,9.0
1364907,21.0,253.0,46.5,Female,2.0,30061.3,0.0,3.0
8874028,20.0,241.0,71.5,Male,3.0,44350.85,1.0,4.0
9108332,16.0,197.0,25.5,Female,2.0,35356.42,0.0,3.0
6411659,5.0,65.0,50.5,Unknown,3.0,46431.3,4.0,7.0
4220737,14.0,176.0,36.0,Female,2.0,49712.32,6.0,9.0
824824,9.0,108.0,53.0,Female,2.0,129292.27,5.0,8.0
1398109,11.0,134.0,63.5,Female,2.0,265185.29,6.0,9.0
9309067,17.0,207.0,55.5,Male,2.0,41509.05,6.0,9.0
8807462,6.0,78.0,60.5,Unknown,2.0,198988.92,3.0,6.0
9942419,19.0,229.0,52.0,Male,2.0,30723.43,6.0,9.0
8037539,13.0,165.0,67.0,Female,2.0,55228.07,1.0,5.0
4613101,4.0,55.0,23.5,Female,2.0,28124.41,2.0,6.0
4475114,15.0,189.0,44.5,Female,2.0,24957.02,0.0,3.0
5291323,15.0,185.0,50.5,Female,3.0,60461.41,2.0,5.0
1672987,10.0,123.0,67.0,Male,2.0,541366.76,3.0,6.0
1317433,12.0,149.0,27.0,Male,2.0,28883.16,6.0,9.0
9727883,12.0,152.0,42.5,Female,2.0,126145.24,5.0,8.0
4166740,7.0,84.0,33.0,Unknown,3.0,79011.34,6.0,9.0
7828026,12.0,155.0,69.0,Male,3.0,50879.62,3.0,6.0
9108723,27.0,326.0,62.5,Female,2.0,1468981.86,5.0,8.0
1973111,5.0,65.0,64.5,Unknown,2.0,29196.97,3.0,6.0
7932417,5.0,64.0,30.5,Unknown,2.0,58258.46,6.0,9.0
4317522,5.0,60.0,43.5,Unknown,2.0,39571.69,3.0,6.0
2673789,6.0,82.0,20.5,Unknown,2.0,42263.45,0.0,3.0
8328439,6.0,80.0,25.5,Unknown,2.0,31787.9,0.0,3.0
3368421,4.0,56.0,26.5,Unknown,2.0,42147.56,1.0,4.0
6618689,5.0,70.0,49.5,Female,2.0,54323.12,2.0,5.0
4687894,4.0,56.0,24.0,Unknown,2.0,33397.82,0.0,3.0
5935426,10.0,125.0,69.0,Unknown,2.0,52248.12,6.0,9.0
1520781,5.0,68.0,46.5,Male,3.0,69885.35,6.0,9.0
3720479,28.0,341.0,56.0,Male,3.0,303988.74,6.0,9.0
44060,5.0,64.0,44.5,Unknown,2.0,142002.43,2.0,5.0
381102,13.0,165.0,68.5,Male,2.0,41643.55,2.0,5.0
4824117,3.0,46.0,17.5,Unknown,2.0,27669.94,0.0,3.0
7429644,4.0,56.0,53.5,Male,2.0,42152.82,0.0,3.0
6351678,4.0,57.0,30.5,Unknown,2.0,39618.1,5.0,8.0
3200567,4.0,59.0,29.0,Female,2.0,46039.1,3.0,6.0
6158690,4.0,57.0,35.0,Unknown,3.0,60028.72,3.0,6.0
9244582,22.0,269.0,19.0,Male,3.0,36516.33,1.0,4.0
8184247,16.0,193.0,58.0,Male,2.0,145825.45,6.0,9.0
874759,6.0,81.0,64.5,Unknown,2.0,102767.88,6.0,9.0
9750214,13.0,166.0,73.5,Male,2.0,28964.94,2.0,5.0
5347616,11.0,138.0,66.5,Female,2.0,147745.41999999998,5.0,8.0
442340,13.0,164.0,45.0,Male,2.0,85464.19,6.0,9.0
2124636,8.0,101.0,46.0,Unknown,2.0,26689.01,1.0,4.0
5980596,14.0,176.0,58.0,Male,2.0,79096.45,6.0,9.0
1859630,13.0,159.0,30.5,Male,3.0,232463.74,3.0,6.0
9709813,13.0,159.0,36.5,Female,2.0,59374.11,3.0,6.0
639779,9.0,119.0,47.0,Male,2.0,375107.52,3.0,6.0
1148508,5.0,60.0,64.0,Female,2.0,29338.6,0.0,3.0
4120299,22.0,265.0,40.0,Female,2.0,36347.44,5.0,8.0
9015017,21.0,263.0,57.0,Male,2.0,30486.82,1.0,4.0
3789433,21.0,252.0,68.5,Male,2.0,90330.89,3.0,6.0
842569,24.0,294.0,53.0,Female,2.0,215491.29,5.0,8.0
4991444,18.0,217.0,69.5,Female,2.0,57999.1,6.0,9.0
5571051,6.0,73.0,31.0,Unknown,2.0,52641.53,4.0,7.0
4328620,16.0,192.0,82.0,Male,3.0,2484107.75,6.0,9.0
4162726,12.0,150.0,32.0,Female,2.0,34477.18,5.0,8.0
7850280,6.0,83.0,52.5,Female,3.0,59426.87,0.0,3.0
8780660,11.0,135.0,71.5,Female,2.0,53170.98,3.0,6.0
3289650,5.0,71.0,23.5,Unknown,2.0,57144.47,5.0,8.0
8670466,13.0,157.0,57.0,Female,2.0,27376.38,3.0,6.0
8983872,7.0,87.0,41.5,Unknown,2.0,35747.63,1.0,4.0
7019841,9.0,113.0,51.5,Male,2.0,71854.26,4.0,7.0
5330145,9.0,109.0,71.5,Female,2.0,57963.67,6.0,9.0
795203,10.0,124.0,40.0,Male,2.0,67577.97,2.0,5.0
4542331,22.0,269.0,66.5,Male,3.0,2276452.73,1.0,4.0
84480,12.0,154.0,58.5,Female,2.0,36141.56,2.0,5.0
6844163,27.0,325.0,68.0,Female,2.0,72860.89,6.0,9.0
4262414,10.0,122.0,36.5,Male,2.0,39124.97,4.0,7.0
9950359,17.0,206.0,82.0,Female,2.0,34293.97,3.0,7.0
9189520,11.0,142.0,68.5,Male,3.0,33351.04,2.0,5.0
2098439,27.0,324.0,53.0,Male,3.0,430658.66,6.0,9.0
4706458,33.0,407.0,59.0,Female,2.0,53875.5,0.0,3.0
7964370,4.0,57.0,24.0,Unknown,3.0,185571.75,2.0,5.0
9820349,7.0,94.0,49.5,Unknown,3.0,60029.1,4.0,7.0
5064285,12.0,147.0,63.0,Male,2.0,60946.52,4.0,7.0
2368030,9.0,110.0,47.5,Female,2.0,34391.45,3.0,6.0
5263096,15.0,186.0,55.5,Male,2.0,150471.53999999998,1.0,4.0
823501,11.0,135.0,77.0,Male,2.0,789877.9600000001,6.0,9.0
792940,16.0,199.0,34.0,Male,3.0,118772.35,5.0,8.0
3047132,5.0,67.0,49.0,Male,2.0,38900.54,3.0,6.0
9311214,15.0,189.0,55.0,Female,2.0,72696.25,2.0,5.0
2885694,32.0,387.0,33.5,Female,2.0,39840.33,3.0,6.0
8255117,10.0,129.0,44.0,Male,2.0,29394.86,2.0,5.0
6120307,8.0,103.0,30.0,Male,2.0,46451.6,4.0,7.0
8354242,30.0,364.0,25.0,Unknown,2.0,31864.17,0.0,3.0
4443998,17.0,213.0,56.5,Male,2.0,233242.45,6.0,9.0
2346970,12.0,149.0,63.5,Female,2.0,40390.78999999999,0.0,3.0
6922143,6.0,81.0,35.5,Female,2.0,83387.16,1.0,4.0
9511384,6.0,78.0,54.5,Unknown,2.0,45957.26,1.0,4.0
9170496,7.0,90.0,34.5,Unknown,2.0,27388.2,2.0,5.0
1463142,10.0,129.0,44.0,Male,3.0,105464.56,2.0,5.0
4034714,4.0,59.0,50.5,Unknown,2.0,29724.61,1.0,4.0
3931325,5.0,60.0,55.5,Unknown,2.0,88304.19,5.0,8.0
8601093,15.0,189.0,46.5,Female,2.0,121226.76,1.0,4.0
6723134,5.0,70.0,55.5,Female,2.0,105230.38,4.0,7.0
5678409,4.0,59.0,27.5,Unknown,4.0,105784.8,6.0,9.0
8769224,11.0,142.0,57.0,Female,2.0,28344.4,1.0,4.0
9881248,26.0,313.0,21.5,Male,3.0,56926.59,2.0,5.0
3336154,16.0,193.0,49.0,Male,2.0,185166.53,0.0,3.0
8221453,11.0,142.0,58.5,Male,2.0,349767.1,6.0,9.0
1482158,9.0,118.0,54.5,Female,3.0,44061.72,2.0,5.0
5888321,20.0,249.0,49.5,Male,3.0,48973.81,1.0,4.0
9362919,18.0,226.0,43.0,Male,2.0,31329.34,2.0,5.0
8170337,22.0,269.0,67.5,Male,3.0,30316.21,3.0,6.0
5140529,5.0,65.0,55.5,Unknown,2.0,149003.91,6.0,9.0
6550009,32.0,394.0,68.0,Male,3.0,3457298.27,4.0,8.0
3203597,6.0,83.0,43.5,Male,3.0,451737.91,0.0,3.0
1884297,5.0,70.0,44.0,Unknown,2.0,680480.3500000001,0.0,3.0
5582096,4.0,58.0,48.5,Unknown,2.0,36005.61,0.0,3.0
592544,6.0,83.0,58.0,Unknown,2.0,41688.66,1.0,4.0
8776236,8.0,102.0,42.0,Unknown,3.0,57204.62,1.0,4.0
289799,20.0,241.0,65.0,Female,2.0,172518.32,3.0,6.0
9250886,7.0,92.0,55.0,Unknown,2.0,84817.23,2.0,5.0
5468919,17.0,208.0,64.0,Female,3.0,77284.48,5.0,8.0
9604594,14.0,168.0,56.0,Male,4.0,664666.2100000001,6.0,9.0
866133,7.0,94.0,23.5,Unknown,2.0,66809.54999999999,2.0,5.0
4121606,10.0,126.0,28.5,Male,2.0,32490.17,0.0,3.0
7465457,8.0,101.0,26.5,Unknown,2.0,42519.08,0.0,3.0
7675264,23.0,278.0,68.5,Male,2.0,868906.8500000001,0.0,3.0
4840686,5.0,70.0,20.0,Unknown,2.0,28321.34,0.0,3.0
8699809,6.0,82.0,36.0,Unknown,2.0,56594.37,6.0,9.0
9509478,14.0,176.0,31.5,Male,2.0,51162.38,6.0,9.0
4760535,5.0,71.0,64.0,Male,2.0,69265.19,0.0,3.0
5117848,5.0,68.0,58.5,Unknown,2.0,54335.16,1.0,4.0
7325190,14.0,171.0,65.0,Male,2.0,62001.6,6.0,9.0
1015179,12.0,151.0,54.0,Female,3.0,127483.8,6.0,9.0
9621768,27.0,326.0,57.5,Male,3.0,46265.01,6.0,9.0
2854435,15.0,190.0,51.5,Male,2.0,50143.38,6.0,9.0
3865057,10.0,125.0,72.5,Male,2.0,32751.77,0.0,3.0
8263312,15.0,180.0,43.5,Female,2.0,39449.17,0.0,3.0
3621411,28.0,336.0,53.0,Male,5.0,1536156.04,6.0,9.0
4743603,16.0,193.0,47.5,Female,2.0,26369.61,2.0,5.0
3696448,13.0,162.0,54.5,Female,3.0,701334.64,2.0,5.0
1870765,15.0,188.0,60.5,Female,2.0,112161.58,1.0,4.0
4139086,6.0,75.0,52.5,Unknown,3.0,40178.56,4.0,7.0
7202762,25.0,303.0,62.0,Male,3.0,209053.22,6.0,9.0
5794145,22.0,265.0,56.5,Female,2.0,111393.83,2.0,5.0
2967792,21.0,257.0,77.5,Female,2.0,30961.68,6.0,9.0
8705300,21.0,255.0,43.0,Male,3.0,457536.89,6.0,9.0
8926491,20.0,240.0,61.0,Female,3.0,378257.94,6.0,9.0
925413,18.0,217.0,79.0,Male,2.0,85320.13,2.0,5.0
9069462,18.0,216.0,76.5,Female,2.0,29214.22,1.0,4.0
6419283,15.0,180.0,60.0,Male,2.0,33858.06,5.0,8.0
8079329,6.0,82.0,33.5,Unknown,2.0,31522.13,1.0,4.0
4701960,4.0,56.0,25.5,Unknown,2.0,35131.24,0.0,3.0
4010271,30.0,364.0,70.0,Male,3.0,660162.55,5.0,8.0
5198344,13.0,162.0,58.0,Unknown,2.0,131791.34,2.0,5.0
4808542,8.0,102.0,40.5,Unknown,4.0,175634.27999999997,5.0,8.0
9691057,9.0,119.0,35.0,Female,2.0,23989.15,1.0,4.0
3995589,16.0,193.0,41.5,Male,2.0,53321.85,4.0,7.0
104328,8.0,106.0,36.5,Male,3.0,125732.44,6.0,9.0
2588637,6.0,82.0,38.0,Unknown,2.0,35598.19,2.0,5.0
2213600,11.0,143.0,23.5,Female,2.0,28093.82,1.0,4.0
5843450,11.0,134.0,44.5,Unknown,2.0,154491.91,5.0,8.0
7031731,5.0,69.0,32.0,Unknown,2.0,34973.2,6.0,9.0
1937877,6.0,80.0,50.5,Unknown,2.0,24052.73,0.0,3.0
3589087,5.0,70.0,36.5,Unknown,2.0,27352.84,2.0,5.0
7463647,5.0,66.0,48.0,Unknown,3.0,86451.26,2.0,5.0
5160778,7.0,84.0,23.0,Unknown,2.0,54799.03,2.0,5.0
603740,5.0,66.0,24.0,Unknown,2.0,43256.89,0.0,3.0
2058971,13.0,157.0,32.5,Male,2.0,81881.28,2.0,5.0
4290007,9.0,116.0,68.5,Male,2.0,516537.39,6.0,9.0
6090669,14.0,170.0,54.0,Female,2.0,24910.97,5.0,8.0
2926568,4.0,57.0,78.0,Unknown,2.0,35011.6,1.0,4.0
141591,11.0,143.0,74.0,Male,2.0,154313.84999999998,6.0,9.0
823538,13.0,156.0,37.5,Female,3.0,1617411.8299999998,6.0,9.0
9608960,13.0,166.0,35.0,Male,2.0,53180.26,4.0,7.0
5146309,16.0,193.0,43.5,Male,2.0,63569.1,6.0,9.0
2791866,10.0,131.0,35.0,Female,2.0,50901.89,0.0,3.0
8123370,11.0,142.0,57.0,Female,2.0,33638.57,0.0,3.0
5102951,5.0,65.0,35.0,Unknown,2.0,43058.38,6.0,9.0
8081536,17.0,204.0,64.5,Female,2.0,102990.97,6.0,9.0
1132783,6.0,76.0,33.0,Unknown,2.0,74988.47,6.0,9.0
4184834,6.0,72.0,29.0,Unknown,2.0,62492.12,4.0,7.0
518898,4.0,55.0,20.0,Unknown,3.0,35657.83,0.0,3.0
6305941,5.0,65.0,20.0,Unknown,2.0,28327.86,3.0,6.0
9642590,4.0,57.0,23.5,Unknown,2.0,187394.12,6.0,9.0
971751,7.0,92.0,37.5,Unknown,2.0,39987.64,0.0,3.0
7324589,23.0,277.0,79.0,Male,2.0,28640.69,5.0,8.0
3161828,21.0,262.0,59.5,Male,4.0,301020.43,6.0,9.0
1947728,21.0,261.0,59.0,Male,2.0,42825.75,6.0,9.0
6674442,21.0,253.0,61.0,Female,2.0,155120.41999999998,6.0,9.0
6893972,20.0,251.0,42.5,Unknown,3.0,737969.1900000001,1.0,5.0
9299735,21.0,258.0,56.0,Female,2.0,89131.18,1.0,4.0
8535609,18.0,219.0,42.0,Male,2.0,108399.06,1.0,4.0
6903554,9.0,108.0,66.0,Female,2.0,74009.54999999999,3.0,6.0
3445770,12.0,155.0,31.5,Female,2.0,40709.11,1.0,4.0
6417081,6.0,72.0,20.5,Unknown,3.0,37953.39,5.0,8.0
3535575,8.0,104.0,29.5,Female,2.0,34932.82,0.0,3.0
519971,7.0,95.0,53.0,Unknown,2.0,118413.67,6.0,9.0
1736063,13.0,167.0,60.0,Female,2.0,32036.94,2.0,5.0
1936836,34.0,410.0,70.5,Male,3.0,597299.67,5.0,8.0
9158247,13.0,160.0,46.0,Male,2.0,27798.49,2.0,5.0
1020604,14.0,168.0,35.5,Female,2.0,154359.53999999998,1.0,4.0
7693057,7.0,86.0,31.5,Unknown,2.0,49082.81,6.0,9.0
4289238,4.0,57.0,55.5,Female,3.0,47716.85,1.0,5.0
4293151,2.0,33.0,62.0,Unknown,2.0,202476.24,5.0,9.0
3081243,14.0,178.0,71.0,Female,2.0,107127.13,2.0,5.0
2866431,5.0,67.0,30.0,Unknown,2.0,42598.09,2.0,5.0
3709661,19.0,239.0,57.0,Female,2.0,26385.41,2.0,5.0
5606762,12.0,154.0,54.5,Male,2.0,38216.84,3.0,6.0
2550100,10.0,130.0,60.5,Male,3.0,153685.09,5.0,8.0
8352140,7.0,88.0,47.0,Unknown,2.0,23840.59,0.0,3.0
1422241,19.0,233.0,51.0,Female,2.0,25170.22,6.0,9.0
2912399,8.0,104.0,21.5,Male,2.0,54536.73,3.0,6.0
8329803,12.0,146.0,52.0,Female,2.0,37786.39,1.0,4.0
8222868,13.0,166.0,62.0,Female,2.0,40154.21,0.0,3.0
2100060,14.0,174.0,29.0,Male,2.0,97872.92,6.0,9.0
9541276,6.0,72.0,60.5,Unknown,2.0,39511.94,3.0,6.0
8226519,16.0,196.0,63.5,Female,2.0,110814.25,6.0,9.0
2129008,11.0,142.0,41.5,Female,2.0,106116.71,1.0,4.0
6405391,5.0,62.0,18.5,Unknown,2.0,29035.83,2.0,5.0
9449406,8.0,102.0,41.0,Unknown,2.0,23866.17,0.0,3.0
7326538,28.0,339.0,66.5,Male,3.0,56586.38,6.0,9.0
7115797,9.0,109.0,34.0,Male,2.0,107265.44,0.0,3.0
7802574,16.0,197.0,23.5,Male,2.0,46046.63,0.0,3.0
893384,4.0,59.0,32.5,Unknown,2.0,51053.87,0.0,3.0
8538926,8.0,107.0,34.5,Male,2.0,56574.87,1.0,4.0
1583018,7.0,84.0,60.5,Unknown,2.0,39332.56,6.0,9.0
9722282,7.0,92.0,55.5,Unknown,4.0,307368.96,3.0,6.0
1836362,7.0,85.0,57.0,Unknown,2.0,46462.92999999999,0.0,3.0
9985251,7.0,84.0,38.5,Unknown,2.0,43598.1,1.0,4.0
5016208,15.0,186.0,60.5,Male,2.0,49695.32,1.0,5.0
6849705,6.0,83.0,23.0,Unknown,2.0,32275.84,1.0,4.0
3916056,24.0,288.0,23.5,Male,2.0,54137.32,2.0,5.0
1245728,43.0,516.0,59.0,Male,3.0,639193.4600000001,5.0,8.0
7706068,6.0,77.0,46.5,Unknown,2.0,47483.45,2.0,5.0
4050608,13.0,167.0,56.5,Male,2.0,65946.66,2.0,5.0
3210892,18.0,218.0,41.0,Male,2.0,43907.94,6.0,9.0
1895292,28.0,337.0,58.5,Female,2.0,94626.94,6.0,9.0
1354458,13.0,166.0,38.5,Male,2.0,31604.87,0.0,3.0
908772,10.0,126.0,26.0,Male,2.0,216962.98,3.0,6.0
1980712,8.0,106.0,27.0,Female,2.0,80188.36,0.0,3.0
7588378,10.0,121.0,52.0,Male,3.0,112112.74,6.0,9.0
9196593,7.0,87.0,33.5,Unknown,2.0,47356.67,6.0,9.0
823084,3.0,45.0,69.0,Female,2.0,40055.86,6.0,9.0
8361957,7.0,84.0,26.0,Unknown,3.0,79457.6,1.0,4.0
1778114,12.0,154.0,66.0,Female,2.0,44794.67999999999,1.0,4.0
3650057,4.0,57.0,68.0,Unknown,2.0,63845.11,2.0,5.0
8959036,7.0,84.0,31.0,Unknown,2.0,38702.38,2.0,5.0
5519930,4.0,59.0,18.5,Unknown,2.0,35070.59,0.0,3.0
5462870,4.0,58.0,65.0,Unknown,2.0,38513.0,6.0,9.0
6071499,9.0,118.0,35.0,Female,3.0,39760.17,6.0,9.0
1654944,5.0,66.0,32.0,Unknown,2.0,25264.05,2.0,5.0
5698289,15.0,187.0,37.5,Male,2.0,154708.95,6.0,9.0
7174812,5.0,62.0,62.0,Unknown,2.0,81752.29000000001,6.0,9.0
299523,6.0,82.0,34.5,Unknown,2.0,49453.02,1.0,4.0
1116906,6.0,72.0,28.0,Unknown,4.0,118144.64,6.0,9.0
6161224,5.0,63.0,45.5,Male,2.0,81704.29999999999,1.0,4.0
9119443,7.0,87.0,61.0,Unknown,2.0,176692.7,4.0,7.0
8875788,24.0,297.0,73.0,Female,2.0,1315074.19,5.0,8.0
8299155,7.0,89.0,63.5,Male,4.0,958367.01,2.0,5.0
4116392,9.0,108.0,51.0,Female,2.0,59096.62,1.0,5.0
6826049,9.0,119.0,22.0,Female,2.0,38499.93,1.0,4.0
1590631,10.0,120.0,51.0,Female,3.0,69383.98,4.0,7.0
2523816,7.0,92.0,23.0,Female,3.0,47800.08,6.0,9.0
4604879,6.0,74.0,58.0,Unknown,5.0,209407.31,6.0,9.0
3155479,9.0,117.0,33.5,Male,2.0,157842.7,2.0,5.0
7506131,10.0,123.0,72.5,Female,2.0,281616.58,5.0,8.0
3385898,6.0,75.0,34.0,Unknown,2.0,100264.14,6.0,9.0
5157992,6.0,73.0,56.0,Unknown,2.0,567084.8500000001,4.0,7.0
4242250,6.0,75.0,25.0,Unknown,2.0,61623.56,1.0,4.0
7657427,11.0,133.0,70.5,Female,2.0,354255.36,2.0,5.0
3802414,5.0,65.0,59.5,Unknown,2.0,352999.89,1.0,4.0
8526018,30.0,370.0,84.0,Male,3.0,799362.5900000001,6.0,9.0
3692684,12.0,154.0,22.0,Female,2.0,31138.96,0.0,3.0
4839279,7.0,95.0,70.5,Unknown,4.0,66746.64,4.0,7.0
6948674,9.0,112.0,25.5,Female,2.0,34741.69,2.0,5.0
5556100,9.0,116.0,25.5,Male,2.0,54096.59,5.0,8.0
3742276,6.0,73.0,58.5,Unknown,2.0,33128.82,3.0,6.0
1749068,33.0,404.0,81.5,Female,3.0,350816.58,6.0,9.0
9796007,8.0,96.0,28.0,Unknown,2.0,46987.64,5.0,8.0
9014870,8.0,97.0,46.0,Unknown,2.0,156932.21000000002,6.0,9.0
4836017,16.0,197.0,61.0,Female,2.0,68470.23,6.0,9.0
6913303,7.0,92.0,34.0,Unknown,2.0,65594.35,5.0,8.0
1000536,4.0,58.0,27.0,Unknown,2.0,27710.98,1.0,4.0
1452713,17.0,205.0,69.5,Male,3.0,576862.13,3.0,6.0
2012679,14.0,179.0,43.0,Female,2.0,241081.15,6.0,9.0
2423443,23.0,277.0,53.5,Male,2.0,39850.45,6.0,9.0
3117001,21.0,262.0,67.5,Female,2.0,43713.99,6.0,9.0
4499048,21.0,259.0,65.5,Female,2.0,61039.23,3.0,6.0
7460130,19.0,232.0,69.0,Female,2.0,349835.43,3.0,6.0
9793340,16.0,199.0,42.5,Male,2.0,30549.84,0.0,3.0
3814240,8.0,103.0,26.0,Unknown,2.0,43081.92999999999,1.0,4.0
3784014,10.0,124.0,61.0,Male,2.0,90767.2,3.0,6.0
5921245,5.0,70.0,27.5,Unknown,2.0,57454.17,2.0,5.0
3830991,6.0,83.0,64.0,Unknown,2.0,517603.94,6.0,9.0
4815171,15.0,182.0,54.5,Male,3.0,249727.91,6.0,9.0
2795570,12.0,150.0,71.0,Female,2.0,33622.28,0.0,3.0
9310498,4.0,59.0,22.5,Unknown,2.0,31967.98,1.0,4.0
4746559,9.0,117.0,42.5,Female,4.0,353932.96,2.0,5.0
4711162,5.0,70.0,26.0,Unknown,2.0,42506.01,1.0,4.0
3690352,12.0,155.0,29.5,Female,2.0,106831.38,0.0,3.0
58962,5.0,66.0,53.5,Female,3.0,85123.89,3.0,6.0
1667682,10.0,124.0,23.5,Female,3.0,54660.99,2.0,5.0
2927484,12.0,150.0,29.5,Female,2.0,62189.31,2.0,5.0
2850674,15.0,186.0,22.5,Male,3.0,40265.26,6.0,9.0
761236,30.0,368.0,25.0,Unknown,2.0,36362.63,4.0,7.0
9286288,21.0,254.0,62.5,Male,3.0,16320040.15,6.0,9.0
2771384,8.0,103.0,69.0,Unknown,3.0,952417.63,3.0,7.0
7875996,4.0,59.0,67.0,Unknown,2.0,47385.82,2.0,5.0
1145797,12.0,149.0,43.0,Male,3.0,51304.28999999999,4.0,7.0
4885208,5.0,71.0,57.5,Unknown,2.0,211728.9,4.0,7.0
3028950,16.0,193.0,54.0,Female,2.0,148529.47,6.0,9.0
5810071,9.0,110.0,41.5,Female,2.0,47905.08,2.0,5.0
6248719,30.0,370.0,52.5,Female,2.0,51474.83,2.0,5.0
4190539,16.0,194.0,52.5,Male,2.0,83033.67,0.0,3.0
609294,13.0,159.0,55.0,Female,2.0,26793.07,0.0,3.0
6149800,11.0,140.0,54.5,Female,2.0,328776.73,2.0,5.0
8185919,10.0,126.0,61.0,Male,2.0,31281.5,4.0,7.0
1418190,12.0,146.0,33.0,Female,2.0,80880.20999999999,1.0,4.0
4763853,16.0,196.0,42.0,Male,2.0,33870.869999999995,0.0,3.0
7728491,6.0,72.0,55.5,Unknown,2.0,64294.09,2.0,5.0
3636597,8.0,103.0,58.5,Unknown,2.0,61804.76,2.0,5.0
6948811,14.0,168.0,24.0,Unknown,2.0,30229.02,0.0,3.0
1175216,28.0,337.0,57.5,Female,2.0,115906.41,4.0,7.0
5286552,7.0,94.0,60.5,Unknown,2.0,261755.84000000003,5.0,8.0
7770368,17.0,206.0,71.5,Female,2.0,84586.7,4.0,7.0
7562380,10.0,131.0,34.0,Male,2.0,379953.39,5.0,8.0
9370276,14.0,171.0,48.5,Male,2.0,32910.34,6.0,9.0
3184555,5.0,67.0,71.0,Unknown,2.0,88814.03,5.0,8.0
8526067,10.0,126.0,70.5,Female,2.0,38088.58,2.0,6.0
5656016,22.0,269.0,58.5,Male,3.0,56189.42,6.0,9.0
3008006,22.0,268.0,50.5,Female,2.0,71342.36,3.0,6.0
4797951,22.0,266.0,68.0,Female,3.0,345043.54,3.0,7.0
1178931,21.0,252.0,57.5,Male,2.0,36839.23,0.0,3.0
5740925,20.0,251.0,47.0,Male,2.0,338012.84,1.0,4.0
9516881,18.0,226.0,40.0,Female,2.0,178689.56,2.0,5.0
369222,17.0,212.0,42.0,Male,3.0,839195.42,6.0,9.0
9302194,17.0,211.0,41.0,Female,2.0,149029.22,0.0,3.0
3663796,8.0,102.0,60.0,Unknown,2.0,92187.86,4.0,7.0
5019189,11.0,137.0,30.0,Male,2.0,617217.2000000001,5.0,8.0
9779242,14.0,169.0,67.5,Male,2.0,179023.05,2.0,6.0
1132831,5.0,64.0,46.0,Unknown,2.0,78265.44,4.0,7.0
3703282,13.0,167.0,19.5,Female,2.0,28932.36,5.0,8.0
5589110,4.0,59.0,48.5,Unknown,2.0,69534.44,0.0,3.0
6024101,7.0,87.0,67.5,Unknown,3.0,214511.64,6.0,9.0
7744279,6.0,79.0,57.0,Unknown,2.0,71834.67,3.0,6.0
6796821,7.0,92.0,65.5,Male,2.0,142163.64,2.0,5.0
871652,4.0,58.0,42.5,Unknown,2.0,538088.3200000001,6.0,9.0
9090315,11.0,140.0,39.0,Female,2.0,87239.53,0.0,3.0
8807923,8.0,101.0,25.5,Unknown,3.0,178631.41999999998,6.0,9.0
9331489,6.0,78.0,57.0,Unknown,2.0,32205.69,3.0,6.0
7599262,14.0,176.0,64.0,Female,2.0,88034.6,1.0,4.0
3700524,6.0,72.0,25.5,Unknown,2.0,221403.07,4.0,7.0
3202884,16.0,195.0,65.5,Male,2.0,39771.61,1.0,4.0
1815390,8.0,101.0,30.5,Unknown,2.0,85992.88,3.0,6.0
6904330,6.0,81.0,52.5,Female,2.0,36479.32,1.0,4.0
6238821,6.0,76.0,28.0,Unknown,3.0,109766.06,6.0,9.0
7595101,13.0,157.0,37.5,Female,3.0,43403.64,2.0,5.0
5183637,7.0,89.0,47.5,Unknown,2.0,59094.79,3.0,6.0
4846045,9.0,117.0,40.5,Female,2.0,69143.95,1.0,4.0
1159317,6.0,78.0,27.5,Unknown,2.0,34308.45,4.0,8.0
5574593,15.0,184.0,32.5,Female,3.0,153297.97,3.0,6.0
9569269,5.0,71.0,53.0,Female,2.0,59896.45,6.0,9.0
5899779,5.0,70.0,23.5,Unknown,2.0,30482.42,3.0,6.0
190598,5.0,71.0,36.0,Unknown,3.0,100037.38,6.0,9.0
9972616,17.0,209.0,50.5,Male,2.0,39062.61,2.0,5.0
4995081,14.0,175.0,58.0,Female,2.0,26833.49,2.0,5.0
7207966,5.0,68.0,49.0,Unknown,2.0,127031.75,6.0,9.0
4264744,9.0,119.0,32.0,Male,2.0,45738.75,6.0,9.0
6158593,8.0,106.0,31.5,Male,2.0,55187.53,1.0,4.0
2473294,6.0,82.0,32.0,Unknown,2.0,156893.27000000002,3.0,6.0
4472872,4.0,58.0,53.0,Unknown,2.0,47049.65,1.0,4.0
3201380,5.0,71.0,65.0,Male,2.0,82537.66,1.0,4.0
568867,10.0,130.0,55.5,Male,4.0,829502.61,3.0,6.0
8546478,15.0,189.0,67.0,Female,2.0,36345.95,1.0,4.0
3478671,7.0,88.0,44.5,Unknown,3.0,177393.19,6.0,9.0
4236324,16.0,203.0,50.0,Female,3.0,67859.78,6.0,9.0
3273765,7.0,92.0,25.0,Unknown,4.0,54182.7,5.0,8.0
2753304,15.0,180.0,49.5,Male,2.0,51660.73,6.0,9.0
5530388,6.0,73.0,73.0,Unknown,3.0,144764.57,2.0,5.0
1515194,8.0,100.0,58.5,Unknown,3.0,504587.94,5.0,8.0
9249796,8.0,106.0,33.0,Male,2.0,79687.69,6.0,9.0
5050024,12.0,145.0,51.5,Female,2.0,43631.99,0.0,3.0
7536655,23.0,281.0,54.5,Female,2.0,48977.63,0.0,3.0
7976518,22.0,273.0,66.0,Female,3.0,676550.11,6.0,9.0
2290934,22.0,264.0,67.5,Male,3.0,268630.74,4.0,7.0
8585300,21.0,257.0,73.0,Female,3.0,142038.01,1.0,4.0
9389415,20.0,251.0,54.5,Female,3.0,100044.75,2.0,5.0
1122145,20.0,249.0,64.0,Female,2.0,208969.29,1.0,4.0
3519352,22.0,268.0,69.5,Unknown,2.0,63417.08,5.0,8.0
1530669,19.0,239.0,37.0,Male,2.0,40487.67,3.0,6.0
9926629,17.0,214.0,74.0,Female,2.0,55081.94,1.0,4.0
5212205,4.0,49.0,26.5,Unknown,2.0,45861.34,0.0,3.0
5240399,16.0,203.0,50.5,Male,4.0,53890.67,0.0,3.0
6003973,13.0,163.0,27.5,Male,2.0,53211.13,0.0,3.0
6784540,7.0,85.0,61.5,Unknown,2.0,63281.92,1.0,4.0
8468092,12.0,148.0,39.0,Female,2.0,103213.98,0.0,3.0
5871989,8.0,97.0,50.5,Unknown,2.0,49079.67,6.0,9.0
2551175,6.0,76.0,36.0,Unknown,2.0,60908.38,2.0,5.0
9339477,10.0,121.0,74.0,Female,2.0,122896.18,6.0,9.0
871185,15.0,188.0,59.5,Male,2.0,160810.09999999998,3.0,6.0
9847934,4.0,59.0,31.0,Unknown,2.0,37224.24,2.0,5.0
1874162,14.0,170.0,71.0,Male,2.0,63915.39,0.0,3.0
1860858,5.0,69.0,79.5,Unknown,2.0,101570.52,1.0,4.0
9047770,6.0,78.0,20.0,Unknown,2.0,25314.86,0.0,3.0
4102060,15.0,180.0,47.5,Female,2.0,100383.74,0.0,3.0
2152887,7.0,92.0,55.5,Unknown,3.0,77375.6,4.0,7.0
1411520,6.0,80.0,66.5,Unknown,2.0,71354.1,2.0,5.0
2529445,8.0,100.0,54.0,Female,2.0,47653.76,1.0,5.0
1906178,10.0,130.0,65.0,Male,2.0,111877.81,2.0,6.0
2339876,29.0,349.0,82.5,Female,3.0,243989.31,6.0,9.0
3428017,5.0,70.0,20.0,Unknown,3.0,31499.98,1.0,4.0
8950763,5.0,70.0,59.5,Unknown,3.0,53528.78999999999,0.0,3.0
5350856,16.0,192.0,52.5,Female,2.0,220070.18,3.0,6.0
8707936,15.0,189.0,59.0,Female,2.0,80183.95999999999,4.0,7.0
2310297,28.0,342.0,46.0,Male,2.0,44218.25,6.0,9.0
5613996,9.0,119.0,63.0,Female,2.0,49305.47,2.0,5.0
9128098,6.0,74.0,31.5,Unknown,2.0,39611.52,3.0,6.0
1402600,27.0,331.0,44.5,Female,2.0,41931.21,0.0,3.0
8248792,4.0,49.0,66.0,Unknown,2.0,39563.12,1.0,4.0
6337229,9.0,118.0,47.5,Unknown,2.0,46854.03999999999,4.0,7.0
3295388,6.0,81.0,51.0,Unknown,3.0,112437.46,4.0,7.0
2131961,11.0,139.0,25.0,Male,2.0,115487.08,6.0,9.0
2722104,14.0,171.0,43.0,Male,2.0,68825.04999999999,6.0,9.0
5973135,7.0,95.0,65.5,Unknown,2.0,69527.12,3.0,6.0
8749393,14.0,168.0,26.0,Female,2.0,52172.45,0.0,3.0
4902300,19.0,230.0,60.0,Male,2.0,25535.32,1.0,4.0
6816135,8.0,101.0,26.5,Unknown,2.0,30756.65,1.0,4.0
2488896,5.0,70.0,46.5,Unknown,2.0,39681.03,3.0,6.0
2524954,11.0,144.0,60.5,Male,2.0,231654.76,3.0,6.0
78917,24.0,296.0,68.0,Male,2.0,341682.08,3.0,7.0
8102309,27.0,324.0,48.5,Female,2.0,52538.17,5.0,8.0
9988883,20.0,241.0,60.5,Female,2.0,164330.38,0.0,4.0
2576610,17.0,210.0,66.0,Female,3.0,118190.53,3.0,6.0
8935816,5.0,70.0,42.0,Unknown,2.0,50291.62,1.0,4.0
9426724,16.0,192.0,47.5,Male,2.0,153390.22999999998,0.0,3.0
8689214,6.0,83.0,22.0,Unknown,2.0,40097.55,3.0,6.0
2204958,5.0,65.0,25.0,Unknown,3.0,33866.89,6.0,9.0
3412634,8.0,96.0,32.5,Unknown,2.0,29123.92,6.0,9.0
9650414,4.0,57.0,65.5,Unknown,2.0,30349.29,2.0,5.0
4215470,16.0,197.0,36.5,Male,2.0,142020.4,0.0,3.0
4249361,33.0,406.0,58.5,Male,2.0,615334.17,6.0,9.0
2291168,7.0,92.0,27.5,Unknown,3.0,104507.52,4.0,7.0
1037038,8.0,106.0,32.5,Male,2.0,53515.17,2.0,5.0
410527,4.0,58.0,41.5,Unknown,2.0,29388.51,0.0,3.0
6364554,7.0,88.0,19.5,Unknown,3.0,42607.65,3.0,7.0
1553954,15.0,180.0,32.0,Male,2.0,172175.96999999997,4.0,7.0
7501883,6.0,81.0,41.5,Unknown,2.0,74515.87,0.0,3.0
7365634,15.0,186.0,46.0,Female,2.0,44418.77,2.0,5.0
4514267,6.0,76.0,37.5,Female,2.0,34897.95,0.0,3.0
4210824,8.0,100.0,26.5,Unknown,2.0,41521.96,0.0,3.0
6651273,5.0,65.0,35.5,Male,2.0,28499.1,5.0,8.0
1688786,4.0,58.0,21.5,Unknown,2.0,52576.12,6.0,9.0
3461116,8.0,101.0,32.0,Female,2.0,120169.72,2.0,5.0
5192635,10.0,127.0,58.5,Male,2.0,47733.78,2.0,5.0
6290419,6.0,75.0,44.5,Unknown,4.0,60775.43,1.0,4.0
1830990,14.0,168.0,66.0,Male,2.0,33159.99,1.0,4.0
7373147,6.0,81.0,31.0,Unknown,2.0,33419.1,5.0,8.0
2734031,22.0,269.0,34.5,Male,2.0,125228.71,6.0,9.0
980423,16.0,192.0,52.0,Male,2.0,162369.12,1.0,4.0
3393250,11.0,142.0,42.5,Female,2.0,180967.68,5.0,8.0
6708756,12.0,149.0,45.5,Female,2.0,140272.18,1.0,4.0
2232360,9.0,118.0,29.0,Male,4.0,632973.1000000001,6.0,9.0
1921173,13.0,166.0,44.5,Unknown,2.0,75840.06,1.0,4.0
5584706,10.0,122.0,61.5,Female,2.0,153303.94,3.0,6.0
2523295,10.0,125.0,31.5,Female,2.0,35030.71,6.0,9.0
8301761,7.0,95.0,32.5,Unknown,2.0,54576.62,5.0,8.0
3247829,9.0,118.0,49.5,Male,2.0,95904.09,1.0,4.0
9461515,9.0,110.0,59.5,Female,2.0,187389.59000000003,5.0,8.0
2365348,8.0,107.0,27.5,Female,2.0,24152.68,4.0,7.0
5006616,9.0,110.0,73.5,Male,2.0,32206.91,2.0,5.0
6626388,4.0,59.0,23.0,Unknown,2.0,33152.58,6.0,9.0
2821818,7.0,87.0,28.0,Female,2.0,62276.16,3.0,6.0
2563475,4.0,56.0,64.5,Unknown,2.0,104296.43,0.0,3.0
2476260,10.0,129.0,43.0,Female,2.0,236651.82,6.0,9.0
9251362,4.0,59.0,28.5,Unknown,2.0,41913.91,0.0,3.0
892783,6.0,77.0,45.0,Unknown,3.0,43705.7,4.0,7.0
2278314,11.0,139.0,30.5,Male,4.0,219520.95,2.0,5.0
1136898,4.0,58.0,35.5,Unknown,3.0,56047.16,5.0,8.0
9903655,25.0,304.0,61.0,Male,2.0,41885.53,6.0,9.0
8827276,22.0,265.0,70.5,Female,2.0,134115.38,4.0,7.0
2994014,21.0,252.0,58.0,Female,4.0,76580.62,6.0,9.0
9551583,21.0,253.0,47.5,Male,2.0,267783.26,0.0,3.0
1553187,18.0,220.0,61.5,Male,4.0,533887.5700000001,4.0,7.0
4691653,14.0,171.0,47.0,Male,3.0,112962.3,5.0,8.0
6567096,10.0,124.0,55.0,Male,2.0,158194.47999999998,5.0,8.0
4293448,4.0,59.0,26.0,Unknown,2.0,39072.69,6.0,9.0
1859112,14.0,178.0,55.5,Female,2.0,170150.82,5.0,8.0
352172,4.0,58.0,42.5,Unknown,2.0,45230.03,0.0,3.0
7607012,16.0,192.0,37.5,Female,2.0,48867.08,2.0,5.0
2735464,6.0,72.0,44.0,Male,2.0,300224.11,6.0,9.0
4320662,12.0,154.0,60.0,Male,2.0,120837.74,6.0,9.0
73331,14.0,177.0,50.5,Female,2.0,58785.07,6.0,9.0
2962779,12.0,154.0,66.5,Female,2.0,117837.7,3.0,6.0
3302766,12.0,151.0,55.5,Male,2.0,36309.9,1.0,4.0
7619560,12.0,147.0,31.5,Female,2.0,118372.24,6.0,9.0
9881868,21.0,253.0,73.0,Male,2.0,75006.86,6.0,9.0
7399918,12.0,155.0,51.0,Female,2.0,33392.03,1.0,4.0
7168887,15.0,186.0,47.0,Female,2.0,37822.63,6.0,9.0
7060578,9.0,119.0,50.0,Female,3.0,177642.66999999998,4.0,7.0
8687998,13.0,163.0,45.5,Female,3.0,43409.94,2.0,5.0
985965,6.0,81.0,24.0,Unknown,2.0,53445.55,1.0,4.0
2775504,10.0,126.0,32.0,Male,3.0,80431.16,6.0,9.0
5006380,11.0,143.0,49.5,Male,2.0,68694.23,4.0,8.0
6544929,15.0,187.0,33.5,Female,2.0,27789.96,0.0,3.0
5513189,13.0,166.0,38.0,Female,2.0,223679.04,0.0,3.0
2028637,11.0,136.0,38.0,Female,4.0,476126.16,4.0,7.0
7600180,16.0,203.0,41.5,Female,2.0,57453.29,0.0,3.0
3336392,5.0,66.0,39.5,Unknown,3.0,45108.87,0.0,3.0
6247972,6.0,73.0,50.0,Unknown,2.0,29618.63,0.0,3.0
4066551,9.0,113.0,30.0,Male,2.0,44081.99,6.0,9.0
4466183,11.0,139.0,32.5,Female,2.0,83325.35,1.0,4.0
5410293,11.0,142.0,62.0,Male,2.0,988184.81,5.0,8.0
6308456,8.0,106.0,39.5,Male,2.0,53006.9,0.0,3.0
3725247,10.0,128.0,39.5,Male,2.0,25884.32,1.0,4.0
4787598,13.0,160.0,56.5,Female,2.0,44286.73,1.0,4.0
3294285,5.0,71.0,18.0,Male,3.0,50647.87,2.0,5.0
6347993,9.0,110.0,36.0,Male,4.0,162509.13,6.0,9.0
3677469,10.0,127.0,55.0,Female,2.0,34007.79,0.0,3.0
3558302,12.0,153.0,38.0,Female,2.0,46984.9,1.0,4.0
2010364,9.0,118.0,34.0,Male,2.0,52063.67999999999,6.0,9.0
397574,13.0,159.0,55.5,Male,2.0,538858.65,6.0,9.0
6901638,9.0,108.0,31.5,Male,2.0,37869.68,1.0,4.0
2700516,34.0,419.0,67.0,Male,2.0,232770.32,6.0,9.0
2060326,7.0,85.0,31.5,Unknown,2.0,51028.06,6.0,9.0
6519466,6.0,72.0,30.0,Unknown,2.0,51144.6,2.0,5.0
3519727,7.0,92.0,72.0,Male,3.0,125710.03,4.0,7.0
851431,14.0,173.0,56.0,Female,2.0,201118.23,5.0,8.0
8578242,11.0,142.0,29.5,Male,3.0,134160.57,2.0,5.0
9592900,9.0,112.0,38.5,Male,2.0,31097.15,6.0,9.0
1011388,8.0,104.0,33.5,Male,2.0,67905.01,2.0,5.0
476642,14.0,177.0,62.5,Male,2.0,129648.93,3.0,6.0
507290,5.0,67.0,55.5,Male,2.0,26072.0,5.0,8.0
4622994,24.0,288.0,47.0,Female,2.0,51774.97,2.0,5.0
4177841,23.0,285.0,41.5,Female,2.0,27323.77,4.0,7.0
1133720,23.0,276.0,43.5,Female,2.0,91073.28,3.0,6.0
8984668,22.0,275.0,61.5,Female,2.0,109941.76,5.0,8.0
38685,20.0,248.0,53.0,Female,3.0,116735.94,4.0,7.0
556786,20.0,246.0,42.5,Male,3.0,536738.31,3.0,6.0
6046408,19.0,234.0,41.0,Female,4.0,124461.16,5.0,8.0
5143624,17.0,207.0,52.0,Male,2.0,137379.51,4.0,7.0
3587182,5.0,66.0,31.0,Unknown,3.0,46206.89,6.0,9.0
3276529,15.0,190.0,41.0,Female,2.0,36982.49,1.0,4.0
2259706,16.0,197.0,64.5,Female,2.0,31828.01,1.0,4.0
5848988,7.0,86.0,54.0,Male,2.0,240496.82,0.0,3.0
3091837,12.0,153.0,56.5,Female,2.0,39291.93,0.0,3.0
7982935,4.0,50.0,53.0,Unknown,2.0,45818.03999999999,4.0,7.0
9397189,13.0,156.0,54.5,Male,2.0,222527.95,3.0,6.0
9402587,5.0,64.0,26.0,Unknown,2.0,117739.82,2.0,5.0
6685212,4.0,58.0,32.5,Male,2.0,90617.05,1.0,4.0
9361231,10.0,130.0,35.5,Female,2.0,169150.24,0.0,3.0
6479957,4.0,57.0,35.0,Unknown,2.0,33925.33,4.0,7.0
4178665,8.0,107.0,28.5,Male,2.0,110444.87,6.0,9.0
5869318,9.0,117.0,30.5,Male,3.0,180499.1,6.0,9.0
9710210,26.0,321.0,54.5,Male,2.0,31757.92,0.0,3.0
8328204,26.0,322.0,55.0,Male,2.0,219498.51,2.0,5.0
4769852,6.0,78.0,31.0,Male,2.0,26943.66,0.0,3.0
4792254,14.0,168.0,69.0,Female,3.0,254540.11,1.0,4.0
2346854,7.0,84.0,60.5,Unknown,2.0,65636.79999999999,1.0,4.0
8619261,9.0,114.0,29.0,Female,2.0,39150.65,0.0,3.0
5206671,7.0,95.0,29.0,Male,3.0,91439.76,1.0,4.0
2114924,7.0,87.0,50.0,Unknown,2.0,77357.58,4.0,7.0
8562779,14.0,169.0,35.5,Male,4.0,150750.24,4.0,7.0
9239428,8.0,104.0,22.0,Male,3.0,39868.47,6.0,9.0
581041,8.0,106.0,26.0,Male,2.0,38599.86,6.0,9.0
1065421,13.0,158.0,33.0,Unknown,2.0,29454.74,3.0,6.0
6124040,13.0,162.0,32.5,Unknown,2.0,115173.38,5.0,8.0
1309292,15.0,180.0,47.0,Female,2.0,143040.03,6.0,9.0
5622575,7.0,92.0,70.5,Female,2.0,540017.41,2.0,5.0
8217859,13.0,159.0,28.0,Male,2.0,99361.01,2.0,5.0
6459475,5.0,66.0,23.5,Unknown,3.0,26408.96,1.0,4.0
4888228,7.0,94.0,33.0,Unknown,2.0,46271.65,1.0,4.0
837151,12.0,147.0,63.5,Male,3.0,672114.01,6.0,9.0
5425055,8.0,97.0,26.5,Unknown,3.0,66719.28,6.0,9.0
8738505,4.0,57.0,30.5,Unknown,2.0,27763.02,3.0,6.0
2828863,13.0,159.0,59.5,Male,5.0,2238609.47,4.0,8.0
7575224,6.0,73.0,34.5,Female,2.0,65287.44,0.0,3.0
2289261,6.0,79.0,38.5,Male,2.0,4466421.83,6.0,9.0
1843417,15.0,187.0,46.0,Female,2.0,113105.53,0.0,3.0
1189950,4.0,59.0,29.0,Unknown,2.0,30212.75,3.0,6.0
2376568,13.0,157.0,46.0,Unknown,2.0,76836.92,0.0,3.0
6476558,5.0,69.0,61.5,Female,2.0,115397.18,2.0,5.0
7137574,24.0,294.0,59.0,Male,2.0,66976.83,0.0,3.0
2563749,23.0,276.0,25.5,Female,2.0,59837.4,1.0,4.0
3495911,21.0,262.0,62.5,Female,2.0,61651.53,0.0,3.0
7564737,21.0,253.0,49.5,Male,2.0,70674.17,6.0,9.0
7616067,19.0,238.0,42.5,Male,2.0,265009.51,4.0,7.0
6694109,18.0,219.0,68.5,Female,2.0,237909.82,6.0,9.0
2600988,17.0,214.0,59.0,Male,2.0,30935.66,1.0,4.0
8378456,17.0,213.0,44.0,Female,2.0,51305.38,5.0,8.0
7615942,5.0,62.0,84.0,Female,2.0,81207.47,2.0,5.0
7566046,16.0,199.0,29.0,Female,2.0,34647.83,3.0,6.0
6898714,5.0,67.0,22.0,Unknown,2.0,27026.21,2.0,5.0
9492376,5.0,69.0,20.5,Unknown,2.0,37856.04,3.0,6.0
2254952,12.0,145.0,30.5,Female,4.0,52692.46,6.0,9.0
8534878,14.0,171.0,48.5,Female,2.0,26429.74,1.0,4.0
1486106,13.0,166.0,29.0,Male,2.0,67353.23999999999,0.0,3.0
8191025,8.0,106.0,39.5,Female,2.0,32321.63,2.0,5.0
5843778,5.0,71.0,37.5,Unknown,2.0,25453.33,4.0,7.0
897598,15.0,189.0,54.5,Female,2.0,817647.8200000001,3.0,6.0
5437387,10.0,127.0,38.0,Female,2.0,134328.64,0.0,3.0
6577121,10.0,129.0,43.5,Female,2.0,56247.49,0.0,3.0
3728714,12.0,154.0,45.0,Male,2.0,24090.07,3.0,6.0
3359276,4.0,57.0,68.0,Unknown,2.0,69454.75,0.0,3.0
5738142,15.0,191.0,34.5,Male,3.0,67312.18,5.0,8.0
7896358,5.0,70.0,35.0,Unknown,2.0,29808.85,2.0,5.0
5999506,6.0,83.0,30.5,Unknown,2.0,64183.29,6.0,9.0
6181436,5.0,67.0,44.0,Male,2.0,27708.23,0.0,3.0
183720,10.0,128.0,27.5,Male,2.0,63868.82,6.0,9.0
9086277,7.0,92.0,70.0,Unknown,2.0,72441.35,3.0,7.0
2003283,12.0,155.0,65.0,Female,2.0,24110.75,5.0,8.0
2761917,26.0,322.0,70.0,Male,4.0,244113.19,6.0,9.0
7976241,10.0,129.0,35.5,Female,2.0,35455.7,0.0,3.0
7739677,7.0,93.0,25.0,Unknown,2.0,60986.86,3.0,6.0
3469548,7.0,88.0,27.0,Male,3.0,40721.53999999999,6.0,9.0
9386056,7.0,94.0,19.5,Unknown,2.0,66793.45999999999,0.0,3.0
5452512,6.0,82.0,45.0,Unknown,2.0,33704.29,5.0,8.0
2085392,4.0,59.0,33.0,Unknown,2.0,26466.29,0.0,3.0
9512448,4.0,59.0,29.5,Female,4.0,57125.47,1.0,4.0
1115553,10.0,130.0,37.5,Female,2.0,57564.45,3.0,6.0
2980183,5.0,61.0,26.0,Male,3.0,55718.33,6.0,9.0
8626874,12.0,145.0,67.0,Female,2.0,76905.53,0.0,4.0
4142199,7.0,93.0,67.5,Unknown,3.0,278541.3,6.0,9.0
5562109,6.0,73.0,63.5,Unknown,2.0,346089.76,1.0,6.0
7031997,10.0,131.0,63.5,Female,2.0,34874.259999999995,2.0,5.0
1087333,14.0,174.0,53.0,Female,4.0,666536.37,6.0,9.0
7991851,8.0,98.0,56.0,Male,2.0,151785.72,2.0,5.0
2607843,10.0,128.0,33.0,Male,2.0,27762.29,1.0,4.0
5741629,7.0,93.0,56.0,Unknown,2.0,176040.87,4.0,7.0
7536028,6.0,72.0,52.5,Female,2.0,28801.35,2.0,5.0
9739339,11.0,138.0,43.5,Male,3.0,193368.46,3.0,6.0
3168385,10.0,121.0,65.0,Female,2.0,43415.34,5.0,9.0
5401188,19.0,228.0,77.0,Female,2.0,53321.65,4.0,7.0
3243026,14.0,178.0,60.0,Female,2.0,59795.32,1.0,4.0
9406052,7.0,91.0,46.5,Unknown,2.0,41099.59,1.0,4.0
6895467,13.0,161.0,32.0,Male,2.0,27490.08,6.0,9.0
2560718,13.0,156.0,49.0,Female,2.0,54378.56,1.0,4.0
6504585,15.0,189.0,34.0,Male,2.0,26360.76,2.0,5.0
1401317,15.0,189.0,38.5,Unknown,2.0,347802.78,5.0,8.0
6926751,8.0,97.0,28.0,Unknown,2.0,37902.08,4.0,7.0
5805335,5.0,68.0,22.5,Unknown,2.0,27483.98,1.0,4.0
5200954,23.0,287.0,62.0,Male,3.0,166168.75,6.0,9.0
5096171,18.0,226.0,74.0,Unknown,2.0,57222.18,2.0,5.0
9206356,7.0,89.0,34.0,Unknown,2.0,43805.25,5.0,8.0
6423163,7.0,85.0,29.0,Unknown,2.0,31813.96,3.0,6.0
7308563,14.0,178.0,32.5,Male,5.0,343268.12,1.0,4.0
7108597,4.0,58.0,54.5,Male,2.0,293751.75,6.0,9.0
6786810,29.0,359.0,32.0,Male,2.0,28482.11,4.0,7.0
1008297,5.0,71.0,26.5,Unknown,2.0,31534.05,1.0,4.0
5299753,9.0,118.0,31.0,Female,2.0,70457.78,2.0,5.0
9551191,12.0,148.0,48.5,Female,3.0,79060.79999999999,6.0,9.0
2273399,26.0,320.0,58.0,Male,2.0,34868.36,3.0,6.0
6495358,9.0,115.0,38.5,Unknown,2.0,110859.63,1.0,4.0
6125000,15.0,189.0,38.5,Female,2.0,44217.03999999999,3.0,6.0
7221973,16.0,192.0,54.0,Unknown,2.0,371918.94,2.0,5.0
5914359,16.0,192.0,41.0,Female,2.0,66144.88,2.0,5.0
3046021,12.0,152.0,52.5,Male,4.0,542248.0700000001,1.0,4.0
1842611,5.0,61.0,23.0,Unknown,2.0,27405.78,2.0,5.0
1169522,15.0,191.0,53.5,Female,2.0,97744.8,3.0,6.0
591018,11.0,142.0,64.5,Female,2.0,30288.2,1.0,4.0
7114749,5.0,68.0,18.5,Unknown,3.0,33422.82,6.0,9.0
9064536,7.0,87.0,71.0,Unknown,2.0,104878.08,0.0,3.0
1264037,5.0,70.0,25.5,Female,2.0,36089.38,5.0,8.0
7359292,17.0,214.0,75.0,Male,2.0,84643.62,4.0,7.0
6955685,4.0,57.0,55.0,Unknown,2.0,68735.17,0.0,3.0
5382870,11.0,140.0,27.0,Female,2.0,45361.72,3.0,6.0
2661111,4.0,58.0,25.0,Unknown,2.0,56362.6,5.0,8.0
5466774,5.0,66.0,33.5,Unknown,2.0,70090.76,6.0,9.0
9367060,11.0,137.0,57.5,Female,2.0,33533.99,1.0,4.0
2309007,11.0,141.0,42.0,Male,2.0,380215.6,2.0,6.0
6840926,7.0,95.0,66.5,Male,2.0,75348.69,2.0,6.0
6473365,16.0,194.0,61.5,Male,2.0,27418.64,2.0,5.0
443921,5.0,60.0,49.0,Male,2.0,73511.5,6.0,9.0
6683397,10.0,122.0,71.5,Male,2.0,752748.5,6.0,9.0
9966704,5.0,68.0,18.5,Unknown,2.0,25766.59,3.0,6.0
698029,5.0,67.0,31.0,Unknown,3.0,57355.96,6.0,9.0
1002662,15.0,189.0,66.0,Male,2.0,26652.23,1.0,4.0
3754595,6.0,76.0,23.5,Unknown,2.0,27700.38,6.0,9.0
4137311,5.0,62.0,45.5,Male,2.0,46569.61,1.0,4.0
1199169,16.0,194.0,44.5,Female,2.0,192307.29,4.0,7.0
9275573,6.0,72.0,48.5,Unknown,2.0,32198.08,0.0,3.0
1809691,8.0,104.0,58.0,Unknown,2.0,50740.17,4.0,7.0
3756516,14.0,179.0,33.0,Male,2.0,96241.58,4.0,7.0
6413533,6.0,82.0,67.0,Male,2.0,442256.94,6.0,9.0
3979991,12.0,154.0,43.0,Female,2.0,50142.84,0.0,4.0
3811753,15.0,181.0,37.0,Male,2.0,95550.1,5.0,8.0
1162535,24.0,295.0,61.5,Male,2.0,78270.98999999999,2.0,5.0
5848027,24.0,292.0,41.0,Male,2.0,57264.74,6.0,9.0
5261628,24.0,288.0,56.0,Male,2.0,96571.81,4.0,7.0
4035305,23.0,284.0,70.5,Female,2.0,240686.73,6.0,9.0
3073360,21.0,261.0,39.5,Male,2.0,33666.59,4.0,7.0
8066807,21.0,256.0,51.0,Male,3.0,292613.99,6.0,9.0
5566976,23.0,287.0,55.5,Male,4.0,194859.69,1.0,4.0
1892750,20.0,241.0,49.5,Male,2.0,40269.71,4.0,7.0
177765,10.0,129.0,30.5,Male,3.0,144253.99,1.0,4.0
5516477,4.0,58.0,41.0,Male,2.0,27114.78,5.0,8.0
7547652,13.0,167.0,29.5,Male,2.0,87047.26999999999,4.0,7.0
5477839,27.0,335.0,24.0,Unknown,2.0,29398.82,1.0,4.0
5826916,16.0,192.0,62.0,Female,2.0,50209.96,3.0,6.0
1582129,8.0,106.0,61.0,Male,2.0,34999.259999999995,2.0,5.0
30462,15.0,190.0,66.0,Male,2.0,235960.05,3.0,6.0
2199896,8.0,101.0,36.0,Unknown,2.0,73153.92,0.0,3.0
790472,6.0,72.0,37.5,Unknown,2.0,52089.15,4.0,7.0
8531480,6.0,83.0,34.5,Unknown,2.0,156780.81,4.0,7.0
8175549,9.0,119.0,31.0,Male,2.0,56258.07,6.0,9.0
3640937,17.0,204.0,41.0,Female,2.0,62832.99,0.0,3.0
6599771,14.0,177.0,57.5,Female,2.0,28263.07,1.0,4.0
2772447,9.0,119.0,39.5,Male,3.0,31086.76,3.0,6.0
8105492,4.0,55.0,57.0,Unknown,2.0,137054.65,2.0,5.0
1547428,15.0,189.0,48.0,Male,2.0,281852.92,1.0,4.0
4646647,12.0,145.0,51.5,Male,2.0,96246.79,5.0,8.0
9349855,10.0,125.0,75.5,Male,2.0,198597.35,6.0,9.0
5135096,15.0,189.0,40.5,Male,2.0,29750.48,5.0,8.0
9306875,14.0,176.0,47.5,Female,2.0,69995.18,3.0,6.0
8204995,8.0,97.0,31.0,Unknown,2.0,67751.95999999999,1.0,4.0
4660576,7.0,96.0,62.5,Unknown,2.0,370386.01,6.0,9.0
1511115,15.0,190.0,35.5,Female,2.0,37188.58,0.0,3.0
8765233,14.0,174.0,32.0,Female,2.0,32685.97,1.0,4.0
368713,15.0,184.0,18.0,Female,2.0,42218.09,1.0,4.0
1046182,27.0,325.0,45.0,Male,3.0,2645921.89,1.0,4.0
1920285,13.0,167.0,34.5,Female,2.0,99470.07,0.0,3.0
2710916,6.0,82.0,80.0,Unknown,2.0,448286.9,2.0,5.0
4778828,4.0,59.0,29.5,Unknown,2.0,58477.86,6.0,9.0
9715239,5.0,71.0,34.5,Unknown,3.0,65065.86,6.0,9.0
4532572,5.0,70.0,23.5,Unknown,2.0,36715.36,5.0,8.0
3749302,8.0,106.0,40.0,Female,2.0,46797.38,6.0,9.0
8167168,7.0,86.0,55.0,Unknown,2.0,79034.37,2.0,5.0
720985,11.0,138.0,33.5,Male,2.0,50181.61,6.0,9.0
3845048,26.0,317.0,66.0,Female,2.0,30342.78,2.0,5.0
1613482,12.0,147.0,72.0,Male,2.0,245733.21,5.0,8.0
6621265,10.0,128.0,65.5,Female,2.0,33902.53,3.0,6.0
5795485,15.0,190.0,55.5,Male,2.0,28773.29,0.0,3.0
2954100,7.0,85.0,52.0,Unknown,2.0,56158.24,4.0,7.0
1260511,6.0,78.0,59.5,Unknown,2.0,65447.13,1.0,4.0
2269063,4.0,58.0,27.5,Unknown,2.0,46434.67999999999,4.0,7.0
1145419,10.0,122.0,58.0,Male,2.0,186178.16,4.0,7.0
5049612,4.0,57.0,48.5,Unknown,3.0,116860.62,5.0,8.0
8706027,13.0,160.0,39.0,Male,2.0,105827.3,0.0,3.0
6475538,21.0,259.0,68.0,Female,2.0,95649.04,0.0,3.0
8300317,20.0,242.0,59.0,Female,2.0,146907.62,2.0,5.0
6306006,10.0,130.0,52.5,Male,2.0,83708.65,3.0,6.0
9984341,6.0,75.0,26.0,Unknown,2.0,25257.66,0.0,3.0
8440069,5.0,66.0,50.5,Unknown,2.0,40473.88,0.0,3.0
2469240,14.0,176.0,59.5,Male,2.0,25030.33,0.0,3.0
4396444,16.0,196.0,48.5,Male,3.0,60093.49,6.0,9.0
8531945,27.0,324.0,71.5,Male,2.0,61061.64,6.0,9.0
7010100,11.0,140.0,34.5,Male,2.0,151978.72,6.0,9.0
5841697,12.0,151.0,30.5,Male,3.0,125471.31,5.0,8.0
9090172,4.0,58.0,56.5,Unknown,2.0,39937.09,4.0,7.0
1264481,7.0,95.0,53.5,Unknown,2.0,552990.86,6.0,9.0
1901190,9.0,109.0,40.0,Female,2.0,109048.98,5.0,8.0
9505917,12.0,148.0,40.0,Male,2.0,42283.65,6.0,9.0
2858015,16.0,195.0,37.0,Female,2.0,26801.39,4.0,7.0
6110816,6.0,73.0,34.5,Male,2.0,329902.64,3.0,6.0
6949017,8.0,107.0,41.0,Male,2.0,36143.71,2.0,5.0
792564,18.0,216.0,54.0,Female,2.0,42887.53999999999,0.0,3.0
9325289,4.0,58.0,53.5,Unknown,2.0,61489.59,3.0,6.0
842266,14.0,169.0,59.0,Female,2.0,143082.72999999998,6.0,9.0
7040050,14.0,173.0,39.0,Male,2.0,139267.22999999998,6.0,9.0
1386336,9.0,116.0,52.5,Female,2.0,36878.3,2.0,5.0
8190050,9.0,110.0,63.0,Female,2.0,386282.47,3.0,6.0
8247054,4.0,59.0,31.0,Unknown,2.0,48826.39,6.0,9.0
5973078,28.0,346.0,72.5,Male,2.0,609279.65,6.0,9.0
6734507,8.0,98.0,57.5,Male,2.0,442724.24,6.0,9.0
4312954,3.0,44.0,24.0,Unknown,2.0,30776.94,2.0,5.0
101220,6.0,82.0,72.0,Unknown,2.0,96098.96,2.0,5.0
4527524,13.0,162.0,50.0,Female,2.0,242885.94,2.0,5.0
2438878,6.0,79.0,26.0,Unknown,2.0,25253.71,1.0,4.0
4264988,16.0,202.0,64.0,Female,2.0,188108.72,2.0,5.0
21596,11.0,142.0,43.0,Unknown,2.0,56511.63,0.0,3.0
7753751,13.0,167.0,49.5,Male,2.0,119011.39,0.0,3.0
289716,5.0,70.0,59.0,Unknown,2.0,42158.42999999999,6.0,9.0
3428833,8.0,99.0,55.5,Unknown,2.0,178275.68,5.0,8.0
4111144,15.0,189.0,53.0,Female,2.0,23972.21,4.0,7.0
39075,14.0,177.0,62.5,Female,2.0,226185.21,2.0,5.0
432171,20.0,249.0,64.5,Female,2.0,105192.96,0.0,4.0
843403,8.0,102.0,68.0,Unknown,2.0,56593.99,2.0,6.0
1478871,9.0,114.0,23.0,Female,2.0,30979.04,3.0,6.0
9188890,11.0,142.0,57.5,Male,2.0,79893.18,1.0,4.0
5233875,24.0,296.0,61.0,Male,2.0,72803.08,4.0,7.0
6690818,23.0,284.0,72.0,Female,2.0,63166.18,6.0,9.0
157852,23.0,280.0,59.0,Female,2.0,26384.24,0.0,4.0
7121750,23.0,276.0,69.0,Unknown,2.0,243413.62,5.0,8.0
2487617,22.0,265.0,54.0,Female,2.0,83440.06,2.0,5.0
8366249,21.0,258.0,63.0,Female,2.0,52379.95,2.0,5.0
1932749,21.0,252.0,65.0,Female,2.0,34030.13,2.0,5.0
6430556,18.0,223.0,32.0,Male,2.0,55192.02,1.0,4.0
986222,9.0,119.0,59.5,Male,2.0,615695.4,1.0,4.0
6283606,11.0,141.0,33.0,Unknown,2.0,115334.01,0.0,3.0
5624954,9.0,118.0,37.5,Female,2.0,108234.59,1.0,4.0
6556240,8.0,106.0,62.5,Male,2.0,94257.2,6.0,9.0
7923960,11.0,139.0,63.0,Female,2.0,190832.82,5.0,8.0
5859990,6.0,82.0,40.5,Unknown,2.0,29754.94,4.0,7.0
7345720,28.0,337.0,27.5,Male,2.0,97103.37,0.0,3.0
5822622,10.0,122.0,39.0,Female,2.0,106972.92,0.0,3.0
5421958,20.0,251.0,59.5,Male,2.0,1151871.2,5.0,8.0
4921993,13.0,160.0,65.5,Unknown,2.0,43467.02,0.0,3.0
5247830,14.0,179.0,28.0,Male,2.0,72093.12,6.0,9.0
8743881,15.0,189.0,51.0,Female,2.0,40643.52,1.0,4.0
1397460,7.0,91.0,34.5,Unknown,2.0,146559.15,4.0,7.0
7609239,5.0,60.0,33.0,Unknown,2.0,34941.869999999995,0.0,3.0
8873899,6.0,72.0,63.0,Unknown,2.0,26882.83,0.0,3.0
3097314,11.0,138.0,53.0,Male,2.0,36667.81,2.0,5.0
7469730,15.0,180.0,32.0,Female,3.0,148305.19,6.0,9.0
1655641,16.0,199.0,39.5,Male,2.0,31374.17,2.0,5.0
5219815,10.0,131.0,67.0,Male,2.0,64069.96,4.0,7.0
9282291,5.0,70.0,47.0,Unknown,2.0,40143.82,1.0,4.0
3175813,13.0,167.0,52.5,Female,2.0,78171.91,2.0,5.0
7726256,7.0,87.0,54.0,Unknown,2.0,55742.36,0.0,3.0
1037226,8.0,105.0,76.5,Female,2.0,161423.96999999997,3.0,7.0
9455754,8.0,100.0,32.0,Female,2.0,32623.73,6.0,9.0
8377138,5.0,67.0,35.0,Male,2.0,41801.26,0.0,3.0
8350607,7.0,95.0,35.5,Unknown,2.0,39601.17,4.0,7.0
1906211,14.0,168.0,53.0,Female,2.0,232320.54,0.0,3.0
1807878,5.0,71.0,24.5,Unknown,2.0,31169.09,0.0,3.0
2864159,16.0,200.0,69.0,Female,2.0,32807.649999999994,5.0,8.0
7242452,7.0,86.0,60.0,Unknown,2.0,35639.119999999995,4.0,7.0
7463739,6.0,81.0,30.0,Unknown,3.0,61651.74,6.0,9.0
6060172,16.0,192.0,69.5,Male,2.0,104803.81,6.0,9.0
9910139,7.0,84.0,56.0,Unknown,2.0,60644.38,5.0,8.0
2361862,8.0,98.0,44.0,Female,2.0,29502.15,4.0,7.0
9577508,6.0,78.0,69.5,Unknown,2.0,485448.07,6.0,9.0
7137684,9.0,111.0,34.0,Female,2.0,61068.72,2.0,5.0
6481853,15.0,189.0,41.5,Male,2.0,31386.34,5.0,8.0
2064307,33.0,404.0,32.0,Male,3.0,88531.51,4.0,7.0
1148648,9.0,108.0,31.0,Female,2.0,37168.74,0.0,4.0
4862163,15.0,189.0,44.0,Male,3.0,189463.79,1.0,4.0
6543439,7.0,85.0,35.5,Unknown,2.0,53196.02,0.0,3.0
8742611,10.0,121.0,42.5,Male,3.0,121252.09,3.0,6.0
6725242,19.0,235.0,50.0,Unknown,2.0,94690.19,2.0,5.0
8827652,12.0,146.0,63.5,Female,2.0,30568.76,2.0,5.0
5992613,15.0,186.0,57.5,Male,2.0,124665.5,6.0,9.0
7250671,23.0,277.0,55.0,Unknown,3.0,295342.79,3.0,6.0
8122785,21.0,263.0,62.5,Female,3.0,58965.24,6.0,9.0
3709215,20.0,245.0,49.0,Male,3.0,314340.97,1.0,4.0
9716117,17.0,215.0,57.0,Male,2.0,61414.29,3.0,6.0
54363,16.0,199.0,86.5,Female,2.0,340181.99,4.0,7.0
7931941,11.0,134.0,19.5,Unknown,2.0,36716.9,6.0,9.0
4786577,6.0,83.0,36.0,Unknown,2.0,32514.0,2.0,5.0
9486229,13.0,167.0,45.0,Male,2.0,140676.49,6.0,9.0
5617838,7.0,94.0,20.0,Unknown,2.0,28912.81,1.0,4.0
4053606,10.0,127.0,35.0,Female,2.0,3035631.57,5.0,9.0
2560272,13.0,167.0,67.5,Male,2.0,44142.47,2.0,5.0
2314002,4.0,59.0,48.0,Unknown,2.0,214326.24,6.0,9.0
9281323,11.0,139.0,34.5,Female,3.0,72645.16,6.0,9.0
5543024,33.0,406.0,71.5,Male,3.0,426695.07,2.0,6.0
2488298,16.0,195.0,43.0,Female,2.0,32574.38,2.0,5.0
2612987,10.0,125.0,25.0,Female,2.0,36971.14,2.0,5.0
9283667,15.0,188.0,51.0,Male,2.0,23877.33,4.0,7.0
2645926,15.0,190.0,65.0,Female,2.0,34626.59,1.0,4.0
212071,16.0,197.0,40.5,Female,2.0,40767.98,6.0,9.0
5435979,5.0,64.0,68.0,Male,3.0,36995.94,3.0,6.0
8704203,17.0,208.0,41.0,Male,3.0,364434.43,5.0,8.0
9840562,14.0,168.0,59.0,Male,2.0,26784.18,5.0,8.0
2351990,12.0,154.0,51.0,Male,3.0,333914.82,4.0,7.0
8817620,6.0,72.0,56.0,Unknown,2.0,30118.38,1.0,4.0
6669090,5.0,71.0,29.5,Unknown,3.0,50780.81,6.0,9.0
133565,6.0,78.0,30.0,Unknown,2.0,144291.78999999998,0.0,3.0
623616,5.0,70.0,30.0,Unknown,3.0,84584.42,2.0,5.0
5361077,7.0,93.0,63.0,Unknown,3.0,445060.26,3.0,6.0
7297777,14.0,170.0,40.0,Female,2.0,93993.9,0.0,3.0
1555253,5.0,61.0,43.5,Unknown,2.0,39671.05,5.0,8.0
8778124,4.0,53.0,62.0,Female,2.0,76304.78,6.0,9.0
6477372,4.0,58.0,44.0,Unknown,2.0,26229.18,0.0,3.0
4592680,5.0,65.0,28.0,Unknown,3.0,65828.82,6.0,9.0
4436193,6.0,73.0,35.0,Unknown,2.0,43111.91,3.0,6.0
2605357,6.0,82.0,28.5,Unknown,2.0,57710.62,4.0,8.0
960156,10.0,126.0,34.0,Female,2.0,28027.84,0.0,3.0
3571971,6.0,78.0,23.0,Unknown,2.0,47996.36,0.0,3.0
8634106,7.0,92.0,37.5,Unknown,2.0,69725.19,6.0,9.0
5561667,22.0,272.0,31.0,Female,2.0,42131.61,0.0,3.0
7726374,21.0,260.0,49.5,Female,2.0,43651.84,0.0,3.0
1327508,18.0,218.0,44.0,Male,2.0,632066.64,3.0,6.0
1271564,17.0,208.0,62.0,Female,2.0,66625.59,0.0,3.0
5931978,16.0,202.0,65.5,Female,2.0,108008.79,4.0,7.0
496578,16.0,200.0,72.0,Female,2.0,179018.90999999997,6.0,9.0
3318469,13.0,167.0,64.5,Male,2.0,298088.46,6.0,9.0
5566507,15.0,180.0,41.0,Female,2.0,70011.29000000001,6.0,9.0
2674649,6.0,83.0,52.0,Unknown,2.0,633601.2300000001,3.0,6.0
6305830,34.0,417.0,67.5,Female,2.0,769985.11,6.0,9.0
1786513,21.0,258.0,56.5,Female,2.0,43562.78,2.0,5.0
8204062,10.0,131.0,57.0,Male,2.0,273594.46,0.0,3.0
187498,14.0,175.0,37.0,Male,2.0,27014.36,0.0,3.0
9709541,8.0,98.0,28.5,Female,2.0,54702.63,6.0,9.0
2685475,13.0,160.0,50.0,Male,2.0,111386.92,5.0,8.0
2651590,7.0,86.0,32.0,Unknown,2.0,33148.32,3.0,6.0
9163836,15.0,189.0,55.0,Male,2.0,38700.13,6.0,9.0
3037959,12.0,153.0,61.5,Male,2.0,163501.41999999998,3.0,6.0
1418876,10.0,125.0,28.5,Male,2.0,100346.19,6.0,9.0
8454778,13.0,166.0,54.0,Male,2.0,92697.86,3.0,6.0
4727512,18.0,222.0,75.5,Female,2.0,24522.11,1.0,4.0
9863059,11.0,136.0,29.5,Male,3.0,108337.18,5.0,8.0
8067207,15.0,189.0,38.5,Male,3.0,101983.23,6.0,9.0
8801188,12.0,144.0,38.5,Female,2.0,73022.07,0.0,3.0
3652802,7.0,89.0,49.0,Unknown,2.0,61421.35,6.0,9.0
6859848,7.0,91.0,40.5,Unknown,2.0,58563.06,0.0,3.0
437914,4.0,59.0,60.5,Unknown,2.0,42214.65,2.0,5.0
1235732,6.0,77.0,32.5,Unknown,2.0,47200.39,6.0,9.0
7883105,11.0,140.0,67.5,Male,2.0,426065.01,4.0,7.0
4350594,37.0,448.0,62.5,Female,2.0,28061.67,2.0,5.0
1659811,9.0,111.0,24.5,Male,2.0,28818.82,0.0,3.0
2252694,6.0,83.0,32.0,Unknown,3.0,103531.81,5.0,8.0
1751674,8.0,106.0,61.5,Male,2.0,799355.18,4.0,8.0
4834062,8.0,103.0,59.5,Unknown,2.0,45816.39,0.0,3.0
528117,8.0,103.0,47.0,Unknown,2.0,114498.12,6.0,9.0
1586726,5.0,68.0,55.5,Male,2.0,266882.72,2.0,5.0
4026139,24.0,291.0,65.5,Female,2.0,59133.14,6.0,9.0
4641950,22.0,267.0,78.0,Female,2.0,129894.62,5.0,8.0
4979805,21.0,254.0,54.0,Male,2.0,43280.78999999999,4.0,7.0
8975470,20.0,247.0,18.0,Male,2.0,32816.88,0.0,3.0
8049083,19.0,239.0,49.0,Male,3.0,407205.99,6.0,9.0
2388335,19.0,229.0,39.5,Male,3.0,84891.97,5.0,8.0
3624926,17.0,213.0,43.0,Female,2.0,55027.72,0.0,3.0
1115913,14.0,173.0,38.0,Female,2.0,75003.1,1.0,4.0
2369831,14.0,171.0,94.0,Unknown,2.0,174410.49,0.0,3.0
7106275,5.0,70.0,22.5,Unknown,2.0,50207.69,0.0,3.0
2146627,14.0,171.0,57.0,Male,2.0,41796.89,2.0,5.0
6380010,7.0,86.0,54.5,Unknown,2.0,29720.05,5.0,8.0
8054456,13.0,164.0,42.0,Female,2.0,54001.17,6.0,9.0
766134,4.0,57.0,23.0,Male,2.0,31656.08,4.0,7.0
4627911,4.0,58.0,63.0,Unknown,3.0,126977.64,6.0,9.0
2113706,7.0,95.0,72.0,Unknown,2.0,217725.56,6.0,9.0
6400868,28.0,342.0,70.5,Male,3.0,269172.21,6.0,9.0
4106367,5.0,70.0,24.5,Unknown,2.0,27891.92,1.0,4.0
85515,28.0,342.0,75.0,Female,2.0,45766.9,1.0,4.0
1913117,4.0,59.0,28.0,Unknown,2.0,27129.55,1.0,4.0
1182043,11.0,136.0,44.5,Female,2.0,54594.49,2.0,5.0
4474416,9.0,119.0,33.5,Unknown,4.0,65708.73999999999,5.0,8.0
7607583,4.0,57.0,62.5,Unknown,2.0,116749.59,0.0,3.0
9483133,15.0,189.0,54.0,Male,2.0,30269.47,3.0,6.0
6275502,6.0,74.0,49.5,Unknown,2.0,80650.95,1.0,4.0
6426677,13.0,166.0,64.5,Female,3.0,54829.46,1.0,4.0
2226215,16.0,194.0,50.0,Female,2.0,32699.74,6.0,9.0
3487311,22.0,264.0,57.0,Female,2.0,72116.42,1.0,4.0
1709623,6.0,75.0,47.5,Unknown,2.0,60521.87,2.0,5.0
7257640,5.0,64.0,57.5,Unknown,2.0,352490.22,6.0,9.0
8658861,13.0,161.0,63.5,Male,2.0,342115.16,4.0,7.0
8904136,7.0,93.0,47.0,Unknown,2.0,53351.14,5.0,8.0
4042144,6.0,79.0,23.0,Unknown,2.0,49535.14,4.0,7.0
3283339,13.0,157.0,53.0,Unknown,2.0,31515.47,1.0,4.0
823147,7.0,89.0,29.5,Unknown,2.0,31625.11,1.0,4.0
6944107,9.0,118.0,42.0,Male,2.0,83933.43,1.0,4.0
2808713,4.0,56.0,23.5,Unknown,2.0,28839.0,6.0,9.0
7129864,28.0,336.0,29.0,Male,3.0,55041.19,6.0,9.0
9497139,15.0,190.0,37.5,Male,2.0,251028.28,5.0,8.0
3717634,9.0,108.0,62.5,Male,2.0,40310.23,1.0,4.0
2938762,6.0,77.0,81.5,Unknown,2.0,393229.89,4.0,7.0
6312898,6.0,79.0,59.5,Unknown,2.0,409258.74,6.0,9.0
2359607,12.0,151.0,67.0,Female,2.0,643782.15,5.0,8.0
1725207,13.0,156.0,67.5,Unknown,2.0,60491.85,3.0,7.0
2545034,6.0,83.0,63.0,Male,2.0,55121.81,1.0,4.0
2986109,13.0,156.0,53.5,Male,2.0,136516.32,2.0,5.0
8649165,6.0,76.0,26.5,Unknown,2.0,63159.52,1.0,4.0
2883620,4.0,59.0,29.5,Unknown,2.0,42316.69,2.0,5.0
3333535,5.0,64.0,61.0,Unknown,2.0,152744.91999999998,1.0,4.0
2532966,12.0,152.0,71.0,Female,2.0,66479.5,2.0,5.0
8817189,6.0,77.0,59.5,Unknown,2.0,31571.66,6.0,9.0
9705533,25.0,301.0,77.5,Unknown,3.0,268359.69,5.0,8.0
4040498,21.0,259.0,28.5,Female,2.0,38139.14,2.0,5.0
882187,21.0,256.0,47.0,Unknown,3.0,46627.9,4.0,7.0
9415132,21.0,252.0,60.0,Female,2.0,177242.52000000002,4.0,7.0
7165652,20.0,251.0,61.0,Male,3.0,39350.87,2.0,6.0
7063240,20.0,251.0,57.5,Male,2.0,574571.55,6.0,9.0
6313081,20.0,250.0,71.0,Female,3.0,418819.91,4.0,7.0
1719010,19.0,238.0,75.0,Male,3.0,187874.98,5.0,8.0
3213427,18.0,227.0,42.5,Female,3.0,87385.14,2.0,5.0
2107694,17.0,213.0,49.0,Female,4.0,1096622.54,2.0,5.0
4816873,15.0,187.0,73.5,Male,2.0,302407.27,5.0,8.0
4631546,6.0,77.0,30.0,Unknown,2.0,48548.07,1.0,4.0
8989552,12.0,152.0,32.5,Unknown,2.0,32972.619999999995,6.0,9.0
9404298,12.0,153.0,25.5,Female,2.0,37149.46,6.0,9.0
3990290,16.0,193.0,36.0,Male,5.0,286666.24,5.0,8.0
6223563,10.0,122.0,52.5,Male,2.0,129384.73,0.0,3.0
1607366,21.0,253.0,53.5,Male,2.0,66090.06,3.0,6.0
2192499,4.0,58.0,51.0,Unknown,2.0,26144.21,0.0,3.0
223224,5.0,71.0,30.5,Male,2.0,57244.91,2.0,5.0
5538197,5.0,71.0,36.5,Unknown,2.0,63019.85,1.0,4.0
5734745,14.0,170.0,31.5,Female,2.0,34753.11,0.0,3.0
3829756,5.0,64.0,31.0,Unknown,2.0,38631.09,0.0,3.0
5585354,6.0,82.0,29.0,Unknown,2.0,58282.26,2.0,5.0
882939,14.0,174.0,41.0,Female,2.0,31686.73,2.0,5.0
492655,6.0,79.0,24.0,Unknown,2.0,33555.68,1.0,4.0
4100291,13.0,159.0,62.0,Female,3.0,242646.15,5.0,8.0
1576322,4.0,59.0,24.0,Unknown,2.0,26698.4,1.0,4.0
1650287,15.0,190.0,70.0,Male,2.0,74648.23999999999,1.0,4.0
4988221,8.0,97.0,66.5,Unknown,2.0,151714.93,6.0,9.0
9105658,13.0,166.0,51.0,Female,2.0,75768.53,4.0,7.0
3324728,13.0,165.0,33.0,Female,3.0,100901.84,6.0,9.0
824923,12.0,144.0,65.5,Female,2.0,38044.69,2.0,5.0
6695350,10.0,124.0,35.0,Male,3.0,117316.98,6.0,9.0
9616240,5.0,66.0,72.5,Male,2.0,27477.48,1.0,4.0
5919815,7.0,94.0,31.5,Unknown,2.0,67032.64,6.0,9.0
2443596,22.0,273.0,70.5,Unknown,2.0,49137.05,0.0,3.0
9245893,22.0,267.0,43.5,Female,3.0,764263.0800000001,3.0,6.0
4550637,18.0,220.0,43.5,Female,4.0,68475.98999999999,4.0,7.0
9107385,15.0,189.0,57.0,Male,2.0,116949.14,1.0,4.0
9013895,10.0,131.0,57.0,Female,2.0,49086.39,1.0,4.0
7553621,6.0,82.0,30.5,Unknown,3.0,155780.51,0.0,3.0
2478628,16.0,198.0,47.0,Female,2.0,32456.28,2.0,5.0
7160170,13.0,164.0,25.5,Male,2.0,41507.83,2.0,5.0
6430198,13.0,166.0,68.5,Female,2.0,240315.67,4.0,7.0
6135173,11.0,143.0,48.0,Female,2.0,33210.81,0.0,3.0
6237192,12.0,155.0,59.0,Female,2.0,100416.08,3.0,6.0
4887194,2.0,35.0,23.5,Unknown,3.0,69383.84,6.0,9.0
2548388,14.0,177.0,49.0,Male,2.0,41819.21,2.0,5.0
3725597,8.0,96.0,58.5,Unknown,2.0,83791.26999999999,3.0,6.0
8076000,10.0,125.0,28.5,Female,3.0,122322.54,4.0,8.0
5758766,10.0,124.0,29.0,Unknown,2.0,78142.11,4.0,7.0
2345585,11.0,139.0,42.0,Male,2.0,44166.51,5.0,8.0
8105254,5.0,65.0,57.5,Unknown,2.0,232709.84000000003,6.0,9.0
6905133,14.0,178.0,42.0,Male,2.0,76486.98999999999,6.0,9.0
7739194,13.0,157.0,66.0,Male,3.0,691680.0800000001,6.0,9.0
7192218,5.0,60.0,28.0,Unknown,2.0,31930.53,4.0,7.0
7382803,5.0,69.0,24.0,Unknown,2.0,25114.45,6.0,9.0
3234485,14.0,178.0,71.0,Female,2.0,32562.51,3.0,6.0
3656547,10.0,130.0,61.5,Female,2.0,33076.3,6.0,9.0
5552661,6.0,81.0,51.0,Unknown,2.0,334298.41,2.0,5.0
9077491,9.0,110.0,34.0,Male,2.0,44476.11,2.0,5.0
7884558,5.0,66.0,29.0,Unknown,2.0,53380.58,0.0,3.0
7351354,7.0,95.0,28.5,Unknown,2.0,35701.19,1.0,4.0
9181934,33.0,397.0,66.5,Female,2.0,49118.07,1.0,5.0
613972,5.0,60.0,30.5,Unknown,2.0,26674.95,2.0,5.0
52461,12.0,152.0,46.0,Female,2.0,118898.6,1.0,4.0
5362911,13.0,156.0,40.0,Male,3.0,154519.31,1.0,4.0
1329282,14.0,171.0,41.5,Male,3.0,37003.28,3.0,6.0
6158679,12.0,145.0,32.0,Female,2.0,118879.39,1.0,4.0
730429,11.0,141.0,63.5,Female,2.0,130807.12,1.0,4.0
9210908,12.0,148.0,33.0,Male,3.0,30581.06,4.0,7.0
6415605,4.0,59.0,30.0,Unknown,2.0,27515.8,1.0,4.0
4341675,5.0,67.0,22.5,Unknown,3.0,34495.18,2.0,5.0
4660014,15.0,183.0,35.5,Male,2.0,38525.54,2.0,5.0
2090464,7.0,94.0,21.5,Unknown,2.0,35024.16,6.0,9.0
8926354,7.0,90.0,33.5,Unknown,2.0,27641.09,0.0,3.0
3321186,7.0,94.0,27.0,Unknown,2.0,26369.84,4.0,7.0
6639436,9.0,118.0,48.0,Male,4.0,426101.09,4.0,8.0
283840,16.0,196.0,72.5,Male,2.0,61725.89,2.0,5.0
4360034,6.0,83.0,32.0,Male,2.0,133524.34,6.0,9.0
1574816,27.0,334.0,65.5,Female,2.0,302855.08,0.0,3.0
9383656,9.0,116.0,50.0,Male,2.0,361247.34,0.0,3.0
7951273,12.0,154.0,56.0,Male,3.0,170764.13,6.0,9.0
9309221,6.0,72.0,62.0,Unknown,2.0,33035.91,3.0,6.0
3763697,11.0,142.0,48.5,Female,2.0,248717.4,6.0,9.0
1251242,16.0,196.0,38.5,Male,4.0,861698.51,6.0,9.0
3195151,7.0,93.0,65.5,Female,2.0,46562.16,0.0,3.0
9943749,10.0,129.0,52.5,Female,2.0,35278.02,1.0,4.0
1735341,13.0,160.0,33.0,Male,3.0,141876.11,5.0,8.0
3929153,5.0,70.0,30.5,Unknown,3.0,70418.59,5.0,8.0
1974550,5.0,70.0,26.0,Unknown,2.0,35818.16,1.0,4.0
3250691,5.0,71.0,25.0,Female,2.0,25984.0,6.0,9.0
7804102,7.0,84.0,30.5,Unknown,2.0,64217.66,5.0,8.0
8560404,4.0,48.0,57.5,Male,2.0,81639.01,1.0,4.0
7777394,14.0,173.0,38.0,Male,3.0,56101.24,4.0,7.0
4483474,10.0,120.0,27.5,Female,3.0,32621.93,6.0,9.0
5738894,8.0,101.0,62.0,Unknown,2.0,59137.97,2.0,5.0
4671186,23.0,286.0,66.5,Female,2.0,76213.66,0.0,3.0
6002181,17.0,214.0,48.0,Male,3.0,746472.2100000001,1.0,4.0
9834242,17.0,204.0,49.5,Male,3.0,137276.26,5.0,8.0
7638689,16.0,198.0,66.0,Female,2.0,38091.2,3.0,6.0
8880897,31.0,372.0,28.5,Female,2.0,35848.5,0.0,3.0
1200201,6.0,76.0,72.0,Female,2.0,56418.46,1.0,5.0
2386196,9.0,109.0,68.0,Female,2.0,1061189.04,3.0,6.0
103669,5.0,64.0,38.5,Male,2.0,49681.33,6.0,9.0
9170417,8.0,107.0,54.5,Male,2.0,167647.53999999998,5.0,8.0
6018915,5.0,71.0,40.0,Unknown,2.0,51106.47,2.0,5.0
5827596,5.0,68.0,22.0,Unknown,3.0,186393.49,6.0,9.0
555,3.0,46.0,29.5,Unknown,2.0,25454.66,2.0,6.0
1500813,14.0,174.0,55.0,Male,2.0,319742.07,4.0,7.0
3755533,21.0,252.0,28.0,Male,2.0,24910.18,1.0,4.0
5688686,8.0,101.0,47.0,Unknown,2.0,28283.19,2.0,5.0
5886983,14.0,178.0,33.5,Male,2.0,78707.23,6.0,9.0
4055095,48.0,576.0,64.5,Male,2.0,1445198.44,4.0,8.0
4631763,6.0,83.0,33.0,Unknown,2.0,43136.86,3.0,6.0
5251468,8.0,99.0,42.5,Unknown,2.0,35405.56,2.0,5.0
1497269,28.0,346.0,76.5,Male,3.0,180848.67,3.0,6.0
4727155,14.0,174.0,68.0,Male,2.0,49165.89,6.0,9.0
665986,27.0,325.0,24.0,Unknown,2.0,227220.69,6.0,9.0
9574514,9.0,108.0,52.5,Female,4.0,232463.41,5.0,8.0
1963936,11.0,141.0,44.5,Male,2.0,148788.68,2.0,5.0
1131352,4.0,59.0,64.5,Female,2.0,41405.77,5.0,8.0
8383466,17.0,212.0,57.0,Female,4.0,116514.02,2.0,5.0
6232474,5.0,71.0,63.5,Male,2.0,56442.2,5.0,8.0
4758953,5.0,66.0,53.5,Male,2.0,25663.18,1.0,4.0
1374023,7.0,94.0,68.5,Male,2.0,49898.76,6.0,9.0
1366806,15.0,186.0,53.5,Female,2.0,53393.17,1.0,4.0
5703905,5.0,70.0,44.0,Unknown,2.0,60157.39,3.0,6.0
4297476,9.0,109.0,41.5,Male,2.0,42585.49,0.0,4.0
6820567,6.0,76.0,46.0,Unknown,2.0,95270.75,4.0,7.0
9993886,7.0,89.0,55.0,Unknown,2.0,170184.34000000003,0.0,3.0
7870128,6.0,73.0,43.0,Unknown,2.0,55175.44,5.0,8.0
779520,15.0,191.0,40.0,Unknown,2.0,106503.41,6.0,9.0
4283579,6.0,78.0,32.0,Unknown,2.0,42268.41,1.0,4.0
9756335,30.0,368.0,82.5,Male,3.0,346436.83,6.0,9.0
2678865,5.0,70.0,23.0,Unknown,2.0,34080.97,1.0,4.0
8366776,16.0,199.0,45.5,Female,3.0,202892.6,4.0,7.0
4541952,7.0,86.0,27.5,Unknown,2.0,51914.3,2.0,6.0
8785454,16.0,198.0,77.0,Female,2.0,116778.57,5.0,8.0
8694251,6.0,76.0,34.0,Male,2.0,31813.36,1.0,4.0
2498134,11.0,140.0,30.5,Male,2.0,273802.26,6.0,9.0
5249895,8.0,104.0,50.0,Female,2.0,33328.71,0.0,3.0
2244717,10.0,130.0,29.5,Male,2.0,34180.78,5.0,8.0
7415063,6.0,74.0,26.5,Unknown,2.0,73305.59,5.0,8.0
6509429,9.0,118.0,47.5,Unknown,2.0,98777.24,2.0,5.0
2492406,8.0,97.0,40.0,Unknown,2.0,72495.6,1.0,4.0
7343267,15.0,180.0,62.0,Female,2.0,65173.12,5.0,8.0
8362852,13.0,162.0,27.0,Female,2.0,65511.2,1.0,4.0
2620242,6.0,78.0,58.0,Male,3.0,152895.25,3.0,6.0
8764690,9.0,118.0,55.5,Male,2.0,37756.66,1.0,4.0
3623360,17.0,208.0,45.0,Female,2.0,331505.16,5.0,8.0
7634507,15.0,181.0,67.5,Female,2.0,301081.16,6.0,9.0
4663817,5.0,69.0,49.0,Unknown,4.0,933893.26,6.0,9.0
3254156,23.0,284.0,76.0,Female,2.0,102653.69,0.0,4.0
3841482,23.0,279.0,74.5,Male,3.0,66112.35,6.0,9.0
3433836,23.0,278.0,51.5,Female,2.0,38140.4,3.0,6.0
7907386,22.0,271.0,26.0,Female,2.0,119490.48,0.0,3.0
8271883,20.0,242.0,40.0,Unknown,3.0,45708.92999999999,1.0,4.0
8252250,19.0,234.0,50.0,Female,2.0,38268.61,2.0,5.0
2390810,17.0,213.0,67.5,Female,2.0,172061.96000000002,0.0,4.0
5237799,17.0,205.0,33.5,Male,3.0,55822.07,6.0,9.0
5299432,13.0,160.0,42.0,Female,2.0,47587.58,3.0,6.0
6000981,5.0,65.0,21.5,Male,2.0,45350.32,2.0,5.0
333321,13.0,162.0,30.0,Male,2.0,34773.74,3.0,6.0
2935066,12.0,149.0,65.5,Male,2.0,26941.33,1.0,4.0
720446,15.0,189.0,64.5,Female,2.0,129403.82,3.0,6.0
8301753,3.0,41.0,58.0,Unknown,2.0,141066.3,3.0,6.0
8981196,25.0,308.0,36.0,Female,3.0,194833.66,6.0,9.0
1682654,16.0,193.0,35.5,Male,2.0,43443.42,1.0,4.0
804448,6.0,82.0,36.0,Unknown,2.0,115546.13,5.0,8.0
8279228,13.0,160.0,49.5,Male,3.0,232714.99,3.0,6.0
4314548,4.0,54.0,17.5,Unknown,2.0,36193.72,2.0,5.0
8442614,5.0,68.0,18.0,Unknown,3.0,360777.78,3.0,6.0
6247985,7.0,92.0,62.0,Unknown,2.0,26617.11,1.0,4.0
5764536,6.0,80.0,66.5,Unknown,2.0,93498.67,2.0,5.0
829902,8.0,101.0,28.5,Unknown,2.0,56320.09,5.0,8.0
1060842,17.0,214.0,46.0,Male,2.0,73528.79000000001,5.0,8.0
7007505,8.0,106.0,27.5,Male,2.0,25062.38,6.0,9.0
3643022,4.0,59.0,85.0,Male,2.0,71444.39,4.0,7.0
8118239,5.0,71.0,53.0,Unknown,2.0,28935.62,3.0,6.0
3476892,5.0,71.0,27.5,Unknown,2.0,33405.06,5.0,8.0
1543254,13.0,167.0,33.0,Male,2.0,125327.33,3.0,6.0
2484214,9.0,118.0,54.5,Male,2.0,190495.47,2.0,5.0
1220588,15.0,182.0,67.5,Female,2.0,63330.85,2.0,5.0
4458887,12.0,155.0,55.5,Female,4.0,1093459.14,2.0,5.0
5540761,17.0,206.0,45.0,Male,2.0,38801.48,2.0,5.0
2496847,6.0,78.0,66.0,Unknown,2.0,399657.92,2.0,5.0
3861702,7.0,85.0,43.5,Unknown,3.0,58840.28,0.0,3.0
2337961,12.0,149.0,41.5,Female,2.0,118058.93,6.0,9.0
4243424,7.0,84.0,40.0,Unknown,2.0,24178.39,2.0,5.0
7069087,26.0,314.0,28.0,Male,2.0,28855.77,6.0,9.0
4585909,4.0,59.0,25.0,Unknown,2.0,51476.22,1.0,4.0
2601019,11.0,132.0,63.0,Female,2.0,258566.57,4.0,7.0
4904248,5.0,60.0,60.5,Unknown,2.0,222955.27,6.0,9.0
8329209,12.0,154.0,75.5,Male,2.0,218707.54,0.0,3.0
3122525,6.0,78.0,57.5,Unknown,2.0,24474.33,0.0,3.0
6706517,12.0,154.0,48.5,Male,2.0,239542.14,0.0,3.0
3642858,15.0,180.0,29.0,Female,3.0,128929.72,6.0,9.0
4449592,13.0,162.0,52.5,Female,2.0,32927.91,0.0,3.0
7009777,28.0,343.0,43.5,Male,4.0,974584.18,6.0,9.0
9052277,15.0,189.0,71.0,Female,2.0,33975.68,5.0,8.0
4267969,15.0,181.0,42.5,Male,2.0,78325.98,6.0,9.0
8535149,7.0,94.0,65.5,Unknown,2.0,591008.54,6.0,9.0
1173753,15.0,189.0,55.5,Male,3.0,167955.40999999997,1.0,4.0
7941869,23.0,282.0,43.0,Male,3.0,126263.96,3.0,6.0
4679420,23.0,280.0,49.5,Male,3.0,218166.2,4.0,7.0
2315149,21.0,254.0,19.5,Female,3.0,37920.16,2.0,5.0
9489392,20.0,250.0,55.0,Male,2.0,185713.1,6.0,9.0
3434377,20.0,250.0,64.5,Male,3.0,1226948.17,6.0,9.0
1161091,19.0,228.0,47.5,Male,3.0,207963.51,2.0,5.0
8420304,18.0,219.0,64.0,Male,2.0,149267.47,6.0,9.0
3019051,17.0,214.0,45.0,Female,3.0,130479.67,5.0,8.0
4778144,6.0,76.0,54.5,Unknown,2.0,87533.5,3.0,6.0
4190859,6.0,78.0,68.0,Unknown,2.0,55924.92,3.0,6.0
9924401,13.0,167.0,66.0,Female,2.0,182300.56,2.0,5.0
2920041,5.0,63.0,66.5,Female,2.0,44967.26,4.0,8.0
7772386,14.0,169.0,41.5,Female,2.0,45044.94,0.0,3.0
2760399,5.0,71.0,65.0,Unknown,2.0,80557.42,3.0,6.0
2748956,16.0,196.0,44.5,Male,3.0,304884.24,5.0,8.0
5171196,28.0,339.0,32.5,Unknown,2.0,148304.53,2.0,5.0
1606891,7.0,95.0,30.0,Unknown,2.0,76447.86,2.0,5.0
491303,13.0,167.0,71.0,Male,4.0,507530.36,6.0,9.0
9788611,15.0,181.0,33.0,Male,3.0,122203.82,3.0,6.0
8207278,5.0,61.0,58.5,Unknown,2.0,77222.32,4.0,7.0
921574,6.0,82.0,41.0,Unknown,2.0,69740.23,3.0,6.0
2603190,6.0,72.0,27.5,Unknown,2.0,32725.68,1.0,4.0
4192940,5.0,60.0,50.5,Unknown,2.0,40204.21,4.0,7.0
1373403,4.0,58.0,28.5,Unknown,2.0,29879.61,3.0,6.0
5044143,5.0,68.0,37.5,Male,4.0,62401.34,6.0,9.0
5058901,16.0,195.0,48.5,Female,2.0,36252.0,0.0,3.0
5811616,15.0,188.0,34.5,Female,3.0,86606.56,4.0,7.0
450002,31.0,376.0,71.0,Female,3.0,277991.95,5.0,8.0
7718315,10.0,122.0,37.0,Female,2.0,52600.42,0.0,3.0
6837952,15.0,191.0,67.0,Female,2.0,215644.34000000003,5.0,8.0
8726016,14.0,178.0,30.0,Male,2.0,32134.56,0.0,3.0
8386410,6.0,75.0,54.5,Female,2.0,116467.53,0.0,3.0
1824402,6.0,80.0,38.5,Male,3.0,338321.44,4.0,7.0
5734970,15.0,182.0,48.0,Male,2.0,31600.12,1.0,4.0
5914038,14.0,176.0,59.5,Unknown,2.0,71703.65,4.0,7.0
8652686,16.0,203.0,37.5,Male,2.0,27324.04,1.0,4.0
5513087,14.0,179.0,22.0,Female,3.0,79735.91,6.0,9.0
5352556,8.0,98.0,71.5,Unknown,2.0,68650.48,6.0,9.0
3544918,15.0,190.0,53.5,Male,2.0,33001.369999999995,1.0,4.0
5598564,5.0,70.0,76.0,Unknown,2.0,37253.74,1.0,4.0
9222610,28.0,342.0,53.5,Male,2.0,93426.8,3.0,6.0
149685,6.0,83.0,45.0,Unknown,2.0,59594.72,2.0,5.0
4009335,12.0,144.0,32.5,Male,4.0,112037.21,6.0,9.0
6749040,4.0,59.0,29.0,Unknown,2.0,31299.64,3.0,6.0
11040,5.0,69.0,31.5,Unknown,3.0,50531.17999999999,6.0,9.0
8701546,14.0,170.0,58.0,Female,2.0,34053.69,1.0,4.0
5732702,9.0,110.0,58.0,Unknown,2.0,529377.1,6.0,9.0
687186,7.0,91.0,43.5,Unknown,2.0,31864.32,0.0,3.0
8574639,6.0,75.0,46.0,Unknown,2.0,32229.01,0.0,3.0
1407523,14.0,170.0,47.0,Female,2.0,37156.11,2.0,5.0
528492,7.0,88.0,32.0,Unknown,2.0,67220.28,6.0,9.0
9439910,12.0,149.0,59.0,Male,2.0,33256.78,0.0,3.0
2494435,10.0,129.0,41.0,Male,2.0,46700.31,2.0,5.0
3281711,20.0,241.0,48.5,Male,2.0,575045.86,1.0,4.0
4239436,5.0,64.0,64.5,Male,2.0,37591.4,4.0,7.0
3413858,15.0,191.0,63.5,Female,2.0,41362.22,1.0,4.0
9733107,16.0,193.0,54.5,Female,2.0,300397.14,5.0,8.0
291182,13.0,167.0,55.5,Female,2.0,79352.81,2.0,6.0
8515641,6.0,77.0,31.0,Unknown,2.0,29913.35,3.0,6.0
7953598,4.0,58.0,17.5,Unknown,2.0,40087.02,0.0,3.0
825852,25.0,308.0,63.0,Male,2.0,193052.29,2.0,5.0
8188992,22.0,270.0,44.0,Female,2.0,120315.36,5.0,8.0
6051224,22.0,270.0,75.0,Female,2.0,85342.45,6.0,9.0
2758714,19.0,228.0,43.5,Male,3.0,146302.59999999998,1.0,4.0
9916,17.0,211.0,40.5,Male,2.0,162968.55,4.0,7.0
1836459,7.0,85.0,27.0,Unknown,2.0,37490.27,5.0,8.0
9909730,15.0,189.0,48.5,Female,2.0,38056.95,0.0,3.0
7917082,3.0,45.0,27.0,Female,2.0,35866.509999999995,2.0,5.0
7585157,8.0,107.0,28.0,Male,2.0,77041.19,2.0,5.0
9206989,16.0,193.0,45.5,Male,2.0,803804.89,4.0,7.0
6092194,5.0,65.0,34.5,Female,2.0,62889.23,3.0,6.0
898036,26.0,318.0,24.0,Female,3.0,69100.61,3.0,6.0
7527462,7.0,92.0,39.0,Unknown,4.0,597459.8200000001,6.0,9.0
7075126,16.0,195.0,61.5,Female,2.0,26771.8,1.0,4.0
579061,30.0,369.0,70.0,Female,2.0,116539.65,6.0,9.0
9619307,14.0,179.0,53.5,Female,2.0,44990.74,0.0,3.0
6558048,10.0,125.0,39.0,Female,2.0,45394.67,1.0,4.0
6876767,15.0,187.0,75.0,Male,2.0,344611.82,6.0,9.0
4947503,14.0,170.0,54.0,Male,2.0,116715.73,2.0,5.0
6075629,12.0,155.0,66.5,Female,2.0,345182.13,2.0,6.0
3943036,16.0,194.0,32.0,Male,3.0,136329.86,4.0,7.0
8725739,6.0,72.0,27.0,Unknown,3.0,43942.03,6.0,9.0
7035093,6.0,82.0,34.5,Unknown,2.0,45722.06,1.0,4.0
6591498,6.0,81.0,34.5,Unknown,2.0,35669.14,2.0,5.0
6383888,10.0,120.0,39.5,Female,2.0,38815.7,6.0,9.0
7075225,5.0,64.0,54.0,Female,2.0,37240.77,0.0,3.0
6967684,4.0,58.0,51.5,Unknown,2.0,28556.63,0.0,3.0
6791950,13.0,162.0,51.5,Female,2.0,23917.95,0.0,3.0
354981,9.0,109.0,79.0,Male,2.0,47097.72,6.0,9.0
9959787,6.0,76.0,24.5,Unknown,2.0,62253.95,6.0,9.0
4234106,9.0,112.0,46.0,Male,4.0,195016.05,5.0,8.0
3639525,7.0,92.0,32.0,Unknown,2.0,61688.0,2.0,5.0
1548937,4.0,58.0,24.5,Unknown,2.0,31228.52,1.0,4.0
3305598,9.0,109.0,68.0,Unknown,2.0,129342.03,6.0,9.0
8442966,14.0,175.0,55.0,Female,2.0,51109.13,0.0,3.0
1722207,15.0,183.0,71.5,Male,2.0,41969.86,2.0,5.0
395610,12.0,153.0,28.0,Male,2.0,25985.5,1.0,4.0
4228010,13.0,158.0,51.0,Female,3.0,838478.06,5.0,8.0
3316547,7.0,94.0,59.5,Unknown,2.0,614071.29,6.0,9.0
2029683,8.0,107.0,47.5,Female,2.0,49209.76,6.0,9.0
1913237,34.0,419.0,68.5,Male,2.0,1554406.43,6.0,9.0
7260378,8.0,101.0,36.5,Unknown,2.0,98417.66,1.0,4.0
475431,11.0,137.0,40.5,Female,3.0,38780.12,1.0,4.0
3877820,23.0,279.0,51.5,Female,2.0,243653.56,4.0,7.0
8971317,20.0,251.0,67.0,Female,2.0,248579.83,1.0,4.0
7829117,19.0,238.0,31.5,Female,3.0,40195.28,5.0,8.0
6134470,17.0,214.0,37.0,Male,4.0,108155.15,6.0,9.0
4752368,17.0,211.0,55.0,Male,2.0,140319.96,4.0,7.0
2835689,17.0,205.0,40.0,Unknown,4.0,176791.07,5.0,8.0
8006775,15.0,182.0,71.5,Male,2.0,171946.34999999998,2.0,5.0
1491517,12.0,154.0,33.5,Male,3.0,44687.89,5.0,8.0
6209448,9.0,113.0,46.0,Male,2.0,301571.76,6.0,9.0
5398769,4.0,59.0,61.0,Male,2.0,495145.85,5.0,8.0
3671491,10.0,131.0,56.5,Female,2.0,118941.79,1.0,4.0
934229,5.0,61.0,25.5,Female,2.0,32897.49,3.0,6.0
1444484,5.0,60.0,80.5,Unknown,2.0,35166.59,3.0,6.0
4035907,9.0,108.0,34.5,Female,2.0,148737.68,3.0,6.0
9772979,12.0,150.0,43.5,Female,2.0,117594.91,4.0,7.0
1524416,5.0,71.0,49.5,Unknown,2.0,32375.82,2.0,5.0
5192767,4.0,58.0,29.0,Unknown,2.0,29022.59,3.0,6.0
963061,11.0,143.0,43.5,Female,2.0,96422.81,4.0,7.0
8986820,15.0,189.0,64.5,Male,2.0,177923.15999999997,2.0,5.0
5652852,14.0,173.0,70.5,Female,2.0,149071.7,1.0,4.0
8278312,15.0,190.0,34.5,Male,2.0,50396.98,2.0,5.0
6394421,11.0,142.0,30.5,Female,2.0,38801.53,0.0,3.0
2026116,25.0,311.0,55.5,Male,4.0,86464.92,6.0,9.0
1867143,13.0,165.0,37.5,Female,3.0,115247.35,3.0,6.0
7676006,14.0,171.0,66.5,Female,2.0,242204.05,0.0,3.0
9648788,10.0,129.0,45.5,Male,2.0,23790.02,6.0,9.0
8343489,10.0,128.0,29.5,Female,2.0,45920.71,6.0,9.0
3656126,6.0,74.0,28.0,Male,2.0,43857.22,6.0,9.0
2769429,7.0,94.0,39.5,Unknown,2.0,32964.94,6.0,9.0
4702003,7.0,86.0,23.0,Unknown,2.0,39533.84,4.0,7.0
1461086,14.0,178.0,42.0,Female,2.0,80473.14,6.0,9.0
3053434,10.0,127.0,54.5,Male,2.0,145311.8,6.0,9.0
2823318,7.0,87.0,22.5,Unknown,2.0,70072.68,3.0,6.0
1324886,13.0,161.0,59.0,Male,2.0,56553.05,1.0,4.0
7838259,10.0,124.0,62.5,Female,2.0,170876.71000000002,0.0,3.0
6526012,5.0,60.0,38.5,Unknown,2.0,37681.91,1.0,4.0
515862,14.0,169.0,43.0,Male,2.0,69341.95999999999,5.0,8.0
8912091,6.0,77.0,23.5,Unknown,2.0,61347.28,3.0,6.0
6314328,11.0,143.0,25.5,Female,4.0,118054.88,5.0,8.0
7546798,28.0,336.0,60.5,Female,2.0,366749.67,5.0,8.0
2519119,13.0,157.0,43.0,Female,2.0,50561.97,3.0,6.0
7871617,27.0,328.0,55.0,Male,2.0,62988.84,2.0,5.0
3451808,15.0,189.0,34.5,Male,2.0,79957.75,6.0,9.0
6253845,7.0,95.0,46.5,Unknown,2.0,76250.25,4.0,7.0
8163566,5.0,70.0,44.0,Unknown,2.0,51104.55,0.0,3.0
9228149,10.0,128.0,50.5,Male,2.0,86325.97,1.0,4.0
8050209,4.0,59.0,24.0,Unknown,2.0,45869.64,1.0,4.0
7248474,6.0,82.0,61.0,Unknown,2.0,428078.43,0.0,3.0
4622355,5.0,67.0,21.5,Unknown,2.0,35758.03,2.0,5.0
35138,24.0,298.0,81.5,Female,3.0,794375.0900000001,3.0,6.0
1280370,29.0,359.0,48.5,Unknown,2.0,71871.91,0.0,3.0
5594705,24.0,290.0,75.0,Female,4.0,965785.83,6.0,9.0
8649939,23.0,276.0,27.5,Male,2.0,55765.77,4.0,7.0
8850943,23.0,276.0,68.5,Male,3.0,483666.92,0.0,4.0
409450,21.0,254.0,51.5,Male,3.0,189342.55,6.0,9.0
2381474,21.0,253.0,38.0,Female,2.0,113803.36,1.0,4.0
5333854,19.0,238.0,51.0,Male,4.0,267796.6,4.0,7.0
3719781,16.0,203.0,46.0,Male,3.0,214098.12,4.0,7.0
5166780,4.0,59.0,56.5,Unknown,2.0,34539.5,0.0,3.0
6363157,7.0,95.0,38.5,Unknown,2.0,64950.48,5.0,8.0
7327736,12.0,153.0,62.5,Female,2.0,30835.28,2.0,5.0
6640148,12.0,155.0,74.0,Male,2.0,32251.46,1.0,4.0
8994429,7.0,94.0,62.5,Unknown,3.0,118360.78,6.0,9.0
4454327,5.0,60.0,62.5,Male,3.0,54576.88,1.0,4.0
652672,15.0,191.0,52.0,Male,2.0,44729.1,0.0,3.0
3139626,6.0,82.0,55.0,Unknown,2.0,185965.73,4.0,7.0
9945309,15.0,191.0,42.0,Unknown,2.0,45737.2,6.0,9.0
6104930,5.0,64.0,57.5,Female,2.0,45665.62,1.0,4.0
7483085,16.0,192.0,38.0,Male,2.0,157696.40999999997,6.0,9.0
1299508,11.0,142.0,66.5,Female,3.0,165004.02000000002,2.0,5.0
7326400,8.0,97.0,66.0,Male,2.0,395373.74,2.0,5.0
1590472,5.0,65.0,21.0,Unknown,2.0,28550.77,2.0,5.0
7762554,19.0,236.0,58.5,Male,2.0,194339.59000000003,0.0,3.0
9905146,6.0,77.0,58.0,Unknown,2.0,38812.89,4.0,7.0
3683392,15.0,188.0,66.0,Male,2.0,27935.61,6.0,9.0
6547653,10.0,123.0,54.5,Male,2.0,423180.19,6.0,9.0
1321543,5.0,61.0,51.0,Unknown,2.0,50011.9,3.0,6.0
3852267,29.0,353.0,75.0,Female,3.0,2508197.52,4.0,7.0
4043427,4.0,59.0,66.5,Male,2.0,799976.15,5.0,8.0
2803523,7.0,90.0,35.5,Unknown,2.0,61322.3,6.0,9.0
2439771,16.0,193.0,59.0,Female,2.0,253752.26,6.0,9.0
195446,8.0,98.0,26.5,Unknown,2.0,43692.02,3.0,6.0
1588794,20.0,250.0,51.5,Female,2.0,142342.75,3.0,6.0
8183731,4.0,58.0,22.0,Unknown,3.0,37856.07,6.0,9.0
5777764,6.0,73.0,28.5,Unknown,2.0,47414.31,5.0,8.0
5650439,7.0,91.0,39.5,Male,2.0,268935.34,6.0,9.0
6058074,9.0,111.0,73.5,Male,2.0,53803.08,0.0,3.0
2264281,5.0,70.0,48.5,Unknown,2.0,37822.53,1.0,4.0
1798396,26.0,317.0,50.5,Female,3.0,216150.7,3.0,6.0
5466359,4.0,56.0,18.5,Unknown,2.0,29327.67,3.0,6.0
1006286,4.0,58.0,33.0,Unknown,2.0,43402.44,2.0,5.0
8072513,15.0,187.0,31.0,Female,2.0,34226.75,0.0,3.0
3115710,11.0,138.0,38.5,Female,2.0,101775.27,6.0,9.0
5947049,16.0,196.0,71.0,Unknown,2.0,102343.49,2.0,5.0
8718181,14.0,179.0,67.5,Female,3.0,58516.05,5.0,8.0
8218468,8.0,107.0,35.5,Female,2.0,32022.85,1.0,4.0
2567155,7.0,94.0,27.5,Unknown,2.0,42898.73,6.0,9.0
3969539,5.0,60.0,37.0,Unknown,2.0,37597.61,6.0,9.0
2360532,15.0,191.0,25.0,Female,2.0,43317.91,6.0,9.0
266896,5.0,67.0,28.0,Unknown,2.0,78623.88,2.0,5.0
5217648,14.0,178.0,32.5,Male,2.0,65945.98,0.0,3.0
3382939,12.0,148.0,31.0,Female,4.0,98501.13,2.0,5.0
7502502,14.0,173.0,55.5,Female,2.0,42080.28999999999,4.0,7.0
8490810,14.0,177.0,49.5,Female,2.0,35031.369999999995,1.0,4.0
9575313,12.0,152.0,40.5,Male,2.0,157424.09999999998,6.0,9.0
7720091,6.0,79.0,51.5,Unknown,2.0,67613.85,6.0,9.0
1035196,9.0,111.0,48.0,Female,2.0,109522.39,2.0,5.0
8532134,4.0,49.0,66.5,Unknown,2.0,58342.13,2.0,5.0
1676566,8.0,106.0,65.5,Unknown,2.0,79610.91,6.0,9.0
4084839,21.0,253.0,54.5,Male,3.0,1987370.97,6.0,9.0
5279217,20.0,246.0,60.5,Female,2.0,89898.65,1.0,4.0
8186274,21.0,253.0,58.0,Female,3.0,581674.4700000001,1.0,4.0
5578521,20.0,244.0,73.0,Male,3.0,978701.63,6.0,9.0
3265750,44.0,532.0,18.0,Male,3.0,45575.97,3.0,6.0
6130491,15.0,188.0,50.5,Male,2.0,26813.96,1.0,4.0
7272378,9.0,114.0,54.5,Female,2.0,47101.33,4.0,7.0
8156943,15.0,180.0,33.0,Male,2.0,39200.85,6.0,9.0
5192659,14.0,169.0,65.5,Male,2.0,449978.18,3.0,6.0
7235551,4.0,53.0,67.0,Unknown,2.0,35736.95,2.0,6.0
4488934,16.0,193.0,66.5,Female,2.0,101971.02,4.0,7.0
9665382,6.0,82.0,39.5,Unknown,2.0,48584.76,0.0,3.0
5470159,5.0,71.0,53.5,Unknown,2.0,28621.59,6.0,9.0
7561939,15.0,190.0,46.0,Female,3.0,137957.43,0.0,3.0
6845169,10.0,131.0,39.5,Male,2.0,135858.09999999998,1.0,4.0
2993545,8.0,102.0,60.0,Unknown,2.0,211112.68,6.0,9.0
1342161,9.0,110.0,27.5,Female,2.0,45868.89,6.0,9.0
9229328,5.0,69.0,30.0,Unknown,2.0,100705.08,6.0,9.0
7472781,6.0,73.0,30.0,Unknown,2.0,58135.78,5.0,8.0
4661237,11.0,138.0,31.0,Female,2.0,93001.36,0.0,3.0
3671996,6.0,74.0,31.0,Unknown,2.0,70015.42,2.0,5.0
9538359,6.0,72.0,24.0,Unknown,2.0,50891.16,1.0,4.0
2688057,13.0,161.0,59.0,Male,2.0,358019.89,2.0,5.0
5181335,6.0,77.0,65.0,Unknown,3.0,135564.84999999998,6.0,9.0
9508791,5.0,71.0,61.0,Male,2.0,391511.32,6.0,9.0
8964089,12.0,153.0,58.0,Male,2.0,131302.99,2.0,5.0
3513771,16.0,193.0,35.5,Male,2.0,70644.54000000001,0.0,3.0
2897282,26.0,315.0,79.5,Male,2.0,186028.0,6.0,9.0
3709748,21.0,253.0,50.0,Male,2.0,342462.29,0.0,3.0
6484516,16.0,197.0,66.5,Unknown,3.0,302288.37,6.0,9.0
4016886,5.0,70.0,54.0,Male,2.0,55426.36,2.0,5.0
5286680,9.0,119.0,34.5,Female,3.0,132833.77000000002,5.0,8.0
2031358,9.0,109.0,32.5,Male,2.0,79030.04999999999,6.0,9.0
9319596,15.0,182.0,70.5,Male,3.0,459579.85,6.0,9.0
6589685,11.0,142.0,63.5,Female,2.0,297645.47,0.0,3.0
4541165,4.0,58.0,33.0,Unknown,2.0,35548.53,6.0,9.0
7190546,6.0,79.0,72.0,Unknown,2.0,139323.81,6.0,9.0
4172856,15.0,182.0,47.0,Male,3.0,161893.65000000002,1.0,4.0
2394940,8.0,106.0,64.0,Female,2.0,74149.9,2.0,5.0
1775681,8.0,97.0,57.0,Male,3.0,379979.29,5.0,8.0
4569058,7.0,94.0,30.5,Unknown,2.0,34748.619999999995,2.0,5.0
3412931,4.0,58.0,24.0,Female,2.0,29263.6,4.0,7.0
3143271,13.0,166.0,41.0,Male,2.0,113812.03,1.0,4.0
7073335,5.0,68.0,32.0,Unknown,2.0,46755.32,4.0,7.0
7784849,4.0,54.0,55.5,Unknown,2.0,83747.97,2.0,5.0
3122134,13.0,163.0,56.0,Male,3.0,84242.45,5.0,8.0
7303592,6.0,75.0,28.5,Unknown,2.0,28156.17,4.0,7.0
9754775,4.0,50.0,23.0,Unknown,2.0,60241.88,2.0,5.0
4105116,18.0,217.0,49.5,Unknown,2.0,66186.17,1.0,4.0
1718744,21.0,258.0,39.0,Male,2.0,185679.82,3.0,6.0
4302393,21.0,255.0,65.5,Male,4.0,246167.21,6.0,9.0
8495964,21.0,254.0,41.5,Female,3.0,115266.33,3.0,6.0
9356321,21.0,253.0,53.5,Male,2.0,63997.35,1.0,4.0
5125777,30.0,364.0,70.0,Female,2.0,619290.39,2.0,5.0
8431486,22.0,269.0,72.0,Female,2.0,479053.43,6.0,9.0
8251687,19.0,230.0,65.5,Male,2.0,25315.0,2.0,5.0
4360757,17.0,209.0,39.0,Male,2.0,184502.83,0.0,3.0
7263594,13.0,160.0,35.5,Male,2.0,35723.369999999995,6.0,9.0
505697,27.0,331.0,76.0,Female,2.0,298935.25,6.0,9.0
6435102,10.0,130.0,49.5,Female,4.0,26118.43,2.0,5.0
7513572,4.0,59.0,26.5,Unknown,2.0,46052.16,1.0,4.0
5100333,5.0,71.0,26.0,Unknown,4.0,85344.85,5.0,8.0
9059057,13.0,162.0,53.0,Female,2.0,170229.21000000002,4.0,7.0
6608805,5.0,69.0,69.5,Unknown,2.0,91252.32,6.0,9.0
5716313,12.0,153.0,31.0,Male,2.0,78673.89,6.0,9.0
2479825,3.0,47.0,62.5,Male,3.0,506161.55,6.0,9.0
7859827,4.0,58.0,35.0,Unknown,2.0,27346.78,0.0,3.0
2549698,7.0,91.0,72.0,Unknown,2.0,286150.45,5.0,8.0
5931176,9.0,111.0,50.5,Male,2.0,49659.07,3.0,6.0
1906117,11.0,143.0,50.0,Female,2.0,145607.89,6.0,9.0
2849792,7.0,95.0,49.0,Unknown,2.0,69796.12,6.0,9.0
316463,21.0,253.0,64.5,Male,2.0,31253.15,2.0,5.0
4722893,4.0,57.0,26.0,Unknown,2.0,27061.65,6.0,9.0
1932271,9.0,109.0,36.5,Female,2.0,61012.8,6.0,9.0
3209988,5.0,68.0,58.0,Unknown,2.0,31317.31,1.0,4.0
2709282,9.0,118.0,23.5,Unknown,3.0,99279.2,3.0,6.0
4115478,15.0,184.0,36.0,Female,2.0,29056.01,6.0,9.0
4075274,5.0,69.0,52.0,Unknown,2.0,161438.57,6.0,9.0
9966933,9.0,112.0,51.5,Male,2.0,426678.16,6.0,9.0
7865060,13.0,166.0,46.5,Male,2.0,140509.34999999998,6.0,9.0
6395654,24.0,296.0,70.5,Female,3.0,1149001.96,6.0,9.0
101818,13.0,158.0,46.5,Female,2.0,41108.67999999999,4.0,7.0
2892955,15.0,180.0,69.5,Female,4.0,420848.13,6.0,9.0
943794,7.0,96.0,68.0,Unknown,2.0,299164.55,1.0,4.0
3950983,5.0,65.0,18.5,Unknown,2.0,25561.43,1.0,4.0
5482499,14.0,171.0,61.5,Male,2.0,30403.1,4.0,7.0
109932,12.0,153.0,44.0,Male,4.0,118520.54,4.0,7.0
4971695,20.0,241.0,59.0,Female,2.0,60637.51,6.0,9.0
324094,9.0,118.0,43.5,Female,3.0,40150.18,1.0,4.0
8288240,9.0,118.0,55.0,Male,2.0,54588.94,1.0,4.0
9522306,7.0,95.0,30.5,Unknown,2.0,281790.76,0.0,3.0
3859749,42.0,511.0,70.5,Female,4.0,410551.0,3.0,6.0
7645281,9.0,110.0,47.0,Female,3.0,598725.65,2.0,5.0
6902794,16.0,194.0,48.5,Male,2.0,124393.34,6.0,9.0
283127,15.0,185.0,63.0,Male,3.0,1224041.47,6.0,9.0
9384712,9.0,112.0,40.0,Male,2.0,32150.29,1.0,4.0
4742598,4.0,56.0,34.5,Unknown,2.0,69012.91,6.0,9.0
4652182,7.0,95.0,51.0,Unknown,2.0,178480.39,2.0,5.0
4377893,13.0,167.0,78.0,Female,2.0,48091.89,6.0,9.0
6192860,6.0,75.0,25.0,Female,3.0,53328.94,6.0,9.0
8613152,36.0,434.0,48.5,Male,3.0,635933.05,5.0,8.0
8012228,21.0,253.0,66.0,Male,2.0,24552.4,1.0,4.0
7595966,20.0,250.0,50.5,Female,3.0,314684.57,6.0,9.0
367638,20.0,246.0,84.0,Female,2.0,226782.99,0.0,3.0
6243563,19.0,238.0,61.5,Female,2.0,66625.65,1.0,4.0
1827445,26.0,322.0,55.5,Male,3.0,140493.64,6.0,9.0
4105263,5.0,60.0,57.0,Unknown,2.0,58770.98,4.0,7.0
8155386,6.0,75.0,62.0,Unknown,2.0,71151.14,3.0,6.0
9725718,15.0,185.0,38.5,Male,2.0,56733.11,1.0,4.0
703574,7.0,92.0,26.5,Unknown,2.0,38644.16,0.0,3.0
6076887,6.0,72.0,24.0,Unknown,2.0,26670.51,0.0,3.0
4486861,13.0,157.0,51.0,Male,2.0,247259.14,3.0,6.0
1722078,8.0,97.0,32.5,Unknown,2.0,40920.73,6.0,9.0
7525227,5.0,60.0,21.0,Unknown,2.0,29686.35,3.0,6.0
674617,12.0,147.0,33.0,Female,2.0,50516.33,1.0,4.0
5571009,27.0,327.0,82.5,Male,2.0,210336.19,2.0,5.0
865942,5.0,67.0,58.0,Female,2.0,91339.04,6.0,9.0
6534980,16.0,199.0,53.5,Female,2.0,31196.22,5.0,8.0
1341484,7.0,93.0,24.0,Unknown,2.0,36622.88,0.0,3.0
9858310,18.0,227.0,65.0,Female,2.0,101907.47,4.0,7.0
9768141,6.0,73.0,83.5,Female,2.0,29332.05,0.0,3.0
5802950,6.0,81.0,41.5,Unknown,2.0,26014.74,5.0,8.0
9566257,7.0,93.0,52.0,Unknown,2.0,33402.89,6.0,9.0
9249481,12.0,154.0,61.0,Female,2.0,151962.9,0.0,3.0
8330442,5.0,66.0,59.0,Female,2.0,45958.59,5.0,8.0
6239306,5.0,60.0,25.0,Unknown,2.0,52660.6,6.0,9.0
8929553,8.0,107.0,25.5,Unknown,3.0,31588.1,4.0,7.0
7339365,14.0,174.0,36.0,Male,2.0,117023.18,4.0,7.0
3569601,10.0,122.0,26.5,Female,2.0,55712.41,6.0,9.0
2396331,10.0,121.0,31.5,Male,2.0,50447.77,2.0,5.0
8066516,14.0,170.0,51.0,Female,2.0,62690.11,0.0,3.0
3784531,8.0,106.0,53.0,Male,2.0,76490.83,1.0,4.0
1949458,8.0,106.0,49.5,Male,2.0,83865.68,5.0,8.0
1024220,4.0,59.0,22.5,Unknown,2.0,25048.76,3.0,6.0
2048347,14.0,178.0,56.5,Female,2.0,38889.5,3.0,6.0
3522919,10.0,122.0,62.0,Female,2.0,230122.77,5.0,8.0
4259212,13.0,166.0,34.0,Female,2.0,56007.19,6.0,9.0
967893,13.0,159.0,42.0,Male,2.0,140873.59999999998,1.0,4.0
1372009,15.0,191.0,56.0,Male,2.0,264154.3,6.0,9.0
9386902,7.0,95.0,32.5,Unknown,2.0,101573.46,0.0,3.0
511528,14.0,170.0,57.5,Female,2.0,93611.65,6.0,9.0
3760569,5.0,66.0,22.5,Unknown,3.0,53812.41,6.0,9.0
3334754,13.0,159.0,45.0,Female,2.0,82450.73999999999,6.0,9.0
2896725,7.0,86.0,35.0,Unknown,2.0,44721.85,0.0,3.0
7167985,10.0,129.0,67.0,Female,2.0,44899.63,1.0,4.0
4165094,6.0,83.0,39.0,Unknown,2.0,42959.36,6.0,9.0
8953734,5.0,60.0,25.5,Unknown,3.0,28518.64,2.0,5.0
2826504,4.0,57.0,65.5,Unknown,2.0,295411.99,4.0,7.0
3479519,12.0,150.0,52.5,Female,2.0,349316.66,2.0,5.0
2848642,6.0,82.0,48.0,Unknown,2.0,203623.76,0.0,3.0
9966491,5.0,70.0,55.0,Female,2.0,63553.71,4.0,7.0
5456130,10.0,129.0,67.5,Female,2.0,48450.47,4.0,7.0
8496064,23.0,287.0,33.5,Male,2.0,57096.2,1.0,5.0
413993,23.0,282.0,68.0,Female,2.0,137252.56,2.0,5.0
1305140,18.0,222.0,34.5,Female,3.0,77412.53,3.0,6.0
6392480,18.0,221.0,53.0,Male,3.0,49968.32,6.0,9.0
8579832,4.0,59.0,35.5,Unknown,2.0,24495.39,1.0,4.0
188807,5.0,64.0,68.0,Female,2.0,169774.43,2.0,5.0
1929933,18.0,216.0,41.5,Male,3.0,207195.49,4.0,7.0
4643535,26.0,321.0,54.0,Female,3.0,316258.65,6.0,9.0
3433206,6.0,72.0,25.0,Unknown,3.0,43033.13,1.0,4.0
5847468,9.0,110.0,54.0,Female,2.0,48383.51,4.0,7.0
6144971,6.0,73.0,45.0,Unknown,2.0,34443.83,2.0,5.0
1033134,4.0,58.0,70.0,Female,2.0,41467.66,2.0,5.0
7970330,11.0,142.0,58.0,Male,2.0,82595.76,4.0,7.0
7435030,28.0,337.0,63.5,Male,5.0,32061.04,3.0,6.0
2280700,11.0,141.0,31.0,Female,2.0,64418.54,3.0,6.0
7046133,3.0,46.0,41.5,Male,2.0,92011.77,3.0,6.0
1181373,9.0,112.0,29.5,Male,3.0,115093.42,2.0,5.0
6422672,5.0,63.0,57.0,Female,2.0,42818.37,0.0,3.0
8774888,13.0,158.0,29.5,Male,2.0,29339.76,1.0,4.0
7377791,7.0,85.0,47.0,Unknown,2.0,59589.4,3.0,6.0
2817916,12.0,154.0,34.5,Unknown,2.0,52324.6,0.0,3.0
8929092,22.0,273.0,31.0,Male,2.0,143153.07,1.0,4.0
3733620,11.0,141.0,34.0,Female,2.0,63384.32,0.0,3.0
6413910,16.0,192.0,61.5,Female,2.0,55497.77,3.0,6.0
8754424,16.0,194.0,57.0,Unknown,3.0,91524.62,4.0,7.0
7774372,12.0,151.0,56.0,Female,2.0,33305.55,0.0,3.0
7522380,16.0,195.0,82.0,Male,2.0,96342.92,6.0,9.0
5803947,14.0,172.0,78.0,Female,2.0,461039.11,6.0,9.0
5589841,15.0,189.0,52.5,Unknown,2.0,73177.1,0.0,3.0
2243576,11.0,136.0,62.0,Male,2.0,5544842.49,6.0,9.0
5711457,4.0,52.0,62.5,Unknown,3.0,155552.34000000003,6.0,9.0
7623375,15.0,182.0,42.5,Male,2.0,460654.34,6.0,9.0
8334353,4.0,58.0,23.5,Unknown,3.0,36229.55,6.0,9.0
8945602,5.0,64.0,47.0,Unknown,2.0,108781.11,3.0,6.0
5331374,14.0,168.0,47.5,Female,2.0,33072.41,1.0,4.0
5403497,13.0,160.0,56.0,Female,3.0,114144.25,1.0,4.0
6406556,14.0,168.0,51.5,Female,2.0,36882.92,2.0,5.0
7278903,13.0,158.0,41.5,Female,2.0,24932.67,0.0,4.0
6927703,14.0,179.0,34.0,Female,3.0,195345.61,1.0,4.0
6104853,3.0,37.0,62.0,Female,2.0,102222.93,2.0,5.0
3491383,8.0,107.0,64.0,Female,2.0,173410.66999999998,6.0,9.0
6625416,8.0,104.0,51.0,Male,2.0,23877.26,2.0,5.0
4247007,5.0,69.0,23.0,Female,2.0,54679.58,2.0,5.0
7086173,12.0,154.0,42.0,Male,2.0,33487.56,0.0,3.0
9518543,5.0,66.0,22.5,Female,2.0,35065.23,0.0,3.0
3422366,10.0,126.0,23.5,Female,2.0,25128.2,1.0,4.0
6593447,6.0,82.0,60.5,Unknown,2.0,158957.46999999997,0.0,3.0
9420605,6.0,79.0,27.0,Unknown,2.0,64822.7,0.0,3.0
4474748,12.0,154.0,28.5,Male,2.0,41439.92,3.0,6.0
4169955,11.0,143.0,79.0,Female,2.0,242974.16,6.0,9.0
6284498,13.0,163.0,34.5,Male,2.0,32187.37,2.0,5.0
2074878,25.0,301.0,25.0,Female,2.0,44318.25,5.0,8.0
2562836,24.0,289.0,50.5,Female,3.0,332943.6,1.0,4.0
6716143,21.0,261.0,19.5,Female,2.0,51483.06,5.0,8.0
5015824,18.0,217.0,60.5,Male,2.0,32970.83,1.0,4.0
5813251,6.0,76.0,25.0,Unknown,2.0,38456.62,4.0,7.0
5176331,12.0,148.0,44.0,Male,2.0,97268.99,6.0,9.0
8688878,4.0,58.0,54.0,Unknown,2.0,26742.34,3.0,6.0
2667117,12.0,145.0,31.0,Female,2.0,48567.86,1.0,4.0
8391009,4.0,55.0,29.5,Unknown,3.0,45674.87,1.0,4.0
7342570,12.0,155.0,43.0,Male,2.0,27943.12,0.0,3.0
910872,4.0,59.0,68.0,Unknown,2.0,38606.93,1.0,4.0
2714848,10.0,129.0,34.0,Female,3.0,52639.26,6.0,9.0
3822618,4.0,59.0,26.0,Unknown,2.0,27886.31,0.0,3.0
6283290,17.0,208.0,63.5,Male,2.0,42116.98,2.0,5.0
907878,14.0,168.0,64.0,Female,2.0,138509.69,6.0,9.0
2805278,13.0,165.0,72.5,Female,2.0,144985.59,1.0,4.0
174244,13.0,166.0,37.0,Male,2.0,51706.06,1.0,4.0
6789992,15.0,182.0,35.5,Male,2.0,32992.86,6.0,9.0
2395794,12.0,154.0,65.0,Female,2.0,37576.06,6.0,9.0
6366145,6.0,82.0,31.0,Unknown,2.0,34478.649999999994,0.0,3.0
1468125,9.0,108.0,69.0,Female,2.0,33399.119999999995,1.0,4.0
271343,11.0,140.0,34.5,Female,3.0,127520.58,2.0,5.0
323337,10.0,121.0,56.0,Female,2.0,46675.92999999999,4.0,7.0
9324777,5.0,70.0,65.0,Unknown,2.0,33222.04,1.0,4.0
2967451,15.0,189.0,58.5,Male,2.0,42863.55,2.0,5.0
8810858,9.0,119.0,46.5,Female,2.0,63423.4,6.0,9.0
233799,13.0,159.0,41.5,Female,2.0,74928.69,0.0,3.0
459234,10.0,126.0,72.0,Female,3.0,636895.13,6.0,9.0
8340850,15.0,187.0,69.5,Female,2.0,94970.66,1.0,4.0
6429390,14.0,178.0,46.0,Female,3.0,88038.67,3.0,6.0
8776274,26.0,320.0,82.0,Male,2.0,127491.54,4.0,7.0
233312,6.0,73.0,28.5,Unknown,3.0,41066.16,0.0,3.0
7053498,6.0,74.0,25.0,Unknown,3.0,96843.52,6.0,9.0
6390827,8.0,96.0,44.5,Unknown,2.0,46806.55,2.0,5.0
4876466,15.0,180.0,49.0,Female,2.0,25654.73,1.0,4.0
780112,5.0,68.0,68.5,Female,2.0,1245388.62,4.0,7.0
1745578,7.0,94.0,71.0,Unknown,2.0,170318.12,6.0,9.0
2089579,5.0,69.0,45.0,Female,2.0,45510.66,6.0,9.0
6541273,7.0,94.0,44.0,Unknown,2.0,77716.91,0.0,3.0
4844608,4.0,59.0,33.0,Unknown,2.0,44614.14,1.0,4.0
4723679,15.0,181.0,33.5,Male,2.0,126762.61,2.0,5.0
9051839,5.0,70.0,23.5,Female,2.0,28584.91,0.0,3.0
1912082,26.0,322.0,60.0,Male,4.0,706447.9600000001,2.0,5.0
9655476,15.0,191.0,52.0,Female,3.0,199628.0,3.0,6.0
4753533,16.0,192.0,43.5,Male,2.0,38133.81,6.0,9.0
5696560,7.0,86.0,25.5,Unknown,2.0,57283.8,2.0,5.0
4671070,15.0,190.0,42.0,Female,2.0,54319.75,0.0,3.0
4568193,10.0,130.0,25.5,Male,2.0,32801.399999999994,1.0,4.0
9244201,27.0,331.0,75.5,Female,2.0,33346.47,1.0,4.0
34631,12.0,154.0,52.0,Male,2.0,25427.2,3.0,6.0
7829568,14.0,175.0,35.5,Female,3.0,31745.49,0.0,3.0
4952522,8.0,96.0,17.5,Unknown,2.0,118188.05,3.0,6.0
7762216,6.0,78.0,49.5,Unknown,2.0,28995.05,1.0,4.0
7342579,25.0,308.0,65.5,Female,4.0,137167.16999999998,6.0,9.0
215411,22.0,275.0,55.5,Male,2.0,567388.1900000001,5.0,8.0
2297049,19.0,236.0,23.0,Male,2.0,27934.0,6.0,9.0
8541412,18.0,217.0,57.5,Unknown,2.0,130283.56,5.0,8.0
7600838,17.0,213.0,59.5,Female,2.0,128663.29,4.0,7.0
1631043,17.0,207.0,52.5,Male,3.0,694424.9,3.0,6.0
8540308,7.0,86.0,48.5,Unknown,3.0,460224.48,3.0,6.0
2046788,4.0,58.0,56.5,Unknown,2.0,46757.73,6.0,9.0
7975433,8.0,104.0,30.0,Female,2.0,72316.59,1.0,4.0
9272724,5.0,68.0,66.5,Male,3.0,144277.99,5.0,8.0
7319689,13.0,158.0,50.5,Female,2.0,206281.49,4.0,7.0
4246942,6.0,77.0,46.5,Male,2.0,34881.07,3.0,6.0
5054246,13.0,158.0,69.5,Male,2.0,359725.29,4.0,7.0
9608253,16.0,193.0,43.0,Male,2.0,53891.44,6.0,9.0
8051172,16.0,193.0,59.5,Unknown,3.0,70722.72,1.0,4.0
8781764,10.0,123.0,27.0,Male,2.0,52428.85,0.0,3.0
4820744,28.0,345.0,53.0,Female,3.0,110106.5,6.0,9.0
5019475,5.0,64.0,29.0,Unknown,2.0,28021.1,4.0,7.0
8407187,8.0,99.0,61.5,Unknown,2.0,46133.56,4.0,7.0
1282992,16.0,193.0,51.5,Female,2.0,47438.39,1.0,4.0
4089083,4.0,58.0,60.5,Unknown,2.0,24953.79,2.0,5.0
9182233,14.0,171.0,29.5,Female,2.0,27868.66,5.0,8.0
4885156,6.0,76.0,38.5,Unknown,2.0,103584.27,5.0,8.0
5324286,5.0,68.0,33.5,Unknown,2.0,58997.69,1.0,4.0
3535282,13.0,163.0,27.5,Female,2.0,26577.14,0.0,3.0
1713811,12.0,148.0,30.5,Male,2.0,58514.14,5.0,8.0
424760,7.0,89.0,59.5,Unknown,2.0,369412.73,3.0,6.0
7980181,5.0,70.0,26.0,Unknown,2.0,29071.12,4.0,7.0
802797,29.0,348.0,83.0,Male,3.0,2659098.42,5.0,8.0
8499279,12.0,150.0,60.0,Male,2.0,78633.29000000001,1.0,4.0
2503988,12.0,150.0,48.5,Female,3.0,47615.11,1.0,4.0
2105107,13.0,166.0,41.5,Male,2.0,43437.75,1.0,4.0
9195642,6.0,72.0,66.0,Male,2.0,502783.15,6.0,9.0
6701406,12.0,147.0,56.5,Female,2.0,58814.06,1.0,4.0
763504,15.0,182.0,45.0,Female,2.0,417971.02,1.0,4.0
2894722,8.0,99.0,44.5,Unknown,2.0,42006.97,3.0,6.0
9127541,6.0,83.0,30.0,Unknown,2.0,64643.6,2.0,5.0
1169482,12.0,148.0,39.0,Male,3.0,100013.66,5.0,8.0
5238268,16.0,196.0,31.0,Male,2.0,98093.43,4.0,7.0
5546508,15.0,191.0,58.0,Unknown,2.0,42812.44,1.0,4.0
863368,11.0,138.0,54.5,Male,2.0,1516766.34,6.0,9.0
8835856,6.0,82.0,31.0,Unknown,2.0,70094.58,2.0,5.0
5258390,12.0,147.0,53.0,Unknown,2.0,95496.77,5.0,8.0
6030221,24.0,297.0,67.0,Female,2.0,40278.62,3.0,6.0
9642582,24.0,294.0,57.5,Female,2.0,455715.65,0.0,3.0
3680798,21.0,262.0,44.0,Male,2.0,2783925.89,3.0,6.0
1075066,21.0,254.0,64.5,Male,2.0,719264.7000000001,6.0,9.0
8967720,20.0,251.0,44.5,Male,3.0,877274.79,4.0,7.0
6574277,20.0,251.0,67.0,Female,2.0,101290.65,1.0,4.0
6649566,20.0,249.0,67.0,Female,2.0,246296.88,1.0,4.0
5291841,20.0,245.0,83.0,Male,2.0,554499.4700000001,6.0,9.0
6374988,7.0,86.0,28.0,Unknown,2.0,28632.05,4.0,7.0
7234552,5.0,68.0,23.5,Unknown,2.0,29403.49,3.0,6.0
2613481,14.0,175.0,69.0,Male,2.0,96744.79,6.0,9.0
486496,15.0,183.0,44.5,Female,2.0,65223.77,3.0,6.0
3253038,7.0,94.0,42.0,Unknown,2.0,141734.4,0.0,3.0
2602692,10.0,126.0,30.0,Male,2.0,136846.16999999998,1.0,4.0
8873524,7.0,87.0,30.5,Unknown,2.0,30947.21,2.0,5.0
4898592,11.0,143.0,39.5,Male,2.0,37884.86,1.0,5.0
1920314,6.0,83.0,24.5,Unknown,3.0,61495.75,5.0,8.0
7082293,14.0,173.0,68.0,Female,2.0,98792.03,2.0,5.0
8961689,15.0,190.0,39.0,Male,4.0,281420.08,6.0,9.0
7702566,13.0,157.0,44.5,Female,2.0,344494.25,3.0,6.0
176966,6.0,78.0,52.5,Unknown,5.0,451736.42,6.0,9.0
1542198,8.0,101.0,66.5,Unknown,2.0,87730.54000000001,2.0,5.0
8366885,11.0,138.0,38.5,Male,2.0,116652.75,3.0,6.0
3722490,13.0,157.0,35.5,Female,2.0,44056.58,3.0,6.0
7072566,8.0,105.0,65.0,Female,2.0,61211.72,0.0,3.0
9234878,3.0,38.0,54.0,Unknown,2.0,29971.54,2.0,5.0
1547304,8.0,104.0,24.0,Female,2.0,37854.96,5.0,8.0
238091,14.0,169.0,55.5,Female,3.0,194889.06,3.0,6.0
4070381,4.0,57.0,31.5,Unknown,3.0,85130.5,0.0,3.0
8333602,11.0,142.0,24.0,Male,2.0,53116.73,6.0,9.0
6115889,12.0,147.0,68.5,Female,2.0,150076.21,0.0,3.0
8033222,12.0,148.0,28.0,Male,3.0,101845.73,2.0,5.0
154658,11.0,132.0,48.0,Unknown,2.0,66119.51999999999,0.0,3.0
5350690,7.0,93.0,52.5,Unknown,2.0,56978.92,0.0,3.0
5288246,6.0,80.0,48.0,Unknown,2.0,37996.32,0.0,3.0
6023415,12.0,144.0,27.5,Male,2.0,57859.51,3.0,6.0
3611896,8.0,101.0,32.5,Unknown,2.0,43884.36,0.0,3.0
2909272,8.0,103.0,51.5,Unknown,2.0,85609.29999999999,2.0,5.0
7336763,6.0,74.0,48.5,Unknown,3.0,286130.01,4.0,7.0
6320688,7.0,88.0,57.5,Unknown,4.0,300856.2,2.0,5.0
9806793,12.0,150.0,62.5,Female,2.0,66180.43,2.0,5.0
5664561,6.0,74.0,41.0,Unknown,2.0,56290.48,1.0,4.0
1023316,15.0,188.0,36.0,Female,3.0,56602.07,2.0,5.0
5976227,4.0,57.0,64.5,Unknown,3.0,189732.01,6.0,9.0
3842338,14.0,170.0,34.5,Male,3.0,39655.1,6.0,9.0
5312008,5.0,71.0,57.0,Female,4.0,161178.32,6.0,9.0
7774764,22.0,264.0,35.0,Female,3.0,92238.78,0.0,4.0
6504699,18.0,227.0,39.5,Male,2.0,27134.73,6.0,9.0
6024365,17.0,214.0,61.0,Male,4.0,288712.03,2.0,5.0
4533691,27.0,327.0,72.0,Female,2.0,40827.51,0.0,3.0
8501875,16.0,198.0,78.0,Male,2.0,476375.0,6.0,9.0
3157076,11.0,140.0,64.0,Female,2.0,27730.06,6.0,9.0
3913632,16.0,196.0,49.0,Female,2.0,68017.51,5.0,8.0
6320969,28.0,346.0,45.5,Male,3.0,125183.14,4.0,7.0
2668062,8.0,99.0,56.5,Unknown,3.0,258439.38,4.0,7.0
7591606,12.0,154.0,39.0,Unknown,3.0,70930.37,1.0,4.0
2709351,6.0,72.0,22.0,Unknown,2.0,49081.69,3.0,6.0
2793397,16.0,197.0,19.5,Male,2.0,30803.52,2.0,5.0
4721244,14.0,175.0,36.0,Male,2.0,33500.18,6.0,9.0
1887329,7.0,86.0,22.0,Female,2.0,43119.12,1.0,4.0
4800447,15.0,180.0,50.0,Female,2.0,35563.34,3.0,6.0
732082,10.0,123.0,58.5,Female,2.0,31050.72,5.0,8.0
478194,5.0,63.0,57.5,Female,3.0,134416.07,2.0,5.0
6486733,6.0,75.0,36.5,Unknown,3.0,65822.13,2.0,5.0
3021430,6.0,82.0,38.5,Unknown,2.0,42957.87,1.0,4.0
7195266,7.0,87.0,24.0,Male,2.0,50627.81,1.0,4.0
137555,5.0,68.0,29.5,Unknown,2.0,62900.16,6.0,9.0
5463347,8.0,105.0,37.0,Female,3.0,166411.8,3.0,6.0
124118,7.0,87.0,49.0,Unknown,3.0,113741.37,4.0,7.0
5379396,5.0,67.0,26.5,Unknown,2.0,56649.19,4.0,8.0
3355169,5.0,64.0,66.0,Unknown,2.0,29548.94,2.0,5.0
4900846,15.0,190.0,43.0,Female,2.0,136992.3,3.0,6.0
2191497,9.0,115.0,37.5,Male,2.0,25611.24,1.0,4.0
127477,11.0,143.0,67.0,Female,2.0,32526.56,4.0,7.0
7106140,14.0,169.0,48.0,Female,2.0,27729.74,3.0,9.0
4258192,7.0,87.0,61.5,Male,3.0,33549.36,4.0,7.0
1429794,6.0,82.0,66.5,Unknown,2.0,34816.73,3.0,6.0
156945,28.0,347.0,66.0,Female,3.0,134829.61,1.0,4.0
6729297,9.0,117.0,54.0,Male,2.0,34786.08,1.0,4.0
7989164,15.0,182.0,28.0,Female,2.0,103779.05,0.0,3.0
5033441,8.0,106.0,65.0,Female,2.0,219193.02,6.0,9.0
3976013,6.0,76.0,62.0,Unknown,3.0,58855.22,0.0,3.0
8363319,12.0,145.0,25.5,Male,2.0,81194.98999999999,6.0,9.0
9258568,7.0,91.0,27.0,Unknown,2.0,74242.53,6.0,9.0
2620402,9.0,118.0,46.0,Male,3.0,30214.43,2.0,5.0
5541105,4.0,58.0,18.0,Unknown,2.0,27638.87,0.0,3.0
7117036,5.0,60.0,66.5,Male,2.0,94049.05,0.0,3.0
9144131,15.0,181.0,34.5,Female,2.0,75959.17,1.0,4.0
8763978,7.0,94.0,58.0,Unknown,2.0,79922.19,4.0,7.0
5262376,12.0,146.0,57.0,Male,3.0,426451.65,5.0,8.0
5265291,15.0,190.0,35.5,Male,2.0,137942.22999999998,5.0,8.0
4781948,6.0,76.0,54.0,Unknown,2.0,58170.97,3.0,7.0
2744192,11.0,134.0,54.0,Male,2.0,89981.2,6.0,9.0
394458,10.0,131.0,58.5,Female,2.0,225570.77,4.0,7.0
5249821,15.0,188.0,51.0,Female,2.0,43432.98,3.0,6.0
6673860,15.0,189.0,58.5,Female,2.0,350074.45,0.0,3.0
5561990,22.0,271.0,36.0,Female,2.0,50489.37,0.0,3.0
3290069,22.0,264.0,50.5,Male,3.0,123534.36,4.0,7.0
7601740,20.0,249.0,84.5,Female,2.0,58917.89,2.0,5.0
7895367,21.0,254.0,65.5,Unknown,2.0,73785.58,5.0,8.0
1203363,18.0,224.0,53.5,Female,2.0,108542.13,1.0,4.0
1292592,11.0,135.0,53.5,Male,2.0,112829.99,4.0,7.0
1496846,11.0,132.0,64.5,Male,2.0,62937.36,3.0,6.0
7867338,5.0,66.0,22.5,Unknown,3.0,55350.13,1.0,4.0
2917495,8.0,106.0,53.5,Male,3.0,71942.59,6.0,9.0
3122539,18.0,220.0,55.5,Male,2.0,52457.48,2.0,5.0
8670426,13.0,156.0,36.5,Male,2.0,35232.8,5.0,8.0
1831180,13.0,156.0,62.0,Male,2.0,368574.24,6.0,9.0
7565793,20.0,243.0,42.0,Male,2.0,450149.08,5.0,8.0
9707425,4.0,58.0,59.0,Unknown,2.0,43681.71,2.0,5.0
6487753,9.0,110.0,64.0,Male,2.0,335770.87,3.0,6.0
9641323,5.0,64.0,57.0,Male,2.0,87661.91,1.0,4.0
7271731,13.0,160.0,31.5,Female,3.0,44756.64,2.0,5.0
157871,15.0,181.0,35.0,Male,2.0,438104.27,1.0,4.0
7188807,6.0,72.0,29.0,Unknown,2.0,43052.15,5.0,8.0
992924,5.0,67.0,48.5,Unknown,2.0,30113.98,0.0,3.0
5437189,4.0,57.0,55.0,Unknown,2.0,34457.16,3.0,7.0
8329224,12.0,144.0,54.0,Male,2.0,53004.08,4.0,7.0
3057378,9.0,115.0,29.5,Female,2.0,65524.19,0.0,3.0
1502912,14.0,178.0,32.5,Female,2.0,75565.48,0.0,3.0
519506,17.0,215.0,30.0,Female,2.0,31809.75,0.0,3.0
4107591,9.0,110.0,56.5,Female,2.0,71627.76,6.0,9.0
4148135,7.0,93.0,60.5,Unknown,2.0,49762.96,5.0,8.0
5939099,6.0,77.0,41.0,Unknown,2.0,44923.25,3.0,6.0
9677377,9.0,113.0,32.5,Female,4.0,74614.73999999999,6.0,9.0
7462324,9.0,110.0,40.5,Female,2.0,24960.64,1.0,4.0
5838184,23.0,285.0,63.0,Female,2.0,220674.81,1.0,4.0
9147086,6.0,73.0,32.0,Unknown,2.0,64127.27,3.0,6.0
958866,5.0,70.0,40.0,Unknown,2.0,26528.98,0.0,3.0
9745786,32.0,390.0,55.5,Male,4.0,821112.2200000001,6.0,9.0
5167876,8.0,97.0,71.0,Unknown,2.0,130652.78,1.0,6.0
1504275,10.0,121.0,53.5,Male,2.0,130418.9,2.0,5.0
1202226,7.0,86.0,59.5,Unknown,2.0,44509.5,0.0,3.0
4655007,17.0,207.0,42.5,Male,2.0,140547.86,0.0,3.0
2888193,7.0,93.0,25.5,Unknown,2.0,45485.36,5.0,8.0
3380680,5.0,61.0,41.0,Unknown,3.0,223551.63,6.0,9.0
8655499,4.0,58.0,49.5,Unknown,2.0,26843.46,0.0,3.0
773462,7.0,94.0,60.0,Unknown,2.0,40073.23,6.0,9.0
5765562,21.0,255.0,50.5,Unknown,3.0,162337.24,1.0,4.0
8098497,5.0,64.0,63.0,Female,2.0,61967.84,1.0,5.0
7073450,6.0,81.0,67.0,Unknown,2.0,25006.34,4.0,7.0
8348798,5.0,64.0,56.5,Unknown,2.0,186121.51,1.0,4.0
2855134,15.0,189.0,62.5,Male,2.0,229363.22,1.0,4.0
1779400,12.0,153.0,61.0,Female,2.0,40977.5,0.0,3.0
9237882,10.0,120.0,42.0,Female,2.0,70477.72,3.0,6.0
1088728,35.0,429.0,44.5,Female,4.0,458368.06,6.0,9.0
1143392,22.0,273.0,61.0,Female,2.0,2162583.28,5.0,8.0
3430492,20.0,251.0,46.0,Female,2.0,148173.86,3.0,6.0
311251,20.0,245.0,50.5,Female,2.0,49412.64,0.0,3.0
416724,18.0,227.0,54.5,Female,3.0,1451478.3099999998,4.0,7.0
6571686,17.0,211.0,45.0,Male,3.0,59563.74,6.0,9.0
1155387,6.0,83.0,69.0,Unknown,2.0,121458.98,3.0,6.0
9946332,15.0,180.0,60.0,Female,2.0,33163.25,0.0,3.0
4865240,5.0,70.0,20.5,Male,3.0,45956.1,3.0,6.0
102859,7.0,89.0,72.0,Unknown,2.0,57714.95,2.0,5.0
809835,6.0,79.0,78.5,Unknown,2.0,51493.2,6.0,9.0
5535964,7.0,88.0,25.5,Male,2.0,30747.11,4.0,7.0
1504166,12.0,149.0,32.5,Female,2.0,59850.79,1.0,4.0
5998496,26.0,322.0,64.0,Male,3.0,128687.55,5.0,8.0
9436357,8.0,107.0,33.0,Female,2.0,75554.89,0.0,3.0
7580314,9.0,111.0,52.0,Female,2.0,1005400.25,0.0,3.0
1975499,11.0,142.0,71.5,Female,2.0,137352.16999999998,4.0,7.0
5648355,8.0,106.0,73.0,Female,2.0,102799.46,4.0,7.0
358876,13.0,156.0,27.0,Female,2.0,31340.22,1.0,4.0
1863619,17.0,208.0,39.5,Female,2.0,51420.22,2.0,5.0
6502955,9.0,119.0,33.5,Male,2.0,33286.54,1.0,4.0
8504008,4.0,57.0,31.5,Unknown,2.0,43100.99,3.0,6.0
9638485,6.0,75.0,51.5,Unknown,2.0,62851.33,2.0,5.0
2472185,16.0,195.0,56.0,Female,2.0,59015.69,6.0,9.0
7939878,3.0,43.0,26.5,Unknown,2.0,33119.74,3.0,6.0
5120819,5.0,60.0,63.0,Unknown,2.0,32941.68,4.0,8.0
4281035,8.0,98.0,31.0,Unknown,3.0,78204.42,1.0,4.0
6487513,7.0,88.0,33.0,Unknown,2.0,24592.13,3.0,6.0
937927,16.0,200.0,43.0,Female,2.0,51101.56,1.0,4.0
8212601,16.0,201.0,23.0,Female,2.0,35920.63,0.0,3.0
2560331,15.0,189.0,42.5,Female,2.0,60766.57,2.0,5.0
1834585,6.0,81.0,36.0,Unknown,2.0,124918.82,6.0,9.0
1292985,7.0,92.0,40.0,Unknown,2.0,180767.05,2.0,5.0
4631341,14.0,175.0,46.5,Male,2.0,130928.18,0.0,3.0
4250658,25.0,310.0,21.5,Female,2.0,105404.02,0.0,3.0
7430457,6.0,82.0,23.5,Unknown,3.0,52406.33,4.0,7.0
6666495,9.0,112.0,30.0,Male,2.0,78663.0,6.0,9.0
1303379,12.0,145.0,29.5,Male,3.0,229734.28,6.0,9.0
5360468,6.0,72.0,71.5,Female,3.0,494848.85,4.0,7.0
116693,4.0,57.0,61.0,Unknown,2.0,46047.78,3.0,6.0
8254601,10.0,121.0,38.5,Female,4.0,173742.47999999998,5.0,8.0
1898497,4.0,58.0,43.5,Unknown,2.0,109441.3,1.0,5.0
721414,11.0,133.0,29.0,Female,2.0,57594.32,3.0,6.0
485353,12.0,154.0,67.5,Male,2.0,30328.38,1.0,4.0
4799210,7.0,95.0,40.5,Unknown,2.0,97110.51,2.0,5.0
2800369,12.0,144.0,61.0,Female,2.0,25808.65,0.0,3.0
1197201,5.0,70.0,57.0,Unknown,2.0,64172.2,3.0,6.0
6754609,13.0,164.0,37.0,Male,2.0,33240.0,6.0,9.0
32471,12.0,154.0,57.0,Female,2.0,36440.11,2.0,5.0
4795572,19.0,237.0,56.5,Female,2.0,42419.52,6.0,9.0
3831185,19.0,234.0,31.0,Male,2.0,61804.57,4.0,7.0
3365395,19.0,229.0,65.0,Female,2.0,78751.04000000001,0.0,3.0
6525521,18.0,226.0,35.5,Male,3.0,276311.77,6.0,9.0
2147721,15.0,188.0,57.0,Male,2.0,659970.8400000001,1.0,4.0
5748928,13.0,167.0,39.5,Male,2.0,75855.51999999999,6.0,9.0
3568571,13.0,162.0,70.0,Female,2.0,63466.82,0.0,3.0
7565935,14.0,169.0,36.5,Female,2.0,71949.56,6.0,9.0
5212142,7.0,95.0,65.5,Unknown,2.0,261084.47,0.0,3.0
2554820,7.0,90.0,20.5,Unknown,2.0,31342.02,3.0,6.0
8894041,16.0,193.0,44.0,Male,2.0,55297.75,3.0,6.0
5508496,14.0,168.0,34.0,Unknown,2.0,87019.37,5.0,8.0
31597,6.0,80.0,68.0,Unknown,2.0,144290.56,6.0,9.0
8794692,11.0,143.0,57.5,Male,2.0,599376.15,4.0,7.0
3739438,10.0,128.0,56.0,Female,2.0,99248.25,1.0,4.0
7516076,9.0,118.0,40.0,Female,2.0,41638.73,2.0,5.0
5315596,11.0,136.0,36.0,Male,2.0,555465.8,6.0,9.0
9433703,8.0,96.0,51.5,Unknown,2.0,36259.05,0.0,3.0
1055299,5.0,71.0,30.5,Unknown,2.0,31295.68,3.0,6.0
6974352,12.0,145.0,31.0,Male,2.0,69541.26,5.0,8.0
9056335,8.0,97.0,60.0,Unknown,2.0,90637.71,3.0,7.0
8880777,6.0,82.0,52.0,Unknown,2.0,129340.46,6.0,9.0
4013780,7.0,93.0,31.5,Unknown,3.0,29650.81,0.0,3.0
7092269,12.0,155.0,43.0,Male,2.0,31555.57,0.0,3.0
7248895,9.0,119.0,84.5,Female,2.0,88245.29999999999,4.0,7.0
1118805,4.0,58.0,57.0,Unknown,2.0,44157.78999999999,2.0,5.0
5902197,2.0,34.0,58.5,Unknown,2.0,2739168.57,0.0,3.0
1948091,8.0,106.0,36.5,Male,2.0,30695.19,0.0,3.0
5001625,7.0,85.0,24.5,Unknown,2.0,53203.65,6.0,9.0
9382169,15.0,190.0,39.0,Male,3.0,101946.04,3.0,6.0
658732,11.0,140.0,39.5,Female,2.0,74448.08,1.0,4.0
2633282,8.0,106.0,58.5,Unknown,3.0,41701.71,1.0,4.0
9640815,7.0,89.0,37.0,Unknown,3.0,55853.67999999999,5.0,8.0
2873827,7.0,86.0,30.0,Unknown,3.0,193302.14,6.0,9.0
3072907,17.0,206.0,50.5,Female,2.0,48231.6,0.0,3.0
7690452,6.0,74.0,40.5,Female,2.0,27545.04,1.0,4.0
5040709,6.0,80.0,60.5,Male,2.0,1243556.9,6.0,9.0
1673529,12.0,151.0,74.0,Male,2.0,101841.59,6.0,9.0
1853094,12.0,154.0,62.5,Female,3.0,128900.51,6.0,9.0
8709822,8.0,107.0,35.0,Female,3.0,63310.68,1.0,4.0
3354034,14.0,172.0,50.5,Male,2.0,139198.34,1.0,4.0
6401608,6.0,73.0,28.0,Unknown,2.0,143314.64,2.0,5.0
1832948,4.0,58.0,45.0,Unknown,2.0,29477.98,6.0,9.0
4966213,15.0,180.0,28.0,Unknown,2.0,33767.79,2.0,5.0
3174112,15.0,190.0,47.5,Male,3.0,79839.84,1.0,4.0
5877948,19.0,233.0,46.0,Male,2.0,125724.11,5.0,8.0
4392032,4.0,57.0,40.0,Unknown,3.0,48292.03,6.0,9.0
4723605,4.0,57.0,70.0,Unknown,2.0,37476.94,1.0,4.0
342517,15.0,189.0,48.5,Male,2.0,38666.21,5.0,8.0
8741088,24.0,291.0,26.5,Female,4.0,135179.94,1.0,4.0
9490819,24.0,288.0,49.0,Female,2.0,232999.93,1.0,4.0
1539321,23.0,281.0,48.0,Male,2.0,138988.62,2.0,5.0
2571853,21.0,262.0,40.0,Female,3.0,229913.38,3.0,6.0
8285903,21.0,259.0,66.5,Female,2.0,94232.02,2.0,5.0
9176551,20.0,250.0,39.5,Unknown,2.0,125713.15,5.0,8.0
2950141,21.0,258.0,56.0,Female,2.0,36914.15,0.0,3.0
7516827,19.0,238.0,64.5,Female,2.0,85104.79000000001,3.0,6.0
5502982,17.0,212.0,30.0,Male,3.0,211052.96,3.0,6.0
5358275,13.0,162.0,82.0,Female,3.0,26331.5,4.0,7.0
2581786,8.0,99.0,56.5,Female,2.0,219435.25,1.0,4.0
1192222,5.0,65.0,62.5,Unknown,2.0,139998.03999999998,3.0,6.0
3182757,8.0,97.0,59.5,Unknown,2.0,65957.26999999999,6.0,9.0
3447317,6.0,75.0,54.0,Unknown,2.0,160755.68,6.0,9.0
8178612,10.0,131.0,31.5,Male,2.0,30294.66,0.0,3.0
2686820,6.0,82.0,48.0,Unknown,2.0,593076.3,5.0,8.0
4514170,16.0,195.0,69.5,Female,2.0,116889.22,3.0,6.0
8656834,16.0,196.0,43.0,Male,2.0,373465.79,4.0,7.0
9258595,9.0,118.0,56.5,Male,2.0,35125.68,6.0,9.0
6595285,13.0,165.0,33.0,Female,3.0,162212.52999999997,3.0,6.0
9653737,31.0,378.0,59.0,Male,3.0,132569.96,3.0,6.0
9214462,6.0,81.0,68.5,Unknown,2.0,48199.32,0.0,3.0
4755697,6.0,72.0,26.0,Unknown,3.0,71787.75,6.0,9.0
6385395,5.0,67.0,63.5,Unknown,3.0,181113.62,3.0,6.0
5395303,9.0,117.0,43.0,Male,2.0,50171.23,0.0,4.0
1682129,8.0,106.0,53.5,Female,2.0,40717.35,0.0,3.0
8140196,11.0,136.0,36.5,Female,2.0,45118.72,4.0,7.0
8171782,4.0,57.0,47.0,Unknown,4.0,434988.87,3.0,6.0
1480616,15.0,190.0,23.5,Male,3.0,99857.86,6.0,9.0
9061056,4.0,59.0,54.0,Unknown,2.0,49054.03,2.0,5.0
6308615,14.0,171.0,39.0,Female,3.0,124730.04,2.0,5.0
1237949,6.0,77.0,25.5,Female,2.0,30226.45,1.0,4.0
7848564,19.0,232.0,74.0,Male,3.0,505754.07,6.0,9.0
6813635,5.0,70.0,39.5,Unknown,2.0,59504.89,0.0,3.0
8606506,3.0,37.0,21.0,Unknown,2.0,63266.49,4.0,7.0
5825322,7.0,94.0,55.5,Unknown,2.0,89414.81,6.0,9.0
6395285,12.0,154.0,33.0,Male,3.0,163319.46000000002,4.0,7.0
9865882,28.0,342.0,63.0,Male,2.0,78581.59,5.0,8.0
5108320,6.0,74.0,26.0,Unknown,3.0,36169.57,6.0,9.0
9080198,11.0,143.0,44.5,Male,2.0,26500.91,1.0,4.0
1156656,14.0,170.0,39.0,Female,2.0,133596.53999999998,2.0,5.0
1544000,7.0,86.0,29.5,Unknown,2.0,30251.57,3.0,6.0
7794359,3.0,47.0,25.0,Unknown,2.0,32033.58,3.0,6.0
6224380,4.0,57.0,58.0,Unknown,2.0,75897.06,5.0,8.0
878355,8.0,98.0,50.0,Male,2.0,30603.18,5.0,8.0
9889515,20.0,249.0,31.0,Unknown,2.0,48209.92999999999,0.0,3.0
2835130,8.0,104.0,25.0,Female,2.0,69141.95999999999,4.0,7.0
6673674,5.0,67.0,28.0,Unknown,2.0,45816.89,6.0,9.0
3183825,29.0,357.0,58.5,Female,3.0,275733.2,5.0,8.0
1245960,9.0,112.0,47.5,Male,2.0,70499.79999999999,3.0,6.0
7370972,10.0,121.0,65.0,Female,2.0,48717.28,2.0,5.0
4876410,12.0,154.0,63.5,Female,2.0,55097.28,1.0,4.0
4250505,6.0,75.0,33.0,Unknown,2.0,27119.93,0.0,3.0
3585961,26.0,323.0,27.5,Male,2.0,33266.32,1.0,4.0
8431359,6.0,72.0,51.0,Unknown,2.0,90325.0,0.0,3.0
2488007,41.0,492.0,78.0,Female,2.0,26892.54,6.0,9.0
3240261,12.0,154.0,30.0,Male,2.0,98335.61,1.0,4.0
8965755,5.0,71.0,48.5,Unknown,2.0,29553.19,0.0,3.0
1469028,11.0,140.0,69.0,Female,2.0,96665.75,0.0,3.0
9008485,13.0,161.0,68.0,Female,2.0,149367.16999999998,5.0,8.0
7623828,12.0,144.0,75.0,Male,2.0,38375.91,5.0,8.0
779606,14.0,178.0,22.0,Male,3.0,39842.32,2.0,5.0
1444506,25.0,301.0,51.0,Female,2.0,732372.77,6.0,9.0
5612472,22.0,274.0,45.5,Male,3.0,359463.15,6.0,9.0
563689,22.0,269.0,55.0,Male,3.0,319553.03,2.0,5.0
6493005,22.0,264.0,45.5,Male,2.0,50960.39,5.0,8.0
7643806,21.0,253.0,61.0,Female,3.0,303115.71,0.0,3.0
7436791,20.0,246.0,53.0,Male,2.0,32324.58,0.0,3.0
6949583,19.0,231.0,55.5,Female,3.0,93760.78,3.0,6.0
2279817,19.0,228.0,41.0,Female,2.0,29639.82,1.0,4.0
4324988,18.0,226.0,52.5,Female,2.0,141997.66,2.0,5.0
4943848,8.0,101.0,57.5,Unknown,2.0,60018.87,3.0,6.0
1332145,6.0,74.0,25.0,Unknown,2.0,45673.76,1.0,4.0
6522706,10.0,120.0,66.0,Male,2.0,40243.05,0.0,3.0
9394113,9.0,113.0,66.5,Male,2.0,666826.88,2.0,5.0
6422707,12.0,154.0,45.0,Female,2.0,56522.46,3.0,6.0
817200,12.0,153.0,53.5,Female,2.0,34588.92,0.0,3.0
2656955,5.0,66.0,27.5,Unknown,2.0,44944.06,0.0,3.0
7602950,7.0,94.0,39.0,Unknown,2.0,58476.96,6.0,9.0
6660518,11.0,143.0,28.5,Male,2.0,78991.32,1.0,4.0
4726261,7.0,88.0,19.5,Unknown,2.0,74726.70999999999,3.0,6.0
9295921,16.0,195.0,37.5,Female,2.0,218650.01,1.0,4.0
7225757,13.0,156.0,38.5,Male,2.0,68422.45,3.0,6.0
488929,5.0,70.0,29.0,Unknown,2.0,54287.57,6.0,9.0
7269600,5.0,66.0,42.5,Unknown,2.0,32224.05,1.0,4.0
2784899,5.0,64.0,58.0,Female,2.0,39705.84,5.0,8.0
3201422,13.0,157.0,84.0,Male,2.0,39314.49,4.0,7.0
3892244,19.0,231.0,53.5,Male,2.0,25755.67,6.0,9.0
7126980,5.0,62.0,20.5,Unknown,2.0,51357.35,2.0,5.0
8598531,10.0,121.0,66.0,Male,2.0,105483.51,4.0,7.0
4342935,11.0,138.0,56.5,Female,2.0,49468.05,3.0,6.0
371892,4.0,59.0,65.0,Male,2.0,26933.12,5.0,8.0
8891242,18.0,223.0,77.0,Male,2.0,101021.83,3.0,6.0
7434743,7.0,86.0,30.5,Unknown,2.0,67485.56,6.0,9.0
4676997,4.0,56.0,20.5,Unknown,3.0,60378.38,6.0,9.0
4204881,5.0,71.0,26.0,Unknown,2.0,29667.65,0.0,3.0
672827,12.0,152.0,33.5,Female,2.0,96131.57,6.0,9.0
9045790,6.0,72.0,34.0,Unknown,2.0,41613.78999999999,2.0,5.0
8808327,14.0,178.0,48.0,Female,2.0,28425.72,0.0,3.0
9482109,7.0,95.0,27.5,Unknown,2.0,62179.7,3.0,6.0
2923439,6.0,74.0,21.5,Unknown,2.0,50290.58,2.0,5.0
460257,9.0,118.0,34.0,Male,3.0,106741.22,5.0,8.0
5624950,16.0,198.0,33.5,Female,3.0,75048.54000000001,2.0,5.0
5468324,15.0,183.0,71.5,Male,3.0,222853.91,5.0,8.0
209532,15.0,186.0,69.0,Female,2.0,269493.08,1.0,4.0
5238439,8.0,102.0,53.0,Unknown,3.0,475460.28,2.0,5.0
4123651,5.0,70.0,39.0,Unknown,2.0,36877.03,6.0,9.0
4313622,4.0,56.0,23.5,Unknown,2.0,43766.42999999999,0.0,3.0
1580440,40.0,482.0,66.0,Male,3.0,290571.83,5.0,8.0
3815969,6.0,72.0,24.0,Female,2.0,44191.32,2.0,5.0
3989766,12.0,155.0,39.0,Female,2.0,75094.20999999999,3.0,6.0
7783003,49.0,596.0,32.0,Male,3.0,185097.01,5.0,8.0
564877,21.0,257.0,66.5,Unknown,3.0,129396.33,5.0,8.0
5134006,20.0,249.0,68.5,Male,3.0,203927.68,6.0,9.0
9414625,20.0,249.0,79.0,Male,2.0,39334.78,6.0,9.0
8189577,18.0,222.0,37.5,Female,2.0,34619.58,0.0,3.0
2609515,7.0,95.0,30.5,Unknown,3.0,199112.92,0.0,3.0
5716760,6.0,72.0,29.5,Unknown,2.0,76882.59,1.0,4.0
4359742,4.0,58.0,43.0,Unknown,3.0,144404.82,6.0,9.0
7935827,16.0,203.0,39.0,Male,3.0,39779.69,2.0,5.0
9761433,7.0,94.0,39.5,Unknown,2.0,42519.67999999999,4.0,7.0
7760573,10.0,130.0,45.0,Female,2.0,46807.82,3.0,6.0
7564787,6.0,74.0,47.0,Female,2.0,26313.67,3.0,6.0
5559264,6.0,74.0,41.5,Unknown,2.0,44965.2,1.0,4.0
1414915,7.0,95.0,27.5,Unknown,2.0,75158.7,5.0,8.0
3138378,4.0,58.0,51.5,Unknown,2.0,29346.74,1.0,4.0
5824256,10.0,120.0,59.0,Female,2.0,99488.55,2.0,5.0
9278100,15.0,182.0,53.5,Female,2.0,53393.22,2.0,5.0
6890921,6.0,83.0,24.5,Unknown,2.0,31506.92,3.0,6.0
1833640,18.0,219.0,51.0,Female,2.0,29705.96,4.0,7.0
9892743,7.0,95.0,49.5,Unknown,2.0,165308.55,3.0,6.0
2077203,10.0,125.0,42.0,Male,3.0,97759.97,6.0,9.0
5425553,8.0,107.0,56.5,Female,2.0,287374.82,3.0,6.0
194686,9.0,113.0,68.5,Male,2.0,41125.99,0.0,6.0
4482916,35.0,426.0,55.5,Male,3.0,127679.74,6.0,9.0
4242423,9.0,116.0,54.0,Female,2.0,26305.0,1.0,4.0
8730454,9.0,116.0,70.0,Male,2.0,30534.05,4.0,7.0
8587014,9.0,118.0,53.5,Female,2.0,48652.53,2.0,5.0
5089801,14.0,177.0,34.5,Male,2.0,27317.89,1.0,4.0
760259,14.0,169.0,41.5,Male,2.0,124817.0,5.0,8.0
1912452,8.0,97.0,41.5,Unknown,2.0,43831.51,2.0,5.0
9589670,12.0,155.0,48.5,Male,2.0,250644.25,5.0,8.0
311194,6.0,76.0,64.0,Unknown,2.0,1381897.7,4.0,7.0
5996516,14.0,171.0,64.0,Male,2.0,411617.49,5.0,8.0
5280789,13.0,167.0,33.0,Female,2.0,44042.64,4.0,8.0
68963,31.0,373.0,56.5,Male,3.0,100637.5,6.0,9.0
460912,5.0,60.0,79.5,Unknown,2.0,28908.67,4.0,7.0
5581728,7.0,85.0,37.0,Unknown,2.0,56495.67999999999,2.0,5.0
6736331,11.0,142.0,60.0,Female,3.0,36875.91,0.0,3.0
41516,8.0,106.0,55.0,Female,2.0,139892.15,2.0,5.0
9473567,5.0,61.0,61.5,Unknown,2.0,271912.94,2.0,5.0
1678102,7.0,86.0,26.0,Unknown,2.0,66595.88,1.0,5.0
9681414,15.0,189.0,47.5,Male,2.0,49025.67,1.0,4.0
9875372,27.0,327.0,68.5,Female,2.0,41048.3,4.0,7.0
8008116,14.0,171.0,23.0,Female,2.0,35857.33,0.0,3.0
2921094,11.0,142.0,55.0,Female,3.0,84381.67,3.0,6.0
1905757,4.0,58.0,24.0,Unknown,2.0,43279.5,4.0,7.0
1409010,5.0,60.0,57.0,Male,2.0,103793.04,5.0,8.0
2016479,7.0,90.0,30.5,Unknown,2.0,86807.9,6.0,9.0
6689315,49.0,593.0,68.0,Male,3.0,1688297.79,6.0,9.0
1008127,23.0,286.0,75.5,Female,3.0,2492499.41,6.0,9.0
6229378,23.0,279.0,48.5,Male,2.0,67669.07,2.0,5.0
1649310,21.0,253.0,54.5,Female,3.0,150278.01,2.0,5.0
6011199,19.0,234.0,63.5,Male,2.0,25787.62,0.0,3.0
9847076,18.0,222.0,40.5,Male,2.0,146433.91999999998,6.0,9.0
4122372,18.0,221.0,37.5,Female,2.0,47915.59,1.0,4.0
5727347,18.0,216.0,47.5,Male,2.0,69958.73999999999,2.0,5.0
7291574,17.0,215.0,56.0,Male,3.0,88188.07,5.0,8.0
2850387,17.0,213.0,44.5,Male,3.0,1796841.72,6.0,9.0
644936,6.0,73.0,36.5,Unknown,2.0,34395.02,5.0,8.0
3019314,14.0,179.0,46.5,Male,2.0,30540.18,0.0,3.0
7209588,10.0,124.0,22.5,Male,3.0,33834.619999999995,2.0,5.0
4574839,7.0,89.0,31.0,Unknown,2.0,25576.57,6.0,9.0
3017951,33.0,399.0,66.0,Male,3.0,307872.4,6.0,9.0
283311,15.0,185.0,63.0,Male,2.0,80936.11,2.0,5.0
3319823,4.0,58.0,26.0,Unknown,2.0,32960.02,1.0,4.0
5153744,10.0,121.0,43.0,Male,2.0,155391.59999999998,0.0,3.0
9649288,7.0,85.0,32.5,Unknown,2.0,29467.96,2.0,5.0
3563974,9.0,110.0,53.0,Female,2.0,40174.28999999999,1.0,4.0
7262345,4.0,57.0,24.5,Unknown,2.0,37194.17,1.0,4.0
5816546,14.0,174.0,31.5,Female,2.0,39724.79,0.0,3.0
583570,4.0,58.0,47.5,Unknown,2.0,29936.78,0.0,3.0
1708174,3.0,47.0,52.5,Unknown,2.0,446997.09,1.0,4.0
3646492,4.0,56.0,51.0,Unknown,2.0,91013.88,3.0,6.0
2512034,14.0,173.0,48.0,Female,2.0,75539.97,1.0,4.0
8843028,21.0,253.0,63.0,Male,3.0,153444.84,6.0,9.0
6229916,7.0,92.0,33.5,Unknown,2.0,28955.73,6.0,9.0
6134894,9.0,118.0,32.5,Male,2.0,84475.91,0.0,3.0
96548,14.0,173.0,63.0,Female,3.0,44508.44,1.0,4.0
6441229,7.0,85.0,19.5,Unknown,3.0,71159.98,4.0,7.0
4620465,4.0,58.0,36.0,Unknown,4.0,123056.91,2.0,5.0
7444846,11.0,143.0,65.5,Female,2.0,31873.11,2.0,5.0
83585,5.0,60.0,33.5,Unknown,3.0,69290.65,6.0,9.0
8639504,18.0,220.0,38.0,Male,2.0,49827.84,1.0,4.0
9989637,26.0,318.0,50.5,Female,4.0,484391.91,6.0,9.0
9387217,6.0,72.0,24.5,Unknown,3.0,73006.78,6.0,9.0
4751846,10.0,121.0,31.0,Unknown,2.0,98863.53,1.0,4.0
7416764,27.0,325.0,22.0,Male,3.0,44047.53999999999,6.0,9.0
6766787,15.0,183.0,54.5,Female,2.0,175004.69,0.0,3.0
7142957,6.0,80.0,28.0,Unknown,2.0,29308.57,0.0,3.0
4602276,5.0,60.0,38.5,Unknown,2.0,33763.86,1.0,4.0
8237903,8.0,106.0,35.0,Female,2.0,37660.36,0.0,3.0
291411,16.0,202.0,52.5,Female,2.0,37312.2,5.0,8.0
2334179,16.0,201.0,61.0,Female,3.0,99695.91,0.0,3.0
3421186,8.0,101.0,53.0,Unknown,2.0,52059.89,3.0,6.0
524481,6.0,79.0,33.5,Unknown,2.0,125443.49,6.0,9.0
4494418,6.0,80.0,35.0,Unknown,3.0,101095.51,5.0,8.0
6155735,14.0,178.0,34.0,Male,2.0,39198.1,0.0,3.0
4851372,15.0,190.0,35.0,Male,2.0,75182.1,0.0,4.0
5105821,8.0,107.0,36.5,Female,2.0,137761.4,6.0,9.0
6055104,17.0,205.0,55.0,Female,2.0,78135.76,6.0,9.0
9948844,3.0,45.0,59.5,Unknown,2.0,51704.16,5.0,8.0
5586641,24.0,295.0,62.0,Female,2.0,194190.33,3.0,6.0
8201583,22.0,272.0,71.5,Female,2.0,58551.81,4.0,7.0
2837772,21.0,260.0,64.5,Male,2.0,33853.04,5.0,8.0
6518049,21.0,254.0,57.5,Female,2.0,111681.46,0.0,3.0
2351335,20.0,246.0,58.0,Female,2.0,66937.48,0.0,5.0
4258976,20.0,246.0,44.5,Female,4.0,356903.28,6.0,9.0
6330539,14.0,178.0,68.0,Female,2.0,65340.26,1.0,4.0
7810598,6.0,74.0,20.0,Unknown,2.0,28240.07,0.0,3.0
6256285,6.0,80.0,30.5,Unknown,3.0,83380.87,6.0,9.0
5090620,17.0,213.0,61.5,Male,2.0,145136.44,3.0,6.0
4264084,5.0,68.0,35.5,Male,3.0,48363.09,6.0,9.0
372207,5.0,65.0,23.5,Unknown,2.0,87869.61,0.0,3.0
5005971,4.0,59.0,47.5,Unknown,2.0,39391.11,6.0,9.0
2090574,10.0,127.0,33.0,Female,2.0,37724.67,1.0,4.0
4156324,8.0,98.0,35.5,Unknown,2.0,41515.83,1.0,4.0
7855457,7.0,91.0,34.0,Unknown,2.0,53293.48,2.0,5.0
4232774,7.0,88.0,25.0,Unknown,2.0,26758.58,1.0,4.0
3540899,5.0,65.0,23.0,Unknown,2.0,36567.03,1.0,4.0
1554927,11.0,137.0,61.0,Male,2.0,37671.99,1.0,4.0
8402368,10.0,126.0,25.0,Female,2.0,39550.82,6.0,9.0
9689259,8.0,106.0,53.0,Female,2.0,60569.32,6.0,9.0
9303642,19.0,229.0,60.0,Male,2.0,762067.29,3.0,6.0
5555581,16.0,199.0,64.0,Female,2.0,259313.79,4.0,7.0
3307754,7.0,94.0,71.0,Unknown,2.0,77220.86,6.0,9.0
1822618,14.0,176.0,47.0,Male,2.0,27614.1,1.0,4.0
9949831,6.0,81.0,74.0,Unknown,2.0,64103.37,2.0,5.0
8494129,16.0,197.0,54.0,Female,2.0,44469.01,6.0,9.0
5260443,8.0,107.0,54.5,Female,2.0,69772.14,1.0,4.0
9711488,4.0,58.0,24.5,Unknown,2.0,29782.66,2.0,5.0
9192456,23.0,279.0,18.5,Female,2.0,43720.91,0.0,3.0
4112456,12.0,147.0,31.5,Male,2.0,23851.69,0.0,3.0
1828861,15.0,183.0,54.0,Male,2.0,50265.58,1.0,4.0
5021259,8.0,98.0,69.5,Male,2.0,35837.03,2.0,5.0
3664153,6.0,79.0,29.0,Unknown,2.0,33829.78,5.0,8.0
5488689,6.0,78.0,53.5,Unknown,2.0,46052.6,0.0,3.0
204361,11.0,142.0,33.5,Male,3.0,66210.6,2.0,5.0
1990671,6.0,72.0,29.5,Unknown,2.0,160690.43,6.0,9.0
1170810,8.0,107.0,24.5,Female,5.0,110050.78,6.0,9.0
6135432,8.0,107.0,54.0,Female,2.0,34870.55,0.0,3.0
6869641,14.0,168.0,68.0,Male,2.0,37249.68,4.0,7.0
9382804,9.0,119.0,41.0,Unknown,2.0,35245.04,2.0,5.0
4512238,7.0,85.0,42.5,Unknown,2.0,33782.43,3.0,6.0
7902487,5.0,70.0,56.0,Unknown,2.0,54091.75,0.0,3.0
7064555,6.0,79.0,23.0,Unknown,2.0,96670.71,6.0,9.0
2990066,14.0,178.0,40.5,Female,2.0,113328.26,4.0,7.0
9124808,24.0,297.0,80.0,Unknown,2.0,112044.08,1.0,4.0
4265125,29.0,358.0,73.0,Male,2.0,440417.26,6.0,9.0
4149505,7.0,85.0,28.5,Unknown,2.0,55240.92,1.0,4.0
577427,8.0,105.0,46.5,Female,2.0,57481.77,0.0,3.0
6213804,20.0,251.0,68.0,Male,3.0,1616296.3099999998,3.0,6.0
2544329,20.0,250.0,57.5,Female,2.0,150908.75,0.0,4.0
1462470,19.0,235.0,35.5,Female,2.0,27967.04,6.0,9.0
5837397,17.0,215.0,54.0,Male,4.0,165599.24,6.0,9.0
6774011,15.0,180.0,41.5,Female,4.0,1418466.71,4.0,7.0
9887022,12.0,145.0,63.5,Male,2.0,72223.48,6.0,9.0
3801646,13.0,166.0,63.5,Male,2.0,73111.06,2.0,5.0
5469096,5.0,71.0,26.0,Unknown,2.0,35402.82,0.0,3.0
7902253,13.0,166.0,27.5,Female,2.0,75047.14,0.0,3.0
6240949,6.0,73.0,21.5,Unknown,3.0,34576.59,6.0,9.0
3118638,14.0,179.0,54.5,Male,2.0,62481.14,6.0,9.0
1274145,12.0,154.0,45.0,Female,2.0,42878.17,1.0,4.0
1551349,9.0,108.0,56.5,Female,3.0,702106.24,6.0,9.0
7485585,30.0,365.0,25.5,Male,3.0,96407.15,3.0,6.0
4107255,4.0,59.0,25.0,Unknown,2.0,32988.259999999995,3.0,6.0
9961437,7.0,95.0,24.5,Unknown,3.0,60032.99,3.0,6.0
3837682,12.0,154.0,30.5,Male,3.0,258348.27,1.0,4.0
3334970,15.0,188.0,43.0,Male,3.0,100859.35,2.0,5.0
6008625,13.0,159.0,33.0,Female,3.0,164049.11,1.0,4.0
6298697,12.0,150.0,53.0,Female,2.0,52554.11,1.0,4.0
8143738,11.0,132.0,53.5,Male,2.0,112676.15,3.0,6.0
5666935,6.0,73.0,39.0,Unknown,2.0,46186.27,4.0,7.0
1186083,6.0,78.0,23.0,Unknown,2.0,62102.8,1.0,4.0
4770939,5.0,69.0,26.0,Unknown,2.0,28957.11,2.0,5.0
846205,4.0,58.0,32.5,Unknown,2.0,44355.14,3.0,6.0
4020546,9.0,114.0,73.0,Female,2.0,41017.06,1.0,4.0
8615962,14.0,178.0,42.5,Female,2.0,35330.49,3.0,6.0
1929698,7.0,90.0,27.5,Male,2.0,48682.92,6.0,9.0
5173628,4.0,50.0,20.5,Unknown,2.0,37443.7,2.0,5.0
7830483,27.0,334.0,60.5,Male,2.0,1276087.7999999998,3.0,6.0
2319496,48.0,576.0,42.5,Male,3.0,260086.66,6.0,9.0
8922772,7.0,89.0,73.5,Unknown,2.0,190410.14,3.0,6.0
8824795,5.0,71.0,48.5,Unknown,2.0,31329.3,0.0,3.0
7871156,4.0,57.0,23.0,Unknown,2.0,90107.91,6.0,9.0
4644231,29.0,358.0,56.0,Female,3.0,189039.37,1.0,4.0
6010786,22.0,272.0,76.0,Male,2.0,286036.05,3.0,6.0
2931649,10.0,126.0,40.0,Female,2.0,109968.36,2.0,5.0
6215467,14.0,178.0,58.0,Female,2.0,76404.48,0.0,3.0
5261517,5.0,71.0,58.5,Female,2.0,257501.32,3.0,6.0
9848212,7.0,85.0,30.0,Unknown,2.0,25468.49,0.0,3.0
9325547,6.0,83.0,32.5,Unknown,3.0,76690.78,2.0,5.0
7133551,29.0,355.0,56.5,Male,2.0,27132.32,4.0,7.0
4481852,11.0,137.0,29.5,Female,2.0,78970.32,1.0,4.0
9080038,27.0,327.0,54.0,Male,3.0,71294.78,0.0,3.0
9292391,9.0,116.0,28.5,Female,2.0,61234.58,1.0,4.0
2878434,5.0,67.0,52.5,Unknown,2.0,31764.0,2.0,5.0
2758539,12.0,151.0,38.0,Male,2.0,37265.44,4.0,8.0
7655906,27.0,331.0,58.0,Male,2.0,256441.7,4.0,7.0
7284084,12.0,150.0,81.5,Female,2.0,115064.0,5.0,8.0
8734702,13.0,160.0,54.5,Female,2.0,56866.88,3.0,6.0
4454345,24.0,290.0,18.5,Female,3.0,472893.29,5.0,8.0
7583640,23.0,277.0,48.5,Unknown,3.0,202726.32,5.0,8.0
9107346,22.0,268.0,64.5,Male,5.0,967322.82,6.0,9.0
2040428,20.0,248.0,43.0,Female,2.0,24528.0,4.0,7.0
5587983,18.0,218.0,56.0,Female,3.0,48940.16,0.0,3.0
6004082,17.0,213.0,68.0,Female,2.0,67093.66,3.0,6.0
4826644,17.0,210.0,72.5,Male,2.0,314295.34,4.0,7.0
5322577,9.0,115.0,36.5,Male,2.0,63431.07,1.0,4.0
3000721,12.0,144.0,20.5,Female,3.0,79289.43,1.0,5.0
4054828,6.0,72.0,44.0,Unknown,2.0,26645.12,0.0,3.0
2712496,12.0,154.0,35.0,Female,2.0,70380.66,4.0,7.0
1068441,14.0,178.0,70.0,Female,2.0,49027.42,4.0,7.0
1674278,5.0,71.0,27.5,Unknown,3.0,41734.84,6.0,9.0
2575421,7.0,89.0,41.5,Unknown,3.0,62296.97,3.0,6.0
8901193,5.0,68.0,28.0,Unknown,3.0,55821.56,6.0,9.0
3166954,31.0,381.0,73.0,Female,3.0,298511.75,3.0,6.0
8573969,7.0,88.0,27.5,Unknown,2.0,28403.23,6.0,9.0
3616817,15.0,185.0,60.5,Male,2.0,27397.21,1.0,4.0
4557510,5.0,64.0,41.0,Female,2.0,68563.0,1.0,4.0
6493011,18.0,222.0,82.5,Female,3.0,536622.42,1.0,4.0
2566429,5.0,70.0,30.0,Unknown,2.0,25056.33,0.0,3.0
7911948,13.0,156.0,54.0,Male,2.0,40632.61,1.0,4.0
1655558,16.0,194.0,41.5,Male,2.0,115736.05,2.0,5.0
9502123,4.0,58.0,52.0,Unknown,2.0,57515.45,6.0,9.0
1453759,6.0,82.0,47.5,Female,2.0,58889.01,2.0,5.0
2698324,15.0,189.0,35.0,Male,2.0,57436.58,1.0,4.0
6046425,13.0,157.0,65.5,Male,2.0,134129.46,1.0,4.0
4190442,4.0,59.0,37.0,Unknown,2.0,30933.78,4.0,7.0
3356929,12.0,154.0,68.0,Female,2.0,52157.02,5.0,8.0
9284614,6.0,73.0,25.0,Unknown,2.0,25920.71,3.0,6.0
6472931,12.0,153.0,58.0,Female,2.0,31985.21,0.0,3.0
7226122,10.0,122.0,30.5,Male,2.0,65306.98,6.0,9.0
4198690,12.0,154.0,36.0,Male,2.0,164815.05,5.0,8.0
5809916,5.0,71.0,68.5,Unknown,3.0,330977.52,4.0,7.0
1533108,4.0,57.0,24.5,Unknown,4.0,90030.9,6.0,9.0
8293466,10.0,126.0,33.5,Male,2.0,67423.19,6.0,9.0
4848304,5.0,71.0,30.0,Unknown,3.0,88552.48,6.0,9.0
5180865,14.0,178.0,56.5,Female,2.0,103085.04,5.0,8.0
5163801,15.0,189.0,41.0,Male,2.0,66990.22,0.0,3.0
1953774,4.0,58.0,68.5,Unknown,2.0,191990.52,1.0,4.0
2196116,17.0,215.0,58.0,Male,2.0,39330.4,1.0,4.0
8933203,11.0,137.0,24.0,Female,2.0,27394.01,5.0,8.0
2739169,4.0,54.0,67.0,Female,2.0,23965.32,5.0,8.0
1289831,11.0,136.0,43.5,Female,2.0,76071.64,6.0,9.0
1145881,15.0,186.0,74.0,Female,2.0,65336.13,1.0,4.0
3593958,6.0,72.0,32.0,Male,2.0,63811.36,3.0,6.0
9434801,7.0,94.0,66.5,Unknown,2.0,38916.15,3.0,6.0
2795958,7.0,92.0,65.5,Unknown,3.0,397759.86,1.0,4.0
800827,10.0,130.0,31.5,Female,2.0,44168.91,1.0,4.0
6710384,22.0,273.0,79.0,Male,2.0,58910.68,1.0,4.0
5576145,21.0,263.0,59.5,Female,3.0,399693.5,3.0,6.0
344960,20.0,248.0,51.5,Male,2.0,772366.74,3.0,6.0
5235557,18.0,222.0,65.0,Male,3.0,709340.4700000001,4.0,7.0
5865564,7.0,94.0,56.0,Unknown,2.0,215857.46,6.0,9.0
5203020,12.0,150.0,60.0,Male,2.0,55797.0,3.0,6.0
5297168,15.0,190.0,41.5,Female,2.0,26040.89,1.0,4.0
9872506,19.0,236.0,50.0,Male,2.0,58042.76,3.0,6.0
4396200,7.0,90.0,59.5,Unknown,3.0,87443.73999999999,5.0,8.0
3438593,4.0,57.0,26.0,Male,2.0,40512.73,5.0,8.0
2844459,5.0,66.0,21.0,Unknown,3.0,65889.51999999999,3.0,6.0
3876955,8.0,100.0,41.5,Unknown,2.0,217407.01,3.0,6.0
1098795,13.0,156.0,46.0,Male,2.0,116032.2,1.0,4.0
3207711,9.0,117.0,42.0,Male,2.0,101291.2,6.0,9.0
7260973,2.0,33.0,56.5,Male,2.0,38337.85,1.0,4.0
59802,14.0,169.0,38.5,Male,2.0,1791639.18,4.0,7.0
4379554,16.0,198.0,45.0,Unknown,2.0,132030.43,5.0,8.0
896486,14.0,170.0,63.0,Female,2.0,145984.59,4.0,7.0
675753,16.0,193.0,58.0,Male,2.0,23933.68,4.0,7.0
1274084,5.0,63.0,57.5,Unknown,2.0,63893.5,5.0,8.0
7084230,5.0,65.0,36.0,Female,3.0,137085.33000000002,3.0,6.0
1709818,8.0,106.0,34.0,Male,2.0,81615.51,6.0,9.0
6006194,6.0,76.0,27.0,Unknown,2.0,25246.33,0.0,3.0
1396470,11.0,136.0,62.0,Male,2.0,117809.53,1.0,4.0
5888619,9.0,110.0,30.5,Male,3.0,99862.55,4.0,7.0
3084938,9.0,118.0,26.5,Female,2.0,66187.59,0.0,3.0
5294201,8.0,106.0,66.0,Unknown,2.0,27898.44,4.0,7.0
6618656,37.0,455.0,75.0,Male,2.0,213076.21,1.0,4.0
2145346,4.0,59.0,59.0,Female,2.0,184363.27,1.0,4.0
4974827,7.0,86.0,52.5,Unknown,2.0,36891.45,3.0,6.0
723529,7.0,94.0,60.0,Unknown,2.0,45052.16,6.0,9.0
9578094,11.0,142.0,32.0,Male,2.0,33658.46,0.0,3.0
7237407,5.0,65.0,31.5,Unknown,2.0,31095.19,1.0,4.0
5528159,6.0,79.0,55.0,Unknown,2.0,38481.06,5.0,8.0
3484745,3.0,46.0,39.5,Male,3.0,301262.49,2.0,5.0
7494942,14.0,173.0,36.0,Female,2.0,193958.98,2.0,5.0
3840710,10.0,126.0,63.5,Female,2.0,64341.9,1.0,4.0
8345732,13.0,158.0,25.0,Female,3.0,51415.64,3.0,6.0
9685510,4.0,51.0,48.0,Unknown,2.0,27110.71,6.0,9.0
7949020,10.0,122.0,69.0,Female,2.0,202830.14,6.0,9.0
1975414,19.0,238.0,55.5,Male,2.0,45965.02,6.0,9.0
7881001,8.0,97.0,72.0,Unknown,2.0,119678.43,4.0,7.0
5124454,20.0,251.0,29.0,Female,3.0,99961.71,3.0,6.0
8021927,11.0,133.0,50.0,Female,3.0,41419.22,3.0,6.0
1601708,4.0,55.0,27.5,Unknown,2.0,103239.04,6.0,9.0
8429153,9.0,109.0,32.0,Female,2.0,43315.73,0.0,3.0
6586655,26.0,312.0,46.5,Female,2.0,39888.64,0.0,3.0
2704884,9.0,111.0,59.5,Male,2.0,78966.62,6.0,9.0
4402012,4.0,59.0,35.5,Unknown,3.0,46911.39,2.0,5.0
4497754,6.0,77.0,66.0,Unknown,2.0,28689.04,0.0,3.0
20185,15.0,189.0,60.5,Female,2.0,69992.51999999999,2.0,5.0
2580270,15.0,190.0,40.0,Male,3.0,358614.8,6.0,9.0
7510784,16.0,203.0,68.5,Male,2.0,210074.41,0.0,3.0
8193081,7.0,95.0,45.5,Unknown,2.0,28985.0,1.0,4.0
2263444,4.0,48.0,39.0,Unknown,2.0,95867.04,1.0,6.0
1126962,5.0,65.0,73.5,Unknown,2.0,38350.15,0.0,3.0
4197951,7.0,93.0,56.0,Male,2.0,339062.45,1.0,4.0
7059525,25.0,311.0,20.5,Male,2.0,49889.13,6.0,9.0
3501436,11.0,141.0,73.5,Female,2.0,45285.82,4.0,7.0
4187030,5.0,60.0,22.5,Unknown,3.0,54441.39,1.0,4.0
6660916,12.0,145.0,36.0,Male,2.0,47755.05,2.0,5.0
2460796,29.0,358.0,66.5,Male,2.0,281056.45,6.0,9.0
2512762,11.0,135.0,71.5,Male,2.0,44193.98,3.0,6.0
1134563,5.0,70.0,43.0,Unknown,2.0,38670.09,2.0,5.0
3553475,5.0,66.0,22.0,Female,2.0,29572.8,6.0,9.0
6505265,5.0,70.0,25.0,Unknown,2.0,25108.33,0.0,3.0
37897,13.0,156.0,61.5,Female,4.0,207677.37,6.0,9.0
9041172,13.0,160.0,29.0,Male,2.0,25585.87,2.0,5.0
8968672,8.0,96.0,26.5,Unknown,2.0,51036.13,6.0,9.0
3452782,7.0,84.0,45.5,Female,2.0,26816.09,2.0,5.0
5997731,3.0,46.0,79.0,Unknown,2.0,249001.48,6.0,9.0
781811,3.0,37.0,58.5,Female,2.0,710387.52,3.0,6.0
5098302,7.0,84.0,27.0,Unknown,2.0,33544.95,5.0,8.0
5264085,6.0,78.0,41.0,Unknown,2.0,32057.18,3.0,6.0
2951330,12.0,145.0,33.0,Male,3.0,65191.37,1.0,4.0
7636540,25.0,304.0,82.0,Female,2.0,47126.92,6.0,9.0
5209748,4.0,59.0,27.0,Unknown,2.0,51353.89,1.0,4.0
1819048,6.0,74.0,42.0,Male,3.0,37717.14,2.0,5.0
927899,8.0,107.0,46.5,Female,2.0,24879.89,6.0,9.0
4114730,7.0,89.0,39.5,Unknown,3.0,77603.67,5.0,8.0
6685904,8.0,100.0,52.5,Unknown,2.0,45434.6,1.0,4.0
2183140,13.0,165.0,34.5,Female,2.0,27428.18,0.0,3.0
2835561,8.0,98.0,60.0,Unknown,2.0,168083.52000000002,2.0,5.0
1589492,5.0,71.0,41.0,Unknown,3.0,47033.9,6.0,9.0
3133800,5.0,65.0,54.5,Unknown,2.0,75571.48,1.0,4.0
6611713,5.0,60.0,66.0,Male,2.0,28088.38,2.0,5.0
9404359,8.0,96.0,26.5,Unknown,2.0,32648.27,0.0,3.0
6033754,16.0,192.0,43.0,Male,2.0,52184.66,6.0,9.0
8468373,15.0,182.0,31.5,Female,3.0,103256.55,6.0,9.0
851703,6.0,83.0,53.5,Unknown,2.0,28066.58,1.0,4.0
5795761,13.0,160.0,30.5,Male,2.0,47940.75,6.0,9.0
7121682,6.0,76.0,35.5,Male,2.0,28456.81,0.0,3.0
3897463,6.0,81.0,25.5,Unknown,2.0,61402.78,6.0,9.0
5646178,7.0,92.0,32.5,Female,2.0,50091.38,1.0,4.0
9060474,7.0,88.0,44.0,Unknown,2.0,95154.93,3.0,6.0
1332470,9.0,109.0,27.0,Male,3.0,262178.28,6.0,9.0
6739192,14.0,179.0,64.0,Male,2.0,39766.12,0.0,3.0
9331765,25.0,305.0,61.5,Female,2.0,156415.58000000002,3.0,6.0
6443373,24.0,293.0,58.5,Male,3.0,651741.38,6.0,9.0
9483870,23.0,286.0,48.0,Female,2.0,59930.42,6.0,9.0
7931571,22.0,269.0,57.0,Male,3.0,578481.66,5.0,8.0
6735012,18.0,227.0,23.0,Male,2.0,98840.95,6.0,9.0
6013114,18.0,223.0,41.0,Female,2.0,66938.95,0.0,3.0
9271466,16.0,200.0,64.5,Female,2.0,106529.21,0.0,3.0
8165001,5.0,71.0,57.0,Male,2.0,422968.29,1.0,4.0
4395578,11.0,132.0,54.5,Female,2.0,124501.83,0.0,3.0
6821756,7.0,90.0,27.0,Unknown,2.0,47841.92,6.0,9.0
6301669,14.0,178.0,27.5,Male,2.0,94436.85,0.0,3.0
7848908,9.0,112.0,23.5,Male,2.0,47114.42,6.0,9.0
6058024,5.0,64.0,65.0,Male,2.0,177920.95,1.0,4.0
773274,10.0,120.0,50.5,Female,2.0,68038.09,1.0,4.0
9064720,6.0,81.0,55.5,Unknown,2.0,42773.9,5.0,8.0
2493468,3.0,40.0,23.5,Unknown,2.0,27417.62,4.0,7.0
1044443,15.0,190.0,63.0,Male,2.0,46489.47,2.0,5.0
3863076,6.0,77.0,51.0,Female,2.0,139211.56,3.0,6.0
4798063,5.0,71.0,26.5,Unknown,2.0,51104.74,6.0,9.0
6713641,5.0,67.0,33.5,Male,2.0,38815.66,0.0,3.0
7273374,12.0,155.0,30.5,Female,2.0,41469.52,2.0,5.0
2039364,9.0,109.0,48.0,Unknown,2.0,116871.75,6.0,9.0
3524127,7.0,92.0,30.0,Unknown,2.0,75365.29999999999,0.0,3.0
6435776,9.0,110.0,70.0,Male,2.0,51909.13,6.0,9.0
2343199,14.0,173.0,34.0,Female,2.0,50274.47,3.0,6.0
2244086,8.0,97.0,32.0,Female,2.0,82610.29000000001,4.0,7.0
4915471,4.0,59.0,55.5,Unknown,2.0,27013.29,0.0,3.0
8245150,13.0,156.0,69.0,Female,2.0,49263.47,2.0,5.0
2190702,12.0,153.0,68.5,Male,4.0,62494.69,1.0,4.0
3392170,10.0,123.0,28.0,Female,2.0,36213.81,6.0,9.0
5882000,5.0,65.0,26.5,Unknown,2.0,28962.73,3.0,6.0
6600855,6.0,82.0,24.0,Unknown,4.0,104379.31,3.0,6.0
3889508,14.0,173.0,41.0,Male,2.0,108580.3,6.0,9.0
3115591,4.0,57.0,25.5,Unknown,2.0,30691.45,6.0,9.0
8347065,12.0,154.0,58.5,Male,2.0,72213.51999999999,1.0,4.0
3848025,14.0,168.0,34.5,Male,2.0,150983.49,6.0,9.0
9279684,4.0,58.0,31.5,Unknown,5.0,149002.15,6.0,9.0
6568225,5.0,70.0,28.5,Unknown,2.0,42016.65,2.0,5.0
2522628,12.0,150.0,24.5,Female,2.0,27863.49,1.0,4.0
7984893,16.0,193.0,64.0,Male,3.0,159645.7,4.0,7.0
2238419,6.0,73.0,34.0,Unknown,3.0,115247.56,6.0,9.0
9508923,7.0,90.0,40.5,Unknown,3.0,276885.82,6.0,9.0
782257,16.0,195.0,65.0,Female,2.0,33979.78,5.0,8.0
2214360,20.0,242.0,59.0,Male,2.0,145444.63,4.0,7.0
2257185,12.0,155.0,30.0,Female,2.0,93557.49,2.0,5.0
3933930,6.0,79.0,50.0,Unknown,2.0,62842.93,2.0,5.0
9360276,14.0,169.0,35.5,Female,2.0,94461.95,2.0,5.0
8465744,13.0,159.0,60.0,Female,2.0,134643.96,0.0,3.0
6243234,37.0,450.0,54.5,Female,2.0,66114.62,0.0,4.0
1811650,4.0,53.0,20.5,Unknown,2.0,31239.86,0.0,3.0
2558453,5.0,60.0,55.0,Unknown,2.0,42623.24,2.0,5.0
698205,12.0,153.0,28.5,Female,2.0,100979.09,1.0,4.0
8369912,8.0,106.0,60.5,Female,2.0,46958.05,3.0,6.0
5476413,11.0,136.0,27.5,Male,2.0,323441.49,1.0,4.0
8728238,9.0,108.0,55.0,Male,2.0,24047.98,0.0,3.0
3416934,9.0,117.0,26.5,Unknown,2.0,44899.26,2.0,5.0
6771904,15.0,180.0,34.0,Female,2.0,33068.57,6.0,9.0
2782863,6.0,72.0,27.5,Unknown,2.0,156883.96999999997,6.0,9.0
9561726,24.0,295.0,56.0,Male,2.0,257437.12,1.0,4.0
9929565,24.0,288.0,61.0,Male,3.0,438680.27,6.0,9.0
6781756,20.0,250.0,54.5,Female,3.0,606052.25,6.0,9.0
3392094,20.0,250.0,50.0,Female,2.0,231442.22,0.0,3.0
1201286,20.0,247.0,43.0,Male,3.0,135159.61,1.0,4.0
7625765,18.0,227.0,55.5,Unknown,2.0,63570.52,0.0,3.0
5206871,18.0,226.0,34.0,Female,2.0,90603.8,1.0,4.0
3917048,17.0,211.0,64.0,Male,3.0,296627.49,5.0,8.0
4754836,15.0,180.0,32.0,Female,2.0,108647.46,0.0,3.0
7942731,13.0,163.0,70.0,Female,2.0,25714.12,2.0,5.0
7624856,6.0,74.0,18.5,Unknown,2.0,25883.3,6.0,9.0
6544132,14.0,171.0,28.5,Male,2.0,25836.81,6.0,9.0
3520993,14.0,177.0,49.0,Female,2.0,32549.62,2.0,5.0
8616361,10.0,124.0,28.5,Female,2.0,90238.83,5.0,8.0
5159936,14.0,179.0,70.0,Male,2.0,58328.69,2.0,5.0
995004,14.0,177.0,41.5,Female,3.0,76443.87,1.0,4.0
1496831,14.0,173.0,26.5,Female,2.0,25988.26,1.0,4.0
6427675,27.0,331.0,62.5,Female,3.0,170373.13,6.0,9.0
303551,10.0,130.0,38.0,Female,2.0,23859.01,1.0,4.0
1348378,12.0,152.0,41.0,Male,3.0,157254.2,5.0,8.0
7875647,7.0,95.0,27.0,Unknown,2.0,61712.7,0.0,3.0
5162378,6.0,73.0,55.0,Unknown,2.0,43856.59,0.0,3.0
2170311,11.0,132.0,29.5,Female,3.0,204561.77,6.0,9.0
5708846,12.0,154.0,26.5,Male,4.0,86551.65,6.0,9.0
6708869,7.0,93.0,63.5,Unknown,2.0,28882.39,0.0,3.0
8087904,11.0,139.0,44.0,Male,2.0,147928.2,4.0,7.0
2934436,7.0,92.0,38.5,Unknown,2.0,25583.5,1.0,4.0
9812643,6.0,79.0,37.0,Unknown,2.0,180807.62,0.0,3.0
7814322,8.0,97.0,52.0,Unknown,2.0,26040.35,1.0,4.0
7424578,6.0,72.0,44.5,Unknown,2.0,29899.5,3.0,6.0
4450022,6.0,82.0,28.0,Unknown,2.0,34041.71,5.0,8.0
2668666,6.0,73.0,21.5,Male,3.0,47980.86,6.0,9.0
7990323,15.0,187.0,66.0,Female,2.0,170683.14,6.0,9.0
6428137,13.0,161.0,69.5,Female,2.0,31131.57,6.0,9.0
6196184,15.0,185.0,55.0,Female,3.0,416084.28,4.0,7.0
2618987,7.0,84.0,25.5,Unknown,2.0,35952.3,1.0,4.0
4296522,9.0,119.0,71.5,Unknown,2.0,63205.27,4.0,7.0
3012729,11.0,139.0,65.0,Female,2.0,211200.01,3.0,7.0
1600479,17.0,205.0,46.5,Male,4.0,157516.99,6.0,9.0
7130959,6.0,73.0,18.5,Unknown,2.0,28314.19,1.0,4.0
8587005,13.0,157.0,27.0,Female,2.0,32318.72,6.0,9.0
6416128,11.0,140.0,38.5,Male,2.0,35534.19,2.0,5.0
2359280,6.0,79.0,52.5,Unknown,2.0,112867.65,3.0,6.0
3313315,6.0,79.0,69.5,Unknown,2.0,223925.87,6.0,9.0
2048431,4.0,58.0,59.5,Unknown,2.0,51249.03,0.0,3.0
7783232,12.0,154.0,57.5,Female,2.0,1106644.5,1.0,4.0
552720,6.0,78.0,66.0,Unknown,2.0,254771.08,0.0,3.0
4330533,7.0,84.0,24.0,Unknown,3.0,39057.22,5.0,8.0
2057700,13.0,156.0,40.5,Male,2.0,128590.31,1.0,4.0
6313049,25.0,303.0,56.0,Female,2.0,107057.8,4.0,7.0
2352309,24.0,294.0,56.5,Female,2.0,143139.19,6.0,9.0
8472375,23.0,285.0,62.5,Male,3.0,199966.62,6.0,9.0
5787300,23.0,278.0,26.5,Male,2.0,35978.49,5.0,8.0
2055063,22.0,270.0,30.0,Male,3.0,165054.22999999998,6.0,9.0
62498,26.0,318.0,66.0,Female,2.0,197498.28,0.0,3.0
2947302,20.0,240.0,50.5,Male,2.0,114341.51,5.0,8.0
6625506,11.0,142.0,55.0,Female,2.0,542412.28,4.0,7.0
8645179,15.0,180.0,48.0,Female,2.0,76226.91,1.0,4.0
3537871,26.0,318.0,59.5,Unknown,2.0,36643.95,3.0,6.0
608170,6.0,83.0,66.5,Unknown,2.0,75954.79999999999,5.0,8.0
1953269,15.0,182.0,42.5,Male,2.0,37871.18,4.0,7.0
6351281,4.0,59.0,45.5,Female,2.0,50558.96,2.0,5.0
1507359,22.0,268.0,63.5,Male,2.0,89685.7,6.0,9.0
3864344,5.0,69.0,30.5,Male,2.0,59650.46,1.0,4.0
9865615,4.0,59.0,44.0,Unknown,2.0,155479.21999999997,2.0,5.0
2666016,4.0,56.0,36.0,Unknown,2.0,44281.14,0.0,3.0
2188938,8.0,107.0,34.5,Female,2.0,61017.19,0.0,3.0
3496236,14.0,179.0,50.5,Male,2.0,130161.6,1.0,4.0
8366788,15.0,189.0,52.5,Male,2.0,115174.65,0.0,3.0
9424618,10.0,121.0,28.5,Male,2.0,50242.02,1.0,4.0
3710054,6.0,80.0,58.0,Unknown,2.0,52191.83,6.0,9.0
2146904,10.0,121.0,54.5,Male,2.0,56070.05,6.0,9.0
1327174,14.0,173.0,54.5,Male,2.0,346033.87,6.0,9.0
8740874,10.0,128.0,30.0,Male,2.0,27697.77,5.0,8.0
1978274,14.0,178.0,73.0,Female,2.0,193003.78,4.0,7.0
4885417,15.0,182.0,33.5,Male,2.0,39201.88,0.0,3.0
3875578,12.0,150.0,29.0,Male,2.0,74468.26,6.0,9.0
4668200,5.0,65.0,65.5,Unknown,2.0,125675.53,5.0,8.0
8514305,12.0,152.0,63.5,Female,2.0,46738.05,3.0,6.0
2905481,10.0,130.0,74.5,Unknown,2.0,113350.0,5.0,8.0
3831998,15.0,190.0,55.0,Unknown,2.0,76830.07,1.0,4.0
6803423,13.0,160.0,33.5,Female,2.0,26002.02,4.0,7.0
7753126,9.0,117.0,60.5,Male,2.0,54641.6,4.0,7.0
978067,17.0,211.0,51.5,Male,2.0,219543.07,6.0,9.0
1613278,14.0,175.0,69.0,Female,2.0,434641.68,2.0,5.0
210667,6.0,76.0,61.5,Female,2.0,34735.17,1.0,4.0
6997620,7.0,87.0,30.5,Unknown,3.0,277943.05,6.0,9.0
3110566,4.0,57.0,44.5,Unknown,2.0,118477.96,0.0,3.0
1172876,9.0,110.0,30.0,Female,2.0,43895.31,1.0,4.0
6551583,4.0,59.0,80.0,Unknown,2.0,107109.53,2.0,5.0
9691282,11.0,140.0,44.5,Female,2.0,30193.54,5.0,8.0
4149922,13.0,166.0,51.5,Male,2.0,91574.39,0.0,3.0
9680683,14.0,171.0,34.5,Female,2.0,32874.47,0.0,3.0
9440795,7.0,87.0,49.5,Unknown,2.0,49629.61,0.0,3.0
4376165,12.0,144.0,36.5,Female,2.0,72236.35,6.0,9.0
6299017,8.0,102.0,25.5,Unknown,3.0,92375.17,3.0,6.0
9035983,24.0,291.0,45.5,Female,2.0,74625.19,4.0,7.0
9159730,24.0,288.0,61.0,Female,2.0,63998.86,0.0,3.0
8437540,22.0,267.0,72.5,Male,3.0,388517.24,6.0,9.0
4500704,21.0,261.0,73.5,Female,2.0,137209.08000000002,2.0,5.0
6947176,21.0,260.0,48.5,Male,2.0,57686.47,1.0,4.0
9994115,20.0,250.0,53.5,Female,3.0,134233.63,4.0,7.0
1154599,27.0,327.0,60.0,Male,2.0,35890.06,5.0,8.0
7686034,20.0,242.0,52.0,Female,4.0,93156.92,6.0,9.0
8530290,19.0,234.0,56.5,Male,3.0,703701.03,6.0,9.0
6136264,15.0,181.0,49.5,Female,2.0,173378.87,3.0,6.0
1810801,5.0,70.0,45.0,Female,2.0,45938.22,0.0,3.0
3227559,16.0,195.0,61.0,Female,2.0,66711.37,6.0,9.0
4275564,5.0,60.0,63.5,Unknown,2.0,37392.73,6.0,9.0
7510649,16.0,193.0,26.0,Female,2.0,52879.52,2.0,5.0
1609177,4.0,52.0,23.5,Male,3.0,35572.41,5.0,8.0
5147250,30.0,365.0,54.5,Male,2.0,81675.1,1.0,4.0
3329411,8.0,96.0,27.0,Unknown,2.0,79793.59,0.0,3.0
3357999,5.0,69.0,31.0,Female,2.0,75579.26,6.0,9.0
1114916,4.0,56.0,42.5,Male,2.0,450041.52,3.0,6.0
9815086,13.0,158.0,52.5,Male,2.0,208248.55,5.0,8.0
7077362,13.0,163.0,63.5,Male,2.0,34035.869999999995,6.0,9.0
3775841,5.0,67.0,40.0,Unknown,2.0,39818.61,6.0,9.0
2065266,8.0,100.0,36.5,Unknown,3.0,47247.38,6.0,9.0
6864556,6.0,82.0,27.0,Male,2.0,32449.42,2.0,5.0
9015285,14.0,170.0,30.0,Female,2.0,67909.45,4.0,7.0
4476550,10.0,126.0,28.5,Female,3.0,297544.09,5.0,8.0
9625506,26.0,313.0,30.5,Female,4.0,147056.84999999998,6.0,9.0
8417937,6.0,83.0,25.5,Unknown,2.0,85657.9,6.0,9.0
9132085,4.0,59.0,56.0,Unknown,2.0,53100.25,2.0,5.0
808261,15.0,181.0,40.5,Female,2.0,119872.17,3.0,6.0
6068217,12.0,154.0,46.0,Female,2.0,75974.97,5.0,8.0
609258,4.0,58.0,27.0,Unknown,2.0,34905.64,4.0,7.0
1709650,14.0,178.0,46.0,Male,2.0,77098.63,4.0,7.0
3940300,14.0,172.0,52.0,Female,2.0,24854.28,1.0,4.0
9128493,9.0,115.0,70.5,Male,2.0,111188.86,1.0,4.0
9255891,8.0,96.0,26.5,Unknown,2.0,72291.87,6.0,9.0
5834919,9.0,108.0,66.0,Male,2.0,81201.72,3.0,6.0
7263819,7.0,85.0,42.5,Unknown,2.0,28912.24,2.0,5.0
6454722,12.0,155.0,46.0,Male,2.0,50293.94,3.0,6.0
7332645,13.0,157.0,40.0,Female,3.0,201150.42,5.0,8.0
804701,10.0,120.0,34.5,Male,2.0,38155.2,4.0,7.0
2985345,29.0,348.0,71.5,Female,3.0,335662.38,4.0,7.0
5974761,9.0,118.0,40.0,Male,2.0,87814.26999999999,0.0,3.0
1904971,12.0,152.0,36.5,Male,2.0,65129.08,6.0,9.0
6517751,9.0,116.0,64.0,Female,2.0,63524.89,6.0,9.0
3967220,25.0,300.0,56.5,Unknown,3.0,158273.21000000002,5.0,8.0
2752022,5.0,64.0,42.5,Male,2.0,323609.51,3.0,6.0
1055796,26.0,319.0,76.0,Male,4.0,194457.85,4.0,7.0
9281938,22.0,265.0,81.5,Unknown,2.0,103022.65,0.0,3.0
2586741,21.0,255.0,69.0,Male,2.0,91234.19,4.0,7.0
4190386,21.0,253.0,64.5,Male,3.0,48782.78,6.0,9.0
2759368,20.0,247.0,32.0,Female,2.0,33436.34,3.0,6.0
9199823,17.0,205.0,53.0,Female,2.0,41290.12,5.0,8.0
8118337,16.0,198.0,51.0,Male,2.0,72298.67,2.0,5.0
7221280,12.0,152.0,75.0,Female,2.0,176564.63,4.0,7.0
5908095,4.0,59.0,48.0,Unknown,2.0,28872.86,0.0,3.0
7675093,5.0,70.0,24.5,Unknown,2.0,61955.6,1.0,4.0
1971060,13.0,167.0,42.0,Female,2.0,46663.11,3.0,6.0
5065659,6.0,76.0,55.0,Unknown,2.0,34637.85,2.0,5.0
2493537,33.0,398.0,59.0,Female,4.0,1283129.19,6.0,9.0
7403333,5.0,64.0,35.0,Female,2.0,40252.14,3.0,6.0
7748308,13.0,167.0,61.5,Male,3.0,94835.85,6.0,9.0
2041724,5.0,70.0,33.5,Unknown,2.0,50331.57,6.0,9.0
7387446,8.0,96.0,53.5,Unknown,2.0,59947.47,3.0,6.0
3274765,5.0,71.0,27.0,Unknown,2.0,31071.32,2.0,5.0
7672790,14.0,177.0,48.5,Unknown,2.0,88925.4,1.0,4.0
3828068,7.0,91.0,55.5,Unknown,2.0,43472.95,1.0,4.0
6693164,8.0,106.0,40.5,Male,2.0,57218.16,0.0,3.0
9402618,16.0,195.0,48.5,Female,2.0,71979.44,6.0,9.0
5165533,15.0,189.0,37.0,Male,3.0,63697.12,3.0,6.0
6676535,8.0,101.0,54.5,Unknown,2.0,43296.15,3.0,6.0
9725807,15.0,188.0,57.5,Male,2.0,145676.13,6.0,9.0
4276350,32.0,395.0,80.0,Male,2.0,1929622.28,6.0,9.0
2060162,3.0,41.0,30.5,Unknown,2.0,27301.48,0.0,3.0
2657876,5.0,70.0,27.5,Unknown,3.0,56697.08,6.0,9.0
644419,16.0,194.0,21.5,Female,3.0,71664.62,5.0,8.0
1234723,4.0,57.0,36.5,Unknown,2.0,29946.34,6.0,9.0
7346292,5.0,68.0,28.5,Unknown,2.0,48407.42,3.0,6.0
8586536,26.0,321.0,52.5,Male,2.0,237785.89,0.0,3.0
736656,8.0,105.0,56.0,Female,3.0,244361.02,2.0,5.0
1300925,10.0,124.0,40.0,Female,2.0,28898.73,1.0,4.0
2898460,11.0,133.0,32.5,Male,2.0,29174.05,0.0,3.0
7690999,17.0,208.0,54.0,Female,2.0,23962.19,2.0,5.0
7974545,4.0,53.0,20.5,Male,2.0,83973.5,6.0,9.0
9880785,26.0,322.0,51.5,Male,2.0,187071.06,3.0,6.0
6776434,10.0,131.0,62.5,Female,3.0,795376.14,6.0,9.0
7108897,31.0,382.0,71.5,Male,3.0,758713.37,5.0,8.0
8999959,7.0,89.0,40.0,Unknown,2.0,90783.52,6.0,9.0
3544620,5.0,71.0,58.5,Unknown,2.0,52523.84,2.0,5.0
3307231,6.0,83.0,57.0,Female,2.0,66509.04000000001,0.0,3.0
7702688,4.0,58.0,72.5,Unknown,2.0,321224.72,5.0,8.0
2440403,7.0,95.0,23.5,Unknown,3.0,126235.66,2.0,5.0
4880958,10.0,127.0,23.0,Female,2.0,40377.01,2.0,5.0
9699861,4.0,58.0,54.0,Female,2.0,36120.61,0.0,3.0
1584574,6.0,83.0,57.5,Unknown,2.0,35384.58,3.0,6.0
7328663,13.0,161.0,44.5,Male,2.0,40263.03999999999,2.0,5.0
3840361,16.0,195.0,58.5,Female,2.0,52666.78999999999,2.0,5.0
9439294,6.0,74.0,43.5,Unknown,2.0,38627.23,0.0,4.0
9119484,9.0,116.0,52.0,Female,2.0,28692.88,1.0,4.0
6122174,11.0,142.0,63.0,Male,2.0,55247.17,0.0,3.0
105357,23.0,283.0,82.0,Female,2.0,448385.03,3.0,6.0
4222979,22.0,266.0,75.0,Female,2.0,51165.46,2.0,5.0
5900555,22.0,265.0,27.0,Male,3.0,153837.25,3.0,6.0
9496081,21.0,263.0,61.5,Female,3.0,55072.5,5.0,8.0
9458283,20.0,250.0,56.5,Male,2.0,103812.51,1.0,4.0
6365541,18.0,218.0,52.5,Unknown,2.0,95420.84,2.0,5.0
7514780,17.0,215.0,45.0,Male,3.0,530186.52,4.0,7.0
1749003,17.0,215.0,66.0,Male,3.0,55194.65,6.0,9.0
8450251,14.0,179.0,61.5,Female,2.0,72495.26,2.0,5.0
5359950,7.0,93.0,40.5,Female,2.0,57758.91,4.0,7.0
5205443,5.0,67.0,56.0,Male,3.0,104778.49,6.0,9.0
6375441,16.0,202.0,72.0,Female,2.0,92665.6,0.0,3.0
6777869,10.0,130.0,67.0,Female,2.0,67900.58,1.0,4.0
5952641,7.0,85.0,81.5,Unknown,2.0,267608.29,6.0,9.0
6643172,5.0,67.0,55.0,Unknown,3.0,27261.11,0.0,3.0
3843341,26.0,323.0,67.0,Female,2.0,141029.39,3.0,7.0
6639204,19.0,228.0,67.5,Male,4.0,166206.12,5.0,8.0
5501969,7.0,95.0,61.0,Unknown,2.0,308733.63,3.0,6.0
9745902,26.0,323.0,75.0,Female,2.0,69591.93,3.0,6.0
8108589,8.0,103.0,30.5,Unknown,2.0,69622.9,2.0,5.0
3083585,7.0,85.0,36.5,Unknown,2.0,136466.76,6.0,9.0
780557,5.0,70.0,26.5,Unknown,2.0,39015.56,1.0,4.0
6211184,5.0,66.0,28.5,Unknown,2.0,25520.78,1.0,4.0
8865699,11.0,134.0,67.0,Male,2.0,31455.68,1.0,4.0
4895515,6.0,78.0,34.0,Unknown,3.0,43595.7,0.0,3.0
9615620,6.0,73.0,36.0,Unknown,3.0,117316.04,6.0,9.0
2397739,7.0,94.0,64.5,Unknown,2.0,29932.66,3.0,6.0
2544781,5.0,69.0,59.0,Unknown,2.0,193389.87,0.0,3.0
5721058,5.0,70.0,58.5,Unknown,2.0,32626.09,2.0,5.0
84976,6.0,76.0,38.5,Unknown,2.0,73417.36,6.0,9.0
6706745,5.0,71.0,20.5,Unknown,3.0,32305.32,5.0,8.0
1156058,4.0,57.0,23.0,Unknown,4.0,55348.07,6.0,9.0
6711126,7.0,86.0,31.0,Unknown,4.0,201713.82,6.0,9.0
7831354,16.0,192.0,73.0,Female,2.0,37205.36,4.0,7.0
4767326,9.0,115.0,34.5,Male,2.0,81837.98999999999,4.0,7.0
1150052,6.0,76.0,49.5,Male,2.0,142884.81,5.0,8.0
6241129,5.0,66.0,73.0,Male,2.0,31849.46,4.0,7.0
5854138,7.0,84.0,26.5,Unknown,2.0,61348.4,6.0,9.0
4999406,12.0,153.0,44.0,Male,2.0,448654.0,5.0,8.0
7580525,8.0,106.0,63.5,Female,2.0,127540.12,3.0,6.0
4740171,5.0,68.0,24.0,Unknown,2.0,35033.53,3.0,6.0
8011858,5.0,68.0,63.5,Unknown,2.0,125136.63,6.0,9.0
4363136,25.0,308.0,25.0,Female,3.0,60271.48,3.0,6.0
7419662,5.0,68.0,41.5,Unknown,2.0,48396.01,1.0,4.0
4083243,5.0,70.0,57.5,Unknown,2.0,115201.45,0.0,3.0
1617112,9.0,115.0,43.5,Female,2.0,61397.23,1.0,4.0
5924067,9.0,118.0,70.5,Female,2.0,40178.67999999999,2.0,5.0
3531774,8.0,99.0,32.0,Female,2.0,88731.73,4.0,7.0
9894476,4.0,56.0,58.5,Male,2.0,66506.23999999999,0.0,3.0
5801673,14.0,175.0,79.5,Female,2.0,76949.14,2.0,5.0
5271807,15.0,189.0,61.0,Male,2.0,44482.61,0.0,3.0
6521093,16.0,197.0,73.0,Male,2.0,154778.26,6.0,9.0
9390806,8.0,100.0,31.0,Unknown,2.0,52729.09,3.0,6.0
2559250,8.0,97.0,36.5,Unknown,2.0,135295.36,5.0,8.0
4690077,11.0,143.0,64.5,Male,3.0,669728.51,4.0,7.0
1447181,5.0,60.0,70.5,Unknown,2.0,72225.35,6.0,9.0
280950,16.0,197.0,53.0,Male,2.0,302684.95,3.0,6.0
9518848,23.0,282.0,57.0,Male,2.0,283370.4,2.0,6.0
2869244,21.0,253.0,37.5,Unknown,2.0,196124.55,1.0,4.0
4543984,20.0,251.0,55.0,Male,4.0,207006.55,6.0,9.0
4107185,22.0,269.0,43.5,Male,2.0,158186.51,6.0,9.0
8537109,21.0,253.0,57.0,Male,3.0,47237.97,4.0,7.0
3929171,19.0,234.0,40.0,Male,2.0,121428.87,5.0,8.0
7699312,18.0,225.0,73.0,Female,2.0,213235.16,0.0,3.0
4569442,8.0,107.0,37.0,Male,2.0,31428.41,5.0,8.0
7024985,5.0,69.0,24.5,Unknown,2.0,80434.48,4.0,7.0
1518018,10.0,120.0,38.0,Female,2.0,102460.21,1.0,4.0
8240961,6.0,82.0,26.0,Unknown,2.0,31816.55,0.0,3.0
7985605,5.0,71.0,48.0,Unknown,2.0,34423.369999999995,6.0,9.0
5884299,14.0,176.0,55.0,Male,2.0,38998.52,5.0,8.0
1190062,15.0,181.0,25.5,Male,3.0,213334.86,2.0,5.0
6808443,27.0,335.0,57.0,Female,2.0,97177.29,3.0,6.0
413001,4.0,59.0,36.0,Unknown,2.0,51254.06,6.0,9.0
2025761,9.0,113.0,33.0,Male,2.0,29069.94,2.0,5.0
3923295,6.0,81.0,31.5,Unknown,2.0,54548.02,4.0,7.0
2385832,8.0,105.0,55.5,Female,2.0,37029.53,1.0,4.0
351690,3.0,47.0,32.0,Female,3.0,57385.71,6.0,9.0
6396865,8.0,99.0,24.0,Unknown,2.0,25209.8,1.0,4.0
4643495,6.0,80.0,39.0,Unknown,2.0,246169.68,2.0,5.0
2049672,11.0,133.0,52.5,Male,2.0,93026.65,4.0,7.0
8482912,30.0,361.0,55.0,Female,2.0,26805.94,0.0,3.0
5231915,13.0,167.0,49.5,Female,2.0,33819.09,0.0,3.0
1345582,10.0,123.0,51.0,Female,2.0,24212.27,6.0,9.0
6364973,8.0,107.0,32.5,Male,2.0,48237.67999999999,2.0,5.0
7920056,4.0,48.0,30.5,Unknown,2.0,26696.22,0.0,3.0
6514712,12.0,151.0,33.5,Male,2.0,29660.3,5.0,8.0
9728181,4.0,57.0,27.0,Unknown,3.0,114691.66,6.0,9.0
781162,8.0,100.0,47.0,Unknown,3.0,45123.51,2.0,5.0
1580401,5.0,69.0,29.0,Unknown,2.0,32328.67,1.0,4.0
275144,15.0,189.0,49.5,Female,2.0,827006.38,5.0,8.0
5253326,9.0,111.0,35.5,Female,2.0,254825.32,6.0,9.0
2663002,11.0,143.0,51.5,Female,2.0,32285.9,3.0,6.0
9544479,4.0,59.0,34.0,Unknown,3.0,115883.73,6.0,9.0
3653895,15.0,189.0,75.0,Male,2.0,264167.62,3.0,6.0
960818,13.0,163.0,33.5,Male,2.0,109128.38,6.0,9.0
6644477,8.0,96.0,29.5,Unknown,2.0,69574.7,6.0,9.0
1456118,14.0,175.0,65.5,Female,3.0,150579.19,4.0,7.0
3093212,6.0,81.0,57.5,Unknown,2.0,682703.55,6.0,9.0
8228389,15.0,188.0,51.5,Female,2.0,43886.08,0.0,3.0
2055307,22.0,269.0,56.0,Female,2.0,129548.55,2.0,5.0
6664483,22.0,271.0,46.5,Male,4.0,699384.16,6.0,9.0
5679450,22.0,270.0,73.0,Female,2.0,38617.55,4.0,7.0
8384036,18.0,226.0,29.5,Female,2.0,113795.74,0.0,3.0
5154371,17.0,214.0,49.0,Female,2.0,84991.29999999999,3.0,6.0
5910645,17.0,207.0,60.5,Male,2.0,330366.87,1.0,5.0
3685056,8.0,106.0,28.0,Female,2.0,49487.91,2.0,5.0
2123119,8.0,100.0,65.0,Unknown,2.0,107030.11,0.0,3.0
8548561,5.0,70.0,40.0,Unknown,3.0,76646.04000000001,2.0,5.0
7736525,35.0,420.0,61.0,Male,3.0,70855.31,5.0,8.0
7619272,7.0,94.0,42.0,Unknown,2.0,82028.04999999999,2.0,5.0
494576,13.0,159.0,63.0,Female,2.0,650147.42,4.0,7.0
6093698,7.0,93.0,49.5,Unknown,2.0,27106.13,0.0,3.0
8208678,7.0,93.0,28.0,Unknown,2.0,62553.92,5.0,8.0
6718604,5.0,66.0,27.5,Unknown,3.0,54088.32,6.0,9.0
2200120,5.0,70.0,31.0,Female,3.0,62819.02,2.0,5.0
8111660,6.0,78.0,28.0,Unknown,2.0,26319.2,6.0,9.0
2385262,12.0,145.0,56.0,Male,3.0,513751.96,2.0,5.0
5414679,8.0,106.0,28.0,Male,3.0,183543.84000000003,5.0,8.0
5297031,4.0,58.0,20.5,Unknown,2.0,42796.83,1.0,4.0
4070915,12.0,149.0,19.5,Female,2.0,391903.8,1.0,4.0
849489,5.0,66.0,31.5,Unknown,2.0,28152.96,3.0,6.0
7338686,9.0,115.0,70.0,Unknown,2.0,83332.62,2.0,5.0
4162600,15.0,189.0,33.5,Male,2.0,36860.16,6.0,9.0
8404592,12.0,146.0,40.5,Male,2.0,2854553.12,6.0,9.0
6817705,13.0,156.0,31.0,Female,2.0,209211.53,1.0,4.0
1107033,2.0,34.0,37.0,Unknown,3.0,108100.93,5.0,8.0
5396456,7.0,94.0,62.5,Unknown,2.0,55623.11,0.0,3.0
5582954,15.0,189.0,67.5,Male,2.0,38894.96,0.0,5.0
6255512,29.0,355.0,72.5,Male,4.0,1094293.02,6.0,9.0
3342816,5.0,70.0,35.5,Male,2.0,30847.95,2.0,5.0
5814758,8.0,99.0,61.0,Unknown,2.0,69469.98999999999,1.0,4.0
9185377,9.0,108.0,63.0,Male,2.0,187707.12,6.0,9.0
538291,6.0,75.0,26.0,Unknown,2.0,75073.98,4.0,7.0
1838909,6.0,78.0,28.0,Unknown,3.0,72675.63,6.0,9.0
925081,12.0,147.0,34.5,Male,3.0,97908.57,3.0,6.0
1340255,5.0,67.0,25.5,Unknown,2.0,35589.73,0.0,3.0
2793422,8.0,102.0,30.0,Unknown,4.0,63588.76,5.0,8.0
7566862,5.0,62.0,59.5,Unknown,2.0,41286.08,1.0,4.0
8940555,13.0,157.0,78.0,Female,2.0,299768.54,1.0,5.0
9127183,4.0,53.0,48.0,Female,2.0,181336.34000000003,3.0,6.0
724800,6.0,73.0,41.0,Unknown,2.0,44979.32,0.0,3.0
2086680,11.0,142.0,64.0,Male,2.0,591480.41,5.0,8.0
2823751,15.0,183.0,65.5,Male,2.0,194051.85,2.0,5.0
4998187,26.0,322.0,56.5,Male,3.0,575886.3400000001,6.0,9.0
1090770,7.0,85.0,21.0,Unknown,2.0,39932.03,2.0,5.0
126171,15.0,191.0,72.5,Female,2.0,248391.88,2.0,5.0
7131803,11.0,141.0,27.5,Male,2.0,55465.75,2.0,5.0
6037374,13.0,166.0,35.5,Female,2.0,57363.79,0.0,3.0
3242557,6.0,80.0,57.0,Unknown,2.0,56121.98,6.0,9.0
5876035,6.0,74.0,56.5,Female,2.0,30908.53,1.0,4.0
5816187,7.0,92.0,60.5,Unknown,2.0,45351.92,6.0,9.0
9740421,9.0,119.0,48.0,Female,2.0,46978.14,5.0,8.0
3184564,4.0,59.0,28.5,Unknown,2.0,39120.44,0.0,3.0
2538686,14.0,173.0,54.0,Male,2.0,106425.96,3.0,6.0
611632,6.0,81.0,34.0,Unknown,2.0,111888.16,6.0,9.0
9206933,13.0,158.0,72.5,Male,2.0,33179.73,1.0,4.0
2927088,14.0,169.0,59.5,Male,2.0,70536.6,3.0,6.0
9099429,8.0,106.0,71.0,Male,2.0,40169.2,6.0,9.0
6908111,6.0,82.0,28.0,Unknown,3.0,200024.0,4.0,7.0
5749316,14.0,179.0,33.5,Female,2.0,54548.47,0.0,3.0
553433,5.0,67.0,63.5,Unknown,2.0,44835.08,6.0,9.0
8775961,8.0,101.0,30.5,Unknown,2.0,51995.53999999999,0.0,3.0
7635887,23.0,283.0,71.5,Female,2.0,395483.86,6.0,9.0
8493240,22.0,272.0,44.0,Unknown,3.0,85165.81,1.0,4.0
7387005,22.0,272.0,63.0,Unknown,2.0,55692.5,2.0,5.0
6733674,17.0,204.0,65.5,Female,2.0,78963.75,1.0,4.0
8938572,8.0,107.0,69.0,Female,2.0,33080.7,6.0,9.0
7804662,4.0,59.0,50.5,Unknown,2.0,140932.19,2.0,5.0
9212011,15.0,191.0,57.0,Female,2.0,25492.34,1.0,4.0
6497609,14.0,173.0,53.0,Male,3.0,75272.5,6.0,9.0
5253683,9.0,108.0,34.0,Male,2.0,27285.89,0.0,3.0
1953574,18.0,219.0,42.5,Male,2.0,41270.05,2.0,5.0
8729882,15.0,180.0,48.5,Female,2.0,43496.22,1.0,4.0
2748394,10.0,130.0,67.0,Male,2.0,706392.39,2.0,5.0
535673,15.0,190.0,46.5,Male,3.0,106586.94,2.0,5.0
3931038,12.0,154.0,53.5,Female,2.0,47594.34,1.0,4.0
8897853,13.0,166.0,73.5,Male,2.0,109942.52,5.0,8.0
8158159,13.0,160.0,35.5,Female,2.0,26010.71,0.0,3.0
8895108,7.0,86.0,53.0,Unknown,2.0,33409.82,4.0,7.0
6972015,26.0,318.0,68.0,Female,4.0,3061513.05,3.0,8.0
6065730,8.0,106.0,57.0,Male,2.0,115409.04,5.0,8.0
6539202,15.0,187.0,61.0,Female,2.0,160658.51,1.0,4.0
1072044,10.0,122.0,57.0,Female,2.0,33364.3,6.0,9.0
6324067,7.0,95.0,20.5,Unknown,2.0,34365.44,6.0,9.0
8961589,15.0,180.0,40.5,Female,2.0,38184.4,6.0,9.0
858742,6.0,83.0,27.5,Unknown,2.0,51884.03,0.0,3.0
6989505,6.0,72.0,45.5,Unknown,2.0,59527.74,2.0,5.0
9035803,8.0,102.0,35.5,Unknown,2.0,173769.94,1.0,4.0
4537793,16.0,193.0,54.0,Female,2.0,179304.28999999998,3.0,6.0
1172623,10.0,122.0,35.5,Male,2.0,39903.44,4.0,7.0
4007948,10.0,122.0,50.5,Male,2.0,45895.28,1.0,4.0
9482164,7.0,86.0,34.0,Female,2.0,81522.98999999999,1.0,4.0
771778,6.0,78.0,59.5,Male,2.0,278092.78,1.0,4.0
1565743,6.0,82.0,29.0,Male,3.0,56923.22,6.0,9.0
3759800,8.0,105.0,40.0,Male,2.0,201295.64,5.0,8.0
4533589,13.0,158.0,36.0,Female,2.0,38888.27,6.0,9.0
1064690,6.0,72.0,46.5,Unknown,3.0,40087.68,6.0,9.0
5135129,14.0,171.0,50.0,Female,2.0,26178.14,1.0,4.0
4574516,5.0,71.0,75.0,Male,3.0,340745.34,6.0,9.0
2846778,6.0,75.0,48.5,Male,2.0,81444.79000000001,1.0,4.0
8529641,15.0,189.0,32.5,Female,2.0,30114.56,0.0,3.0
7240184,27.0,333.0,48.5,Male,3.0,940489.36,0.0,4.0
9793791,11.0,140.0,65.5,Female,2.0,222188.2,6.0,9.0
5840762,15.0,180.0,62.0,Male,2.0,39399.81,6.0,9.0
4329260,15.0,183.0,65.5,Male,2.0,58658.0,1.0,4.0
8927886,3.0,43.0,48.0,Unknown,2.0,81402.48,6.0,9.0
2141244,6.0,73.0,65.0,Male,2.0,711569.6000000001,6.0,9.0
3302296,7.0,88.0,45.0,Unknown,2.0,46107.22,6.0,9.0
6059000,9.0,116.0,22.5,Male,2.0,48658.36,1.0,4.0
4312553,10.0,123.0,62.5,Female,2.0,28211.73,2.0,5.0
4935419,4.0,56.0,37.5,Unknown,3.0,61607.07,6.0,9.0
9116217,9.0,116.0,28.5,Female,2.0,87551.31,6.0,9.0
4254265,15.0,183.0,66.0,Unknown,2.0,54719.31,5.0,8.0
8250493,13.0,160.0,59.5,Female,2.0,135046.41999999998,4.0,7.0
5803184,24.0,298.0,53.0,Female,2.0,82615.11,0.0,3.0
7845666,24.0,288.0,46.0,Female,3.0,160085.82,4.0,8.0
8789984,22.0,267.0,67.0,Female,3.0,259724.21,5.0,8.0
1340865,18.0,221.0,51.0,Female,2.0,228133.12,6.0,9.0
7406300,17.0,215.0,54.5,Female,2.0,43143.82,0.0,3.0
3797617,16.0,202.0,52.5,Female,2.0,120112.59,0.0,3.0
8559109,13.0,166.0,43.0,Male,2.0,65721.43,0.0,3.0
2801144,5.0,71.0,60.0,Male,2.0,276620.68,2.0,5.0
599231,7.0,94.0,36.5,Unknown,2.0,45279.28999999999,1.0,4.0
6776051,4.0,58.0,27.5,Unknown,2.0,33865.89,5.0,8.0
3687722,4.0,58.0,18.0,Unknown,2.0,31232.22,2.0,5.0
9695299,7.0,84.0,26.0,Unknown,3.0,98115.85,6.0,9.0
4716105,7.0,88.0,33.5,Unknown,3.0,64768.97,6.0,9.0
5553285,5.0,66.0,54.5,Unknown,3.0,64581.66,0.0,3.0
8529875,5.0,67.0,23.5,Male,2.0,38533.43,3.0,6.0
6091610,13.0,166.0,66.5,Male,2.0,334121.11,4.0,7.0
1758532,6.0,80.0,20.0,Unknown,2.0,31206.66,2.0,5.0
3661362,10.0,126.0,56.5,Female,2.0,38795.84,3.0,6.0
489500,9.0,113.0,35.5,Male,2.0,136837.4,5.0,8.0
6613881,7.0,87.0,66.0,Unknown,2.0,97682.32,2.0,5.0
9147938,13.0,161.0,46.0,Male,4.0,193804.23,3.0,6.0
3117895,7.0,92.0,64.0,Unknown,2.0,329606.0,0.0,3.0
611408,5.0,70.0,51.0,Unknown,2.0,26150.9,0.0,3.0
9285226,6.0,78.0,41.5,Unknown,2.0,118060.83,5.0,8.0
7915924,10.0,130.0,62.0,Female,2.0,46865.12,1.0,4.0
9286770,15.0,188.0,59.5,Female,2.0,51681.76,3.0,7.0
8810430,14.0,179.0,60.0,Male,2.0,79863.15,5.0,8.0
6891999,6.0,75.0,24.0,Female,2.0,28477.72,0.0,3.0
6373411,12.0,146.0,54.5,Male,4.0,249450.71,6.0,9.0
4107723,14.0,169.0,51.0,Male,2.0,28255.46,0.0,3.0
9269742,32.0,393.0,66.0,Male,6.0,485611.35,6.0,9.0
3046631,13.0,160.0,24.5,Female,2.0,32575.56,3.0,6.0
2107979,7.0,85.0,57.5,Unknown,2.0,25535.24,2.0,5.0
3449981,4.0,59.0,47.5,Unknown,2.0,83055.73,2.0,5.0
7832458,7.0,89.0,42.5,Unknown,3.0,414610.34,4.0,7.0
520530,9.0,119.0,52.0,Male,2.0,43590.28,1.0,4.0
5416331,5.0,65.0,66.5,Unknown,2.0,39412.23,4.0,7.0
1046276,5.0,60.0,56.5,Male,4.0,34187.41,0.0,4.0
8517752,8.0,105.0,68.0,Male,2.0,149592.46,6.0,9.0
8774305,10.0,130.0,45.0,Male,2.0,117523.52,0.0,3.0
1795072,8.0,96.0,53.5,Unknown,2.0,81786.54000000001,3.0,6.0
9220903,5.0,70.0,28.5,Unknown,2.0,45521.81,3.0,6.0
6484535,5.0,70.0,26.0,Unknown,3.0,48754.38,4.0,7.0
72916,4.0,57.0,34.5,Unknown,2.0,30046.66,1.0,4.0
7735906,15.0,187.0,48.5,Male,3.0,81209.6,6.0,9.0
6876179,15.0,188.0,65.0,Unknown,2.0,239893.43,3.0,6.0
4650330,6.0,77.0,52.5,Unknown,2.0,45704.33,3.0,6.0
9379942,23.0,276.0,54.0,Female,4.0,346200.03,2.0,8.0
946169,22.0,271.0,56.0,Female,2.0,225458.87,4.0,7.0
9968985,21.0,263.0,50.5,Female,3.0,295688.19,3.0,6.0
7620412,24.0,288.0,52.5,Male,2.0,102148.84,1.0,4.0
3787912,21.0,255.0,50.0,Female,2.0,89791.41,3.0,6.0
5687944,20.0,249.0,59.5,Female,3.0,85555.64,2.0,5.0
7634108,19.0,233.0,51.5,Female,2.0,26888.49,2.0,5.0
1834481,19.0,228.0,21.5,Female,4.0,176836.27999999997,3.0,6.0
3230695,18.0,220.0,74.5,Male,3.0,93965.88,3.0,6.0
3097245,7.0,88.0,26.5,Unknown,2.0,87863.17,6.0,9.0
8620971,13.0,166.0,31.5,Female,2.0,46967.71,0.0,3.0
4012869,8.0,102.0,64.0,Unknown,2.0,50610.97,5.0,8.0
603457,31.0,376.0,55.5,Male,4.0,118688.66,6.0,9.0
3193267,7.0,88.0,42.0,Unknown,2.0,98229.54,4.0,7.0
8108273,4.0,59.0,28.5,Unknown,2.0,36454.34,1.0,4.0
8693441,12.0,150.0,25.0,Male,2.0,45076.7,0.0,4.0
2161378,10.0,123.0,58.5,Male,2.0,113801.62,4.0,7.0
7438919,8.0,98.0,41.0,Male,2.0,136516.77000000002,4.0,7.0
5690574,5.0,71.0,25.0,Unknown,2.0,88304.54000000001,2.0,5.0
5602361,9.0,114.0,67.0,Female,2.0,30192.92,4.0,7.0
620094,5.0,70.0,33.0,Unknown,2.0,57036.54,2.0,5.0
2653428,9.0,118.0,58.5,Male,2.0,330810.19,5.0,8.0
7982693,8.0,99.0,62.0,Female,2.0,118611.99,6.0,9.0
7003302,14.0,168.0,42.5,Male,2.0,152913.69,5.0,8.0
1932668,3.0,44.0,19.0,Male,2.0,24106.99,0.0,3.0
587200,8.0,107.0,41.5,Male,2.0,82865.93,6.0,9.0
2418775,8.0,96.0,66.5,Unknown,2.0,47245.01,0.0,3.0
8182003,13.0,165.0,62.5,Female,2.0,111841.4,3.0,6.0
5571908,12.0,151.0,62.0,Female,2.0,432505.49,1.0,4.0
7663095,6.0,82.0,29.0,Unknown,2.0,46420.75,0.0,3.0
2624588,14.0,170.0,51.5,Male,2.0,466518.75,4.0,7.0
9285954,13.0,166.0,35.0,Female,3.0,124153.48,2.0,5.0
5241065,5.0,61.0,43.5,Unknown,4.0,35091.46,6.0,9.0
4838415,7.0,84.0,60.5,Unknown,2.0,2062248.71,5.0,8.0
9944129,15.0,180.0,54.5,Female,2.0,61980.68,0.0,3.0
8962405,13.0,158.0,42.5,Male,3.0,64989.06,6.0,9.0
4586815,6.0,72.0,58.5,Unknown,2.0,60892.13,6.0,9.0
1646013,6.0,74.0,29.0,Unknown,2.0,32284.44,2.0,5.0
6777171,6.0,82.0,62.5,Unknown,3.0,42637.75,3.0,6.0
3295995,5.0,68.0,54.5,Unknown,3.0,50789.42999999999,3.0,6.0
9861045,6.0,73.0,70.0,Female,2.0,348784.88,6.0,9.0
6462575,19.0,237.0,68.0,Female,2.0,48750.17,6.0,9.0
270013,5.0,68.0,42.5,Unknown,2.0,142456.8,1.0,4.0
421287,5.0,68.0,60.0,Unknown,2.0,53348.9,2.0,5.0
2706793,5.0,64.0,47.5,Unknown,2.0,38136.71,0.0,3.0
8176430,18.0,224.0,39.5,Female,2.0,113262.6,1.0,5.0
4583892,9.0,119.0,66.5,Male,2.0,277555.83,3.0,7.0
7654274,15.0,189.0,56.0,Male,2.0,1456942.03,6.0,9.0
5771832,5.0,68.0,70.0,Unknown,2.0,54793.99,2.0,5.0
801443,13.0,161.0,71.0,Male,2.0,89738.05,4.0,7.0
2452877,11.0,132.0,64.0,Female,2.0,181053.21,3.0,6.0
5882646,8.0,106.0,43.5,Female,2.0,58347.43,0.0,3.0
9902918,7.0,93.0,60.0,Unknown,2.0,59616.56,6.0,9.0
784901,11.0,142.0,52.0,Male,2.0,33964.92,1.0,4.0
3071126,26.0,320.0,64.5,Female,4.0,282903.05,3.0,6.0
4413573,7.0,93.0,67.0,Unknown,2.0,109443.45,1.0,5.0
2773934,25.0,300.0,70.5,Female,2.0,27866.02,1.0,4.0
3527712,23.0,285.0,50.5,Male,2.0,43635.53999999999,1.0,4.0
1400056,22.0,270.0,26.0,Female,2.0,70683.61,0.0,3.0
6997112,22.0,265.0,69.0,Male,2.0,216384.97,5.0,8.0
5237394,21.0,263.0,57.0,Female,2.0,192243.39,3.0,6.0
5977300,21.0,261.0,47.0,Female,2.0,118825.79,1.0,5.0
170896,17.0,214.0,66.5,Female,3.0,165791.77999999997,4.0,7.0
2482954,14.0,172.0,50.5,Male,2.0,30252.13,6.0,9.0
9327761,7.0,93.0,58.5,Female,2.0,67162.1,4.0,7.0
7002158,5.0,61.0,59.0,Unknown,2.0,81215.91,3.0,6.0
5145108,31.0,375.0,73.5,Female,3.0,270646.04,3.0,6.0
8000731,12.0,154.0,67.5,Female,2.0,74248.97,3.0,6.0
7736245,4.0,59.0,27.5,Unknown,2.0,45954.08,2.0,5.0
4147941,28.0,341.0,61.5,Male,4.0,173341.52000000002,6.0,9.0
5103176,6.0,80.0,32.5,Unknown,2.0,189855.93,6.0,9.0
8406430,12.0,148.0,30.0,Male,4.0,79334.23999999999,4.0,8.0
8599504,12.0,154.0,33.0,Unknown,2.0,56405.89,3.0,6.0
5733366,7.0,90.0,60.5,Unknown,2.0,45701.76,4.0,7.0
1155518,15.0,189.0,29.5,Male,2.0,42761.97,1.0,4.0
5882123,9.0,108.0,60.0,Male,2.0,42647.0,1.0,4.0
3604421,7.0,94.0,59.5,Unknown,4.0,236030.7,2.0,5.0
300527,4.0,59.0,54.0,Unknown,3.0,50760.84,3.0,6.0
1870004,6.0,73.0,31.5,Female,2.0,27223.2,3.0,7.0
8497008,6.0,74.0,42.5,Male,4.0,224587.98,4.0,7.0
7966136,5.0,67.0,72.5,Female,2.0,38335.08,3.0,6.0
2634860,14.0,169.0,35.0,Female,2.0,105317.17,2.0,5.0
8043295,12.0,153.0,62.5,Female,2.0,39833.43,2.0,5.0
5267769,14.0,178.0,69.0,Female,2.0,158789.06,1.0,4.0
1399639,13.0,160.0,67.0,Male,3.0,139410.01,4.0,8.0
9764688,13.0,160.0,67.5,Female,2.0,140931.94,6.0,9.0
2244761,16.0,203.0,57.0,Male,3.0,110112.5,6.0,9.0
697632,6.0,83.0,25.5,Unknown,3.0,68855.97,4.0,7.0
3575737,4.0,56.0,58.5,Unknown,2.0,399528.47,2.0,5.0
6436052,11.0,133.0,64.0,Unknown,3.0,997295.26,3.0,6.0
7030246,5.0,67.0,42.5,Unknown,2.0,48560.91,1.0,4.0
5665758,5.0,68.0,35.5,Unknown,3.0,72748.18,6.0,9.0
2110855,15.0,186.0,56.0,Male,2.0,29082.51,1.0,4.0
8763376,7.0,93.0,52.0,Female,2.0,65619.39,1.0,4.0
8404665,12.0,155.0,28.0,Female,2.0,36552.18,3.0,6.0
2197515,11.0,140.0,28.5,Male,2.0,93891.74,4.0,7.0
8109588,23.0,277.0,55.5,Female,4.0,325303.89,5.0,8.0
8035158,21.0,259.0,51.0,Female,2.0,119723.45,3.0,6.0
4139631,21.0,255.0,54.0,Male,4.0,129650.88,2.0,5.0
8255655,20.0,251.0,50.5,Male,2.0,31205.66,3.0,6.0
7250841,18.0,226.0,51.0,Female,2.0,77526.73999999999,0.0,3.0
2281108,18.0,222.0,47.0,Female,3.0,348234.31,3.0,6.0
961681,9.0,119.0,77.0,Female,2.0,306142.46,6.0,9.0
525348,32.0,395.0,52.5,Female,3.0,1598990.73,2.0,5.0
9647951,11.0,135.0,45.5,Male,2.0,59576.12,0.0,3.0
7361202,6.0,75.0,34.5,Unknown,3.0,64532.89,6.0,9.0
8870404,12.0,152.0,57.0,Female,2.0,331128.22,6.0,9.0
5744987,9.0,114.0,24.5,Female,2.0,34773.6,0.0,3.0
5243201,15.0,189.0,55.5,Male,3.0,1334865.44,1.0,5.0
2481306,5.0,61.0,59.5,Female,2.0,25923.97,3.0,6.0
8290113,5.0,71.0,22.5,Unknown,2.0,35879.96,2.0,5.0
6219579,26.0,321.0,31.5,Male,2.0,36155.7,0.0,3.0
9985926,6.0,72.0,59.0,Unknown,2.0,37967.09,3.0,6.0
3734746,8.0,105.0,57.5,Female,2.0,1042973.68,6.0,9.0
8413895,16.0,192.0,53.0,Male,2.0,27029.3,2.0,5.0
6514711,6.0,81.0,35.5,Unknown,2.0,34737.42,2.0,5.0
6309838,13.0,160.0,72.0,Female,2.0,290073.61,3.0,6.0
620503,13.0,162.0,59.0,Female,2.0,27452.97,0.0,3.0
1545778,8.0,100.0,65.5,Male,2.0,203493.94,4.0,7.0
4971662,6.0,76.0,20.5,Male,2.0,100961.01,6.0,9.0
6279335,6.0,74.0,68.0,Unknown,2.0,55904.34,3.0,6.0
9265934,13.0,162.0,30.0,Female,2.0,31457.68,0.0,3.0
7780499,28.0,346.0,67.5,Female,2.0,63186.85,3.0,6.0
7277156,4.0,59.0,46.0,Male,2.0,517717.7,1.0,4.0
6576498,7.0,91.0,56.5,Unknown,2.0,24634.8,2.0,5.0
5853478,5.0,68.0,34.5,Unknown,4.0,64502.05,6.0,9.0
7999292,11.0,136.0,61.0,Male,2.0,128702.13,4.0,7.0
5885503,5.0,65.0,25.0,Unknown,2.0,27553.22,2.0,5.0
2671678,16.0,192.0,34.0,Female,2.0,42207.09,3.0,6.0
6576742,12.0,146.0,66.5,Male,2.0,383102.42,3.0,6.0
6629347,26.0,313.0,48.5,Male,4.0,204190.99,6.0,9.0
6670096,32.0,390.0,64.5,Male,4.0,1350742.47,6.0,9.0
226234,4.0,57.0,47.0,Female,4.0,156547.3,6.0,9.0
5813942,6.0,74.0,30.0,Unknown,2.0,64650.49,4.0,7.0
2809450,18.0,222.0,63.5,Female,2.0,84299.32,6.0,9.0
9931960,5.0,65.0,19.5,Unknown,2.0,26970.14,6.0,9.0
6328234,5.0,69.0,23.5,Female,3.0,85877.94,6.0,9.0
39566,8.0,106.0,32.5,Male,3.0,41781.78999999999,3.0,6.0
7065902,5.0,67.0,33.5,Unknown,3.0,52810.28,3.0,6.0
3025507,48.0,581.0,45.0,Male,3.0,104398.94,4.0,7.0
7977396,5.0,70.0,61.0,Unknown,2.0,59640.97,1.0,4.0
7481357,5.0,60.0,25.0,Unknown,3.0,60499.47,6.0,9.0
8843041,4.0,54.0,37.0,Female,2.0,26371.52,0.0,3.0
1423566,24.0,290.0,56.0,Male,4.0,395662.67,6.0,9.0
1752228,23.0,286.0,55.5,Male,2.0,105236.51,6.0,9.0
1062544,21.0,253.0,52.0,Female,3.0,91558.95,2.0,5.0
395960,20.0,247.0,58.5,Female,4.0,376061.52,5.0,8.0
7043979,18.0,227.0,71.0,Female,2.0,133843.66999999998,6.0,9.0
7812509,16.0,201.0,44.5,Male,3.0,59821.11,2.0,5.0
8424645,4.0,56.0,67.0,Unknown,3.0,199513.62,6.0,9.0
768105,5.0,60.0,66.5,Male,2.0,63328.99,1.0,4.0
2253299,9.0,115.0,36.5,Female,2.0,43426.9,0.0,3.0
537200,14.0,178.0,60.5,Female,3.0,109234.25,5.0,8.0
3408953,6.0,83.0,62.5,Unknown,2.0,118480.96,6.0,9.0
414149,8.0,102.0,39.5,Unknown,2.0,25165.68,0.0,3.0
579500,27.0,326.0,65.5,Female,2.0,69745.35,4.0,7.0
3623679,15.0,188.0,61.0,Female,2.0,143152.9,2.0,5.0
4598396,4.0,57.0,33.0,Unknown,3.0,76214.51,6.0,9.0
1697143,10.0,131.0,31.5,Male,2.0,36603.42,1.0,4.0
7070096,16.0,197.0,44.5,Female,2.0,180449.25,2.0,5.0
9892711,8.0,107.0,60.0,Unknown,2.0,46309.85,4.0,7.0
8746688,5.0,67.0,17.5,Unknown,2.0,31244.57,2.0,6.0
6335787,4.0,57.0,62.5,Female,2.0,72383.56,6.0,9.0
3667184,14.0,179.0,44.0,Female,2.0,76827.15,6.0,9.0
6314742,7.0,95.0,50.0,Male,2.0,215507.14,6.0,9.0
7883658,10.0,124.0,46.0,Unknown,2.0,52602.17999999999,2.0,5.0
4104207,8.0,107.0,45.0,Female,3.0,66109.13,1.0,4.0
8347580,6.0,83.0,31.5,Unknown,2.0,25594.39,2.0,5.0
8471133,8.0,106.0,27.0,Male,3.0,153075.91,6.0,9.0
4687047,23.0,276.0,44.0,Female,2.0,194774.44,4.0,7.0
2853115,10.0,121.0,27.5,Male,3.0,149208.03,2.0,5.0
15807,4.0,55.0,27.0,Female,2.0,59259.9,3.0,6.0
7866354,16.0,201.0,52.5,Female,2.0,31103.89,3.0,6.0
4170203,13.0,156.0,36.5,Male,3.0,105148.13,5.0,8.0
6189129,4.0,57.0,63.5,Male,2.0,461234.4,6.0,9.0
3181109,28.0,347.0,56.0,Male,2.0,116536.26,5.0,8.0
1511907,13.0,165.0,44.0,Unknown,3.0,150078.38,6.0,9.0
4074905,7.0,85.0,67.0,Unknown,2.0,40115.7,3.0,6.0
8990384,5.0,64.0,28.0,Unknown,2.0,49778.56,0.0,4.0
648612,8.0,101.0,34.5,Unknown,2.0,47718.02,1.0,4.0
4620546,7.0,85.0,58.5,Unknown,2.0,72627.63,0.0,3.0
5753951,5.0,70.0,27.0,Unknown,2.0,27940.9,0.0,3.0
2852533,9.0,119.0,61.5,Female,2.0,43939.41,3.0,6.0
244941,22.0,273.0,78.5,Male,2.0,161285.87,2.0,5.0
386383,22.0,270.0,53.5,Male,2.0,209926.61,0.0,3.0
6921532,22.0,268.0,55.0,Female,2.0,54364.98,0.0,3.0
363428,21.0,256.0,58.5,Female,2.0,115671.61,1.0,4.0
9105902,20.0,248.0,73.0,Female,2.0,67450.01999999999,3.0,6.0
6411786,17.0,204.0,75.0,Unknown,2.0,108555.7,5.0,8.0
7724271,4.0,57.0,29.5,Male,2.0,69773.48999999999,1.0,4.0
9001291,6.0,73.0,61.5,Unknown,4.0,1106651.8199999998,6.0,9.0
1041695,7.0,85.0,35.5,Unknown,2.0,31239.39,0.0,3.0
340947,11.0,133.0,50.0,Male,2.0,30454.31,2.0,5.0
8634430,11.0,142.0,24.0,Female,3.0,78355.51999999999,2.0,5.0
4213972,7.0,85.0,56.0,Unknown,3.0,53334.53,2.0,5.0
8380519,6.0,82.0,62.0,Unknown,2.0,24885.28,6.0,9.0
7189412,4.0,59.0,32.5,Unknown,2.0,30849.58,0.0,3.0
4105118,17.0,204.0,54.5,Male,2.0,2602938.73,3.0,6.0
6718109,5.0,60.0,60.0,Female,3.0,30520.1,1.0,4.0
5418992,13.0,157.0,58.5,Male,2.0,113500.19,1.0,4.0
7066840,27.0,327.0,81.0,Male,2.0,104210.76,1.0,4.0
3520805,8.0,104.0,27.0,Male,3.0,55986.84,4.0,7.0
6219218,16.0,195.0,68.5,Male,2.0,29582.99,2.0,5.0
4931650,12.0,154.0,70.0,Male,2.0,70942.88,0.0,3.0
3900521,13.0,157.0,62.5,Female,2.0,117470.94,2.0,5.0
3631101,5.0,70.0,25.5,Unknown,2.0,37197.3,0.0,4.0
4827135,15.0,180.0,57.5,Male,3.0,214140.82,6.0,9.0
9852362,11.0,142.0,79.0,Male,2.0,64957.42,2.0,5.0
9206652,14.0,178.0,58.5,Female,2.0,56664.15,0.0,3.0
819730,11.0,141.0,54.5,Female,2.0,95216.2,3.0,6.0
5328130,5.0,71.0,49.0,Unknown,2.0,26377.22,0.0,3.0
1862858,6.0,72.0,35.0,Unknown,3.0,51686.02,6.0,9.0
7146910,13.0,164.0,43.5,Male,2.0,23967.28,6.0,9.0
803233,13.0,161.0,62.0,Female,2.0,86899.29999999999,3.0,6.0
6737681,7.0,89.0,61.0,Unknown,2.0,112730.98,2.0,5.0
8268645,14.0,174.0,30.0,Female,2.0,42480.21,1.0,4.0
7407868,9.0,116.0,64.0,Male,2.0,176382.47999999998,3.0,6.0
8918473,6.0,79.0,23.0,Female,2.0,26160.81,1.0,4.0
5815864,15.0,189.0,46.0,Female,2.0,28590.56,6.0,9.0
8551738,6.0,82.0,60.5,Unknown,2.0,64157.38,1.0,4.0
7282833,13.0,166.0,32.5,Male,3.0,74345.75,6.0,9.0
5427647,4.0,56.0,59.5,Female,2.0,43173.87,2.0,5.0
9154808,11.0,136.0,36.0,Male,2.0,44736.75,3.0,6.0
5732460,22.0,275.0,68.5,Male,3.0,1185916.03,6.0,9.0
2426670,22.0,268.0,62.5,Female,2.0,37230.69,0.0,3.0
7016269,22.0,265.0,41.5,Female,3.0,227706.95,1.0,4.0
7063896,22.0,265.0,57.0,Male,3.0,62992.43,0.0,3.0
6696830,21.0,255.0,71.0,Male,2.0,268048.55,4.0,7.0
3203669,20.0,250.0,58.0,Female,2.0,199017.72,4.0,7.0
1881766,21.0,252.0,49.0,Female,2.0,66642.23999999999,6.0,9.0
7549559,19.0,231.0,39.0,Female,4.0,704503.93,1.0,4.0
3790873,17.0,214.0,34.5,Female,3.0,151578.49,5.0,8.0
7700346,10.0,125.0,48.5,Female,2.0,163712.90000000002,1.0,4.0
6722816,6.0,72.0,28.0,Unknown,2.0,31071.68,5.0,8.0
9092574,13.0,163.0,57.5,Female,2.0,172727.27000000002,1.0,5.0
3081313,9.0,110.0,56.0,Female,2.0,1141567.99,2.0,5.0
9535940,13.0,160.0,42.5,Female,2.0,166297.89,4.0,7.0
667217,8.0,105.0,66.0,Female,2.0,39292.35,3.0,6.0
3721028,5.0,64.0,21.5,Unknown,2.0,44792.28,0.0,3.0
9798901,5.0,69.0,68.0,Unknown,2.0,85448.23999999999,6.0,9.0
7842994,6.0,81.0,25.5,Unknown,2.0,34219.41,2.0,5.0
550972,6.0,73.0,54.0,Unknown,2.0,231064.47,2.0,5.0
5161383,11.0,139.0,51.5,Female,2.0,56798.65,0.0,3.0
709439,15.0,180.0,59.0,Female,2.0,42083.92,4.0,7.0
9881287,18.0,222.0,65.5,Female,2.0,53405.87,4.0,7.0
9758002,6.0,83.0,26.0,Unknown,2.0,63366.87,1.0,4.0
2124271,22.0,264.0,48.0,Female,2.0,63987.05,6.0,9.0
9356954,9.0,109.0,33.0,Female,2.0,79580.26999999999,4.0,7.0
1006981,5.0,67.0,45.5,Unknown,2.0,36467.01,3.0,6.0
7881522,12.0,146.0,28.0,Male,4.0,68791.88,5.0,8.0
3672044,4.0,58.0,65.5,Unknown,2.0,30475.46,1.0,4.0
2892201,15.0,190.0,61.5,Male,2.0,34995.47,1.0,4.0
6846221,8.0,96.0,69.5,Unknown,2.0,48989.75,6.0,9.0
6608434,15.0,190.0,33.5,Male,4.0,139432.84,6.0,9.0
6814823,4.0,56.0,25.5,Unknown,2.0,37699.59,6.0,9.0
6460298,8.0,106.0,39.5,Female,2.0,31594.62,1.0,4.0
8922549,18.0,219.0,72.5,Female,2.0,116830.88,6.0,9.0
953053,8.0,100.0,20.5,Unknown,2.0,42294.38,0.0,3.0
4385896,9.0,117.0,65.5,Female,2.0,38114.42,3.0,7.0
8238658,7.0,84.0,32.5,Unknown,4.0,54540.92999999999,6.0,9.0
985546,7.0,88.0,47.5,Unknown,2.0,30271.75,6.0,9.0
6172425,7.0,92.0,58.5,Unknown,2.0,272768.1,3.0,6.0
7525098,9.0,113.0,29.0,Female,2.0,55289.55,4.0,7.0
1562630,14.0,172.0,41.0,Male,2.0,134584.14,6.0,9.0
4477890,9.0,109.0,43.5,Female,2.0,30640.42,0.0,3.0
1025703,23.0,277.0,39.5,Female,2.0,158713.69,3.0,6.0
9480602,21.0,253.0,53.5,Male,3.0,238747.68,5.0,8.0
9273581,21.0,253.0,50.0,Male,2.0,23796.06,5.0,8.0
8694252,19.0,237.0,51.0,Unknown,2.0,46492.28999999999,2.0,5.0
4319645,19.0,237.0,60.5,Female,2.0,52298.02,3.0,6.0
4384973,17.0,214.0,47.5,Female,2.0,37604.06,6.0,9.0
8164635,18.0,224.0,50.5,Female,2.0,47743.97,3.0,6.0
83158,16.0,196.0,54.5,Female,2.0,65664.87,0.0,3.0
9311990,11.0,142.0,61.0,Male,2.0,102040.24,3.0,6.0
1141272,5.0,63.0,67.0,Unknown,2.0,57395.43,5.0,8.0
5539171,4.0,58.0,28.0,Unknown,2.0,44431.78,0.0,3.0
1917199,6.0,74.0,29.5,Unknown,2.0,41746.69,0.0,3.0
389384,5.0,71.0,38.5,Male,2.0,36600.3,0.0,3.0
7884677,12.0,151.0,41.0,Male,3.0,345405.81,6.0,9.0
4542144,5.0,68.0,65.0,Unknown,2.0,49946.48,6.0,9.0
2430937,9.0,119.0,22.5,Male,2.0,29843.62,0.0,3.0
8540710,8.0,105.0,73.5,Female,2.0,161688.21000000002,2.0,5.0
3404053,9.0,119.0,62.0,Female,2.0,44037.83,1.0,4.0
6784404,20.0,250.0,42.0,Female,2.0,39885.21,0.0,3.0
992452,7.0,94.0,41.5,Unknown,2.0,56766.23,6.0,9.0
3198805,10.0,124.0,34.5,Male,2.0,34953.77,5.0,8.0
546158,6.0,78.0,70.5,Unknown,2.0,30550.68,5.0,8.0
1444258,5.0,67.0,29.5,Unknown,2.0,151200.76,6.0,9.0
9127287,13.0,159.0,26.0,Male,2.0,36371.34,0.0,3.0
7804859,10.0,125.0,40.5,Male,2.0,57794.93,2.0,5.0
235037,13.0,166.0,49.5,Male,2.0,32831.07,2.0,5.0
9429653,8.0,104.0,64.5,Female,2.0,222578.28,1.0,6.0
303497,4.0,59.0,56.5,Unknown,2.0,48225.67999999999,1.0,4.0
1642325,6.0,75.0,51.0,Unknown,2.0,26904.38,1.0,4.0
1472853,7.0,89.0,30.0,Male,2.0,36196.23,2.0,5.0
7916435,10.0,126.0,42.0,Male,2.0,41731.39,0.0,3.0
4846242,9.0,109.0,76.0,Female,2.0,56601.22,6.0,9.0
5297091,10.0,130.0,27.5,Unknown,2.0,35818.35,0.0,3.0
1174056,4.0,57.0,44.5,Male,3.0,512483.83,6.0,9.0
7812894,12.0,145.0,31.5,Male,3.0,41920.9,5.0,8.0
1348365,5.0,69.0,33.0,Unknown,2.0,26093.67,1.0,4.0
4237903,4.0,57.0,35.0,Unknown,3.0,49378.95,3.0,6.0
7967944,22.0,272.0,63.5,Female,2.0,30813.59,0.0,3.0
3751948,13.0,158.0,38.0,Female,2.0,191465.24,2.0,5.0
7698347,16.0,194.0,50.5,Male,3.0,69012.15,1.0,4.0
4302356,13.0,162.0,39.0,Female,2.0,24397.51,4.0,7.0
7409331,7.0,86.0,36.5,Unknown,3.0,86208.53,1.0,4.0
5508888,5.0,71.0,43.0,Unknown,2.0,35164.649999999994,3.0,6.0
9224081,13.0,158.0,47.5,Male,3.0,35892.06,2.0,5.0
9464747,4.0,53.0,59.0,Unknown,2.0,30030.25,3.0,6.0
8281933,16.0,194.0,70.0,Male,2.0,583476.03,6.0,9.0
665645,12.0,150.0,47.5,Female,2.0,32493.34,0.0,4.0
1104795,6.0,73.0,31.5,Unknown,2.0,52628.06,0.0,3.0
3228212,8.0,106.0,65.5,Unknown,2.0,115282.41,4.0,7.0
680405,9.0,119.0,44.0,Unknown,2.0,152856.21,0.0,3.0
3300186,18.0,223.0,49.5,Male,2.0,289394.27,5.0,8.0
1317607,8.0,101.0,34.0,Unknown,2.0,88929.94,5.0,8.0
4434024,18.0,216.0,55.5,Male,2.0,102425.19,4.0,7.0
1492595,14.0,169.0,52.5,Male,2.0,94428.41,0.0,3.0
1271991,8.0,104.0,78.0,Unknown,2.0,82392.42,0.0,4.0
1433776,8.0,97.0,39.5,Unknown,2.0,56141.44,0.0,3.0
8150905,13.0,167.0,53.0,Male,2.0,23789.54,0.0,3.0
9844338,7.0,94.0,59.5,Unknown,2.0,74696.69,0.0,3.0
2372658,16.0,193.0,71.0,Female,3.0,136718.9,4.0,7.0
7812240,23.0,280.0,71.0,Female,4.0,190845.84000000003,4.0,7.0
2884350,23.0,277.0,55.0,Male,5.0,1845286.27,6.0,9.0
9612048,22.0,271.0,57.0,Male,2.0,83661.54999999999,0.0,3.0
7240096,22.0,264.0,72.0,Male,3.0,461975.94,6.0,9.0
620269,18.0,217.0,48.0,Male,2.0,179650.31,5.0,8.0
733449,17.0,204.0,65.0,Male,3.0,101398.87,3.0,6.0
4984883,9.0,118.0,35.5,Female,2.0,26402.41,0.0,3.0
5454195,4.0,58.0,46.5,Unknown,2.0,42644.84,4.0,7.0
9358626,5.0,69.0,24.5,Unknown,2.0,43999.16,6.0,9.0
54291,14.0,176.0,54.5,Male,2.0,31387.6,2.0,5.0
9461535,6.0,72.0,52.0,Unknown,2.0,53062.41,6.0,9.0
8042531,7.0,95.0,53.5,Unknown,2.0,53544.05,4.0,7.0
1147875,10.0,127.0,53.5,Male,2.0,55811.42,2.0,5.0
7938516,5.0,66.0,41.0,Unknown,3.0,50665.84,2.0,5.0
8883596,6.0,82.0,37.0,Unknown,2.0,59310.44,4.0,7.0
6313228,5.0,71.0,31.5,Unknown,2.0,74559.94,0.0,3.0
6366590,4.0,57.0,43.5,Unknown,3.0,27320.42,3.0,6.0
7827311,15.0,181.0,49.0,Female,2.0,171305.93,3.0,6.0
3919516,16.0,192.0,48.5,Female,3.0,245204.96,6.0,9.0
6615698,10.0,120.0,59.0,Female,3.0,118395.36,2.0,5.0
1647585,4.0,57.0,23.0,Unknown,2.0,143396.3,3.0,6.0
6692452,7.0,89.0,35.0,Unknown,2.0,64548.38,2.0,5.0
6153026,14.0,176.0,57.0,Male,2.0,95381.18,6.0,9.0
9764702,22.0,269.0,58.5,Female,2.0,92318.33,0.0,3.0
5907969,7.0,86.0,44.0,Unknown,2.0,40253.44,2.0,5.0
520592,7.0,85.0,67.5,Unknown,3.0,437007.57,3.0,6.0
157209,4.0,58.0,63.5,Male,2.0,146564.77000000002,0.0,3.0
9744267,5.0,65.0,58.0,Unknown,2.0,67346.98999999999,5.0,8.0
4010670,6.0,78.0,27.0,Unknown,2.0,27816.12,5.0,8.0
9838634,5.0,66.0,68.0,Female,2.0,85471.08,5.0,8.0
7232812,4.0,57.0,35.5,Unknown,3.0,27210.34,1.0,4.0
7032521,5.0,66.0,70.5,Male,2.0,105267.2,0.0,4.0
1529647,7.0,94.0,59.5,Unknown,2.0,49453.36,1.0,4.0
5632368,25.0,302.0,27.0,Female,2.0,28492.71,6.0,9.0
7313084,27.0,335.0,49.5,Male,3.0,91817.83,2.0,5.0
1526574,16.0,194.0,64.0,Female,2.0,32287.38,0.0,3.0
4419177,5.0,60.0,57.5,Female,2.0,31195.42,0.0,3.0
4231415,5.0,71.0,55.0,Unknown,2.0,58121.34,0.0,3.0
1291022,3.0,46.0,58.5,Unknown,2.0,63258.17,6.0,9.0
1102283,12.0,145.0,38.5,Male,2.0,28127.71,3.0,6.0
3599890,8.0,97.0,69.5,Unknown,2.0,44763.0,0.0,3.0
7422021,5.0,60.0,31.5,Unknown,2.0,36496.91,3.0,6.0
8778070,6.0,83.0,40.0,Unknown,2.0,105529.62,1.0,4.0
4025195,15.0,189.0,48.0,Female,2.0,67058.54999999999,6.0,9.0
5959352,16.0,197.0,59.0,Female,2.0,110894.58,0.0,3.0
5275276,6.0,83.0,32.0,Unknown,2.0,39487.48,6.0,9.0
9629572,4.0,59.0,34.0,Unknown,4.0,148911.7,6.0,9.0
1660648,19.0,237.0,38.5,Male,2.0,53807.41,1.0,4.0
5216796,5.0,62.0,58.5,Female,2.0,84941.79000000001,6.0,9.0
6348972,5.0,70.0,50.5,Unknown,2.0,28922.85,3.0,6.0
2487224,5.0,70.0,24.0,Unknown,3.0,39683.33,6.0,9.0
8198121,12.0,145.0,52.5,Female,2.0,118783.78,6.0,9.0
8920170,22.0,272.0,60.5,Female,2.0,196748.62,4.0,7.0
9912415,22.0,269.0,78.5,Female,2.0,310023.66,5.0,8.0
2473975,21.0,262.0,56.0,Female,2.0,135366.66,5.0,8.0
2503742,21.0,252.0,73.0,Male,5.0,1264474.73,0.0,7.0
4006955,23.0,279.0,69.0,Male,2.0,471433.37,5.0,8.0
8073745,20.0,240.0,51.0,Male,2.0,89133.73,2.0,5.0
3970184,18.0,221.0,42.5,Unknown,2.0,101103.96,0.0,3.0
3834428,17.0,214.0,60.0,Male,3.0,193851.99,6.0,9.0
6170194,16.0,203.0,69.5,Female,2.0,323138.91,5.0,8.0
1768737,14.0,175.0,44.5,Male,2.0,79749.26,0.0,3.0
3229214,8.0,97.0,45.5,Unknown,2.0,30186.42,3.0,6.0
1289169,5.0,70.0,47.5,Unknown,2.0,47101.51,2.0,5.0
5426051,20.0,249.0,58.5,Female,2.0,308097.07,5.0,8.0
6391543,9.0,109.0,31.0,Male,3.0,78368.45999999999,6.0,9.0
392725,9.0,115.0,31.5,Male,2.0,63202.62,4.0,7.0
7968592,9.0,119.0,25.5,Unknown,2.0,43993.22,6.0,9.0
4045265,5.0,68.0,25.0,Male,2.0,34501.31,6.0,9.0
9409908,6.0,74.0,31.5,Unknown,2.0,35939.149999999994,1.0,6.0
836990,28.0,345.0,45.5,Unknown,2.0,34321.259999999995,0.0,3.0
5946478,13.0,158.0,24.0,Female,2.0,149676.25,2.0,5.0
7890472,6.0,74.0,51.5,Unknown,2.0,241887.56,3.0,6.0
2081914,4.0,51.0,40.0,Unknown,2.0,32292.07,6.0,9.0
6822514,15.0,185.0,44.0,Female,2.0,36172.24,3.0,6.0
9919765,15.0,189.0,46.0,Male,2.0,183947.26,3.0,6.0
1100496,4.0,59.0,28.0,Unknown,2.0,30363.07,2.0,5.0
1538765,16.0,199.0,30.5,Male,4.0,166941.22999999998,6.0,9.0
4025570,12.0,155.0,52.0,Female,2.0,95245.48,5.0,8.0
2950030,13.0,163.0,49.0,Female,2.0,127342.37,6.0,9.0
1096870,5.0,70.0,23.0,Unknown,2.0,34028.18,0.0,3.0
2316975,5.0,71.0,27.5,Unknown,2.0,50133.49,1.0,4.0
541015,13.0,162.0,39.5,Male,3.0,54617.4,2.0,5.0
2898903,4.0,58.0,29.0,Unknown,2.0,30684.56,6.0,9.0
6220778,13.0,162.0,39.5,Male,2.0,131544.84999999998,4.0,7.0
5700880,5.0,61.0,32.5,Unknown,2.0,26079.97,2.0,5.0
8340333,16.0,194.0,30.5,Male,4.0,357774.29,6.0,9.0
1682826,32.0,388.0,75.5,Male,5.0,2806817.53,4.0,8.0
1966484,5.0,65.0,35.0,Unknown,2.0,79408.22,0.0,3.0
2710557,10.0,121.0,27.0,Female,2.0,45601.28,2.0,5.0
9600752,7.0,84.0,78.0,Unknown,2.0,184478.86,2.0,5.0
7033293,5.0,65.0,18.0,Unknown,2.0,24115.13,2.0,5.0
1610849,9.0,117.0,38.0,Male,4.0,99732.71,6.0,9.0
9026696,14.0,174.0,39.0,Unknown,2.0,69238.31,2.0,5.0
892234,7.0,95.0,79.0,Unknown,2.0,40755.96,2.0,5.0
9557849,8.0,107.0,48.0,Female,4.0,233639.29,5.0,8.0
4783870,6.0,73.0,22.5,Unknown,2.0,28501.2,1.0,4.0
5986716,16.0,192.0,72.0,Female,2.0,121084.84,5.0,8.0
5479150,11.0,135.0,67.5,Male,2.0,120267.52,1.0,4.0
4517591,27.0,324.0,28.0,Male,2.0,31837.44,2.0,5.0
2687251,13.0,165.0,30.5,Female,2.0,125449.91,1.0,4.0
6974740,23.0,283.0,54.0,Female,4.0,1812697.55,6.0,9.0
4424945,21.0,262.0,83.5,Male,2.0,322841.66,4.0,7.0
7233189,21.0,253.0,64.0,Male,3.0,1364428.2999999998,6.0,9.0
2733173,20.0,250.0,33.0,Male,2.0,33075.27,6.0,9.0
7191334,20.0,249.0,29.5,Male,2.0,24944.76,2.0,5.0
4859799,20.0,248.0,43.0,Unknown,3.0,257991.93,6.0,9.0
7602333,18.0,224.0,40.0,Male,3.0,248515.93,4.0,7.0
2154960,18.0,217.0,55.0,Unknown,2.0,126868.28,3.0,6.0
2021214,18.0,216.0,44.0,Female,2.0,73723.38,0.0,3.0
9052716,12.0,150.0,29.5,Female,2.0,44288.89,6.0,9.0
9964910,12.0,154.0,66.0,Female,2.0,149095.07,1.0,4.0
1238919,5.0,65.0,44.0,Unknown,2.0,93354.71,0.0,3.0
7827687,15.0,189.0,43.0,Male,4.0,413028.13,1.0,4.0
8057419,26.0,317.0,33.0,Male,3.0,165492.53999999998,5.0,8.0
2337837,15.0,186.0,35.0,Male,3.0,155539.74,6.0,9.0
1320603,5.0,67.0,28.5,Unknown,2.0,26381.27,5.0,8.0
9906955,5.0,66.0,36.0,Unknown,2.0,64944.12,2.0,5.0
8773892,6.0,81.0,22.0,Male,2.0,37673.3,3.0,6.0
7404943,16.0,194.0,39.0,Male,2.0,79449.16,0.0,3.0
3472080,15.0,190.0,61.0,Female,2.0,166369.55,5.0,8.0
7867848,6.0,74.0,26.5,Unknown,2.0,60776.8,6.0,9.0
4820914,5.0,68.0,70.0,Unknown,2.0,183574.05,2.0,5.0
283734,6.0,73.0,67.5,Female,2.0,310318.28,1.0,4.0
350524,16.0,193.0,33.5,Male,2.0,56194.06,5.0,8.0
4839092,8.0,96.0,27.5,Unknown,2.0,33049.36,0.0,3.0
4406423,6.0,72.0,26.0,Male,3.0,39541.75,6.0,9.0
5435160,32.0,391.0,36.5,Unknown,3.0,129201.56,4.0,7.0
3882806,13.0,166.0,41.5,Female,2.0,158196.7,3.0,6.0
6273012,9.0,113.0,42.5,Male,2.0,79968.98,1.0,4.0
6606171,6.0,82.0,37.5,Unknown,2.0,90221.31,1.0,4.0
3761832,6.0,75.0,37.5,Unknown,2.0,83663.72,6.0,9.0
8821351,8.0,107.0,23.5,Male,2.0,54508.67,2.0,5.0
8694873,14.0,174.0,28.5,Male,2.0,60653.06,6.0,9.0
7483773,14.0,170.0,50.0,Female,2.0,47605.13,6.0,9.0
9873924,8.0,107.0,48.5,Male,2.0,109910.0,0.0,3.0
8738973,5.0,67.0,48.5,Unknown,2.0,558985.92,4.0,7.0
671383,4.0,58.0,26.5,Unknown,2.0,60549.42,5.0,8.0
1106303,9.0,113.0,29.5,Female,2.0,55976.26,6.0,9.0
5538179,5.0,70.0,23.5,Unknown,3.0,75313.65,3.0,6.0
2367065,6.0,80.0,26.5,Male,2.0,45734.2,6.0,9.0
8066998,36.0,442.0,68.0,Female,2.0,63776.5,2.0,5.0
2501151,6.0,73.0,42.5,Female,2.0,44401.51,0.0,3.0
8161973,16.0,192.0,72.0,Female,2.0,47818.51,5.0,8.0
7633079,13.0,164.0,27.5,Female,2.0,45031.57,3.0,6.0
730497,10.0,125.0,27.5,Male,2.0,53285.34,6.0,9.0
9040013,8.0,106.0,66.5,Female,2.0,42217.56,2.0,5.0
7677373,27.0,325.0,53.0,Male,5.0,325593.03,6.0,9.0
7314900,7.0,84.0,59.5,Unknown,2.0,299210.01,6.0,9.0
4809354,4.0,59.0,21.5,Unknown,2.0,49102.5,2.0,5.0
7833991,5.0,70.0,57.5,Unknown,2.0,42621.0,4.0,8.0
8102582,11.0,139.0,40.0,Male,2.0,67744.86,2.0,5.0
389358,8.0,96.0,41.0,Female,3.0,196747.63,1.0,4.0
9420690,15.0,186.0,53.5,Male,2.0,62776.06,4.0,7.0
7223068,5.0,71.0,29.5,Unknown,2.0,47246.32,6.0,9.0
1772744,6.0,83.0,45.5,Unknown,2.0,32955.6,2.0,5.0
3826483,13.0,158.0,34.0,Female,2.0,42514.73,0.0,3.0
1446719,6.0,72.0,42.5,Unknown,2.0,56833.68,2.0,5.0
3756644,21.0,252.0,36.5,Male,3.0,366020.5,0.0,3.0
8732751,20.0,250.0,56.5,Female,3.0,863740.3500000001,2.0,5.0
8703833,20.0,246.0,47.0,Female,2.0,291546.34,6.0,9.0
3606933,20.0,244.0,32.0,Male,2.0,120033.06,2.0,5.0
207387,34.0,408.0,75.0,Female,2.0,1527807.52,2.0,5.0
3703821,12.0,146.0,31.0,Female,2.0,39561.08,0.0,3.0
143688,7.0,85.0,46.5,Unknown,2.0,85853.87,2.0,5.0
6774962,7.0,93.0,29.5,Male,2.0,81226.54000000001,6.0,9.0
3149390,13.0,160.0,35.5,Female,2.0,134006.95,6.0,9.0
2770274,16.0,202.0,57.5,Female,2.0,40176.42,3.0,6.0
9573863,17.0,215.0,50.5,Female,3.0,148090.7,5.0,8.0
9531073,13.0,166.0,46.0,Female,2.0,61771.37,0.0,3.0
6115276,12.0,152.0,58.0,Male,2.0,130251.98,3.0,6.0
9683032,6.0,83.0,64.0,Unknown,3.0,930327.61,5.0,8.0
5144248,16.0,203.0,33.5,Female,2.0,91849.14,3.0,6.0
9607461,4.0,59.0,76.5,Unknown,2.0,32122.29,6.0,9.0
6913436,16.0,201.0,43.5,Female,2.0,112358.7,6.0,9.0
4166764,5.0,70.0,50.0,Unknown,2.0,45566.3,3.0,6.0
35091,7.0,85.0,24.0,Unknown,2.0,28881.02,0.0,3.0
1840578,4.0,57.0,30.5,Unknown,2.0,70642.65,6.0,9.0
9285946,13.0,158.0,32.0,Male,2.0,36089.99,4.0,7.0
3235641,8.0,98.0,45.5,Female,2.0,44848.08,1.0,4.0
979164,6.0,83.0,78.5,Unknown,2.0,176844.09999999998,6.0,9.0
7853438,10.0,125.0,53.5,Male,2.0,31578.03,3.0,6.0
2276090,8.0,101.0,28.0,Unknown,2.0,34946.02,2.0,5.0
373892,8.0,103.0,25.5,Male,2.0,25309.02,0.0,3.0
2100661,9.0,109.0,56.5,Female,2.0,309977.44,3.0,6.0
6631920,6.0,80.0,26.0,Unknown,2.0,52412.51,1.0,4.0
319514,16.0,195.0,64.5,Male,4.0,933735.76,6.0,9.0
5979365,10.0,126.0,69.5,Female,2.0,72656.98999999999,2.0,5.0
1859491,13.0,163.0,34.5,Female,2.0,36459.88,4.0,7.0
9655711,4.0,58.0,32.0,Unknown,2.0,31277.77,0.0,3.0
679314,7.0,85.0,63.0,Unknown,2.0,93070.46,0.0,3.0
7564510,4.0,54.0,22.0,Unknown,2.0,28556.56,0.0,3.0
5133382,14.0,177.0,21.5,Female,3.0,39321.25,3.0,6.0
8923376,6.0,77.0,57.0,Female,2.0,131206.07,6.0,9.0
9808183,6.0,80.0,30.0,Unknown,2.0,56259.61,5.0,8.0
33463,4.0,59.0,33.5,Unknown,2.0,41910.53999999999,2.0,5.0
6853744,5.0,71.0,23.0,Unknown,2.0,52729.51,2.0,5.0
6192766,7.0,84.0,64.5,Unknown,2.0,32085.1,5.0,8.0
1752337,5.0,69.0,29.5,Unknown,2.0,36036.49,1.0,4.0
5379193,9.0,115.0,28.5,Unknown,2.0,110759.84,2.0,5.0
7319663,7.0,86.0,25.0,Unknown,2.0,56297.03,0.0,3.0
7340401,6.0,83.0,52.0,Unknown,2.0,196482.98,3.0,6.0
2341480,7.0,94.0,56.5,Unknown,2.0,27111.17,0.0,3.0
9252902,17.0,208.0,46.0,Male,2.0,232519.42,6.0,9.0
4829849,5.0,60.0,63.5,Unknown,2.0,139128.06,1.0,4.0
5363561,4.0,59.0,21.5,Unknown,2.0,39799.81,5.0,8.0
3510217,5.0,71.0,57.0,Unknown,2.0,26339.4,5.0,8.0
5992389,4.0,58.0,63.0,Male,3.0,31708.01,1.0,4.0
754987,45.0,550.0,70.0,Female,2.0,93784.69,3.0,6.0
6050920,8.0,98.0,48.5,Unknown,2.0,60757.28,0.0,3.0
7043532,25.0,300.0,54.5,Female,2.0,36127.84,3.0,6.0
5958130,23.0,287.0,73.0,Unknown,2.0,95265.56,5.0,8.0
1666074,21.0,255.0,77.5,Unknown,2.0,122744.14,1.0,4.0
684071,21.0,253.0,64.5,Female,5.0,177225.16999999998,0.0,3.0
3492512,20.0,251.0,71.0,Male,3.0,369054.21,6.0,9.0
3739896,20.0,247.0,24.0,Female,2.0,34552.7,3.0,6.0
1169570,17.0,210.0,39.0,Male,2.0,27643.9,6.0,9.0
2397250,6.0,78.0,35.5,Unknown,2.0,32068.39,0.0,3.0
6253013,8.0,101.0,35.0,Male,3.0,60911.09,3.0,6.0
9470219,26.0,322.0,63.5,Female,2.0,114188.89,2.0,5.0
1626836,15.0,181.0,47.0,Female,2.0,31571.35,6.0,9.0
383469,15.0,180.0,59.0,Male,4.0,1877442.2,6.0,9.0
5784236,7.0,93.0,59.0,Unknown,2.0,124476.51,5.0,8.0
319618,14.0,171.0,45.0,Female,2.0,70659.92,1.0,4.0
7242210,13.0,156.0,30.5,Female,4.0,194390.04,5.0,8.0
2234064,5.0,68.0,28.5,Male,3.0,66765.42,6.0,9.0
4468190,6.0,72.0,67.5,Unknown,2.0,40903.41,6.0,9.0
2357486,7.0,84.0,29.5,Unknown,2.0,60538.68,1.0,4.0
8083493,12.0,151.0,76.0,Male,2.0,155545.11,2.0,5.0
6253622,13.0,156.0,61.0,Male,5.0,194613.27,1.0,4.0
7033412,4.0,58.0,59.0,Unknown,2.0,50093.15,2.0,5.0
1852606,8.0,105.0,62.5,Female,2.0,96395.21,5.0,8.0
5201417,5.0,67.0,67.0,Unknown,2.0,58666.1,1.0,4.0
7062086,12.0,147.0,31.0,Female,4.0,123130.71,6.0,9.0
5086758,27.0,325.0,43.5,Male,3.0,141056.78999999998,3.0,6.0
3147586,11.0,140.0,40.0,Male,3.0,89441.76,5.0,8.0
5555416,14.0,175.0,54.0,Male,2.0,256245.19,3.0,6.0
5341221,4.0,56.0,53.5,Unknown,2.0,25409.82,6.0,9.0
1643125,11.0,136.0,35.5,Male,4.0,64111.36,6.0,9.0
7626947,7.0,93.0,23.5,Unknown,2.0,25156.08,0.0,3.0
3646669,6.0,83.0,67.0,Unknown,2.0,824664.37,3.0,6.0
9364875,4.0,56.0,33.0,Male,3.0,91594.11,5.0,8.0
3833976,17.0,213.0,44.0,Male,2.0,270907.51,6.0,9.0
8531948,27.0,335.0,55.0,Male,3.0,101897.91,2.0,5.0
8200722,16.0,194.0,45.0,Male,2.0,280490.47,6.0,9.0
7998714,7.0,87.0,23.0,Unknown,2.0,53455.52,6.0,9.0
8491121,8.0,99.0,27.5,Unknown,2.0,26258.77,4.0,7.0
8069761,8.0,107.0,26.5,Female,3.0,146078.02000000002,6.0,9.0
4417148,4.0,58.0,48.0,Unknown,2.0,41988.56,0.0,3.0
7829434,7.0,92.0,33.5,Unknown,2.0,162268.59999999998,0.0,3.0
1126201,6.0,75.0,24.0,Unknown,2.0,56516.83,5.0,8.0
1062722,8.0,107.0,25.5,Male,2.0,46885.16,6.0,9.0
4707688,5.0,61.0,48.0,Female,2.0,26608.06,0.0,3.0
7111677,9.0,109.0,40.5,Male,2.0,53596.56,0.0,3.0
5154397,9.0,119.0,33.5,Female,2.0,56906.37,1.0,4.0
7447954,16.0,197.0,63.5,Female,2.0,830018.3,6.0,9.0
9793339,13.0,157.0,32.0,Female,2.0,31286.97,0.0,3.0
4525231,7.0,86.0,47.5,Unknown,2.0,41137.6,4.0,7.0
4834169,11.0,136.0,34.0,Female,2.0,93821.49,6.0,9.0
199386,10.0,130.0,48.5,Unknown,2.0,65860.16,2.0,5.0
2036598,6.0,73.0,50.5,Unknown,2.0,30713.67,3.0,6.0
4914129,13.0,159.0,49.5,Female,2.0,36489.99,0.0,3.0
205273,5.0,66.0,30.5,Unknown,2.0,32548.8,1.0,4.0
3881207,14.0,175.0,62.0,Female,2.0,59223.45,0.0,3.0
1996537,7.0,84.0,72.0,Unknown,2.0,79144.76999999999,4.0,7.0
3767197,23.0,287.0,59.5,Male,3.0,77517.98,4.0,7.0
3673685,23.0,276.0,58.5,Unknown,2.0,90436.81,5.0,8.0
445481,22.0,275.0,74.5,Unknown,2.0,106930.99,0.0,3.0
8444884,22.0,268.0,60.0,Male,2.0,30967.13,0.0,3.0
4723532,21.0,255.0,44.0,Male,2.0,182276.6,6.0,9.0
5521831,19.0,235.0,60.0,Male,2.0,107199.34,1.0,4.0
908517,19.0,232.0,58.5,Male,2.0,71256.23,0.0,3.0
4698491,17.0,204.0,76.0,Female,2.0,371505.59,4.0,7.0
7415948,13.0,158.0,25.5,Male,2.0,64103.41,0.0,3.0
5774267,8.0,107.0,54.5,Female,3.0,46355.78999999999,3.0,6.0
4960794,5.0,61.0,79.5,Unknown,2.0,258133.26,5.0,8.0
3138783,13.0,161.0,35.5,Female,2.0,36531.46,0.0,3.0
720825,20.0,242.0,49.5,Male,2.0,223722.81,3.0,6.0
860349,13.0,158.0,32.0,Male,2.0,36089.36,1.0,4.0
7534652,6.0,82.0,28.0,Unknown,2.0,44184.78,2.0,5.0
5100840,15.0,186.0,27.5,Male,3.0,74643.6,6.0,9.0
5149899,15.0,190.0,56.0,Male,2.0,152942.55,6.0,9.0
2005018,5.0,64.0,23.0,Male,2.0,125583.89,6.0,9.0
4794158,8.0,106.0,40.0,Female,2.0,28663.69,3.0,6.0
480272,7.0,84.0,29.0,Unknown,2.0,39556.09,2.0,6.0
4966172,16.0,193.0,68.0,Male,2.0,168352.66999999998,5.0,8.0
7819786,4.0,58.0,49.0,Unknown,2.0,51756.15,3.0,6.0
3112487,7.0,91.0,93.0,Unknown,2.0,30461.89,6.0,9.0
5662833,14.0,178.0,42.0,Male,2.0,98564.41,1.0,4.0
4825865,9.0,116.0,61.5,Male,2.0,90698.85,6.0,9.0
5132085,15.0,182.0,74.5,Female,2.0,53029.09,2.0,5.0
1646603,5.0,71.0,53.5,Unknown,2.0,47687.84,1.0,4.0
4203682,13.0,156.0,34.5,Female,2.0,106164.16,6.0,9.0
5065836,11.0,139.0,57.0,Female,2.0,58158.5,0.0,3.0
7473225,8.0,98.0,57.5,Unknown,2.0,242564.81,6.0,9.0
3385968,12.0,154.0,45.0,Male,2.0,86211.76,3.0,6.0
8806990,3.0,47.0,42.5,Female,2.0,59656.04,1.0,4.0
2363600,9.0,108.0,46.0,Female,2.0,76227.65,1.0,4.0
4921288,6.0,72.0,51.0,Male,2.0,38942.2,6.0,9.0
7135151,10.0,121.0,35.5,Female,2.0,66127.76999999999,3.0,6.0
5662762,16.0,199.0,60.0,Male,2.0,51584.51,4.0,7.0
9139580,3.0,47.0,38.0,Female,2.0,49526.62,0.0,3.0
9220177,14.0,175.0,53.0,Unknown,2.0,47718.63,6.0,9.0
1832539,12.0,151.0,45.0,Female,2.0,93388.83,2.0,5.0
8235558,13.0,156.0,58.5,Female,2.0,83608.95999999999,2.0,6.0
9774375,11.0,142.0,36.5,Female,2.0,44410.39,2.0,5.0
2374902,11.0,136.0,22.5,Female,2.0,377527.6,2.0,5.0
2753930,14.0,169.0,22.5,Male,2.0,32415.5,6.0,9.0
5947847,6.0,80.0,29.5,Unknown,2.0,37374.45,1.0,4.0
4185812,15.0,185.0,63.5,Female,2.0,34939.23,1.0,4.0
1995060,15.0,190.0,34.5,Male,2.0,179747.02999999997,3.0,6.0
2187677,4.0,59.0,23.0,Unknown,2.0,40684.59,0.0,3.0
2052761,12.0,145.0,31.0,Male,2.0,67599.18,0.0,3.0
1269483,4.0,56.0,48.5,Unknown,3.0,43935.7,6.0,9.0
148347,16.0,199.0,60.5,Female,2.0,41412.39,6.0,9.0
2004961,21.0,262.0,39.5,Female,3.0,50750.33,3.0,6.0
667664,17.0,207.0,64.5,Male,3.0,90349.55,6.0,9.0
9478184,27.0,331.0,44.0,Male,2.0,53022.37,1.0,4.0
8106405,8.0,97.0,66.5,Unknown,2.0,34490.11,2.0,5.0
402509,5.0,70.0,36.5,Unknown,2.0,51554.48,0.0,3.0
3571812,14.0,179.0,27.5,Female,2.0,30935.0,0.0,3.0
4254085,6.0,76.0,64.5,Unknown,3.0,68726.42,5.0,8.0
365583,11.0,142.0,59.5,Male,2.0,80283.23999999999,1.0,4.0
6885780,25.0,305.0,67.0,Male,2.0,147522.28999999998,6.0,9.0
2200900,5.0,69.0,25.5,Female,3.0,80600.15,6.0,9.0
9057840,7.0,87.0,27.0,Unknown,2.0,29609.21,0.0,3.0
776137,14.0,176.0,74.5,Male,2.0,81434.76999999999,3.0,6.0
3476970,12.0,150.0,57.0,Female,2.0,120155.26,1.0,4.0
9638466,6.0,73.0,64.0,Unknown,2.0,51362.74,6.0,9.0
7642426,7.0,84.0,63.0,Unknown,2.0,35733.509999999995,0.0,3.0
7602445,12.0,153.0,31.0,Male,5.0,190185.54,5.0,8.0
6696565,4.0,59.0,28.5,Unknown,2.0,45264.67999999999,3.0,6.0
6327460,3.0,45.0,21.5,Unknown,3.0,85402.92,2.0,5.0
6485697,9.0,109.0,40.0,Male,2.0,233936.07,1.0,4.0
8266123,33.0,407.0,86.0,Male,2.0,177504.71999999997,3.0,6.0
9356922,6.0,78.0,43.5,Unknown,2.0,50814.67999999999,2.0,5.0
45510,7.0,84.0,31.5,Unknown,2.0,32355.59,6.0,9.0
8375505,4.0,50.0,64.0,Unknown,2.0,123485.34,6.0,9.0
8961892,7.0,90.0,60.5,Unknown,2.0,300704.74,6.0,9.0
3167339,5.0,69.0,53.5,Unknown,2.0,93984.31,0.0,3.0
584291,4.0,56.0,26.0,Unknown,3.0,73080.41,6.0,9.0
7845716,8.0,99.0,26.0,Male,2.0,29249.51,1.0,4.0
3092668,5.0,63.0,37.5,Female,2.0,104500.47,2.0,5.0
8232143,11.0,136.0,31.5,Female,2.0,81031.19,5.0,8.0
9465071,15.0,185.0,34.0,Male,2.0,25319.81,3.0,6.0
5147748,5.0,62.0,41.5,Unknown,2.0,44583.15,0.0,3.0
5598950,13.0,157.0,74.0,Female,2.0,47076.8,6.0,9.0
3194893,5.0,68.0,61.0,Female,2.0,32064.0,1.0,5.0
8409724,7.0,84.0,33.5,Unknown,2.0,58773.82,2.0,5.0
5671912,6.0,75.0,52.5,Unknown,2.0,46464.11,3.0,6.0
1549099,7.0,84.0,35.0,Unknown,2.0,149851.16,6.0,9.0
7694631,5.0,65.0,31.5,Unknown,2.0,39788.24,0.0,3.0
9114074,9.0,109.0,64.0,Male,2.0,29588.08,1.0,5.0
4368053,15.0,186.0,36.5,Female,3.0,62491.7,5.0,8.0
3237999,25.0,300.0,72.5,Male,4.0,525666.85,6.0,9.0
2152047,24.0,299.0,53.5,Male,2.0,65815.43,2.0,5.0
3591489,24.0,296.0,53.5,Male,3.0,187197.04,3.0,6.0
8565387,24.0,293.0,48.5,Male,2.0,53568.13,4.0,7.0
937877,25.0,303.0,54.5,Male,4.0,4269751.96,6.0,9.0
5372156,21.0,259.0,61.5,Female,2.0,84764.85,3.0,6.0
2572416,20.0,248.0,70.5,Female,2.0,107393.39,4.0,7.0
9595191,20.0,247.0,66.0,Female,5.0,222080.33,2.0,5.0
7356503,17.0,205.0,53.0,Female,3.0,124285.61,5.0,8.0
1569144,16.0,202.0,49.5,Male,4.0,402709.54,0.0,3.0
6858280,9.0,110.0,69.0,Male,2.0,88651.18,5.0,8.0
1969515,15.0,188.0,53.5,Male,2.0,57247.56,2.0,5.0
7416962,15.0,191.0,56.0,Male,2.0,28814.93,2.0,5.0
8735726,13.0,156.0,45.0,Male,2.0,38143.65,6.0,9.0
4812012,14.0,176.0,31.5,Male,3.0,41983.78,2.0,5.0
7921954,15.0,184.0,65.0,Female,2.0,105512.0,6.0,9.0
936490,7.0,94.0,49.0,Unknown,2.0,44706.37,1.0,4.0
1253453,12.0,154.0,32.0,Male,2.0,61491.96,1.0,4.0
5205973,5.0,60.0,47.5,Unknown,3.0,35135.2,4.0,7.0
4359043,9.0,118.0,24.0,Male,2.0,44937.02,2.0,5.0
4612297,16.0,193.0,33.0,Female,2.0,715456.16,4.0,7.0
54893,10.0,125.0,37.0,Male,2.0,76744.57,0.0,3.0
8120861,11.0,136.0,50.5,Female,2.0,107700.43,0.0,3.0
4112248,11.0,134.0,65.5,Male,2.0,253519.35,6.0,9.0
6322646,30.0,370.0,47.5,Female,4.0,771590.68,5.0,8.0
8913786,6.0,82.0,61.0,Unknown,2.0,44116.66,1.0,4.0
6990495,7.0,87.0,27.5,Unknown,2.0,53031.24,1.0,4.0
908660,6.0,74.0,30.5,Unknown,2.0,30546.89,5.0,8.0
6886786,7.0,91.0,25.5,Unknown,3.0,111340.81,0.0,3.0
841486,5.0,66.0,64.0,Unknown,2.0,47148.92999999999,2.0,5.0
527026,8.0,97.0,29.5,Unknown,2.0,43801.01,6.0,9.0
1011173,6.0,82.0,46.0,Male,2.0,58345.35,4.0,8.0
7321562,9.0,119.0,55.0,Female,2.0,55597.39,2.0,5.0
9912757,6.0,82.0,68.5,Unknown,2.0,24259.07,5.0,8.0
1027958,11.0,143.0,64.0,Male,2.0,123277.33,2.0,5.0
4473191,5.0,70.0,35.0,Female,2.0,45537.14,4.0,7.0
9064068,5.0,69.0,56.5,Female,2.0,113236.64,0.0,3.0
7991545,20.0,240.0,54.5,Male,5.0,279299.43,6.0,9.0
7404909,13.0,157.0,27.0,Female,3.0,126987.36,3.0,6.0
6009148,8.0,97.0,25.5,Unknown,2.0,27861.41,2.0,5.0
2540158,10.0,127.0,46.5,Male,3.0,104077.26,1.0,4.0
6851346,9.0,115.0,39.5,Male,2.0,60956.14,6.0,9.0
9328423,4.0,58.0,29.5,Unknown,2.0,30193.3,0.0,3.0
9553937,18.0,226.0,62.0,Female,2.0,29209.18,5.0,8.0
1742491,7.0,95.0,79.0,Unknown,2.0,44620.13,0.0,3.0
2721980,4.0,58.0,61.5,Unknown,2.0,38009.86,0.0,3.0
2790569,9.0,110.0,53.0,Male,2.0,30582.11,2.0,5.0
3690783,5.0,64.0,51.5,Female,2.0,66771.03,6.0,9.0
9873194,15.0,183.0,59.5,Female,2.0,28078.88,6.0,9.0
1794177,13.0,162.0,49.5,Female,2.0,39889.4,0.0,3.0
3407578,7.0,91.0,60.5,Unknown,2.0,33140.08,2.0,5.0
7195400,3.0,46.0,43.5,Unknown,2.0,33718.119999999995,6.0,9.0
2461322,23.0,276.0,62.0,Male,4.0,320963.82,6.0,9.0
4898283,21.0,252.0,54.5,Female,2.0,44926.53,5.0,8.0
37691,20.0,245.0,30.0,Male,3.0,27675.77,0.0,3.0
3692616,18.0,227.0,53.0,Male,3.0,162149.03999999998,6.0,9.0
6642857,11.0,141.0,30.5,Female,2.0,32241.2,6.0,9.0
6075100,15.0,186.0,37.5,Male,3.0,93480.92,3.0,6.0
6725650,5.0,69.0,30.0,Unknown,2.0,84905.84,3.0,6.0
861868,12.0,144.0,42.0,Male,2.0,53283.46,2.0,5.0
6022944,6.0,77.0,29.0,Unknown,2.0,27059.79,2.0,5.0
3718601,14.0,177.0,41.0,Female,2.0,29925.09,0.0,3.0
2395001,7.0,85.0,65.0,Unknown,3.0,123318.97,6.0,9.0
9871504,8.0,100.0,38.5,Unknown,2.0,179743.36,1.0,4.0
9889459,13.0,165.0,41.5,Female,2.0,67887.36,0.0,3.0
5545424,8.0,106.0,41.0,Female,2.0,33079.369999999995,2.0,5.0
8122369,19.0,235.0,43.5,Male,2.0,33211.93,5.0,8.0
8208182,7.0,94.0,35.5,Unknown,2.0,36065.32,1.0,4.0
819230,11.0,140.0,62.0,Male,2.0,88008.33,5.0,8.0
9746455,5.0,70.0,27.5,Unknown,2.0,50766.62,0.0,3.0
6180072,15.0,191.0,79.0,Male,2.0,273818.02,1.0,9.0
2050840,12.0,148.0,47.5,Female,2.0,75376.23,2.0,5.0
1679573,6.0,76.0,65.5,Unknown,3.0,1724218.11,3.0,6.0
3526450,4.0,58.0,22.0,Unknown,2.0,30651.28,5.0,8.0
1323964,12.0,154.0,52.5,Male,2.0,107621.91,0.0,3.0
466140,12.0,154.0,30.5,Female,3.0,112436.42,6.0,9.0
9970519,6.0,77.0,27.0,Unknown,3.0,55370.66,5.0,8.0
2897015,4.0,56.0,33.0,Unknown,2.0,53575.12,6.0,9.0
7889133,7.0,93.0,67.5,Unknown,2.0,347636.24,6.0,9.0
3209283,13.0,156.0,82.5,Male,4.0,132398.43,6.0,9.0
4383952,9.0,111.0,31.5,Female,2.0,183036.45,6.0,9.0
4374602,16.0,192.0,51.0,Female,2.0,29319.44,1.0,4.0
6448567,6.0,80.0,50.5,Unknown,2.0,52221.88,4.0,7.0
8523220,15.0,190.0,42.0,Male,2.0,149079.51,3.0,6.0
3627847,13.0,164.0,53.0,Male,2.0,304259.12,5.0,8.0
6695365,8.0,101.0,38.0,Unknown,3.0,82637.76,4.0,7.0
3343352,11.0,133.0,59.5,Male,2.0,75366.37,1.0,4.0
2337162,12.0,153.0,37.5,Female,2.0,44300.65,3.0,6.0
9571825,16.0,193.0,32.5,Male,2.0,29030.61,4.0,7.0
1014410,4.0,53.0,55.5,Female,2.0,859331.63,6.0,9.0
2328234,15.0,182.0,59.5,Male,2.0,161650.96000000002,6.0,9.0
1057837,9.0,112.0,29.0,Male,2.0,48466.25,2.0,5.0
2341932,4.0,58.0,32.0,Unknown,2.0,37668.09,5.0,8.0
1274170,15.0,180.0,41.0,Male,2.0,34720.8,6.0,9.0
8832841,15.0,189.0,51.5,Male,2.0,124285.04,1.0,4.0
3073523,12.0,144.0,58.5,Female,2.0,54626.97,6.0,9.0
2763314,6.0,77.0,49.0,Unknown,2.0,36210.66,5.0,8.0
6748504,33.0,398.0,31.0,Male,2.0,28228.38,0.0,3.0
6668301,7.0,92.0,28.5,Female,2.0,41911.05,6.0,9.0
3327085,12.0,153.0,28.5,Male,2.0,44506.0,6.0,9.0
1477604,5.0,66.0,18.5,Unknown,2.0,49752.78999999999,1.0,4.0
2291630,22.0,267.0,24.5,Female,2.0,66078.32,4.0,7.0
6331614,13.0,162.0,27.5,Male,2.0,72004.89,5.0,8.0
2048937,7.0,92.0,36.5,Unknown,2.0,33728.85,0.0,3.0
2006271,7.0,84.0,69.0,Unknown,2.0,88409.5,4.0,7.0
3797377,24.0,289.0,70.5,Male,2.0,1096133.5,6.0,9.0
5842004,24.0,288.0,73.0,Male,3.0,86244.34,4.0,7.0
7654260,22.0,275.0,65.5,Female,2.0,62848.97,0.0,3.0
547252,22.0,275.0,36.5,Male,2.0,222765.07,5.0,8.0
2257692,21.0,255.0,56.5,Female,2.0,32773.399999999994,0.0,3.0
2733998,21.0,253.0,59.0,Unknown,2.0,367935.62,4.0,7.0
2376452,20.0,250.0,54.5,Female,4.0,1073878.77,6.0,9.0
3216812,20.0,246.0,47.0,Male,2.0,93183.11,6.0,9.0
4644036,19.0,238.0,52.5,Female,2.0,130801.76,6.0,9.0
73910,10.0,123.0,27.5,Male,2.0,47739.17,1.0,4.0
2296209,8.0,97.0,60.5,Unknown,2.0,91779.52,2.0,5.0
6031907,8.0,106.0,27.0,Female,2.0,38963.81,6.0,9.0
735555,13.0,163.0,27.0,Male,2.0,27623.97,5.0,8.0
3800523,14.0,177.0,54.5,Female,2.0,60543.81,3.0,6.0
5812215,12.0,152.0,25.5,Female,2.0,29374.65,5.0,8.0
5491826,8.0,106.0,62.0,Female,3.0,156025.56,5.0,8.0
4635518,4.0,58.0,27.0,Unknown,3.0,36904.41,3.0,6.0
9250672,16.0,198.0,65.5,Unknown,2.0,114205.8,2.0,5.0
9600763,13.0,167.0,64.5,Male,2.0,60807.89,6.0,9.0
2027429,4.0,58.0,19.0,Unknown,2.0,28870.38,0.0,3.0
7932781,13.0,163.0,46.5,Female,2.0,67916.7,0.0,3.0
6529451,7.0,90.0,31.5,Unknown,2.0,66708.53,6.0,9.0
1827310,34.0,418.0,60.5,Female,3.0,99871.33,6.0,9.0
2958877,13.0,162.0,49.0,Male,2.0,211849.27,3.0,6.0
4827860,10.0,126.0,60.0,Unknown,2.0,60463.42,2.0,5.0
7192558,16.0,193.0,46.0,Female,2.0,110863.26,1.0,4.0
9063405,11.0,143.0,38.0,Male,2.0,40917.12,1.0,4.0
9967868,7.0,88.0,28.0,Unknown,2.0,25948.83,1.0,4.0
8036843,8.0,99.0,63.0,Unknown,2.0,223503.1,3.0,6.0
8119357,7.0,90.0,64.0,Unknown,2.0,502274.76,6.0,9.0
7926195,15.0,180.0,34.5,Female,2.0,65599.58,1.0,4.0
1864127,12.0,148.0,29.0,Male,2.0,105620.36,5.0,8.0
2515065,7.0,85.0,28.5,Unknown,2.0,49677.45,4.0,7.0
7419363,6.0,76.0,29.5,Unknown,2.0,48229.53999999999,6.0,9.0
5330195,15.0,188.0,45.0,Male,2.0,178287.82,0.0,3.0
6500787,6.0,73.0,71.0,Unknown,2.0,886743.28,6.0,9.0
1663895,5.0,70.0,38.0,Unknown,2.0,52141.05,0.0,3.0
2423011,16.0,200.0,70.0,Female,2.0,105440.56,6.0,9.0
5331675,6.0,78.0,30.0,Unknown,2.0,45906.26,6.0,9.0
5215020,7.0,89.0,65.0,Unknown,2.0,75228.35,1.0,4.0
9333441,15.0,189.0,54.0,Unknown,2.0,107746.25,0.0,3.0
9624621,12.0,152.0,62.5,Male,2.0,33994.149999999994,6.0,9.0
8555440,8.0,98.0,28.5,Unknown,3.0,43110.16,6.0,9.0
1807611,4.0,58.0,58.0,Unknown,2.0,39141.67,0.0,3.0
145106,4.0,58.0,60.5,Unknown,2.0,29587.32,1.0,4.0
5175513,8.0,99.0,50.5,Unknown,3.0,169777.71000000002,0.0,3.0
2662438,12.0,155.0,51.5,Female,2.0,35994.13,5.0,8.0
4111496,23.0,284.0,72.0,Female,2.0,26875.92,4.0,8.0
891230,23.0,281.0,64.5,Male,3.0,55637.63,6.0,9.0
9526170,22.0,273.0,27.0,Female,2.0,101366.15,1.0,4.0
3709458,22.0,271.0,49.0,Female,2.0,34700.05,3.0,6.0
5443203,21.0,260.0,59.5,Female,2.0,56776.15,2.0,5.0
6351585,20.0,240.0,46.0,Female,2.0,64017.62,0.0,3.0
4063853,17.0,215.0,39.5,Male,3.0,776878.0800000001,4.0,7.0
1988961,17.0,208.0,46.5,Male,2.0,43547.44,3.0,6.0
3256451,5.0,65.0,25.0,Male,2.0,31123.82,2.0,5.0
4657041,10.0,127.0,53.5,Female,2.0,165561.59999999998,2.0,5.0
7156181,30.0,360.0,66.5,Male,2.0,52707.67,0.0,3.0
8532420,9.0,109.0,65.5,Male,2.0,30421.74,3.0,6.0
2839976,10.0,124.0,60.0,Female,2.0,484698.66,6.0,9.0
9827500,8.0,106.0,44.0,Male,2.0,219655.32,6.0,9.0
2226543,16.0,194.0,46.0,Female,2.0,97959.84,5.0,8.0
158141,13.0,157.0,66.5,Male,2.0,125099.89,2.0,5.0
2785030,5.0,67.0,36.5,Unknown,2.0,92783.74,5.0,8.0
365845,8.0,97.0,57.0,Unknown,2.0,65334.78,4.0,7.0
1222857,9.0,113.0,71.0,Female,2.0,33696.29,3.0,6.0
8775978,13.0,156.0,75.5,Male,2.0,223821.57,4.0,7.0
9923135,23.0,280.0,68.0,Male,2.0,532981.24,6.0,9.0
3235465,14.0,179.0,49.0,Male,3.0,1341540.03,5.0,8.0
133471,6.0,82.0,33.5,Unknown,2.0,33965.1,1.0,4.0
5233012,5.0,64.0,66.5,Unknown,2.0,111806.64,6.0,9.0
2095375,5.0,64.0,56.0,Unknown,2.0,82408.01999999999,2.0,5.0
5401228,7.0,86.0,24.5,Unknown,4.0,143993.66999999998,6.0,9.0
3906864,10.0,126.0,44.5,Male,2.0,232098.11,6.0,9.0
6601821,11.0,140.0,61.5,Female,2.0,232854.23,0.0,3.0
7588886,15.0,180.0,47.0,Male,2.0,216589.41,3.0,6.0
8361962,6.0,82.0,54.0,Unknown,3.0,176746.03999999998,4.0,7.0
2717408,7.0,91.0,27.5,Unknown,2.0,40927.84,1.0,4.0
2880593,9.0,118.0,29.5,Female,2.0,100390.55,2.0,5.0
6296092,6.0,74.0,61.0,Unknown,3.0,58073.45,5.0,8.0
6905898,9.0,116.0,56.0,Female,3.0,71936.7,3.0,6.0
2596077,15.0,181.0,57.5,Female,2.0,37380.94,2.0,5.0
2147313,8.0,106.0,62.5,Male,2.0,58917.06,0.0,3.0
9771374,3.0,41.0,50.0,Unknown,2.0,53788.01,4.0,7.0
5908286,5.0,67.0,57.0,Unknown,2.0,55820.7,2.0,5.0
4793295,7.0,87.0,47.5,Unknown,2.0,130613.94,5.0,8.0
8143975,5.0,67.0,21.5,Male,3.0,116099.24,6.0,9.0
1424304,6.0,83.0,25.5,Unknown,3.0,52859.21,2.0,5.0
9377571,16.0,201.0,68.0,Male,3.0,219328.2,6.0,9.0
9979252,6.0,83.0,68.0,Unknown,2.0,47375.47,2.0,5.0
8439870,22.0,275.0,68.5,Female,2.0,60894.35,3.0,6.0
6068180,21.0,263.0,42.5,Male,2.0,210724.99,0.0,3.0
8797780,21.0,260.0,45.0,Male,2.0,61628.91,6.0,9.0
8012396,20.0,250.0,68.0,Male,2.0,36302.7,0.0,3.0
1009461,20.0,245.0,38.5,Male,3.0,177556.62,6.0,9.0
2438282,16.0,193.0,77.0,Female,2.0,62142.23,5.0,8.0
5730234,15.0,180.0,62.5,Male,2.0,46154.41,6.0,9.0
7251900,5.0,70.0,28.0,Unknown,2.0,38290.5,2.0,5.0
6191302,5.0,70.0,50.0,Female,2.0,71898.38,0.0,3.0
6689891,12.0,144.0,31.0,Male,2.0,30472.8,0.0,3.0
7821759,7.0,86.0,59.5,Unknown,3.0,150970.0,1.0,4.0
1748207,14.0,168.0,40.0,Male,2.0,31184.65,6.0,9.0
6120879,9.0,108.0,42.5,Male,2.0,29644.3,3.0,6.0
8878856,13.0,157.0,26.0,Male,3.0,42293.5,2.0,5.0
6784951,26.0,319.0,43.5,Female,2.0,182175.01,6.0,9.0
8432798,15.0,181.0,51.5,Male,3.0,1878607.69,4.0,7.0
1352969,4.0,56.0,25.5,Unknown,2.0,44094.12,6.0,9.0
3750659,9.0,115.0,23.0,Unknown,2.0,35752.57,6.0,9.0
2149777,13.0,157.0,87.5,Female,2.0,386338.05,2.0,5.0
4835507,14.0,177.0,55.0,Male,2.0,205669.64,0.0,3.0
845970,5.0,64.0,57.0,Female,2.0,51025.53999999999,2.0,5.0
5551581,10.0,125.0,36.0,Female,2.0,47448.42,2.0,5.0
7877508,6.0,82.0,63.5,Female,2.0,495909.0,5.0,9.0
3761003,6.0,75.0,47.0,Female,2.0,284115.84,0.0,3.0
9122332,26.0,314.0,52.5,Female,2.0,31951.68,0.0,3.0
4421378,13.0,160.0,57.5,Male,3.0,340679.32,6.0,9.0
2215874,7.0,87.0,74.0,Unknown,2.0,50669.57,6.0,9.0
6116234,14.0,169.0,45.5,Female,2.0,69936.38,1.0,4.0
3936034,5.0,64.0,42.0,Unknown,4.0,97300.54,5.0,8.0
3541576,14.0,171.0,30.5,Female,2.0,33070.17,6.0,9.0
5590652,33.0,407.0,53.0,Female,2.0,182146.96,2.0,5.0
5766968,7.0,91.0,61.5,Unknown,2.0,61289.21,0.0,3.0
5262910,8.0,107.0,61.5,Male,2.0,37807.65,3.0,6.0
8780422,4.0,51.0,70.5,Female,2.0,159619.43,6.0,9.0
2675819,4.0,58.0,54.0,Female,2.0,33726.35,4.0,7.0
2836203,16.0,202.0,51.5,Male,3.0,205953.12,2.0,5.0
719630,8.0,100.0,59.5,Unknown,2.0,250358.62,2.0,5.0
2929982,6.0,77.0,24.5,Male,2.0,31284.11,4.0,7.0
1777685,7.0,86.0,43.5,Unknown,2.0,27800.43,4.0,7.0
1404657,8.0,96.0,24.5,Unknown,2.0,27356.93,1.0,4.0
6967611,4.0,58.0,64.5,Female,3.0,215856.23,1.0,4.0
2113091,11.0,139.0,62.5,Female,2.0,40494.78,5.0,8.0
2352363,14.0,169.0,23.5,Male,2.0,23865.08,1.0,4.0
1212666,12.0,153.0,76.0,Male,2.0,465592.04,6.0,9.0
6379127,10.0,126.0,35.5,Female,3.0,89138.22,5.0,8.0
8357927,25.0,304.0,54.0,Female,2.0,140918.56,3.0,6.0
645510,22.0,265.0,22.5,Male,2.0,137675.47,0.0,4.0
3851487,21.0,261.0,73.0,Female,2.0,288992.84,0.0,3.0
5253517,20.0,251.0,56.0,Male,3.0,1010142.96,6.0,9.0
5635806,20.0,246.0,51.5,Male,3.0,324912.94,6.0,9.0
3074540,17.0,215.0,60.5,Female,2.0,130945.27,3.0,6.0
4705736,10.0,121.0,32.5,Female,2.0,110267.74,2.0,6.0
9513959,4.0,59.0,73.0,Unknown,2.0,86125.5,0.0,3.0
284562,7.0,87.0,33.0,Unknown,2.0,37111.62,5.0,8.0
5268802,8.0,107.0,53.5,Unknown,2.0,34261.13,0.0,3.0
3840969,6.0,72.0,27.5,Unknown,3.0,70626.61,6.0,9.0
7952920,7.0,94.0,46.5,Unknown,2.0,54355.3,1.0,4.0
4305620,11.0,141.0,48.5,Male,2.0,153080.53,0.0,3.0
772587,6.0,82.0,67.0,Unknown,3.0,289360.57,5.0,8.0
2920218,5.0,70.0,65.0,Unknown,2.0,27945.99,1.0,4.0
8823843,13.0,162.0,60.0,Male,2.0,67743.14,4.0,7.0
6515192,6.0,83.0,59.0,Unknown,2.0,43012.47,0.0,3.0
8244884,5.0,62.0,61.0,Unknown,2.0,26956.72,3.0,6.0
3653861,10.0,128.0,43.0,Male,2.0,60525.94,6.0,9.0
5760156,5.0,70.0,33.5,Unknown,2.0,645176.18,6.0,9.0
8908629,4.0,56.0,42.5,Unknown,2.0,31360.64,6.0,9.0
7001501,17.0,212.0,61.5,Female,2.0,158774.93,0.0,3.0
1259336,36.0,439.0,26.5,Male,2.0,54856.41,0.0,3.0
4369390,16.0,192.0,65.5,Female,2.0,24019.48,1.0,4.0
7999274,14.0,178.0,53.0,Female,2.0,50915.31,0.0,3.0
6538746,4.0,54.0,38.5,Male,3.0,221374.49,6.0,9.0
876235,15.0,191.0,63.5,Female,2.0,139491.05,3.0,6.0
9445598,13.0,167.0,29.0,Female,2.0,25561.56,5.0,8.0
8960535,7.0,88.0,26.5,Unknown,2.0,25400.05,6.0,9.0
1595313,16.0,197.0,67.5,Male,3.0,147205.41,6.0,9.0
1925016,6.0,72.0,36.5,Unknown,2.0,31242.74,6.0,9.0
7187944,10.0,121.0,19.5,Unknown,2.0,53488.9,6.0,9.0
2747401,15.0,190.0,70.0,Male,2.0,279827.85,5.0,8.0
8836730,6.0,82.0,39.0,Unknown,2.0,62632.88,0.0,3.0
8741847,14.0,175.0,75.5,Male,2.0,406024.51,3.0,7.0
1433975,6.0,77.0,65.0,Male,2.0,95208.28,6.0,9.0
4152738,15.0,185.0,74.0,Female,2.0,108663.8,5.0,8.0
1234849,14.0,179.0,58.0,Female,2.0,49628.51,5.0,8.0
66930,5.0,71.0,63.0,Unknown,2.0,89729.45999999999,1.0,5.0
2340754,7.0,84.0,55.0,Unknown,2.0,39673.16,3.0,6.0
808084,7.0,90.0,57.5,Unknown,4.0,651315.18,6.0,9.0
3404259,6.0,74.0,44.0,Unknown,2.0,78749.23,2.0,5.0
2905655,11.0,140.0,44.5,Female,4.0,1517236.84,5.0,8.0
5239105,5.0,70.0,27.5,Unknown,2.0,86232.66,1.0,4.0
1620429,9.0,109.0,39.5,Female,3.0,266400.25,2.0,5.0
926593,16.0,194.0,58.5,Male,2.0,74518.23,1.0,4.0
2625933,6.0,76.0,29.0,Unknown,3.0,136588.53,6.0,9.0
6113365,5.0,60.0,53.5,Unknown,2.0,136781.3,6.0,9.0
6328917,7.0,84.0,57.5,Unknown,3.0,588760.8400000001,5.0,8.0
1816083,14.0,175.0,55.5,Female,2.0,48858.34,1.0,4.0
2170862,6.0,82.0,57.5,Unknown,2.0,48414.01,2.0,5.0
4026845,21.0,253.0,46.5,Male,3.0,227292.37,6.0,9.0
2305576,29.0,358.0,82.0,Female,3.0,155514.41999999998,2.0,5.0
1939085,19.0,237.0,64.5,Female,2.0,300620.19,0.0,3.0
3098598,19.0,235.0,70.5,Male,2.0,404488.26,4.0,7.0
7343742,19.0,234.0,67.5,Female,2.0,33430.759999999995,4.0,7.0
8575501,21.0,258.0,38.0,Female,2.0,75311.11,0.0,3.0
9991130,17.0,211.0,25.5,Male,2.0,53960.21,6.0,9.0
8869886,12.0,145.0,43.0,Female,2.0,25988.88,1.0,4.0
2357832,10.0,120.0,50.5,Female,3.0,352966.33,1.0,4.0
8847796,7.0,86.0,39.0,Female,3.0,74675.03,5.0,8.0
7156458,30.0,370.0,52.5,Male,2.0,130541.41,6.0,9.0
4071459,6.0,73.0,22.0,Unknown,2.0,43204.14,5.0,8.0
4584200,12.0,145.0,63.5,Male,2.0,28314.85,0.0,3.0
5954507,4.0,58.0,45.5,Unknown,2.0,29388.5,0.0,3.0
6968934,8.0,101.0,21.5,Unknown,2.0,31438.33,1.0,4.0
3690437,6.0,72.0,44.5,Female,2.0,38048.75,6.0,9.0
552600,7.0,86.0,38.0,Female,2.0,24566.02,2.0,5.0
4110552,11.0,135.0,29.0,Male,5.0,199807.94,6.0,9.0
1994826,15.0,185.0,22.5,Male,2.0,91804.98,3.0,6.0
668996,12.0,153.0,27.0,Female,2.0,34731.64,2.0,5.0
6807563,8.0,103.0,64.5,Unknown,2.0,361183.54,4.0,7.0
7603714,6.0,80.0,47.0,Unknown,3.0,419185.9,6.0,9.0
3660919,28.0,342.0,58.0,Male,2.0,2573763.81,1.0,5.0
1768907,15.0,181.0,38.5,Female,2.0,107568.29,6.0,9.0
5211253,11.0,138.0,51.5,Female,2.0,32271.54,0.0,3.0
5821298,11.0,136.0,29.0,Female,3.0,62918.26,2.0,5.0
7167482,4.0,58.0,23.0,Unknown,2.0,30497.04,6.0,9.0
2400957,11.0,142.0,67.0,Male,2.0,301853.29,6.0,9.0
5256648,7.0,93.0,36.5,Unknown,2.0,84374.06,5.0,8.0
8020669,6.0,83.0,38.0,Unknown,2.0,46354.41,0.0,3.0
7353823,7.0,87.0,30.5,Unknown,3.0,42964.84,6.0,9.0
5724791,13.0,156.0,43.5,Male,2.0,106541.56,3.0,6.0
3651747,6.0,77.0,54.5,Unknown,2.0,25245.89,6.0,9.0
5104880,6.0,83.0,57.0,Unknown,2.0,130169.28,6.0,9.0
9827824,26.0,315.0,34.0,Male,2.0,54774.58,0.0,3.0
2489490,14.0,177.0,50.0,Female,2.0,45895.75,2.0,5.0
6197961,4.0,58.0,50.0,Unknown,2.0,642502.5,5.0,8.0
7299364,5.0,62.0,61.5,Female,2.0,239635.96,2.0,5.0
4482137,12.0,153.0,65.5,Male,2.0,593083.49,4.0,7.0
6047402,7.0,88.0,32.0,Unknown,2.0,38331.77,6.0,9.0
1906514,7.0,94.0,28.5,Unknown,2.0,94326.15,5.0,8.0
3248832,4.0,58.0,29.5,Unknown,2.0,51858.46,6.0,9.0
6199931,15.0,191.0,45.0,Female,3.0,60751.78,4.0,7.0
3222647,7.0,90.0,57.5,Female,2.0,59223.59,1.0,4.0
1616828,7.0,90.0,65.5,Unknown,2.0,157776.93,4.0,7.0
1300224,4.0,59.0,24.5,Unknown,3.0,27937.08,6.0,9.0
9849901,6.0,79.0,54.0,Unknown,2.0,113369.94,4.0,7.0
6490503,5.0,63.0,65.0,Male,2.0,39490.17,2.0,5.0
9509464,25.0,310.0,48.0,Male,2.0,73328.89,6.0,9.0
669361,4.0,59.0,23.5,Unknown,3.0,62158.44,6.0,9.0
9889578,8.0,104.0,44.5,Female,2.0,40567.34,5.0,8.0
6411934,15.0,188.0,57.0,Female,2.0,33945.02,1.0,4.0
715813,6.0,72.0,72.0,Male,3.0,45217.0,6.0,9.0
9359544,8.0,107.0,26.0,Female,3.0,119561.27,2.0,5.0
4352988,7.0,85.0,36.5,Male,3.0,123322.21,4.0,7.0
9229,8.0,105.0,42.0,Male,2.0,78242.15,6.0,9.0
7470491,14.0,179.0,26.5,Female,2.0,81600.22,0.0,3.0
6075049,13.0,167.0,35.0,Male,2.0,24983.03,4.0,7.0
7610751,14.0,169.0,65.0,Female,2.0,42525.59,4.0,7.0
2712519,11.0,136.0,33.0,Male,2.0,27222.09,1.0,4.0
4189206,22.0,275.0,51.0,Male,2.0,106022.75,5.0,8.0
41924,21.0,253.0,52.0,Male,3.0,46360.88,6.0,9.0
2449816,20.0,251.0,64.0,Male,2.0,153964.64,0.0,3.0
3290852,20.0,250.0,63.0,Male,3.0,96254.46,1.0,4.0
1140645,20.0,243.0,59.5,Male,2.0,34897.47,3.0,6.0
2541450,19.0,234.0,52.0,Female,3.0,70735.34,2.0,5.0
451897,18.0,221.0,57.0,Male,2.0,25790.53,2.0,5.0
7916658,10.0,125.0,40.0,Male,2.0,72487.07,5.0,8.0
6837612,11.0,137.0,31.5,Male,3.0,61272.41,6.0,9.0
5410439,16.0,203.0,55.5,Female,2.0,115895.67,5.0,8.0
3075138,7.0,84.0,31.0,Unknown,2.0,30396.74,0.0,3.0
76775,16.0,196.0,67.0,Male,2.0,23853.6,4.0,7.0
2057277,5.0,69.0,26.0,Unknown,2.0,51566.28999999999,6.0,9.0
6752440,13.0,160.0,42.0,Male,2.0,145371.37,3.0,6.0
4969168,11.0,142.0,40.5,Male,2.0,41333.14,5.0,8.0
8164670,5.0,67.0,66.0,Male,5.0,700396.88,6.0,9.0
1896026,15.0,190.0,50.0,Male,2.0,94981.3,1.0,4.0
970062,7.0,94.0,58.0,Unknown,2.0,34810.009999999995,0.0,3.0
5557932,11.0,140.0,28.5,Male,2.0,43731.0,6.0,9.0
3078880,6.0,72.0,24.5,Unknown,3.0,44301.17999999999,1.0,4.0
6553321,15.0,185.0,47.5,Male,2.0,146323.71,2.0,5.0
4805662,11.0,137.0,70.0,Unknown,2.0,60800.06,4.0,7.0
8680792,11.0,143.0,56.5,Unknown,2.0,37867.43,4.0,7.0
3993886,16.0,193.0,60.5,Female,2.0,34590.649999999994,2.0,5.0
3147904,14.0,176.0,52.5,Female,2.0,113422.69,6.0,9.0
1345360,13.0,166.0,44.5,Female,2.0,78467.17,1.0,4.0
7392265,5.0,65.0,34.5,Unknown,2.0,30079.37,1.0,4.0
8951521,24.0,291.0,32.5,Male,4.0,40729.49,4.0,7.0
9851949,8.0,105.0,41.0,Male,2.0,52055.84,5.0,8.0
7394445,5.0,66.0,26.0,Unknown,2.0,30537.21,4.0,7.0
4668962,13.0,157.0,51.5,Male,2.0,65134.97,3.0,6.0
4665224,6.0,83.0,55.5,Unknown,2.0,88945.88,2.0,5.0
1718738,8.0,102.0,31.5,Unknown,2.0,33294.08,3.0,6.0
6426294,7.0,94.0,24.0,Unknown,2.0,37492.98,1.0,4.0
7567135,13.0,162.0,49.0,Male,2.0,32567.26,1.0,4.0
1760751,5.0,68.0,48.0,Unknown,2.0,62035.39,2.0,5.0
6783713,4.0,56.0,30.5,Female,2.0,30656.84,0.0,3.0
7326173,8.0,99.0,27.0,Female,2.0,65906.16,0.0,3.0
3966408,12.0,151.0,57.5,Male,2.0,441711.47,4.0,7.0
8643954,11.0,141.0,67.0,Male,2.0,40652.4,4.0,7.0
886924,5.0,68.0,22.5,Unknown,2.0,29328.18,4.0,7.0
74564,4.0,56.0,58.0,Unknown,2.0,69899.54999999999,2.0,5.0
2958543,11.0,132.0,54.5,Male,2.0,147811.51,4.0,7.0
2388642,20.0,246.0,53.0,Male,2.0,207789.58,2.0,5.0
2013566,7.0,90.0,20.5,Unknown,2.0,39128.97,4.0,7.0
3974422,6.0,82.0,64.5,Unknown,2.0,119829.67,1.0,4.0
3648823,8.0,100.0,69.0,Unknown,2.0,107874.48,6.0,9.0
456150,5.0,68.0,65.5,Unknown,2.0,53183.08,2.0,5.0
4674490,4.0,59.0,51.5,Male,2.0,38555.27,5.0,8.0
4592404,12.0,152.0,53.5,Male,2.0,30702.1,2.0,5.0
3466346,25.0,303.0,66.0,Female,2.0,272994.87,4.0,7.0
4141660,24.0,288.0,63.5,Female,2.0,75912.42,3.0,6.0
1334353,23.0,285.0,65.5,Male,4.0,1629598.34,6.0,9.0
6684015,22.0,273.0,25.0,Unknown,2.0,87417.44,4.0,7.0
5869920,23.0,283.0,69.0,Female,2.0,143329.53,6.0,9.0
5405835,21.0,263.0,71.0,Female,2.0,45367.53999999999,6.0,9.0
8917050,21.0,262.0,52.5,Female,2.0,69541.54999999999,2.0,5.0
6155943,21.0,262.0,80.5,Male,3.0,1404291.95,4.0,8.0
4431508,18.0,224.0,31.5,Male,2.0,77835.1,6.0,9.0
5479458,17.0,214.0,61.0,Male,3.0,187210.09000000003,4.0,7.0
2359427,17.0,210.0,49.0,Male,2.0,225183.54,4.0,7.0
1516,12.0,150.0,58.5,Female,2.0,25408.39,5.0,8.0
8277940,4.0,57.0,47.0,Unknown,2.0,168686.21000000002,6.0,9.0
2382972,9.0,119.0,58.0,Female,2.0,25573.0,6.0,9.0
3880406,6.0,72.0,25.0,Unknown,2.0,40848.02,0.0,3.0
8926765,9.0,115.0,63.5,Female,2.0,32980.399999999994,6.0,9.0
4412635,4.0,59.0,25.0,Unknown,2.0,51491.41,6.0,9.0
5430666,11.0,136.0,38.0,Female,2.0,65104.17,4.0,7.0
1605268,11.0,143.0,76.0,Female,2.0,29358.24,0.0,4.0
495547,5.0,71.0,62.5,Unknown,2.0,369302.75,6.0,9.0
8397479,10.0,121.0,33.5,Male,2.0,54146.7,5.0,8.0
777716,28.0,337.0,29.0,Female,3.0,350837.8,5.0,8.0
7742670,34.0,412.0,74.0,Male,2.0,724086.01,5.0,8.0
8433974,6.0,83.0,20.0,Unknown,2.0,27577.46,6.0,9.0
4344239,30.0,362.0,92.5,Female,2.0,212451.69,3.0,6.0
8738591,13.0,156.0,74.0,Male,2.0,258713.57,1.0,4.0
36363,6.0,82.0,30.0,Unknown,2.0,67935.79000000001,6.0,9.0
1330281,7.0,91.0,39.0,Female,2.0,25731.7,1.0,4.0
4104125,15.0,189.0,61.0,Male,3.0,62943.46,1.0,4.0
1967874,9.0,118.0,49.5,Male,2.0,343534.52,6.0,9.0
9423009,7.0,85.0,66.5,Unknown,2.0,300588.55,2.0,5.0
3703213,8.0,106.0,63.5,Female,2.0,58917.06,6.0,9.0
3662912,10.0,120.0,73.0,Male,2.0,41334.8,0.0,4.0
1567815,10.0,126.0,49.0,Female,2.0,284165.95,0.0,3.0
2173057,5.0,69.0,64.5,Male,2.0,135374.24,6.0,9.0
1262832,7.0,88.0,30.0,Unknown,2.0,35484.73,0.0,3.0
4224830,9.0,114.0,74.0,Male,2.0,314322.12,0.0,3.0
5319464,7.0,86.0,56.0,Unknown,2.0,80919.65,1.0,4.0
7168003,33.0,405.0,74.0,Female,3.0,153793.31,6.0,9.0
6770208,5.0,66.0,54.0,Unknown,2.0,27986.35,6.0,9.0
8484054,33.0,405.0,43.0,Male,2.0,30467.49,3.0,6.0
7342640,12.0,147.0,59.5,Female,2.0,36860.46,0.0,3.0
2561749,5.0,64.0,37.0,Female,2.0,139368.46,5.0,8.0
4304328,6.0,75.0,35.0,Unknown,2.0,62038.89,1.0,4.0
914747,30.0,370.0,45.5,Male,4.0,471522.2,2.0,5.0
2583871,15.0,185.0,65.0,Female,2.0,50479.44,5.0,8.0
7147633,14.0,173.0,63.5,Female,2.0,209665.79,6.0,9.0
5740316,11.0,135.0,49.0,Female,2.0,146881.96,1.0,4.0
2451760,10.0,128.0,67.5,Male,2.0,191755.15,0.0,3.0
4494555,4.0,58.0,65.5,Unknown,3.0,279359.26,4.0,7.0
9844061,25.0,307.0,62.5,Female,3.0,387586.75,4.0,7.0
1498505,25.0,301.0,66.5,Female,2.0,97029.56,0.0,3.0
9126610,24.0,289.0,46.0,Male,2.0,89772.8,5.0,8.0
8911088,23.0,287.0,35.0,Female,2.0,40938.98,0.0,3.0
1270300,23.0,287.0,56.0,Female,3.0,4011854.79,5.0,8.0
5235584,23.0,279.0,52.0,Female,3.0,129040.59,3.0,6.0
4735879,22.0,270.0,58.5,Unknown,3.0,483399.04,2.0,5.0
3478523,22.0,264.0,47.5,Female,3.0,360272.11,4.0,7.0
2638326,21.0,262.0,51.5,Male,2.0,35187.99,0.0,3.0
4898296,21.0,262.0,62.5,Male,3.0,926314.72,6.0,9.0
2440502,21.0,261.0,66.0,Male,3.0,437365.42,5.0,8.0
2207829,18.0,227.0,62.5,Male,2.0,445850.23,6.0,9.0
529230,18.0,226.0,40.0,Male,2.0,57297.66,6.0,9.0
7707032,12.0,153.0,57.5,Male,2.0,129379.76,1.0,4.0
8786474,16.0,193.0,70.0,Female,2.0,66631.26,3.0,6.0
114780,7.0,89.0,28.0,Unknown,2.0,58839.75,4.0,7.0
2481583,15.0,185.0,65.0,Female,3.0,44186.25,2.0,5.0
3798672,13.0,165.0,26.5,Unknown,2.0,26773.44,6.0,9.0
3179251,11.0,143.0,39.0,Female,3.0,164109.27000000002,6.0,9.0
5725519,6.0,72.0,56.5,Female,2.0,87424.93,0.0,3.0
9775174,12.0,149.0,52.0,Male,2.0,83448.76999999999,0.0,3.0
244304,13.0,164.0,45.0,Male,2.0,42791.73,0.0,3.0
1715432,6.0,82.0,57.0,Unknown,3.0,86221.9,2.0,6.0
7178945,9.0,116.0,33.5,Female,2.0,88062.51999999999,6.0,9.0
5913431,6.0,76.0,23.0,Female,2.0,26118.99,4.0,7.0
5756246,3.0,43.0,65.5,Unknown,2.0,53673.19,6.0,9.0
587753,8.0,101.0,63.0,Female,2.0,214298.38,4.0,7.0
6265100,15.0,189.0,60.5,Unknown,2.0,34444.59,1.0,4.0
9177979,13.0,165.0,49.5,Female,2.0,40895.03999999999,4.0,7.0
8127172,12.0,154.0,59.5,Unknown,2.0,31994.97,2.0,5.0
1510141,8.0,97.0,33.0,Unknown,2.0,40751.55,1.0,4.0
2668652,10.0,128.0,64.0,Female,2.0,188366.92,0.0,3.0
7218441,11.0,136.0,33.0,Male,2.0,28991.85,2.0,5.0
1551060,10.0,122.0,86.5,Female,2.0,399572.01,6.0,9.0
688243,5.0,66.0,18.0,Unknown,2.0,29592.5,0.0,3.0
8760580,10.0,131.0,31.5,Unknown,2.0,70439.68,0.0,3.0
9326114,7.0,94.0,51.5,Male,5.0,1250915.79,6.0,9.0
5899944,5.0,64.0,49.0,Unknown,2.0,206131.32,6.0,9.0
5949254,8.0,107.0,56.5,Male,3.0,1613788.26,6.0,9.0
3704365,7.0,86.0,61.5,Unknown,2.0,49407.28999999999,2.0,5.0
3715104,13.0,156.0,49.5,Male,2.0,124155.87,2.0,5.0
2578270,10.0,124.0,59.0,Female,2.0,54882.02,4.0,7.0
3318367,27.0,329.0,33.0,Male,3.0,107049.92,6.0,9.0
5573337,27.0,329.0,29.0,Female,2.0,176738.88,2.0,5.0
5278380,4.0,59.0,27.0,Unknown,2.0,52031.72,4.0,7.0
6371663,6.0,79.0,27.5,Unknown,2.0,65231.17,3.0,6.0
2085066,7.0,94.0,44.5,Unknown,2.0,37799.36,2.0,5.0
7559241,10.0,124.0,27.5,Female,2.0,59339.18,6.0,9.0
2003412,14.0,179.0,40.5,Male,3.0,308242.12,6.0,9.0
6198294,5.0,70.0,55.0,Unknown,2.0,67041.13,3.0,6.0
583207,7.0,95.0,61.0,Unknown,4.0,735689.62,4.0,7.0
9696703,4.0,58.0,34.5,Unknown,2.0,116441.16,6.0,9.0
9733729,9.0,117.0,55.0,Female,2.0,32247.68,1.0,4.0
3113731,29.0,355.0,60.5,Female,3.0,346706.45,6.0,9.0
2944544,8.0,96.0,66.0,Unknown,2.0,215190.64,0.0,4.0
4021585,13.0,160.0,51.5,Male,3.0,63464.39,6.0,9.0
7619764,24.0,296.0,70.5,Male,3.0,562432.42,6.0,9.0
1180047,23.0,286.0,59.5,Female,2.0,414771.62,6.0,9.0
6796240,20.0,241.0,59.0,Male,3.0,87512.01,5.0,8.0
1232453,6.0,73.0,44.5,Female,2.0,174158.45,0.0,3.0
5316980,5.0,64.0,55.5,Unknown,2.0,187854.23,0.0,3.0
5564419,5.0,63.0,73.5,Male,2.0,377121.21,5.0,8.0
5006106,14.0,170.0,37.5,Female,2.0,80494.87,0.0,3.0
95035,9.0,109.0,43.5,Male,2.0,122439.85,1.0,4.0
9669811,12.0,144.0,49.0,Female,2.0,42256.6,4.0,7.0
5181907,9.0,111.0,49.5,Male,2.0,46348.38,0.0,3.0
627840,6.0,81.0,55.0,Unknown,2.0,231780.73,3.0,6.0
4043355,4.0,58.0,31.5,Unknown,3.0,140430.33000000002,6.0,9.0
8394449,16.0,192.0,40.0,Female,2.0,86010.95999999999,3.0,6.0
6014775,7.0,92.0,28.5,Unknown,2.0,43715.72,1.0,4.0
3169281,10.0,130.0,57.0,Male,2.0,36059.06,6.0,9.0
5086104,9.0,109.0,78.0,Female,2.0,83483.79000000001,5.0,8.0
6374399,17.0,208.0,48.0,Female,2.0,214302.61,2.0,5.0
2576489,9.0,109.0,40.0,Male,3.0,82837.39,5.0,8.0
1680542,7.0,92.0,31.5,Unknown,2.0,53114.89,2.0,5.0
3165398,7.0,91.0,25.5,Male,3.0,50596.0,6.0,9.0
2311400,7.0,95.0,20.5,Unknown,2.0,30369.04,2.0,5.0
6526123,5.0,70.0,60.0,Unknown,2.0,64124.02,2.0,5.0
577488,8.0,103.0,38.0,Male,3.0,53212.24,1.0,4.0
2790745,9.0,118.0,40.5,Female,2.0,33573.23,2.0,5.0
542598,9.0,109.0,31.0,Female,2.0,36164.71,0.0,3.0
1033853,11.0,136.0,65.0,Female,2.0,321552.51,5.0,8.0
2529743,10.0,129.0,48.5,Male,2.0,49314.24,3.0,6.0
9532403,18.0,218.0,43.0,Male,2.0,35346.42,2.0,5.0
2692859,23.0,279.0,73.0,Male,3.0,442655.44,6.0,9.0
5677350,7.0,95.0,37.5,Unknown,2.0,58969.75,0.0,3.0
6542104,34.0,418.0,82.0,Female,3.0,438260.27,6.0,9.0
3019756,11.0,133.0,58.0,Female,2.0,28108.26,1.0,4.0
8128924,9.0,116.0,45.5,Male,2.0,77236.23999999999,2.0,5.0
4506825,14.0,178.0,57.0,Male,2.0,98729.27,5.0,8.0
8119900,4.0,59.0,56.0,Unknown,2.0,32895.42,1.0,4.0
9589889,14.0,170.0,53.5,Female,4.0,185657.45,6.0,9.0
1726629,16.0,197.0,34.0,Unknown,2.0,27976.18,1.0,4.0
9737013,8.0,98.0,47.0,Female,3.0,163608.65000000002,6.0,9.0
7334580,27.0,332.0,79.0,Female,2.0,52034.24,1.0,5.0
7023561,6.0,82.0,18.0,Unknown,2.0,35161.52,0.0,3.0
4575997,21.0,255.0,46.5,Female,2.0,69649.42,6.0,9.0
1516424,11.0,143.0,50.5,Female,2.0,39290.49,6.0,9.0
7074464,4.0,58.0,45.5,Unknown,2.0,47587.75,6.0,9.0
3386953,11.0,143.0,29.5,Female,3.0,146744.41999999998,6.0,9.0
5680443,12.0,155.0,56.5,Male,2.0,124655.87,2.0,5.0
4413451,8.0,97.0,33.0,Unknown,2.0,75944.76,1.0,4.0
7506646,15.0,191.0,52.0,Male,2.0,65360.47,4.0,7.0
2291408,17.0,214.0,49.5,Female,2.0,37381.18,0.0,3.0
7332887,13.0,157.0,46.5,Male,4.0,209810.17,6.0,9.0
2787270,4.0,57.0,33.5,Male,2.0,93151.29,6.0,9.0
7018421,10.0,125.0,23.5,Male,3.0,250337.12,6.0,9.0
8312125,9.0,115.0,67.0,Male,2.0,37958.31,0.0,3.0
3729518,9.0,109.0,27.5,Male,2.0,49969.25,6.0,9.0
3077737,9.0,113.0,45.5,Female,2.0,44521.07,1.0,4.0
1472138,6.0,78.0,22.0,Unknown,3.0,30212.04,1.0,4.0
3398684,18.0,224.0,42.0,Female,2.0,74533.17,5.0,8.0
2972845,10.0,131.0,52.5,Male,2.0,27774.79,2.0,5.0
6279812,9.0,110.0,30.0,Female,2.0,32048.48,6.0,9.0
1979629,25.0,301.0,51.5,Female,2.0,135894.19,2.0,5.0
3720968,23.0,280.0,34.0,Male,2.0,118728.37,2.0,5.0
4578988,22.0,275.0,38.5,Male,3.0,145170.58000000002,6.0,9.0
3658729,21.0,263.0,66.0,Female,2.0,36392.4,3.0,6.0
8677760,21.0,261.0,67.5,Male,3.0,432125.02,6.0,9.0
1434262,21.0,257.0,25.0,Male,3.0,62488.77,1.0,4.0
5262516,21.0,253.0,20.5,Male,3.0,46922.35,6.0,9.0
9480795,20.0,241.0,67.5,Male,2.0,32877.149999999994,3.0,6.0
8355475,18.0,217.0,45.5,Female,3.0,68351.61,6.0,9.0
5612095,28.0,342.0,51.5,Male,2.0,71645.76999999999,4.0,7.0
4385791,14.0,174.0,49.0,Female,3.0,107711.38,4.0,7.0
8619538,7.0,92.0,31.5,Unknown,2.0,63568.8,6.0,9.0
6406288,10.0,129.0,60.5,Female,2.0,130990.35,1.0,4.0
3550672,8.0,98.0,45.0,Unknown,2.0,126932.56,5.0,8.0
115834,6.0,80.0,43.0,Unknown,2.0,77246.63,2.0,5.0
1830238,6.0,75.0,26.0,Unknown,3.0,85225.48999999999,0.0,3.0
2718368,13.0,156.0,55.5,Female,2.0,121634.61,4.0,7.0
138741,16.0,202.0,54.5,Male,2.0,227433.6,5.0,8.0
4643327,6.0,76.0,59.5,Unknown,2.0,90634.01,0.0,3.0
9511159,13.0,156.0,54.5,Female,2.0,32291.66,1.0,4.0
9289178,5.0,65.0,51.5,Female,2.0,49273.53,4.0,7.0
9673982,4.0,59.0,26.5,Unknown,3.0,53180.17,6.0,9.0
6808577,7.0,85.0,56.5,Male,2.0,342263.04,6.0,9.0
4155073,6.0,83.0,67.0,Unknown,2.0,523389.26,6.0,9.0
590485,5.0,65.0,30.0,Unknown,2.0,55648.01,6.0,9.0
908770,4.0,58.0,24.0,Unknown,2.0,44839.25,2.0,5.0
5354683,10.0,123.0,31.0,Male,2.0,36416.87,6.0,9.0
1301085,15.0,188.0,65.5,Female,2.0,83977.29000000001,3.0,6.0
7943230,12.0,150.0,60.5,Male,4.0,506639.95,6.0,9.0
2889072,9.0,118.0,54.5,Female,2.0,41023.12,0.0,3.0
1841425,28.0,343.0,64.0,Female,2.0,278065.19,2.0,5.0
9557825,4.0,58.0,25.5,Male,2.0,47874.42,6.0,9.0
6488364,13.0,157.0,43.5,Female,2.0,32307.96,0.0,3.0
1096215,22.0,274.0,50.5,Male,2.0,78377.35,6.0,9.0
1653222,4.0,59.0,36.5,Unknown,3.0,2176203.09,3.0,7.0
6726661,16.0,193.0,51.5,Male,3.0,473923.49,6.0,9.0
5776273,24.0,296.0,28.5,Male,2.0,301464.6,2.0,5.0
4354914,5.0,64.0,60.5,Unknown,2.0,97773.3,6.0,9.0
7281713,16.0,202.0,56.5,Female,3.0,455937.38,0.0,3.0
7252114,6.0,75.0,52.5,Male,3.0,176644.07,3.0,6.0
4934354,14.0,172.0,25.0,Female,2.0,54278.58,2.0,5.0
5854788,16.0,194.0,41.0,Male,2.0,84732.76,1.0,4.0
2047077,15.0,191.0,72.0,Female,3.0,536492.28,3.0,6.0
6800679,15.0,189.0,46.0,Male,3.0,158703.71999999997,6.0,9.0
1969582,11.0,138.0,59.0,Male,2.0,48489.81,2.0,6.0
1289497,6.0,81.0,57.0,Female,2.0,72542.82,3.0,6.0
2462140,10.0,121.0,49.5,Female,4.0,144793.68,5.0,8.0
9142749,4.0,59.0,51.0,Unknown,2.0,50270.77,0.0,3.0
7516880,8.0,96.0,32.0,Unknown,3.0,102982.19,6.0,9.0
5911735,10.0,126.0,35.5,Female,2.0,78002.01999999999,6.0,9.0
6263283,6.0,82.0,46.5,Unknown,2.0,82122.63,6.0,9.0
3610921,6.0,75.0,44.5,Female,2.0,122270.94,0.0,3.0
8632914,7.0,90.0,66.5,Unknown,2.0,360052.15,1.0,4.0
8909853,17.0,209.0,53.5,Male,2.0,275636.47,3.0,6.0
839800,5.0,60.0,24.0,Unknown,2.0,40999.56,0.0,3.0
4656772,24.0,295.0,55.5,Male,3.0,770498.76,4.0,8.0
8770437,23.0,276.0,52.0,Male,3.0,1521471.3199999998,6.0,9.0
7859805,22.0,275.0,46.5,Female,3.0,215545.43,2.0,5.0
7743470,22.0,264.0,58.0,Female,3.0,91092.91,6.0,9.0
4994001,21.0,263.0,35.5,Male,2.0,420035.47,5.0,8.0
2516714,21.0,262.0,68.0,Male,2.0,41870.08,4.0,7.0
455589,21.0,254.0,53.0,Female,2.0,66147.47,6.0,9.0
7567,21.0,252.0,33.0,Female,2.0,27165.99,1.0,5.0
3404111,20.0,248.0,26.0,Female,3.0,62776.63,3.0,6.0
8548825,19.0,230.0,49.5,Male,2.0,75228.86,2.0,5.0
545350,8.0,105.0,48.5,Female,2.0,43267.22,2.0,5.0
4767149,12.0,145.0,43.5,Female,2.0,145101.41999999998,3.0,6.0
6648633,5.0,64.0,31.5,Female,2.0,38247.05,5.0,8.0
750627,33.0,401.0,81.0,Male,4.0,643422.15,1.0,4.0
5730041,16.0,192.0,52.5,Male,2.0,389615.5,4.0,7.0
6489910,13.0,167.0,59.0,Male,2.0,72870.95999999999,2.0,5.0
6564529,12.0,152.0,46.5,Male,3.0,75771.15,6.0,9.0
9644231,23.0,276.0,44.5,Unknown,3.0,32911.53,0.0,3.0
1863152,16.0,203.0,58.5,Male,2.0,49258.63,3.0,6.0
5536337,5.0,71.0,60.5,Unknown,2.0,27841.69,3.0,6.0
3302386,5.0,69.0,53.0,Male,2.0,64276.63,2.0,5.0
7908949,12.0,150.0,56.0,Male,2.0,47559.66,6.0,9.0
3944371,5.0,71.0,28.5,Unknown,2.0,132211.28999999998,5.0,8.0
2518804,8.0,98.0,63.0,Male,2.0,112430.2,6.0,9.0
3268234,37.0,444.0,61.5,Male,3.0,317080.93,5.0,9.0
6500896,6.0,78.0,45.0,Male,2.0,25080.51,3.0,6.0
4602948,14.0,174.0,42.5,Male,2.0,77044.54999999999,0.0,3.0
7051278,15.0,187.0,54.0,Female,2.0,48191.84,0.0,3.0
1778797,19.0,237.0,56.0,Female,2.0,24919.99,1.0,4.0
8808269,13.0,158.0,46.0,Male,3.0,47610.11,4.0,8.0
2206737,7.0,94.0,28.0,Unknown,3.0,253926.61,6.0,9.0
5166002,5.0,70.0,24.0,Unknown,2.0,27084.63,0.0,3.0
5541129,7.0,90.0,34.0,Unknown,2.0,71987.93,0.0,3.0
4761635,14.0,169.0,39.5,Male,2.0,35428.05,1.0,4.0
370773,8.0,96.0,27.5,Unknown,4.0,64720.42,6.0,9.0
2405207,11.0,142.0,30.5,Male,3.0,92265.31,2.0,5.0
2998708,9.0,109.0,33.5,Female,2.0,46587.37,1.0,4.0
884881,5.0,70.0,48.5,Unknown,2.0,85473.35,5.0,8.0
2427319,13.0,158.0,30.0,Male,2.0,92959.15,0.0,3.0
6326243,15.0,189.0,49.0,Male,2.0,62598.78,1.0,4.0
9952350,15.0,180.0,37.0,Male,2.0,87600.15,0.0,3.0
999541,7.0,85.0,50.5,Unknown,2.0,25574.1,0.0,3.0
9654380,14.0,172.0,39.5,Male,2.0,94710.88,6.0,9.0
5633092,11.0,143.0,53.0,Male,2.0,53477.62,1.0,4.0
8779376,33.0,397.0,76.5,Female,3.0,153465.96,6.0,9.0
5329885,7.0,95.0,33.0,Unknown,3.0,136844.21,6.0,9.0
9048979,5.0,67.0,71.0,Male,2.0,36016.83,0.0,3.0
3069289,5.0,71.0,30.5,Male,2.0,31409.42,6.0,9.0
5284240,32.0,389.0,49.5,Male,4.0,458413.4,6.0,9.0
8275933,28.0,346.0,63.5,Male,2.0,59237.03,6.0,9.0
6389358,4.0,59.0,58.0,Unknown,2.0,37470.91,6.0,9.0
590121,12.0,147.0,36.5,Male,2.0,58937.87,3.0,6.0
2858874,8.0,102.0,40.5,Unknown,4.0,61530.39,6.0,9.0
5395795,14.0,178.0,50.0,Male,2.0,32340.14,1.0,4.0
6041814,5.0,71.0,51.5,Male,3.0,493064.53,6.0,9.0
7957253,13.0,166.0,32.5,Female,2.0,85153.66,1.0,4.0
5677735,26.0,320.0,61.5,Female,2.0,55255.75,0.0,3.0
9209230,7.0,95.0,22.0,Unknown,2.0,41701.02,1.0,4.0
6566847,6.0,79.0,26.5,Unknown,2.0,34813.71,2.0,5.0
1901440,27.0,325.0,29.5,Female,2.0,279249.16,0.0,3.0
539094,14.0,179.0,74.5,Female,2.0,111207.72,5.0,8.0
5895605,22.0,274.0,27.0,Male,2.0,60164.72,0.0,3.0
2525382,20.0,241.0,32.5,Unknown,2.0,26502.13,1.0,4.0
4073560,20.0,240.0,35.5,Male,3.0,168527.24,6.0,9.0
4172892,19.0,239.0,54.5,Male,3.0,185151.59000000003,4.0,7.0
1938766,19.0,228.0,26.5,Female,2.0,66637.25,6.0,9.0
7378177,18.0,220.0,18.0,Male,3.0,36657.26,1.0,4.0
1198324,18.0,217.0,78.0,Female,2.0,43395.02,6.0,9.0
9041204,15.0,190.0,55.0,Female,2.0,75966.26999999999,2.0,5.0
664154,6.0,73.0,59.5,Unknown,2.0,78092.35,4.0,7.0
3756833,15.0,190.0,49.5,Female,2.0,97944.61,2.0,5.0
8843033,14.0,170.0,56.5,Female,2.0,25769.13,1.0,4.0
1785940,12.0,148.0,50.5,Male,2.0,94728.3,4.0,7.0
5375695,7.0,89.0,60.5,Unknown,3.0,332755.96,6.0,9.0
2167877,13.0,165.0,42.0,Male,2.0,302664.27,1.0,4.0
6671189,6.0,81.0,30.5,Unknown,2.0,54891.45,1.0,4.0
4496382,5.0,71.0,55.0,Unknown,3.0,51041.15,2.0,5.0
1993788,12.0,155.0,62.5,Female,2.0,560641.25,3.0,6.0
222973,20.0,240.0,56.0,Unknown,2.0,45394.0,1.0,4.0
816595,5.0,60.0,37.5,Unknown,2.0,27578.78,0.0,3.0
2374934,7.0,85.0,71.0,Unknown,2.0,165517.83000000002,3.0,7.0
4120229,12.0,154.0,42.0,Female,2.0,60748.31,4.0,7.0
3828797,15.0,181.0,33.0,Male,2.0,120234.92,6.0,9.0
6093785,21.0,261.0,62.0,Male,2.0,37253.2,4.0,7.0
4577314,12.0,145.0,25.5,Male,3.0,64847.12,2.0,5.0
1160215,6.0,76.0,31.0,Male,2.0,32433.97,1.0,4.0
6678867,4.0,59.0,52.5,Unknown,2.0,54683.59,2.0,5.0
6110105,5.0,70.0,55.5,Unknown,2.0,36105.73,5.0,8.0
8002094,7.0,87.0,29.5,Unknown,2.0,32186.63,2.0,5.0
5643813,5.0,66.0,27.5,Unknown,2.0,30033.46,0.0,3.0
8694523,26.0,315.0,58.5,Male,2.0,223116.94,4.0,7.0
8208998,6.0,79.0,60.5,Unknown,2.0,428956.23,6.0,9.0
5376525,14.0,176.0,27.5,Female,2.0,33212.5,3.0,6.0
4341826,3.0,39.0,75.0,Unknown,2.0,117969.01,2.0,5.0
2343430,12.0,153.0,49.5,Female,2.0,61028.36,0.0,3.0
7833565,4.0,49.0,26.0,Unknown,4.0,60789.65,6.0,9.0
9094850,10.0,131.0,69.0,Female,2.0,157548.84000000003,2.0,5.0
4858186,12.0,145.0,49.0,Unknown,2.0,89673.37,6.0,9.0
5067166,14.0,168.0,65.5,Unknown,2.0,27748.53,1.0,4.0
8111781,15.0,187.0,39.5,Male,2.0,93173.8,6.0,9.0
9672716,8.0,106.0,69.5,Male,2.0,57980.39,3.0,6.0
6605764,6.0,83.0,72.5,Unknown,2.0,64760.51,5.0,8.0
3258618,6.0,81.0,24.5,Unknown,3.0,146782.8,6.0,9.0
1936828,16.0,196.0,46.5,Female,2.0,96514.14,1.0,4.0
9066243,8.0,97.0,30.5,Unknown,2.0,38193.84,0.0,3.0
5097988,6.0,73.0,45.5,Unknown,2.0,31136.7,3.0,6.0
7530822,16.0,193.0,55.5,Female,2.0,55888.26,5.0,8.0
4666259,4.0,58.0,23.0,Unknown,2.0,24980.01,0.0,3.0
5706691,16.0,194.0,38.5,Female,2.0,465087.18,0.0,3.0
9177631,8.0,97.0,39.0,Male,2.0,27448.89,3.0,6.0
2771409,15.0,182.0,74.5,Male,2.0,129374.74,5.0,9.0
6968302,13.0,159.0,65.0,Female,2.0,33414.7,0.0,3.0
209462,6.0,72.0,36.5,Unknown,2.0,60386.03,0.0,3.0
2782533,6.0,73.0,26.5,Unknown,2.0,52298.66,6.0,9.0
2495009,6.0,83.0,37.0,Unknown,2.0,25093.63,4.0,7.0
1609577,24.0,295.0,41.0,Male,2.0,46362.9,6.0,9.0
4432653,24.0,294.0,75.0,Female,2.0,61652.64,1.0,4.0
5872684,22.0,271.0,71.0,Female,2.0,173040.14,4.0,7.0
4301191,22.0,268.0,45.0,Unknown,2.0,61514.57,1.0,4.0
1518739,21.0,262.0,53.0,Male,3.0,135432.69,6.0,9.0
1786877,21.0,262.0,53.5,Female,2.0,50405.14,3.0,6.0
3017579,21.0,254.0,54.0,Male,2.0,184140.45,3.0,7.0
8183780,20.0,241.0,58.5,Female,3.0,92986.49,6.0,9.0
5770623,20.0,241.0,36.5,Female,2.0,148818.86,1.0,4.0
4702816,20.0,240.0,43.0,Female,5.0,801315.4500000001,6.0,9.0
5852774,13.0,162.0,42.5,Male,2.0,34270.33,1.0,4.0
8304087,15.0,183.0,73.5,Male,2.0,159830.05,5.0,8.0
5830177,6.0,81.0,72.0,Unknown,2.0,215881.3,6.0,9.0
4828534,12.0,150.0,35.0,Male,2.0,77713.47,0.0,3.0
5346181,10.0,127.0,28.5,Male,2.0,54036.08,4.0,7.0
7789504,5.0,65.0,63.0,Male,3.0,173883.66999999998,5.0,8.0
4124100,9.0,108.0,33.0,Male,2.0,42919.26,2.0,5.0
1678227,4.0,59.0,29.0,Unknown,2.0,50289.86,1.0,4.0
6007625,15.0,180.0,73.0,Female,2.0,126322.67,4.0,7.0
2679961,14.0,178.0,48.5,Male,2.0,30240.47,1.0,4.0
173784,5.0,67.0,38.0,Unknown,2.0,37187.05,2.0,5.0
2498676,7.0,89.0,34.0,Unknown,5.0,154685.38,6.0,9.0
4836405,8.0,106.0,54.0,Female,2.0,448061.97,3.0,6.0
6903399,13.0,157.0,70.0,Female,2.0,189874.69,4.0,7.0
7999087,15.0,191.0,56.5,Female,2.0,59651.35,2.0,5.0
3164659,6.0,79.0,56.5,Unknown,2.0,40995.41,5.0,8.0
6954534,14.0,176.0,28.5,Female,2.0,24990.73,0.0,3.0
9451695,14.0,173.0,67.0,Female,3.0,97702.82,4.0,7.0
5002874,15.0,189.0,47.5,Male,2.0,58782.99,5.0,8.0
8854405,9.0,119.0,58.5,Female,2.0,70652.87,5.0,8.0
3824141,18.0,221.0,39.5,Female,3.0,39448.93,2.0,5.0
4396168,13.0,159.0,22.5,Female,2.0,26846.62,1.0,4.0
9442411,6.0,78.0,47.5,Unknown,3.0,53580.06,2.0,5.0
9862840,10.0,129.0,78.5,Female,2.0,38404.12,6.0,9.0
9135655,5.0,60.0,24.5,Unknown,2.0,27549.67,3.0,6.0
5777036,6.0,77.0,47.0,Unknown,2.0,440455.1,3.0,6.0
9182399,7.0,85.0,22.5,Unknown,2.0,40311.88,1.0,4.0
6773952,7.0,89.0,54.5,Unknown,2.0,101708.63,5.0,8.0
1333739,30.0,364.0,63.5,Male,3.0,180683.88,1.0,4.0
3082752,11.0,133.0,54.5,Male,2.0,247041.8,5.0,8.0
4089185,5.0,70.0,56.0,Unknown,2.0,30925.55,0.0,3.0
2739005,13.0,157.0,33.0,Male,2.0,96421.81,2.0,5.0
5908562,18.0,219.0,68.0,Male,2.0,31624.74,2.0,6.0
1569088,7.0,85.0,76.5,Unknown,3.0,62509.96,6.0,9.0
9325237,14.0,177.0,58.0,Female,2.0,37188.57,4.0,8.0
3629514,10.0,124.0,32.0,Female,2.0,60392.72,6.0,9.0
7812668,4.0,48.0,58.0,Unknown,2.0,25715.1,0.0,3.0
7565783,10.0,130.0,71.0,Male,2.0,35723.53,0.0,3.0
5459258,4.0,59.0,19.0,Unknown,2.0,27800.73,1.0,4.0
1885100,15.0,190.0,60.0,Male,2.0,40525.98,0.0,3.0
8191330,5.0,64.0,24.5,Unknown,3.0,62090.91,6.0,9.0
4133463,3.0,37.0,61.5,Female,2.0,440193.94,5.0,8.0
1162812,8.0,107.0,41.5,Male,2.0,28542.91,5.0,8.0
3903245,6.0,77.0,62.5,Female,3.0,349040.52,6.0,9.0
1339950,15.0,191.0,58.0,Female,3.0,271723.4,6.0,9.0
1656898,9.0,118.0,63.5,Female,2.0,52922.06,2.0,5.0
7069115,12.0,148.0,70.5,Female,2.0,28270.34,4.0,7.0
3753413,24.0,295.0,28.0,Male,2.0,67971.18,6.0,9.0
7183391,24.0,291.0,59.5,Female,2.0,299691.53,3.0,6.0
9112416,23.0,287.0,22.0,Unknown,2.0,27137.27,2.0,5.0
7636356,23.0,287.0,57.5,Female,2.0,87111.0,2.0,5.0
9092715,23.0,286.0,46.0,Female,2.0,38588.65,6.0,9.0
3594919,22.0,267.0,25.5,Male,2.0,31113.76,2.0,5.0
8161704,21.0,253.0,63.0,Female,3.0,461340.67,6.0,9.0
7874983,21.0,252.0,67.0,Female,2.0,50049.13,0.0,3.0
145810,18.0,217.0,65.0,Male,2.0,43786.1,2.0,5.0
9781128,18.0,216.0,36.5,Female,3.0,198723.53,4.0,7.0
115163,17.0,214.0,38.5,Male,2.0,47596.06,2.0,5.0
699753,17.0,207.0,58.5,Male,2.0,126364.52,5.0,8.0
1203863,17.0,206.0,23.0,Male,2.0,34786.42,0.0,3.0
2353743,7.0,91.0,58.0,Female,2.0,215623.04,6.0,9.0
3639936,7.0,89.0,29.5,Unknown,2.0,69718.39,2.0,5.0
8122368,14.0,178.0,60.5,Male,2.0,105048.52,5.0,8.0
8068434,10.0,125.0,58.0,Female,3.0,191123.05,0.0,3.0
2116375,5.0,63.0,62.5,Male,2.0,38045.8,6.0,9.0
5302505,15.0,180.0,50.5,Male,3.0,282826.86,1.0,4.0
6535460,6.0,77.0,26.5,Unknown,2.0,70569.62,6.0,9.0
8740888,15.0,186.0,30.0,Male,2.0,85123.18,6.0,9.0
5790126,14.0,170.0,54.0,Female,2.0,44155.58,2.0,5.0
372755,4.0,59.0,56.5,Unknown,2.0,153539.53999999998,0.0,3.0
1277925,52.0,624.0,62.0,Female,2.0,57944.95,6.0,9.0
1192189,6.0,74.0,25.5,Unknown,3.0,86702.62,3.0,6.0
3236796,7.0,89.0,25.0,Unknown,2.0,81992.06,4.0,7.0
928927,5.0,70.0,37.0,Unknown,2.0,62444.19,4.0,7.0
705871,15.0,189.0,67.0,Female,2.0,159599.69,2.0,5.0
1869378,13.0,165.0,44.0,Female,2.0,41384.85,3.0,6.0
1231025,14.0,177.0,61.5,Male,2.0,371602.42,6.0,9.0
2669526,10.0,127.0,71.0,Male,2.0,385376.14,3.0,6.0
7446797,5.0,64.0,57.5,Female,2.0,61468.26,1.0,4.0
994100,13.0,156.0,63.0,Female,2.0,184963.53,3.0,6.0
4299021,36.0,432.0,65.5,Male,5.0,103954.39,6.0,9.0
7064137,4.0,58.0,57.5,Unknown,2.0,30507.11,2.0,5.0
789856,9.0,110.0,57.5,Female,2.0,34355.69,0.0,3.0
9423971,5.0,69.0,58.0,Unknown,3.0,220617.81,3.0,6.0
891781,7.0,86.0,21.0,Unknown,2.0,27663.03,0.0,3.0
97424,8.0,97.0,26.5,Unknown,2.0,82149.98,6.0,9.0
5708924,6.0,82.0,65.0,Unknown,3.0,305558.25,6.0,9.0
6903843,21.0,252.0,67.0,Female,2.0,133924.53,6.0,9.0
8332605,10.0,122.0,40.0,Male,2.0,27853.39,1.0,4.0
2296594,16.0,194.0,53.0,Male,2.0,461385.99,0.0,3.0
5282724,14.0,176.0,42.0,Female,2.0,68131.32,4.0,7.0
5330825,14.0,172.0,31.5,Male,2.0,23851.71,6.0,9.0
8315301,8.0,98.0,33.5,Unknown,2.0,49675.24,0.0,3.0
6210162,17.0,206.0,57.0,Male,5.0,197071.32,1.0,4.0
7325552,8.0,97.0,27.5,Unknown,4.0,294740.27,6.0,9.0
3717404,14.0,169.0,51.0,Male,2.0,655728.06,1.0,4.0
3801610,5.0,71.0,49.0,Unknown,2.0,78192.41,6.0,9.0
1834267,16.0,193.0,36.0,Female,3.0,177497.57,4.0,7.0
2271732,11.0,135.0,39.5,Male,2.0,37671.97,6.0,9.0
1283778,15.0,181.0,48.5,Female,2.0,400896.26,6.0,9.0
4807522,12.0,154.0,40.5,Unknown,2.0,196169.33,1.0,4.0
7450502,12.0,153.0,36.0,Female,3.0,57962.38,2.0,5.0
4627262,9.0,113.0,43.0,Male,2.0,94519.81,5.0,8.0
7646044,5.0,66.0,76.0,Unknown,2.0,54889.74,0.0,3.0
1819473,14.0,172.0,53.5,Female,3.0,58606.41,3.0,6.0
5951934,10.0,129.0,27.5,Unknown,3.0,72280.20999999999,1.0,4.0
735487,23.0,277.0,41.0,Male,4.0,1646473.88,1.0,5.0
4594586,22.0,269.0,53.5,Male,2.0,157381.40999999997,3.0,6.0
1660205,21.0,263.0,79.0,Male,3.0,492266.54,6.0,9.0
6524781,20.0,245.0,65.0,Male,2.0,145711.41999999998,2.0,5.0
7059930,18.0,226.0,60.5,Male,2.0,128325.83,5.0,8.0
9097769,24.0,295.0,70.0,Male,3.0,499630.39,6.0,9.0
7897586,17.0,206.0,35.5,Male,2.0,83086.69,0.0,3.0
8312863,4.0,58.0,27.0,Unknown,2.0,40535.08,0.0,3.0
6535901,27.0,332.0,29.0,Male,2.0,66833.03,4.0,7.0
3224761,6.0,72.0,65.0,Unknown,2.0,32137.3,6.0,9.0
8064588,8.0,106.0,43.5,Male,2.0,31332.84,0.0,3.0
6214215,7.0,91.0,32.0,Unknown,2.0,47786.15,6.0,9.0
7202807,14.0,178.0,38.0,Female,2.0,80752.86,2.0,5.0
2067540,8.0,99.0,55.5,Unknown,3.0,124976.86,6.0,9.0
7847756,9.0,114.0,36.5,Male,2.0,61932.02,6.0,9.0
7994967,30.0,369.0,53.5,Female,2.0,72321.07,0.0,3.0
5546276,14.0,169.0,26.5,Female,2.0,39230.08,1.0,4.0
3348875,6.0,74.0,57.5,Unknown,2.0,51633.28999999999,1.0,4.0
5633078,5.0,60.0,43.5,Unknown,3.0,578214.91,4.0,7.0
8680867,11.0,141.0,39.5,Male,2.0,30933.51,6.0,9.0
1346422,5.0,68.0,56.5,Male,3.0,446133.08,1.0,4.0
4313487,6.0,74.0,49.5,Unknown,2.0,80665.78,4.0,7.0
9676725,4.0,58.0,52.0,Unknown,2.0,41823.85,0.0,3.0
773392,9.0,113.0,58.0,Female,2.0,100319.83,1.0,4.0
2843287,13.0,164.0,30.0,Female,2.0,30438.21,0.0,3.0
6800658,16.0,198.0,76.0,Male,2.0,77933.01,1.0,4.0
9591893,4.0,59.0,29.0,Unknown,2.0,57760.29,4.0,7.0
608014,5.0,68.0,31.5,Unknown,2.0,52747.78999999999,0.0,3.0
7758940,6.0,72.0,67.5,Unknown,2.0,25074.65,0.0,4.0
8470926,12.0,154.0,57.5,Female,2.0,61418.53,3.0,6.0
9083686,4.0,57.0,25.0,Unknown,2.0,42043.35,2.0,5.0
4319828,27.0,325.0,69.5,Male,3.0,389060.61,6.0,9.0
7933071,7.0,84.0,34.5,Unknown,3.0,84235.01999999999,6.0,9.0
4613757,5.0,70.0,36.5,Unknown,2.0,37950.99,5.0,8.0
1109566,6.0,75.0,21.5,Male,4.0,114047.06,5.0,8.0
7459131,15.0,189.0,59.5,Female,3.0,40984.59,1.0,4.0
4347990,20.0,242.0,61.5,Female,2.0,47986.67,3.0,6.0
2514831,7.0,87.0,27.0,Unknown,3.0,99196.48,3.0,6.0
9375283,15.0,189.0,52.0,Male,2.0,165226.78999999998,2.0,5.0
2454757,24.0,291.0,67.5,Male,2.0,163784.39,6.0,9.0
2477779,21.0,262.0,21.5,Female,2.0,29969.84,6.0,9.0
1248713,20.0,251.0,52.0,Male,2.0,79499.9,6.0,9.0
6815179,12.0,154.0,49.0,Male,2.0,50129.16,4.0,7.0
3238088,7.0,87.0,28.0,Unknown,2.0,50122.48,5.0,8.0
2170303,6.0,76.0,28.0,Male,2.0,56689.19,6.0,9.0
7460136,15.0,185.0,48.5,Unknown,2.0,41883.44,5.0,8.0
7964576,10.0,130.0,65.0,Female,2.0,48391.49,1.0,4.0
9570741,11.0,141.0,35.0,Female,3.0,65065.67,3.0,6.0
609661,13.0,164.0,38.0,Male,2.0,170993.02999999997,6.0,9.0
3091038,4.0,57.0,58.5,Unknown,4.0,1002153.24,6.0,9.0
8668342,5.0,62.0,38.5,Unknown,2.0,38717.19,0.0,3.0
3066822,5.0,61.0,55.5,Unknown,2.0,57177.02,3.0,6.0
6799854,19.0,237.0,70.5,Female,2.0,62361.42,1.0,4.0
5547433,5.0,62.0,31.5,Female,3.0,49325.02,1.0,4.0
9370587,5.0,60.0,51.0,Unknown,3.0,107451.5,1.0,4.0
2144544,6.0,82.0,59.5,Male,3.0,2840177.02,6.0,9.0
7471901,15.0,188.0,65.5,Male,2.0,76188.03,6.0,9.0
3135929,12.0,145.0,63.0,Female,2.0,59517.83,6.0,9.0
8111767,5.0,60.0,50.5,Unknown,2.0,39362.63,6.0,9.0
1545935,4.0,59.0,24.0,Female,3.0,52280.32,5.0,8.0
816977,6.0,72.0,50.0,Unknown,2.0,29372.17,0.0,3.0
5765309,14.0,178.0,33.0,Male,2.0,70380.69,0.0,3.0
1730224,12.0,149.0,57.0,Female,2.0,23795.52,0.0,3.0
110288,5.0,70.0,47.0,Unknown,3.0,46136.5,1.0,4.0
1982746,15.0,191.0,50.0,Male,2.0,193414.44,4.0,7.0
3679449,14.0,168.0,67.5,Male,2.0,54380.03,3.0,6.0
6350771,13.0,158.0,68.0,Male,2.0,143694.63,4.0,7.0
3831678,13.0,166.0,27.5,Male,2.0,57915.11,6.0,9.0
4875277,5.0,60.0,18.5,Unknown,3.0,54783.8,6.0,9.0
6041552,15.0,182.0,42.5,Male,2.0,260430.93,5.0,8.0
3513370,12.0,152.0,35.0,Male,2.0,179490.16999999998,6.0,9.0
8506460,16.0,193.0,37.5,Male,2.0,29866.13,1.0,4.0
1913536,16.0,202.0,47.5,Female,2.0,144109.71,0.0,3.0
372662,13.0,156.0,66.5,Male,2.0,29148.54,5.0,8.0
9174019,11.0,140.0,29.0,Female,2.0,26205.88,0.0,3.0
618262,6.0,72.0,27.5,Unknown,2.0,60939.1,6.0,9.0
2622714,15.0,180.0,62.5,Female,2.0,155689.90000000002,2.0,5.0
5952579,8.0,107.0,23.5,Male,2.0,56346.62,2.0,5.0
4284267,15.0,191.0,54.5,Female,2.0,92005.91,0.0,3.0
4337587,4.0,56.0,47.5,Unknown,3.0,68002.95999999999,4.0,7.0
2594560,20.0,242.0,56.0,Male,2.0,39245.03,5.0,8.0
5498249,22.0,273.0,28.0,Unknown,2.0,73369.20999999999,5.0,8.0
620760,22.0,271.0,66.0,Male,3.0,63776.33,6.0,9.0
4268219,29.0,357.0,65.0,Female,2.0,45545.83,1.0,4.0
1655754,21.0,257.0,53.5,Male,4.0,424795.11,1.0,4.0
2006522,21.0,252.0,30.5,Female,2.0,30389.23,1.0,5.0
6654494,20.0,241.0,44.0,Male,2.0,188242.89,0.0,3.0
9664772,19.0,236.0,57.5,Female,2.0,32048.19,3.0,6.0
146579,19.0,231.0,26.5,Male,3.0,183804.17,4.0,7.0
4811460,18.0,221.0,58.5,Female,3.0,31978.96,1.0,4.0
4143564,27.0,331.0,54.0,Female,4.0,331882.97,6.0,9.0
7671778,15.0,181.0,43.0,Male,2.0,339812.88,6.0,9.0
7204908,14.0,170.0,70.0,Male,2.0,332726.48,6.0,9.0
5459007,4.0,58.0,53.5,Female,2.0,35909.48,5.0,8.0
9115808,6.0,76.0,30.5,Unknown,2.0,40755.11,1.0,4.0
7037852,10.0,124.0,34.5,Female,2.0,43259.53999999999,4.0,7.0
8774014,14.0,173.0,60.5,Female,2.0,172925.90000000002,3.0,6.0
1334108,4.0,49.0,52.5,Unknown,2.0,25066.07,1.0,4.0
1442929,12.0,155.0,31.5,Male,5.0,524769.15,6.0,9.0
9027583,8.0,100.0,60.5,Unknown,2.0,77907.67,6.0,9.0
113964,12.0,155.0,53.0,Male,2.0,50369.36,6.0,9.0
1879536,16.0,199.0,43.5,Female,3.0,180664.51,6.0,9.0
8251530,13.0,165.0,36.5,Male,2.0,71963.45999999999,3.0,6.0
242019,7.0,92.0,25.0,Unknown,3.0,169405.7,6.0,9.0
5314127,5.0,70.0,27.5,Unknown,2.0,54011.15,3.0,6.0
1436462,15.0,189.0,53.5,Female,2.0,92899.02,3.0,6.0
2590779,12.0,155.0,49.5,Female,2.0,157786.91999999998,4.0,8.0
3647758,5.0,70.0,23.5,Unknown,2.0,50244.36,3.0,6.0
3121872,8.0,106.0,64.5,Female,2.0,88138.11,0.0,3.0
4792703,9.0,112.0,55.0,Female,2.0,331463.44,5.0,8.0
6791698,10.0,131.0,39.0,Male,2.0,23978.47,4.0,7.0
8246277,5.0,64.0,28.0,Unknown,2.0,46882.77,6.0,9.0
6971559,14.0,178.0,52.0,Male,2.0,352141.02,4.0,7.0
4968273,14.0,170.0,33.0,Female,2.0,60092.18,5.0,8.0
5696144,20.0,243.0,63.5,Unknown,2.0,31741.52,1.0,4.0
5305159,8.0,106.0,46.0,Female,3.0,122482.91,1.0,4.0
2578871,4.0,58.0,25.0,Unknown,2.0,25015.86,4.0,7.0
2195447,12.0,147.0,46.5,Male,2.0,123268.22,3.0,6.0
4429179,11.0,142.0,25.0,Female,2.0,52214.92,0.0,3.0
7830611,17.0,207.0,27.5,Male,3.0,129311.2,6.0,9.0
3322994,4.0,58.0,61.0,Unknown,2.0,25495.62,1.0,4.0
2282258,5.0,70.0,27.5,Male,2.0,30650.84,4.0,7.0
5773922,13.0,158.0,32.0,Female,2.0,52592.08,0.0,3.0
9317716,6.0,74.0,57.0,Unknown,2.0,123254.88,0.0,3.0
8592441,4.0,58.0,25.5,Unknown,3.0,51903.83,6.0,9.0
7713728,27.0,334.0,31.5,Female,2.0,79064.83,1.0,4.0
1059481,13.0,167.0,33.5,Unknown,2.0,23927.98,0.0,3.0
1840837,4.0,59.0,20.5,Unknown,2.0,31464.22,3.0,6.0
1700371,5.0,69.0,52.5,Unknown,3.0,34977.34,4.0,7.0
3528132,8.0,104.0,22.0,Male,2.0,25697.86,0.0,3.0
6101638,12.0,146.0,35.5,Male,2.0,39394.85,2.0,5.0
3740995,11.0,136.0,39.5,Male,4.0,492171.34,5.0,8.0
105026,15.0,180.0,62.5,Female,2.0,56041.6,6.0,9.0
2800486,5.0,67.0,27.5,Unknown,2.0,27847.73,0.0,3.0
8894138,11.0,132.0,25.5,Male,2.0,63781.0,3.0,6.0
126259,15.0,180.0,56.5,Female,2.0,199972.66,0.0,3.0
3413239,33.0,406.0,76.5,Female,2.0,183617.37,0.0,3.0
2418161,4.0,56.0,38.0,Female,2.0,35208.04,6.0,9.0
7536684,6.0,72.0,25.0,Unknown,2.0,47175.25,5.0,8.0
1319026,14.0,178.0,35.0,Male,2.0,41387.39,6.0,9.0
7882750,12.0,148.0,35.5,Female,3.0,143004.13,5.0,8.0
5850303,6.0,72.0,53.0,Male,2.0,85557.65,0.0,3.0
1541824,24.0,290.0,51.5,Male,2.0,120396.9,6.0,9.0
8406619,21.0,263.0,74.5,Female,3.0,138750.8,5.0,8.0
5328254,22.0,267.0,59.0,Male,2.0,426551.53,5.0,8.0
8523376,19.0,237.0,43.0,Female,2.0,49507.88,4.0,7.0
6048692,20.0,250.0,53.0,Male,2.0,131189.47,6.0,9.0
1555557,15.0,189.0,49.0,Female,2.0,82506.23999999999,6.0,9.0
9139415,15.0,185.0,49.0,Female,2.0,125986.69,2.0,5.0
9053571,5.0,67.0,23.0,Unknown,3.0,32295.27,2.0,5.0
2149205,8.0,104.0,25.0,Male,2.0,134543.91999999998,2.0,5.0
3833224,12.0,154.0,41.0,Female,3.0,64275.86,6.0,9.0
572142,13.0,156.0,54.5,Male,2.0,89015.15,2.0,5.0
893876,12.0,148.0,30.0,Male,2.0,84817.33,2.0,5.0
8234923,5.0,71.0,58.0,Unknown,2.0,52840.5,1.0,4.0
4999651,6.0,82.0,29.0,Unknown,2.0,55323.95,3.0,6.0
4115450,14.0,172.0,29.0,Male,2.0,43835.89,6.0,9.0
1748012,7.0,95.0,38.0,Unknown,3.0,158242.71999999997,6.0,9.0
5064000,6.0,74.0,29.0,Unknown,3.0,51508.07,3.0,6.0
4809494,10.0,124.0,27.0,Female,2.0,28627.06,2.0,5.0
5986383,8.0,99.0,26.5,Unknown,2.0,37113.8,6.0,9.0
2277142,22.0,274.0,60.5,Unknown,2.0,279262.37,1.0,5.0
3434569,4.0,57.0,28.0,Unknown,2.0,28065.53,2.0,5.0
5431578,16.0,195.0,47.0,Female,2.0,63077.35,1.0,4.0
6803166,7.0,85.0,48.5,Unknown,3.0,291503.16,6.0,9.0
3607797,5.0,70.0,77.0,Unknown,2.0,91347.1,4.0,7.0
9369908,7.0,94.0,48.0,Unknown,2.0,35159.33,1.0,4.0
2828520,10.0,131.0,38.0,Male,2.0,84588.81,6.0,9.0
6026089,15.0,180.0,44.0,Female,2.0,23810.66,3.0,6.0
6268778,29.0,356.0,62.0,Male,3.0,170102.81,6.0,9.0
3864921,6.0,75.0,62.5,Male,2.0,157057.15000000002,6.0,9.0
1988002,8.0,103.0,37.0,Unknown,2.0,43281.19,2.0,5.0
1230484,5.0,71.0,23.0,Unknown,2.0,65431.65,5.0,8.0
6356888,4.0,54.0,26.5,Male,2.0,41625.61,3.0,6.0
7010476,23.0,283.0,58.5,Male,2.0,98792.14,0.0,3.0
4611094,12.0,151.0,37.0,Female,3.0,72131.54999999999,6.0,9.0
9200854,10.0,130.0,40.5,Female,2.0,58309.06,2.0,5.0
4498809,12.0,151.0,67.5,Female,2.0,37767.75,2.0,5.0
870195,8.0,103.0,34.0,Female,2.0,63216.04,0.0,3.0
6611235,16.0,194.0,60.5,Male,2.0,54803.5,0.0,3.0
358223,6.0,80.0,24.0,Unknown,3.0,68380.20999999999,5.0,8.0
6283380,16.0,193.0,77.0,Female,2.0,221564.32,6.0,9.0
6929968,13.0,160.0,56.0,Female,2.0,373350.75,6.0,9.0
9843822,10.0,131.0,31.5,Male,2.0,26344.58,2.0,5.0
4834935,7.0,89.0,48.0,Unknown,2.0,80948.98,3.0,6.0
9330757,4.0,51.0,52.0,Unknown,2.0,25371.47,0.0,3.0
9309362,4.0,58.0,51.0,Unknown,2.0,47647.15,0.0,3.0
898300,11.0,141.0,66.5,Female,2.0,74885.15,5.0,8.0
1064476,16.0,193.0,45.5,Male,2.0,351411.91,0.0,3.0
7488361,15.0,187.0,52.0,Male,2.0,400685.35,2.0,5.0
619309,6.0,82.0,31.5,Unknown,2.0,25414.51,0.0,3.0
9979358,10.0,120.0,30.5,Male,2.0,38161.95,6.0,9.0
2111559,5.0,71.0,76.5,Male,2.0,92247.31,2.0,5.0
617786,6.0,82.0,30.0,Unknown,2.0,151985.38,1.0,4.0
3341219,8.0,99.0,32.5,Male,2.0,31787.22,4.0,7.0
3433766,24.0,289.0,65.5,Male,2.0,254017.13,1.0,4.0
2909998,22.0,270.0,28.5,Male,2.0,34241.149999999994,3.0,6.0
4388078,21.0,263.0,46.5,Male,3.0,77712.44,2.0,5.0
6783734,21.0,261.0,46.0,Male,2.0,264856.94,4.0,7.0
8446937,21.0,260.0,45.0,Female,2.0,46955.8,2.0,5.0
3249076,17.0,205.0,61.5,Female,2.0,36374.35,0.0,3.0
6156794,28.0,337.0,70.0,Female,2.0,44175.03,1.0,4.0
1033902,2.0,34.0,35.5,Unknown,2.0,98199.34,6.0,9.0
1715507,10.0,130.0,32.0,Male,2.0,117699.82,4.0,7.0
1153686,7.0,92.0,32.0,Unknown,4.0,91303.63,6.0,9.0
4036960,13.0,166.0,45.0,Female,2.0,173056.82,1.0,4.0
1211285,10.0,123.0,57.0,Female,2.0,41222.78999999999,1.0,4.0
8672723,12.0,149.0,48.0,Female,3.0,64933.72,2.0,5.0
6248859,9.0,110.0,74.0,Male,2.0,215134.3,6.0,9.0
3054355,6.0,73.0,40.5,Unknown,3.0,172651.5,6.0,9.0
8664694,8.0,98.0,57.0,Male,2.0,140850.16999999998,5.0,8.0
6834869,15.0,181.0,45.5,Male,3.0,190631.99,1.0,4.0
4306172,15.0,180.0,66.0,Male,2.0,51295.92999999999,3.0,6.0
6197016,5.0,67.0,28.5,Unknown,2.0,38007.35,3.0,6.0
9242498,6.0,80.0,25.0,Unknown,2.0,43002.65,6.0,9.0
682367,13.0,166.0,62.0,Male,2.0,111558.52,0.0,3.0
4450932,10.0,129.0,40.5,Female,2.0,33837.25,0.0,3.0
7730070,10.0,121.0,67.0,Male,2.0,429922.37,5.0,8.0
1407652,6.0,73.0,39.5,Unknown,2.0,26613.77,0.0,3.0
6300438,12.0,151.0,29.5,Male,2.0,316398.26,6.0,9.0
5401534,10.0,122.0,33.0,Male,2.0,26812.43,0.0,3.0
7207344,6.0,83.0,59.5,Unknown,2.0,57396.96,4.0,7.0
4538131,15.0,184.0,72.0,Female,2.0,64574.07,4.0,7.0
930021,5.0,66.0,32.0,Male,3.0,138237.39,5.0,8.0
2371810,5.0,68.0,22.0,Unknown,2.0,35012.52,2.0,5.0
9752107,13.0,166.0,44.5,Male,2.0,55655.1,0.0,3.0
1117967,5.0,70.0,33.0,Unknown,2.0,224554.5,0.0,3.0
8365651,4.0,58.0,44.5,Unknown,2.0,45051.11,1.0,4.0
8807567,11.0,133.0,35.0,Female,3.0,48823.23,6.0,9.0
7867800,9.0,109.0,58.0,Female,2.0,63640.86,0.0,3.0
5364272,8.0,102.0,50.5,Unknown,2.0,73240.28,0.0,3.0
1516875,12.0,153.0,51.5,Female,2.0,310189.19,1.0,4.0
9099523,10.0,131.0,25.0,Male,3.0,103848.74,4.0,7.0
7842221,14.0,178.0,31.5,Female,3.0,87782.81,5.0,8.0
349305,16.0,203.0,42.0,Female,2.0,345959.89,6.0,9.0
5384379,14.0,178.0,50.5,Female,2.0,45956.62,1.0,4.0
6816658,6.0,73.0,52.5,Unknown,2.0,43413.34,2.0,5.0
9280874,5.0,71.0,46.5,Unknown,3.0,246226.85,6.0,9.0
8290983,22.0,266.0,22.0,Male,3.0,101852.22,4.0,7.0
7322871,23.0,280.0,39.0,Unknown,2.0,115118.19,3.0,6.0
3935125,22.0,272.0,65.5,Male,5.0,1805744.66,5.0,8.0
2918665,22.0,268.0,45.5,Male,3.0,143982.53,4.0,7.0
1887810,27.0,334.0,44.0,Female,3.0,261000.75,1.0,4.0
789006,19.0,237.0,63.5,Male,2.0,37371.13,0.0,3.0
6997208,19.0,234.0,25.0,Male,3.0,131519.91999999998,6.0,9.0
7441620,17.0,211.0,73.5,Female,2.0,115734.89,3.0,6.0
2071011,5.0,71.0,27.5,Unknown,2.0,35587.39,0.0,3.0
5579180,11.0,140.0,33.0,Male,2.0,75895.1,2.0,5.0
2719237,5.0,67.0,26.5,Unknown,2.0,38249.77,1.0,4.0
3887603,11.0,140.0,34.5,Male,2.0,122041.5,6.0,9.0
404861,10.0,128.0,35.5,Female,2.0,46065.53999999999,0.0,3.0
9457273,15.0,190.0,36.5,Male,2.0,160440.21999999997,6.0,9.0
4601207,13.0,167.0,48.0,Male,2.0,446944.25,6.0,9.0
8536418,7.0,86.0,67.0,Unknown,2.0,49517.07,2.0,5.0
9419152,11.0,139.0,58.5,Male,2.0,178944.86,6.0,9.0
2651501,12.0,155.0,60.0,Male,2.0,131473.26,0.0,3.0
624870,15.0,182.0,35.0,Female,2.0,102347.58,2.0,5.0
455693,11.0,142.0,45.0,Female,3.0,184522.73,6.0,9.0
7234431,14.0,171.0,36.0,Male,2.0,143513.11,6.0,9.0
4709127,14.0,173.0,53.5,Female,2.0,497141.99,4.0,7.0
1511216,11.0,138.0,41.0,Male,4.0,241249.87,3.0,7.0
5205052,9.0,116.0,27.5,Female,4.0,97938.61,6.0,9.0
6772517,12.0,145.0,46.5,Female,2.0,258778.98,6.0,9.0
7215479,5.0,66.0,31.0,Male,3.0,39987.62,6.0,9.0
3376992,7.0,91.0,84.0,Unknown,2.0,161725.33000000002,6.0,9.0
4288097,16.0,192.0,35.0,Male,4.0,254071.45,4.0,7.0
7123759,15.0,184.0,54.0,Female,2.0,24127.56,1.0,4.0
1955808,5.0,66.0,66.5,Female,2.0,47986.15,2.0,6.0
1763518,10.0,130.0,33.5,Female,2.0,31223.49,2.0,5.0
4596170,15.0,188.0,21.5,Male,2.0,47249.52,4.0,7.0
8886146,13.0,165.0,64.5,Male,2.0,87248.29999999999,2.0,5.0
916483,13.0,156.0,52.5,Male,3.0,144130.47999999998,0.0,3.0
6166472,10.0,130.0,36.5,Female,2.0,72153.45999999999,4.0,7.0
2201574,11.0,142.0,66.5,Male,2.0,263678.62,6.0,9.0
8537321,4.0,56.0,37.5,Female,3.0,63353.09,1.0,4.0
3402314,24.0,299.0,59.0,Male,3.0,752737.55,5.0,8.0
8804260,4.0,59.0,26.5,Unknown,3.0,37295.66,2.0,5.0
31336,10.0,123.0,28.5,Male,3.0,50968.89,6.0,9.0
3726737,15.0,189.0,59.0,Male,2.0,37364.43,1.0,4.0
3907225,5.0,67.0,46.5,Unknown,2.0,86901.9,0.0,3.0
1363007,11.0,143.0,33.0,Male,2.0,65644.51,6.0,9.0
3522501,16.0,193.0,64.5,Female,2.0,190090.87,6.0,9.0
2157524,12.0,147.0,65.0,Female,2.0,100359.77,6.0,9.0
2981107,10.0,123.0,35.0,Female,2.0,87759.04999999999,2.0,5.0
741142,5.0,68.0,38.5,Unknown,3.0,84781.37,3.0,7.0
7718245,30.0,361.0,61.5,Female,2.0,43688.69,0.0,3.0
1050592,21.0,260.0,77.0,Male,2.0,24841.48,0.0,3.0
3941526,6.0,76.0,30.0,Female,2.0,85688.98999999999,0.0,3.0
7086102,16.0,197.0,63.5,Unknown,2.0,73106.16,0.0,3.0
9634085,4.0,57.0,31.5,Male,3.0,55190.39,2.0,5.0
4130407,24.0,298.0,21.5,Male,2.0,70611.69,2.0,5.0
714671,24.0,291.0,78.0,Male,3.0,104386.66,5.0,8.0
8407471,23.0,279.0,39.5,Female,3.0,103817.77,1.0,4.0
6768173,21.0,257.0,36.0,Female,2.0,62282.44,4.0,7.0
9261499,28.0,340.0,64.5,Female,2.0,180535.93,0.0,3.0
339258,18.0,225.0,42.0,Male,4.0,716237.15,2.0,5.0
294716,17.0,204.0,37.5,Male,2.0,58835.02,2.0,5.0
8817814,4.0,52.0,54.5,Unknown,3.0,57808.51,1.0,4.0
9391701,8.0,99.0,58.0,Unknown,2.0,142126.88,1.0,4.0
3159189,4.0,56.0,56.5,Female,3.0,581932.7200000001,6.0,9.0
9928657,5.0,67.0,32.0,Male,2.0,29978.92,1.0,4.0
318849,5.0,60.0,26.5,Unknown,3.0,56132.14,5.0,8.0
6877771,6.0,72.0,37.5,Female,2.0,285344.6,6.0,9.0
5968137,26.0,320.0,60.5,Unknown,2.0,80922.20999999999,6.0,9.0
4541117,6.0,74.0,58.5,Female,2.0,106033.66,5.0,8.0
8289071,6.0,72.0,32.5,Female,3.0,54891.73,6.0,9.0
7581223,15.0,184.0,72.0,Unknown,2.0,75441.81,1.0,4.0
8298512,6.0,74.0,29.5,Female,2.0,26843.66,1.0,4.0
3306703,4.0,59.0,64.0,Unknown,3.0,168414.71999999997,3.0,6.0
6885955,9.0,119.0,30.0,Female,2.0,88501.13,2.0,5.0
6259825,9.0,113.0,30.0,Female,4.0,120239.95,6.0,9.0
8036648,14.0,179.0,57.5,Female,2.0,119328.6,1.0,4.0
8209092,8.0,106.0,52.5,Female,2.0,38923.87,1.0,4.0
8104112,14.0,177.0,46.0,Female,2.0,152929.64,2.0,5.0
9774877,9.0,119.0,43.5,Female,2.0,32508.06,5.0,8.0
749270,9.0,115.0,51.5,Male,2.0,506518.37,6.0,9.0
3816965,5.0,71.0,24.5,Unknown,3.0,64847.92,6.0,9.0
9857448,13.0,156.0,62.5,Male,2.0,23808.93,0.0,3.0
905413,5.0,71.0,46.5,Female,3.0,175063.84000000003,5.0,9.0
7034676,17.0,204.0,51.5,Female,2.0,25202.01,0.0,3.0
431793,6.0,80.0,34.0,Unknown,2.0,50619.89,6.0,9.0
7393657,13.0,163.0,40.5,Female,2.0,78283.14,0.0,3.0
8551376,24.0,297.0,60.5,Male,3.0,40128.05,2.0,5.0
1580013,8.0,106.0,64.5,Male,2.0,81874.69,0.0,3.0
8854822,11.0,142.0,26.5,Female,2.0,42430.98,1.0,4.0
2645953,14.0,172.0,30.0,Male,2.0,62359.68,3.0,6.0
4907030,8.0,96.0,49.5,Unknown,2.0,87962.56,4.0,7.0
9609949,13.0,160.0,28.0,Male,5.0,118304.9,6.0,9.0
9230421,4.0,58.0,40.5,Unknown,2.0,29458.41,0.0,3.0
6310288,13.0,167.0,27.5,Female,3.0,58880.64,3.0,6.0
656935,7.0,95.0,32.5,Unknown,2.0,182271.63,6.0,9.0
4357479,11.0,141.0,37.0,Female,2.0,26943.15,0.0,3.0
8607482,4.0,55.0,56.0,Unknown,2.0,166466.90999999997,6.0,9.0
4614469,6.0,74.0,29.5,Unknown,2.0,1109920.51,1.0,4.0
7691372,24.0,288.0,51.5,Female,3.0,46973.44,6.0,9.0
233391,22.0,268.0,45.5,Female,3.0,977512.31,3.0,6.0
5769716,20.0,251.0,76.0,Male,3.0,341588.82,4.0,7.0
160466,20.0,250.0,54.5,Male,3.0,847428.9400000001,1.0,7.0
5400744,20.0,250.0,42.5,Female,2.0,50073.81,0.0,3.0
6271685,20.0,248.0,62.0,Male,2.0,27199.11,3.0,6.0
6720405,22.0,273.0,75.5,Male,3.0,685202.7000000001,6.0,9.0
4634126,19.0,229.0,37.0,Male,3.0,36132.15,0.0,3.0
8187863,17.0,214.0,67.5,Unknown,2.0,142329.27000000002,3.0,6.0
6277814,17.0,212.0,37.5,Female,3.0,76118.98,6.0,9.0
5979866,17.0,205.0,24.0,Female,2.0,40548.75,3.0,6.0
6208685,13.0,164.0,64.5,Female,2.0,75976.01,0.0,3.0
4869758,10.0,126.0,33.5,Female,2.0,72074.78,6.0,9.0
7736224,5.0,67.0,24.5,Unknown,2.0,60975.29,6.0,9.0
1963998,8.0,106.0,38.0,Female,2.0,42614.28999999999,1.0,4.0
4504578,13.0,166.0,38.5,Male,3.0,49172.9,2.0,5.0
1812459,5.0,70.0,37.0,Male,2.0,29389.11,0.0,3.0
4066835,10.0,127.0,26.0,Male,3.0,41169.6,6.0,9.0
1406494,14.0,172.0,42.0,Male,2.0,55242.27,5.0,8.0
9207913,5.0,71.0,39.5,Male,2.0,98583.15,1.0,4.0
635924,5.0,63.0,46.0,Unknown,2.0,34200.11,3.0,6.0
7229568,17.0,210.0,41.0,Male,2.0,141354.14,3.0,6.0
8149895,19.0,233.0,70.0,Male,2.0,299682.27,4.0,7.0
5547154,9.0,117.0,49.0,Male,2.0,207527.11,6.0,9.0
3652521,26.0,318.0,72.0,Female,2.0,43560.01,0.0,3.0
351533,7.0,85.0,29.5,Unknown,2.0,33637.53,5.0,8.0
4008901,9.0,110.0,57.0,Female,2.0,41247.98,0.0,3.0
9157623,6.0,78.0,30.5,Male,2.0,74154.84,0.0,3.0
7798595,5.0,69.0,43.5,Unknown,2.0,44072.95,2.0,5.0
8512525,26.0,322.0,67.0,Male,2.0,208967.09000000003,2.0,5.0
9679275,10.0,124.0,46.0,Male,3.0,69010.37,6.0,9.0
3131528,14.0,169.0,42.5,Female,3.0,76495.84,4.0,7.0
3548100,29.0,355.0,87.0,Male,3.0,289989.45,4.0,8.0
7654427,5.0,69.0,29.5,Unknown,2.0,94776.13,1.0,4.0
7778763,10.0,131.0,62.5,Female,2.0,124182.33,1.0,4.0
7872843,14.0,173.0,65.5,Male,2.0,82215.92,6.0,9.0
273469,4.0,59.0,22.0,Unknown,2.0,43747.65,0.0,4.0
9837958,5.0,71.0,23.0,Unknown,2.0,30193.69,0.0,3.0
1470316,8.0,98.0,57.0,Unknown,2.0,59740.04,1.0,4.0
6727811,4.0,51.0,65.0,Unknown,2.0,170190.90999999997,0.0,3.0
6913812,16.0,195.0,59.5,Male,2.0,155444.15999999997,6.0,9.0
125022,7.0,92.0,45.5,Unknown,2.0,207836.19,6.0,9.0
1878553,12.0,145.0,49.5,Male,2.0,57385.08,3.0,6.0
9554896,13.0,166.0,57.0,Unknown,2.0,127779.34,1.0,4.0
6874208,14.0,175.0,59.5,Female,2.0,84453.07,6.0,9.0
4660220,5.0,69.0,58.5,Unknown,2.0,47228.53999999999,6.0,9.0
4096660,21.0,258.0,23.5,Female,3.0,114949.92,1.0,4.0
6129891,14.0,179.0,40.5,Male,2.0,27742.09,1.0,4.0
8177492,10.0,130.0,44.0,Male,2.0,66213.04999999999,4.0,7.0
1262291,14.0,174.0,47.0,Male,3.0,1468559.09,3.0,7.0
80006,29.0,349.0,71.5,Male,2.0,107857.11,6.0,9.0
7998392,7.0,84.0,61.0,Female,2.0,197440.46,6.0,9.0
6137908,18.0,217.0,37.5,Female,2.0,116948.81,0.0,3.0
6947005,23.0,287.0,54.5,Female,2.0,46290.1,1.0,4.0
1545335,23.0,286.0,46.0,Male,2.0,149795.75,6.0,9.0
9267234,23.0,285.0,27.0,Female,2.0,24335.85,2.0,5.0
4422924,22.0,268.0,62.5,Male,2.0,309056.06,5.0,8.0
2810561,22.0,267.0,72.5,Male,2.0,1126345.0699999998,4.0,8.0
7287229,21.0,257.0,48.5,Female,2.0,201089.6,3.0,6.0
4465200,20.0,241.0,54.5,Female,3.0,161814.94,4.0,7.0
1012399,19.0,235.0,36.5,Male,2.0,29895.64,6.0,9.0
6253802,18.0,226.0,68.5,Unknown,2.0,414111.22,6.0,9.0
2559205,27.0,324.0,34.5,Male,4.0,595977.01,5.0,8.0
3637020,13.0,165.0,32.0,Female,2.0,24120.35,4.0,7.0
718351,4.0,59.0,61.0,Unknown,2.0,35832.759999999995,4.0,7.0
4988104,12.0,154.0,52.5,Male,2.0,474218.14,2.0,5.0
8168445,5.0,69.0,67.5,Unknown,2.0,228716.28,6.0,9.0
5830053,7.0,88.0,37.0,Unknown,2.0,41468.23,6.0,9.0
3412472,15.0,183.0,42.0,Female,2.0,54928.22,1.0,4.0
2654776,6.0,72.0,54.5,Unknown,2.0,61578.6,3.0,6.0
5719127,32.0,385.0,58.5,Female,3.0,2123709.14,3.0,7.0
9854171,17.0,209.0,49.0,Unknown,2.0,334689.57,6.0,9.0
6497062,6.0,78.0,42.5,Unknown,2.0,44321.2,2.0,5.0
7033990,5.0,68.0,23.0,Unknown,2.0,29794.33,1.0,4.0
1126811,4.0,58.0,48.0,Unknown,2.0,40755.77,2.0,5.0
966341,5.0,71.0,45.0,Unknown,2.0,52004.95,0.0,3.0
1901853,5.0,67.0,49.0,Unknown,2.0,54871.03,2.0,5.0
5499472,10.0,131.0,57.0,Male,2.0,61321.74,1.0,4.0
292316,5.0,69.0,30.0,Unknown,3.0,48187.09,3.0,6.0
4275169,14.0,178.0,59.5,Female,2.0,63820.42,2.0,5.0
5921317,7.0,88.0,61.5,Unknown,2.0,45913.65,5.0,8.0
7019677,12.0,145.0,65.5,Male,3.0,205749.49,4.0,7.0
7809143,16.0,196.0,70.5,Male,3.0,1019687.43,5.0,8.0
7553845,15.0,189.0,37.5,Male,2.0,224444.02,1.0,4.0
9447860,15.0,182.0,39.0,Female,2.0,25000.24,1.0,4.0
1474113,8.0,98.0,67.0,Male,2.0,221409.76,2.0,5.0
9918317,4.0,56.0,19.5,Unknown,2.0,29390.04,6.0,9.0
1766464,5.0,69.0,67.5,Unknown,3.0,723918.4600000001,6.0,9.0
5025164,14.0,179.0,34.0,Male,2.0,73019.98999999999,4.0,7.0
8956495,4.0,58.0,43.5,Unknown,2.0,42767.62,0.0,3.0
8047851,7.0,95.0,31.5,Unknown,3.0,210588.85,6.0,9.0
914160,7.0,84.0,29.5,Unknown,2.0,39363.34,6.0,9.0
7588400,5.0,70.0,37.5,Unknown,4.0,773494.67,3.0,6.0
4968964,14.0,168.0,35.5,Male,2.0,59191.3,3.0,6.0
3005990,4.0,55.0,28.0,Unknown,2.0,27818.03,2.0,5.0
1101682,7.0,89.0,23.5,Unknown,2.0,46929.61,3.0,6.0
1331970,6.0,79.0,33.5,Male,2.0,45521.3,3.0,6.0
3002266,5.0,65.0,50.0,Unknown,2.0,54821.83,2.0,5.0
2421681,11.0,135.0,30.5,Male,3.0,48980.81,5.0,8.0
91633,13.0,161.0,66.5,Female,2.0,215699.98,3.0,6.0
5149024,33.0,407.0,84.0,Male,3.0,218641.63,1.0,4.0
3769005,23.0,276.0,58.0,Male,2.0,103948.94,0.0,3.0
347076,35.0,427.0,54.0,Female,2.0,149285.41,2.0,5.0
1403776,19.0,229.0,68.0,Male,2.0,53751.53999999999,2.0,5.0
7070345,18.0,227.0,68.0,Female,2.0,58430.83,2.0,5.0
5661956,18.0,217.0,44.5,Unknown,2.0,27240.73,2.0,5.0
6955764,17.0,209.0,57.5,Unknown,2.0,327703.24,6.0,9.0
8883994,17.0,211.0,57.0,Female,3.0,106927.6,5.0,8.0
4427449,28.0,347.0,67.0,Female,2.0,117560.71,0.0,3.0
4022550,7.0,88.0,55.0,Unknown,2.0,946274.64,4.0,7.0
9991076,4.0,58.0,46.5,Unknown,2.0,42584.71,2.0,5.0
4827632,6.0,73.0,25.5,Unknown,2.0,25419.68,1.0,4.0
233601,18.0,220.0,40.5,Male,2.0,284331.74,3.0,6.0
2572041,9.0,118.0,63.0,Female,2.0,32229.82,6.0,9.0
3461707,12.0,147.0,40.0,Unknown,3.0,56768.9,6.0,9.0
3099006,14.0,174.0,59.5,Female,2.0,210402.52,4.0,7.0
4536542,5.0,67.0,65.0,Female,2.0,124845.76,2.0,5.0
9420825,28.0,340.0,64.5,Female,3.0,211894.32,2.0,5.0
9892434,12.0,155.0,30.5,Male,2.0,535755.06,6.0,9.0
229701,4.0,58.0,59.0,Unknown,2.0,91654.77,2.0,5.0
9152473,15.0,180.0,36.5,Male,2.0,41464.76,0.0,3.0
5597529,7.0,95.0,72.0,Unknown,2.0,68767.9,6.0,9.0
7743934,10.0,120.0,42.5,Male,2.0,37770.92,6.0,9.0
8725703,7.0,89.0,28.0,Unknown,2.0,34110.7,6.0,9.0
9873583,16.0,193.0,48.0,Male,2.0,136414.68,3.0,6.0
181254,7.0,93.0,55.5,Male,4.0,318329.98,6.0,9.0
2934738,15.0,181.0,67.5,Male,2.0,44368.35,5.0,8.0
4313134,8.0,106.0,64.5,Male,2.0,48024.61,4.0,7.0
9436398,7.0,92.0,46.5,Male,2.0,128299.74,4.0,7.0
7199448,8.0,104.0,46.0,Male,2.0,140685.99,1.0,4.0
1844002,25.0,301.0,49.5,Female,3.0,35946.36,4.0,7.0
7778106,9.0,119.0,59.0,Male,2.0,102494.42,3.0,6.0
951158,10.0,127.0,27.5,Female,2.0,53325.86,3.0,6.0
4972503,13.0,167.0,36.5,Female,2.0,71269.62,1.0,4.0
9435851,10.0,121.0,38.0,Unknown,2.0,97845.25,1.0,4.0
6346107,9.0,116.0,26.0,Female,2.0,38838.26,6.0,9.0
7597144,5.0,67.0,67.0,Male,2.0,140305.91,5.0,8.0
9247313,4.0,59.0,35.5,Unknown,2.0,27074.81,4.0,7.0
4779111,6.0,76.0,27.5,Unknown,3.0,49832.81,6.0,9.0
9659818,5.0,71.0,22.5,Unknown,2.0,616999.61,6.0,9.0
5892103,4.0,58.0,42.0,Unknown,2.0,37647.71,1.0,4.0
3158600,6.0,77.0,30.0,Unknown,2.0,36983.22,6.0,9.0
4849973,5.0,67.0,65.0,Unknown,2.0,25509.31,1.0,4.0
947050,14.0,168.0,45.0,Male,2.0,85527.39,3.0,6.0
3192941,6.0,82.0,63.5,Female,2.0,42709.58,0.0,3.0
4489429,12.0,150.0,45.5,Male,2.0,37471.46,1.0,4.0
1170647,5.0,64.0,42.5,Male,3.0,142749.41999999998,0.0,4.0
8285322,16.0,201.0,58.0,Male,2.0,132881.49,5.0,8.0
5245678,22.0,275.0,19.5,Male,2.0,29668.3,2.0,5.0
2008219,22.0,272.0,81.0,Male,2.0,34446.13,3.0,6.0
7900848,22.0,265.0,46.5,Female,2.0,30062.57,2.0,5.0
3379219,20.0,251.0,66.5,Male,3.0,221865.76,3.0,6.0
9304931,20.0,251.0,51.0,Female,3.0,99551.89,1.0,4.0
1518898,20.0,244.0,65.0,Male,2.0,127664.18,2.0,5.0
1613439,9.0,119.0,55.5,Female,2.0,250706.55,2.0,5.0
9950926,7.0,93.0,31.0,Unknown,2.0,53753.48,6.0,9.0
3949712,10.0,121.0,30.5,Female,2.0,45165.47,4.0,7.0
3938405,15.0,189.0,49.0,Male,2.0,576388.52,5.0,8.0
5226970,6.0,72.0,28.0,Unknown,2.0,27195.37,6.0,9.0
7697675,6.0,72.0,28.0,Female,3.0,46295.62,2.0,5.0
9582266,21.0,253.0,60.0,Male,5.0,293342.45,6.0,9.0
5872502,12.0,147.0,55.0,Female,2.0,88311.39,0.0,3.0
694766,7.0,87.0,51.5,Unknown,2.0,104521.81,5.0,8.0
3704866,4.0,58.0,41.0,Unknown,2.0,42891.22,6.0,9.0
6899381,6.0,76.0,32.0,Unknown,2.0,29436.28,3.0,6.0
8388761,4.0,59.0,38.5,Unknown,3.0,63185.18,6.0,9.0
5018154,16.0,193.0,20.5,Unknown,2.0,27466.59,0.0,3.0
5247686,10.0,126.0,53.5,Female,2.0,78515.81,6.0,9.0
6984142,5.0,67.0,50.0,Unknown,3.0,65896.95999999999,5.0,8.0
9933481,14.0,171.0,63.5,Female,2.0,233618.09000000003,2.0,5.0
2764519,4.0,58.0,32.5,Unknown,2.0,50612.21,2.0,5.0
207721,25.0,311.0,27.0,Male,2.0,97865.81,0.0,3.0
9328412,5.0,65.0,69.0,Unknown,2.0,278011.17,1.0,5.0
8046030,8.0,97.0,28.0,Unknown,3.0,66394.51999999999,6.0,9.0
3648865,3.0,47.0,50.5,Unknown,2.0,78806.13,0.0,4.0
351374,8.0,98.0,59.0,Male,2.0,247098.46,5.0,8.0
6148272,5.0,64.0,21.5,Unknown,3.0,210221.01,6.0,9.0
1279440,13.0,161.0,58.0,Male,2.0,97855.86,6.0,9.0
9294070,5.0,70.0,29.0,Unknown,2.0,34254.54,0.0,3.0
26105,5.0,65.0,33.0,Unknown,2.0,80349.53,0.0,3.0
3200955,7.0,85.0,40.5,Unknown,2.0,156756.99,2.0,5.0
2701022,16.0,203.0,43.0,Female,3.0,118753.61,1.0,4.0
6134713,15.0,191.0,29.5,Female,2.0,75784.62,2.0,5.0
3964465,13.0,167.0,52.5,Female,2.0,35861.99,3.0,6.0
9209699,7.0,88.0,63.0,Unknown,2.0,686282.2200000001,3.0,6.0
1729247,5.0,70.0,35.5,Unknown,3.0,96098.57,0.0,3.0
7129956,11.0,140.0,42.0,Male,2.0,75206.16,2.0,5.0
3534994,13.0,158.0,64.5,Male,2.0,1260026.15,2.0,5.0
2036184,6.0,83.0,28.0,Unknown,2.0,32261.82,5.0,8.0
4019355,17.0,207.0,67.5,Male,2.0,258054.46,4.0,7.0
2473387,14.0,174.0,58.5,Unknown,2.0,29192.78,1.0,4.0
3323243,12.0,145.0,39.0,Male,3.0,130752.81,6.0,9.0
5782085,7.0,93.0,78.5,Unknown,2.0,97642.69,4.0,7.0
1489328,11.0,143.0,31.5,Female,3.0,90814.71,6.0,9.0
4893132,16.0,201.0,66.5,Female,2.0,302865.82,6.0,9.0
970290,6.0,82.0,34.5,Unknown,2.0,48362.62,3.0,6.0
6440568,22.0,274.0,51.0,Male,2.0,245935.44,4.0,7.0
4350221,5.0,69.0,33.5,Unknown,2.0,46329.81,3.0,6.0
9124545,4.0,57.0,37.5,Unknown,2.0,77727.37,6.0,9.0
7357290,12.0,145.0,40.0,Female,2.0,146294.82,6.0,9.0
5805358,14.0,170.0,45.0,Male,2.0,50447.32,5.0,8.0
7159545,15.0,182.0,64.0,Female,2.0,29873.85,4.0,7.0
2378550,21.0,263.0,39.0,Male,3.0,321269.58,6.0,9.0
2541876,20.0,242.0,43.0,Female,3.0,55447.39,0.0,3.0
6087632,18.0,226.0,57.0,Female,2.0,101357.87,6.0,9.0
5258687,19.0,230.0,61.0,Male,2.0,280060.74,2.0,5.0
9693798,6.0,73.0,66.0,Unknown,2.0,40171.71,2.0,5.0
218777,5.0,70.0,23.5,Unknown,2.0,34951.34,1.0,4.0
8716728,12.0,144.0,52.0,Female,2.0,337198.78,4.0,7.0
8919250,6.0,72.0,28.0,Unknown,2.0,55596.23,2.0,5.0
2946941,6.0,82.0,25.0,Male,3.0,48672.11,4.0,7.0
4759918,11.0,139.0,53.0,Male,2.0,104613.52,1.0,4.0
8109733,5.0,70.0,45.0,Unknown,2.0,24845.73,2.0,5.0
4221751,38.0,464.0,58.0,Male,2.0,95325.55,0.0,3.0
9448063,15.0,184.0,54.0,Female,2.0,59286.9,3.0,6.0
8412648,27.0,324.0,66.0,Male,2.0,101299.02,6.0,9.0
7426981,6.0,72.0,31.0,Unknown,2.0,33321.31,5.0,8.0
1851604,8.0,102.0,29.0,Unknown,3.0,104779.46,2.0,5.0
2836159,5.0,67.0,25.5,Unknown,2.0,25837.26,4.0,7.0
5894785,9.0,109.0,47.0,Female,2.0,31209.12,0.0,3.0
9932494,8.0,98.0,30.0,Female,2.0,25494.78,3.0,6.0
3681755,5.0,70.0,57.5,Male,2.0,111628.68,0.0,3.0
6725598,5.0,67.0,22.5,Unknown,2.0,25067.21,2.0,5.0
5484187,25.0,305.0,76.0,Female,2.0,204701.66,2.0,5.0
6752043,7.0,84.0,58.5,Unknown,2.0,430446.07,4.0,7.0
8986034,15.0,181.0,58.0,Male,2.0,30795.45,5.0,8.0
6650285,5.0,65.0,31.5,Unknown,2.0,28146.44,1.0,4.0
5733841,14.0,168.0,44.0,Female,2.0,127455.58,1.0,4.0
8803535,25.0,310.0,30.0,Female,2.0,31841.87,3.0,6.0
1020725,15.0,186.0,81.0,Male,2.0,532794.4500000001,6.0,9.0
8307421,8.0,107.0,51.0,Male,3.0,339918.06,5.0,8.0
7900295,10.0,129.0,54.0,Female,2.0,79184.37,2.0,5.0
7951845,13.0,164.0,28.0,Female,2.0,119821.63,1.0,4.0
4573220,5.0,71.0,27.0,Unknown,2.0,24166.37,0.0,3.0
8625701,5.0,69.0,20.0,Unknown,3.0,89736.70999999999,5.0,8.0
2084978,6.0,72.0,62.5,Unknown,2.0,71846.09,3.0,6.0
3465959,12.0,155.0,35.0,Unknown,3.0,80149.97,2.0,5.0
6632683,16.0,197.0,44.0,Female,2.0,281898.86,2.0,5.0
4059081,10.0,131.0,60.5,Female,2.0,39584.81,0.0,3.0
6346474,10.0,121.0,54.5,Female,2.0,71218.1,6.0,9.0
6025724,12.0,154.0,67.5,Female,2.0,44668.07,3.0,6.0
5142424,9.0,118.0,52.0,Female,3.0,264788.33,0.0,3.0
5161092,11.0,141.0,73.0,Unknown,2.0,49380.16,6.0,9.0
1100947,4.0,56.0,22.5,Unknown,2.0,57918.37,3.0,6.0
9633573,24.0,295.0,71.5,Female,2.0,1366659.2999999998,6.0,9.0
4036345,21.0,253.0,40.0,Male,4.0,173152.71000000002,5.0,8.0
2649354,24.0,288.0,65.5,Female,2.0,73756.33,4.0,7.0
3941116,20.0,244.0,67.5,Male,3.0,87625.85,6.0,9.0
1866350,19.0,231.0,21.0,Female,3.0,44488.88,6.0,9.0
4525630,17.0,212.0,50.0,Male,2.0,246690.53,1.0,4.0
5060776,12.0,154.0,35.5,Male,2.0,29410.86,1.0,4.0
5412595,4.0,56.0,26.0,Unknown,2.0,33228.97,1.0,4.0
7415005,13.0,165.0,51.0,Male,2.0,70514.81,6.0,9.0
6052127,14.0,178.0,47.5,Male,2.0,23880.63,1.0,4.0
9115212,33.0,397.0,83.0,Female,2.0,112925.79,0.0,3.0
4301516,15.0,189.0,50.5,Male,2.0,24059.62,1.0,4.0
7417737,5.0,65.0,34.5,Male,2.0,376943.49,3.0,6.0
42725,4.0,50.0,23.5,Unknown,2.0,40371.86,0.0,3.0
227588,9.0,108.0,34.5,Male,2.0,42520.42,3.0,6.0
8076869,17.0,204.0,67.0,Male,2.0,735629.52,1.0,4.0
4637777,13.0,166.0,38.0,Male,3.0,211846.6,6.0,9.0
3773126,12.0,150.0,28.5,Female,2.0,38662.96,6.0,9.0
5026927,5.0,69.0,22.5,Unknown,2.0,29444.0,6.0,9.0
3775339,6.0,72.0,63.5,Unknown,2.0,71045.43,6.0,9.0
8568751,14.0,178.0,35.0,Female,2.0,103246.45,2.0,5.0
1917213,12.0,144.0,40.0,Male,2.0,157966.08000000002,4.0,7.0
3109472,15.0,188.0,59.0,Male,2.0,229337.43,2.0,5.0
7971129,15.0,190.0,60.5,Male,2.0,75878.23999999999,3.0,6.0
8427848,15.0,188.0,55.0,Male,2.0,32840.64,1.0,4.0
7005795,7.0,94.0,70.0,Unknown,2.0,29895.66,5.0,8.0
1259337,9.0,119.0,30.5,Female,4.0,152221.22,4.0,7.0
7835776,16.0,192.0,41.5,Male,3.0,129130.89,2.0,5.0
555510,16.0,195.0,53.0,Female,2.0,51832.32,3.0,6.0
3337145,6.0,74.0,30.5,Unknown,2.0,24926.55,1.0,4.0
7524315,6.0,73.0,24.0,Unknown,2.0,27126.82,1.0,4.0
5460427,14.0,175.0,49.0,Female,2.0,53534.47,1.0,4.0
7520125,2.0,33.0,41.5,Female,4.0,434005.34,6.0,9.0
240288,6.0,75.0,28.5,Unknown,2.0,41927.85,6.0,9.0
4224754,23.0,277.0,63.5,Male,2.0,119182.14,1.0,4.0
1876185,10.0,126.0,31.0,Female,2.0,40626.03999999999,3.0,6.0
5293856,5.0,70.0,39.0,Unknown,2.0,51714.71,0.0,3.0
8265335,15.0,182.0,35.0,Female,2.0,67738.20999999999,1.0,4.0
5473979,6.0,73.0,32.0,Unknown,2.0,57884.53,1.0,4.0
3906451,11.0,138.0,44.0,Female,2.0,79542.88,2.0,5.0
6690779,4.0,59.0,30.5,Unknown,2.0,42878.73,1.0,4.0
382998,13.0,167.0,39.5,Male,2.0,32006.97,2.0,5.0
6717752,9.0,118.0,62.0,Male,3.0,252917.94,3.0,6.0
2331726,14.0,169.0,29.5,Female,6.0,1109913.48,5.0,8.0
2657386,6.0,74.0,29.0,Unknown,2.0,79213.29999999999,2.0,5.0
6532865,13.0,166.0,82.0,Male,2.0,87464.81,6.0,9.0
9886214,6.0,82.0,57.5,Unknown,2.0,179322.59000000003,2.0,6.0
1067325,23.0,285.0,72.5,Male,4.0,240060.75,4.0,7.0
301097,21.0,252.0,79.0,Male,2.0,62517.88,5.0,8.0
4860338,19.0,238.0,36.0,Male,3.0,271847.56,5.0,8.0
4773825,19.0,234.0,27.0,Male,2.0,32200.93,0.0,3.0
3930361,18.0,226.0,35.0,Male,2.0,75775.72,0.0,3.0
5782293,18.0,223.0,75.0,Female,2.0,47629.17,3.0,6.0
4645530,17.0,211.0,38.5,Female,2.0,61538.69,1.0,4.0
6625594,16.0,199.0,68.5,Female,2.0,51733.61,0.0,3.0
7266650,14.0,175.0,35.0,Male,4.0,213708.61,5.0,8.0
2216651,29.0,349.0,80.0,Female,4.0,621057.1000000001,6.0,9.0
5893114,6.0,80.0,31.5,Unknown,2.0,31781.46,1.0,4.0
1064246,7.0,85.0,63.0,Unknown,3.0,178201.65000000002,2.0,5.0
1523954,11.0,139.0,40.5,Unknown,2.0,83210.83,2.0,5.0
7016024,6.0,73.0,68.0,Unknown,2.0,28221.23,0.0,3.0
2678732,13.0,167.0,37.5,Male,2.0,50666.59,1.0,4.0
599446,4.0,59.0,64.5,Male,2.0,250177.27,5.0,8.0
5263915,33.0,403.0,68.0,Male,2.0,33663.85,1.0,5.0
1645625,13.0,159.0,63.0,Female,2.0,517016.57,6.0,9.0
9829001,5.0,70.0,50.0,Unknown,2.0,30452.12,2.0,6.0
7145335,4.0,59.0,59.5,Unknown,2.0,44561.42,2.0,5.0
7028113,13.0,167.0,56.5,Female,2.0,176461.76,5.0,8.0
7804581,6.0,75.0,26.5,Unknown,2.0,25187.04,0.0,3.0
3313511,13.0,166.0,38.5,Male,3.0,29461.6,6.0,9.0
6106221,18.0,226.0,63.5,Female,2.0,27212.88,3.0,6.0
5413424,5.0,71.0,68.0,Male,2.0,31233.77,0.0,4.0
6866131,9.0,110.0,42.0,Unknown,2.0,206158.22,3.0,6.0
9043613,8.0,104.0,55.0,Female,2.0,75733.04999999999,1.0,4.0
7433082,13.0,160.0,59.5,Male,2.0,214359.8,1.0,4.0
2735247,17.0,204.0,46.5,Male,2.0,67104.45,6.0,9.0
2035117,6.0,77.0,55.5,Unknown,2.0,47939.37,2.0,5.0
2819518,15.0,187.0,23.5,Unknown,3.0,73431.89,3.0,6.0
9695265,15.0,191.0,34.0,Male,2.0,27936.63,0.0,3.0
5553389,5.0,63.0,31.5,Female,2.0,41617.66,6.0,9.0
2075145,35.0,420.0,74.0,Male,2.0,720565.8200000001,4.0,7.0
2939962,5.0,61.0,62.0,Male,4.0,430716.01,4.0,7.0
260668,8.0,102.0,42.5,Unknown,2.0,55698.74,4.0,7.0
9422536,10.0,124.0,53.5,Female,2.0,97840.14,1.0,5.0
7279072,15.0,189.0,44.5,Male,2.0,68626.67,4.0,7.0
7563,8.0,106.0,29.5,Male,3.0,186719.52,6.0,9.0
7021111,7.0,90.0,40.5,Unknown,2.0,97761.18,2.0,5.0
5401809,15.0,190.0,36.5,Female,2.0,32615.06,6.0,9.0
3626525,8.0,104.0,67.5,Male,2.0,194942.83,4.0,7.0
2417330,15.0,182.0,63.5,Male,2.0,34870.91,1.0,4.0
802785,10.0,120.0,29.5,Female,2.0,76418.7,6.0,9.0
4382877,6.0,82.0,55.0,Unknown,2.0,71968.03,4.0,7.0
8652280,18.0,225.0,64.0,Female,2.0,121723.6,3.0,6.0
5249489,7.0,84.0,25.5,Unknown,2.0,69333.67,6.0,9.0
201447,13.0,160.0,48.5,Female,2.0,35717.84,6.0,9.0
1738184,14.0,175.0,53.5,Female,2.0,104493.77,5.0,8.0
1170854,12.0,151.0,44.5,Male,2.0,1040771.51,5.0,8.0
3986370,9.0,118.0,76.0,Male,2.0,230836.55,6.0,9.0
7564238,4.0,56.0,58.0,Unknown,2.0,127317.78,4.0,8.0
458484,4.0,56.0,62.5,Male,2.0,275892.3,4.0,7.0
5694405,20.0,250.0,62.0,Female,2.0,147796.41999999998,0.0,3.0
5215496,20.0,246.0,39.5,Male,3.0,99910.04,6.0,9.0
3507329,20.0,245.0,57.0,Male,3.0,137228.22999999998,1.0,4.0
8438132,20.0,240.0,30.5,Male,2.0,26888.16,0.0,3.0
7803412,17.0,215.0,53.5,Female,2.0,72185.51999999999,6.0,9.0
9031936,17.0,209.0,58.0,Male,2.0,70263.9,4.0,7.0
6586221,8.0,103.0,28.0,Unknown,2.0,41679.38,0.0,3.0
3251455,6.0,72.0,47.0,Female,2.0,32153.14,3.0,6.0
4013637,9.0,110.0,45.0,Female,2.0,48234.84,1.0,4.0
5819620,7.0,85.0,38.0,Unknown,3.0,53747.13,1.0,4.0
8558911,14.0,171.0,30.0,Female,2.0,37239.31,0.0,3.0
5929119,21.0,253.0,60.0,Male,2.0,27365.67,6.0,9.0
7673436,18.0,227.0,47.0,Unknown,2.0,25308.66,0.0,3.0
3541288,15.0,185.0,40.0,Male,2.0,54836.44,4.0,7.0
6590312,13.0,158.0,28.5,Female,3.0,42679.17999999999,2.0,5.0
7293101,9.0,108.0,27.0,Male,2.0,84494.66,6.0,9.0
6445808,5.0,63.0,61.5,Unknown,2.0,89028.39,0.0,3.0
4921692,8.0,102.0,26.0,Unknown,2.0,32540.79,0.0,3.0
7176202,13.0,156.0,73.0,Female,2.0,54221.67,2.0,5.0
8170103,12.0,152.0,38.5,Male,5.0,216710.8,1.0,4.0
8418665,5.0,61.0,39.5,Male,2.0,26524.68,5.0,8.0
8692408,14.0,179.0,63.0,Male,2.0,138371.87,0.0,3.0
3928970,50.0,602.0,78.5,Female,3.0,1815567.26,6.0,9.0
4946844,12.0,155.0,40.5,Female,3.0,161247.40000000002,2.0,5.0
9292612,13.0,166.0,73.0,Male,2.0,131301.91999999998,4.0,7.0
2853086,6.0,82.0,33.5,Unknown,4.0,85070.29000000001,1.0,4.0
8954158,11.0,143.0,31.0,Male,2.0,96109.26,2.0,5.0
7629666,6.0,72.0,27.5,Unknown,2.0,34266.29,5.0,8.0
7642295,7.0,91.0,60.5,Unknown,2.0,95753.88,6.0,9.0
3418810,9.0,109.0,52.5,Female,2.0,43897.33,3.0,6.0
1539844,8.0,100.0,33.0,Unknown,2.0,62409.91,3.0,6.0
5683659,10.0,125.0,57.0,Female,3.0,221143.44,6.0,9.0
3616580,30.0,370.0,77.5,Male,2.0,196078.11,5.0,8.0
7105739,7.0,87.0,22.0,Male,3.0,73548.79999999999,6.0,9.0
4254346,9.0,111.0,56.0,Unknown,2.0,229338.27,6.0,9.0
1504801,9.0,118.0,53.5,Male,2.0,358620.25,0.0,3.0
4988406,12.0,153.0,57.0,Male,2.0,92456.57,1.0,4.0
7884221,8.0,106.0,46.5,Unknown,2.0,79672.66,3.0,6.0
9688091,16.0,195.0,65.5,Male,2.0,27611.31,4.0,7.0
823726,6.0,72.0,24.0,Unknown,2.0,53312.91,5.0,8.0
7249540,8.0,98.0,57.0,Unknown,3.0,355965.74,5.0,8.0
4462773,16.0,202.0,53.0,Male,2.0,33080.14,4.0,7.0
5667764,14.0,179.0,52.5,Female,2.0,114502.62,0.0,3.0
7080641,11.0,142.0,36.0,Female,2.0,88450.53,1.0,4.0
9252853,5.0,66.0,25.0,Unknown,2.0,27969.11,0.0,3.0
7646071,5.0,69.0,21.5,Unknown,3.0,45837.11,6.0,9.0
8471108,6.0,78.0,32.5,Unknown,2.0,43552.65,2.0,5.0
7789015,13.0,158.0,50.5,Female,2.0,49195.22,3.0,6.0
5119926,15.0,190.0,75.0,Female,2.0,92181.57,0.0,3.0
667612,6.0,77.0,39.0,Male,4.0,384764.16,1.0,4.0
7317091,5.0,69.0,70.0,Unknown,2.0,66416.25,5.0,8.0
2794549,4.0,59.0,36.5,Unknown,2.0,42650.08,1.0,4.0
6334070,6.0,76.0,36.5,Unknown,2.0,52672.69,6.0,9.0
5647851,7.0,91.0,30.5,Unknown,2.0,44275.56,2.0,5.0
7186127,27.0,334.0,58.0,Male,3.0,93758.87,4.0,7.0
5371469,5.0,69.0,38.5,Unknown,2.0,53425.09,2.0,5.0
9959662,24.0,299.0,51.0,Male,2.0,1063551.67,6.0,9.0
5279359,23.0,282.0,72.0,Female,2.0,92571.68,6.0,9.0
4960936,22.0,274.0,48.5,Female,2.0,1165828.39,4.0,7.0
8269518,22.0,272.0,47.5,Male,2.0,43223.49,1.0,4.0
5664150,22.0,271.0,21.0,Female,3.0,166910.55,5.0,8.0
2979170,22.0,264.0,72.5,Male,2.0,159068.68,2.0,5.0
5942043,21.0,260.0,44.0,Female,2.0,38225.38,4.0,7.0
1982805,21.0,254.0,49.5,Male,2.0,63925.48,3.0,6.0
2889627,19.0,232.0,70.5,Female,3.0,162577.47999999998,3.0,6.0
1772987,18.0,226.0,37.5,Male,3.0,36536.59,6.0,9.0
4227946,18.0,222.0,53.5,Male,4.0,269232.33,4.0,7.0
7034343,17.0,205.0,43.0,Male,2.0,29542.51,2.0,5.0
3903018,6.0,76.0,21.0,Unknown,2.0,27264.83,2.0,5.0
2072755,9.0,119.0,29.0,Female,2.0,71367.59,0.0,3.0
2799991,7.0,89.0,63.5,Unknown,3.0,655408.25,6.0,9.0
9331980,12.0,149.0,67.5,Female,2.0,33180.649999999994,5.0,8.0
5291077,14.0,174.0,29.5,Female,2.0,67625.76,2.0,5.0
6704467,16.0,193.0,54.5,Female,2.0,23931.63,5.0,8.0
5125518,16.0,195.0,75.0,Male,2.0,746516.9,6.0,9.0
2490968,6.0,82.0,42.0,Unknown,2.0,45194.56,2.0,5.0
4043033,30.0,371.0,55.5,Male,3.0,374028.17,6.0,9.0
1451414,6.0,79.0,40.0,Unknown,2.0,52367.8,3.0,6.0
2907733,8.0,105.0,31.5,Male,2.0,45800.57,3.0,6.0
2620961,13.0,167.0,29.5,Male,2.0,63051.2,0.0,3.0
4856478,8.0,97.0,51.5,Unknown,2.0,204857.29,6.0,9.0
7849173,5.0,71.0,55.0,Unknown,2.0,48455.09,6.0,9.0
2311246,8.0,100.0,19.5,Unknown,2.0,54067.82,4.0,7.0
766467,14.0,169.0,38.5,Female,4.0,117268.58,5.0,8.0
2200641,8.0,102.0,28.0,Female,3.0,56895.17,2.0,5.0
7308018,4.0,56.0,26.5,Unknown,4.0,146185.51,6.0,9.0
2317941,4.0,51.0,54.5,Unknown,2.0,133187.34,0.0,3.0
5671237,11.0,141.0,31.5,Unknown,2.0,35668.08,2.0,5.0
3414059,6.0,72.0,29.0,Female,2.0,64570.81,6.0,9.0
1245799,14.0,172.0,93.5,Unknown,2.0,51658.03999999999,0.0,3.0
1434270,6.0,83.0,50.0,Unknown,2.0,84187.43,5.0,8.0
3354637,16.0,196.0,42.0,Female,3.0,208213.21,6.0,9.0
7349993,4.0,53.0,67.0,Female,4.0,3155270.33,3.0,8.0
1403609,15.0,181.0,52.5,Female,2.0,131484.55,2.0,5.0
5318449,10.0,131.0,50.5,Female,2.0,611520.05,4.0,7.0
3141812,11.0,137.0,66.0,Female,2.0,154374.94,4.0,7.0
6232942,9.0,108.0,32.5,Male,2.0,34436.55,2.0,5.0
8063276,11.0,142.0,30.0,Female,2.0,61142.11,3.0,6.0
7208214,25.0,311.0,83.5,Male,2.0,247628.99,6.0,9.0
693975,6.0,73.0,43.5,Unknown,3.0,139658.0,6.0,9.0
3412832,10.0,128.0,25.0,Male,3.0,38933.94,6.0,9.0
1038164,5.0,68.0,23.0,Unknown,2.0,104425.07,6.0,9.0
656080,11.0,139.0,27.0,Female,2.0,38277.15,4.0,7.0
192049,13.0,166.0,30.0,Male,2.0,73733.98,0.0,3.0
9216606,7.0,86.0,54.5,Unknown,2.0,61342.32,2.0,5.0
1459854,6.0,72.0,55.5,Unknown,2.0,32186.37,2.0,5.0
6225696,10.0,127.0,33.5,Male,2.0,765481.02,6.0,9.0
9777140,5.0,70.0,53.5,Unknown,3.0,140053.47999999998,2.0,5.0
3286807,9.0,118.0,57.5,Female,2.0,67807.35,3.0,6.0
8279808,15.0,189.0,62.0,Male,2.0,798162.9400000001,0.0,3.0
9163109,8.0,102.0,22.0,Unknown,2.0,54356.44,6.0,9.0
5459379,9.0,110.0,27.5,Male,4.0,107506.72,5.0,8.0
4792283,10.0,130.0,23.5,Male,2.0,77022.65,6.0,9.0
9342097,6.0,79.0,29.5,Unknown,2.0,38105.16,3.0,6.0
507618,4.0,58.0,49.5,Unknown,2.0,40700.49,2.0,5.0
3533056,5.0,64.0,46.5,Unknown,3.0,132598.75,6.0,9.0
1921266,8.0,104.0,26.5,Male,2.0,61284.08,3.0,6.0
9287315,4.0,59.0,29.0,Male,2.0,35569.649999999994,6.0,9.0
5521758,6.0,82.0,25.0,Unknown,2.0,50846.42,1.0,5.0
4991963,6.0,81.0,47.5,Female,2.0,31125.41,0.0,3.0
6901993,12.0,154.0,65.5,Female,4.0,116015.88,6.0,9.0
3959425,8.0,107.0,53.0,Female,2.0,24908.34,2.0,5.0
4210655,29.0,359.0,49.0,Female,2.0,213432.49,2.0,5.0
9235078,14.0,170.0,57.0,Female,2.0,153506.71,6.0,9.0
7533358,23.0,278.0,55.0,Male,2.0,316833.64,6.0,9.0
7005603,23.0,276.0,70.0,Female,2.0,54346.41,5.0,8.0
1414732,21.0,259.0,62.5,Male,3.0,53249.53999999999,6.0,9.0
303920,18.0,219.0,27.0,Female,2.0,54859.86,6.0,9.0
4847886,18.0,217.0,49.0,Female,2.0,66402.86,6.0,9.0
5702987,18.0,225.0,45.5,Male,2.0,315433.47,2.0,5.0
2677902,12.0,152.0,43.5,Male,2.0,343784.88,5.0,8.0
992767,4.0,58.0,27.5,Unknown,2.0,28887.61,1.0,4.0
6311580,28.0,340.0,58.0,Female,2.0,531232.9500000001,6.0,9.0
6886987,27.0,324.0,72.5,Female,3.0,261908.75,3.0,6.0
7177069,5.0,71.0,25.5,Unknown,2.0,44242.01,6.0,9.0
523965,27.0,332.0,70.0,Female,2.0,72130.43,4.0,7.0
8678658,5.0,69.0,28.5,Unknown,2.0,36669.06,2.0,5.0
8314605,10.0,121.0,32.0,Unknown,2.0,225001.29,1.0,4.0
6773041,9.0,119.0,39.0,Male,2.0,44903.5,3.0,6.0
5114108,12.0,147.0,47.0,Female,2.0,37621.44,0.0,3.0
7922922,15.0,180.0,40.0,Male,2.0,81202.03,1.0,4.0
5163977,15.0,188.0,57.0,Male,2.0,283519.46,2.0,5.0
4272860,5.0,70.0,54.0,Female,3.0,155703.49,4.0,7.0
8026891,11.0,134.0,42.0,Female,2.0,24327.24,6.0,9.0
4039480,4.0,50.0,18.5,Unknown,2.0,113867.65,0.0,3.0
2245495,4.0,57.0,29.0,Unknown,2.0,48506.23,4.0,7.0
842059,6.0,73.0,25.5,Unknown,2.0,30174.06,6.0,9.0
5729668,6.0,83.0,34.0,Unknown,2.0,39485.54,1.0,4.0
3486894,15.0,182.0,55.0,Male,4.0,163040.15000000002,6.0,9.0
4594618,9.0,119.0,39.0,Female,2.0,69683.16,3.0,6.0
3310669,11.0,136.0,56.5,Male,2.0,126288.03,4.0,7.0
4584142,16.0,194.0,55.5,Female,2.0,134274.34,4.0,7.0
9341992,12.0,153.0,55.0,Female,2.0,89539.04,3.0,6.0
3156633,15.0,183.0,53.5,Female,2.0,59488.75,0.0,3.0
3381541,9.0,112.0,36.0,Female,2.0,48891.69,2.0,5.0
5578953,28.0,346.0,60.5,Male,2.0,25944.01,1.0,4.0
5002058,11.0,143.0,60.0,Male,2.0,30423.99,6.0,9.0
7324294,5.0,64.0,39.5,Male,2.0,32617.62,1.0,4.0
79669,15.0,189.0,61.0,Male,2.0,441028.66,6.0,9.0
3289565,3.0,43.0,52.0,Male,2.0,24496.8,3.0,7.0
6068052,21.0,255.0,59.0,Male,2.0,1089834.04,4.0,7.0
1632310,15.0,189.0,35.0,Female,2.0,34521.63,3.0,6.0
8778577,14.0,176.0,51.0,Female,2.0,31446.32,3.0,6.0
1357971,4.0,58.0,37.5,Unknown,2.0,31554.51,1.0,4.0
2853271,4.0,54.0,64.5,Unknown,2.0,206691.52,1.0,4.0
2597661,15.0,184.0,72.5,Male,2.0,461618.84,4.0,7.0
20643,9.0,119.0,34.5,Male,2.0,59487.79,2.0,5.0
4921862,15.0,191.0,61.5,Female,2.0,113785.87,2.0,5.0
7125956,9.0,108.0,51.0,Unknown,2.0,77503.51,6.0,9.0
7343984,16.0,192.0,53.5,Female,2.0,47487.05,6.0,9.0
1405893,8.0,106.0,51.0,Male,3.0,164366.18,0.0,3.0
8226716,5.0,70.0,32.0,Unknown,2.0,54206.42999999999,6.0,9.0
2814060,9.0,117.0,53.0,Male,3.0,89790.04,6.0,9.0
1254086,9.0,119.0,52.5,Male,2.0,52813.83,1.0,4.0
8331253,14.0,171.0,45.5,Male,2.0,946376.85,4.0,7.0
3397715,7.0,89.0,25.0,Unknown,2.0,27156.1,1.0,4.0
9638063,33.0,406.0,78.0,Female,2.0,87107.79000000001,6.0,9.0
3624407,14.0,173.0,46.5,Male,2.0,37272.2,1.0,4.0
3570598,12.0,146.0,36.0,Female,2.0,50801.99,4.0,7.0
658934,15.0,183.0,53.0,Female,2.0,289749.65,6.0,9.0
3791844,23.0,277.0,20.5,Male,3.0,53235.4,1.0,4.0
3390536,22.0,269.0,59.0,Female,2.0,63842.79,0.0,3.0
4325077,21.0,260.0,70.5,Male,2.0,202199.56,1.0,7.0
6383980,21.0,259.0,44.0,Male,2.0,39749.99,4.0,7.0
8440000,21.0,259.0,42.5,Female,3.0,55538.86,6.0,9.0
7544394,26.0,316.0,67.5,Female,2.0,290954.25,2.0,6.0
853404,20.0,241.0,83.5,Male,2.0,34959.399999999994,3.0,6.0
4704529,16.0,200.0,67.0,Female,3.0,905495.49,5.0,8.0
1821565,12.0,148.0,68.5,Male,2.0,197076.64,3.0,6.0
1785552,6.0,82.0,55.0,Unknown,2.0,432124.21,6.0,9.0
1213795,7.0,95.0,30.5,Unknown,3.0,100457.54,6.0,9.0
3730759,6.0,73.0,24.0,Unknown,3.0,45438.47,5.0,8.0
6355889,17.0,204.0,63.0,Female,2.0,108144.57,2.0,6.0
4638445,10.0,125.0,32.5,Male,2.0,97853.09,3.0,6.0
4345279,14.0,170.0,37.5,Male,2.0,101583.32,1.0,4.0
872464,7.0,95.0,54.0,Unknown,2.0,51849.82,6.0,9.0
7464456,8.0,106.0,63.5,Male,2.0,351811.22,6.0,9.0
6732360,17.0,212.0,65.5,Female,2.0,737987.53,1.0,4.0
3068965,6.0,82.0,29.5,Male,3.0,31701.4,3.0,6.0
4137437,14.0,175.0,39.5,Male,2.0,397905.38,0.0,3.0
8215625,7.0,93.0,54.5,Male,2.0,122444.0,5.0,8.0
1483064,4.0,59.0,33.5,Unknown,2.0,28876.93,0.0,3.0
2615550,14.0,174.0,48.5,Female,2.0,118594.5,6.0,9.0
3376865,11.0,136.0,41.5,Female,3.0,90164.52,6.0,9.0
8240400,10.0,128.0,33.0,Female,2.0,68059.9,2.0,5.0
2464755,14.0,168.0,32.5,Male,2.0,68854.9,6.0,9.0
4699195,8.0,107.0,52.0,Female,2.0,32629.02,1.0,4.0
4086452,26.0,322.0,64.0,Male,2.0,531478.63,0.0,3.0
1884635,13.0,167.0,44.5,Male,2.0,78785.54999999999,0.0,3.0
8319910,11.0,141.0,29.0,Female,2.0,30324.69,1.0,4.0
991383,5.0,60.0,41.5,Unknown,2.0,56640.18,2.0,5.0
2958995,16.0,195.0,70.5,Male,2.0,51647.3,6.0,9.0
9093722,7.0,84.0,41.0,Unknown,2.0,41116.24,2.0,5.0
4777731,14.0,169.0,36.5,Male,2.0,33056.19,0.0,3.0
4910437,8.0,102.0,31.5,Unknown,2.0,62198.55,1.0,4.0
5145018,4.0,58.0,46.0,Unknown,2.0,50261.74,2.0,5.0
4387103,10.0,120.0,32.0,Male,3.0,110107.4,6.0,9.0
7981508,4.0,57.0,56.5,Unknown,2.0,270071.71,4.0,7.0
3050718,5.0,64.0,52.0,Female,2.0,136892.72,5.0,8.0
4993368,6.0,83.0,72.0,Unknown,2.0,182162.95,6.0,9.0
9045552,4.0,58.0,34.0,Unknown,2.0,38531.84,3.0,6.0
2465500,6.0,83.0,26.0,Male,2.0,56423.61,4.0,7.0
227083,29.0,358.0,52.0,Female,2.0,1662234.2999999998,0.0,4.0
3474129,13.0,166.0,54.0,Female,2.0,120070.2,2.0,5.0
3705160,25.0,300.0,27.0,Female,2.0,24512.04,0.0,3.0
5531315,25.0,303.0,83.0,Male,3.0,1835561.53,6.0,9.0
4994490,23.0,287.0,64.0,Female,2.0,56188.23,6.0,9.0
7429049,27.0,329.0,64.0,Female,2.0,26694.89,4.0,7.0
2747302,21.0,259.0,28.0,Female,2.0,69712.57,2.0,5.0
7257319,21.0,252.0,56.5,Female,3.0,119762.36,6.0,9.0
9391814,19.0,239.0,47.5,Male,2.0,45198.75,0.0,3.0
5760303,18.0,226.0,70.5,Female,2.0,62608.06,5.0,8.0
260054,18.0,226.0,58.0,Male,3.0,64494.75,1.0,4.0
3579768,4.0,49.0,20.0,Unknown,2.0,47870.9,1.0,4.0
1499489,7.0,85.0,25.0,Unknown,2.0,61579.02,1.0,4.0
1120859,4.0,59.0,24.5,Unknown,2.0,37193.82,6.0,9.0
4835403,7.0,93.0,55.5,Unknown,2.0,123595.96,3.0,6.0
6650353,7.0,88.0,56.0,Unknown,2.0,132963.08000000002,6.0,9.0
6113967,13.0,159.0,23.5,Male,3.0,41216.4,0.0,3.0
7350565,5.0,62.0,65.0,Unknown,2.0,28830.97,2.0,5.0
1875178,7.0,87.0,53.0,Unknown,2.0,60069.4,6.0,9.0
882183,13.0,163.0,49.5,Female,2.0,50908.15,6.0,9.0
5879526,16.0,192.0,53.5,Female,2.0,59252.24,0.0,3.0
8125145,4.0,57.0,25.0,Unknown,2.0,30699.04,4.0,7.0
6690600,7.0,89.0,35.5,Unknown,2.0,34227.58,1.0,4.0
9237145,13.0,160.0,35.5,Male,2.0,63487.07,6.0,9.0
654897,6.0,79.0,62.5,Male,2.0,127534.72,4.0,7.0
2156095,12.0,149.0,32.0,Female,2.0,53472.33,0.0,3.0
5460321,11.0,143.0,25.5,Female,2.0,51700.72,5.0,8.0
93137,27.0,328.0,67.5,Male,3.0,255008.2,3.0,6.0
5373914,8.0,97.0,38.0,Unknown,2.0,28970.82,6.0,9.0
2448065,8.0,98.0,58.5,Male,2.0,920666.61,2.0,5.0
4160440,5.0,68.0,59.5,Unknown,2.0,42738.14,2.0,5.0
6350662,5.0,70.0,22.0,Unknown,2.0,28731.57,1.0,4.0
1612396,26.0,314.0,63.5,Male,3.0,2791147.77,2.0,5.0
3896969,14.0,172.0,64.0,Female,2.0,24019.16,1.0,4.0
5712377,2.0,35.0,24.0,Unknown,2.0,29931.46,1.0,4.0
1420048,8.0,96.0,31.0,Unknown,2.0,146553.88,3.0,6.0
7139320,5.0,70.0,28.5,Unknown,2.0,31135.54,0.0,3.0
3361896,6.0,83.0,30.5,Unknown,2.0,94889.75,6.0,9.0
8757192,11.0,143.0,34.5,Female,3.0,195381.12,2.0,5.0
9796176,16.0,197.0,40.0,Female,2.0,117316.65,3.0,6.0
340426,9.0,108.0,34.0,Female,2.0,46528.67999999999,2.0,5.0
8189939,5.0,66.0,47.5,Unknown,2.0,51438.11,6.0,9.0
6904520,7.0,94.0,38.0,Unknown,2.0,542236.09,2.0,5.0
333392,12.0,145.0,38.5,Female,2.0,145334.72,6.0,9.0
4376203,12.0,155.0,51.0,Male,3.0,132971.5,6.0,9.0
2227118,13.0,166.0,55.0,Male,3.0,1166120.24,4.0,7.0
7068149,5.0,70.0,22.5,Unknown,2.0,34979.149999999994,0.0,3.0
5949701,5.0,70.0,63.0,Unknown,2.0,112872.21,6.0,9.0
7768087,5.0,69.0,70.0,Male,2.0,213384.01,6.0,9.0
8023902,6.0,79.0,42.0,Unknown,2.0,59462.68,3.0,6.0
4080642,9.0,108.0,30.5,Male,2.0,59551.07,4.0,7.0
1163998,14.0,175.0,33.0,Male,3.0,291309.4,6.0,9.0
1474823,14.0,177.0,36.0,Male,2.0,26719.69,3.0,6.0
9702626,4.0,58.0,42.5,Unknown,2.0,30627.3,3.0,6.0
5077000,5.0,70.0,25.5,Unknown,3.0,57403.08,1.0,4.0
5916407,21.0,262.0,71.0,Female,3.0,146634.11,4.0,7.0
1315678,21.0,259.0,26.0,Female,3.0,147354.66,5.0,8.0
5975818,21.0,257.0,59.0,Male,2.0,30049.21,2.0,5.0
3001576,20.0,243.0,58.0,Male,4.0,384909.84,6.0,9.0
812425,19.0,228.0,56.0,Female,2.0,32141.93,0.0,3.0
5402582,17.0,210.0,53.5,Female,3.0,370113.84,6.0,9.0
8666285,6.0,72.0,42.5,Unknown,2.0,39476.92,2.0,5.0
6875605,26.0,320.0,51.0,Male,3.0,34059.11,6.0,9.0
5710580,26.0,323.0,55.0,Male,2.0,378736.56,6.0,9.0
3673802,7.0,90.0,65.5,Unknown,2.0,99383.61,6.0,9.0
4674788,4.0,54.0,17.5,Male,2.0,47764.35,2.0,5.0
6384753,9.0,111.0,29.0,Male,2.0,275356.52,5.0,8.0
4444202,14.0,179.0,49.5,Male,2.0,49418.38,4.0,7.0
1735700,9.0,111.0,59.5,Male,2.0,25691.18,2.0,5.0
4673391,6.0,72.0,49.5,Male,4.0,284253.06,6.0,9.0
1117521,9.0,114.0,24.0,Female,3.0,54123.63,6.0,9.0
2798000,15.0,183.0,37.5,Female,2.0,39818.48,0.0,3.0
2624239,8.0,106.0,42.0,Female,3.0,75831.73,6.0,9.0
5433338,9.0,115.0,56.5,Unknown,2.0,38993.86,5.0,8.0
9456668,5.0,60.0,33.5,Unknown,3.0,129485.81,6.0,9.0
566137,8.0,103.0,27.5,Unknown,2.0,29051.26,2.0,5.0
5079210,12.0,145.0,46.5,Male,4.0,323332.66,6.0,9.0
8575616,5.0,69.0,60.5,Female,2.0,33602.35,6.0,9.0
1583051,32.0,395.0,80.5,Male,2.0,34442.85,2.0,5.0
6717040,12.0,147.0,41.0,Female,2.0,35286.94,2.0,5.0
4404931,15.0,180.0,51.0,Female,2.0,149026.25,3.0,6.0
3581330,15.0,180.0,62.0,Male,2.0,145459.95,6.0,9.0
1631726,11.0,143.0,48.5,Male,2.0,42606.82,0.0,3.0
6283243,11.0,142.0,52.5,Female,2.0,50583.24,2.0,5.0
1586754,15.0,189.0,48.5,Male,3.0,431620.06,6.0,9.0
8166306,6.0,79.0,56.0,Unknown,2.0,36912.47,2.0,5.0
428485,16.0,203.0,43.0,Unknown,2.0,31466.2,0.0,3.0
5466262,9.0,115.0,66.5,Male,2.0,26170.77,2.0,5.0
465564,10.0,122.0,40.5,Male,2.0,34225.8,4.0,7.0
3961862,9.0,111.0,47.5,Female,2.0,375042.75,2.0,5.0
9772051,7.0,86.0,32.5,Unknown,2.0,69297.79000000001,2.0,5.0
1364913,5.0,60.0,26.5,Unknown,4.0,128974.69,6.0,9.0
7367695,4.0,58.0,56.0,Unknown,2.0,35962.48,0.0,3.0
3690078,10.0,123.0,31.0,Male,2.0,32264.6,0.0,3.0
2466307,13.0,156.0,45.0,Male,2.0,84861.44,6.0,9.0
3309350,8.0,105.0,35.5,Female,2.0,29066.66,1.0,4.0
2504073,12.0,155.0,32.5,Male,2.0,94028.58,1.0,4.0
9357952,12.0,154.0,53.0,Male,2.0,436933.28,3.0,6.0
6497677,5.0,60.0,63.5,Female,2.0,29505.64,4.0,7.0
1782140,13.0,157.0,27.0,Male,2.0,37466.77,5.0,8.0
5098714,11.0,141.0,68.5,Male,2.0,1236849.99,4.0,7.0
1379217,22.0,270.0,29.0,Male,2.0,53671.7,1.0,4.0
7956113,8.0,105.0,24.5,Female,2.0,35009.119999999995,0.0,4.0
2810169,10.0,127.0,62.0,Female,2.0,86555.59,5.0,8.0
5845872,5.0,70.0,23.5,Unknown,2.0,28614.42,6.0,9.0
5745321,13.0,158.0,75.0,Male,2.0,24490.41,4.0,7.0
9615268,6.0,81.0,49.5,Male,2.0,55325.87,6.0,9.0
7007005,17.0,215.0,42.0,Male,2.0,92696.34,0.0,3.0
8947199,6.0,73.0,64.5,Unknown,2.0,306429.89,1.0,4.0
3901100,14.0,178.0,46.0,Unknown,2.0,61099.98,1.0,4.0
1516891,15.0,189.0,50.0,Female,2.0,177104.78999999998,3.0,6.0
4681062,12.0,148.0,34.5,Female,3.0,104371.4,2.0,5.0
426756,26.0,322.0,53.0,Female,3.0,3878836.33,2.0,5.0
3363043,15.0,189.0,41.5,Female,2.0,339750.59,4.0,7.0
2048981,11.0,143.0,72.0,Female,2.0,123635.93,5.0,8.0
5260896,4.0,58.0,59.0,Unknown,2.0,42324.97,0.0,3.0
4963144,24.0,299.0,49.0,Female,2.0,461338.95,5.0,8.0
4341748,22.0,265.0,50.0,Unknown,2.0,83818.48999999999,0.0,3.0
5815034,21.0,262.0,20.0,Male,2.0,28707.36,4.0,7.0
4803107,21.0,262.0,78.0,Male,2.0,716565.39,0.0,3.0
4901739,21.0,254.0,18.5,Male,2.0,25061.84,1.0,5.0
9670591,20.0,251.0,62.0,Male,3.0,280499.69,5.0,8.0
7465225,23.0,279.0,65.0,Female,2.0,1057694.92,0.0,3.0
3669739,23.0,284.0,58.5,Male,2.0,412460.18,3.0,6.0
3083985,20.0,242.0,69.5,Female,3.0,365577.63,4.0,7.0
2836509,18.0,227.0,54.0,Unknown,2.0,211401.36,0.0,3.0
4452367,6.0,73.0,27.0,Unknown,2.0,31237.54,2.0,6.0
8046041,14.0,169.0,67.0,Male,2.0,217887.8,2.0,5.0
8045890,4.0,58.0,34.5,Unknown,2.0,30704.24,0.0,3.0
1145173,15.0,180.0,41.0,Male,2.0,80458.35,1.0,4.0
9512477,14.0,179.0,38.5,Female,2.0,52100.03999999999,1.0,4.0
2779552,30.0,365.0,62.5,Male,3.0,189595.1,5.0,8.0
6098949,13.0,160.0,27.0,Female,3.0,50642.9,6.0,9.0
3083196,6.0,78.0,56.5,Unknown,2.0,76658.92,6.0,9.0
3294063,11.0,136.0,48.0,Unknown,2.0,149729.27000000002,0.0,3.0
6549788,10.0,128.0,61.5,Female,3.0,135140.53999999998,3.0,6.0
271577,9.0,115.0,42.5,Female,2.0,43537.0,0.0,3.0
8442526,10.0,125.0,29.5,Female,2.0,52395.47,2.0,5.0
9675229,15.0,190.0,47.5,Male,2.0,37100.33,2.0,5.0
2843452,10.0,128.0,48.5,Male,2.0,128193.6,1.0,4.0
5649953,7.0,84.0,29.5,Male,2.0,24917.82,5.0,8.0
983122,12.0,152.0,40.0,Male,2.0,28379.12,6.0,9.0
1750217,7.0,87.0,58.0,Unknown,2.0,123019.01,3.0,6.0
4251567,30.0,371.0,47.5,Female,3.0,152525.49,6.0,9.0
3106658,5.0,65.0,27.5,Unknown,2.0,43816.82,6.0,9.0
583917,16.0,194.0,53.0,Female,3.0,188569.83,0.0,4.0
7617417,25.0,308.0,73.5,Male,2.0,186427.67,6.0,9.0
1785088,5.0,66.0,50.5,Unknown,2.0,32125.66,6.0,9.0
8206448,13.0,157.0,38.5,Female,2.0,97112.57,2.0,5.0
3115593,5.0,66.0,22.0,Unknown,2.0,29303.85,3.0,6.0
8549146,7.0,88.0,29.0,Unknown,2.0,29429.16,5.0,8.0
3631010,32.0,392.0,29.5,Male,2.0,68038.68,1.0,4.0
5177608,6.0,79.0,31.5,Unknown,2.0,42924.95,2.0,5.0
4663089,29.0,359.0,80.5,Male,2.0,258033.33,3.0,6.0
5911100,11.0,143.0,29.0,Unknown,2.0,33897.86,0.0,3.0
525448,18.0,223.0,62.0,Unknown,2.0,292704.47,2.0,5.0
6798477,9.0,117.0,41.5,Unknown,2.0,37481.03,1.0,4.0
8864170,23.0,285.0,55.5,Male,2.0,54071.85,2.0,5.0
1454317,22.0,264.0,43.0,Male,3.0,109823.67,6.0,9.0
8707725,22.0,264.0,57.5,Female,3.0,611639.64,6.0,9.0
7019858,21.0,252.0,71.5,Male,2.0,38820.45,3.0,6.0
4985865,19.0,231.0,49.5,Male,2.0,49153.64,1.0,4.0
7672898,4.0,57.0,24.5,Unknown,3.0,58725.67,6.0,9.0
5533778,7.0,95.0,22.0,Unknown,3.0,37512.39,2.0,5.0
5791057,6.0,77.0,50.0,Unknown,3.0,29717.38,1.0,4.0
5706688,16.0,196.0,54.5,Male,3.0,64900.65,4.0,7.0
1914789,6.0,72.0,32.5,Unknown,2.0,29987.62,6.0,9.0
2020972,4.0,58.0,43.5,Unknown,2.0,27075.87,5.0,8.0
7530392,4.0,57.0,26.0,Unknown,2.0,33509.74,1.0,4.0
2047867,7.0,95.0,37.5,Unknown,2.0,40917.35,1.0,4.0
6377455,7.0,87.0,27.5,Unknown,2.0,39892.34,1.0,4.0
5476576,7.0,84.0,58.0,Unknown,2.0,80819.4,4.0,7.0
6651403,13.0,162.0,56.5,Male,2.0,324712.88,4.0,7.0
3141257,9.0,108.0,29.0,Female,3.0,43416.89,2.0,5.0
8614862,4.0,59.0,56.5,Unknown,2.0,61217.67,0.0,3.0
5902851,5.0,60.0,34.0,Unknown,2.0,43805.53999999999,2.0,5.0
1654172,23.0,280.0,25.5,Female,2.0,48200.35,2.0,5.0
7190924,8.0,107.0,34.5,Male,2.0,57577.04,0.0,3.0
6809435,12.0,147.0,36.0,Male,2.0,180827.49,4.0,7.0
823619,8.0,106.0,49.5,Male,2.0,133158.65,3.0,6.0
366887,9.0,115.0,26.5,Male,2.0,62868.7,0.0,3.0
2876251,5.0,69.0,50.0,Unknown,2.0,29590.11,0.0,3.0
8498650,6.0,77.0,21.0,Unknown,2.0,140407.47999999998,4.0,7.0
3013805,10.0,130.0,48.5,Female,3.0,59733.86,5.0,8.0
7842244,27.0,324.0,46.5,Female,2.0,69268.0,0.0,3.0
4446389,7.0,87.0,63.5,Unknown,2.0,424541.06,6.0,9.0
3732108,6.0,77.0,45.0,Unknown,2.0,31407.73,1.0,4.0
4309632,27.0,325.0,28.5,Female,2.0,32270.11,0.0,3.0
5542581,13.0,156.0,32.5,Male,2.0,29320.98,6.0,9.0
8594661,12.0,146.0,66.0,Male,2.0,26708.12,2.0,5.0
5617039,28.0,345.0,59.5,Female,2.0,78648.73,1.0,4.0
6814614,5.0,68.0,18.5,Unknown,2.0,38719.99,6.0,9.0
1151116,13.0,160.0,52.0,Female,2.0,123841.26,4.0,7.0
1198214,14.0,169.0,58.5,Female,2.0,111230.95,2.0,5.0
3885414,15.0,182.0,22.0,Female,2.0,40107.92,2.0,5.0
1781992,11.0,140.0,61.5,Male,2.0,69940.65,0.0,3.0
5425139,7.0,90.0,37.0,Unknown,2.0,35828.009999999995,0.0,3.0
8531745,12.0,154.0,57.0,Female,2.0,69385.57,4.0,7.0
5340035,15.0,189.0,33.0,Female,4.0,192033.73,6.0,9.0
4061104,9.0,108.0,73.5,Female,2.0,137139.8,3.0,6.0
1870359,9.0,109.0,27.5,Female,3.0,78049.7,6.0,9.0
3574383,26.0,315.0,54.5,Female,2.0,124216.96,2.0,5.0
7131461,14.0,174.0,47.0,Male,3.0,389800.16,1.0,4.0
1234786,4.0,58.0,25.0,Unknown,2.0,44786.88,3.0,6.0
8439837,7.0,89.0,59.0,Unknown,2.0,35690.119999999995,0.0,3.0
7810082,11.0,137.0,37.5,Female,2.0,61076.41,1.0,4.0
6743338,6.0,73.0,30.0,Unknown,2.0,65208.21,6.0,9.0
4592870,23.0,286.0,60.0,Male,3.0,37340.75,2.0,5.0
6460031,30.0,371.0,65.0,Male,3.0,387225.36,6.0,9.0
7665960,21.0,252.0,42.5,Unknown,2.0,37454.37,3.0,6.0
2858412,21.0,253.0,61.5,Male,3.0,76241.41,6.0,9.0
2809905,19.0,233.0,52.5,Male,2.0,147520.78,2.0,5.0
4497644,18.0,221.0,56.0,Male,4.0,541647.64,6.0,9.0
3464312,18.0,218.0,21.5,Female,2.0,52400.19,1.0,4.0
7880860,18.0,217.0,61.5,Male,4.0,858436.15,5.0,8.0
6313877,4.0,49.0,22.0,Unknown,2.0,26209.31,2.0,6.0
8987138,26.0,320.0,55.0,Female,2.0,31560.96,0.0,3.0
5851524,5.0,65.0,64.0,Unknown,2.0,29406.52,2.0,5.0
8224799,7.0,94.0,55.5,Unknown,3.0,121592.24,1.0,4.0
4582260,5.0,68.0,27.5,Unknown,2.0,46092.66,5.0,8.0
9482404,28.0,337.0,64.0,Female,2.0,107315.26,2.0,5.0
7703649,5.0,70.0,21.0,Female,2.0,33447.759999999995,6.0,9.0
5249149,6.0,76.0,50.0,Unknown,2.0,463695.46,4.0,7.0
7691865,15.0,182.0,64.0,Female,2.0,50537.67999999999,5.0,8.0
8735464,3.0,46.0,35.0,Unknown,2.0,40107.02,1.0,4.0
1530855,4.0,48.0,39.0,Female,2.0,27881.36,0.0,3.0
8736260,10.0,130.0,37.0,Female,2.0,31516.69,0.0,3.0
8731665,9.0,112.0,27.5,Male,3.0,86436.18,6.0,9.0
4278525,8.0,103.0,65.5,Female,2.0,57834.8,1.0,4.0
4799672,5.0,68.0,57.0,Unknown,2.0,26244.03,2.0,5.0
3940081,35.0,420.0,75.0,Female,2.0,28140.98,4.0,7.0
9682955,7.0,95.0,77.0,Unknown,2.0,76567.33,1.0,4.0
9417304,8.0,98.0,72.0,Female,2.0,102986.86,4.0,7.0
4442495,6.0,82.0,56.0,Unknown,2.0,66314.59,1.0,4.0
9835297,12.0,152.0,69.0,Female,2.0,30254.37,1.0,4.0
6886401,4.0,58.0,59.0,Female,2.0,44359.08,3.0,6.0
696491,15.0,190.0,60.5,Male,2.0,116571.29,1.0,4.0
7511012,4.0,59.0,52.5,Unknown,2.0,41797.75,0.0,3.0
7855378,7.0,87.0,69.5,Unknown,2.0,549194.7200000001,3.0,6.0
5544203,10.0,127.0,40.5,Female,2.0,25640.88,1.0,4.0
4946431,4.0,57.0,32.0,Unknown,2.0,39285.88,6.0,9.0
2443997,8.0,103.0,67.5,Female,2.0,463205.74,6.0,9.0
3596519,6.0,82.0,31.0,Unknown,2.0,36449.09,0.0,3.0
7890217,7.0,94.0,39.0,Unknown,2.0,170071.39,1.0,4.0
9817774,15.0,185.0,27.0,Female,3.0,138143.84999999998,4.0,7.0
5299660,6.0,75.0,24.0,Unknown,2.0,25226.9,0.0,3.0
8755082,8.0,99.0,29.5,Unknown,2.0,30626.48,1.0,4.0
1505366,5.0,66.0,43.0,Unknown,3.0,181807.05,6.0,9.0
8107088,12.0,154.0,32.0,Male,2.0,46305.83,1.0,4.0
2730316,9.0,115.0,69.0,Male,2.0,63566.67,6.0,9.0
6955584,10.0,125.0,36.5,Female,2.0,37114.18,3.0,6.0
7716135,5.0,64.0,25.5,Male,2.0,52041.13,0.0,3.0
3015972,4.0,57.0,34.0,Unknown,2.0,180854.1,6.0,9.0
6504262,4.0,57.0,46.5,Unknown,2.0,33300.64,5.0,8.0
9323820,28.0,336.0,62.0,Male,3.0,198411.28,6.0,9.0
5188690,5.0,70.0,52.5,Unknown,2.0,56922.19,6.0,9.0
5229511,5.0,70.0,48.5,Unknown,2.0,34948.04,4.0,7.0
3243773,5.0,71.0,27.5,Unknown,2.0,35736.27,2.0,5.0
7808408,7.0,92.0,45.5,Unknown,2.0,439264.14,4.0,7.0
7850608,6.0,73.0,24.5,Unknown,3.0,59025.9,2.0,5.0
9501698,23.0,280.0,62.5,Male,3.0,368256.5,6.0,9.0
9057331,23.0,277.0,47.5,Male,3.0,1342213.5599999998,2.0,5.0
4417681,22.0,265.0,44.0,Male,2.0,39429.57,3.0,6.0
9890489,21.0,262.0,42.0,Female,2.0,54851.92,0.0,3.0
2300964,20.0,251.0,57.5,Male,2.0,93860.48,3.0,6.0
6342884,20.0,241.0,69.0,Female,2.0,46881.02,1.0,4.0
709015,19.0,229.0,65.5,Female,2.0,62082.14,0.0,3.0
1135385,18.0,218.0,46.0,Unknown,2.0,43478.08,0.0,3.0
9534102,18.0,218.0,33.5,Female,2.0,50950.33,2.0,5.0
6449704,3.0,41.0,34.0,Male,3.0,182215.02,6.0,9.0
9346404,4.0,59.0,36.0,Male,2.0,33224.48,5.0,8.0
5509830,6.0,83.0,38.0,Unknown,2.0,67821.53,2.0,5.0
2334273,6.0,80.0,70.0,Unknown,2.0,42963.12,0.0,3.0
2968242,7.0,85.0,33.5,Unknown,2.0,31910.82,4.0,7.0
3006945,6.0,82.0,43.0,Unknown,3.0,68431.23,6.0,9.0
4745827,13.0,166.0,44.5,Male,2.0,32529.29,0.0,3.0
1406623,8.0,106.0,30.0,Male,2.0,80334.92,1.0,4.0
2802456,14.0,178.0,63.0,Male,2.0,1264325.8199999998,4.0,7.0
2315172,5.0,67.0,22.0,Unknown,3.0,259267.37,6.0,9.0
8406972,6.0,82.0,36.5,Male,2.0,48457.46,4.0,7.0
3010704,35.0,426.0,67.5,Female,3.0,146507.72999999998,2.0,5.0
8129286,5.0,68.0,61.0,Male,3.0,92453.23,6.0,9.0
5278597,30.0,367.0,53.5,Male,3.0,220073.62,5.0,8.0
4747718,5.0,70.0,58.0,Unknown,2.0,45691.82,1.0,4.0
1917906,4.0,58.0,40.0,Unknown,2.0,42756.86,1.0,4.0
5461458,11.0,134.0,47.5,Female,2.0,47390.31,3.0,6.0
3256200,30.0,370.0,72.0,Female,2.0,134657.77000000002,4.0,7.0
4342700,5.0,60.0,22.0,Unknown,3.0,48694.9,4.0,7.0
7458004,14.0,178.0,39.0,Female,3.0,86568.95,6.0,9.0
8281229,5.0,61.0,67.0,Female,2.0,27459.38,4.0,7.0
8733552,3.0,36.0,62.0,Unknown,2.0,111348.32,1.0,4.0
8360801,5.0,62.0,64.0,Unknown,3.0,44545.58,1.0,4.0
5977393,15.0,189.0,53.0,Male,2.0,69247.65,1.0,4.0
8402332,7.0,95.0,47.0,Unknown,2.0,48374.55,1.0,4.0
6649803,11.0,138.0,68.0,Female,2.0,23900.94,1.0,4.0
7327689,12.0,150.0,38.5,Unknown,2.0,90625.68,2.0,5.0
1290643,14.0,178.0,65.0,Female,2.0,36842.13,1.0,4.0
7195168,10.0,125.0,47.5,Male,2.0,49870.26,6.0,9.0
1507780,14.0,173.0,60.5,Female,2.0,502530.59,2.0,5.0
9802021,4.0,50.0,63.0,Unknown,2.0,76862.01999999999,2.0,5.0
5847311,12.0,149.0,28.5,Male,2.0,30938.27,3.0,6.0
1911688,20.0,240.0,67.0,Male,2.0,744355.4800000001,6.0,9.0
9942850,12.0,144.0,30.0,Male,3.0,75886.82,4.0,7.0
5642729,5.0,70.0,62.5,Unknown,3.0,206763.34000000003,2.0,5.0
9601433,6.0,80.0,45.5,Unknown,2.0,117559.2,6.0,9.0
5671600,4.0,57.0,27.0,Unknown,2.0,30608.39,6.0,9.0
5731029,3.0,43.0,28.5,Female,2.0,44457.98,0.0,3.0
3222928,28.0,342.0,65.5,Male,4.0,2134527.31,6.0,9.0
1311021,9.0,110.0,72.0,Female,2.0,54998.57,5.0,8.0
6728805,26.0,319.0,87.0,Male,2.0,175383.71000000002,3.0,6.0
4029961,6.0,75.0,39.5,Male,2.0,116215.91,3.0,6.0
1657612,14.0,172.0,63.5,Female,2.0,53381.19,0.0,3.0
5847660,6.0,82.0,36.0,Unknown,2.0,33216.03,1.0,4.0
1204853,4.0,59.0,27.0,Unknown,2.0,43512.76,6.0,9.0
2611548,7.0,87.0,50.0,Unknown,2.0,288604.58,6.0,9.0
9263432,14.0,168.0,54.5,Male,2.0,25824.36,1.0,4.0
7222419,12.0,155.0,52.5,Female,2.0,103824.18,2.0,5.0
1724346,8.0,107.0,28.0,Female,2.0,42318.31,0.0,3.0
337729,15.0,183.0,53.5,Male,2.0,187026.86,5.0,8.0
9198825,8.0,107.0,59.0,Female,2.0,40489.32,6.0,9.0
8619619,9.0,111.0,30.5,Female,2.0,68204.97,3.0,6.0
4800788,5.0,71.0,30.0,Unknown,2.0,68086.56,6.0,9.0
2468473,15.0,191.0,65.5,Female,2.0,92243.36,1.0,4.0
5266951,13.0,162.0,67.5,Male,2.0,102709.7,2.0,5.0
4006121,24.0,296.0,53.5,Female,2.0,742104.64,4.0,7.0
6830500,23.0,285.0,51.5,Male,2.0,97190.17,4.0,7.0
3486930,22.0,271.0,60.0,Female,2.0,464271.59,6.0,9.0
7229632,22.0,267.0,73.0,Female,2.0,41978.45,3.0,6.0
7759774,21.0,259.0,44.5,Female,2.0,89931.06,5.0,8.0
2525455,21.0,258.0,51.5,Female,2.0,159638.13,6.0,9.0
1977502,20.0,251.0,62.0,Unknown,2.0,81182.76,0.0,3.0
3942971,23.0,279.0,17.5,Male,3.0,80880.63,0.0,3.0
6484938,18.0,219.0,27.5,Female,2.0,74396.16,5.0,8.0
7926426,4.0,48.0,58.0,Unknown,2.0,48062.91,4.0,7.0
5505977,15.0,186.0,46.0,Male,4.0,726275.0800000001,3.0,6.0
4555837,11.0,133.0,40.5,Male,2.0,41946.7,1.0,4.0
8493469,15.0,186.0,30.5,Male,2.0,42321.7,0.0,3.0
4182696,5.0,65.0,33.0,Unknown,2.0,28143.3,0.0,3.0
3633415,6.0,83.0,22.5,Unknown,2.0,27303.28,0.0,3.0
3696773,10.0,120.0,27.5,Female,3.0,30770.65,4.0,7.0
763687,8.0,98.0,27.0,Unknown,3.0,147343.84,3.0,6.0
7718729,21.0,253.0,56.0,Female,2.0,25595.49,2.0,5.0
9123885,5.0,60.0,23.5,Female,2.0,71823.45999999999,6.0,9.0
561051,12.0,146.0,40.0,Male,2.0,315127.89,2.0,5.0
953744,6.0,79.0,50.0,Unknown,2.0,151336.58000000002,2.0,5.0
5464222,5.0,64.0,51.0,Unknown,2.0,23868.84,0.0,3.0
5802200,9.0,108.0,24.0,Male,2.0,26983.25,6.0,9.0
6220779,4.0,57.0,78.5,Unknown,2.0,92467.4,4.0,7.0
5709458,10.0,127.0,70.5,Female,2.0,31424.07,3.0,7.0
597966,4.0,49.0,40.0,Female,3.0,59224.12,6.0,9.0
4186429,15.0,182.0,35.5,Male,2.0,82689.29999999999,0.0,3.0
7370282,14.0,176.0,66.5,Male,2.0,74985.58,3.0,6.0
5173572,4.0,58.0,25.5,Unknown,2.0,38754.27,6.0,9.0
1930761,19.0,230.0,37.5,Male,2.0,36817.01,6.0,9.0
8249603,14.0,178.0,52.0,Female,2.0,93797.47,0.0,3.0
1973142,14.0,168.0,26.0,Male,2.0,31943.1,3.0,6.0
1186,8.0,99.0,22.0,Unknown,2.0,31662.52,0.0,3.0
512833,8.0,103.0,33.0,Male,2.0,58647.98,6.0,9.0
6055384,16.0,196.0,53.5,Female,2.0,41531.38,0.0,3.0
9076129,12.0,154.0,54.5,Female,3.0,302307.65,6.0,9.0
6760686,6.0,82.0,60.5,Unknown,3.0,148213.3,4.0,7.0
219909,9.0,113.0,29.0,Female,2.0,32288.17,1.0,4.0
2616663,8.0,101.0,38.0,Unknown,3.0,77802.75,6.0,9.0
7178685,19.0,233.0,57.5,Male,2.0,181754.78,3.0,6.0
6704728,9.0,109.0,60.0,Female,3.0,501542.39,6.0,9.0
8280127,18.0,222.0,45.5,Male,2.0,73360.94,4.0,7.0
7638242,7.0,87.0,25.0,Unknown,2.0,44532.87,6.0,9.0
6627468,11.0,133.0,68.0,Female,2.0,254248.35,0.0,3.0
9707238,6.0,75.0,32.5,Unknown,2.0,31767.54,6.0,9.0
3269880,15.0,186.0,37.5,Female,2.0,96679.8,2.0,5.0
7220139,11.0,134.0,57.0,Male,2.0,200229.61,1.0,4.0
1751757,4.0,57.0,88.5,Unknown,2.0,306741.86,1.0,5.0
868124,9.0,113.0,35.0,Female,2.0,42594.85,1.0,4.0
3075422,8.0,98.0,21.0,Unknown,2.0,28969.2,0.0,3.0
7694508,10.0,126.0,74.0,Female,2.0,111986.04,6.0,9.0
4388076,10.0,125.0,52.0,Female,2.0,30359.45,1.0,4.0
3568941,7.0,93.0,43.0,Female,2.0,56288.88,5.0,8.0
4743262,24.0,288.0,47.5,Female,2.0,168911.38,4.0,7.0
428635,19.0,229.0,36.5,Female,2.0,86909.85,4.0,7.0
6006176,19.0,228.0,39.5,Female,3.0,237859.51,6.0,9.0
7913825,17.0,214.0,54.0,Female,2.0,163743.63,6.0,9.0
8456534,5.0,66.0,25.5,Female,2.0,51046.99,1.0,4.0
4415346,4.0,59.0,24.5,Unknown,2.0,25049.68,0.0,3.0
7850183,12.0,151.0,24.0,Female,2.0,50612.92999999999,4.0,7.0
3342000,13.0,157.0,33.5,Female,2.0,44320.13,6.0,9.0
7119600,11.0,142.0,27.5,Unknown,2.0,57600.81,0.0,3.0
2451074,15.0,190.0,62.0,Female,2.0,34674.509999999995,4.0,7.0
2491171,8.0,106.0,67.5,Male,2.0,341480.12,6.0,9.0
9920073,20.0,240.0,49.5,Male,3.0,372783.42,4.0,7.0
5033948,5.0,65.0,26.5,Female,2.0,25948.37,0.0,3.0
4134661,4.0,59.0,36.5,Unknown,2.0,27254.83,2.0,5.0
9341371,5.0,71.0,65.5,Unknown,2.0,201573.18,3.0,6.0
8475243,13.0,165.0,38.5,Female,2.0,28237.97,1.0,4.0
4527128,33.0,396.0,62.0,Male,2.0,233913.59000000003,0.0,3.0
4028292,7.0,94.0,23.0,Unknown,3.0,45991.9,5.0,8.0
7952858,15.0,180.0,57.0,Female,2.0,122663.13,0.0,3.0
8355598,8.0,107.0,29.5,Male,4.0,256457.95,6.0,9.0
6523149,21.0,253.0,62.0,Male,2.0,64602.19,6.0,9.0
2799911,15.0,183.0,68.0,Female,2.0,69870.94,6.0,9.0
8921695,10.0,122.0,28.5,Male,3.0,33412.73,5.0,8.0
3247006,9.0,113.0,48.0,Male,2.0,112560.12,0.0,3.0
2159157,12.0,145.0,50.5,Female,2.0,40360.99,2.0,5.0
9331636,15.0,191.0,41.0,Male,2.0,58775.55,1.0,4.0
8726606,5.0,70.0,37.5,Unknown,2.0,51811.31,1.0,4.0
2983687,5.0,68.0,32.5,Male,2.0,77467.69,6.0,9.0
8348583,6.0,82.0,47.5,Unknown,2.0,52909.42999999999,0.0,3.0
1755496,7.0,88.0,24.5,Unknown,2.0,41336.23,3.0,6.0
4638142,16.0,194.0,51.5,Female,2.0,98654.5,2.0,5.0
7692059,6.0,76.0,30.5,Unknown,2.0,34630.27,3.0,6.0
8126871,5.0,62.0,33.0,Unknown,2.0,35971.5,1.0,5.0
3512962,6.0,76.0,46.5,Unknown,2.0,123970.62,6.0,9.0
5758755,7.0,85.0,51.0,Unknown,3.0,32554.66,6.0,9.0
2086854,8.0,96.0,56.5,Unknown,3.0,268923.37,1.0,4.0
3232830,23.0,276.0,58.5,Female,3.0,108084.65,2.0,5.0
2452053,22.0,274.0,53.5,Male,2.0,146099.91,6.0,9.0
6658101,22.0,272.0,67.0,Unknown,2.0,409546.23,0.0,3.0
8075799,22.0,269.0,77.5,Unknown,2.0,47710.81,4.0,7.0
3283578,22.0,268.0,29.5,Male,2.0,58221.01,6.0,9.0
4010608,21.0,255.0,65.5,Male,4.0,1560901.44,6.0,9.0
3170143,21.0,254.0,53.5,Female,2.0,192109.59000000003,6.0,9.0
110212,21.0,254.0,54.5,Female,3.0,72596.48,1.0,4.0
7722964,21.0,253.0,70.0,Male,3.0,357835.92,5.0,8.0
4704861,20.0,250.0,75.5,Male,2.0,251603.19,0.0,3.0
378556,6.0,72.0,31.5,Unknown,2.0,80900.01999999999,0.0,3.0
1894060,5.0,67.0,31.0,Unknown,2.0,27653.32,1.0,4.0
6878222,11.0,134.0,59.5,Female,2.0,869608.87,5.0,8.0
3510532,5.0,65.0,36.0,Unknown,4.0,792942.8400000001,6.0,9.0
4975518,10.0,121.0,60.0,Female,2.0,45821.89,6.0,9.0
4288314,15.0,183.0,36.0,Female,2.0,23820.73,1.0,4.0
5111852,11.0,134.0,53.5,Male,2.0,32373.54,2.0,5.0
5571151,34.0,409.0,74.0,Male,2.0,48380.44,3.0,6.0
6378463,28.0,347.0,68.0,Female,2.0,100795.88,6.0,9.0
7125818,4.0,55.0,52.5,Male,2.0,130693.22,3.0,6.0
550508,7.0,95.0,25.5,Unknown,2.0,37157.09,2.0,5.0
4456421,7.0,84.0,49.0,Unknown,2.0,73923.20999999999,4.0,7.0
2329384,8.0,106.0,64.5,Male,2.0,71890.76,6.0,9.0
4165591,10.0,129.0,72.5,Female,2.0,219042.17,6.0,9.0
4659695,16.0,202.0,64.0,Female,2.0,96629.41,2.0,5.0
5033489,8.0,106.0,40.5,Female,2.0,51633.46,1.0,4.0
6359829,15.0,191.0,40.5,Female,2.0,42611.92999999999,0.0,3.0
7922721,15.0,186.0,58.0,Female,2.0,37285.2,2.0,5.0
4130172,13.0,156.0,57.5,Male,2.0,38975.83,5.0,8.0
1942841,12.0,154.0,34.0,Male,2.0,108955.91,0.0,3.0
5298822,5.0,60.0,32.5,Unknown,2.0,50416.52,2.0,5.0
4382344,5.0,68.0,22.5,Unknown,2.0,26724.3,3.0,6.0
7950795,7.0,86.0,32.5,Unknown,2.0,48412.31,1.0,4.0
8689987,4.0,57.0,74.0,Unknown,2.0,30289.17,1.0,4.0
8609715,8.0,98.0,49.0,Unknown,2.0,122483.75,0.0,3.0
3554484,24.0,298.0,59.5,Female,2.0,30781.01,0.0,3.0
1308328,47.0,571.0,65.5,Female,2.0,137880.02000000002,2.0,5.0
8543796,5.0,61.0,35.0,Unknown,2.0,42006.03999999999,2.0,5.0
1514026,5.0,62.0,21.5,Unknown,2.0,32344.21,0.0,4.0
6467227,10.0,128.0,55.0,Male,2.0,49245.37,0.0,3.0
1768187,8.0,96.0,71.5,Unknown,2.0,218816.35,6.0,9.0
9813495,9.0,119.0,22.5,Female,4.0,95203.07,4.0,7.0
3893928,16.0,201.0,61.5,Male,2.0,367027.17,6.0,9.0
3897687,16.0,192.0,56.0,Female,2.0,536110.58,2.0,5.0
4345694,4.0,58.0,24.0,Unknown,3.0,60596.05,6.0,9.0
4933319,25.0,301.0,50.5,Male,3.0,47110.26,2.0,6.0
1363990,24.0,291.0,67.5,Female,2.0,61543.2,4.0,7.0
5405030,22.0,273.0,28.0,Male,3.0,36232.78,6.0,9.0
1716040,22.0,268.0,54.0,Male,2.0,62021.04,1.0,4.0
4973221,21.0,262.0,28.0,Unknown,2.0,66978.88,6.0,9.0
1195,21.0,262.0,54.5,Male,2.0,28457.96,2.0,5.0
7297562,21.0,255.0,49.5,Male,2.0,39436.79,6.0,9.0
689760,20.0,248.0,86.0,Male,2.0,672113.8300000001,6.0,9.0
549182,19.0,232.0,44.5,Male,2.0,83974.64,6.0,9.0
4938784,18.0,222.0,58.0,Male,3.0,136926.83000000002,6.0,9.0
2746886,7.0,93.0,26.0,Unknown,2.0,66238.94,2.0,5.0
7778612,5.0,64.0,47.0,Unknown,2.0,31083.52,1.0,4.0
4582892,8.0,97.0,42.0,Unknown,2.0,41749.34,3.0,6.0
9066578,12.0,149.0,53.0,Female,2.0,55612.94,0.0,3.0
2319928,5.0,67.0,65.5,Male,2.0,67098.38,6.0,9.0
7468751,7.0,89.0,25.0,Unknown,2.0,34314.32,4.0,7.0
7628095,8.0,104.0,44.5,Male,2.0,41828.09,6.0,9.0
9508722,6.0,83.0,62.5,Unknown,2.0,41913.47,5.0,8.0
7082050,4.0,59.0,30.5,Unknown,3.0,27617.96,1.0,4.0
7239443,15.0,190.0,47.5,Female,2.0,66499.23999999999,6.0,9.0
4623367,12.0,154.0,64.0,Male,3.0,915452.05,6.0,9.0
7151392,6.0,74.0,63.0,Male,2.0,450799.88,6.0,9.0
5163858,6.0,78.0,41.5,Unknown,3.0,108359.57,6.0,9.0
6734265,13.0,162.0,38.5,Male,2.0,43941.73,6.0,9.0
4922851,14.0,178.0,32.5,Female,2.0,66756.06,0.0,3.0
6893388,6.0,80.0,23.5,Unknown,2.0,43459.2,4.0,7.0
2230340,6.0,74.0,55.0,Unknown,2.0,146384.03999999998,4.0,7.0
6798182,7.0,88.0,56.0,Unknown,2.0,35403.22,0.0,3.0
6681156,7.0,91.0,42.5,Unknown,2.0,29687.95,2.0,5.0
8415761,3.0,47.0,47.5,Female,3.0,337179.36,6.0,9.0
6155209,6.0,78.0,23.5,Unknown,4.0,168929.94,5.0,8.0
6174037,7.0,95.0,39.0,Unknown,2.0,58005.17,2.0,5.0
377932,26.0,321.0,72.0,Male,2.0,35983.509999999995,4.0,7.0
3745557,13.0,157.0,57.5,Male,3.0,566067.02,6.0,9.0
9600132,13.0,166.0,42.0,Male,2.0,67326.59,1.0,4.0
9923347,6.0,81.0,35.0,Unknown,2.0,31294.34,6.0,9.0
899958,4.0,57.0,44.5,Unknown,2.0,36899.53,2.0,5.0
8294417,4.0,58.0,20.0,Unknown,2.0,25040.64,0.0,3.0
9283102,6.0,78.0,54.5,Unknown,3.0,59454.12,2.0,5.0
9977651,16.0,196.0,51.0,Male,4.0,105844.61,6.0,9.0
2734032,12.0,151.0,45.0,Male,2.0,25943.02,0.0,3.0
8714032,12.0,147.0,56.5,Female,2.0,27070.92,1.0,4.0
2631724,26.0,313.0,73.0,Female,3.0,55261.47,4.0,7.0
7128347,9.0,116.0,75.5,Male,2.0,143434.31,4.0,7.0
4405304,13.0,165.0,62.0,Female,2.0,188555.77,4.0,7.0
9577112,8.0,100.0,61.0,Unknown,2.0,91255.97,3.0,6.0
4133405,13.0,157.0,37.5,Male,4.0,173796.61,6.0,9.0
1424427,5.0,68.0,29.0,Unknown,2.0,34929.54,3.0,6.0
8319901,7.0,94.0,41.5,Unknown,3.0,96985.86,3.0,6.0
8804675,4.0,59.0,52.5,Unknown,2.0,38900.58,6.0,9.0
3806065,5.0,70.0,60.0,Unknown,2.0,34061.34,5.0,8.0
9341634,4.0,56.0,25.0,Male,2.0,27036.1,5.0,8.0
6042707,6.0,81.0,56.5,Unknown,3.0,179087.56,6.0,9.0
8826775,11.0,138.0,47.5,Female,2.0,93415.1,1.0,4.0
9481495,6.0,76.0,37.0,Unknown,2.0,55905.92999999999,0.0,3.0
4660530,6.0,82.0,37.5,Unknown,2.0,28169.16,0.0,3.0
6290002,14.0,178.0,31.5,Female,2.0,45665.59,1.0,4.0
9294131,8.0,103.0,55.5,Unknown,2.0,38018.35,5.0,8.0
5745108,12.0,154.0,52.5,Female,2.0,103407.6,0.0,3.0
1174611,11.0,135.0,31.0,Male,2.0,38711.91,1.0,4.0
7034044,24.0,292.0,68.5,Male,3.0,211857.25,3.0,6.0
9820543,23.0,280.0,58.0,Female,2.0,60271.28,0.0,3.0
5418190,23.0,278.0,51.5,Female,4.0,462349.47,6.0,9.0
7304351,22.0,270.0,54.0,Unknown,3.0,51003.89,3.0,6.0
3066917,21.0,259.0,70.0,Female,4.0,52714.87,5.0,9.0
7257789,19.0,237.0,50.5,Female,2.0,53432.73,0.0,3.0
8849490,18.0,227.0,70.5,Male,3.0,107720.59,6.0,9.0
719967,17.0,209.0,58.0,Male,2.0,122670.63,3.0,6.0
2460890,17.0,204.0,24.0,Male,2.0,25177.92,1.0,4.0
986196,7.0,94.0,45.5,Unknown,2.0,79123.42,0.0,3.0
2962021,12.0,146.0,30.0,Female,2.0,31188.62,0.0,3.0
402984,17.0,213.0,44.0,Female,4.0,193714.4,4.0,7.0
998727,13.0,156.0,47.5,Male,2.0,126840.95,5.0,8.0
9639688,26.0,319.0,65.0,Female,2.0,33514.54,4.0,7.0
4772168,13.0,157.0,61.5,Female,2.0,63551.69,6.0,9.0
9580921,6.0,82.0,52.5,Unknown,2.0,63214.04,4.0,7.0
3818844,4.0,51.0,40.0,Unknown,3.0,23792.74,3.0,6.0
5536303,15.0,188.0,42.0,Male,2.0,48985.66,5.0,8.0
4017302,8.0,102.0,32.5,Unknown,4.0,251342.28,6.0,9.0
9622353,6.0,73.0,35.0,Unknown,2.0,53425.73,1.0,4.0
5987231,4.0,58.0,41.5,Unknown,2.0,134469.84,1.0,4.0
6608771,13.0,167.0,72.5,Male,2.0,72744.1,2.0,5.0
459733,11.0,136.0,28.5,Male,2.0,54709.2,6.0,9.0
3562895,15.0,180.0,34.0,Female,2.0,32617.59,0.0,3.0
6218392,15.0,180.0,53.5,Male,2.0,90785.68,2.0,5.0
5329326,14.0,173.0,68.5,Female,2.0,26567.77,1.0,4.0
577537,4.0,58.0,28.0,Unknown,2.0,40792.92999999999,4.0,7.0
4711825,9.0,108.0,59.0,Female,2.0,41759.35,6.0,9.0
554955,5.0,64.0,52.5,Unknown,2.0,28628.71,2.0,7.0
4288616,9.0,118.0,51.5,Male,2.0,24210.07,2.0,5.0
2422852,14.0,172.0,39.0,Male,2.0,88982.73,6.0,9.0
7579947,6.0,73.0,33.5,Unknown,3.0,98851.61,4.0,7.0
7329985,12.0,148.0,32.5,Female,2.0,81527.2,1.0,4.0
7241207,14.0,179.0,58.5,Male,2.0,61161.61,4.0,7.0
3084562,3.0,46.0,26.0,Unknown,2.0,36661.37,6.0,9.0
5851947,9.0,119.0,47.0,Female,2.0,94173.62,2.0,5.0
2257208,8.0,99.0,42.5,Unknown,2.0,113270.88,0.0,3.0
7701322,19.0,235.0,57.0,Female,3.0,410003.46,2.0,5.0
1518352,4.0,58.0,29.0,Unknown,3.0,50757.24,3.0,6.0
1485883,4.0,58.0,34.0,Male,3.0,273897.72,5.0,8.0
9423283,12.0,151.0,43.0,Female,2.0,121984.31,2.0,5.0
5391853,9.0,110.0,53.5,Male,2.0,90261.7,5.0,8.0
2280509,6.0,83.0,46.5,Unknown,2.0,370354.51,1.0,4.0
3135230,29.0,349.0,73.5,Female,4.0,496106.46,2.0,8.0
9631253,7.0,94.0,39.0,Unknown,2.0,45224.87,6.0,9.0
7269851,17.0,206.0,57.0,Female,3.0,231255.89,5.0,8.0
7054514,5.0,70.0,44.5,Unknown,2.0,53722.2,0.0,3.0
2143122,12.0,144.0,56.0,Female,2.0,35959.49,0.0,3.0
9906257,28.0,337.0,51.5,Female,3.0,30638.39,0.0,3.0
5959892,13.0,163.0,41.5,Male,2.0,95248.54,0.0,3.0
9272404,14.0,172.0,43.5,Male,2.0,80175.94,5.0,8.0
8593025,6.0,83.0,70.0,Unknown,2.0,95679.92,6.0,9.0
6911162,12.0,149.0,59.0,Male,2.0,83913.14,2.0,5.0
473328,5.0,69.0,61.5,Female,2.0,275559.82,6.0,9.0
363631,5.0,60.0,48.5,Unknown,2.0,59361.18,0.0,3.0
5016571,6.0,82.0,20.5,Unknown,4.0,127969.09,6.0,9.0
5347096,5.0,67.0,21.5,Unknown,3.0,56137.38,6.0,9.0
3093476,21.0,257.0,45.5,Male,2.0,170281.45,5.0,8.0
5959689,20.0,244.0,37.5,Male,3.0,63531.49,0.0,3.0
1676334,19.0,237.0,65.5,Unknown,3.0,317445.72,6.0,9.0
5033521,18.0,219.0,55.0,Male,2.0,161748.75,6.0,9.0
6660293,11.0,133.0,33.5,Female,2.0,40572.64,0.0,3.0
4436099,10.0,122.0,52.5,Female,2.0,75297.61,3.0,6.0
701455,5.0,69.0,31.5,Unknown,3.0,154084.36,6.0,9.0
6246005,7.0,84.0,29.0,Female,2.0,69891.39,2.0,5.0
6783480,6.0,83.0,24.5,Unknown,2.0,45598.0,0.0,3.0
7176334,6.0,82.0,29.5,Unknown,2.0,60249.86,3.0,6.0
9322239,5.0,64.0,23.5,Unknown,2.0,31360.09,2.0,6.0
5023355,14.0,178.0,27.0,Male,2.0,69091.34,6.0,9.0
7754038,11.0,142.0,35.0,Male,2.0,260280.16,3.0,6.0
1104326,9.0,113.0,43.5,Female,2.0,35330.54,0.0,3.0
7693395,12.0,154.0,44.0,Female,3.0,212684.08,4.0,7.0
1450142,28.0,345.0,57.0,Male,2.0,147303.4,1.0,4.0
8455971,6.0,72.0,54.0,Female,3.0,147446.26,4.0,7.0
5408340,4.0,59.0,28.0,Male,3.0,37661.39,4.0,7.0
3261220,12.0,151.0,34.5,Female,2.0,29401.78,6.0,9.0
5790286,11.0,143.0,28.5,Male,3.0,56189.72,5.0,8.0
9186415,15.0,189.0,62.5,Female,2.0,75670.59,4.0,8.0
4998090,10.0,129.0,24.0,Male,2.0,27930.25,0.0,3.0
4954642,8.0,107.0,27.5,Male,3.0,142619.26,6.0,9.0
3823739,14.0,175.0,45.5,Male,2.0,63910.0,1.0,4.0
6182535,6.0,74.0,22.5,Unknown,2.0,36737.47,4.0,7.0
3219379,13.0,163.0,59.0,Unknown,2.0,810347.7000000001,2.0,5.0
2256831,6.0,72.0,22.0,Unknown,2.0,32044.93,5.0,8.0
2276803,5.0,60.0,23.5,Unknown,2.0,25622.31,0.0,3.0
3416345,25.0,311.0,49.5,Female,2.0,58554.69,1.0,4.0
6447601,16.0,203.0,68.0,Male,3.0,46097.02,4.0,7.0
8883804,7.0,91.0,27.0,Female,2.0,47802.3,3.0,6.0
3299611,2.0,35.0,60.0,Unknown,2.0,44576.08,6.0,9.0
238490,4.0,57.0,23.0,Unknown,2.0,25038.51,2.0,5.0
9751341,18.0,224.0,47.0,Male,2.0,28463.95,6.0,9.0
6143388,10.0,131.0,54.0,Male,2.0,121567.41,1.0,4.0
3027452,14.0,172.0,50.0,Female,2.0,159502.62,6.0,9.0
5036356,6.0,83.0,22.5,Unknown,3.0,112691.25,2.0,5.0
7526845,17.0,206.0,46.5,Female,2.0,145551.95,1.0,4.0
9576687,11.0,141.0,27.5,Male,2.0,81421.03,0.0,3.0
4685092,8.0,99.0,36.0,Unknown,2.0,914961.48,5.0,8.0
5707743,8.0,99.0,63.5,Unknown,2.0,366393.55,5.0,8.0
1540941,4.0,58.0,44.5,Unknown,2.0,43615.67999999999,1.0,4.0
6433377,27.0,327.0,49.5,Male,3.0,1017451.06,3.0,7.0
7909733,4.0,53.0,24.5,Unknown,2.0,177326.46999999997,6.0,9.0
4489530,21.0,261.0,41.0,Female,2.0,68919.38,1.0,4.0
3692882,21.0,253.0,38.5,Male,3.0,513216.55,5.0,8.0
4406097,16.0,192.0,53.0,Male,2.0,35596.95,0.0,3.0
8265047,5.0,65.0,25.5,Unknown,2.0,28902.52,6.0,9.0
5047484,6.0,79.0,36.5,Unknown,2.0,54573.07,4.0,7.0
4029177,6.0,73.0,29.0,Unknown,3.0,56045.28,4.0,7.0
1910572,12.0,150.0,48.5,Male,2.0,107939.09,1.0,4.0
8982802,3.0,42.0,55.5,Male,2.0,330072.46,5.0,8.0
6010960,7.0,89.0,41.5,Unknown,2.0,59434.85,1.0,4.0
957204,3.0,44.0,29.0,Unknown,2.0,26401.63,2.0,5.0
7552736,5.0,71.0,41.0,Unknown,2.0,29167.87,0.0,3.0
4285856,5.0,68.0,41.0,Unknown,3.0,58058.79,2.0,5.0
9220127,7.0,91.0,56.5,Unknown,3.0,138457.19,0.0,3.0
3977457,9.0,113.0,53.5,Female,3.0,96814.62,1.0,4.0
8509658,11.0,132.0,27.0,Female,2.0,25122.78,2.0,5.0
4644757,5.0,70.0,50.5,Unknown,2.0,53310.01,2.0,5.0
8912399,9.0,109.0,36.0,Male,2.0,58087.48,2.0,5.0
4167905,14.0,169.0,51.5,Female,2.0,39263.59,1.0,4.0
2090428,15.0,189.0,36.0,Male,2.0,43616.78,2.0,5.0
2881753,15.0,189.0,43.0,Female,2.0,104292.34,5.0,8.0
4752414,8.0,104.0,48.5,Male,2.0,158818.74,6.0,9.0
3804520,11.0,140.0,38.5,Male,2.0,39396.52,1.0,4.0
2455018,4.0,55.0,64.0,Unknown,2.0,52843.75,1.0,4.0
4519913,17.0,214.0,67.5,Male,2.0,187990.1,4.0,7.0
5179331,30.0,371.0,50.0,Female,2.0,107718.41,4.0,7.0
3379539,8.0,96.0,52.5,Unknown,2.0,69494.36,2.0,5.0
7664605,24.0,294.0,22.5,Male,2.0,592387.4800000001,5.0,8.0
1551335,6.0,82.0,61.0,Unknown,2.0,124653.72,5.0,8.0
2713472,3.0,44.0,29.5,Unknown,2.0,45336.94,0.0,3.0
5710170,8.0,100.0,36.5,Unknown,2.0,49502.91,1.0,4.0
8537094,14.0,176.0,30.0,Female,2.0,39872.17,2.0,5.0
2525972,27.0,324.0,60.5,Female,3.0,1096420.24,3.0,6.0
7024243,6.0,78.0,56.5,Unknown,2.0,67202.0,0.0,3.0
6154241,31.0,377.0,71.5,Male,2.0,267932.4,6.0,9.0
6250207,6.0,76.0,60.0,Female,2.0,35120.24,0.0,3.0
4352905,15.0,190.0,57.0,Male,4.0,98616.51,4.0,7.0
5188587,18.0,226.0,82.0,Male,2.0,205581.41,6.0,9.0
8432079,28.0,346.0,62.5,Male,2.0,63442.46,2.0,5.0
4054439,9.0,109.0,56.5,Female,2.0,88274.6,1.0,4.0
6029258,22.0,265.0,27.5,Male,2.0,131773.62,1.0,4.0
8289983,10.0,121.0,54.0,Female,4.0,145676.64,3.0,7.0
5475931,5.0,70.0,35.5,Unknown,2.0,26563.99,0.0,3.0
3736638,7.0,91.0,58.5,Unknown,3.0,964583.1,3.0,6.0
5262322,26.0,323.0,70.0,Male,3.0,225604.84000000003,0.0,3.0
8632580,8.0,97.0,43.0,Male,2.0,30190.91,5.0,8.0
2033133,15.0,181.0,38.5,Male,2.0,78196.43,6.0,9.0
6450937,27.0,334.0,65.5,Unknown,2.0,117132.04,3.0,6.0
5883088,8.0,97.0,54.5,Unknown,2.0,25987.65,0.0,3.0
4710857,13.0,156.0,55.0,Female,2.0,53978.62,5.0,8.0
4481489,26.0,313.0,61.5,Male,5.0,64893.15,6.0,9.0
4755413,22.0,274.0,38.5,Male,2.0,163115.7,1.0,4.0
6954857,22.0,271.0,69.0,Female,2.0,136121.66999999998,1.0,7.0
506479,22.0,270.0,61.0,Female,2.0,36043.05,0.0,3.0
1679014,21.0,259.0,61.5,Male,3.0,31435.64,6.0,9.0
4401076,19.0,235.0,27.5,Female,2.0,32656.06,0.0,3.0
657033,17.0,204.0,41.0,Male,3.0,96292.2,6.0,9.0
2254581,14.0,173.0,37.5,Male,2.0,37661.66,6.0,9.0
6819841,14.0,179.0,43.0,Female,2.0,64439.32,6.0,9.0
1266016,12.0,147.0,45.0,Male,2.0,414116.48,3.0,6.0
3681402,4.0,58.0,46.0,Male,3.0,67029.95999999999,6.0,9.0
6325731,9.0,109.0,24.5,Male,3.0,120212.72,6.0,9.0
5518698,8.0,100.0,61.5,Unknown,2.0,397997.39,3.0,6.0
3791816,12.0,155.0,39.5,Female,2.0,53134.55,1.0,4.0
5543804,4.0,58.0,56.5,Unknown,2.0,54803.33,1.0,4.0
5907345,11.0,132.0,33.5,Male,2.0,113300.86,5.0,8.0
9746783,16.0,193.0,51.0,Female,2.0,61260.88,6.0,9.0
5526019,10.0,121.0,34.0,Female,3.0,141458.77000000002,6.0,9.0
5350766,8.0,101.0,28.0,Unknown,2.0,63549.72,2.0,5.0
3979107,7.0,85.0,50.5,Unknown,2.0,38588.71,1.0,4.0
8024957,6.0,73.0,24.0,Unknown,4.0,40530.22,5.0,8.0
3914072,14.0,176.0,56.5,Female,2.0,77976.16,6.0,9.0
943655,16.0,193.0,58.0,Male,2.0,277125.49,4.0,7.0
2913503,14.0,178.0,63.5,Unknown,4.0,932485.39,6.0,9.0
4964111,12.0,154.0,67.5,Male,2.0,32402.1,1.0,4.0
918457,31.0,373.0,59.0,Male,2.0,410366.7,4.0,7.0
2896504,11.0,143.0,27.0,Male,3.0,114794.88,6.0,9.0
3815964,6.0,76.0,39.5,Female,2.0,33755.54,1.0,4.0
9390879,15.0,191.0,61.5,Female,2.0,66749.66,5.0,8.0
8548477,14.0,174.0,35.5,Male,2.0,25654.26,1.0,4.0
7310623,14.0,178.0,73.5,Female,2.0,46441.53999999999,2.0,5.0
2547733,6.0,73.0,44.5,Unknown,2.0,33639.03,2.0,5.0
2080022,14.0,176.0,48.5,Female,2.0,299068.24,6.0,9.0
669732,5.0,70.0,61.0,Male,2.0,34103.55,2.0,5.0
6496822,7.0,87.0,34.5,Unknown,2.0,25346.22,3.0,6.0
1220365,8.0,103.0,67.5,Male,2.0,341726.49,1.0,4.0
2214841,15.0,189.0,43.5,Female,2.0,31536.15,1.0,4.0
5381852,7.0,94.0,33.0,Unknown,2.0,63782.77,0.0,3.0
5476918,8.0,96.0,50.5,Unknown,2.0,237017.26,6.0,9.0
910877,17.0,209.0,42.5,Female,2.0,165751.90999999997,1.0,4.0
5029647,6.0,74.0,56.0,Female,2.0,50329.49,3.0,6.0
5650112,6.0,83.0,52.0,Unknown,2.0,77110.41,5.0,8.0
882767,14.0,169.0,35.0,Female,2.0,41805.26,1.0,4.0
4971636,7.0,84.0,43.5,Unknown,3.0,404731.6,3.0,6.0
6295882,17.0,206.0,73.0,Female,2.0,690200.9400000001,1.0,4.0
7735522,11.0,136.0,42.5,Female,2.0,59008.97,3.0,6.0
5333425,7.0,89.0,54.0,Unknown,2.0,30446.43,4.0,7.0
9496781,7.0,84.0,54.5,Unknown,3.0,151725.15,6.0,9.0
8712807,4.0,56.0,25.5,Female,2.0,35603.53,5.0,8.0
565576,16.0,200.0,53.5,Unknown,2.0,45310.9,4.0,7.0
3070846,10.0,125.0,51.0,Female,2.0,49590.6,1.0,4.0
3393848,4.0,48.0,55.5,Unknown,2.0,35266.63,6.0,9.0
9990768,6.0,80.0,27.0,Unknown,4.0,59945.91,2.0,5.0
6269030,4.0,58.0,38.0,Female,2.0,30485.1,0.0,3.0
4715511,11.0,132.0,60.0,Male,2.0,268420.7,6.0,9.0
2488155,14.0,175.0,65.5,Female,2.0,56915.65,0.0,3.0
6084029,10.0,127.0,51.0,Male,2.0,218320.5,1.0,4.0
9163259,8.0,97.0,55.5,Unknown,2.0,67269.51999999999,3.0,6.0
5704943,13.0,157.0,55.5,Male,2.0,46757.32,2.0,5.0
3601718,6.0,78.0,51.5,Unknown,2.0,69911.17,4.0,7.0
7380970,6.0,76.0,62.5,Male,2.0,698610.41,6.0,9.0
2233347,7.0,85.0,22.5,Female,3.0,37749.27,6.0,9.0
5157144,25.0,301.0,67.5,Male,3.0,617845.5900000001,6.0,9.0
9784360,24.0,288.0,52.5,Female,3.0,43897.03999999999,0.0,3.0
424592,23.0,276.0,24.0,Male,2.0,67360.98999999999,1.0,4.0
8705152,23.0,276.0,49.0,Male,3.0,258011.36,4.0,7.0
6755447,19.0,238.0,38.0,Male,2.0,66339.39,1.0,4.0
6285819,17.0,212.0,67.5,Female,3.0,82746.73,0.0,3.0
863407,16.0,201.0,34.5,Female,3.0,245144.21,0.0,4.0
4669127,4.0,57.0,73.0,Unknown,2.0,25772.02,4.0,7.0
2287360,12.0,146.0,34.0,Unknown,3.0,111159.83,5.0,8.0
3906545,9.0,112.0,34.0,Female,2.0,90445.83,5.0,8.0
8327906,14.0,179.0,43.5,Female,2.0,65047.74,1.0,4.0
93127,8.0,97.0,44.0,Unknown,2.0,63226.31,4.0,7.0
1831854,6.0,79.0,58.5,Unknown,2.0,149223.69,5.0,8.0
5843791,12.0,155.0,41.5,Male,2.0,63500.62,6.0,9.0
5316715,14.0,178.0,33.5,Male,2.0,117215.38,0.0,3.0
2900085,13.0,157.0,52.0,Female,2.0,106859.15,2.0,5.0
4370933,7.0,84.0,23.5,Unknown,2.0,50358.02,0.0,4.0
1195631,14.0,176.0,45.0,Female,3.0,257139.82,5.0,8.0
5546524,3.0,46.0,36.0,Male,2.0,218591.48,5.0,8.0
9464958,6.0,82.0,61.5,Unknown,2.0,121220.28,6.0,9.0
9266150,14.0,170.0,31.5,Female,2.0,30409.32,0.0,3.0
1146114,18.0,219.0,46.5,Male,2.0,55316.07,1.0,4.0
4318106,6.0,76.0,23.0,Unknown,3.0,44366.24,5.0,8.0
2753830,12.0,148.0,65.5,Male,3.0,40232.36,1.0,4.0
3469137,13.0,166.0,58.5,Female,2.0,58100.75,2.0,5.0
815731,13.0,156.0,51.5,Male,2.0,199861.84000000003,6.0,9.0
8073324,16.0,192.0,39.5,Male,3.0,104906.2,1.0,4.0
4825244,6.0,76.0,36.0,Unknown,2.0,60902.96,1.0,4.0
9980566,4.0,59.0,30.5,Unknown,2.0,41966.61,2.0,5.0
2255932,5.0,69.0,24.5,Unknown,3.0,90818.35,6.0,9.0
5451905,4.0,58.0,32.0,Unknown,3.0,37168.41,6.0,9.0
4427457,9.0,109.0,31.0,Female,2.0,64771.32,1.0,4.0
7468377,9.0,119.0,63.5,Female,3.0,145642.28999999998,6.0,9.0
2506696,11.0,142.0,27.0,Male,2.0,129530.72,1.0,4.0
7977441,12.0,149.0,28.0,Male,2.0,34865.09,0.0,3.0
252744,13.0,158.0,34.0,Female,2.0,46589.05,0.0,3.0
2432885,5.0,69.0,66.0,Female,2.0,194757.38,1.0,4.0
4141937,26.0,319.0,65.5,Female,2.0,57313.32,6.0,9.0
1100966,7.0,84.0,27.5,Unknown,2.0,58021.22,6.0,9.0
633752,5.0,71.0,50.5,Unknown,2.0,370137.57,1.0,5.0
1781381,9.0,117.0,62.0,Female,2.0,270714.73,4.0,7.0
2100720,7.0,93.0,53.5,Unknown,2.0,27506.68,0.0,3.0
9594218,8.0,102.0,69.0,Male,2.0,114308.8,4.0,7.0
1060169,6.0,74.0,34.5,Unknown,2.0,31366.98,0.0,3.0
9717121,7.0,94.0,25.5,Male,5.0,126266.13,6.0,9.0
9089300,7.0,85.0,34.0,Unknown,2.0,101791.35,4.0,7.0
2852158,10.0,125.0,63.0,Male,2.0,107853.87,4.0,7.0
6143337,13.0,157.0,63.0,Female,4.0,103138.38,6.0,9.0
5355401,23.0,276.0,23.5,Male,2.0,31810.85,3.0,6.0
8018087,13.0,157.0,42.0,Male,2.0,135816.66999999998,3.0,6.0
5951866,8.0,98.0,47.5,Female,2.0,24339.05,1.0,4.0
86035,22.0,271.0,54.5,Female,3.0,125739.87,0.0,3.0
4662219,11.0,140.0,57.0,Male,2.0,71953.95,6.0,9.0
1475637,5.0,61.0,60.0,Unknown,2.0,282781.53,1.0,4.0
1227035,13.0,161.0,46.0,Male,2.0,346665.22,2.0,5.0
8862122,7.0,90.0,63.5,Unknown,2.0,194560.23,2.0,5.0
4439304,5.0,70.0,52.0,Female,2.0,28795.39,0.0,3.0
499278,24.0,292.0,55.0,Female,3.0,926905.72,5.0,8.0
7515310,24.0,291.0,52.0,Female,4.0,90730.25,0.0,3.0
82206,24.0,288.0,49.5,Female,3.0,181894.53,4.0,7.0
2526374,23.0,279.0,60.0,Male,7.0,1022319.66,6.0,9.0
7038864,21.0,261.0,26.5,Female,3.0,111816.42,6.0,9.0
8644876,21.0,259.0,29.5,Male,2.0,47430.09,6.0,9.0
7178194,24.0,297.0,66.0,Female,2.0,203852.51,6.0,9.0
4980881,20.0,241.0,43.5,Male,3.0,364633.63,4.0,8.0
1516160,19.0,229.0,59.5,Male,3.0,59137.76,0.0,3.0
2515738,21.0,255.0,29.0,Male,3.0,80819.57,5.0,8.0
4023574,5.0,70.0,53.0,Unknown,2.0,167242.59999999998,6.0,9.0
5608070,9.0,108.0,30.5,Male,2.0,105889.38,4.0,7.0
1322669,4.0,59.0,25.5,Unknown,2.0,34091.649999999994,6.0,9.0
6209257,7.0,91.0,21.0,Unknown,3.0,39432.98,5.0,8.0
6322872,15.0,181.0,32.5,Female,2.0,31748.04,5.0,8.0
6893118,12.0,145.0,53.0,Female,3.0,56495.92,4.0,7.0
5059436,5.0,69.0,51.0,Female,2.0,45493.36,1.0,4.0
1734888,15.0,188.0,44.5,Female,2.0,97493.8,0.0,3.0
9413786,17.0,206.0,53.5,Male,2.0,83269.07,3.0,6.0
6111966,4.0,59.0,44.5,Female,3.0,65330.58,3.0,6.0
986882,6.0,72.0,60.0,Unknown,3.0,79468.06,6.0,9.0
7508908,9.0,112.0,51.0,Female,2.0,111685.43,1.0,4.0
9797408,6.0,75.0,30.5,Unknown,2.0,50049.69,6.0,9.0
3957033,10.0,126.0,40.0,Male,2.0,296512.39,3.0,6.0
3495844,4.0,59.0,77.0,Unknown,2.0,55317.38,0.0,3.0
3831873,15.0,190.0,36.0,Male,2.0,49962.55,0.0,3.0
7123285,6.0,81.0,64.5,Unknown,2.0,181458.1,3.0,6.0
3296442,12.0,155.0,70.5,Female,2.0,328057.05,4.0,7.0
5175305,12.0,154.0,27.0,Female,2.0,30753.12,5.0,8.0
9485220,29.0,348.0,55.0,Male,2.0,73849.47,6.0,9.0
4779050,17.0,214.0,46.5,Male,2.0,371020.78,5.0,8.0
3384298,8.0,103.0,28.0,Unknown,3.0,85378.06,2.0,5.0
3060280,16.0,196.0,54.0,Female,2.0,25291.05,1.0,4.0
9005188,14.0,177.0,67.5,Male,5.0,677482.4500000001,6.0,9.0
2710593,13.0,165.0,61.5,Male,2.0,25425.2,0.0,3.0
9971315,6.0,82.0,64.0,Unknown,2.0,38555.74,4.0,7.0
1240556,4.0,53.0,62.5,Female,4.0,1946647.22,5.0,8.0
971468,13.0,156.0,68.5,Male,2.0,49268.53999999999,2.0,5.0
4817478,5.0,70.0,26.0,Unknown,2.0,26621.1,0.0,3.0
5621030,8.0,104.0,38.5,Male,2.0,75441.94,5.0,8.0
3063661,5.0,62.0,52.0,Female,2.0,28730.13,1.0,4.0
6354136,14.0,179.0,30.0,Female,2.0,26623.32,1.0,4.0
3628849,12.0,146.0,72.5,Male,2.0,290005.31,2.0,5.0
9810092,27.0,325.0,58.5,Unknown,3.0,430615.03,2.0,7.0
7924728,14.0,170.0,39.0,Male,2.0,44307.36,1.0,4.0
1473265,8.0,96.0,45.0,Male,2.0,141707.31,5.0,8.0
5740627,9.0,112.0,28.0,Unknown,3.0,78101.06,0.0,3.0
5311714,16.0,193.0,37.5,Unknown,2.0,124071.67,2.0,5.0
6318967,6.0,77.0,60.0,Unknown,2.0,79300.16,0.0,3.0
6959864,7.0,95.0,60.5,Unknown,2.0,47638.53,3.0,6.0
7333924,11.0,132.0,35.0,Female,2.0,60226.81,5.0,8.0
4666061,24.0,289.0,58.0,Female,2.0,34183.23,6.0,9.0
9149669,23.0,287.0,78.5,Female,3.0,227292.09000000003,4.0,7.0
6309176,23.0,286.0,55.0,Male,2.0,32411.25,6.0,9.0
7163614,23.0,277.0,67.0,Female,3.0,198354.06,1.0,4.0
2270316,22.0,273.0,53.0,Female,2.0,105658.31,0.0,3.0
4609139,31.0,381.0,68.5,Male,3.0,322103.41,5.0,8.0
6086740,21.0,259.0,62.5,Female,2.0,28485.33,6.0,9.0
3371715,21.0,257.0,67.5,Male,3.0,677735.53,5.0,9.0
8765518,21.0,252.0,56.0,Female,3.0,33724.56,4.0,7.0
5762066,17.0,208.0,46.0,Male,3.0,109172.78,3.0,6.0
4714730,9.0,109.0,26.5,Male,2.0,58072.74,6.0,9.0
7814037,6.0,75.0,32.0,Unknown,2.0,35782.41,0.0,3.0
9409578,6.0,82.0,39.0,Unknown,2.0,60702.73,4.0,7.0
9810527,8.0,96.0,57.0,Unknown,2.0,97893.69,2.0,5.0
341102,13.0,156.0,56.0,Female,2.0,199963.75,2.0,5.0
6018395,12.0,149.0,52.5,Male,3.0,512634.29,5.0,8.0
5091239,14.0,176.0,67.5,Female,2.0,73152.93,5.0,8.0
6615461,6.0,75.0,30.0,Unknown,3.0,55075.03999999999,5.0,8.0
5390974,10.0,120.0,47.0,Female,2.0,36530.19,2.0,5.0
1965643,11.0,135.0,29.5,Female,2.0,25486.06,0.0,3.0
2043512,13.0,161.0,32.5,Male,2.0,25874.5,3.0,6.0
2571936,12.0,155.0,55.5,Female,2.0,39619.83,1.0,4.0
4991811,14.0,169.0,51.0,Male,2.0,113028.19,5.0,8.0
9234181,9.0,111.0,27.0,Male,3.0,535966.09,3.0,6.0
2814457,7.0,85.0,67.5,Unknown,2.0,50662.69,3.0,6.0
7758973,8.0,105.0,32.0,Female,2.0,59205.94,0.0,3.0
7776888,28.0,341.0,59.0,Female,2.0,3986272.4,6.0,9.0
7599966,15.0,189.0,62.0,Male,2.0,64153.03,6.0,9.0
6281865,16.0,195.0,33.5,Male,2.0,134390.41,5.0,8.0
9553206,14.0,178.0,61.5,Female,2.0,126215.34,4.0,7.0
837625,12.0,154.0,71.0,Male,2.0,127065.35,6.0,9.0
2499433,7.0,91.0,58.0,Unknown,2.0,100562.21,2.0,5.0
6149601,4.0,59.0,59.0,Female,2.0,137302.11,6.0,9.0
9034477,26.0,322.0,46.5,Female,2.0,133612.51,3.0,6.0
347861,9.0,112.0,32.5,Female,2.0,31470.71,6.0,9.0
2553998,14.0,169.0,34.0,Male,2.0,28900.4,1.0,5.0
7347144,14.0,168.0,39.0,Female,2.0,23949.76,0.0,3.0
144244,14.0,179.0,48.5,Male,2.0,68273.31,1.0,5.0
6691687,11.0,142.0,52.0,Female,2.0,121840.71,1.0,4.0
694239,9.0,108.0,30.5,Male,2.0,71271.57,2.0,5.0
4677539,5.0,65.0,22.0,Unknown,2.0,43340.61,6.0,9.0
1768966,15.0,191.0,63.5,Female,2.0,134067.41999999998,2.0,5.0
6982295,8.0,102.0,30.5,Unknown,2.0,78248.76999999999,1.0,4.0
7816047,15.0,190.0,64.5,Female,2.0,119126.28,6.0,9.0
6751236,6.0,74.0,76.0,Female,2.0,58077.88,3.0,6.0
4385537,9.0,109.0,51.0,Female,2.0,161340.38,0.0,3.0
6265481,29.0,354.0,57.0,Male,3.0,1196523.68,5.0,8.0
6794107,6.0,74.0,22.5,Unknown,2.0,30337.15,1.0,4.0
5564742,8.0,96.0,71.0,Unknown,2.0,46254.31,2.0,5.0
3897043,10.0,130.0,29.0,Female,2.0,89280.16,2.0,5.0
5281957,12.0,145.0,60.0,Male,4.0,296773.71,5.0,8.0
7621250,14.0,172.0,45.0,Female,2.0,56299.75,5.0,8.0
4386445,9.0,116.0,43.5,Female,2.0,408826.36,6.0,9.0
394311,5.0,60.0,67.5,Unknown,2.0,61756.13,6.0,9.0
4022592,16.0,193.0,71.5,Male,2.0,80954.42,4.0,7.0
638751,4.0,53.0,25.0,Unknown,2.0,49521.16,5.0,8.0
1136796,3.0,46.0,39.0,Unknown,2.0,33484.39,4.0,7.0
2893623,5.0,66.0,17.5,Unknown,3.0,89604.04,2.0,5.0
5287377,7.0,91.0,29.0,Unknown,2.0,65945.7,3.0,6.0
37705,7.0,90.0,24.5,Unknown,3.0,52655.91,2.0,5.0
2735984,23.0,283.0,68.5,Male,2.0,194762.22,6.0,9.0
468336,22.0,274.0,53.5,Female,2.0,74336.06,5.0,8.0
4135832,22.0,265.0,63.5,Unknown,2.0,39929.94,0.0,4.0
6031056,21.0,258.0,62.5,Male,2.0,581480.9400000001,1.0,4.0
3320785,19.0,234.0,46.5,Male,2.0,924160.87,6.0,9.0
1073670,18.0,227.0,36.5,Female,2.0,56056.07,2.0,5.0
6756354,18.0,223.0,67.5,Female,3.0,1466302.64,6.0,9.0
4553478,17.0,213.0,46.5,Female,3.0,137173.66,6.0,9.0
4879447,8.0,107.0,58.0,Female,3.0,80421.98999999999,2.0,6.0
2224720,5.0,71.0,19.5,Unknown,2.0,30731.59,1.0,4.0
3856984,35.0,430.0,32.0,Male,2.0,48735.13,5.0,8.0
4579515,27.0,332.0,65.0,Male,2.0,29266.37,3.0,6.0
3880053,19.0,232.0,50.5,Male,2.0,36033.93,1.0,4.0
9431997,14.0,172.0,46.5,Male,3.0,155231.28999999998,0.0,3.0
3232380,7.0,89.0,69.0,Unknown,2.0,203283.33,4.0,7.0
222726,14.0,179.0,41.5,Female,2.0,74681.85,0.0,3.0
4313597,29.0,349.0,23.5,Female,2.0,34406.92,5.0,8.0
2200195,12.0,144.0,53.0,Male,3.0,161372.90000000002,6.0,9.0
5346138,14.0,177.0,34.0,Female,2.0,26844.83,0.0,3.0
6578914,13.0,162.0,49.5,Male,3.0,135979.52000000002,4.0,7.0
9618239,13.0,166.0,58.5,Female,2.0,129497.75,2.0,5.0
9880902,9.0,115.0,24.5,Male,3.0,78838.98999999999,3.0,6.0
8972168,6.0,74.0,61.0,Unknown,2.0,31709.14,3.0,6.0
1630079,5.0,64.0,58.5,Unknown,3.0,34065.46,0.0,3.0
4316529,8.0,106.0,32.5,Male,2.0,29438.69,4.0,7.0
9620080,8.0,100.0,56.5,Unknown,3.0,138464.43,6.0,9.0
5626150,15.0,190.0,69.0,Female,2.0,384796.02,2.0,6.0
160616,9.0,112.0,49.5,Male,2.0,94940.21,4.0,7.0
1397788,4.0,59.0,22.5,Unknown,3.0,64726.71,5.0,8.0
6672348,24.0,298.0,36.5,Female,3.0,111851.12,0.0,3.0
7368894,15.0,184.0,71.0,Female,2.0,148027.26,0.0,3.0
4363631,6.0,82.0,26.5,Unknown,2.0,25392.69,1.0,4.0
9674668,3.0,37.0,46.0,Male,3.0,173477.71000000002,5.0,8.0
6484212,13.0,164.0,55.0,Male,2.0,115654.2,5.0,8.0
7683638,5.0,61.0,42.5,Unknown,3.0,41879.39,1.0,4.0
4992713,6.0,81.0,27.0,Unknown,2.0,82064.39,2.0,5.0
3125489,6.0,78.0,52.0,Unknown,5.0,191380.4,6.0,9.0
7018631,6.0,76.0,39.5,Unknown,2.0,64821.69,1.0,4.0
2878870,9.0,118.0,61.0,Female,2.0,71295.75,6.0,9.0
7098068,6.0,80.0,51.0,Unknown,2.0,166274.44,0.0,3.0
1871451,8.0,101.0,58.5,Unknown,2.0,53432.07,4.0,7.0
7742323,6.0,72.0,45.0,Unknown,2.0,27163.82,6.0,9.0
2286415,14.0,179.0,47.5,Female,2.0,29771.56,1.0,4.0
9998964,5.0,71.0,45.5,Unknown,3.0,91766.49,6.0,9.0
7655560,4.0,55.0,57.5,Female,2.0,203618.79,1.0,4.0
1882050,7.0,91.0,32.5,Unknown,2.0,31188.62,4.0,7.0
9014817,7.0,85.0,71.0,Unknown,2.0,80922.43,1.0,4.0
6948185,7.0,88.0,51.0,Unknown,2.0,157730.90999999997,2.0,5.0
2059033,25.0,301.0,49.5,Female,3.0,68723.82,2.0,5.0
7714718,24.0,289.0,23.5,Male,2.0,455275.47,1.0,4.0
2241847,22.0,269.0,52.0,Male,2.0,63022.66,6.0,9.0
3417498,21.0,263.0,57.0,Male,4.0,548083.56,6.0,9.0
340480,22.0,271.0,52.0,Male,2.0,43176.37,0.0,3.0
9500269,21.0,256.0,55.0,Female,2.0,53775.17999999999,1.0,4.0
2320742,21.0,254.0,18.0,Female,4.0,37910.39,2.0,5.0
1229810,21.0,252.0,58.5,Female,3.0,199977.55,3.0,6.0
1938523,20.0,242.0,48.5,Male,4.0,705167.2300000001,5.0,8.0
4055697,17.0,211.0,49.5,Male,2.0,401751.47,3.0,6.0
2278325,7.0,86.0,19.5,Unknown,2.0,25565.75,2.0,5.0
725169,15.0,189.0,61.5,Female,2.0,94491.99,5.0,8.0
3684443,13.0,164.0,60.5,Male,2.0,32187.78,1.0,4.0
6726784,13.0,163.0,65.0,Male,2.0,87014.54999999999,1.0,4.0
9777475,5.0,66.0,25.5,Unknown,2.0,29789.91,4.0,7.0
4276503,35.0,430.0,80.0,Male,3.0,224178.33,5.0,9.0
3968514,7.0,90.0,43.0,Unknown,2.0,128391.9,1.0,4.0
1985555,8.0,102.0,34.0,Unknown,2.0,118855.07,6.0,9.0
9643040,14.0,168.0,68.0,Female,2.0,31754.62,2.0,6.0
8918882,17.0,212.0,44.0,Unknown,2.0,176287.33000000002,5.0,8.0
6809928,5.0,71.0,50.0,Unknown,2.0,40812.59,3.0,6.0
9923595,13.0,160.0,71.0,Female,2.0,221745.31,6.0,9.0
9632093,10.0,123.0,31.0,Male,2.0,42958.12,6.0,9.0
1505130,5.0,63.0,61.5,Female,2.0,76548.31,0.0,3.0
6735671,6.0,75.0,30.5,Unknown,2.0,41058.87,5.0,8.0
1223855,20.0,251.0,30.0,Female,2.0,63057.59,1.0,4.0
6498549,9.0,109.0,24.0,Female,2.0,56488.58,6.0,9.0
1359640,12.0,148.0,92.0,Male,2.0,596701.54,6.0,9.0
6645680,10.0,124.0,59.5,Female,2.0,26064.76,1.0,4.0
7077126,11.0,134.0,64.5,Female,2.0,45591.42999999999,3.0,6.0
8982660,4.0,56.0,61.0,Unknown,2.0,40202.59,6.0,9.0
2790268,11.0,142.0,43.5,Female,2.0,124508.86,2.0,5.0
3610949,15.0,181.0,42.5,Female,2.0,239531.32,2.0,5.0
8671015,17.0,204.0,60.0,Male,2.0,220363.73,6.0,9.0
9902433,11.0,144.0,51.0,Female,2.0,31911.48,1.0,4.0
9442883,9.0,112.0,31.5,Female,2.0,26898.37,0.0,3.0
6250513,4.0,57.0,57.0,Unknown,2.0,123516.34,2.0,5.0
3236857,11.0,141.0,30.5,Female,2.0,29460.2,0.0,3.0
4557006,26.0,318.0,54.0,Female,3.0,217495.87,4.0,7.0
56294,7.0,92.0,27.0,Female,2.0,27489.64,3.0,6.0
598943,15.0,180.0,49.5,Female,2.0,56076.2,4.0,7.0
196531,16.0,194.0,55.0,Unknown,2.0,50479.64,1.0,4.0
1242238,11.0,139.0,25.0,Male,3.0,72557.7,6.0,9.0
3218370,16.0,203.0,52.5,Female,2.0,33499.67,1.0,4.0
9296475,6.0,75.0,52.0,Unknown,2.0,49330.46,2.0,5.0
1625153,5.0,60.0,61.5,Male,2.0,29746.16,2.0,5.0
5357058,13.0,167.0,60.5,Unknown,2.0,33027.07,1.0,4.0
911823,7.0,88.0,57.0,Unknown,2.0,24850.99,5.0,8.0
9484494,6.0,81.0,68.5,Unknown,2.0,126110.92,4.0,7.0
7827903,4.0,58.0,28.0,Unknown,3.0,37211.46,6.0,9.0
1616990,14.0,169.0,54.0,Female,2.0,59629.04,1.0,4.0
3432297,22.0,271.0,46.5,Female,3.0,144097.93,6.0,9.0
9410513,22.0,268.0,57.5,Male,2.0,53277.88,1.0,4.0
3998906,21.0,261.0,51.5,Male,4.0,2857221.76,5.0,8.0
630446,16.0,203.0,63.0,Male,2.0,77233.14,2.0,5.0
2597998,5.0,65.0,77.0,Male,2.0,55101.63,1.0,5.0
7026988,10.0,126.0,31.0,Female,2.0,35543.52,1.0,4.0
5431838,13.0,156.0,47.0,Female,2.0,33568.869999999995,5.0,8.0
2942633,13.0,164.0,55.0,Male,3.0,138314.64,6.0,9.0
1709235,10.0,130.0,64.0,Female,2.0,72039.13,1.0,4.0
2180281,8.0,97.0,29.0,Unknown,2.0,33788.08,6.0,9.0
8986507,8.0,103.0,25.0,Unknown,2.0,33998.509999999995,4.0,7.0
5831696,4.0,58.0,27.0,Unknown,2.0,41059.14,1.0,4.0
3181964,4.0,59.0,65.0,Unknown,2.0,48251.28,2.0,5.0
3362712,17.0,209.0,76.0,Male,2.0,168023.95,3.0,6.0
8427665,15.0,189.0,41.0,Female,2.0,64593.74,3.0,6.0
6885745,7.0,90.0,27.0,Unknown,2.0,28709.59,1.0,4.0
257116,11.0,139.0,33.0,Female,2.0,24015.33,6.0,9.0
8091770,27.0,334.0,48.0,Unknown,2.0,185337.95,4.0,7.0
1505081,15.0,180.0,56.5,Male,2.0,73101.34,0.0,3.0
3710682,7.0,85.0,83.5,Unknown,2.0,227995.08,2.0,5.0
2419034,14.0,175.0,46.0,Unknown,3.0,430118.41,3.0,6.0
8732056,4.0,58.0,30.5,Unknown,3.0,53217.34,2.0,5.0
7301942,6.0,79.0,63.0,Unknown,2.0,130756.53,3.0,6.0
8962152,11.0,141.0,57.5,Male,2.0,4753214.1,6.0,9.0
3804987,13.0,159.0,37.5,Male,3.0,122541.89,6.0,9.0
73615,10.0,129.0,41.0,Male,2.0,59781.96,0.0,3.0
6199526,13.0,159.0,32.5,Female,3.0,64746.33,0.0,4.0
394951,5.0,66.0,19.5,Unknown,2.0,27855.75,1.0,4.0
8214475,14.0,179.0,27.0,Female,2.0,119714.77,2.0,5.0
3788778,7.0,88.0,30.5,Unknown,2.0,57989.21,6.0,9.0
7658296,10.0,130.0,35.5,Female,2.0,50622.88,2.0,5.0
7763589,6.0,82.0,26.0,Unknown,2.0,62304.89,1.0,4.0
5536276,12.0,154.0,40.5,Male,3.0,48791.94,6.0,9.0
1323464,5.0,61.0,45.0,Unknown,2.0,27749.69,4.0,7.0
534878,16.0,193.0,55.5,Female,2.0,25310.49,0.0,3.0
5700762,6.0,73.0,57.0,Unknown,2.0,159949.01,6.0,9.0
2432176,21.0,261.0,20.5,Female,2.0,30153.08,3.0,6.0
9206406,26.0,322.0,63.0,Male,3.0,93619.11,2.0,5.0
2928002,9.0,119.0,48.5,Female,2.0,29139.87,0.0,3.0
4430714,16.0,194.0,60.5,Male,2.0,25253.87,4.0,7.0
2272471,6.0,82.0,70.0,Unknown,2.0,49037.42999999999,5.0,8.0
122493,6.0,74.0,57.0,Female,2.0,209992.95,3.0,7.0
387839,24.0,298.0,67.5,Female,2.0,277975.59,4.0,7.0
3464315,23.0,277.0,59.5,Female,2.0,51863.25,3.0,6.0
5913469,23.0,276.0,90.0,Female,2.0,352526.28,6.0,9.0
9396831,22.0,275.0,58.0,Male,2.0,31162.4,6.0,9.0
3975091,21.0,262.0,46.0,Female,2.0,45403.16,2.0,5.0
3289903,28.0,346.0,71.0,Female,2.0,35191.149999999994,0.0,3.0
3575992,19.0,238.0,56.0,Female,2.0,227322.64,4.0,7.0
2471025,18.0,217.0,41.5,Male,3.0,523416.14,6.0,9.0
240400,17.0,213.0,51.0,Male,4.0,2367756.97,5.0,8.0
9774539,12.0,151.0,40.5,Male,2.0,46937.34,1.0,4.0
8357730,10.0,122.0,26.5,Female,2.0,42511.34,0.0,3.0
8024012,10.0,129.0,72.5,Female,2.0,27429.75,3.0,6.0
8633888,5.0,66.0,63.5,Unknown,2.0,560494.0900000001,6.0,9.0
679865,26.0,321.0,53.5,Male,2.0,68476.12,6.0,9.0
9386153,5.0,70.0,52.5,Unknown,2.0,47610.14,0.0,3.0
450232,13.0,161.0,49.5,Male,2.0,67256.47,1.0,4.0
5043861,5.0,70.0,56.0,Male,3.0,99177.99,2.0,5.0
668529,12.0,152.0,58.5,Female,2.0,76116.92,1.0,4.0
5468082,8.0,101.0,40.0,Unknown,2.0,111626.0,6.0,9.0
3272980,14.0,173.0,31.5,Female,2.0,154079.74,1.0,4.0
3708887,13.0,157.0,51.0,Female,2.0,30516.92,1.0,4.0
1920557,14.0,170.0,35.0,Female,2.0,25977.07,6.0,9.0
8913318,8.0,107.0,31.0,Unknown,3.0,30072.59,1.0,4.0
971530,12.0,146.0,38.5,Female,2.0,78886.01999999999,6.0,9.0
463029,6.0,80.0,56.5,Unknown,2.0,271487.49,6.0,9.0
8816944,4.0,58.0,48.0,Unknown,2.0,53097.16,4.0,7.0
1445747,4.0,55.0,37.0,Unknown,3.0,52830.07,0.0,3.0
8270778,9.0,119.0,47.5,Male,3.0,41922.65,3.0,6.0
6232243,8.0,101.0,55.0,Unknown,2.0,476963.61,5.0,8.0
8678313,5.0,70.0,57.5,Unknown,2.0,37792.09,0.0,3.0
2740069,8.0,101.0,50.5,Unknown,3.0,97973.63,2.0,5.0
9107244,3.0,46.0,62.0,Unknown,2.0,38847.96,4.0,7.0
2084027,7.0,94.0,30.0,Unknown,2.0,44809.07,3.0,6.0
5020449,10.0,125.0,42.0,Male,2.0,48294.72,2.0,5.0
3981677,13.0,167.0,56.5,Female,2.0,30402.59,2.0,5.0
4227725,28.0,341.0,61.5,Female,2.0,169878.59000000003,5.0,8.0
4169696,26.0,322.0,73.0,Female,3.0,648583.01,4.0,8.0
3257320,10.0,124.0,29.0,Unknown,2.0,39773.66,0.0,3.0
3860579,5.0,65.0,35.5,Unknown,2.0,50786.59,6.0,9.0
2806504,8.0,104.0,40.5,Male,4.0,160812.37,5.0,8.0
2403725,5.0,70.0,42.0,Unknown,2.0,37268.37,1.0,4.0
431429,14.0,174.0,52.5,Female,2.0,34875.369999999995,3.0,6.0
2988143,7.0,90.0,29.5,Unknown,2.0,30362.19,0.0,3.0
5017082,20.0,241.0,46.5,Female,3.0,93097.49,5.0,8.0
5676993,6.0,83.0,42.0,Unknown,2.0,61500.21,1.0,4.0
884588,11.0,142.0,38.5,Female,2.0,41447.17,2.0,5.0
7121456,10.0,122.0,47.5,Male,2.0,88082.65,2.0,5.0
6086964,5.0,71.0,32.0,Unknown,2.0,139209.5,2.0,5.0
924916,5.0,69.0,23.5,Unknown,2.0,31004.08,0.0,3.0
1146272,6.0,76.0,45.0,Male,2.0,70170.48999999999,3.0,6.0
9337964,13.0,166.0,43.5,Male,3.0,93220.6,6.0,9.0
8347135,6.0,74.0,29.5,Unknown,3.0,66213.41,6.0,9.0
1038746,6.0,82.0,25.0,Unknown,2.0,26244.46,1.0,4.0
3231341,17.0,210.0,58.0,Male,2.0,95693.98,1.0,4.0
6109388,48.0,576.0,42.0,Male,2.0,187007.29,5.0,8.0
7128250,15.0,191.0,33.0,Female,2.0,43846.52,2.0,5.0
1129035,13.0,167.0,37.5,Male,2.0,113216.76,0.0,3.0
2576241,8.0,105.0,36.0,Female,2.0,32206.71,0.0,3.0
1262018,13.0,167.0,40.5,Unknown,2.0,308423.98,3.0,6.0
3814810,9.0,117.0,66.0,Female,2.0,88661.22,6.0,9.0
9287702,13.0,164.0,26.5,Male,2.0,79036.35,4.0,7.0
799901,14.0,174.0,37.5,Female,2.0,38025.1,1.0,4.0
6753738,6.0,82.0,65.5,Unknown,2.0,67820.07,5.0,8.0
8857256,23.0,285.0,62.5,Female,2.0,61620.12,6.0,9.0
1659647,23.0,277.0,67.0,Female,2.0,24839.59,2.0,5.0
3825179,22.0,275.0,58.5,Male,2.0,416339.55,6.0,9.0
5303546,22.0,264.0,81.5,Male,2.0,64993.53,2.0,6.0
2142377,22.0,264.0,60.0,Female,3.0,42973.77,6.0,9.0
2400004,21.0,262.0,24.5,Female,3.0,109901.49,5.0,8.0
5730630,20.0,241.0,49.0,Male,2.0,148002.15,0.0,3.0
7166925,18.0,227.0,38.0,Male,3.0,73075.68,6.0,9.0
8860697,5.0,60.0,20.0,Unknown,2.0,28852.58,2.0,5.0
5056707,6.0,75.0,79.5,Female,2.0,200271.1,6.0,9.0
9774953,6.0,82.0,56.0,Unknown,2.0,49155.86,0.0,3.0
4742515,8.0,100.0,63.5,Female,2.0,41630.53,5.0,8.0
7054026,5.0,71.0,25.5,Unknown,2.0,64349.8,2.0,5.0
5087893,11.0,138.0,44.0,Female,2.0,39438.3,1.0,4.0
5578237,5.0,64.0,37.0,Unknown,3.0,125872.39,5.0,8.0
9403921,4.0,59.0,39.5,Unknown,2.0,48020.17,2.0,5.0
7994903,22.0,264.0,60.5,Male,2.0,271508.43,4.0,7.0
4219119,15.0,186.0,37.5,Male,3.0,51765.74,2.0,5.0
8734321,13.0,158.0,49.5,Male,3.0,97073.03,1.0,4.0
7910948,7.0,91.0,40.0,Unknown,2.0,46076.38,1.0,4.0
7840357,38.0,464.0,67.5,Female,2.0,318337.25,6.0,9.0
9639923,4.0,58.0,19.0,Unknown,2.0,46940.14,1.0,4.0
1986076,10.0,131.0,48.5,Male,2.0,65468.36,2.0,5.0
9205510,19.0,235.0,49.5,Male,2.0,40318.31,6.0,9.0
6167675,11.0,142.0,29.0,Female,3.0,76579.94,1.0,4.0
4190250,4.0,58.0,67.5,Unknown,2.0,330461.49,5.0,8.0
8820481,15.0,189.0,53.5,Male,2.0,26151.11,1.0,4.0
1608093,6.0,78.0,64.0,Unknown,2.0,71927.62,5.0,8.0
4416226,6.0,72.0,38.5,Male,2.0,33211.71,0.0,3.0
6494478,36.0,443.0,63.0,Male,3.0,848041.27,6.0,9.0
832313,10.0,129.0,63.5,Male,2.0,156381.25,5.0,9.0
6468769,12.0,154.0,48.0,Female,2.0,103109.78,1.0,4.0
9842770,4.0,59.0,60.5,Unknown,2.0,88784.45999999999,2.0,5.0
641978,15.0,189.0,38.5,Female,2.0,30384.23,2.0,5.0
2036837,10.0,124.0,87.0,Female,2.0,47140.5,2.0,6.0
7429772,13.0,166.0,32.0,Male,2.0,129352.76,6.0,9.0
4224941,6.0,72.0,63.5,Unknown,2.0,41308.05,1.0,4.0
9995295,33.0,397.0,58.0,Unknown,2.0,166663.77000000002,2.0,5.0
1149947,15.0,191.0,35.5,Female,3.0,34790.149999999994,6.0,9.0
9634044,4.0,58.0,55.0,Female,3.0,34621.3,1.0,4.0
9935493,6.0,76.0,24.0,Unknown,2.0,32989.28,3.0,6.0
7555845,8.0,105.0,29.5,Male,2.0,49350.27,0.0,3.0
9872979,11.0,132.0,26.5,Female,2.0,51521.11,6.0,9.0
338164,10.0,122.0,63.5,Male,2.0,408125.42,5.0,8.0
1534948,18.0,217.0,42.0,Male,2.0,42154.25,1.0,4.0
55333,30.0,362.0,27.5,Male,2.0,50613.02,6.0,9.0
5820328,10.0,130.0,24.5,Male,2.0,53267.14,1.0,4.0
4581219,24.0,288.0,78.0,Female,2.0,34202.92,4.0,7.0
9270161,23.0,286.0,53.0,Male,3.0,593175.2000000001,6.0,9.0
9244846,23.0,280.0,64.0,Female,2.0,73674.11,5.0,8.0
4997898,23.0,284.0,74.0,Male,3.0,700967.3200000001,2.0,5.0
5570866,23.0,276.0,66.0,Unknown,2.0,33596.09,1.0,4.0
293002,22.0,270.0,64.0,Female,3.0,392927.0,6.0,9.0
7316316,21.0,256.0,52.5,Male,2.0,139093.18,6.0,9.0
7942512,21.0,255.0,24.5,Unknown,2.0,60490.23,0.0,3.0
8360430,21.0,252.0,59.5,Female,3.0,83558.54999999999,3.0,6.0
4632647,19.0,238.0,62.0,Female,2.0,39874.71,0.0,3.0
6329839,6.0,83.0,25.5,Unknown,2.0,31391.99,0.0,3.0
3667266,4.0,58.0,50.0,Unknown,2.0,31188.62,2.0,5.0
2276485,15.0,190.0,49.0,Male,2.0,62321.32,6.0,9.0
6720385,5.0,70.0,23.5,Unknown,2.0,59545.93,6.0,9.0
1328700,9.0,110.0,37.0,Unknown,2.0,89940.65,5.0,8.0
8592151,6.0,74.0,38.5,Unknown,3.0,55496.58,2.0,5.0
8179401,5.0,69.0,36.5,Unknown,2.0,35971.05,3.0,6.0
2577697,6.0,75.0,30.5,Unknown,2.0,41734.78,6.0,9.0
2438098,4.0,59.0,30.5,Unknown,2.0,59892.43,5.0,8.0
7337400,9.0,110.0,57.5,Female,2.0,96108.78,2.0,5.0
4541045,34.0,411.0,76.5,Male,3.0,320056.18,5.0,8.0
6370506,7.0,90.0,31.5,Unknown,2.0,57302.43,2.0,5.0
6126040,10.0,123.0,57.5,Female,2.0,91510.27,2.0,5.0
1482734,4.0,57.0,24.5,Unknown,4.0,67224.7,6.0,9.0
3095495,6.0,80.0,45.5,Unknown,2.0,52608.28,2.0,5.0
6764466,12.0,144.0,29.0,Male,2.0,124617.88,0.0,3.0
1311258,16.0,194.0,65.5,Female,2.0,76162.59,2.0,5.0
6193239,26.0,312.0,46.5,Unknown,2.0,94922.0,1.0,4.0
9246286,13.0,164.0,58.0,Female,2.0,35945.5,2.0,5.0
5315297,6.0,79.0,38.0,Unknown,2.0,36250.42,6.0,9.0
2791732,14.0,168.0,58.0,Female,2.0,53023.6,1.0,4.0
5353299,12.0,154.0,33.0,Female,2.0,60692.86,3.0,6.0
9077799,5.0,69.0,60.5,Unknown,2.0,81564.51,5.0,8.0
5823904,11.0,132.0,34.5,Male,2.0,74528.86,0.0,3.0
2402214,7.0,88.0,35.5,Unknown,2.0,29626.7,3.0,6.0
8175874,15.0,190.0,42.5,Female,2.0,522696.58,6.0,9.0
136978,9.0,108.0,65.0,Male,2.0,380623.0,5.0,8.0
6972505,21.0,253.0,60.5,Male,2.0,99460.82,2.0,5.0
3506012,6.0,83.0,29.0,Unknown,2.0,39285.87,0.0,3.0
6743235,11.0,140.0,52.5,Male,2.0,25830.41,0.0,3.0
644006,6.0,79.0,32.0,Unknown,3.0,153931.16999999998,6.0,9.0
971242,8.0,107.0,68.5,Female,2.0,80765.11,6.0,9.0
7245100,5.0,60.0,52.5,Unknown,2.0,77115.62,5.0,8.0
8593784,15.0,189.0,45.5,Female,2.0,53413.46,5.0,8.0
7728815,15.0,190.0,35.5,Unknown,2.0,128032.7,1.0,4.0
7872046,23.0,282.0,64.5,Female,3.0,34144.06,2.0,5.0
8787218,23.0,277.0,54.5,Male,3.0,179375.31,1.0,4.0
2109600,23.0,277.0,56.0,Male,3.0,294704.76,6.0,9.0
7126341,22.0,274.0,54.0,Female,3.0,298846.54,2.0,7.0
1378058,21.0,252.0,39.5,Unknown,2.0,70091.86,4.0,7.0
5820796,17.0,207.0,29.5,Female,3.0,47081.32,5.0,8.0
3861536,16.0,201.0,34.0,Female,3.0,373755.32,4.0,7.0
8787226,6.0,78.0,21.0,Unknown,2.0,39680.5,1.0,4.0
9740593,12.0,155.0,37.0,Female,3.0,57118.18,3.0,6.0
5320108,7.0,88.0,36.0,Male,2.0,137533.39,4.0,7.0
8824353,4.0,57.0,23.5,Unknown,2.0,28147.09,3.0,6.0
5087709,13.0,158.0,43.0,Male,2.0,268568.2,0.0,4.0
806792,6.0,83.0,54.5,Unknown,3.0,75276.28,1.0,4.0
4487376,14.0,172.0,50.5,Female,2.0,27729.85,2.0,5.0
8705058,9.0,112.0,33.5,Male,3.0,72352.67,1.0,4.0
6270947,6.0,74.0,56.5,Female,2.0,365927.27,3.0,6.0
1833518,14.0,169.0,67.0,Male,2.0,28253.39,2.0,5.0
8587573,13.0,163.0,80.0,Male,2.0,220457.41,0.0,3.0
7187447,15.0,183.0,75.0,Male,2.0,125022.42,5.0,8.0
2184517,5.0,71.0,51.5,Female,2.0,1352985.3199999998,6.0,9.0
2037206,13.0,158.0,33.5,Female,3.0,312602.58,6.0,9.0
5638037,8.0,103.0,46.5,Female,2.0,60693.54,6.0,9.0
7318665,5.0,70.0,23.0,Unknown,2.0,29097.35,0.0,3.0
685244,6.0,73.0,32.5,Unknown,2.0,42425.05,0.0,3.0
7360067,14.0,175.0,62.5,Male,2.0,215856.72,5.0,8.0
9467545,13.0,167.0,35.0,Female,2.0,27115.1,1.0,4.0
6443153,14.0,179.0,48.5,Female,2.0,91873.57,3.0,6.0
2297194,11.0,135.0,52.5,Female,2.0,86265.85,0.0,3.0
6741190,5.0,71.0,67.5,Unknown,2.0,439946.36,6.0,9.0
589245,16.0,203.0,50.0,Female,2.0,49752.67999999999,3.0,6.0
8363956,12.0,148.0,67.5,Female,2.0,35982.56,3.0,6.0
7285655,12.0,147.0,54.5,Female,2.0,44049.0,2.0,5.0
463396,4.0,58.0,33.5,Unknown,2.0,27094.49,1.0,4.0
2322507,19.0,239.0,54.5,Male,2.0,89861.73,6.0,9.0
3503831,15.0,186.0,52.5,Male,2.0,43561.73,1.0,4.0
5300466,15.0,183.0,65.5,Female,2.0,719249.39,6.0,9.0
8669449,28.0,337.0,53.5,Male,3.0,477704.95,3.0,6.0
6244225,5.0,66.0,58.5,Unknown,2.0,41835.42999999999,6.0,9.0
8853128,10.0,124.0,40.5,Male,2.0,125935.23,0.0,3.0
2212650,14.0,178.0,85.5,Male,2.0,265042.36,1.0,4.0
6579971,7.0,90.0,28.5,Unknown,2.0,73108.64,6.0,9.0
9631858,13.0,157.0,26.0,Female,2.0,51152.02,1.0,4.0
5768566,5.0,66.0,48.5,Unknown,3.0,58974.32,6.0,9.0
3030087,4.0,58.0,27.5,Unknown,2.0,48210.88,6.0,9.0
6327787,4.0,56.0,58.5,Unknown,2.0,79281.18,5.0,8.0
6525151,7.0,90.0,57.0,Unknown,2.0,27340.25,0.0,4.0
3268586,4.0,59.0,26.5,Unknown,2.0,34405.68,6.0,9.0
2480352,8.0,98.0,43.0,Male,2.0,27228.04,1.0,4.0
3797486,26.0,323.0,51.0,Male,2.0,75610.2,1.0,4.0
8681327,24.0,294.0,54.5,Female,3.0,214000.87,4.0,7.0
7439475,21.0,260.0,50.5,Male,3.0,433735.96,6.0,9.0
7046975,20.0,247.0,52.5,Male,2.0,72330.7,1.0,4.0
9088814,20.0,246.0,75.0,Male,2.0,148336.75,6.0,9.0
1038502,18.0,216.0,69.0,Male,3.0,334737.63,3.0,6.0
760027,11.0,132.0,32.5,Male,2.0,57149.52,1.0,4.0
629666,13.0,165.0,48.5,Female,2.0,33565.35,0.0,3.0
8291632,18.0,222.0,62.5,Male,2.0,58048.1,2.0,5.0
7959734,8.0,100.0,48.0,Unknown,2.0,25907.58,6.0,9.0
8138782,6.0,72.0,68.5,Unknown,2.0,41702.0,2.0,5.0
6759841,15.0,183.0,35.5,Female,2.0,68841.79999999999,0.0,3.0
7293875,6.0,74.0,36.0,Unknown,2.0,38498.35,1.0,4.0
6748736,12.0,152.0,37.5,Male,3.0,319808.9,2.0,5.0
953368,14.0,172.0,53.5,Female,2.0,67633.42,6.0,9.0
7392318,6.0,75.0,24.0,Male,2.0,25996.39,3.0,6.0
2485121,7.0,95.0,43.5,Unknown,2.0,55502.84,6.0,9.0
1490805,9.0,118.0,44.5,Male,2.0,48872.83,0.0,3.0
2383258,7.0,92.0,23.5,Unknown,3.0,108620.42,4.0,7.0
368473,7.0,94.0,61.5,Unknown,3.0,167689.21999999997,5.0,8.0
4048904,9.0,110.0,28.0,Male,2.0,27492.8,3.0,6.0
7389040,17.0,212.0,64.0,Male,2.0,66572.67,6.0,9.0
6613014,11.0,142.0,44.0,Male,2.0,85338.03,1.0,4.0
6008219,15.0,190.0,56.5,Male,2.0,31031.61,5.0,8.0
8563144,8.0,102.0,21.5,Unknown,2.0,31437.88,5.0,8.0
7671409,14.0,178.0,46.0,Male,2.0,226974.98,4.0,7.0
2633568,8.0,107.0,26.0,Male,3.0,57057.73,5.0,8.0
7768455,11.0,143.0,52.5,Male,2.0,143733.9,0.0,3.0
561240,11.0,133.0,64.0,Male,2.0,265100.24,6.0,9.0
2359159,12.0,154.0,39.0,Female,2.0,152555.47999999998,5.0,8.0
1104367,13.0,167.0,64.5,Male,2.0,94575.6,6.0,9.0
9277380,17.0,206.0,39.0,Male,2.0,426724.29,6.0,9.0
4972667,16.0,194.0,53.0,Female,2.0,44842.27,6.0,9.0
3185304,6.0,83.0,24.0,Male,2.0,28844.76,2.0,5.0
4089647,9.0,118.0,41.5,Male,2.0,38710.68,0.0,3.0
8505031,8.0,99.0,58.5,Unknown,2.0,440528.58,6.0,9.0
4947722,6.0,82.0,28.0,Unknown,2.0,39242.97,1.0,4.0
7180786,9.0,118.0,53.0,Female,2.0,72303.7,2.0,5.0
9943040,6.0,81.0,49.0,Male,2.0,41335.48,0.0,3.0
8030926,5.0,71.0,32.5,Unknown,2.0,27840.98,1.0,4.0
9259106,5.0,67.0,35.5,Unknown,3.0,32394.59,5.0,8.0
5318283,14.0,178.0,41.0,Male,2.0,31047.25,0.0,3.0
9650199,10.0,130.0,50.0,Male,2.0,27826.23,2.0,5.0
8447568,7.0,90.0,69.5,Female,2.0,80292.37,6.0,9.0
5141093,5.0,70.0,48.5,Unknown,2.0,30384.56,0.0,3.0
3975000,10.0,129.0,67.0,Male,2.0,37514.9,0.0,3.0
2836054,14.0,178.0,56.5,Male,2.0,70975.48999999999,1.0,4.0
1868765,10.0,125.0,49.5,Male,2.0,874137.5,6.0,9.0
2609599,13.0,166.0,34.5,Female,2.0,70031.5,0.0,3.0
6705940,8.0,105.0,22.0,Female,2.0,33016.86,1.0,4.0
2514143,5.0,66.0,25.5,Unknown,2.0,32438.97,2.0,5.0
6253513,6.0,73.0,56.0,Unknown,2.0,49458.0,6.0,9.0
4170232,35.0,430.0,70.5,Male,4.0,3354141.15,6.0,9.0
8548124,5.0,70.0,60.5,Unknown,2.0,44103.94,6.0,9.0
3907202,28.0,337.0,63.5,Male,2.0,89899.92,3.0,6.0
8287712,6.0,81.0,24.0,Unknown,2.0,85036.61,3.0,6.0
893870,4.0,57.0,67.0,Unknown,2.0,164115.32,3.0,6.0
3012371,11.0,141.0,49.5,Male,2.0,32502.6,6.0,9.0
5539142,19.0,230.0,52.0,Female,2.0,84921.17,1.0,4.0
9909088,18.0,226.0,36.5,Male,2.0,59350.61,3.0,6.0
3235299,17.0,204.0,67.0,Male,2.0,121002.22,5.0,8.0
4686288,6.0,72.0,24.5,Unknown,2.0,38703.18,2.0,5.0
7744581,6.0,82.0,20.5,Unknown,2.0,39025.91,0.0,3.0
1724398,6.0,80.0,33.5,Unknown,2.0,32624.0,5.0,8.0
9654477,5.0,61.0,43.5,Unknown,2.0,26723.69,2.0,5.0
810575,14.0,178.0,43.5,Male,2.0,61376.96,2.0,5.0
8015300,4.0,57.0,25.0,Unknown,4.0,44640.11,6.0,9.0
2761960,10.0,130.0,44.5,Female,2.0,30541.32,5.0,8.0
1796021,21.0,262.0,66.0,Male,2.0,407955.61,6.0,9.0
4157945,15.0,183.0,57.0,Male,2.0,180841.99,6.0,9.0
7878692,5.0,70.0,39.5,Unknown,2.0,213105.37,3.0,6.0
8260569,12.0,155.0,34.0,Male,2.0,56879.33,1.0,4.0
1739277,14.0,177.0,71.0,Male,2.0,109947.25,0.0,3.0
6308576,5.0,65.0,39.5,Unknown,3.0,55841.53999999999,2.0,5.0
6085553,13.0,163.0,60.0,Male,2.0,58290.53,6.0,9.0
3161926,6.0,75.0,83.0,Unknown,2.0,53197.75,4.0,7.0
4799191,6.0,83.0,54.5,Female,2.0,116941.93,2.0,6.0
1655833,10.0,128.0,60.5,Male,2.0,75316.95999999999,6.0,9.0
3290144,8.0,106.0,30.0,Female,2.0,31802.43,4.0,7.0
9215321,11.0,138.0,35.0,Unknown,2.0,145118.53999999998,6.0,9.0
6197898,7.0,93.0,44.5,Unknown,2.0,106135.04,2.0,5.0
1716372,31.0,379.0,73.5,Male,2.0,39269.9,6.0,9.0
3271311,7.0,88.0,76.5,Unknown,2.0,135106.64,0.0,4.0
9992821,5.0,66.0,62.0,Unknown,3.0,1631942.69,6.0,9.0
4840338,6.0,82.0,44.0,Female,2.0,163621.19,4.0,7.0
700005,15.0,180.0,56.5,Male,2.0,118707.84,6.0,9.0
3133001,10.0,130.0,35.5,Female,2.0,91604.86,0.0,3.0
4072319,7.0,84.0,20.0,Unknown,3.0,46811.11,4.0,7.0
5474001,6.0,75.0,40.0,Unknown,2.0,52423.63,1.0,4.0
3746304,16.0,203.0,67.5,Female,2.0,57477.36,3.0,6.0
3081918,8.0,104.0,25.5,Male,2.0,32972.58,1.0,4.0
5188201,30.0,366.0,66.5,Male,2.0,68946.26,1.0,4.0
5374041,12.0,154.0,25.0,Female,3.0,105431.2,6.0,9.0
8064319,15.0,190.0,43.0,Male,3.0,60128.37,6.0,9.0
6197062,7.0,92.0,27.0,Female,2.0,27042.95,1.0,4.0
6255668,14.0,176.0,66.0,Female,2.0,486144.34,6.0,9.0
9995400,10.0,120.0,49.5,Male,2.0,35620.0,0.0,3.0
6162710,14.0,175.0,43.0,Female,2.0,52952.77,1.0,4.0
248531,34.0,418.0,58.5,Female,2.0,66920.28,6.0,9.0
8135661,8.0,104.0,24.5,Female,3.0,87667.15,6.0,9.0
8410550,7.0,93.0,60.5,Female,2.0,83483.56,5.0,8.0
7668109,9.0,118.0,30.0,Male,2.0,77654.85,5.0,8.0
3501130,32.0,390.0,62.0,Female,3.0,427165.47,0.0,3.0
9471934,5.0,66.0,62.5,Male,4.0,224640.23,6.0,9.0
6182434,14.0,170.0,24.0,Female,2.0,137618.28999999998,0.0,3.0
46790,5.0,66.0,34.0,Unknown,2.0,44755.44,6.0,9.0
9726661,5.0,65.0,65.0,Unknown,2.0,58244.64,4.0,7.0
7644663,31.0,373.0,56.0,Male,3.0,241725.22,5.0,8.0
8941360,6.0,77.0,58.5,Male,3.0,538821.34,2.0,5.0
516417,17.0,207.0,60.5,Female,2.0,43888.11,2.0,5.0
1886327,15.0,190.0,61.0,Female,4.0,233518.41,3.0,6.0
617967,15.0,184.0,65.0,Male,2.0,101608.01,0.0,3.0
9213240,24.0,289.0,53.5,Male,2.0,78946.37,6.0,9.0
9101443,21.0,262.0,66.5,Unknown,2.0,67670.81,4.0,7.0
8303095,20.0,248.0,58.5,Male,4.0,163959.89,6.0,9.0
9670348,20.0,244.0,38.5,Male,2.0,45093.07,1.0,4.0
1200154,20.0,240.0,75.5,Male,2.0,164907.07,1.0,4.0
236696,19.0,236.0,39.5,Female,3.0,52709.45,1.0,5.0
7127698,18.0,222.0,50.0,Female,2.0,25641.96,0.0,3.0
4075792,5.0,71.0,25.0,Unknown,2.0,53016.17,6.0,9.0
1928833,9.0,119.0,64.5,Male,2.0,171429.90999999997,1.0,4.0
8265793,12.0,148.0,46.5,Female,2.0,56956.52,4.0,7.0
411480,11.0,133.0,25.5,Female,2.0,39420.36,6.0,9.0
2900755,13.0,166.0,40.0,Male,4.0,209006.43,6.0,9.0
8110389,4.0,58.0,21.5,Unknown,3.0,38908.71,2.0,5.0
7329793,14.0,174.0,40.5,Male,2.0,70276.31,0.0,3.0
3689684,7.0,93.0,29.0,Female,2.0,24881.48,6.0,9.0
7110312,4.0,58.0,47.5,Unknown,2.0,37377.13,1.0,4.0
75381,14.0,170.0,25.0,Male,2.0,114364.65,0.0,3.0
9916722,10.0,130.0,49.5,Female,2.0,28393.2,3.0,6.0
5107553,7.0,91.0,22.5,Female,4.0,67963.54999999999,6.0,9.0
3621426,6.0,73.0,33.0,Female,2.0,52368.65,5.0,8.0
5023973,7.0,91.0,24.0,Unknown,2.0,37300.96,3.0,6.0
9615182,14.0,179.0,77.5,Female,2.0,48979.95,1.0,4.0
4039539,17.0,209.0,51.0,Male,2.0,197708.53,2.0,5.0
5438263,15.0,183.0,43.0,Male,2.0,228694.74,6.0,9.0
6569187,15.0,182.0,52.5,Male,2.0,201688.96,0.0,4.0
7020306,10.0,131.0,50.0,Male,2.0,23829.32,0.0,3.0
6077485,4.0,58.0,29.0,Unknown,2.0,43037.51,3.0,6.0
6742438,11.0,134.0,23.5,Male,2.0,36101.15,3.0,6.0
8789247,9.0,109.0,33.0,Male,3.0,146095.8,4.0,7.0
3498560,4.0,59.0,57.0,Unknown,2.0,430667.64,2.0,5.0
3385751,7.0,86.0,30.0,Unknown,3.0,69534.36,6.0,9.0
3978474,6.0,72.0,62.5,Unknown,2.0,34108.83,6.0,9.0
6618457,15.0,189.0,34.0,Male,3.0,39551.38,6.0,9.0
6896289,12.0,154.0,57.5,Male,2.0,33584.61,1.0,4.0
7541202,13.0,161.0,41.0,Male,2.0,74760.16,5.0,8.0
4058187,8.0,96.0,41.5,Unknown,2.0,40539.12,0.0,3.0
5075261,11.0,136.0,56.0,Male,2.0,225166.36,4.0,7.0
2969404,14.0,170.0,48.0,Male,2.0,83312.44,3.0,6.0
3727439,4.0,59.0,25.5,Unknown,2.0,33533.02,0.0,3.0
3733285,12.0,148.0,52.5,Male,2.0,68651.98,5.0,8.0
4046490,12.0,153.0,75.0,Female,2.0,236431.35,3.0,6.0
6203105,5.0,64.0,33.5,Male,2.0,56396.59,4.0,7.0
5345406,7.0,84.0,30.5,Unknown,2.0,47317.44,2.0,5.0
822281,8.0,101.0,20.5,Unknown,2.0,28991.61,1.0,4.0
6219717,21.0,260.0,46.5,Female,2.0,141434.25,5.0,8.0
473555,21.0,252.0,63.0,Female,2.0,58840.95,1.0,4.0
8008221,21.0,253.0,53.5,Female,3.0,83174.14,0.0,3.0
3311163,20.0,247.0,57.5,Male,2.0,163873.53999999998,6.0,9.0
5903110,28.0,337.0,56.0,Female,2.0,27254.54,1.0,5.0
6536100,19.0,228.0,74.0,Male,2.0,41173.46,2.0,5.0
6507655,18.0,223.0,46.5,Male,3.0,52988.98,6.0,9.0
7596048,17.0,207.0,43.5,Female,3.0,132017.28999999998,1.0,4.0
8938892,13.0,161.0,43.5,Male,2.0,74336.42,0.0,3.0
3431024,16.0,199.0,52.5,Female,2.0,79534.20999999999,2.0,5.0
7040773,6.0,79.0,37.0,Unknown,2.0,49973.94,4.0,7.0
5411104,6.0,74.0,35.5,Female,2.0,37505.21,2.0,5.0
8075025,30.0,368.0,66.0,Female,4.0,383214.14,6.0,9.0
4150493,6.0,73.0,26.5,Unknown,2.0,25195.99,6.0,9.0
9481786,11.0,132.0,54.0,Male,2.0,27307.67,0.0,3.0
5289829,5.0,60.0,24.0,Unknown,3.0,43703.03999999999,3.0,6.0
464733,15.0,184.0,43.0,Female,2.0,24038.41,5.0,8.0
3789835,14.0,173.0,36.5,Male,2.0,27089.49,1.0,4.0
8979109,7.0,95.0,37.0,Unknown,2.0,42158.89,1.0,4.0
4851986,7.0,91.0,27.0,Unknown,3.0,230290.62,3.0,6.0
9034191,6.0,81.0,30.0,Unknown,3.0,31311.88,6.0,9.0
4525165,11.0,137.0,44.0,Male,2.0,32301.57,1.0,4.0
6292241,8.0,101.0,42.5,Unknown,2.0,49953.31,5.0,8.0
3225645,4.0,58.0,32.5,Unknown,2.0,32330.46,3.0,6.0
4933712,6.0,77.0,21.0,Unknown,2.0,55444.9,1.0,4.0
5082039,4.0,57.0,39.0,Unknown,2.0,41023.03,4.0,7.0
3885325,10.0,121.0,66.0,Male,2.0,145423.59,3.0,6.0
2185465,9.0,118.0,23.5,Male,3.0,65105.57,6.0,9.0
6284050,6.0,73.0,41.0,Unknown,2.0,28709.54,0.0,3.0
1438671,10.0,131.0,54.5,Female,2.0,36684.49,3.0,6.0
6115661,14.0,168.0,65.5,Male,2.0,41586.14,2.0,5.0
1840316,14.0,175.0,43.0,Male,2.0,176511.65000000002,1.0,4.0
1129748,12.0,149.0,58.0,Male,2.0,46719.6,6.0,9.0
5781704,23.0,285.0,58.5,Male,3.0,145242.08000000002,1.0,4.0
7489736,12.0,148.0,31.0,Male,3.0,60102.84,6.0,9.0
8681682,15.0,189.0,39.5,Female,2.0,41328.44,3.0,6.0
9669832,31.0,374.0,66.0,Male,2.0,53208.59,0.0,4.0
3072665,26.0,322.0,66.5,Female,2.0,169262.40999999997,0.0,3.0
9529648,14.0,178.0,61.5,Female,2.0,31571.13,2.0,5.0
9619981,11.0,139.0,47.0,Male,2.0,29779.14,1.0,4.0
8167904,6.0,82.0,53.0,Unknown,2.0,32835.85,1.0,4.0
9689693,27.0,327.0,59.5,Female,2.0,54856.5,0.0,3.0
6299605,5.0,61.0,63.5,Male,4.0,371376.32,4.0,7.0
9138956,4.0,58.0,23.5,Unknown,2.0,45410.73,2.0,5.0
6300543,28.0,337.0,70.5,Male,2.0,25527.54,0.0,3.0
72221,11.0,138.0,50.5,Male,2.0,629755.24,6.0,9.0
357945,5.0,65.0,52.0,Female,4.0,512771.78,6.0,9.0
7179800,15.0,181.0,58.0,Female,2.0,250036.53,3.0,6.0
2595560,8.0,105.0,31.0,Male,3.0,75375.23999999999,5.0,8.0
2786109,13.0,165.0,33.5,Female,2.0,51161.17,0.0,3.0
7575007,5.0,66.0,71.5,Unknown,3.0,570073.02,3.0,6.0
3916909,8.0,107.0,39.5,Female,3.0,73392.47,1.0,5.0
7560420,15.0,186.0,61.5,Male,2.0,231985.51,3.0,6.0
7190064,21.0,262.0,44.0,Unknown,3.0,81886.73,1.0,4.0
2145029,20.0,250.0,65.5,Female,3.0,511379.78,6.0,9.0
1627167,10.0,121.0,30.5,Male,2.0,29437.47,2.0,5.0
5860814,5.0,70.0,65.5,Female,2.0,110368.2,2.0,5.0
566009,4.0,59.0,21.5,Unknown,2.0,141334.65,3.0,6.0
9486932,19.0,229.0,45.5,Male,3.0,133637.96,4.0,7.0
7114905,15.0,183.0,42.5,Male,2.0,388498.01,6.0,9.0
8250635,6.0,83.0,27.5,Unknown,2.0,28290.85,4.0,7.0
9225676,6.0,74.0,53.0,Unknown,4.0,97990.75,3.0,6.0
9620458,13.0,160.0,63.0,Male,2.0,69752.36,2.0,5.0
8148869,16.0,196.0,60.0,Female,2.0,93080.55,6.0,9.0
1946281,13.0,159.0,33.5,Male,2.0,54930.66,4.0,7.0
9168589,4.0,54.0,64.5,Male,2.0,65624.65,0.0,4.0
7133511,6.0,77.0,38.0,Unknown,4.0,106530.39,6.0,9.0
4080093,8.0,106.0,67.5,Male,2.0,381191.44,6.0,9.0
6137907,31.0,372.0,29.0,Male,2.0,141997.41999999998,4.0,7.0
699180,3.0,44.0,54.0,Unknown,3.0,212455.89,6.0,9.0
9478339,25.0,309.0,75.5,Female,2.0,85568.56,3.0,6.0
2523987,11.0,143.0,54.0,Female,2.0,99672.45,2.0,5.0
6534417,14.0,175.0,49.0,Female,2.0,29288.83,0.0,3.0
3940616,4.0,59.0,49.5,Unknown,2.0,57681.98,5.0,8.0
3730471,11.0,137.0,32.5,Male,2.0,67254.93,6.0,9.0
5077246,15.0,188.0,53.5,Female,2.0,66691.47,1.0,4.0
2863341,4.0,49.0,46.5,Unknown,2.0,45511.14,6.0,9.0
5013870,12.0,147.0,31.0,Male,2.0,41388.71,0.0,3.0
524388,17.0,215.0,55.5,Male,2.0,34087.92,6.0,9.0
8862912,6.0,78.0,48.5,Unknown,3.0,72837.86,5.0,8.0
1821665,4.0,59.0,27.5,Unknown,2.0,41585.86,1.0,4.0
6243260,8.0,96.0,30.5,Unknown,2.0,26829.0,2.0,5.0
2578361,16.0,197.0,41.5,Male,3.0,173196.62,5.0,8.0
2200791,6.0,82.0,23.5,Unknown,2.0,27331.98,1.0,4.0
2038954,5.0,65.0,44.0,Unknown,4.0,81634.45999999999,6.0,9.0
4531921,16.0,196.0,33.0,Female,2.0,46106.64,0.0,3.0
6906166,10.0,122.0,41.0,Male,3.0,279963.5,6.0,9.0
9830562,13.0,166.0,65.0,Female,2.0,47131.78,0.0,3.0
2884308,8.0,101.0,44.5,Unknown,2.0,211284.29,6.0,9.0
1423635,7.0,85.0,70.0,Unknown,2.0,613889.43,6.0,9.0
1277444,12.0,154.0,49.5,Male,3.0,45104.67,4.0,7.0
9274883,5.0,70.0,69.5,Female,2.0,332709.34,2.0,5.0
3103208,7.0,85.0,22.5,Unknown,3.0,44046.64,6.0,9.0
3357333,25.0,308.0,42.0,Male,4.0,360720.13,6.0,9.0
2480762,21.0,257.0,45.5,Male,4.0,342374.94,6.0,9.0
4498379,20.0,250.0,47.0,Female,2.0,118330.81,5.0,8.0
2225879,19.0,237.0,60.5,Male,2.0,75481.62,0.0,3.0
1348858,19.0,231.0,65.5,Female,2.0,41509.28999999999,0.0,3.0
7161996,18.0,224.0,50.5,Male,2.0,247624.33,4.0,7.0
7041624,17.0,214.0,75.0,Female,2.0,131204.15,0.0,3.0
8737107,7.0,89.0,28.5,Female,2.0,65181.2,1.0,4.0
8553127,4.0,58.0,63.5,Unknown,2.0,54873.42999999999,5.0,8.0
8748647,13.0,159.0,64.5,Female,2.0,89331.8,1.0,4.0
5656229,4.0,56.0,49.5,Unknown,3.0,46618.07,4.0,7.0
2450413,5.0,67.0,48.5,Unknown,2.0,37706.84,3.0,6.0
2643562,15.0,189.0,49.5,Male,2.0,26252.0,6.0,9.0
1113377,15.0,181.0,30.5,Male,2.0,46143.49,6.0,9.0
7449461,14.0,170.0,44.0,Female,2.0,40909.64,3.0,6.0
8660015,16.0,202.0,59.5,Male,2.0,65154.23,0.0,3.0
8954124,9.0,116.0,43.5,Female,2.0,86792.48999999999,0.0,3.0
7570418,7.0,94.0,62.5,Unknown,3.0,150724.11,4.0,7.0
6330960,15.0,181.0,31.5,Male,2.0,34677.119999999995,5.0,8.0
1601030,6.0,76.0,18.5,Unknown,2.0,33685.38,2.0,5.0
7478940,13.0,161.0,42.0,Male,2.0,44442.44,0.0,3.0
9681771,5.0,71.0,29.5,Unknown,3.0,74638.64,5.0,8.0
506720,6.0,77.0,63.0,Unknown,2.0,138042.93,6.0,9.0
8353250,4.0,59.0,20.5,Unknown,2.0,42511.92999999999,6.0,9.0
9185655,13.0,165.0,45.5,Female,2.0,34043.759999999995,0.0,3.0
8420402,22.0,268.0,79.5,Male,2.0,44929.67,3.0,6.0
2680542,7.0,95.0,74.0,Unknown,2.0,62692.16,2.0,5.0
555410,9.0,119.0,52.5,Male,2.0,27647.42,6.0,9.0
5668555,6.0,82.0,54.5,Unknown,2.0,37822.3,1.0,4.0
3253916,15.0,188.0,59.5,Female,2.0,30830.39,0.0,3.0
8283444,6.0,73.0,60.0,Unknown,2.0,27538.5,1.0,4.0
2809024,2.0,33.0,49.5,Male,3.0,46956.5,6.0,9.0
7995331,9.0,118.0,66.5,Male,2.0,179864.95,2.0,5.0
1172341,11.0,140.0,45.0,Male,2.0,35164.55,1.0,4.0
8139936,7.0,92.0,66.5,Unknown,2.0,26844.89,0.0,3.0
9409148,5.0,70.0,28.5,Unknown,2.0,28561.05,1.0,4.0
3135849,7.0,95.0,26.0,Unknown,2.0,35871.149999999994,6.0,9.0
6731722,14.0,179.0,46.5,Female,2.0,178281.87,6.0,9.0
7293469,12.0,155.0,40.5,Male,4.0,127189.85,5.0,8.0
7125300,14.0,169.0,58.5,Female,2.0,59091.34,4.0,7.0
3356780,29.0,348.0,67.5,Female,2.0,108041.02,4.0,7.0
5172671,9.0,117.0,24.5,Male,3.0,50239.73,1.0,4.0
941913,9.0,109.0,61.5,Male,2.0,241715.42,6.0,9.0
6596167,12.0,154.0,70.0,Male,2.0,141362.47999999998,5.0,8.0
9563624,4.0,59.0,56.0,Unknown,2.0,30886.21,2.0,5.0
5427200,29.0,355.0,58.5,Female,3.0,64236.02,6.0,9.0
3300583,9.0,116.0,56.5,Female,3.0,177926.51,0.0,3.0
3154886,6.0,83.0,25.0,Unknown,2.0,67145.0,3.0,6.0
2769154,9.0,117.0,30.5,Female,2.0,24633.99,6.0,9.0
6742624,5.0,64.0,63.0,Unknown,2.0,2104248.63,6.0,9.0
826682,5.0,70.0,45.5,Unknown,2.0,57770.67,1.0,4.0
3751899,6.0,75.0,50.5,Unknown,2.0,34504.92,1.0,4.0
1581444,5.0,69.0,42.0,Unknown,2.0,89759.49,0.0,3.0
8275359,5.0,70.0,62.0,Unknown,2.0,54889.4,6.0,9.0
5591208,25.0,301.0,53.0,Female,3.0,1684941.3299999998,3.0,6.0
2638520,24.0,293.0,67.5,Female,4.0,79192.4,0.0,4.0
6464508,23.0,285.0,51.0,Unknown,2.0,514776.33,5.0,8.0
7480585,23.0,279.0,67.5,Female,3.0,382936.3,3.0,8.0
5687007,22.0,275.0,24.0,Male,3.0,48189.8,4.0,8.0
9475245,22.0,269.0,43.0,Female,5.0,807218.31,4.0,7.0
8110064,21.0,263.0,57.5,Female,3.0,217415.64,5.0,9.0
6444489,21.0,252.0,67.5,Male,2.0,150178.81,2.0,6.0
9393194,18.0,226.0,45.5,Female,2.0,65321.93,0.0,3.0
5748369,13.0,165.0,60.5,Female,2.0,41590.53999999999,2.0,5.0
7965693,8.0,98.0,26.5,Unknown,3.0,36526.65,1.0,4.0
2169613,4.0,51.0,57.5,Unknown,3.0,191065.62,2.0,5.0
589393,11.0,142.0,66.5,Male,3.0,163152.63,6.0,9.0
4499343,15.0,191.0,37.5,Female,3.0,31155.16,1.0,4.0
3123350,12.0,155.0,40.5,Male,2.0,28095.05,3.0,6.0
860745,30.0,370.0,65.5,Male,3.0,471028.96,5.0,8.0
1241944,32.0,389.0,64.0,Female,2.0,279219.99,6.0,9.0
6699269,28.0,341.0,60.5,Unknown,2.0,116523.13,2.0,5.0
142725,7.0,96.0,67.0,Unknown,3.0,145314.72999999998,2.0,5.0
9578246,12.0,150.0,57.5,Male,3.0,4524462.7,3.0,6.0
7329966,11.0,142.0,40.5,Female,3.0,183301.23,3.0,6.0
2634149,11.0,136.0,38.5,Male,2.0,100178.39,0.0,3.0
7512585,5.0,70.0,56.5,Unknown,2.0,54317.69,3.0,6.0
9784052,11.0,143.0,60.5,Female,2.0,54988.92,0.0,3.0
7187667,24.0,299.0,58.0,Male,2.0,35784.07,0.0,3.0
9868222,6.0,79.0,21.0,Unknown,2.0,51844.07,1.0,4.0
4669475,27.0,335.0,38.0,Female,3.0,366927.16,0.0,3.0
8666529,9.0,118.0,72.5,Male,3.0,79576.94,6.0,9.0
659371,16.0,196.0,40.5,Female,2.0,41717.88,1.0,4.0
8488268,5.0,71.0,49.0,Unknown,2.0,117369.13,0.0,3.0
8785963,5.0,70.0,24.0,Unknown,2.0,32448.81,4.0,7.0
4105704,14.0,169.0,41.5,Female,3.0,151540.18,1.0,5.0
4695572,6.0,74.0,33.5,Unknown,2.0,28816.15,1.0,4.0
5958961,5.0,66.0,28.5,Female,2.0,34896.1,3.0,6.0
5324253,4.0,58.0,30.5,Unknown,2.0,44559.36,5.0,8.0
3018742,23.0,280.0,70.0,Male,2.0,29090.39,1.0,4.0
9547620,15.0,190.0,59.0,Male,2.0,42988.37,6.0,9.0
1813291,12.0,155.0,71.5,Female,2.0,65004.24,4.0,8.0
5687525,11.0,139.0,53.0,Female,2.0,36867.7,3.0,6.0
7486015,9.0,111.0,51.0,Female,2.0,53775.02,0.0,3.0
4612856,5.0,69.0,25.5,Unknown,2.0,57385.16,3.0,6.0
6888356,15.0,190.0,31.5,Unknown,3.0,86891.57,5.0,8.0
6406779,15.0,190.0,77.5,Male,3.0,84833.35,1.0,4.0
9201617,4.0,58.0,25.0,Female,2.0,103336.06,6.0,9.0
1490809,14.0,175.0,48.0,Female,3.0,414088.05,6.0,9.0
4372656,15.0,188.0,50.5,Male,2.0,31830.02,0.0,3.0
8065566,5.0,68.0,65.0,Male,2.0,99289.51,0.0,3.0
5805828,23.0,286.0,45.0,Female,2.0,178851.3,6.0,9.0
1502494,23.0,277.0,53.0,Female,2.0,106258.14,5.0,8.0
4620698,23.0,277.0,39.5,Male,2.0,48831.98,1.0,4.0
2029059,22.0,272.0,50.0,Female,2.0,144666.52000000002,1.0,4.0
684475,21.0,255.0,65.0,Female,2.0,190136.49,1.0,4.0
4839862,20.0,250.0,37.0,Male,3.0,499554.48,6.0,9.0
140116,20.0,241.0,48.5,Male,3.0,1041030.95,1.0,4.0
5342378,18.0,222.0,53.0,Male,2.0,36518.88,4.0,8.0
3089372,16.0,197.0,62.5,Female,4.0,24001.06,1.0,4.0
3142503,8.0,97.0,63.0,Unknown,2.0,89385.88,1.0,4.0
8873119,7.0,85.0,32.5,Unknown,2.0,29172.51,0.0,3.0
6730222,15.0,191.0,68.0,Female,2.0,35581.07,2.0,5.0
2401912,11.0,143.0,39.5,Female,2.0,72003.17,1.0,4.0
8637757,6.0,79.0,37.5,Unknown,2.0,33724.1,4.0,7.0
5051157,4.0,51.0,39.5,Unknown,2.0,98646.96,0.0,3.0
3466317,16.0,193.0,69.0,Male,2.0,66272.56,2.0,5.0
1133440,15.0,190.0,50.5,Male,2.0,118712.61,1.0,4.0
5448688,8.0,105.0,65.0,Male,2.0,124604.0,0.0,4.0
1897271,15.0,182.0,30.5,Male,2.0,45518.19,6.0,9.0
7280122,11.0,142.0,54.0,Female,3.0,41112.2,3.0,6.0
3396559,6.0,83.0,32.0,Unknown,2.0,41281.48,0.0,3.0
9701087,21.0,253.0,67.5,Male,2.0,263815.2,6.0,9.0
809012,32.0,387.0,26.5,Male,2.0,99699.27,2.0,5.0
4275669,16.0,193.0,29.0,Male,2.0,78002.54000000001,6.0,9.0
4768986,15.0,190.0,47.0,Unknown,2.0,37417.15,6.0,9.0
6461165,10.0,130.0,31.5,Male,2.0,24756.05,1.0,4.0
8746715,4.0,58.0,21.5,Unknown,2.0,44715.69,1.0,4.0
4975883,5.0,68.0,49.5,Unknown,2.0,567390.25,3.0,6.0
3650185,14.0,169.0,32.5,Male,3.0,107919.54,4.0,7.0
8625102,4.0,53.0,29.5,Female,3.0,110187.71,1.0,4.0
3123286,5.0,60.0,67.0,Male,2.0,46608.92999999999,2.0,5.0
2140326,8.0,99.0,25.5,Unknown,2.0,37167.92,1.0,4.0
6142678,23.0,278.0,28.0,Female,2.0,31763.22,1.0,4.0
115839,15.0,190.0,52.0,Female,2.0,45493.92,4.0,7.0
4823816,9.0,111.0,29.0,Female,2.0,96825.19,6.0,9.0
2982070,5.0,69.0,31.0,Male,2.0,51554.15,6.0,9.0
7566096,5.0,70.0,20.0,Unknown,2.0,36335.82,4.0,7.0
961187,10.0,124.0,75.0,Male,2.0,49276.78,0.0,3.0
6448518,4.0,59.0,56.5,Unknown,3.0,163269.61,6.0,9.0
9626320,14.0,178.0,49.0,Female,2.0,50995.98,0.0,3.0
9640084,10.0,120.0,44.5,Female,2.0,26150.26,0.0,3.0
2875540,28.0,345.0,24.5,Female,4.0,116748.37,6.0,9.0
8000425,5.0,60.0,27.0,Unknown,2.0,52757.07,1.0,4.0
2744682,6.0,77.0,28.5,Unknown,3.0,89798.55,6.0,9.0
5940519,15.0,189.0,57.5,Female,3.0,51185.38,5.0,8.0
4339026,7.0,90.0,64.5,Unknown,2.0,112362.21,4.0,7.0
1909968,15.0,184.0,47.5,Female,2.0,46875.15,0.0,3.0
5339990,22.0,267.0,73.5,Female,2.0,211506.74,1.0,4.0
3270533,8.0,106.0,62.5,Male,2.0,76251.41,2.0,5.0
5765602,5.0,63.0,64.0,Male,2.0,437928.3,6.0,9.0
7385478,8.0,102.0,69.0,Unknown,2.0,66304.98999999999,5.0,8.0
7839097,10.0,123.0,37.0,Male,2.0,61898.68,2.0,5.0
8059559,15.0,188.0,43.5,Female,2.0,44063.91,2.0,5.0
2878898,25.0,307.0,58.5,Female,3.0,145897.32,3.0,6.0
9397910,24.0,297.0,91.0,Male,3.0,121265.91,2.0,5.0
4614986,22.0,275.0,66.0,Female,3.0,292893.74,4.0,7.0
8396918,22.0,272.0,61.0,Female,2.0,50909.11,2.0,5.0
9837394,22.0,264.0,50.0,Female,2.0,175103.82,3.0,6.0
981888,21.0,252.0,61.5,Male,2.0,28265.75,0.0,3.0
2736143,21.0,252.0,52.5,Male,3.0,39340.09,0.0,3.0
6408345,19.0,237.0,38.5,Female,4.0,358166.11,4.0,7.0
9528150,19.0,232.0,64.0,Female,2.0,42734.28999999999,3.0,6.0
7221844,29.0,358.0,28.0,Female,2.0,43226.82,4.0,7.0
9653889,19.0,230.0,58.5,Male,3.0,51071.67999999999,6.0,9.0
4362552,18.0,218.0,41.0,Female,2.0,59948.35,2.0,5.0
6813112,16.0,194.0,42.0,Unknown,3.0,104422.79,6.0,9.0
7074840,7.0,85.0,19.5,Unknown,2.0,27433.31,1.0,4.0
5098416,11.0,137.0,27.5,Male,3.0,59217.54,6.0,9.0
27241,8.0,101.0,34.5,Unknown,5.0,645122.5,6.0,9.0
5446108,10.0,125.0,70.5,Female,2.0,112125.73,6.0,9.0
5676559,8.0,107.0,53.5,Male,2.0,67163.72,6.0,9.0
192386,5.0,63.0,74.0,Unknown,2.0,247467.92,4.0,7.0
1906589,12.0,154.0,30.0,Male,2.0,31218.13,1.0,4.0
6968851,5.0,71.0,64.0,Unknown,2.0,31897.44,0.0,3.0
4627932,34.0,410.0,64.0,Unknown,5.0,479110.73,5.0,8.0
6088345,28.0,337.0,55.0,Female,2.0,358276.48,2.0,6.0
2727697,4.0,58.0,60.5,Unknown,3.0,48329.27,6.0,9.0
35181,15.0,190.0,48.5,Male,2.0,24566.59,1.0,4.0
7478542,11.0,143.0,41.5,Male,2.0,77395.04999999999,0.0,3.0
228662,13.0,157.0,47.5,Male,2.0,151256.01,6.0,9.0
254491,5.0,60.0,53.5,Unknown,2.0,33421.41,3.0,6.0
6486255,14.0,170.0,75.5,Male,2.0,24273.51,1.0,4.0
7621430,7.0,86.0,25.5,Unknown,3.0,81773.92,6.0,9.0
2983815,15.0,181.0,45.0,Male,2.0,26210.24,2.0,5.0
2644266,5.0,70.0,66.5,Unknown,2.0,132603.19,4.0,7.0
7468818,8.0,96.0,24.5,Unknown,2.0,78577.06,6.0,9.0
7775123,7.0,84.0,52.0,Unknown,2.0,164462.52999999997,5.0,8.0
2871926,16.0,196.0,26.0,Male,2.0,26846.89,2.0,5.0
6165913,4.0,58.0,23.0,Unknown,2.0,27472.95,6.0,9.0
8485614,7.0,86.0,42.5,Unknown,2.0,45257.92999999999,0.0,3.0
6739359,9.0,108.0,29.5,Male,2.0,90223.7,6.0,9.0
2588255,7.0,84.0,49.0,Unknown,2.0,84941.91,4.0,7.0
5102709,6.0,82.0,24.0,Unknown,2.0,31792.04,2.0,5.0
8041642,6.0,72.0,59.0,Female,3.0,62137.15,3.0,6.0
6747770,7.0,85.0,25.5,Unknown,2.0,41471.6,6.0,9.0
652990,8.0,96.0,34.5,Unknown,2.0,46372.82,6.0,9.0
9448257,15.0,185.0,31.0,Male,2.0,25188.43,6.0,9.0
3922781,8.0,98.0,61.5,Unknown,2.0,28378.65,0.0,3.0
7599775,5.0,67.0,50.5,Unknown,2.0,29627.86,1.0,4.0
9384373,4.0,50.0,54.5,Unknown,2.0,44098.67,0.0,4.0
3679507,7.0,95.0,38.0,Unknown,3.0,77853.48,0.0,4.0
3634652,4.0,48.0,67.0,Unknown,2.0,217583.31,1.0,4.0
8273339,5.0,71.0,29.5,Unknown,2.0,40984.73,3.0,6.0
517105,3.0,43.0,55.0,Female,3.0,1050155.91,0.0,3.0
9183123,15.0,189.0,58.0,Female,2.0,74216.20999999999,0.0,3.0
8163527,12.0,154.0,30.5,Male,3.0,299595.66,6.0,9.0
3957627,6.0,81.0,52.5,Male,3.0,39909.38,4.0,7.0
3460741,24.0,290.0,57.5,Male,2.0,81575.6,5.0,8.0
9791824,24.0,288.0,60.0,Male,4.0,920489.12,6.0,9.0
5315928,23.0,277.0,71.0,Male,3.0,516841.57,6.0,9.0
6773458,22.0,268.0,48.5,Male,3.0,340884.52,2.0,5.0
223802,21.0,261.0,44.0,Female,2.0,24472.55,0.0,3.0
6405187,21.0,258.0,42.0,Female,3.0,153777.38,5.0,8.0
2353193,21.0,252.0,59.5,Male,3.0,193374.11,6.0,9.0
3299785,20.0,251.0,57.5,Male,3.0,597005.37,6.0,9.0
4202044,23.0,280.0,41.5,Female,2.0,81986.98999999999,1.0,4.0
3007790,20.0,248.0,73.0,Female,3.0,80911.6,4.0,7.0
1787584,19.0,232.0,23.0,Female,2.0,25508.88,5.0,8.0
8628672,17.0,210.0,47.0,Unknown,2.0,62860.38,0.0,3.0
3539756,14.0,174.0,59.5,Female,3.0,484767.34,4.0,7.0
298442,15.0,182.0,65.5,Female,2.0,30685.34,1.0,4.0
4830380,16.0,199.0,45.0,Male,3.0,401464.91,6.0,9.0
2928156,9.0,108.0,49.5,Male,2.0,282451.45,1.0,4.0
9188590,5.0,70.0,41.5,Unknown,2.0,43481.0,6.0,9.0
4223136,26.0,319.0,89.5,Female,2.0,389169.21,1.0,4.0
7694163,6.0,83.0,21.0,Unknown,2.0,31918.97,5.0,8.0
7096018,13.0,160.0,66.0,Female,2.0,137352.77000000002,5.0,8.0
6786954,15.0,181.0,45.0,Unknown,2.0,66431.18,1.0,4.0
2677391,10.0,128.0,64.5,Female,3.0,56961.52,4.0,7.0
5174359,11.0,136.0,45.0,Male,2.0,53881.87,1.0,4.0
1162915,10.0,123.0,50.5,Female,2.0,39185.21,2.0,5.0
6552832,8.0,103.0,26.0,Unknown,2.0,185231.47,2.0,5.0
4822628,9.0,109.0,56.0,Female,2.0,36044.26,5.0,8.0
497996,4.0,58.0,61.0,Female,2.0,44678.89,6.0,9.0
3532717,30.0,369.0,51.5,Female,2.0,51090.89,2.0,5.0
2777290,5.0,71.0,50.5,Unknown,2.0,48762.33,0.0,3.0
556258,13.0,157.0,31.0,Male,3.0,98288.18,5.0,8.0
1694251,7.0,93.0,21.0,Unknown,2.0,30796.67,6.0,9.0
5357788,9.0,119.0,33.5,Unknown,2.0,61843.59,1.0,4.0
2278737,6.0,73.0,28.5,Unknown,2.0,51540.41,2.0,5.0
5659496,9.0,109.0,30.5,Male,2.0,76544.0,2.0,5.0
3947020,6.0,73.0,27.5,Male,3.0,220211.67,3.0,6.0
4016218,7.0,85.0,33.0,Unknown,2.0,71304.58,5.0,8.0
241085,17.0,204.0,48.5,Male,2.0,76687.76,6.0,9.0
3600227,10.0,124.0,64.5,Female,3.0,203267.15,6.0,9.0
6755742,5.0,67.0,71.5,Unknown,2.0,146680.11,1.0,4.0
751201,12.0,145.0,71.5,Female,2.0,47048.72,2.0,5.0
9015339,5.0,71.0,72.0,Unknown,2.0,708204.5800000001,6.0,9.0
5424595,6.0,78.0,29.5,Unknown,2.0,28315.49,2.0,5.0
3189675,9.0,119.0,28.0,Female,2.0,50557.92999999999,4.0,7.0
99811,13.0,167.0,38.5,Female,2.0,127989.93,6.0,9.0
8139389,33.0,407.0,54.5,Male,2.0,91950.07,6.0,9.0
8511849,7.0,92.0,50.0,Unknown,2.0,29494.05,1.0,4.0
3524672,9.0,119.0,62.5,Male,2.0,56591.26,2.0,5.0
4526579,14.0,178.0,38.0,Female,3.0,34815.28,1.0,4.0
2534438,4.0,59.0,46.5,Unknown,2.0,27613.7,1.0,4.0
2380463,11.0,141.0,41.5,Male,2.0,90801.57,5.0,8.0
2092231,16.0,195.0,63.5,Male,2.0,24237.85,1.0,4.0
5047055,10.0,131.0,38.0,Female,3.0,32265.81,1.0,4.0
9252011,4.0,57.0,26.0,Unknown,2.0,32127.93,6.0,9.0
6153464,5.0,71.0,49.5,Unknown,2.0,24030.75,6.0,9.0
9378466,24.0,296.0,72.5,Male,2.0,87913.20999999999,6.0,9.0
821574,24.0,288.0,29.5,Unknown,2.0,34562.0,2.0,5.0
8110098,23.0,280.0,66.0,Male,2.0,190345.01,6.0,9.0
7468099,21.0,253.0,37.5,Female,5.0,559280.13,6.0,9.0
7199098,22.0,272.0,52.0,Male,3.0,188299.24,2.0,5.0
1410085,20.0,246.0,39.0,Female,4.0,130806.24,4.0,7.0
9100219,16.0,193.0,37.0,Female,2.0,300559.96,2.0,5.0
2987813,14.0,179.0,60.5,Female,2.0,53545.27,4.0,7.0
6474161,31.0,374.0,63.0,Unknown,2.0,100104.78,0.0,3.0
3665399,36.0,434.0,73.5,Male,3.0,164227.90000000002,2.0,5.0
9115434,5.0,64.0,35.0,Unknown,2.0,36633.14,3.0,6.0
4390971,15.0,189.0,75.5,Male,2.0,82747.48,1.0,4.0
4559790,26.0,322.0,76.5,Male,2.0,931165.04,2.0,5.0
4908043,24.0,297.0,68.0,Female,2.0,263772.55,1.0,5.0
8535041,8.0,107.0,62.0,Female,2.0,34734.27,1.0,4.0
6396836,16.0,198.0,35.5,Female,2.0,88491.64,1.0,4.0
8686562,6.0,82.0,20.0,Unknown,2.0,29938.68,4.0,7.0
9273414,14.0,175.0,42.5,Male,2.0,45441.34,5.0,8.0
1056837,15.0,181.0,50.0,Male,2.0,50541.3,2.0,5.0
80126,6.0,75.0,64.0,Unknown,2.0,41674.77,1.0,4.0
2580139,4.0,58.0,25.0,Unknown,2.0,27488.29,0.0,3.0
6228960,12.0,151.0,84.0,Female,2.0,58666.01,0.0,3.0
1949154,8.0,98.0,54.0,Unknown,2.0,32455.69,0.0,3.0
1683795,10.0,123.0,40.5,Female,2.0,96576.72,1.0,4.0
8026841,13.0,157.0,61.5,Male,2.0,49386.67999999999,3.0,6.0
7870793,4.0,59.0,29.5,Unknown,2.0,31435.42,3.0,6.0
8160088,15.0,190.0,41.0,Female,3.0,73588.65,6.0,9.0
2392397,10.0,130.0,55.5,Male,2.0,59286.36,2.0,5.0
2483737,4.0,58.0,25.0,Unknown,2.0,31262.66,1.0,4.0
4786293,6.0,72.0,57.0,Unknown,2.0,118725.65,5.0,8.0
8134612,16.0,193.0,49.5,Female,2.0,269128.5,6.0,9.0
4420710,5.0,64.0,25.0,Unknown,3.0,65373.91,3.0,6.0
649596,12.0,153.0,45.5,Female,4.0,68232.41,5.0,8.0
204888,7.0,93.0,57.0,Unknown,2.0,67355.26999999999,6.0,9.0
5775881,10.0,124.0,66.0,Female,2.0,109408.77,0.0,4.0
1305266,3.0,47.0,52.5,Unknown,3.0,45597.74,3.0,6.0
2752791,8.0,96.0,28.5,Unknown,2.0,46994.69,4.0,7.0
2785115,14.0,178.0,30.0,Male,2.0,54122.49,5.0,8.0
6705192,6.0,72.0,27.0,Male,2.0,32458.62,4.0,7.0
4994460,11.0,142.0,38.5,Female,2.0,31817.78,2.0,5.0
5090296,9.0,117.0,23.5,Male,2.0,607082.43,2.0,5.0
7554258,13.0,167.0,30.5,Unknown,2.0,123123.22,1.0,4.0
7322521,13.0,166.0,62.5,Male,3.0,52280.05,1.0,4.0
8866082,8.0,96.0,63.0,Female,3.0,265528.34,3.0,6.0
6822204,5.0,66.0,22.0,Unknown,2.0,42159.91,6.0,9.0
9993386,6.0,82.0,26.5,Unknown,2.0,43100.5,5.0,8.0
5836080,5.0,71.0,65.0,Female,2.0,72691.95999999999,0.0,3.0
11122,16.0,194.0,40.5,Male,2.0,31193.51,2.0,5.0
3145959,22.0,269.0,65.5,Female,2.0,47840.63,4.0,7.0
356780,21.0,262.0,79.5,Female,2.0,61386.52,2.0,5.0
4470020,18.0,225.0,54.5,Male,3.0,81372.07,4.0,8.0
4516267,9.0,118.0,58.0,Female,2.0,99943.24,2.0,5.0
6760094,2.0,35.0,28.0,Unknown,2.0,142688.24,4.0,7.0
9072561,9.0,111.0,27.5,Female,2.0,43560.02,0.0,3.0
194470,10.0,131.0,31.0,Female,2.0,53882.5,1.0,4.0
3194109,6.0,82.0,22.0,Unknown,2.0,38726.62,0.0,3.0
7843075,4.0,58.0,26.0,Female,2.0,30760.2,4.0,7.0
883773,7.0,95.0,66.5,Unknown,3.0,100784.38,0.0,4.0
5592653,8.0,103.0,56.0,Female,3.0,216037.46,2.0,5.0
8656223,16.0,202.0,60.5,Male,2.0,36011.92,0.0,3.0
6986707,13.0,163.0,39.5,Male,2.0,31245.14,2.0,5.0
2087296,7.0,88.0,43.0,Unknown,2.0,106277.5,6.0,9.0
6346565,5.0,70.0,34.0,Male,2.0,54806.17999999999,0.0,3.0
7179824,5.0,71.0,23.5,Unknown,3.0,88975.0,6.0,9.0
4099147,6.0,72.0,37.0,Unknown,2.0,28474.35,2.0,5.0
1927142,12.0,152.0,40.5,Unknown,3.0,49441.56,2.0,5.0
76424,7.0,95.0,69.5,Unknown,2.0,445627.21,6.0,9.0
530579,4.0,58.0,31.5,Unknown,2.0,40823.81,0.0,3.0
9251172,12.0,145.0,70.5,Female,2.0,57489.38,6.0,9.0
348355,5.0,71.0,37.5,Unknown,2.0,33818.68,2.0,5.0
7171748,5.0,70.0,66.0,Unknown,2.0,33332.88,0.0,3.0
6582923,20.0,250.0,57.0,Unknown,2.0,56798.54,3.0,6.0
9304086,5.0,67.0,78.0,Male,3.0,60147.51,4.0,8.0
8555576,5.0,67.0,46.5,Unknown,3.0,150386.63,4.0,7.0
8630209,4.0,57.0,19.0,Unknown,2.0,26849.52,0.0,3.0
5734249,5.0,66.0,32.5,Unknown,2.0,63060.42,6.0,9.0
9898856,9.0,111.0,45.5,Female,2.0,36265.11,1.0,4.0
5888688,14.0,173.0,59.5,Unknown,3.0,244101.13,6.0,9.0
7689327,29.0,350.0,42.5,Male,2.0,25235.06,1.0,4.0
5237360,16.0,201.0,59.0,Male,2.0,75672.57,3.0,6.0
9190659,11.0,136.0,63.5,Male,3.0,136944.47999999998,1.0,4.0
6705909,10.0,124.0,70.0,Male,2.0,425244.76,3.0,6.0
5186933,9.0,108.0,55.5,Female,2.0,39176.7,1.0,4.0
4335150,26.0,320.0,81.5,Female,2.0,68008.01,3.0,6.0
9316980,11.0,140.0,46.5,Male,3.0,658095.03,5.0,8.0
993631,5.0,70.0,34.5,Unknown,5.0,799244.54,6.0,9.0
6868268,7.0,87.0,32.5,Unknown,2.0,58238.1,1.0,4.0
4933409,9.0,111.0,41.5,Female,2.0,55258.92,1.0,4.0
1324640,8.0,102.0,27.5,Unknown,2.0,69293.15,5.0,8.0
4998932,15.0,184.0,49.5,Male,4.0,2488279.42,4.0,8.0
6471071,10.0,121.0,43.0,Female,2.0,115674.72,5.0,8.0
7824726,12.0,152.0,49.5,Female,2.0,23868.12,4.0,7.0
8316689,6.0,76.0,30.5,Unknown,2.0,39285.11,1.0,4.0
5419834,4.0,58.0,28.5,Unknown,2.0,28879.52,0.0,3.0
7281755,15.0,189.0,46.0,Female,2.0,36563.25,3.0,6.0
4885241,16.0,203.0,31.0,Male,2.0,94109.32,6.0,9.0
1000062,15.0,188.0,52.5,Female,2.0,50542.59,0.0,3.0
2396007,13.0,158.0,27.5,Male,2.0,48353.25,5.0,8.0
2286421,4.0,59.0,28.0,Female,2.0,29158.28,0.0,3.0
6863141,15.0,188.0,62.0,Male,2.0,27043.76,4.0,7.0
2991897,5.0,62.0,59.5,Unknown,2.0,62655.62,4.0,7.0
4140751,5.0,61.0,49.0,Unknown,2.0,27774.84,2.0,5.0
8453429,9.0,109.0,58.0,Male,2.0,75615.58,2.0,5.0
8244502,23.0,279.0,45.5,Female,3.0,61994.54,2.0,5.0
6551005,23.0,276.0,68.5,Female,2.0,32031.2,0.0,4.0
383009,22.0,274.0,19.5,Male,2.0,56440.49,4.0,7.0
8918860,22.0,271.0,25.5,Male,2.0,32392.78,2.0,5.0
3267869,22.0,270.0,63.0,Male,2.0,405055.38,6.0,9.0
4789802,21.0,253.0,71.5,Female,3.0,176586.52999999997,4.0,7.0
2396847,20.0,248.0,28.0,Unknown,2.0,30404.55,2.0,5.0
2402872,30.0,367.0,64.0,Female,2.0,91656.7,2.0,5.0
5261223,10.0,124.0,55.5,Male,2.0,82358.68,0.0,3.0
926697,8.0,96.0,31.5,Unknown,3.0,109556.09,2.0,6.0
3440822,12.0,152.0,65.0,Male,2.0,28480.0,0.0,3.0
3224651,13.0,158.0,47.0,Female,2.0,26381.15,1.0,4.0
2852339,15.0,190.0,65.0,Female,2.0,33784.44,0.0,3.0
4565786,8.0,96.0,38.5,Unknown,2.0,30144.62,0.0,3.0
5691228,4.0,57.0,29.0,Unknown,3.0,122214.55,3.0,6.0
6713168,5.0,71.0,58.5,Unknown,2.0,31124.46,2.0,5.0
9451964,13.0,157.0,26.5,Male,2.0,83738.08,6.0,9.0
3934629,13.0,160.0,35.5,Female,2.0,26887.6,0.0,3.0
5486491,16.0,194.0,38.5,Male,2.0,29983.05,2.0,5.0
1601176,5.0,64.0,61.5,Unknown,2.0,130365.13,1.0,4.0
7365758,8.0,106.0,61.5,Unknown,2.0,50005.35,3.0,6.0
2061256,8.0,104.0,32.5,Female,2.0,122246.91,6.0,9.0
8570885,5.0,71.0,34.0,Male,2.0,38529.22,6.0,9.0
1258201,5.0,65.0,22.5,Unknown,2.0,97332.59,6.0,9.0
8228852,8.0,98.0,24.5,Female,2.0,47657.31,0.0,3.0
1453972,7.0,85.0,28.0,Unknown,2.0,37476.21,0.0,3.0
6175496,4.0,59.0,19.5,Unknown,3.0,39806.92,6.0,9.0
7753815,7.0,94.0,32.0,Unknown,2.0,40723.21,2.0,5.0
9326789,4.0,59.0,54.0,Unknown,2.0,57519.55,6.0,9.0
8131816,15.0,184.0,54.0,Male,2.0,102851.93,5.0,8.0
8348010,6.0,82.0,20.5,Unknown,2.0,45851.25,6.0,9.0
6367571,9.0,117.0,60.0,Male,2.0,47096.56,2.0,5.0
955922,6.0,83.0,36.5,Unknown,2.0,37122.97,3.0,6.0
7866541,6.0,75.0,28.5,Unknown,3.0,40443.77,1.0,4.0
4707007,15.0,182.0,28.5,Male,3.0,91818.88,1.0,4.0
9547888,7.0,85.0,64.5,Unknown,2.0,87386.48,6.0,9.0
2079191,30.0,363.0,64.5,Female,2.0,67617.88,4.0,7.0
793397,5.0,71.0,19.0,Unknown,2.0,30567.18,6.0,9.0
3608206,9.0,117.0,61.5,Female,3.0,73288.72,4.0,7.0
8062653,17.0,206.0,48.5,Male,2.0,88245.45999999999,5.0,8.0
7477929,29.0,359.0,61.0,Male,3.0,159585.86,3.0,6.0
8103252,9.0,108.0,60.5,Female,2.0,65558.41,1.0,4.0
5192875,8.0,106.0,31.5,Female,2.0,55964.83,0.0,3.0
1689862,15.0,182.0,73.0,Female,2.0,30192.82,0.0,3.0
2032495,15.0,191.0,88.0,Male,2.0,479777.27,3.0,6.0
2746359,5.0,65.0,17.5,Unknown,2.0,33573.54,1.0,4.0
9269060,12.0,151.0,42.5,Male,2.0,91694.49,2.0,5.0
4740173,12.0,148.0,44.0,Female,2.0,150426.44,6.0,9.0
528496,5.0,61.0,47.5,Unknown,2.0,31720.53,4.0,7.0
4177113,8.0,104.0,66.5,Male,2.0,571579.2000000001,0.0,3.0
6153237,6.0,74.0,33.5,Unknown,2.0,35734.02,6.0,9.0
4381662,6.0,74.0,28.5,Unknown,2.0,109500.54,6.0,9.0
2459082,35.0,431.0,63.5,Female,3.0,92802.08,0.0,3.0
5341314,8.0,106.0,50.0,Female,2.0,303541.82,0.0,3.0
515712,7.0,85.0,30.0,Unknown,2.0,27569.05,0.0,3.0
8423921,10.0,127.0,28.5,Male,4.0,134954.65,6.0,9.0
3605472,21.0,262.0,50.0,Female,2.0,66334.97,1.0,4.0
4329795,21.0,257.0,80.5,Male,3.0,162879.41999999998,0.0,3.0
3908801,21.0,255.0,58.5,Female,3.0,30958.7,4.0,7.0
6100224,23.0,281.0,42.5,Male,3.0,202749.21,2.0,5.0
6843544,20.0,244.0,54.5,Male,2.0,207301.28,3.0,6.0
1541112,19.0,228.0,51.5,Female,2.0,57573.78,3.0,6.0
4113140,18.0,227.0,51.0,Male,2.0,244554.73,2.0,5.0
2145568,18.0,226.0,40.0,Female,2.0,177182.02000000002,6.0,9.0
8276980,18.0,222.0,41.0,Female,2.0,25034.88,0.0,3.0
6460756,18.0,216.0,47.5,Male,2.0,41751.14,5.0,8.0
3103634,16.0,194.0,58.0,Female,2.0,478680.88,5.0,8.0
9591005,13.0,166.0,51.5,Female,2.0,43595.94,3.0,6.0
7419823,16.0,202.0,65.5,Female,2.0,145854.86,2.0,5.0
5980792,7.0,87.0,54.5,Unknown,2.0,38377.68,1.0,4.0
2547675,11.0,143.0,40.0,Female,2.0,45268.64,1.0,4.0
4250732,17.0,205.0,41.0,Male,2.0,59646.52,5.0,8.0
5388733,10.0,127.0,55.0,Female,2.0,73711.87,2.0,5.0
2602009,14.0,171.0,53.5,Female,2.0,133471.72,4.0,7.0
2295862,10.0,125.0,50.5,Male,3.0,148335.44,6.0,9.0
2471147,11.0,142.0,31.5,Male,2.0,47277.58,2.0,5.0
6633558,5.0,70.0,25.0,Unknown,2.0,35092.29,6.0,9.0
9064361,15.0,189.0,63.0,Female,2.0,36232.27,0.0,3.0
1175984,12.0,145.0,27.0,Male,2.0,54477.02,6.0,9.0
2189750,9.0,116.0,56.0,Female,2.0,186554.22,0.0,3.0
1228088,6.0,72.0,63.5,Male,2.0,23798.7,1.0,4.0
3531620,10.0,122.0,32.5,Male,3.0,57579.03,6.0,9.0
6334724,16.0,203.0,44.0,Female,2.0,24551.97,6.0,9.0
4488611,6.0,77.0,65.5,Unknown,2.0,261205.8,3.0,6.0
9476934,13.0,157.0,63.5,Male,2.0,47007.87,3.0,6.0
4260890,9.0,116.0,64.0,Male,2.0,76607.69,0.0,3.0
9504171,11.0,140.0,66.0,Male,2.0,55213.17999999999,1.0,5.0
2322551,13.0,165.0,32.5,Male,2.0,27324.87,3.0,6.0
3205404,6.0,78.0,19.5,Unknown,3.0,45660.06,6.0,9.0
8740925,10.0,121.0,35.5,Male,2.0,28411.63,1.0,4.0
9297486,5.0,67.0,52.5,Unknown,4.0,44865.37,6.0,9.0
5308525,7.0,95.0,57.5,Unknown,2.0,45332.35,0.0,3.0
5948961,5.0,71.0,21.0,Unknown,3.0,59510.44,3.0,6.0
1337856,8.0,102.0,26.5,Unknown,3.0,46377.14,6.0,9.0
8360030,16.0,193.0,31.5,Female,2.0,54765.03999999999,2.0,5.0
7476303,25.0,306.0,27.5,Female,3.0,50157.6,6.0,9.0
2890603,28.0,337.0,57.5,Female,2.0,59128.13,1.0,4.0
4674924,32.0,389.0,64.5,Female,2.0,53409.8,5.0,8.0
3947689,4.0,57.0,31.0,Unknown,2.0,30851.02,6.0,9.0
62058,4.0,59.0,42.0,Unknown,3.0,51675.66,1.0,4.0
6800982,13.0,156.0,71.5,Female,2.0,31278.53,2.0,5.0
5488119,9.0,108.0,30.5,Male,2.0,43703.11,0.0,3.0
4467885,11.0,133.0,72.5,Male,2.0,318879.33,6.0,9.0
7356175,14.0,178.0,61.5,Male,3.0,459786.8,6.0,9.0
1213849,8.0,99.0,28.0,Unknown,2.0,33760.25,0.0,3.0
7867767,13.0,160.0,28.5,Male,3.0,43830.3,5.0,8.0
9280081,6.0,75.0,32.5,Female,2.0,34252.86,1.0,4.0
8629156,15.0,191.0,63.5,Female,2.0,72122.06,0.0,3.0
6428991,4.0,59.0,55.5,Unknown,2.0,37597.8,1.0,4.0
8079923,10.0,120.0,30.0,Male,2.0,59201.4,1.0,4.0
5069359,6.0,72.0,52.0,Unknown,3.0,564534.91,6.0,9.0
2415294,24.0,295.0,45.5,Female,3.0,134133.09999999998,4.0,7.0
3499970,23.0,277.0,60.0,Female,2.0,212077.24,0.0,3.0
2825254,22.0,269.0,47.0,Male,2.0,99662.9,6.0,9.0
1208793,20.0,250.0,55.5,Male,4.0,35857.08,5.0,8.0
6727214,20.0,249.0,57.5,Female,3.0,1479175.48,6.0,9.0
221296,19.0,233.0,36.5,Male,3.0,241772.7,2.0,5.0
1279876,18.0,217.0,49.0,Female,2.0,57359.5,1.0,4.0
1169134,17.0,211.0,39.5,Female,3.0,102967.52,0.0,3.0
3190314,17.0,210.0,73.0,Female,2.0,50704.25,3.0,6.0
4696377,5.0,70.0,57.5,Unknown,2.0,69217.38,4.0,7.0
502969,9.0,108.0,24.5,Female,3.0,62493.01,2.0,5.0
4117315,6.0,75.0,23.5,Unknown,3.0,109883.87,3.0,6.0
4054527,4.0,58.0,56.0,Unknown,3.0,38862.6,3.0,6.0
1471261,15.0,190.0,29.5,Male,2.0,39938.36,1.0,4.0
9341510,5.0,61.0,38.5,Male,2.0,189028.55,5.0,8.0
2813826,7.0,84.0,66.5,Unknown,2.0,70973.54999999999,3.0,6.0
3487058,5.0,71.0,29.0,Unknown,2.0,28858.25,1.0,4.0
6550982,13.0,165.0,42.5,Male,2.0,34981.41,5.0,8.0
9510233,6.0,76.0,28.0,Unknown,2.0,29595.21,0.0,3.0
3747204,16.0,193.0,47.5,Male,2.0,29236.2,3.0,6.0
9139141,9.0,118.0,58.5,Female,3.0,85179.87,2.0,5.0
6253352,27.0,334.0,31.5,Unknown,3.0,89714.63,5.0,8.0
5417651,14.0,178.0,26.5,Male,2.0,32150.93,4.0,7.0
744132,5.0,66.0,30.0,Unknown,2.0,32047.22,6.0,9.0
6981952,12.0,154.0,59.5,Female,2.0,175453.25,0.0,3.0
2864415,12.0,154.0,39.5,Male,2.0,33755.34,1.0,4.0
3382291,14.0,175.0,76.5,Male,2.0,217457.07,4.0,7.0
4843378,9.0,119.0,42.5,Male,2.0,24001.47,2.0,5.0
8520769,5.0,70.0,29.0,Unknown,2.0,28527.76,6.0,9.0
5500495,15.0,190.0,30.5,Female,2.0,39917.38,0.0,3.0
7820148,5.0,69.0,25.5,Unknown,2.0,37157.6,1.0,4.0
6478983,6.0,74.0,54.0,Unknown,2.0,36184.41,4.0,7.0
7391974,13.0,159.0,63.0,Male,3.0,364396.69,5.0,8.0
4373203,14.0,175.0,61.5,Female,2.0,105129.15,3.0,6.0
4099602,6.0,82.0,38.0,Unknown,2.0,43412.63,3.0,6.0
7411561,5.0,65.0,23.5,Unknown,2.0,25107.89,0.0,3.0
2824566,15.0,180.0,49.0,Female,2.0,167491.96999999997,0.0,3.0
913109,6.0,74.0,52.0,Unknown,2.0,34375.17,6.0,9.0
8078832,15.0,190.0,53.0,Male,2.0,31469.71,6.0,9.0
6934507,9.0,111.0,69.5,Male,3.0,84005.20999999999,6.0,9.0
1312532,20.0,244.0,60.5,Male,2.0,49563.1,5.0,8.0
234316,4.0,55.0,44.5,Unknown,3.0,297884.15,3.0,6.0
7893320,5.0,60.0,57.5,Unknown,2.0,32491.88,2.0,5.0
7702962,5.0,60.0,33.5,Male,2.0,24132.13,0.0,3.0
299872,6.0,81.0,44.5,Unknown,4.0,240247.37,6.0,9.0
6746649,16.0,197.0,48.5,Male,3.0,227640.41,6.0,9.0
887550,21.0,263.0,43.5,Unknown,2.0,191991.0,1.0,4.0
507915,21.0,262.0,52.5,Female,2.0,44092.91,3.0,6.0
5870259,18.0,223.0,51.5,Male,3.0,554391.77,4.0,7.0
6084563,19.0,230.0,56.0,Female,2.0,240688.8,2.0,5.0
4339537,18.0,220.0,57.0,Male,3.0,163431.14,5.0,8.0
2371970,16.0,197.0,55.0,Female,2.0,219169.94,4.0,7.0
2990600,8.0,103.0,62.5,Unknown,2.0,35584.45,3.0,6.0
2685095,14.0,178.0,67.0,Male,2.0,33573.57,4.0,7.0
522654,13.0,165.0,58.0,Male,2.0,23911.66,0.0,3.0
1647031,8.0,103.0,73.5,Unknown,2.0,460257.23,4.0,7.0
5497086,14.0,178.0,66.0,Female,2.0,586454.24,4.0,7.0
9828369,4.0,54.0,54.0,Female,2.0,117137.7,1.0,4.0
8958725,7.0,94.0,53.5,Unknown,2.0,41297.02,1.0,4.0
3574005,4.0,58.0,28.0,Unknown,3.0,38634.33,3.0,6.0
2628505,29.0,349.0,26.0,Female,2.0,374034.75,1.0,4.0
1445976,16.0,193.0,52.0,Male,2.0,77144.7,6.0,9.0
9751,5.0,63.0,36.0,Male,2.0,30597.08,4.0,7.0
1421629,8.0,100.0,28.5,Female,4.0,97355.11,6.0,9.0
4230949,4.0,57.0,20.5,Unknown,3.0,32754.25,4.0,7.0
1077656,13.0,160.0,46.0,Male,3.0,67931.2,6.0,9.0
2390391,13.0,157.0,27.5,Female,3.0,71788.79999999999,6.0,9.0
6312949,13.0,164.0,67.5,Male,2.0,1343284.52,5.0,8.0
2509051,5.0,71.0,64.0,Unknown,3.0,111390.68,6.0,9.0
8612359,14.0,178.0,35.0,Female,3.0,74422.09,3.0,6.0
5408064,6.0,74.0,51.5,Female,2.0,140673.66,6.0,9.0
420825,15.0,189.0,19.5,Male,2.0,42360.34,6.0,9.0
3542792,11.0,140.0,32.0,Male,2.0,64486.2,3.0,6.0
6384526,6.0,82.0,70.0,Unknown,2.0,44877.92,6.0,9.0
6786297,5.0,64.0,52.5,Unknown,2.0,211602.49,3.0,6.0
5177089,11.0,143.0,37.0,Female,2.0,28787.01,1.0,4.0
4639609,5.0,71.0,26.5,Unknown,3.0,151606.34,6.0,9.0
5688433,24.0,293.0,80.0,Male,2.0,147074.19,6.0,9.0
295858,14.0,176.0,36.0,Female,2.0,52626.56,6.0,9.0
5884125,6.0,83.0,61.0,Unknown,2.0,111020.6,6.0,9.0
6577157,15.0,191.0,47.0,Male,2.0,216650.41,3.0,6.0
6174372,12.0,154.0,45.5,Male,2.0,113596.88,4.0,7.0
3597878,11.0,132.0,49.5,Male,2.0,137269.81,2.0,5.0
7510591,8.0,98.0,64.5,Male,2.0,26430.91,3.0,6.0
1960601,16.0,202.0,40.5,Female,2.0,81810.95,3.0,6.0
3349037,10.0,130.0,32.5,Male,2.0,132200.66,3.0,6.0
4448529,6.0,83.0,27.0,Unknown,2.0,47172.4,3.0,6.0
9455830,9.0,117.0,57.5,Male,2.0,66559.88,6.0,9.0
8563377,27.0,328.0,22.0,Female,2.0,34525.14,2.0,5.0
9504867,15.0,190.0,45.0,Male,3.0,164333.18,0.0,3.0
3500632,8.0,105.0,27.0,Male,2.0,239461.03,6.0,9.0
4391306,5.0,70.0,54.5,Unknown,2.0,46588.15,5.0,8.0
9721014,3.0,45.0,21.0,Unknown,2.0,27391.02,1.0,4.0
3921540,8.0,106.0,33.5,Male,2.0,30908.81,3.0,6.0
2951413,5.0,71.0,39.0,Unknown,2.0,219008.88,6.0,9.0
3839023,13.0,166.0,57.5,Female,2.0,35850.49,6.0,9.0
4314735,16.0,197.0,44.5,Male,2.0,98743.36,1.0,4.0
8513593,15.0,183.0,44.0,Female,2.0,131732.4,6.0,9.0
3260752,10.0,131.0,30.5,Male,2.0,66511.95999999999,3.0,6.0
9967533,27.0,334.0,60.5,Male,3.0,39764.27,2.0,5.0
6030945,6.0,83.0,25.0,Unknown,3.0,54377.83,2.0,5.0
6801754,16.0,192.0,42.0,Female,2.0,109322.09,4.0,7.0
362107,7.0,85.0,63.0,Unknown,2.0,214387.29,2.0,5.0
3433093,13.0,165.0,60.0,Male,2.0,55049.17999999999,0.0,3.0
8525729,6.0,80.0,67.5,Unknown,2.0,41829.69,5.0,8.0
7656515,6.0,75.0,28.5,Unknown,2.0,42217.94,3.0,6.0
1774247,7.0,95.0,47.0,Unknown,2.0,49568.31,6.0,9.0
6568274,22.0,265.0,26.0,Male,2.0,38952.03,1.0,4.0
3546290,20.0,250.0,24.0,Female,3.0,68023.17,1.0,5.0
2252099,20.0,249.0,79.0,Male,2.0,57324.95,3.0,6.0
3012770,21.0,253.0,48.5,Female,3.0,115785.4,4.0,7.0
843805,18.0,220.0,72.5,Male,2.0,59156.71,1.0,4.0
2728127,18.0,216.0,43.0,Female,3.0,34624.22,6.0,9.0
3342333,9.0,116.0,22.5,Female,2.0,50613.78999999999,5.0,8.0
8758301,3.0,47.0,71.0,Female,2.0,274068.94,6.0,9.0
3681183,8.0,99.0,29.5,Unknown,2.0,25955.35,6.0,9.0
7985851,15.0,180.0,35.5,Female,2.0,105178.83,3.0,6.0
3238549,7.0,86.0,69.0,Unknown,2.0,87219.14,2.0,5.0
2108565,15.0,181.0,61.0,Female,2.0,51699.81,2.0,5.0
9875593,21.0,253.0,50.0,Male,2.0,33233.55,2.0,5.0
4766993,8.0,96.0,42.5,Unknown,2.0,60347.13,6.0,9.0
5086474,3.0,46.0,24.5,Unknown,2.0,37826.93,4.0,7.0
3028832,5.0,69.0,46.5,Unknown,2.0,34210.45,2.0,5.0
5645966,4.0,50.0,25.5,Unknown,2.0,59061.02,3.0,6.0
4535743,4.0,58.0,25.0,Unknown,2.0,57122.15,4.0,7.0
8536064,5.0,64.0,29.5,Unknown,2.0,39018.23,0.0,3.0
2882758,9.0,110.0,30.0,Female,2.0,47248.38,1.0,4.0
4079351,6.0,82.0,54.0,Unknown,2.0,74225.12,6.0,9.0
5293887,3.0,47.0,64.5,Unknown,2.0,58086.31,1.0,4.0
1834695,15.0,191.0,48.5,Female,2.0,32284.42,2.0,5.0
4778460,16.0,194.0,65.5,Male,4.0,69607.88,5.0,8.0
5750263,12.0,148.0,58.0,Female,2.0,70548.83,0.0,3.0
5794987,5.0,64.0,60.0,Female,3.0,163363.71999999997,6.0,9.0
1927568,8.0,104.0,35.5,Unknown,2.0,71879.11,6.0,9.0
2154143,7.0,86.0,47.0,Unknown,2.0,42174.03999999999,0.0,3.0
6863625,15.0,189.0,51.0,Male,2.0,38568.8,1.0,4.0
7197227,9.0,109.0,33.5,Female,2.0,23823.12,4.0,7.0
7650054,23.0,277.0,48.5,Female,2.0,334437.23,3.0,6.0
7048326,27.0,332.0,22.5,Male,2.0,115283.31,2.0,5.0
8058044,15.0,181.0,58.5,Female,2.0,34128.38,5.0,8.0
666860,13.0,165.0,32.0,Male,2.0,110651.08,6.0,9.0
4493022,6.0,82.0,65.5,Unknown,2.0,34157.19,1.0,4.0
7285965,3.0,48.0,24.0,Unknown,3.0,40527.35,6.0,9.0
3260056,8.0,102.0,69.0,Unknown,2.0,29575.58,5.0,8.0
4189157,5.0,70.0,54.5,Female,2.0,37448.49,0.0,3.0
7819326,5.0,67.0,49.0,Unknown,2.0,59618.3,2.0,5.0
5016479,15.0,181.0,44.5,Female,2.0,36272.89,0.0,3.0
8207796,7.0,86.0,36.5,Unknown,2.0,71714.31,2.0,5.0
4175085,5.0,61.0,49.5,Male,2.0,164784.5,6.0,9.0
5271129,14.0,175.0,38.5,Male,2.0,91110.39,0.0,4.0
6644139,15.0,190.0,65.0,Male,2.0,57872.83,2.0,5.0
1480544,21.0,253.0,51.0,Female,2.0,74885.56,4.0,7.0
7509897,23.0,282.0,90.5,Male,2.0,77542.76,5.0,8.0
297253,4.0,58.0,20.0,Unknown,2.0,50823.16,4.0,7.0
4498712,6.0,79.0,21.5,Unknown,2.0,30016.13,2.0,5.0
2250474,7.0,84.0,66.5,Unknown,2.0,37749.02,4.0,7.0
9890511,8.0,106.0,57.5,Male,2.0,81689.08,4.0,7.0
4344699,10.0,121.0,33.0,Female,3.0,178877.32,6.0,9.0
2813719,8.0,103.0,54.5,Unknown,2.0,328894.07,2.0,5.0
8096479,10.0,120.0,35.0,Male,2.0,45919.33,1.0,4.0
2054834,27.0,326.0,61.5,Male,2.0,357448.14,0.0,4.0
2790105,17.0,208.0,55.0,Female,2.0,41778.36,5.0,8.0
170895,4.0,57.0,49.5,Male,3.0,51970.32,6.0,9.0
3868191,7.0,94.0,27.0,Unknown,2.0,40516.64,1.0,4.0
7691913,5.0,70.0,33.0,Unknown,3.0,144052.14,1.0,4.0
9371283,9.0,116.0,38.0,Female,2.0,32805.18,5.0,8.0
7028324,8.0,107.0,34.0,Male,4.0,140334.83000000002,6.0,9.0
2919624,4.0,57.0,25.5,Unknown,2.0,29595.91,1.0,4.0
6373357,13.0,157.0,33.5,Male,2.0,54018.08,0.0,3.0
2345328,21.0,262.0,24.0,Male,3.0,70125.65,6.0,9.0
168539,4.0,59.0,17.5,Unknown,2.0,28366.1,2.0,5.0
6774605,8.0,99.0,63.5,Unknown,3.0,65740.25,6.0,9.0
1531962,4.0,57.0,59.5,Female,2.0,295125.37,6.0,9.0
2796936,25.0,311.0,59.0,Female,3.0,41914.51,0.0,4.0
6911094,4.0,59.0,29.0,Unknown,2.0,172491.90000000002,3.0,6.0
7931001,7.0,84.0,46.5,Unknown,2.0,29913.45,6.0,9.0
6577021,5.0,68.0,36.0,Female,4.0,42213.42,0.0,3.0
9627124,5.0,67.0,53.5,Female,2.0,59577.95,0.0,3.0
6459463,7.0,84.0,37.5,Unknown,2.0,41938.56,2.0,5.0
4260858,13.0,166.0,56.5,Male,2.0,34326.009999999995,0.0,3.0
1330386,4.0,52.0,73.5,Male,3.0,774739.01,4.0,7.0
3752974,4.0,57.0,54.0,Female,3.0,199260.89,6.0,9.0
6619164,7.0,90.0,30.0,Unknown,2.0,42896.52,6.0,9.0
3047758,6.0,79.0,36.5,Male,2.0,34028.58,4.0,7.0
1962359,12.0,152.0,37.5,Female,2.0,70188.98,0.0,3.0
3945135,8.0,106.0,58.5,Male,2.0,72811.41,1.0,4.0
6768346,15.0,182.0,76.5,Male,2.0,147554.09999999998,3.0,7.0
6963380,15.0,191.0,38.5,Male,2.0,37356.16,1.0,4.0
4008625,7.0,85.0,36.5,Unknown,3.0,41798.24,2.0,5.0
1886161,23.0,277.0,20.0,Female,3.0,50566.96,4.0,7.0
8231258,23.0,277.0,75.5,Female,3.0,127071.74,4.0,7.0
5105759,21.0,258.0,37.0,Male,2.0,111608.16,0.0,3.0
8285068,21.0,257.0,55.5,Male,4.0,461533.46,6.0,9.0
5508410,16.0,200.0,28.5,Male,2.0,46837.37,1.0,4.0
8680521,5.0,66.0,18.0,Unknown,2.0,51749.76,1.0,4.0
9119435,13.0,166.0,37.5,Female,2.0,127931.02,2.0,5.0
9544592,8.0,97.0,28.0,Unknown,2.0,34916.86,3.0,6.0
8530828,8.0,102.0,32.0,Unknown,2.0,58707.61,6.0,9.0
1171024,7.0,96.0,47.0,Unknown,2.0,56575.37,2.0,5.0
4273386,7.0,84.0,24.5,Unknown,4.0,51457.61,6.0,9.0
1424270,15.0,181.0,37.0,Female,2.0,127085.59,3.0,6.0
4122475,18.0,227.0,58.0,Male,2.0,791707.4500000001,5.0,8.0
4057296,4.0,58.0,38.5,Unknown,2.0,30636.55,1.0,4.0
1976268,5.0,68.0,22.5,Unknown,2.0,41345.91,3.0,6.0
2967109,14.0,176.0,41.0,Male,2.0,72084.63,6.0,9.0
3669234,15.0,190.0,46.0,Female,2.0,34627.85,5.0,8.0
3693854,34.0,419.0,47.5,Female,3.0,248737.62,6.0,9.0
3105736,5.0,66.0,44.5,Unknown,2.0,45165.9,1.0,4.0
3621842,7.0,87.0,54.0,Unknown,2.0,50185.69,4.0,7.0
666879,8.0,107.0,35.5,Female,2.0,49489.71,6.0,9.0
9390164,8.0,102.0,63.0,Unknown,2.0,126714.67,5.0,8.0
7379141,6.0,72.0,34.0,Unknown,3.0,69142.58,2.0,5.0
2232126,7.0,94.0,60.0,Unknown,2.0,49827.8,1.0,4.0
7993618,4.0,59.0,55.0,Unknown,2.0,100279.76,3.0,6.0
9010076,8.0,96.0,65.0,Male,3.0,1409249.69,6.0,9.0
1867167,30.0,370.0,63.5,Female,3.0,393976.52,5.0,8.0
2122128,31.0,378.0,68.5,Female,4.0,199022.37,6.0,9.0
9270315,19.0,233.0,61.5,Male,2.0,191750.09000000003,3.0,6.0
806960,10.0,131.0,35.5,Male,2.0,23862.79,0.0,3.0
335080,13.0,157.0,45.5,Male,2.0,35004.74,1.0,5.0
6873191,9.0,117.0,60.5,Male,2.0,28328.28,5.0,8.0
5854902,13.0,164.0,63.5,Male,2.0,83769.06,0.0,3.0
7930438,14.0,169.0,64.5,Male,2.0,142667.84,2.0,5.0
1097264,9.0,108.0,47.5,Female,2.0,36808.25,0.0,3.0
9478703,14.0,179.0,37.5,Female,2.0,30773.69,5.0,8.0
8028750,13.0,167.0,34.5,Male,3.0,151954.8,3.0,6.0
3109423,11.0,143.0,40.5,Male,3.0,506797.47,6.0,9.0
1347489,5.0,67.0,37.0,Male,2.0,153610.81,4.0,7.0
6039700,10.0,121.0,68.5,Female,2.0,112991.27,1.0,4.0
1778253,7.0,85.0,34.0,Unknown,2.0,70277.31,1.0,4.0
9020037,30.0,366.0,61.5,Male,3.0,309754.18,5.0,8.0
4121467,10.0,130.0,32.0,Male,2.0,106815.17,4.0,7.0
8897640,25.0,304.0,58.5,Male,2.0,86976.39,4.0,7.0
402019,11.0,142.0,59.0,Male,2.0,92681.01,0.0,3.0
5206236,12.0,154.0,37.5,Female,2.0,54200.16,2.0,5.0
6814932,32.0,391.0,56.5,Female,2.0,75911.37,0.0,3.0
9154283,4.0,58.0,28.0,Unknown,2.0,42932.72,0.0,3.0
4156655,21.0,259.0,48.0,Female,3.0,126771.25,0.0,3.0
4596903,21.0,256.0,77.0,Male,3.0,355984.07,6.0,9.0
558250,21.0,253.0,25.0,Unknown,3.0,33751.96,3.0,7.0
1423182,20.0,250.0,39.5,Female,3.0,110297.39,2.0,5.0
3728524,20.0,244.0,45.0,Male,2.0,299857.15,6.0,9.0
5950877,19.0,235.0,32.5,Male,2.0,296241.96,0.0,3.0
2519037,19.0,231.0,21.5,Male,2.0,67370.54000000001,0.0,3.0
5405590,17.0,214.0,68.0,Female,2.0,110995.21,2.0,5.0
511522,17.0,210.0,75.0,Male,2.0,196992.21,6.0,9.0
5310157,34.0,419.0,33.5,Female,2.0,25647.17,2.0,5.0
9319811,26.0,315.0,32.5,Male,2.0,47189.83,4.0,7.0
2335724,4.0,59.0,46.0,Unknown,2.0,89208.51999999999,4.0,7.0
4702031,8.0,99.0,32.0,Male,3.0,53518.97,6.0,9.0
7510694,11.0,142.0,56.0,Female,2.0,27957.61,0.0,3.0
5083366,8.0,101.0,70.5,Unknown,2.0,38605.21,4.0,7.0
1731797,13.0,159.0,69.5,Male,4.0,377676.65,6.0,9.0
5271810,6.0,77.0,27.5,Unknown,2.0,83312.54000000001,6.0,9.0
6597561,4.0,59.0,53.5,Unknown,2.0,84794.29000000001,4.0,7.0
2955767,16.0,192.0,71.5,Female,2.0,78066.11,5.0,8.0
2367906,5.0,71.0,62.0,Unknown,2.0,31400.62,6.0,9.0
979630,12.0,145.0,33.5,Male,2.0,61392.48,4.0,7.0
8575724,6.0,83.0,50.0,Female,2.0,203857.96,3.0,6.0
6152374,5.0,71.0,35.0,Unknown,2.0,59527.86,2.0,5.0
2463844,10.0,120.0,39.5,Female,3.0,253845.07,4.0,7.0
3448079,10.0,124.0,67.0,Male,2.0,99904.26,6.0,9.0
80801,13.0,162.0,36.0,Male,2.0,62262.4,6.0,9.0
266635,8.0,106.0,28.0,Male,2.0,69459.42,4.0,7.0
6609063,12.0,144.0,58.0,Female,2.0,72385.22,6.0,9.0
6410394,12.0,150.0,29.5,Male,3.0,162004.76,6.0,9.0
8564541,8.0,106.0,63.0,Male,2.0,88690.39,5.0,8.0
9967744,5.0,63.0,29.5,Male,2.0,28927.56,2.0,5.0
5180278,14.0,175.0,51.0,Unknown,2.0,29808.54,0.0,3.0
4564481,8.0,97.0,26.5,Unknown,2.0,35813.97,3.0,6.0
7284633,5.0,68.0,65.5,Male,2.0,223649.97,6.0,9.0
2516570,19.0,235.0,53.5,Male,2.0,263550.43,1.0,4.0
8100842,13.0,156.0,63.5,Female,3.0,371915.77,6.0,9.0
4053273,4.0,59.0,63.0,Unknown,2.0,55901.06,0.0,3.0
7984549,4.0,59.0,19.0,Unknown,2.0,34405.31,3.0,6.0
4882513,15.0,181.0,51.0,Female,2.0,113186.77,5.0,9.0
4952896,4.0,58.0,21.5,Unknown,2.0,27863.62,5.0,8.0
7224021,7.0,85.0,23.0,Unknown,3.0,102356.93,6.0,9.0
1056736,4.0,58.0,64.0,Unknown,2.0,46224.55,0.0,3.0
4181418,11.0,132.0,70.5,Male,2.0,47399.92999999999,3.0,6.0
2741861,6.0,73.0,56.5,Male,2.0,29591.4,0.0,3.0
8981285,5.0,65.0,27.5,Unknown,2.0,34499.009999999995,4.0,7.0
9565223,6.0,74.0,29.5,Unknown,2.0,104990.99,3.0,6.0
5040726,12.0,144.0,64.0,Female,2.0,125934.26,6.0,9.0
9017041,12.0,144.0,35.0,Female,2.0,115801.87,6.0,9.0
9149076,4.0,59.0,23.0,Unknown,2.0,50491.12,1.0,4.0
7187092,10.0,128.0,43.0,Female,2.0,55521.08,1.0,4.0
8413362,5.0,71.0,63.0,Male,2.0,351845.31,4.0,7.0
2659072,26.0,312.0,67.5,Male,2.0,62563.49,6.0,9.0
4335091,12.0,154.0,38.5,Female,2.0,36788.45,1.0,5.0
3845584,11.0,132.0,59.5,Male,2.0,169310.40000000002,0.0,3.0
1984672,7.0,90.0,31.0,Unknown,2.0,34571.25,1.0,5.0
1691221,8.0,97.0,51.0,Unknown,2.0,294786.73,5.0,8.0
1095432,9.0,116.0,24.5,Male,2.0,36879.37,5.0,8.0
9599895,7.0,90.0,48.0,Male,2.0,26683.16,0.0,4.0
6670368,23.0,287.0,27.0,Female,2.0,31485.74,2.0,5.0
4152139,22.0,269.0,38.5,Male,3.0,191769.61,4.0,7.0
120830,21.0,253.0,52.5,Female,2.0,281501.51,6.0,9.0
9238045,22.0,270.0,75.5,Female,2.0,81610.5,5.0,8.0
6182278,19.0,233.0,52.5,Female,2.0,27147.22,0.0,3.0
6972711,17.0,215.0,44.5,Male,3.0,83658.04999999999,4.0,7.0
4202537,17.0,204.0,20.0,Male,2.0,43660.7,4.0,7.0
6098651,14.0,169.0,60.5,Female,2.0,277362.97,2.0,5.0
6407036,6.0,74.0,24.5,Unknown,3.0,81974.95,3.0,6.0
1850195,8.0,96.0,47.5,Male,2.0,81651.04000000001,6.0,9.0
871796,14.0,179.0,43.5,Male,3.0,267876.68,6.0,9.0
2105237,4.0,58.0,24.5,Unknown,2.0,44361.61,1.0,4.0
2982302,5.0,62.0,61.5,Female,2.0,349613.86,6.0,9.0
8190179,8.0,103.0,46.0,Unknown,2.0,83478.59,5.0,8.0
1186305,11.0,141.0,76.0,Female,2.0,117179.52,1.0,4.0
9880281,6.0,76.0,20.0,Unknown,2.0,28776.79,2.0,5.0
5530246,8.0,97.0,33.5,Unknown,2.0,26254.41,0.0,3.0
7323516,16.0,195.0,57.0,Male,3.0,201252.62,6.0,9.0
3969151,21.0,253.0,53.0,Male,2.0,232876.3,3.0,6.0
6221891,21.0,253.0,51.0,Male,2.0,634606.56,2.0,5.0
2947955,12.0,152.0,42.0,Unknown,2.0,81384.12,2.0,5.0
2608915,9.0,115.0,55.0,Female,3.0,75790.14,4.0,7.0
6879916,7.0,88.0,60.5,Unknown,2.0,46690.7,4.0,7.0
1178151,14.0,179.0,51.0,Female,2.0,25132.59,2.0,5.0
2327007,8.0,107.0,45.5,Female,2.0,73019.6,0.0,3.0
4526050,6.0,73.0,66.5,Unknown,2.0,165086.87,3.0,6.0
1316540,9.0,112.0,30.0,Unknown,3.0,33106.49,6.0,9.0
906669,10.0,121.0,70.5,Unknown,3.0,113132.41,6.0,9.0
7160494,6.0,74.0,62.5,Unknown,2.0,727248.88,6.0,9.0
8307430,5.0,67.0,47.0,Unknown,2.0,31893.13,1.0,4.0
419969,8.0,105.0,67.5,Male,4.0,135769.06,4.0,7.0
8722394,6.0,81.0,29.0,Unknown,2.0,29733.76,1.0,4.0
3774619,4.0,58.0,22.0,Unknown,2.0,97586.16,1.0,4.0
2471573,11.0,134.0,40.0,Female,2.0,46380.52,0.0,3.0
9454031,6.0,78.0,38.5,Unknown,2.0,24698.81,1.0,4.0
5277217,13.0,166.0,45.0,Male,2.0,84472.82,0.0,3.0
6199688,14.0,178.0,50.5,Male,3.0,518202.94,3.0,6.0
8874319,14.0,178.0,53.0,Female,2.0,139884.91,0.0,3.0
1033552,15.0,191.0,39.0,Male,2.0,125465.73,5.0,8.0
3609051,5.0,61.0,33.5,Unknown,2.0,72575.37,1.0,4.0
6283993,5.0,71.0,24.0,Unknown,2.0,43495.22,6.0,9.0
2420607,16.0,193.0,41.0,Male,3.0,677325.3200000001,6.0,9.0
979778,29.0,353.0,72.0,Male,3.0,39809.32,6.0,9.0
1905725,23.0,283.0,52.5,Unknown,3.0,236395.03,5.0,8.0
4098525,22.0,275.0,54.5,Male,2.0,710948.9800000001,6.0,9.0
6683172,21.0,256.0,41.5,Female,2.0,28982.7,0.0,3.0
5404234,20.0,248.0,50.5,Male,2.0,49954.78999999999,0.0,3.0
9502520,17.0,213.0,25.0,Male,2.0,24008.04,1.0,4.0
7453529,6.0,72.0,62.0,Male,3.0,193844.04,6.0,9.0
8416851,15.0,190.0,43.0,Female,2.0,110883.95,2.0,5.0
1647360,8.0,96.0,41.0,Unknown,2.0,33042.36,3.0,6.0
9304012,13.0,157.0,34.5,Male,3.0,187995.85,5.0,8.0
7189695,4.0,58.0,46.5,Unknown,2.0,41593.58,0.0,3.0
384132,6.0,77.0,43.0,Unknown,2.0,45557.55,2.0,5.0
5692576,4.0,58.0,26.0,Unknown,2.0,29493.67,4.0,7.0
5981867,15.0,191.0,61.5,Female,2.0,157632.24,5.0,8.0
1272986,10.0,130.0,34.5,Male,2.0,35583.119999999995,1.0,4.0
2071719,17.0,212.0,59.0,Female,2.0,96850.45,3.0,6.0
5407531,11.0,137.0,41.5,Female,2.0,28867.82,0.0,3.0
3966226,8.0,107.0,64.5,Female,3.0,137542.47999999998,6.0,9.0
6404304,8.0,106.0,40.5,Male,2.0,35387.5,3.0,6.0
1910451,7.0,93.0,23.0,Unknown,2.0,28186.09,2.0,5.0
9216032,6.0,73.0,31.0,Unknown,3.0,51310.38,3.0,6.0
1715399,15.0,190.0,66.5,Male,2.0,276184.69,6.0,9.0
982456,15.0,180.0,48.0,Male,2.0,551906.8300000001,6.0,9.0
7738708,13.0,160.0,51.5,Female,3.0,40931.36,6.0,9.0
2497622,27.0,335.0,24.5,Female,2.0,72158.15,6.0,9.0
6651005,5.0,71.0,54.0,Unknown,3.0,244856.2,5.0,8.0
1412858,5.0,69.0,29.0,Unknown,3.0,30587.49,1.0,4.0
4335230,25.0,308.0,32.5,Male,2.0,59026.49,4.0,7.0
9343444,9.0,117.0,42.5,Female,2.0,40543.8,0.0,3.0
3053786,15.0,190.0,62.0,Female,2.0,294272.16,5.0,8.0
7649486,13.0,159.0,61.5,Male,2.0,104597.12,6.0,9.0
431615,6.0,80.0,34.0,Unknown,2.0,36488.46,0.0,3.0
2158003,28.0,337.0,25.0,Male,3.0,275531.56,4.0,7.0
6438658,14.0,173.0,65.5,Male,2.0,248991.39,2.0,5.0
5601497,5.0,70.0,34.5,Unknown,2.0,59621.37,6.0,9.0
9676119,12.0,152.0,72.5,Female,2.0,153773.34999999998,6.0,9.0
4710635,16.0,198.0,64.0,Female,2.0,203865.47,5.0,8.0
3466352,8.0,96.0,50.0,Unknown,3.0,70361.38,5.0,8.0
6679118,10.0,128.0,36.0,Female,2.0,31429.67,0.0,3.0
6078415,8.0,96.0,35.0,Unknown,2.0,74838.69,3.0,6.0
8255200,30.0,370.0,64.5,Female,2.0,894127.4800000001,0.0,3.0
9947548,7.0,87.0,64.5,Unknown,2.0,32614.19,2.0,5.0
8780340,7.0,94.0,33.5,Unknown,2.0,69276.17,1.0,4.0
9537679,8.0,106.0,67.5,Male,2.0,37047.59,3.0,6.0
5559981,4.0,58.0,60.5,Female,2.0,32622.57,0.0,3.0
6556332,17.0,209.0,49.5,Male,3.0,91414.57,2.0,5.0
8254900,4.0,59.0,18.0,Unknown,2.0,29996.61,6.0,9.0
308702,16.0,197.0,60.0,Female,2.0,26190.25,0.0,3.0
2826389,4.0,59.0,33.5,Unknown,2.0,30823.72,0.0,3.0
7318569,21.0,258.0,21.5,Male,3.0,58155.37,6.0,9.0
2708604,20.0,249.0,67.0,Female,2.0,91878.31,0.0,3.0
207261,20.0,248.0,62.5,Female,2.0,54554.0,0.0,4.0
6798191,18.0,216.0,43.5,Male,3.0,115786.38,4.0,7.0
3167322,16.0,198.0,76.5,Female,2.0,161008.97999999998,6.0,9.0
3657517,15.0,185.0,31.0,Male,2.0,26389.07,4.0,7.0
7486423,17.0,208.0,52.0,Male,2.0,27667.41,4.0,7.0
8490431,27.0,334.0,71.5,Female,2.0,32303.06,2.0,5.0
4321387,8.0,102.0,42.0,Unknown,2.0,45830.17999999999,0.0,3.0
9726851,13.0,157.0,48.5,Female,2.0,92871.07,5.0,8.0
9826940,17.0,213.0,58.0,Male,2.0,65193.11,0.0,3.0
1991959,8.0,106.0,48.0,Female,2.0,25562.91,4.0,7.0
9981611,4.0,59.0,49.0,Male,2.0,786932.2100000001,3.0,6.0
430070,15.0,181.0,52.5,Male,2.0,40049.14,3.0,6.0
3973856,4.0,57.0,30.5,Unknown,2.0,110015.41,1.0,4.0
6096961,13.0,166.0,30.5,Female,2.0,30212.38,6.0,9.0
5105555,5.0,60.0,41.0,Male,2.0,55154.11,1.0,4.0
5469758,4.0,49.0,23.5,Unknown,2.0,29469.93,1.0,4.0
8839288,5.0,67.0,31.0,Unknown,3.0,267671.81,5.0,8.0
4835217,11.0,140.0,35.5,Female,3.0,56290.66,4.0,7.0
7123290,8.0,106.0,37.5,Female,2.0,78646.17,1.0,4.0
94662,9.0,111.0,50.0,Female,2.0,35291.45,3.0,6.0
3921358,4.0,58.0,37.5,Unknown,2.0,28689.26,1.0,4.0
6493019,10.0,122.0,75.0,Female,2.0,28248.96,3.0,6.0
1653578,17.0,204.0,38.0,Female,4.0,146634.99,1.0,4.0
3309188,7.0,95.0,71.5,Unknown,3.0,139804.72999999998,6.0,9.0
5673133,8.0,103.0,44.0,Female,2.0,42069.35,2.0,5.0
9508403,7.0,94.0,67.5,Unknown,2.0,241123.52,1.0,5.0
8773071,15.0,191.0,53.0,Male,2.0,406249.3,1.0,4.0
8040332,8.0,106.0,48.0,Male,2.0,73326.97,4.0,7.0
7376595,12.0,150.0,38.0,Male,3.0,184483.85,5.0,8.0
3661108,7.0,88.0,27.5,Unknown,2.0,29309.13,2.0,5.0
4861087,16.0,195.0,68.0,Male,2.0,54273.61,3.0,6.0
1159819,6.0,79.0,31.5,Unknown,2.0,45053.1,6.0,9.0
2216120,7.0,89.0,34.5,Female,2.0,51606.95,3.0,6.0
6863285,7.0,84.0,45.5,Unknown,3.0,108764.06,6.0,9.0
4135604,5.0,65.0,31.5,Female,2.0,54145.28,1.0,4.0
7204594,8.0,96.0,62.0,Unknown,3.0,82878.57,6.0,9.0
6714049,13.0,166.0,31.5,Female,2.0,49821.35,4.0,7.0
7617669,15.0,191.0,47.0,Male,2.0,56100.27,3.0,6.0
4815245,8.0,104.0,29.0,Female,2.0,56018.83,0.0,3.0
8729798,5.0,65.0,25.0,Unknown,2.0,45552.14,1.0,4.0
9173581,12.0,149.0,57.5,Male,2.0,120911.39,6.0,9.0
9211983,5.0,66.0,59.5,Unknown,2.0,30227.96,4.0,7.0
9915555,6.0,73.0,77.0,Female,2.0,53038.17999999999,3.0,6.0
8194686,4.0,59.0,28.5,Unknown,2.0,38569.89,1.0,4.0
5519559,8.0,96.0,59.0,Unknown,2.0,70079.83,4.0,7.0
1027952,5.0,65.0,47.0,Male,3.0,128229.97,6.0,9.0
9161577,13.0,157.0,31.5,Male,2.0,39670.85,1.0,4.0
259331,23.0,283.0,44.0,Male,2.0,168239.44,4.0,7.0
9455359,26.0,316.0,61.0,Male,3.0,651344.78,5.0,8.0
7511755,5.0,60.0,23.5,Unknown,2.0,33120.66,2.0,5.0
6051306,16.0,192.0,38.0,Female,2.0,69604.20999999999,2.0,5.0
9552724,4.0,59.0,39.0,Unknown,2.0,42639.37,3.0,6.0
8286876,27.0,327.0,57.5,Female,3.0,3189564.5,6.0,9.0
5080645,11.0,143.0,45.5,Male,2.0,105411.49,2.0,5.0
7218431,25.0,311.0,54.0,Female,2.0,48646.62,0.0,4.0
4179192,12.0,151.0,54.5,Female,2.0,409709.4,0.0,3.0
3893805,16.0,195.0,67.5,Female,3.0,630302.55,3.0,6.0
2934958,24.0,289.0,56.5,Female,2.0,37434.34,2.0,5.0
3740147,22.0,275.0,66.0,Female,4.0,1085202.16,6.0,9.0
3117249,21.0,258.0,34.0,Female,3.0,44321.1,2.0,5.0
5003059,21.0,258.0,74.5,Female,3.0,203780.24,4.0,7.0
5607313,22.0,268.0,72.5,Male,2.0,339263.12,1.0,4.0
5056708,19.0,239.0,50.0,Female,2.0,42853.55,0.0,5.0
4743952,18.0,217.0,52.5,Female,2.0,49836.48,4.0,7.0
5223873,6.0,81.0,42.5,Unknown,2.0,83581.41,6.0,9.0
2165736,6.0,81.0,31.0,Unknown,2.0,37253.65,4.0,7.0
1732770,14.0,178.0,26.5,Male,2.0,29121.23,6.0,9.0
7461354,15.0,188.0,39.0,Male,2.0,31000.78,0.0,3.0
5585124,13.0,157.0,50.5,Female,2.0,26015.11,0.0,3.0
5865360,11.0,139.0,64.5,Female,2.0,110938.01,5.0,8.0
8790044,12.0,154.0,45.0,Male,2.0,35240.05,6.0,9.0
4240648,6.0,81.0,25.5,Unknown,2.0,235371.72,2.0,5.0
1277471,16.0,203.0,35.5,Male,2.0,50302.92999999999,1.0,4.0
1709814,13.0,157.0,29.0,Male,2.0,69070.04000000001,4.0,7.0
6589939,15.0,182.0,62.5,Male,3.0,530335.6,3.0,6.0
3540313,6.0,82.0,47.5,Unknown,3.0,41796.53,0.0,3.0
2433237,7.0,85.0,60.0,Unknown,2.0,99863.08,1.0,5.0
5512916,4.0,59.0,28.0,Unknown,2.0,49618.96,3.0,6.0
5603565,10.0,130.0,62.0,Female,2.0,89782.99,3.0,6.0
6716321,5.0,71.0,54.5,Unknown,2.0,849492.78,6.0,9.0
4797799,4.0,58.0,52.5,Unknown,2.0,46931.05,0.0,3.0
5473440,14.0,169.0,46.0,Female,2.0,25958.2,0.0,3.0
9212602,16.0,196.0,68.0,Female,3.0,110671.77,5.0,8.0
6858602,9.0,113.0,26.5,Male,2.0,29396.02,0.0,3.0
6880636,4.0,57.0,28.5,Male,2.0,54339.66,6.0,9.0
3243761,15.0,189.0,47.0,Male,2.0,89503.05,5.0,8.0
4304356,6.0,83.0,33.5,Unknown,2.0,62347.56,6.0,9.0
4474326,37.0,454.0,66.5,Male,3.0,375929.92,5.0,8.0
1602129,13.0,165.0,54.0,Female,3.0,79288.54999999999,1.0,4.0
8258127,8.0,96.0,38.5,Unknown,2.0,214503.17,0.0,3.0
3290866,5.0,68.0,88.0,Unknown,2.0,28836.98,2.0,5.0
3302485,20.0,248.0,35.5,Female,2.0,31068.46,1.0,4.0
9471459,6.0,81.0,36.0,Unknown,2.0,27550.75,1.0,4.0
7899268,16.0,203.0,27.5,Male,2.0,119366.88,5.0,8.0
9366159,13.0,159.0,51.0,Male,2.0,149000.09,4.0,7.0
995753,7.0,90.0,66.5,Unknown,2.0,57594.58,3.0,6.0
2165259,10.0,121.0,45.5,Male,2.0,31299.4,0.0,3.0
1812385,6.0,73.0,63.5,Unknown,2.0,27930.8,2.0,5.0
9590892,12.0,154.0,31.0,Female,2.0,44841.96,0.0,3.0
2806680,13.0,161.0,61.5,Unknown,4.0,65578.76999999999,6.0,9.0
7855438,6.0,75.0,30.0,Unknown,2.0,45886.9,5.0,8.0
9296636,5.0,64.0,71.5,Female,2.0,42753.13,4.0,7.0
7561079,11.0,138.0,72.0,Male,2.0,377232.88,1.0,5.0
5182958,23.0,286.0,67.0,Male,3.0,123149.8,1.0,4.0
6069376,22.0,274.0,62.5,Female,4.0,241077.18,2.0,5.0
3568399,22.0,274.0,50.0,Male,3.0,358141.0,6.0,9.0
6682559,21.0,262.0,59.0,Female,2.0,113772.28,4.0,7.0
5789085,21.0,261.0,45.0,Female,2.0,43964.4,1.0,4.0
443217,21.0,252.0,26.0,Male,3.0,43444.0,5.0,8.0
2911002,20.0,248.0,44.5,Male,3.0,351862.34,5.0,8.0
4401866,18.0,224.0,46.0,Male,2.0,102040.65,3.0,6.0
2892738,18.0,224.0,73.0,Male,3.0,1142919.53,6.0,9.0
5909675,5.0,70.0,27.0,Unknown,2.0,58629.26,2.0,5.0
8359895,29.0,348.0,67.0,Female,2.0,53913.58,6.0,9.0
1147026,4.0,57.0,31.0,Unknown,2.0,25009.75,0.0,3.0
2683949,10.0,129.0,43.5,Female,2.0,43141.38,1.0,4.0
4636585,6.0,81.0,53.5,Unknown,2.0,49221.35,2.0,5.0
8804120,5.0,69.0,29.5,Unknown,2.0,45652.6,3.0,6.0
5952806,4.0,55.0,34.5,Female,2.0,29290.82,1.0,4.0
2241165,15.0,190.0,51.0,Female,5.0,208658.54,4.0,7.0
7546085,5.0,71.0,37.5,Unknown,2.0,59259.46,2.0,5.0
1498017,8.0,96.0,37.0,Unknown,2.0,43746.63,2.0,5.0
2232190,13.0,157.0,55.5,Male,2.0,203312.32,2.0,5.0
5619969,6.0,80.0,28.0,Unknown,2.0,44106.1,5.0,8.0
8711331,14.0,175.0,52.5,Male,3.0,379494.63,6.0,9.0
5308892,6.0,83.0,68.0,Unknown,2.0,52029.48,6.0,9.0
323290,6.0,73.0,64.5,Unknown,2.0,31869.42,0.0,3.0
2293999,7.0,84.0,55.5,Unknown,3.0,130703.82,2.0,5.0
9876051,13.0,156.0,36.0,Male,2.0,24899.84,0.0,3.0
5069626,10.0,124.0,26.5,Female,2.0,34265.869999999995,6.0,9.0
9921158,5.0,71.0,40.0,Unknown,2.0,53966.35,6.0,9.0
2311816,4.0,51.0,55.5,Male,2.0,36788.65,4.0,7.0
6539625,16.0,194.0,43.5,Female,2.0,85123.25,4.0,7.0
3350279,14.0,172.0,39.5,Female,2.0,96806.09,2.0,5.0
5839221,25.0,311.0,69.5,Male,2.0,158825.47999999998,5.0,8.0
6098751,5.0,71.0,32.5,Unknown,2.0,29773.84,2.0,5.0
7644707,16.0,194.0,31.0,Female,2.0,29694.52,3.0,6.0
5487566,9.0,118.0,58.5,Male,3.0,509431.15,6.0,9.0
1663850,5.0,60.0,30.5,Unknown,2.0,42257.59,0.0,3.0
3498978,13.0,156.0,26.5,Female,2.0,27554.29,0.0,3.0
4495031,6.0,75.0,28.0,Unknown,2.0,41764.96,2.0,5.0
3830629,4.0,59.0,20.0,Unknown,2.0,29252.64,3.0,6.0
274222,20.0,243.0,54.0,Male,2.0,53983.95,5.0,8.0
5083397,5.0,62.0,43.0,Female,3.0,195880.06,3.0,9.0
9736647,5.0,69.0,33.5,Unknown,2.0,26473.91,4.0,7.0
1674888,9.0,108.0,24.5,Male,2.0,26096.36,2.0,5.0
5492993,16.0,194.0,49.0,Female,2.0,97113.65,4.0,7.0
2952186,5.0,60.0,24.0,Unknown,2.0,126461.07,6.0,9.0
7793219,16.0,194.0,54.0,Female,2.0,142537.07,1.0,4.0
718721,14.0,178.0,78.0,Male,2.0,38795.36,4.0,7.0
3672340,22.0,270.0,52.5,Female,2.0,135147.09999999998,1.0,4.0
4752282,22.0,267.0,35.0,Female,2.0,31409.07,6.0,9.0
6697214,22.0,267.0,42.5,Female,3.0,33462.43,0.0,3.0
9439086,21.0,262.0,78.5,Male,3.0,133958.25,6.0,9.0
1025949,21.0,255.0,58.0,Male,2.0,415543.97,5.0,8.0
7537186,20.0,248.0,73.5,Female,2.0,401963.56,4.0,7.0
8420137,19.0,238.0,43.5,Female,2.0,43277.34,1.0,4.0
9450242,19.0,235.0,27.5,Female,3.0,89063.2,4.0,7.0
2589232,18.0,227.0,19.0,Female,3.0,69028.9,2.0,5.0
3285762,18.0,226.0,37.5,Male,3.0,225283.17,0.0,3.0
6087384,18.0,218.0,38.5,Male,3.0,296768.79,1.0,4.0
8965532,17.0,214.0,43.0,Unknown,2.0,54641.97,5.0,8.0
908643,5.0,67.0,21.0,Unknown,2.0,27768.25,0.0,3.0
6601606,17.0,204.0,39.0,Female,2.0,25772.7,4.0,7.0
1587933,12.0,155.0,32.5,Female,2.0,41555.92,1.0,4.0
485476,6.0,82.0,34.0,Unknown,2.0,52389.63,3.0,6.0
6933218,12.0,152.0,59.5,Male,3.0,147331.64,2.0,5.0
7250450,7.0,87.0,39.0,Unknown,2.0,88114.81,6.0,9.0
7211070,27.0,328.0,53.5,Female,2.0,44806.77,1.0,4.0
3237124,5.0,66.0,20.5,Male,2.0,50322.02,4.0,7.0
5049224,14.0,178.0,47.0,Female,2.0,35126.19,1.0,4.0
7623010,6.0,74.0,73.5,Unknown,2.0,922958.38,4.0,7.0
7647131,11.0,143.0,63.5,Male,3.0,35854.85,2.0,5.0
7883510,15.0,191.0,64.5,Female,3.0,93207.22,1.0,4.0
7741639,7.0,86.0,25.0,Unknown,2.0,44660.67,0.0,3.0
9367319,9.0,118.0,58.5,Female,2.0,113144.87,0.0,3.0
4057075,13.0,166.0,54.5,Male,2.0,34295.02,0.0,3.0
7385788,6.0,78.0,40.5,Unknown,3.0,67431.81,6.0,9.0
3325369,7.0,89.0,62.0,Unknown,2.0,271949.82,3.0,6.0
1532932,5.0,71.0,50.5,Unknown,3.0,62691.24,5.0,8.0
880535,9.0,118.0,42.0,Male,2.0,88452.84,3.0,6.0
4703221,6.0,80.0,22.0,Unknown,2.0,53730.14,5.0,8.0
4915101,5.0,71.0,45.5,Unknown,2.0,97986.65,0.0,3.0
7370539,12.0,145.0,59.5,Female,2.0,89385.06,6.0,9.0
8276771,7.0,86.0,33.0,Unknown,2.0,29465.37,0.0,3.0
146603,6.0,76.0,31.0,Unknown,3.0,30729.62,2.0,5.0
1507058,14.0,174.0,32.0,Female,2.0,31007.75,2.0,5.0
3514576,9.0,112.0,26.5,Male,2.0,31985.15,5.0,8.0
2748531,16.0,192.0,74.0,Male,2.0,589643.39,6.0,9.0
9543920,6.0,73.0,57.5,Unknown,2.0,25728.75,1.0,4.0
902895,7.0,93.0,56.0,Unknown,2.0,134244.77000000002,1.0,4.0
5434913,8.0,100.0,63.0,Unknown,2.0,41132.07,6.0,9.0
3449699,11.0,138.0,55.0,Female,3.0,293582.83,6.0,9.0
5959788,9.0,119.0,49.5,Female,2.0,38264.44,2.0,5.0
3958642,15.0,186.0,43.0,Male,2.0,174621.32,5.0,8.0
2987193,8.0,107.0,28.5,Male,2.0,83402.41,6.0,9.0
5378046,14.0,171.0,47.5,Female,2.0,52684.73,5.0,8.0
2234213,8.0,96.0,59.5,Unknown,2.0,34841.13,0.0,3.0
4913912,13.0,164.0,33.0,Female,2.0,42650.98,6.0,9.0
7672918,6.0,73.0,28.5,Unknown,3.0,52477.86,6.0,9.0
3019910,12.0,154.0,42.5,Male,2.0,59206.73,4.0,7.0
1075238,7.0,87.0,25.5,Unknown,3.0,154103.82,6.0,9.0
9339324,4.0,59.0,26.0,Male,2.0,42420.66,5.0,8.0
5246910,9.0,108.0,49.5,Male,3.0,144473.72999999998,6.0,9.0
5928209,7.0,95.0,48.5,Unknown,2.0,65596.0,0.0,3.0
9388895,14.0,178.0,53.0,Female,2.0,115369.41,6.0,9.0
8794109,8.0,98.0,41.0,Male,2.0,23808.8,2.0,5.0
3937985,6.0,78.0,28.0,Female,2.0,37082.99,0.0,3.0
8273085,5.0,70.0,59.0,Unknown,2.0,31548.09,3.0,6.0
2203105,7.0,85.0,51.0,Unknown,2.0,29902.96,6.0,9.0
6496059,13.0,156.0,47.0,Male,3.0,69391.43,4.0,7.0
9052864,25.0,302.0,50.0,Male,2.0,54143.26,6.0,9.0
4933181,23.0,279.0,70.5,Female,3.0,165365.45,5.0,8.0
588424,22.0,268.0,59.5,Male,2.0,56518.95,2.0,5.0
9183231,20.0,246.0,55.0,Male,3.0,68880.03,0.0,3.0
3536435,12.0,151.0,32.0,Female,3.0,55122.28999999999,3.0,6.0
1466151,6.0,72.0,25.0,Unknown,2.0,53907.37,1.0,4.0
2289694,11.0,137.0,36.5,Female,2.0,122191.2,0.0,3.0
3549548,10.0,130.0,44.0,Male,2.0,426652.39,4.0,7.0
5494565,18.0,223.0,46.0,Male,2.0,125597.17,1.0,4.0
4955358,13.0,164.0,42.5,Female,2.0,36327.31,1.0,4.0
2138761,8.0,105.0,79.5,Male,4.0,478782.49,3.0,6.0
5815373,19.0,238.0,55.5,Male,2.0,36231.02,1.0,4.0
5188045,6.0,75.0,62.0,Female,2.0,138159.68,1.0,4.0
9997125,5.0,70.0,57.5,Unknown,2.0,38151.27,0.0,3.0
3649153,11.0,132.0,60.5,Male,2.0,132384.88,1.0,4.0
2554918,7.0,91.0,48.0,Unknown,2.0,254722.32,3.0,6.0
97723,15.0,186.0,27.5,Male,2.0,87408.56,4.0,7.0
4853915,15.0,189.0,69.0,Male,2.0,113320.05,5.0,8.0
1687974,9.0,108.0,30.0,Female,2.0,34512.5,1.0,6.0
2938714,15.0,180.0,65.5,Male,2.0,106655.34,2.0,5.0
3395329,32.0,394.0,63.0,Female,2.0,58451.98,0.0,3.0
9746847,6.0,73.0,69.0,Unknown,2.0,90160.83,2.0,5.0
4156023,5.0,69.0,36.0,Unknown,2.0,52433.67,2.0,5.0
7680278,5.0,68.0,60.0,Unknown,2.0,114151.31,3.0,6.0
6305480,10.0,130.0,47.0,Female,2.0,44740.52,0.0,3.0
1902869,17.0,215.0,60.5,Male,2.0,350947.76,6.0,9.0
1442196,25.0,309.0,55.5,Male,4.0,601117.92,6.0,9.0
2369039,13.0,158.0,45.0,Female,2.0,41333.51,3.0,6.0
7222477,14.0,176.0,49.5,Male,2.0,70023.87,0.0,3.0
9510327,8.0,106.0,55.0,Female,2.0,45073.64,6.0,9.0
7732268,4.0,58.0,35.0,Unknown,2.0,30686.5,0.0,3.0
7094793,9.0,119.0,53.5,Female,3.0,332641.92,4.0,7.0
857556,6.0,73.0,47.5,Unknown,2.0,37586.97,0.0,3.0
2832271,28.0,345.0,72.0,Female,2.0,70783.75,1.0,4.0
5190117,25.0,301.0,68.5,Male,5.0,1572989.68,6.0,9.0
8276599,4.0,58.0,25.5,Unknown,3.0,42951.92,6.0,9.0
5731886,8.0,98.0,31.0,Unknown,2.0,38386.37,0.0,3.0
2568142,14.0,179.0,51.5,Male,2.0,147640.24,6.0,9.0
7920656,12.0,147.0,33.0,Male,2.0,69410.95999999999,0.0,3.0
2353442,16.0,192.0,41.5,Female,2.0,38452.66,0.0,3.0
3184500,16.0,201.0,55.5,Male,3.0,213245.28,6.0,9.0
4335004,7.0,92.0,73.5,Unknown,2.0,148321.18,5.0,8.0
9798407,9.0,109.0,30.5,Male,2.0,46606.84,3.0,6.0
8304828,24.0,292.0,65.5,Male,3.0,610473.9,2.0,5.0
7930286,23.0,279.0,47.5,Male,3.0,71416.29999999999,6.0,9.0
2169491,21.0,256.0,53.5,Unknown,2.0,174756.76,6.0,9.0
2256857,21.0,253.0,50.5,Male,3.0,94642.78,6.0,9.0
7138608,20.0,251.0,66.5,Male,4.0,816651.8300000001,6.0,9.0
4180738,20.0,241.0,51.5,Female,2.0,46656.78,2.0,5.0
7843008,18.0,227.0,53.0,Male,3.0,263399.22,3.0,6.0
4776108,18.0,216.0,51.0,Male,3.0,257269.37,0.0,3.0
2410623,22.0,267.0,48.0,Female,2.0,123851.21,3.0,6.0
7505356,16.0,197.0,80.5,Female,2.0,37468.62,4.0,7.0
5650179,8.0,105.0,60.5,Female,2.0,110865.11,5.0,8.0
6912462,6.0,72.0,53.5,Unknown,2.0,28481.64,2.0,5.0
4681280,4.0,58.0,50.0,Unknown,2.0,45741.81,0.0,3.0
998143,5.0,70.0,24.5,Unknown,2.0,34111.759999999995,2.0,5.0
3207832,6.0,81.0,55.0,Unknown,2.0,175716.96000000002,4.0,7.0
7239063,10.0,130.0,26.5,Female,2.0,60263.91,2.0,5.0
6319245,20.0,245.0,50.5,Male,2.0,755388.68,5.0,8.0
4123816,4.0,57.0,20.5,Unknown,2.0,26117.23,3.0,6.0
516235,7.0,87.0,40.5,Male,2.0,25981.57,1.0,4.0
9772694,9.0,109.0,25.5,Male,2.0,45230.56,2.0,5.0
8314547,6.0,83.0,55.0,Unknown,2.0,821877.24,3.0,6.0
561127,15.0,187.0,34.0,Male,2.0,251368.08,6.0,9.0
7515443,13.0,167.0,44.0,Male,2.0,58258.65,6.0,9.0
5357605,15.0,191.0,35.5,Male,3.0,49649.08,4.0,7.0
9166595,13.0,162.0,55.0,Female,3.0,185430.96,0.0,3.0
7079268,6.0,75.0,26.5,Unknown,2.0,88404.12,6.0,9.0
6536011,4.0,59.0,32.0,Male,3.0,92417.42,3.0,6.0
874861,5.0,60.0,22.0,Unknown,3.0,81629.29000000001,6.0,9.0
135917,9.0,109.0,37.0,Male,3.0,31593.57,6.0,9.0
8271407,5.0,70.0,51.0,Unknown,3.0,53065.06,4.0,7.0
2068566,13.0,157.0,71.0,Female,2.0,117344.67,6.0,9.0
1737739,12.0,144.0,32.0,Male,2.0,37485.86,6.0,9.0
8630873,13.0,157.0,49.5,Female,2.0,216893.04,0.0,3.0
5445293,12.0,153.0,30.5,Female,2.0,114661.92,6.0,9.0
772562,10.0,121.0,68.0,Male,2.0,144315.4,1.0,4.0
9502048,9.0,111.0,48.5,Female,5.0,293663.09,4.0,7.0
7033721,16.0,197.0,45.0,Male,4.0,755280.62,6.0,9.0
5643717,12.0,154.0,67.0,Female,2.0,46010.06,3.0,6.0
4130166,9.0,119.0,44.0,Unknown,2.0,96189.18,6.0,9.0
2013826,14.0,168.0,45.0,Male,2.0,95301.24,1.0,4.0
6525364,15.0,186.0,32.5,Male,3.0,453897.12,5.0,8.0
1197953,12.0,147.0,52.0,Male,2.0,103365.88,0.0,3.0
9874982,11.0,138.0,52.5,Female,3.0,254451.6,2.0,5.0
1291616,5.0,65.0,28.0,Unknown,3.0,237774.51,6.0,9.0
7385677,11.0,142.0,30.5,Male,2.0,31478.04,0.0,3.0
540948,7.0,85.0,25.0,Unknown,3.0,108337.12,5.0,8.0
5358071,19.0,236.0,39.5,Male,2.0,102253.23,6.0,9.0
239127,6.0,75.0,33.5,Unknown,2.0,60480.34,6.0,9.0
2360447,22.0,268.0,43.5,Female,3.0,154802.0,6.0,9.0
1752209,22.0,264.0,47.5,Female,2.0,65365.87,2.0,5.0
302069,21.0,263.0,82.5,Male,3.0,217875.12,6.0,9.0
9098507,21.0,254.0,31.5,Male,3.0,457316.79,6.0,9.0
2404401,21.0,253.0,50.5,Male,2.0,1262833.0799999998,6.0,9.0
4071575,24.0,291.0,64.5,Male,2.0,26161.93,3.0,6.0
80479,20.0,245.0,64.5,Male,2.0,29173.38,4.0,7.0
6784522,19.0,232.0,36.0,Female,2.0,42050.22,0.0,4.0
7800773,17.0,214.0,72.0,Male,2.0,239634.46,3.0,6.0
822313,17.0,212.0,58.5,Female,2.0,75015.06,2.0,5.0
1672552,16.0,202.0,61.5,Female,2.0,117054.92,1.0,4.0
3484393,11.0,142.0,52.5,Female,3.0,193757.55,2.0,5.0
2050360,8.0,106.0,55.5,Male,3.0,108387.85,3.0,6.0
1195531,15.0,186.0,47.0,Female,3.0,145121.22999999998,1.0,4.0
8324410,14.0,177.0,31.0,Female,2.0,72067.15,0.0,3.0
2382409,10.0,131.0,67.0,Male,2.0,27721.69,0.0,3.0
5819654,8.0,98.0,71.0,Unknown,2.0,156249.01,4.0,7.0
5115258,21.0,259.0,48.5,Female,3.0,470519.07,6.0,9.0
3325490,7.0,84.0,63.0,Unknown,2.0,295381.19,6.0,9.0
3944187,9.0,116.0,53.5,Male,2.0,103622.37,1.0,4.0
3912962,7.0,95.0,57.5,Unknown,2.0,143043.28999999998,6.0,9.0
2920915,3.0,42.0,18.5,Unknown,2.0,28006.22,1.0,4.0
1634935,19.0,235.0,57.5,Female,2.0,34104.28,6.0,9.0
8310933,6.0,81.0,22.0,Unknown,2.0,24845.02,4.0,7.0
2903318,13.0,167.0,62.5,Male,2.0,153845.91,4.0,7.0
2495855,4.0,58.0,25.0,Unknown,2.0,36567.0,6.0,9.0
6293429,15.0,183.0,30.0,Male,2.0,73073.70999999999,0.0,3.0
3828800,8.0,106.0,29.5,Male,2.0,46119.58,5.0,8.0
6272746,6.0,74.0,33.0,Unknown,3.0,144064.65,1.0,4.0
1029999,5.0,66.0,56.0,Unknown,2.0,29751.56,1.0,4.0
8280528,6.0,79.0,22.0,Unknown,3.0,56634.29,5.0,8.0
2491402,5.0,70.0,67.0,Unknown,3.0,53302.56,4.0,8.0
1112588,7.0,95.0,26.5,Unknown,2.0,30114.96,1.0,4.0
3540633,15.0,188.0,63.5,Male,3.0,955149.31,6.0,9.0
8429511,6.0,73.0,31.5,Unknown,2.0,59882.43,6.0,9.0
2249663,7.0,91.0,57.5,Unknown,2.0,39067.12,6.0,9.0
109465,5.0,65.0,27.5,Unknown,2.0,52054.67,0.0,3.0
1341612,14.0,175.0,63.5,Female,2.0,125142.18,2.0,5.0
8722168,7.0,87.0,37.5,Unknown,3.0,61671.78,6.0,9.0
2709822,7.0,94.0,87.0,Unknown,2.0,46362.6,0.0,3.0
68116,4.0,59.0,35.0,Female,2.0,50822.41,0.0,3.0
2405235,25.0,309.0,47.0,Male,2.0,91967.31,2.0,5.0
2898999,10.0,120.0,63.5,Male,2.0,57809.91,2.0,6.0
2124044,4.0,59.0,24.5,Unknown,4.0,139628.31,6.0,9.0
121536,15.0,185.0,83.0,Male,2.0,239663.64,1.0,4.0
8358616,16.0,194.0,45.5,Male,2.0,146330.99,6.0,9.0
4301998,7.0,94.0,23.5,Unknown,2.0,54985.1,2.0,5.0
3074522,13.0,167.0,65.5,Female,2.0,82632.7,3.0,6.0
2141001,8.0,103.0,48.0,Unknown,2.0,101772.4,0.0,4.0
6479455,24.0,297.0,66.5,Male,2.0,220272.57,6.0,9.0
2945563,8.0,106.0,64.5,Female,2.0,255545.74,3.0,6.0
8249646,10.0,124.0,53.0,Female,5.0,435374.31,6.0,9.0
7641945,22.0,274.0,25.5,Female,3.0,54639.08,1.0,5.0
3402568,22.0,265.0,24.5,Female,2.0,36121.19,6.0,9.0
5799151,21.0,254.0,56.0,Male,3.0,5137641.69,6.0,9.0
1072592,20.0,240.0,62.0,Female,2.0,42021.65,2.0,5.0
1768221,18.0,216.0,67.5,Female,2.0,218543.97,4.0,8.0
4536163,17.0,210.0,47.5,Female,3.0,513564.43,3.0,7.0
8537968,16.0,198.0,72.0,Female,2.0,134065.61,6.0,9.0
8337843,5.0,71.0,54.0,Unknown,2.0,66727.41,1.0,4.0
7436933,31.0,381.0,58.5,Male,2.0,631537.54,5.0,8.0
8681155,12.0,154.0,51.5,Female,2.0,81577.95,0.0,3.0
8456627,14.0,171.0,52.5,Male,3.0,327280.97,4.0,9.0
8815122,6.0,77.0,66.0,Unknown,2.0,51307.08,2.0,5.0
9175342,11.0,137.0,29.0,Male,2.0,44032.59,0.0,3.0
9289320,7.0,90.0,36.5,Unknown,2.0,55787.44,2.0,5.0
4946486,12.0,152.0,36.5,Female,3.0,37338.48,6.0,9.0
8045640,7.0,84.0,34.0,Unknown,3.0,116884.48,6.0,9.0
506320,16.0,192.0,43.5,Male,2.0,108993.53,3.0,6.0
9642243,7.0,87.0,22.5,Unknown,2.0,25424.56,2.0,5.0
9325984,13.0,158.0,47.5,Male,2.0,125129.87,6.0,9.0
3482596,5.0,60.0,53.0,Male,4.0,131023.53,2.0,5.0
754954,30.0,365.0,78.5,Female,3.0,452800.33,5.0,8.0
5479144,15.0,189.0,55.5,Female,2.0,134578.84,2.0,5.0
8751708,16.0,196.0,34.5,Female,4.0,547200.76,5.0,8.0
5086559,8.0,106.0,34.5,Female,2.0,50381.52,0.0,3.0
5453652,7.0,86.0,53.0,Unknown,3.0,83508.16,5.0,8.0
5893876,26.0,320.0,72.0,Male,3.0,151811.97,5.0,8.0
8714995,9.0,115.0,41.5,Unknown,2.0,25038.51,5.0,8.0
378018,10.0,125.0,59.0,Female,2.0,28197.67,2.0,5.0
2706662,14.0,168.0,59.5,Male,2.0,62362.54,0.0,3.0
8505472,9.0,119.0,52.5,Female,2.0,92675.64,1.0,4.0
7963601,7.0,94.0,40.0,Unknown,2.0,31963.72,0.0,3.0
9297076,5.0,60.0,18.5,Unknown,3.0,70886.67,6.0,9.0
7232861,33.0,397.0,57.0,Male,2.0,45447.92999999999,3.0,6.0
4544713,14.0,179.0,39.5,Male,2.0,35354.32,1.0,4.0
329730,4.0,56.0,37.5,Unknown,2.0,27781.55,5.0,8.0
3222884,4.0,59.0,24.5,Unknown,3.0,46420.39,6.0,9.0
1556122,5.0,65.0,42.0,Unknown,3.0,111636.04,6.0,9.0
3686536,10.0,130.0,35.5,Male,2.0,54392.99,0.0,3.0
9071130,13.0,159.0,60.5,Female,2.0,105468.13,6.0,9.0
7036428,5.0,66.0,37.5,Male,2.0,328899.36,6.0,9.0
6267962,9.0,119.0,33.5,Male,4.0,93626.84,4.0,7.0
311794,3.0,41.0,36.5,Unknown,3.0,378001.41,6.0,9.0
2971609,10.0,131.0,50.5,Female,2.0,116649.13,3.0,6.0
185881,11.0,141.0,45.5,Female,2.0,45902.85,2.0,5.0
130031,17.0,205.0,54.0,Female,2.0,32328.41,3.0,6.0
7894946,24.0,291.0,68.5,Male,3.0,1030258.36,6.0,9.0
5391158,22.0,265.0,57.5,Male,2.0,55148.72,6.0,9.0
6316983,21.0,263.0,46.5,Female,2.0,82091.89,0.0,3.0
9132681,21.0,258.0,49.0,Male,2.0,42561.74,1.0,5.0
6409786,21.0,255.0,20.5,Female,2.0,39788.38,4.0,7.0
8812887,18.0,223.0,31.5,Female,3.0,182370.14,0.0,3.0
4048916,17.0,215.0,72.0,Female,2.0,117575.65,3.0,6.0
1573199,17.0,206.0,35.0,Male,3.0,42941.28999999999,0.0,3.0
9613600,33.0,406.0,68.0,Male,3.0,381717.75,1.0,4.0
8390636,9.0,113.0,44.5,Unknown,3.0,58718.5,5.0,8.0
4758894,8.0,96.0,47.0,Unknown,2.0,629852.6000000001,3.0,6.0
9994633,24.0,298.0,31.0,Male,2.0,29152.55,2.0,5.0
4477654,33.0,397.0,62.0,Male,2.0,117397.05,3.0,6.0
2667550,8.0,105.0,54.5,Female,2.0,46920.46,1.0,4.0
6292422,5.0,66.0,36.5,Unknown,2.0,30549.13,1.0,4.0
1542807,13.0,165.0,45.5,Female,2.0,25242.67,2.0,5.0
9946099,15.0,184.0,56.5,Male,2.0,199919.35,6.0,9.0
5916499,15.0,180.0,58.0,Female,2.0,102587.98,0.0,3.0
1060988,17.0,215.0,71.0,Male,2.0,208599.09000000003,6.0,9.0
8717364,6.0,75.0,59.5,Female,2.0,125335.12,1.0,4.0
1609476,15.0,182.0,35.5,Unknown,2.0,28894.31,1.0,4.0
8917638,11.0,134.0,73.5,Male,2.0,48849.5,0.0,3.0
6846120,6.0,80.0,30.5,Unknown,2.0,33640.46,3.0,6.0
6817335,6.0,72.0,37.0,Unknown,2.0,65188.03,5.0,8.0
6491803,11.0,132.0,50.0,Female,2.0,54125.25,5.0,8.0
4593960,6.0,83.0,63.0,Unknown,3.0,305987.69,6.0,9.0
2467383,8.0,106.0,31.0,Female,2.0,83186.26,0.0,3.0
1045820,10.0,125.0,44.5,Male,2.0,23972.45,0.0,3.0
7636277,14.0,169.0,67.0,Male,2.0,188062.52,0.0,3.0
9417724,4.0,50.0,42.0,Unknown,2.0,69240.48999999999,2.0,5.0
8800426,5.0,62.0,73.5,Unknown,2.0,616484.26,1.0,4.0
4440019,6.0,74.0,29.0,Unknown,2.0,26287.96,1.0,4.0
9642676,5.0,67.0,22.0,Unknown,3.0,61268.27,2.0,5.0
6053509,11.0,136.0,29.5,Female,2.0,34398.67,6.0,9.0
3544864,5.0,60.0,24.5,Unknown,3.0,40678.27,6.0,9.0
7543830,3.0,46.0,63.0,Unknown,2.0,84457.94,2.0,5.0
3452953,12.0,154.0,67.5,Male,2.0,95121.33,3.0,6.0
3594593,7.0,86.0,39.0,Unknown,2.0,34217.95,6.0,9.0
822321,6.0,79.0,45.0,Unknown,3.0,44423.64,5.0,8.0
2768437,15.0,188.0,59.0,Male,2.0,25426.54,5.0,8.0
160938,13.0,160.0,62.0,Unknown,2.0,50854.72,1.0,4.0
4430331,13.0,159.0,43.0,Male,2.0,314063.5,3.0,6.0
9197446,5.0,60.0,61.5,Unknown,2.0,73846.43,6.0,9.0
3965955,6.0,72.0,81.0,Unknown,2.0,264476.19,5.0,8.0
7620675,6.0,76.0,24.5,Unknown,2.0,57120.57,2.0,5.0
2589483,4.0,48.0,50.0,Unknown,3.0,46737.32,6.0,9.0
8142514,22.0,269.0,61.5,Female,3.0,94985.14,4.0,7.0
9283974,22.0,268.0,49.5,Female,2.0,86403.03,1.0,4.0
6991295,22.0,265.0,49.5,Male,2.0,265681.47,5.0,8.0
1518469,21.0,258.0,52.5,Male,3.0,69043.5,6.0,9.0
7467389,13.0,167.0,66.0,Female,2.0,146579.36,6.0,9.0
1171635,11.0,140.0,31.0,Male,2.0,43152.13,6.0,9.0
369255,8.0,99.0,27.0,Female,2.0,55682.15,6.0,9.0
3729686,4.0,59.0,24.0,Unknown,3.0,99986.24,3.0,6.0
5518238,4.0,59.0,24.5,Unknown,2.0,27604.13,6.0,9.0
6730766,4.0,54.0,22.5,Unknown,2.0,28883.61,3.0,6.0
3431867,8.0,106.0,65.0,Male,2.0,98979.59,0.0,3.0
4887541,5.0,64.0,28.0,Unknown,2.0,27707.57,0.0,3.0
5498929,7.0,85.0,64.5,Unknown,2.0,71728.48999999999,2.0,5.0
6209824,7.0,90.0,27.5,Unknown,2.0,87966.08,2.0,5.0
7067317,11.0,132.0,56.5,Male,2.0,26681.47,1.0,4.0
7571648,4.0,56.0,24.5,Unknown,2.0,45376.3,6.0,9.0
5715807,11.0,142.0,29.5,Male,2.0,90600.97,6.0,9.0
8530298,4.0,58.0,52.0,Unknown,3.0,88015.12,5.0,8.0
1088466,12.0,155.0,31.5,Male,2.0,25293.85,1.0,4.0
5066320,8.0,105.0,23.5,Male,3.0,87029.45,6.0,9.0
5695081,23.0,277.0,53.0,Male,2.0,33908.82,1.0,4.0
4302031,13.0,161.0,31.0,Male,2.0,41607.35,0.0,3.0
4539624,16.0,193.0,70.5,Female,2.0,75805.18,3.0,6.0
9419230,7.0,94.0,50.0,Unknown,2.0,67782.07,1.0,4.0
6522337,16.0,200.0,35.0,Male,2.0,32414.22,2.0,5.0
6879723,8.0,106.0,34.0,Female,2.0,70822.2,0.0,3.0
1633550,7.0,87.0,39.5,Male,2.0,352877.44,6.0,9.0
406224,4.0,58.0,48.5,Unknown,2.0,234014.95,6.0,9.0
559394,9.0,108.0,38.0,Female,2.0,60502.21,0.0,3.0
4372524,8.0,106.0,31.5,Unknown,2.0,37895.4,0.0,3.0
1410142,16.0,200.0,39.5,Female,2.0,195297.98,0.0,3.0
1233171,5.0,70.0,65.5,Unknown,2.0,747520.2000000001,3.0,6.0
6590593,16.0,194.0,47.0,Male,2.0,33940.85,1.0,4.0
1303067,34.0,418.0,66.5,Female,2.0,265262.11,3.0,6.0
6224270,9.0,111.0,70.0,Male,2.0,35900.78,1.0,4.0
5224479,3.0,39.0,50.0,Unknown,3.0,40605.3,6.0,9.0
7805129,14.0,174.0,66.0,Female,2.0,66784.76999999999,4.0,7.0
6525417,21.0,263.0,62.5,Female,2.0,29168.51,2.0,5.0
4088251,20.0,240.0,28.0,Female,2.0,44158.77,0.0,3.0
797212,19.0,232.0,56.5,Female,2.0,27850.06,2.0,5.0
2966185,18.0,219.0,71.0,Female,3.0,154551.81,3.0,6.0
6716714,10.0,129.0,32.0,Female,2.0,73606.07,1.0,4.0
8661139,11.0,141.0,61.0,Female,2.0,210249.39,3.0,6.0
786321,6.0,74.0,88.0,Unknown,2.0,56973.13,4.0,7.0
8409644,4.0,59.0,25.0,Unknown,2.0,52051.0,6.0,9.0
7005816,35.0,425.0,52.5,Male,2.0,183280.32,2.0,5.0
3891531,9.0,117.0,28.0,Male,2.0,36867.22,3.0,6.0
6975231,10.0,131.0,29.5,Female,2.0,66375.41,1.0,4.0
3665178,8.0,106.0,32.0,Male,2.0,51718.21,4.0,7.0
6621256,13.0,167.0,56.0,Female,2.0,66774.9,0.0,3.0
7882402,32.0,394.0,77.5,Male,3.0,178311.46999999997,6.0,9.0
9268130,9.0,114.0,22.5,Female,2.0,37715.88,2.0,5.0
3550402,6.0,76.0,38.0,Female,2.0,100647.67,4.0,7.0
701476,12.0,152.0,45.0,Female,2.0,31057.4,0.0,3.0
6278960,12.0,145.0,60.0,Female,2.0,82577.32,2.0,5.0
328027,37.0,453.0,63.5,Male,3.0,856340.04,6.0,9.0
5838650,7.0,87.0,55.5,Unknown,2.0,192424.39,6.0,9.0
207416,4.0,58.0,37.5,Male,2.0,113445.58,2.0,5.0
4032180,14.0,175.0,47.0,Unknown,3.0,50832.97,1.0,4.0
9129736,13.0,167.0,38.5,Male,3.0,317132.19,6.0,9.0
5019568,13.0,166.0,32.0,Male,2.0,95177.29,2.0,5.0
1551477,28.0,338.0,59.0,Unknown,2.0,341105.29,6.0,9.0
1141867,27.0,329.0,49.5,Female,2.0,35824.81,0.0,3.0
8461668,14.0,176.0,61.5,Female,2.0,121993.31,1.0,5.0
1033888,16.0,196.0,44.5,Male,2.0,76243.92,2.0,5.0
5044959,5.0,71.0,21.5,Unknown,2.0,57037.29,6.0,9.0
5255174,9.0,117.0,44.0,Male,2.0,37666.03,2.0,5.0
2313865,8.0,106.0,41.5,Female,2.0,26465.4,0.0,3.0
4774764,14.0,177.0,56.0,Male,2.0,37243.0,5.0,8.0
7787360,11.0,143.0,68.0,Female,2.0,1528402.0799999998,0.0,3.0
2462644,7.0,92.0,57.0,Unknown,2.0,734833.15,5.0,8.0
1730627,12.0,155.0,27.0,Unknown,2.0,37710.87,0.0,3.0
7018576,13.0,157.0,54.0,Female,2.0,44037.27,6.0,9.0
8908514,7.0,95.0,26.5,Unknown,3.0,76258.13,6.0,9.0
1649221,7.0,93.0,24.5,Unknown,2.0,33952.18,5.0,8.0
1735345,16.0,203.0,46.0,Female,2.0,594590.51,6.0,9.0
4986484,15.0,183.0,47.5,Female,2.0,86612.13,6.0,9.0
5729713,12.0,153.0,49.0,Female,2.0,25711.33,0.0,4.0
8878116,5.0,70.0,32.0,Unknown,2.0,131762.34,1.0,4.0
6263784,10.0,120.0,39.5,Female,2.0,564000.11,6.0,9.0
409075,16.0,197.0,68.0,Male,2.0,58353.92,0.0,3.0
9002579,23.0,283.0,51.0,Male,2.0,41059.48,4.0,7.0
6763418,23.0,278.0,53.0,Female,2.0,30890.7,2.0,5.0
4474374,23.0,276.0,46.5,Male,4.0,168059.27000000002,6.0,9.0
4650836,21.0,254.0,39.0,Male,3.0,756620.77,4.0,7.0
9257383,20.0,241.0,63.0,Male,2.0,42921.92,3.0,6.0
2449601,19.0,239.0,57.0,Male,3.0,1012774.24,3.0,6.0
6891177,19.0,235.0,45.5,Female,2.0,28316.39,1.0,4.0
2188976,6.0,73.0,32.0,Female,3.0,49897.6,6.0,9.0
4640877,5.0,71.0,64.5,Female,2.0,25258.53,5.0,8.0
9212245,14.0,172.0,39.5,Unknown,2.0,109922.45,3.0,6.0
2854927,6.0,82.0,62.5,Unknown,3.0,47659.38,1.0,4.0
2571659,22.0,275.0,39.0,Male,2.0,61282.28,1.0,4.0
5072333,13.0,162.0,55.5,Female,2.0,26849.44,1.0,4.0
6443962,10.0,127.0,50.5,Male,2.0,387098.14,2.0,5.0
861269,5.0,67.0,28.0,Unknown,3.0,41159.02,6.0,9.0
4273676,6.0,77.0,62.5,Unknown,2.0,456162.86,3.0,6.0
6420672,8.0,104.0,58.0,Female,2.0,238528.63,3.0,6.0
5076713,16.0,194.0,87.5,Male,2.0,336203.46,0.0,3.0
4064505,16.0,195.0,26.5,Male,2.0,94513.63,1.0,4.0
9767104,12.0,155.0,65.5,Female,2.0,32736.11,2.0,5.0
3727425,5.0,60.0,36.0,Male,2.0,70522.76999999999,6.0,9.0
5288196,6.0,83.0,43.5,Unknown,3.0,38522.25,0.0,5.0
8966814,15.0,187.0,60.0,Male,2.0,41606.09,4.0,7.0
6125450,12.0,147.0,27.5,Female,2.0,47583.95,6.0,9.0
3442612,29.0,348.0,74.5,Female,2.0,118028.18,0.0,3.0
7349918,4.0,59.0,58.5,Male,2.0,31612.23,4.0,7.0
9813126,7.0,88.0,21.5,Unknown,3.0,50581.53999999999,6.0,9.0
1349053,15.0,189.0,51.0,Female,3.0,160421.27999999997,2.0,5.0
501215,4.0,59.0,63.0,Unknown,2.0,69380.44,2.0,5.0
6190453,30.0,370.0,66.5,Male,3.0,104044.55,6.0,9.0
1048065,14.0,173.0,48.0,Female,3.0,65368.11,3.0,6.0
277875,7.0,90.0,62.0,Unknown,2.0,31626.81,0.0,3.0
4031585,7.0,88.0,28.5,Unknown,2.0,66121.88,6.0,9.0
2469228,12.0,148.0,30.5,Male,2.0,59762.28,6.0,9.0
5845530,12.0,154.0,69.5,Male,2.0,36549.24,3.0,6.0
1905532,10.0,127.0,57.5,Female,2.0,79727.94,0.0,3.0
2206068,4.0,57.0,29.0,Unknown,2.0,31526.33,1.0,4.0
6411839,15.0,190.0,56.0,Female,2.0,231537.6,3.0,6.0
5970149,4.0,58.0,46.5,Unknown,2.0,43113.51,0.0,3.0
2047305,15.0,191.0,74.5,Male,2.0,161132.36,6.0,9.0
5109973,8.0,104.0,24.5,Male,4.0,233212.32,5.0,8.0
8678783,12.0,151.0,58.0,Female,2.0,26432.39,2.0,5.0
8367710,3.0,45.0,47.5,Unknown,2.0,40207.24,0.0,3.0
458225,7.0,86.0,55.5,Unknown,4.0,162280.01,2.0,5.0
6481131,27.0,335.0,57.0,Male,2.0,172467.74,3.0,6.0
5563800,10.0,120.0,79.0,Male,2.0,47384.55,0.0,3.0
7409542,8.0,97.0,42.5,Unknown,2.0,125883.65,1.0,4.0
526852,7.0,95.0,21.5,Unknown,2.0,27481.76,3.0,6.0
162867,5.0,62.0,43.0,Female,2.0,27471.06,4.0,7.0
8208413,6.0,77.0,22.0,Unknown,2.0,31877.48,3.0,6.0
7626945,12.0,155.0,46.5,Female,2.0,55857.87,1.0,4.0
5541027,8.0,102.0,74.0,Unknown,2.0,32816.74,1.0,4.0
9945867,8.0,96.0,34.0,Unknown,4.0,370379.14,6.0,9.0
8072875,24.0,296.0,46.0,Male,2.0,77350.76,1.0,4.0
8990227,24.0,291.0,56.0,Female,2.0,644078.4700000001,6.0,9.0
2459641,24.0,291.0,21.0,Male,2.0,34736.92,2.0,5.0
2079440,24.0,289.0,28.5,Female,2.0,34357.84,0.0,3.0
7856716,23.0,287.0,55.5,Male,2.0,542446.55,6.0,9.0
8095818,23.0,279.0,62.5,Male,2.0,293083.85,6.0,9.0
5596629,23.0,277.0,21.5,Male,2.0,37115.66,3.0,6.0
35476,20.0,250.0,31.0,Male,2.0,86568.15,6.0,9.0
5815400,28.0,347.0,51.0,Male,2.0,96516.74,6.0,9.0
8304027,20.0,240.0,69.0,Male,2.0,117896.83,6.0,9.0
6559115,19.0,238.0,41.0,Female,2.0,28486.12,0.0,3.0
9390249,7.0,94.0,43.5,Unknown,2.0,39489.15,6.0,9.0
6939528,6.0,83.0,25.5,Unknown,2.0,26046.57,6.0,9.0
3366892,5.0,60.0,56.5,Unknown,2.0,26995.88,6.0,9.0
1059370,9.0,111.0,38.5,Female,2.0,72801.41,0.0,3.0
7745725,9.0,110.0,57.0,Male,3.0,312002.13,6.0,9.0
9036135,12.0,148.0,50.5,Unknown,2.0,508183.12,4.0,7.0
6046179,15.0,189.0,56.0,Male,2.0,121461.54,3.0,6.0
4119895,15.0,187.0,60.0,Female,2.0,41540.17999999999,6.0,9.0
4230687,6.0,80.0,22.5,Unknown,2.0,32939.91,4.0,7.0
2217121,6.0,83.0,27.5,Unknown,2.0,175499.34999999998,6.0,9.0
2950972,5.0,70.0,60.0,Male,2.0,515760.43,1.0,4.0
4580804,13.0,161.0,47.5,Male,2.0,91348.25,6.0,9.0
7902189,15.0,180.0,30.5,Female,2.0,68123.22,0.0,3.0
664480,8.0,96.0,33.5,Unknown,2.0,31824.65,6.0,9.0
5756798,6.0,76.0,21.5,Unknown,4.0,73089.17,5.0,8.0
3778727,6.0,77.0,49.0,Unknown,2.0,26634.78,3.0,6.0
8914780,11.0,140.0,40.0,Male,2.0,70134.15,6.0,9.0
8119258,11.0,140.0,62.5,Male,3.0,147912.16,6.0,9.0
6604435,10.0,122.0,37.0,Female,2.0,69887.97,1.0,4.0
17160,14.0,169.0,53.5,Female,3.0,140511.63,6.0,9.0
5201744,9.0,119.0,61.0,Female,2.0,56780.99,0.0,3.0
2975991,16.0,192.0,57.5,Male,3.0,230765.36,6.0,9.0
9165419,12.0,146.0,21.0,Male,3.0,30259.42,3.0,8.0
1690599,17.0,204.0,53.5,Male,3.0,295930.97,5.0,8.0
732703,33.0,401.0,77.0,Female,2.0,804529.8,6.0,9.0
7159239,8.0,106.0,30.5,Female,2.0,33154.99,4.0,7.0
5017428,16.0,192.0,44.0,Male,3.0,618618.5900000001,6.0,9.0
1499852,13.0,160.0,46.0,Male,2.0,88433.7,1.0,4.0
4261135,16.0,198.0,38.5,Female,2.0,39422.78,3.0,6.0
446577,13.0,157.0,61.5,Male,2.0,635620.14,6.0,9.0
9774559,15.0,189.0,33.0,Male,2.0,35466.02,1.0,4.0
6554742,8.0,99.0,53.5,Male,5.0,389228.06,4.0,7.0
2808682,8.0,104.0,30.5,Male,2.0,31579.54,0.0,3.0
5027139,10.0,125.0,39.5,Male,3.0,577682.63,6.0,9.0
7461510,17.0,213.0,54.0,Female,2.0,298261.59,1.0,4.0
7718148,6.0,76.0,54.5,Unknown,3.0,81403.5,2.0,5.0
4509981,15.0,183.0,31.0,Female,2.0,78936.6,5.0,8.0
4005162,8.0,104.0,87.5,Female,2.0,61072.98,3.0,6.0
2460940,9.0,118.0,40.5,Male,3.0,268840.55,3.0,6.0
2844190,5.0,63.0,69.0,Female,2.0,127662.89,5.0,8.0
2124031,12.0,151.0,60.0,Female,2.0,59375.57,4.0,7.0
4992956,7.0,94.0,39.5,Unknown,2.0,52194.91,6.0,9.0
5995160,24.0,288.0,76.5,Male,2.0,279144.5,2.0,6.0
2505317,23.0,286.0,58.5,Male,3.0,368960.87,0.0,3.0
6541507,21.0,260.0,44.5,Male,2.0,30128.03,1.0,4.0
8612909,21.0,254.0,31.0,Female,2.0,45954.09,0.0,3.0
9908488,20.0,242.0,49.5,Unknown,2.0,61081.13,0.0,3.0
6292379,19.0,234.0,55.5,Female,2.0,160320.84999999998,1.0,6.0
3162969,17.0,210.0,43.5,Male,3.0,121608.63,2.0,5.0
1329405,5.0,71.0,70.0,Unknown,2.0,34834.28,2.0,5.0
3401414,12.0,154.0,51.0,Unknown,2.0,31107.81,0.0,3.0
3979144,13.0,157.0,69.0,Male,2.0,144192.97,4.0,7.0
5451938,26.0,318.0,53.0,Female,2.0,95604.99,0.0,3.0
2113818,16.0,192.0,61.0,Male,2.0,373677.06,0.0,3.0
8242222,15.0,183.0,47.5,Male,2.0,31810.96,2.0,5.0
9882073,14.0,168.0,67.5,Female,2.0,100032.73,4.0,7.0
5213888,7.0,84.0,50.0,Unknown,2.0,128233.88,2.0,5.0
1795281,6.0,83.0,63.0,Unknown,2.0,103776.81,0.0,3.0
5062431,16.0,196.0,62.5,Male,3.0,769923.3500000001,2.0,5.0
7991760,30.0,363.0,53.0,Male,3.0,4730367.72,6.0,9.0
9083506,8.0,101.0,26.5,Female,2.0,78435.1,4.0,7.0
2912507,12.0,144.0,43.5,Female,2.0,46320.01,2.0,5.0
42296,28.0,339.0,81.0,Male,2.0,55745.51,2.0,5.0
3643127,4.0,53.0,21.5,Unknown,3.0,114979.77,6.0,9.0
7990566,10.0,124.0,23.0,Female,3.0,162343.93,2.0,5.0
4345628,13.0,161.0,69.5,Female,2.0,261088.36,3.0,6.0
4332234,11.0,143.0,42.5,Male,2.0,116018.16,4.0,7.0
4444409,29.0,353.0,72.0,Male,4.0,3026661.21,6.0,9.0
9862831,6.0,82.0,24.0,Unknown,2.0,52250.51,3.0,6.0
4999976,5.0,71.0,28.5,Unknown,3.0,61870.56,6.0,9.0
7102059,12.0,144.0,65.0,Female,2.0,39339.72,2.0,5.0
6415118,14.0,169.0,44.0,Female,3.0,85161.04000000001,5.0,8.0
6533373,13.0,156.0,34.0,Male,3.0,47481.44,2.0,5.0
2092341,6.0,82.0,28.5,Unknown,3.0,53301.09,5.0,8.0
7395993,15.0,186.0,40.5,Female,2.0,59522.13,2.0,5.0
7101619,13.0,156.0,61.0,Female,2.0,166876.01,3.0,6.0
91443,13.0,165.0,35.5,Unknown,2.0,30371.12,4.0,7.0
8722346,16.0,194.0,45.0,Male,2.0,98149.06,5.0,8.0
6253108,14.0,168.0,43.0,Male,3.0,181436.83,2.0,5.0
7586469,11.0,136.0,55.5,Male,3.0,32703.91,4.0,7.0
2861609,13.0,167.0,78.0,Male,2.0,46925.45,3.0,6.0
7476003,13.0,160.0,42.0,Male,3.0,337420.97,3.0,6.0
4707550,15.0,189.0,57.0,Male,2.0,38866.98,6.0,9.0
2056993,9.0,115.0,36.0,Male,3.0,49503.24,5.0,8.0
4214438,8.0,107.0,59.5,Male,2.0,39798.39,4.0,7.0
9793096,15.0,191.0,74.5,Male,2.0,73279.45999999999,2.0,7.0
5495061,16.0,193.0,32.5,Male,2.0,45357.03999999999,1.0,4.0
5210872,8.0,101.0,25.5,Female,2.0,48547.7,2.0,5.0
1909658,8.0,102.0,28.0,Unknown,2.0,32940.009999999995,6.0,9.0
3432060,15.0,182.0,36.5,Male,5.0,358238.1,1.0,4.0
9918806,4.0,58.0,50.5,Unknown,2.0,119635.41,0.0,3.0
8055182,5.0,66.0,61.0,Female,2.0,49402.13,4.0,7.0
7287544,14.0,171.0,58.5,Female,3.0,94466.37,1.0,4.0
105360,5.0,65.0,56.5,Unknown,2.0,49990.47,2.0,5.0
6228157,17.0,211.0,49.5,Female,2.0,118279.13,2.0,6.0
1731479,5.0,70.0,33.0,Unknown,2.0,31082.35,0.0,3.0
8743848,24.0,294.0,21.5,Unknown,2.0,38075.45,6.0,9.0
4048734,24.0,288.0,55.5,Male,2.0,70049.81,6.0,9.0
5636893,23.0,277.0,61.5,Female,3.0,257970.81,0.0,3.0
1678920,23.0,276.0,47.0,Female,4.0,426581.55,6.0,9.0
515976,21.0,260.0,54.0,Female,2.0,26860.62,6.0,9.0
819286,21.0,258.0,50.5,Male,3.0,553030.7300000001,6.0,9.0
567717,19.0,238.0,31.5,Female,2.0,59461.28,3.0,6.0
2222738,9.0,108.0,49.0,Female,2.0,232877.71,3.0,6.0
4720929,13.0,159.0,57.5,Male,3.0,1075789.7999999998,4.0,7.0
5859375,11.0,137.0,54.0,Female,2.0,67013.89,4.0,7.0
5555790,14.0,174.0,70.0,Female,2.0,59441.01,2.0,5.0
5192961,16.0,203.0,67.5,Male,2.0,118572.95,5.0,8.0
8072956,6.0,74.0,31.0,Unknown,2.0,32507.23,6.0,9.0
2063428,13.0,165.0,48.0,Female,2.0,62068.54,3.0,6.0
9204296,4.0,55.0,20.0,Unknown,2.0,30816.44,1.0,4.0
9108896,14.0,170.0,51.0,Female,2.0,146294.56,1.0,4.0
1731682,11.0,143.0,57.0,Female,2.0,29989.79,3.0,6.0
3759883,13.0,164.0,62.5,Female,3.0,4479344.82,6.0,9.0
3986713,5.0,71.0,19.0,Unknown,2.0,31004.17,5.0,8.0
303432,9.0,111.0,61.5,Male,2.0,92894.97,1.0,4.0
3760540,19.0,232.0,39.0,Female,2.0,24577.67,5.0,8.0
7830689,12.0,155.0,27.5,Male,2.0,88898.41,1.0,4.0
394629,9.0,118.0,30.5,Female,2.0,34979.78,0.0,3.0
6940936,10.0,126.0,39.5,Female,2.0,61346.46,6.0,9.0
1331081,11.0,139.0,51.5,Male,2.0,56664.18,6.0,9.0
8824361,12.0,154.0,43.5,Male,2.0,57408.01,1.0,4.0
9700688,6.0,80.0,45.0,Unknown,3.0,94942.93,4.0,7.0
1562027,15.0,182.0,52.5,Female,2.0,26489.26,0.0,3.0
963331,11.0,143.0,73.0,Female,3.0,354400.74,6.0,9.0
8968222,11.0,141.0,40.0,Female,2.0,51339.96,3.0,6.0
7987450,12.0,145.0,54.0,Male,2.0,289180.49,4.0,7.0
7263999,7.0,84.0,51.5,Unknown,3.0,52918.25,2.0,5.0
3940497,18.0,222.0,65.0,Female,2.0,133482.09,6.0,9.0
2950065,15.0,191.0,60.0,Female,2.0,44974.24,0.0,3.0
7241247,7.0,89.0,29.5,Unknown,2.0,65250.72,0.0,3.0
7297929,10.0,123.0,31.0,Male,3.0,136582.03999999998,6.0,9.0
6747794,15.0,181.0,40.0,Male,2.0,490705.59,6.0,9.0
5508174,7.0,93.0,27.0,Unknown,2.0,29007.72,0.0,3.0
8945827,14.0,170.0,62.0,Female,2.0,72757.32,0.0,3.0
1585267,14.0,179.0,28.5,Male,2.0,38627.1,2.0,5.0
1862061,13.0,157.0,54.0,Male,2.0,407569.86,6.0,9.0
3611642,10.0,125.0,68.0,Male,2.0,36199.01,2.0,5.0
2396722,5.0,67.0,38.5,Unknown,2.0,105974.5,0.0,3.0
1997445,14.0,169.0,81.0,Female,2.0,99036.41,3.0,6.0
5038429,12.0,146.0,66.5,Male,2.0,471495.17,3.0,6.0
9212936,8.0,96.0,45.0,Unknown,2.0,80790.81,6.0,9.0
3316734,8.0,98.0,42.0,Unknown,2.0,35568.45,6.0,9.0
4361726,6.0,75.0,63.0,Female,2.0,31194.14,0.0,3.0
2755743,14.0,174.0,69.0,Female,3.0,62406.73,4.0,8.0
943088,23.0,287.0,51.0,Female,3.0,355078.13,6.0,9.0
5905660,24.0,291.0,25.0,Female,2.0,27023.77,2.0,5.0
7826255,21.0,262.0,44.0,Female,2.0,183969.41,0.0,3.0
605353,21.0,259.0,47.0,Female,4.0,499624.15,6.0,9.0
9626258,20.0,244.0,39.5,Female,3.0,41568.78999999999,5.0,8.0
9046131,19.0,230.0,47.5,Male,2.0,293232.5,2.0,5.0
2550027,18.0,220.0,61.5,Unknown,2.0,29401.4,2.0,5.0
3823180,16.0,200.0,91.5,Male,2.0,97329.75,1.0,4.0
7182695,21.0,252.0,52.0,Male,3.0,201494.05,6.0,9.0
8700218,4.0,57.0,20.0,Unknown,2.0,28759.29,6.0,9.0
3752764,4.0,56.0,27.5,Unknown,2.0,29388.36,1.0,4.0
4616062,14.0,172.0,19.5,Female,3.0,28850.48,2.0,5.0
9220445,9.0,110.0,52.0,Male,2.0,73710.09,2.0,5.0
9109169,16.0,192.0,27.5,Male,3.0,201447.32,5.0,8.0
1901368,5.0,71.0,24.5,Female,2.0,54871.69,2.0,5.0
8530430,17.0,208.0,60.5,Male,2.0,77118.4,6.0,9.0
7528220,5.0,63.0,30.0,Female,2.0,35080.42,4.0,7.0
2004209,5.0,69.0,47.5,Unknown,2.0,177245.21999999997,4.0,7.0
9351949,8.0,107.0,57.5,Female,2.0,34167.81,0.0,3.0
7154845,12.0,154.0,57.5,Male,2.0,33774.53,4.0,7.0
9168213,8.0,100.0,51.0,Female,2.0,201667.36,4.0,7.0
5092686,26.0,312.0,66.5,Male,2.0,81131.0,2.0,5.0
5898506,12.0,154.0,47.5,Male,2.0,86493.51,2.0,5.0
3274870,28.0,337.0,62.0,Female,2.0,287783.27,2.0,5.0
9282432,16.0,192.0,54.0,Female,2.0,1040457.92,5.0,8.0
9112089,15.0,180.0,37.5,Female,3.0,126594.78,3.0,6.0
2070948,7.0,92.0,26.5,Unknown,2.0,148928.46,6.0,9.0
4514081,29.0,358.0,80.0,Female,2.0,166263.02999999997,2.0,5.0
1147258,4.0,59.0,23.5,Unknown,2.0,29388.55,1.0,4.0
1001101,10.0,121.0,61.5,Male,2.0,102438.99,1.0,4.0
9389525,23.0,285.0,30.5,Female,2.0,71371.33,5.0,8.0
4001101,15.0,189.0,70.0,Female,2.0,325174.33,6.0,9.0
7081585,5.0,67.0,29.5,Female,2.0,31179.52,4.0,7.0
3329794,15.0,187.0,67.5,Female,3.0,119496.52,6.0,9.0
1853202,25.0,300.0,62.5,Male,4.0,1644720.42,6.0,9.0
8045069,14.0,168.0,59.5,Male,2.0,36418.26,2.0,7.0
3098980,11.0,136.0,47.0,Female,2.0,67784.97,4.0,7.0
6254691,6.0,80.0,23.5,Unknown,2.0,26332.06,6.0,9.0
8738125,8.0,102.0,40.5,Unknown,2.0,31553.88,6.0,9.0
2426649,4.0,58.0,22.0,Unknown,2.0,26308.1,1.0,4.0
6987572,10.0,127.0,58.0,Male,2.0,119098.61,4.0,7.0
322874,7.0,84.0,47.5,Unknown,2.0,48486.13,0.0,3.0
2977461,5.0,69.0,59.5,Female,2.0,138191.25,6.0,9.0
5122733,31.0,372.0,64.0,Male,2.0,57175.92,1.0,4.0
5104204,11.0,132.0,66.5,Female,2.0,162056.41999999998,3.0,6.0
3070971,13.0,164.0,66.0,Male,2.0,29456.76,1.0,4.0
8313808,12.0,153.0,43.0,Male,2.0,27691.05,1.0,4.0
1316517,6.0,75.0,36.5,Male,2.0,42848.28999999999,2.0,5.0
6125160,27.0,333.0,57.5,Female,2.0,34957.92,0.0,3.0
1028,12.0,145.0,36.0,Male,3.0,103520.22,1.0,4.0
7547967,23.0,287.0,63.0,Female,3.0,110350.45,1.0,4.0
6512876,28.0,345.0,52.5,Female,2.0,108102.0,1.0,4.0
7123131,21.0,259.0,57.5,Female,3.0,350754.2,4.0,7.0
6751813,21.0,253.0,60.5,Female,3.0,183459.21,6.0,9.0
5516350,20.0,250.0,35.5,Male,3.0,44467.42999999999,3.0,6.0
4618753,20.0,248.0,64.0,Female,2.0,257579.36,2.0,5.0
7465318,22.0,265.0,71.5,Male,3.0,307371.99,4.0,7.0
2292981,19.0,235.0,55.0,Unknown,2.0,92270.24,6.0,9.0
6208963,10.0,124.0,48.5,Female,2.0,46723.1,2.0,5.0
8279545,6.0,82.0,51.0,Unknown,2.0,38361.62,1.0,4.0
6296101,27.0,334.0,72.0,Male,2.0,65476.75,0.0,3.0
4586360,13.0,166.0,41.5,Male,2.0,32679.06,3.0,6.0
8456142,10.0,123.0,34.0,Female,2.0,85070.94,2.0,5.0
3232607,11.0,139.0,40.0,Male,2.0,93090.11,6.0,9.0
4989657,19.0,239.0,60.0,Male,2.0,242561.71,6.0,9.0
6027048,4.0,59.0,53.0,Unknown,2.0,108926.25,5.0,8.0
5822378,7.0,84.0,42.0,Unknown,3.0,147113.74,4.0,7.0
4952290,9.0,118.0,64.5,Female,2.0,47413.7,1.0,4.0
8375740,5.0,71.0,70.0,Female,2.0,1370320.18,1.0,5.0
1478874,12.0,154.0,58.5,Female,2.0,72556.86,5.0,8.0
8585568,5.0,64.0,53.5,Female,3.0,46785.27,6.0,9.0
8561583,15.0,187.0,66.5,Male,2.0,477409.92,0.0,4.0
8806570,4.0,55.0,73.0,Unknown,2.0,209654.55,5.0,8.0
2993988,3.0,38.0,57.0,Male,2.0,120995.55,1.0,4.0
6731059,6.0,79.0,31.5,Unknown,3.0,29700.68,6.0,9.0
414909,12.0,154.0,44.5,Female,2.0,290857.44,1.0,4.0
7560060,18.0,220.0,54.5,Male,2.0,69835.95,6.0,9.0
9525559,8.0,104.0,24.5,Female,2.0,35509.55,6.0,9.0
9818694,10.0,123.0,58.0,Male,2.0,40253.34,0.0,4.0
2014480,8.0,107.0,27.5,Male,3.0,154434.34,6.0,9.0
2489943,6.0,77.0,51.0,Unknown,2.0,81759.43,3.0,6.0
4529653,7.0,94.0,27.0,Unknown,2.0,35226.649999999994,4.0,7.0
9509687,15.0,183.0,58.0,Female,2.0,281874.94,2.0,5.0
1524492,4.0,57.0,57.5,Unknown,2.0,27640.5,3.0,7.0
2636290,26.0,318.0,62.0,Male,3.0,656008.87,2.0,5.0
4457592,16.0,201.0,54.5,Male,2.0,62471.18,4.0,7.0
7186204,5.0,69.0,37.0,Unknown,2.0,50245.83,4.0,7.0
5879951,8.0,107.0,26.0,Female,3.0,71113.94,1.0,4.0
5199388,13.0,158.0,78.0,Male,3.0,55488.67,6.0,9.0
9756442,16.0,198.0,47.0,Female,2.0,124331.9,5.0,8.0
2709011,7.0,94.0,44.5,Unknown,2.0,40123.13,6.0,9.0
4634003,5.0,70.0,22.5,Female,2.0,25710.57,0.0,3.0
6759765,8.0,96.0,30.0,Unknown,2.0,79855.83,6.0,9.0
1890622,8.0,106.0,32.5,Male,2.0,34865.77,1.0,4.0
2186426,4.0,57.0,25.0,Unknown,2.0,48844.46,0.0,3.0
4253896,6.0,72.0,40.5,Unknown,2.0,149490.61,2.0,5.0
6866442,24.0,288.0,57.0,Male,3.0,84346.4,6.0,9.0
4314358,22.0,268.0,72.0,Male,2.0,333422.94,4.0,7.0
4972552,21.0,263.0,49.5,Male,4.0,245867.13,4.0,7.0
7673166,21.0,261.0,60.5,Female,2.0,165421.41999999998,6.0,9.0
96787,21.0,260.0,53.5,Female,2.0,243856.44,5.0,8.0
7181899,20.0,246.0,80.0,Female,2.0,27277.27,4.0,7.0
83447,17.0,214.0,48.5,Male,2.0,190150.37,6.0,9.0
9668003,7.0,88.0,27.0,Unknown,3.0,30081.62,6.0,9.0
4513829,12.0,144.0,42.0,Female,3.0,101720.8,4.0,7.0
9243506,11.0,143.0,24.5,Female,2.0,30618.79,6.0,9.0
1885170,5.0,60.0,31.0,Unknown,2.0,28673.86,6.0,9.0
9982969,6.0,83.0,53.5,Unknown,2.0,41191.9,3.0,6.0
332287,11.0,132.0,38.5,Female,2.0,97127.28,2.0,5.0
3901507,5.0,70.0,35.0,Unknown,2.0,67670.47,6.0,9.0
5618896,5.0,65.0,30.0,Unknown,2.0,35267.27,4.0,7.0
9552912,8.0,106.0,59.5,Female,2.0,30077.77,1.0,4.0
1878243,10.0,124.0,29.5,Male,3.0,72355.61,5.0,8.0
1200071,8.0,96.0,35.5,Unknown,2.0,63075.49,3.0,6.0
8816651,6.0,82.0,26.0,Unknown,2.0,61217.45,6.0,9.0
7537056,27.0,328.0,32.5,Male,3.0,78415.36,6.0,9.0
52384,18.0,216.0,62.0,Female,2.0,52521.28999999999,3.0,6.0
7831579,9.0,114.0,32.5,Female,2.0,34184.21,1.0,4.0
2927426,15.0,183.0,51.0,Male,2.0,27408.07,6.0,9.0
382434,8.0,107.0,65.5,Female,2.0,99430.18,0.0,3.0
83507,8.0,97.0,25.5,Unknown,2.0,27712.32,1.0,4.0
6699262,14.0,174.0,48.0,Male,2.0,57954.68,1.0,4.0
5849741,4.0,58.0,53.5,Unknown,2.0,29459.99,0.0,3.0
4359943,9.0,119.0,61.0,Male,2.0,99189.87,0.0,3.0
2257004,7.0,95.0,65.5,Unknown,2.0,98529.38,2.0,5.0
126758,16.0,197.0,42.5,Female,2.0,161496.86,6.0,9.0
9441095,7.0,85.0,53.0,Unknown,2.0,24824.1,0.0,3.0
7943618,14.0,173.0,47.5,Male,2.0,65721.85,6.0,9.0
6567837,15.0,188.0,55.0,Female,2.0,23920.73,0.0,3.0
6768887,5.0,71.0,21.5,Unknown,2.0,50260.35,5.0,8.0
1466972,6.0,81.0,21.0,Unknown,2.0,47750.03,2.0,5.0
2651828,3.0,47.0,75.0,Male,2.0,193334.04,6.0,9.0
3453181,4.0,59.0,18.5,Unknown,2.0,36052.87,4.0,7.0
9673235,5.0,64.0,50.5,Unknown,2.0,347977.86,3.0,6.0
5222251,4.0,56.0,27.0,Unknown,2.0,37552.17,3.0,6.0
8164042,7.0,92.0,63.5,Unknown,2.0,725007.52,6.0,9.0
3418762,13.0,165.0,45.5,Female,2.0,229347.06,1.0,4.0
8607441,15.0,186.0,52.0,Female,2.0,322322.09,1.0,5.0
6957942,15.0,184.0,52.5,Unknown,4.0,93203.36,6.0,9.0
281100,15.0,190.0,57.0,Male,2.0,47380.01,4.0,7.0
3077364,5.0,64.0,26.0,Unknown,2.0,27214.78,3.0,6.0
3104701,11.0,143.0,29.5,Female,2.0,49850.02,0.0,3.0
9513575,15.0,187.0,38.0,Female,2.0,67243.14,4.0,7.0
5920986,5.0,70.0,18.5,Unknown,2.0,27542.05,2.0,5.0
4657957,7.0,95.0,31.0,Unknown,2.0,32460.01,2.0,5.0
9935587,14.0,170.0,55.5,Female,2.0,28909.41,6.0,9.0
4262217,7.0,85.0,24.5,Unknown,3.0,81643.28,6.0,9.0
7083844,4.0,59.0,26.5,Unknown,2.0,35242.72,5.0,8.0
7399802,4.0,58.0,39.0,Male,2.0,39513.96,6.0,9.0
9126175,6.0,78.0,60.0,Unknown,2.0,38746.48,4.0,7.0
2821740,5.0,69.0,27.0,Male,2.0,28361.55,6.0,9.0
2840811,4.0,59.0,27.0,Unknown,2.0,29605.69,4.0,7.0
3888791,21.0,252.0,46.0,Male,4.0,300520.33,5.0,8.0
4859072,17.0,214.0,39.5,Female,3.0,64051.97,3.0,6.0
6809872,12.0,150.0,61.0,Female,2.0,1344195.37,6.0,9.0
475544,9.0,116.0,24.0,Male,2.0,27364.56,5.0,8.0
4360541,15.0,188.0,67.5,Female,2.0,117650.87,4.0,7.0
553313,15.0,191.0,76.5,Male,2.0,44173.42999999999,1.0,4.0
8554018,8.0,106.0,45.0,Male,2.0,130528.29,5.0,8.0
8262294,15.0,191.0,60.0,Female,2.0,533132.8200000001,3.0,6.0
3898390,26.0,315.0,51.0,Male,3.0,94407.29,6.0,9.0
5875104,12.0,148.0,34.5,Male,3.0,40943.16,6.0,9.0
501472,5.0,65.0,25.5,Unknown,3.0,73061.4,6.0,9.0
227610,7.0,96.0,27.5,Unknown,3.0,62437.01,6.0,9.0
7245894,7.0,92.0,53.5,Unknown,2.0,451690.93,6.0,9.0
7738477,6.0,79.0,43.5,Unknown,2.0,79429.16,5.0,8.0
822741,15.0,182.0,56.5,Female,2.0,30420.36,2.0,5.0
7087545,5.0,62.0,24.5,Female,2.0,28605.63,0.0,3.0
986219,28.0,345.0,68.0,Male,2.0,42777.59,4.0,7.0
1709923,4.0,57.0,51.5,Female,2.0,30815.23,1.0,4.0
2543327,12.0,149.0,28.5,Female,3.0,81620.94,2.0,6.0
3308944,4.0,58.0,18.5,Unknown,2.0,28014.85,0.0,3.0
5391781,14.0,175.0,61.0,Male,2.0,49427.1,3.0,6.0
5378941,8.0,96.0,69.0,Unknown,2.0,154090.26,5.0,8.0
7196077,13.0,158.0,61.5,Female,2.0,55593.05,4.0,7.0
5250412,15.0,186.0,35.5,Male,2.0,25202.85,6.0,9.0
1513036,9.0,115.0,48.0,Male,2.0,39811.06,2.0,5.0
1004456,6.0,79.0,22.0,Unknown,2.0,405868.28,6.0,9.0
1366281,11.0,143.0,63.5,Female,2.0,854075.78,5.0,8.0
7324659,8.0,96.0,70.5,Male,2.0,119362.55,1.0,5.0
3095487,12.0,144.0,33.0,Female,2.0,48622.99,0.0,3.0
1946068,15.0,187.0,48.0,Male,2.0,28925.56,6.0,9.0
1520050,5.0,71.0,49.5,Unknown,2.0,26650.22,3.0,6.0
2191681,3.0,36.0,25.5,Unknown,2.0,28014.61,2.0,5.0
405107,15.0,181.0,33.5,Male,2.0,46943.25,0.0,3.0
9559068,13.0,167.0,39.5,Male,2.0,28374.42,1.0,4.0
1318882,16.0,192.0,41.0,Male,2.0,272705.56,1.0,5.0
7482120,11.0,140.0,54.5,Male,2.0,167404.21000000002,0.0,3.0
9258987,7.0,84.0,51.5,Unknown,2.0,157743.0,4.0,7.0
8125539,6.0,82.0,26.5,Unknown,3.0,86345.1,6.0,9.0
5508214,11.0,138.0,64.5,Male,2.0,393596.34,6.0,9.0
3178426,5.0,71.0,53.5,Unknown,2.0,39182.41,5.0,8.0
8374042,14.0,168.0,72.5,Female,3.0,2187071.45,6.0,9.0
5717871,15.0,181.0,19.5,Female,2.0,32646.3,1.0,4.0
7864981,15.0,182.0,51.0,Male,2.0,35384.07,5.0,8.0
9290429,8.0,104.0,42.5,Male,2.0,90465.46,3.0,7.0
9735061,5.0,60.0,30.5,Unknown,2.0,37430.45,6.0,9.0
2717764,11.0,133.0,33.0,Female,3.0,124150.94,6.0,9.0
986002,24.0,293.0,51.0,Male,2.0,57452.93,1.0,4.0
2791163,23.0,284.0,48.0,Female,3.0,72020.01999999999,1.0,4.0
2897971,20.0,250.0,30.0,Female,3.0,146560.51,6.0,9.0
4922034,19.0,230.0,44.0,Male,2.0,123168.22,6.0,9.0
1132903,18.0,216.0,67.0,Female,2.0,28754.68,6.0,9.0
6629523,13.0,166.0,63.0,Unknown,2.0,28225.96,1.0,4.0
1705319,10.0,126.0,24.0,Male,2.0,35782.42,3.0,6.0
8930684,17.0,206.0,49.0,Female,2.0,26916.07,3.0,6.0
2996810,28.0,343.0,74.5,Female,2.0,88930.97,5.0,8.0
3687856,6.0,80.0,72.0,Unknown,2.0,354122.04,3.0,6.0
17036,5.0,65.0,34.5,Unknown,3.0,49959.53,3.0,6.0
551780,14.0,174.0,35.5,Male,2.0,134474.74,6.0,9.0
6332250,9.0,118.0,54.5,Male,2.0,78283.23,0.0,3.0
453657,16.0,193.0,59.0,Female,2.0,168984.32,3.0,6.0
5338990,12.0,154.0,57.5,Female,2.0,78441.51999999999,0.0,3.0
2874909,5.0,60.0,26.0,Unknown,3.0,54292.28,4.0,7.0
2601570,5.0,71.0,48.5,Unknown,2.0,25126.72,2.0,5.0
4446711,6.0,72.0,55.5,Unknown,2.0,32662.76,1.0,4.0
4055971,6.0,83.0,42.5,Unknown,2.0,59514.55,0.0,3.0
4314111,6.0,82.0,52.5,Unknown,2.0,44066.67,2.0,5.0
4111814,15.0,190.0,49.5,Male,2.0,113350.07,3.0,6.0
9581854,6.0,73.0,65.0,Female,2.0,182279.46,1.0,4.0
5691200,15.0,182.0,45.5,Male,2.0,142662.07,5.0,8.0
1095601,12.0,146.0,34.0,Female,2.0,43458.12,6.0,9.0
9762839,13.0,157.0,61.5,Male,3.0,970903.38,4.0,7.0
3413416,4.0,59.0,36.0,Unknown,2.0,28828.85,0.0,3.0
5014989,16.0,194.0,50.5,Male,2.0,636292.9500000001,2.0,5.0
5051667,9.0,118.0,50.5,Female,2.0,63356.75,6.0,9.0
4476320,4.0,56.0,55.0,Unknown,2.0,585793.89,6.0,9.0
4283146,20.0,242.0,51.5,Male,2.0,27187.22,6.0,9.0
6547645,14.0,171.0,53.0,Female,2.0,136192.91,4.0,7.0
9490175,6.0,74.0,35.0,Female,2.0,39524.05,6.0,9.0
5893972,4.0,59.0,52.0,Unknown,2.0,32400.21,0.0,3.0
972666,6.0,73.0,25.5,Unknown,3.0,117153.95,5.0,8.0
6677359,6.0,73.0,43.5,Unknown,2.0,44032.22,4.0,7.0
3736874,15.0,180.0,64.5,Female,3.0,411767.05,6.0,9.0
6538326,7.0,90.0,48.5,Unknown,2.0,28217.55,0.0,3.0
984576,18.0,227.0,60.5,Male,2.0,487817.48,2.0,5.0
7430050,23.0,284.0,30.5,Female,2.0,41766.65,0.0,3.0
3278527,12.0,150.0,36.0,Male,2.0,108360.16,5.0,8.0
674671,7.0,84.0,60.0,Unknown,2.0,49350.46,6.0,9.0
4680798,9.0,109.0,45.0,Female,2.0,43547.77,1.0,4.0
2619000,7.0,86.0,35.0,Unknown,2.0,61874.34,6.0,9.0
5907843,10.0,127.0,31.0,Male,2.0,48183.92,3.0,6.0
6187815,7.0,87.0,28.0,Unknown,3.0,72593.94,6.0,9.0
8906713,22.0,265.0,46.5,Female,2.0,30650.46,2.0,5.0
2537621,20.0,251.0,60.5,Unknown,2.0,42439.09,0.0,3.0
5814539,21.0,253.0,60.0,Male,3.0,368324.75,6.0,9.0
8288212,20.0,244.0,57.0,Female,3.0,140473.9,6.0,9.0
5859430,9.0,109.0,65.5,Male,2.0,435538.5,6.0,9.0
9099131,15.0,183.0,51.0,Unknown,2.0,64915.27,3.0,6.0
4059220,4.0,57.0,19.0,Unknown,2.0,33875.96,3.0,6.0
9361289,8.0,107.0,27.0,Female,3.0,45059.69,6.0,9.0
9329761,6.0,75.0,65.0,Unknown,2.0,25049.02,4.0,7.0
4377222,11.0,142.0,42.5,Unknown,2.0,40819.32,6.0,9.0
9249867,26.0,322.0,65.5,Female,3.0,962235.81,6.0,9.0
7094480,32.0,387.0,65.5,Female,2.0,38372.28,2.0,5.0
9356825,7.0,88.0,74.0,Unknown,3.0,158002.82,2.0,6.0
2963856,14.0,178.0,44.5,Male,2.0,28600.28,6.0,9.0
2393271,4.0,57.0,23.0,Unknown,2.0,43353.24,2.0,5.0
320499,15.0,185.0,22.0,Female,2.0,50782.53,4.0,7.0
4058793,7.0,94.0,43.5,Unknown,2.0,191865.31,1.0,4.0
3922691,11.0,143.0,21.0,Female,3.0,42066.51,3.0,6.0
3816817,15.0,180.0,54.0,Male,2.0,104919.89,6.0,9.0
9088264,14.0,168.0,43.0,Female,3.0,327093.87,5.0,8.0
5090382,6.0,82.0,49.5,Unknown,2.0,41074.27,6.0,9.0
1054921,15.0,189.0,65.0,Male,2.0,127739.82,6.0,9.0
3388713,5.0,71.0,24.0,Male,2.0,55727.27,6.0,9.0
583074,13.0,164.0,32.0,Male,2.0,93255.59,6.0,9.0
2280022,9.0,116.0,30.5,Male,2.0,72454.64,6.0,9.0
1025595,20.0,241.0,54.0,Male,2.0,58475.64,5.0,8.0
4528533,5.0,61.0,30.5,Unknown,2.0,30684.29,4.0,7.0
4818716,9.0,119.0,50.0,Female,2.0,70719.2,4.0,7.0
1011046,16.0,199.0,33.0,Male,3.0,213909.58,6.0,9.0
299462,4.0,59.0,35.5,Unknown,2.0,38128.03,5.0,8.0
397852,16.0,193.0,64.0,Male,2.0,49525.09,5.0,8.0
2610919,5.0,67.0,66.0,Female,2.0,126048.63,1.0,4.0
7655458,10.0,123.0,63.5,Male,2.0,62306.73,2.0,5.0
6373694,11.0,139.0,46.0,Male,2.0,65258.91,3.0,6.0
6252053,29.0,351.0,54.0,Male,2.0,92014.66,5.0,8.0
9955114,28.0,345.0,74.0,Male,2.0,814498.26,2.0,5.0
6189027,14.0,174.0,43.5,Female,2.0,61961.47,3.0,6.0
6795114,6.0,72.0,49.0,Unknown,2.0,247479.2,6.0,9.0
6862376,5.0,70.0,25.0,Male,2.0,52309.97,1.0,4.0
7195153,11.0,132.0,52.0,Female,2.0,144389.89,3.0,6.0
2146504,15.0,184.0,66.0,Male,2.0,37552.91,3.0,6.0
6073444,5.0,60.0,22.5,Unknown,2.0,44255.71,6.0,9.0
6032775,16.0,192.0,68.5,Male,2.0,116609.9,1.0,4.0
5791149,26.0,316.0,60.0,Unknown,3.0,302708.91,6.0,9.0
4183199,10.0,121.0,56.5,Female,2.0,82156.41,0.0,3.0
8957739,12.0,146.0,66.5,Female,2.0,202335.43,0.0,3.0
9941376,5.0,65.0,59.5,Unknown,2.0,35230.33,6.0,9.0
5691818,5.0,68.0,43.0,Unknown,2.0,40881.19,1.0,4.0
9919106,8.0,104.0,24.0,Female,2.0,44825.95,4.0,7.0
463030,8.0,96.0,55.5,Unknown,2.0,76613.28,4.0,7.0
5190544,22.0,268.0,67.5,Female,2.0,618070.29,6.0,9.0
4268281,20.0,251.0,70.0,Female,2.0,79448.78,0.0,4.0
2667499,19.0,238.0,50.0,Female,2.0,129455.77,3.0,6.0
1532133,19.0,232.0,77.0,Male,2.0,115834.88,1.0,4.0
5655882,18.0,217.0,75.5,Male,2.0,33746.509999999995,6.0,9.0
8452111,17.0,210.0,36.5,Unknown,2.0,203129.31,6.0,9.0
4014435,4.0,58.0,43.5,Unknown,2.0,48615.99,3.0,6.0
4631740,7.0,84.0,74.5,Unknown,3.0,249519.68,6.0,9.0
5196791,6.0,79.0,31.5,Female,2.0,24944.77,0.0,3.0
7590220,4.0,59.0,48.5,Unknown,2.0,45462.11,5.0,8.0
9657503,16.0,192.0,54.0,Male,2.0,75405.23,5.0,8.0
9247475,14.0,168.0,57.0,Male,2.0,33273.13,2.0,5.0
8200571,15.0,180.0,59.0,Female,2.0,26822.86,3.0,6.0
693062,5.0,71.0,29.0,Unknown,2.0,31424.16,2.0,5.0
5165659,6.0,78.0,34.0,Unknown,2.0,31323.36,1.0,4.0
9870341,15.0,191.0,52.0,Unknown,2.0,29018.78,1.0,4.0
9737288,7.0,89.0,33.5,Male,2.0,50496.94,1.0,4.0
5559892,4.0,55.0,19.5,Unknown,2.0,58976.31,3.0,6.0
4412923,15.0,190.0,49.5,Female,2.0,66020.98,0.0,3.0
7867427,9.0,113.0,43.5,Female,2.0,496035.88,2.0,5.0
302202,5.0,60.0,60.0,Unknown,2.0,23803.95,1.0,4.0
7247228,14.0,170.0,59.5,Female,2.0,124613.42,5.0,8.0
6545237,27.0,326.0,58.0,Female,2.0,100023.6,1.0,4.0
5425605,14.0,173.0,48.0,Male,2.0,63812.54,2.0,5.0
2222172,17.0,215.0,60.5,Male,2.0,108151.99,0.0,3.0
3919298,6.0,82.0,67.5,Unknown,2.0,97522.69,1.0,4.0
7953995,21.0,263.0,22.5,Male,2.0,42649.59,4.0,7.0
3673713,5.0,66.0,42.0,Female,2.0,960255.58,2.0,5.0
9333117,27.0,330.0,80.0,Male,2.0,116453.8,4.0,7.0
8800357,10.0,128.0,43.0,Male,2.0,334672.3,6.0,9.0
1255355,18.0,222.0,55.0,Female,3.0,499638.5,6.0,9.0
609702,8.0,102.0,27.0,Unknown,4.0,76384.37,6.0,9.0
5065737,6.0,82.0,56.5,Unknown,3.0,62307.02,2.0,5.0
3640050,12.0,144.0,32.5,Male,3.0,462429.55,2.0,5.0
9204073,4.0,59.0,23.0,Unknown,2.0,25023.36,0.0,3.0
6465861,7.0,87.0,31.0,Male,3.0,88758.63,6.0,9.0
2354722,5.0,70.0,38.5,Unknown,2.0,33818.61,3.0,6.0
5042551,14.0,177.0,63.0,Male,3.0,207009.84000000003,5.0,8.0
9612533,16.0,192.0,51.0,Female,2.0,36191.71,0.0,3.0
6808282,14.0,176.0,36.0,Female,2.0,133155.9,0.0,3.0
9371388,24.0,288.0,67.5,Female,2.0,139215.91999999998,3.0,6.0
4945180,21.0,260.0,26.5,Male,3.0,27122.99,0.0,3.0
6271957,21.0,257.0,76.5,Female,2.0,693473.0,4.0,7.0
5531217,9.0,111.0,44.5,Male,2.0,72739.95999999999,1.0,4.0
7834887,7.0,94.0,32.5,Unknown,2.0,182624.58,4.0,7.0
4429356,15.0,189.0,59.5,Male,2.0,132354.38,2.0,5.0
8129324,3.0,37.0,40.0,Unknown,3.0,39267.48,5.0,8.0
8681644,16.0,193.0,38.0,Female,2.0,82802.6,0.0,3.0
584718,28.0,340.0,56.0,Female,2.0,26241.13,4.0,7.0
6381868,13.0,157.0,62.0,Female,2.0,149215.99,6.0,9.0
3561384,4.0,56.0,59.5,Unknown,2.0,63130.44,6.0,9.0
1408332,7.0,94.0,22.0,Unknown,3.0,64395.49,6.0,9.0
1978521,9.0,115.0,26.5,Male,2.0,34686.09,6.0,9.0
7694274,11.0,136.0,73.5,Male,2.0,172716.53999999998,0.0,3.0
3859765,16.0,195.0,78.5,Male,2.0,255754.51,6.0,9.0
472271,29.0,355.0,56.0,Male,2.0,246418.16,6.0,9.0
614896,6.0,77.0,32.5,Unknown,2.0,43975.8,3.0,6.0
823482,14.0,172.0,55.5,Female,2.0,215814.6,2.0,5.0
9947843,13.0,156.0,62.5,Male,2.0,28168.09,1.0,4.0
5130256,12.0,154.0,64.5,Male,2.0,41808.96,3.0,6.0
4101033,6.0,74.0,30.5,Female,3.0,32837.59,2.0,5.0
6124319,13.0,158.0,58.5,Female,2.0,36072.6,0.0,3.0
9878337,12.0,154.0,35.5,Female,2.0,110088.63,6.0,9.0
8415327,7.0,95.0,30.0,Unknown,2.0,36692.06,2.0,5.0
8180028,10.0,128.0,29.5,Female,2.0,34040.73,4.0,7.0
6586925,12.0,155.0,69.5,Male,2.0,48866.3,2.0,5.0
7528589,13.0,156.0,38.5,Female,2.0,56554.53999999999,6.0,9.0
1299036,7.0,90.0,50.5,Unknown,2.0,25759.66,2.0,5.0
7249861,5.0,60.0,24.5,Unknown,3.0,87821.51999999999,5.0,8.0
607970,6.0,82.0,22.0,Unknown,2.0,26514.96,0.0,3.0
7594828,12.0,144.0,45.0,Unknown,2.0,137410.33000000002,3.0,6.0
8543419,8.0,96.0,53.5,Unknown,2.0,50896.0,6.0,9.0
5927616,10.0,127.0,31.0,Unknown,2.0,34276.05,0.0,3.0
3009769,25.0,301.0,41.5,Female,2.0,28552.26,1.0,4.0
7223227,24.0,291.0,42.5,Female,3.0,706916.86,4.0,7.0
4198518,24.0,288.0,65.5,Female,3.0,388692.25,6.0,9.0
3762736,23.0,283.0,68.5,Male,2.0,136517.0,5.0,9.0
8519145,22.0,264.0,58.0,Male,3.0,77150.44,1.0,4.0
1719944,21.0,260.0,45.0,Female,2.0,70486.67,5.0,8.0
69591,21.0,255.0,28.0,Female,2.0,64944.76,3.0,6.0
9461443,21.0,254.0,58.0,Male,2.0,157142.88,6.0,9.0
4230817,20.0,248.0,72.0,Female,2.0,114953.26,3.0,6.0
6319777,20.0,246.0,46.5,Male,3.0,69215.37,0.0,3.0
6760966,20.0,240.0,52.5,Female,3.0,91603.01,4.0,7.0
7619625,18.0,226.0,55.5,Male,2.0,38091.78,1.0,4.0
3389794,12.0,151.0,72.0,Female,2.0,38249.93,2.0,5.0
2182806,13.0,156.0,28.0,Male,2.0,28130.15,4.0,7.0
3374146,16.0,193.0,51.5,Male,2.0,35372.58,0.0,3.0
4184921,6.0,72.0,53.5,Unknown,2.0,170764.31,6.0,9.0
2547961,6.0,79.0,31.5,Unknown,2.0,83532.19,6.0,9.0
3352429,6.0,83.0,19.5,Unknown,2.0,48519.28999999999,0.0,3.0
9560201,7.0,92.0,25.0,Unknown,2.0,61353.26,4.0,7.0
4230237,15.0,185.0,85.5,Female,3.0,1600244.27,6.0,9.0
9287131,13.0,156.0,62.5,Female,3.0,54042.75,6.0,9.0
1304890,14.0,168.0,60.5,Male,2.0,24848.79,5.0,8.0
8786777,12.0,149.0,29.0,Male,4.0,199792.02,6.0,9.0
966927,12.0,154.0,50.5,Female,4.0,116193.61,0.0,3.0
2941981,15.0,188.0,51.5,Male,2.0,55397.23,4.0,7.0
4328457,5.0,70.0,51.5,Unknown,2.0,35090.72,3.0,6.0
9600075,5.0,69.0,54.5,Unknown,2.0,56518.27,6.0,9.0
9156622,5.0,69.0,34.0,Unknown,2.0,29387.41,1.0,4.0
6688176,20.0,248.0,57.0,Male,2.0,158984.25,2.0,5.0
2340487,4.0,59.0,31.0,Unknown,2.0,30718.2,1.0,4.0
6890062,14.0,169.0,65.5,Female,2.0,100345.06,1.0,4.0
9660484,13.0,162.0,92.5,Female,2.0,32749.89,3.0,6.0
2577696,4.0,58.0,54.0,Unknown,2.0,29486.04,6.0,9.0
2244759,13.0,156.0,53.0,Female,3.0,212123.24,3.0,6.0
5502279,15.0,191.0,47.5,Male,3.0,65966.58,2.0,5.0
94510,9.0,109.0,45.0,Male,3.0,76675.48,6.0,9.0
7341362,6.0,74.0,33.0,Unknown,2.0,30798.86,5.0,8.0
9051794,14.0,179.0,39.0,Female,2.0,103958.13,1.0,4.0
9847077,6.0,74.0,22.0,Unknown,2.0,39543.8,1.0,4.0
5754907,17.0,208.0,59.0,Male,2.0,89992.95,6.0,9.0
1574008,10.0,121.0,55.0,Unknown,2.0,153238.83000000002,3.0,6.0
6805096,8.0,97.0,51.0,Unknown,2.0,254002.44,4.0,7.0
379137,5.0,65.0,25.5,Unknown,3.0,56382.92999999999,6.0,9.0
231804,14.0,176.0,21.0,Female,2.0,29319.39,0.0,3.0
8841068,4.0,57.0,28.0,Unknown,2.0,32986.56,6.0,9.0
1742239,12.0,153.0,65.0,Male,2.0,109807.36,2.0,5.0
6374678,9.0,108.0,46.5,Female,2.0,57405.05,5.0,8.0
6535430,31.0,379.0,77.5,Male,3.0,351292.26,3.0,6.0
8063374,8.0,106.0,34.0,Female,2.0,55409.52,0.0,3.0
6318002,6.0,83.0,58.5,Unknown,2.0,64414.17,2.0,5.0
2661758,6.0,76.0,28.0,Unknown,2.0,60249.7,6.0,9.0
8495015,5.0,68.0,80.5,Unknown,2.0,143748.65,4.0,7.0
5391356,4.0,59.0,33.0,Unknown,2.0,31251.49,2.0,5.0
24841,14.0,178.0,70.5,Male,2.0,122013.3,6.0,9.0
585691,10.0,126.0,38.5,Male,2.0,36254.33,6.0,9.0
3592062,10.0,130.0,34.0,Male,2.0,107814.77,0.0,3.0
7723861,4.0,58.0,24.0,Unknown,2.0,43101.98,3.0,6.0
7015427,32.0,394.0,54.5,Male,3.0,129394.64,4.0,7.0
8860154,7.0,88.0,26.0,Unknown,2.0,36200.28,0.0,3.0
919081,12.0,146.0,28.5,Male,2.0,90195.38,6.0,9.0
3065153,5.0,66.0,28.5,Unknown,3.0,193914.37,3.0,6.0
5075546,19.0,229.0,59.5,Female,2.0,25278.54,3.0,6.0
3987522,18.0,220.0,57.0,Female,3.0,652850.12,3.0,7.0
2070572,17.0,208.0,40.5,Male,3.0,202861.81,6.0,9.0
5512076,17.0,205.0,47.5,Male,3.0,112004.03,5.0,8.0
4537923,4.0,59.0,43.5,Unknown,2.0,23790.62,6.0,9.0
9055013,21.0,253.0,52.5,Male,2.0,133470.57,6.0,9.0
6444119,9.0,119.0,58.0,Female,2.0,174568.19,6.0,9.0
5249171,7.0,89.0,28.5,Unknown,2.0,32398.79,5.0,8.0
4434894,8.0,106.0,25.5,Female,3.0,65571.86,6.0,9.0
975989,6.0,72.0,32.0,Unknown,3.0,64848.13,3.0,6.0
1833898,15.0,186.0,56.5,Female,2.0,69929.98,5.0,8.0
3032996,6.0,73.0,28.5,Unknown,2.0,68718.72,5.0,8.0
1333273,7.0,95.0,56.5,Male,2.0,28805.59,2.0,5.0
5210738,28.0,341.0,61.5,Male,2.0,126292.86,2.0,5.0
1243066,11.0,137.0,33.0,Female,2.0,25810.08,0.0,3.0
2034717,16.0,192.0,32.5,Female,2.0,35555.14,5.0,8.0
3497667,11.0,143.0,45.0,Female,2.0,30627.96,6.0,9.0
2207976,15.0,189.0,72.5,Male,2.0,313461.79,5.0,8.0
1940048,14.0,170.0,56.0,Male,2.0,124601.81,6.0,9.0
6055231,16.0,193.0,65.5,Male,2.0,78976.18,3.0,6.0
1784856,3.0,42.0,65.0,Unknown,2.0,27843.08,4.0,7.0
7768954,14.0,174.0,72.5,Male,2.0,137310.8,2.0,5.0
2566678,5.0,62.0,35.0,Female,2.0,35774.17,2.0,5.0
5926831,5.0,60.0,38.5,Unknown,3.0,1606996.72,1.0,4.0
6868337,11.0,133.0,24.5,Female,2.0,46846.38,6.0,9.0
3081541,15.0,181.0,61.5,Male,3.0,1195607.79,4.0,7.0
8824101,6.0,73.0,42.0,Unknown,3.0,110348.36,6.0,9.0
3139038,5.0,64.0,47.5,Unknown,2.0,30383.77,0.0,3.0
2301262,13.0,162.0,36.0,Male,2.0,153942.12,3.0,6.0
7581825,6.0,83.0,36.0,Unknown,2.0,32426.23,3.0,6.0
6796441,23.0,277.0,29.5,Female,3.0,65135.9,2.0,7.0
2521426,7.0,95.0,68.0,Unknown,2.0,96142.52,5.0,8.0
2937724,10.0,130.0,40.5,Male,2.0,76404.78,0.0,3.0
2616515,4.0,51.0,46.0,Female,3.0,29956.51,3.0,6.0
7170304,7.0,89.0,35.5,Unknown,2.0,28672.83,3.0,6.0
5266149,13.0,156.0,56.5,Female,2.0,159326.26,0.0,3.0
2224332,6.0,74.0,25.0,Unknown,2.0,39170.09,1.0,4.0
203797,6.0,76.0,57.0,Female,2.0,83837.45,4.0,7.0
3035523,5.0,71.0,63.0,Unknown,3.0,33119.16,0.0,3.0
4881458,4.0,58.0,31.0,Unknown,3.0,92898.58,6.0,9.0
9869254,4.0,58.0,26.5,Female,2.0,26341.24,3.0,6.0
1187978,8.0,99.0,24.5,Unknown,3.0,52960.84,0.0,3.0
7348558,14.0,172.0,52.5,Female,2.0,28611.09,0.0,3.0
4486410,4.0,59.0,44.5,Unknown,2.0,36552.72,0.0,3.0
4932638,4.0,57.0,25.5,Unknown,2.0,46053.72,2.0,5.0
7809099,6.0,82.0,31.5,Unknown,2.0,37902.98,5.0,8.0
5085825,23.0,284.0,61.5,Unknown,4.0,106331.39,3.0,6.0
5645092,21.0,260.0,42.5,Female,2.0,51117.46,4.0,7.0
9391627,20.0,250.0,58.5,Male,3.0,1183002.09,5.0,8.0
3669611,20.0,243.0,62.5,Female,3.0,84429.1,3.0,6.0
2476053,18.0,225.0,46.0,Male,3.0,846641.89,6.0,9.0
7458984,4.0,57.0,88.5,Unknown,2.0,261127.38,1.0,4.0
2578113,16.0,194.0,67.5,Female,2.0,178372.94,6.0,9.0
7833990,5.0,61.0,49.0,Unknown,2.0,25867.59,5.0,8.0
4646536,13.0,159.0,30.5,Female,2.0,147230.53999999998,6.0,9.0
5458119,11.0,140.0,65.5,Female,2.0,223599.77,4.0,7.0
7855274,4.0,58.0,30.0,Unknown,3.0,103069.39,2.0,5.0
9879608,5.0,67.0,52.0,Male,2.0,485957.82,5.0,8.0
9378106,14.0,168.0,57.0,Female,3.0,89104.79999999999,1.0,4.0
3729673,16.0,194.0,36.5,Male,3.0,127457.4,6.0,9.0
8182204,12.0,146.0,50.5,Male,2.0,48664.74,0.0,3.0
7912110,9.0,112.0,31.0,Female,2.0,66818.57,0.0,3.0
4094463,9.0,118.0,29.5,Male,2.0,34345.19,0.0,4.0
6765925,16.0,192.0,36.5,Male,4.0,138661.43,6.0,9.0
1344243,24.0,297.0,64.5,Male,3.0,165668.21000000002,6.0,9.0
9264924,12.0,155.0,67.5,Unknown,2.0,185568.72,3.0,6.0
753017,7.0,94.0,53.5,Unknown,2.0,33520.42,0.0,3.0
3648879,12.0,146.0,38.0,Female,2.0,123416.93,2.0,5.0
1836285,9.0,115.0,34.0,Female,2.0,50561.03,0.0,3.0
6813206,7.0,94.0,39.5,Male,2.0,64145.43,6.0,9.0
3352167,6.0,81.0,26.5,Unknown,2.0,68674.43,1.0,4.0
5324820,4.0,58.0,56.5,Unknown,2.0,31552.57,3.0,6.0
1419301,3.0,47.0,32.5,Unknown,2.0,279595.14,2.0,5.0
1516441,4.0,58.0,52.0,Unknown,2.0,28771.16,5.0,8.0
1204030,6.0,76.0,62.0,Unknown,2.0,33201.24,1.0,4.0
7676685,5.0,67.0,55.5,Unknown,2.0,38884.88,1.0,4.0
5639692,11.0,142.0,51.0,Male,2.0,46994.58,0.0,3.0
9725922,6.0,74.0,35.0,Male,3.0,75832.26999999999,6.0,9.0
3401354,11.0,135.0,30.0,Male,2.0,43528.6,2.0,5.0
7217773,6.0,73.0,24.0,Unknown,2.0,60195.9,2.0,5.0
3674355,33.0,401.0,54.5,Male,3.0,66038.72,3.0,6.0
2122187,5.0,62.0,67.0,Unknown,2.0,101945.33,2.0,5.0
2126773,11.0,134.0,53.0,Male,2.0,26536.3,0.0,3.0
7829080,9.0,118.0,54.0,Female,2.0,75346.57,6.0,9.0
4498280,22.0,274.0,68.0,Female,3.0,204197.81,5.0,8.0
4035739,17.0,214.0,75.0,Female,2.0,72852.87,2.0,5.0
5901964,16.0,203.0,68.0,Female,2.0,116751.59,4.0,7.0
5723200,16.0,193.0,46.0,Female,2.0,135190.18,1.0,4.0
3758849,6.0,83.0,23.0,Unknown,2.0,58464.56,3.0,6.0
9263294,4.0,58.0,22.0,Unknown,3.0,33645.16,3.0,6.0
5457150,7.0,90.0,22.5,Male,2.0,53144.52,6.0,9.0
1255014,6.0,73.0,26.5,Unknown,2.0,31451.1,6.0,9.0
7457586,8.0,100.0,89.0,Unknown,2.0,37572.19,0.0,3.0
2015180,20.0,248.0,71.5,Female,2.0,34552.99,0.0,3.0
9552062,35.0,421.0,65.5,Female,2.0,160111.84000000003,4.0,7.0
6296897,13.0,157.0,82.0,Male,2.0,242218.16,0.0,3.0
6110307,14.0,179.0,46.5,Female,2.0,32412.13,6.0,9.0
4415445,5.0,69.0,41.5,Unknown,2.0,46426.02,6.0,9.0
3539134,11.0,135.0,35.0,Male,2.0,26452.18,2.0,5.0
4656524,15.0,188.0,34.5,Female,2.0,35262.31,2.0,5.0
5115884,12.0,154.0,32.0,Male,2.0,42179.14,0.0,3.0
6352379,4.0,58.0,41.5,Male,2.0,33633.88,0.0,3.0
9650145,12.0,155.0,62.5,Male,2.0,58690.48,1.0,4.0
5856243,12.0,154.0,30.5,Female,2.0,79947.57,1.0,4.0
6338549,12.0,151.0,27.0,Male,3.0,104658.66,5.0,8.0
2562899,13.0,159.0,64.0,Female,2.0,168454.59999999998,5.0,8.0
8629169,11.0,137.0,42.5,Male,2.0,498794.73,2.0,5.0
5084415,13.0,161.0,61.5,Male,2.0,73946.1,6.0,9.0
460755,8.0,96.0,57.5,Unknown,2.0,67225.54999999999,6.0,9.0
8156996,15.0,188.0,71.0,Female,2.0,40163.15,1.0,4.0
7881075,6.0,80.0,49.5,Unknown,2.0,32268.09,0.0,3.0
8338945,14.0,178.0,48.0,Female,2.0,100673.87,2.0,5.0
649821,6.0,72.0,55.0,Unknown,2.0,63070.82,2.0,5.0
2508453,15.0,190.0,66.5,Male,2.0,34027.0,3.0,6.0
1425817,15.0,188.0,61.5,Female,2.0,43628.32,5.0,9.0
3248763,15.0,191.0,62.0,Female,2.0,53512.53999999999,1.0,4.0
9763368,4.0,59.0,56.5,Unknown,2.0,46043.53999999999,6.0,9.0
5780442,6.0,83.0,23.5,Unknown,2.0,43453.39,3.0,6.0
3973908,5.0,70.0,24.5,Unknown,3.0,93556.21,6.0,9.0
4255008,4.0,57.0,40.5,Unknown,2.0,169926.2,2.0,5.0
758728,28.0,337.0,61.5,Male,3.0,255064.69,6.0,9.0
8400632,7.0,88.0,29.0,Unknown,2.0,55585.96,6.0,9.0
9624543,5.0,65.0,25.5,Unknown,2.0,42615.13,3.0,6.0
5157179,15.0,186.0,51.5,Male,2.0,30362.89,4.0,7.0
4630710,11.0,139.0,25.0,Female,3.0,77822.01999999999,3.0,6.0
336265,15.0,186.0,55.5,Female,2.0,348575.71,1.0,4.0
7485024,4.0,54.0,29.0,Unknown,2.0,39152.61,2.0,5.0
6879875,15.0,180.0,80.0,Female,2.0,107518.52,5.0,8.0
6816772,12.0,155.0,65.5,Female,2.0,152370.22999999998,0.0,3.0
1506138,7.0,86.0,28.0,Unknown,2.0,77884.94,1.0,4.0
251242,8.0,105.0,74.0,Male,2.0,62540.82,2.0,7.0
9228974,4.0,57.0,36.5,Unknown,2.0,51243.64,0.0,3.0
2084279,7.0,91.0,48.5,Male,3.0,362286.17,2.0,5.0
3281409,5.0,60.0,41.5,Unknown,2.0,221242.75,0.0,3.0
5666881,16.0,192.0,48.0,Female,2.0,331186.82,6.0,9.0
6962372,15.0,190.0,56.5,Male,3.0,73052.78,5.0,8.0
737256,4.0,59.0,59.5,Unknown,2.0,47393.13,2.0,5.0
6286096,8.0,107.0,63.5,Male,2.0,355849.35,6.0,9.0
3561382,16.0,200.0,74.5,Male,3.0,81187.98,2.0,5.0
5796007,4.0,59.0,67.5,Unknown,2.0,187420.94,4.0,7.0
2595098,25.0,301.0,45.5,Male,4.0,467024.48,5.0,8.0
7516764,23.0,277.0,55.5,Unknown,2.0,28809.4,4.0,7.0
292788,21.0,259.0,74.5,Male,2.0,57677.16,0.0,3.0
8322873,18.0,227.0,68.5,Female,2.0,49669.23,3.0,6.0
5103975,18.0,220.0,34.5,Male,3.0,1512036.5499999998,6.0,9.0
3792840,16.0,200.0,70.5,Male,3.0,859379.11,5.0,8.0
4060286,15.0,191.0,41.0,Male,2.0,218358.23,5.0,8.0
4270083,6.0,80.0,42.0,Male,3.0,54742.65,3.0,7.0
3225528,7.0,85.0,24.0,Unknown,2.0,41764.08,0.0,3.0
2813430,11.0,135.0,53.5,Female,3.0,38906.97,0.0,3.0
2577121,4.0,57.0,25.0,Female,2.0,24827.94,6.0,9.0
9138551,13.0,160.0,32.0,Unknown,2.0,37483.81,3.0,6.0
6522991,5.0,70.0,44.0,Unknown,3.0,69408.98,2.0,5.0
182591,19.0,239.0,73.0,Female,2.0,254297.34000000003,6.0,9.0
7657713,32.0,392.0,65.0,Female,4.0,293431.97,6.0,9.0
3424180,9.0,109.0,61.0,Male,2.0,67261.53,4.0,7.0
1429772,7.0,85.0,52.0,Unknown,2.0,353761.29,2.0,5.0
5502002,34.0,419.0,56.0,Female,2.0,28228.69,3.0,6.0
8978625,6.0,72.0,23.0,Unknown,2.0,31717.48,4.0,7.0
1764983,6.0,82.0,56.0,Unknown,2.0,69720.95999999999,1.0,4.0
4476742,6.0,82.0,47.0,Unknown,2.0,65989.39,0.0,3.0
6371570,6.0,77.0,55.5,Unknown,2.0,64373.33,1.0,4.0
6862744,6.0,77.0,22.5,Unknown,2.0,35062.24,2.0,5.0
4022403,5.0,63.0,18.5,Unknown,2.0,30372.58,2.0,5.0
8711224,8.0,104.0,50.5,Female,2.0,132827.45,2.0,5.0
642168,11.0,142.0,32.0,Male,2.0,142083.72999999998,3.0,6.0
9726273,8.0,98.0,34.5,Unknown,2.0,113957.57,6.0,9.0
471520,9.0,114.0,51.5,Female,3.0,476505.34,6.0,9.0
3711153,7.0,92.0,62.0,Unknown,2.0,49479.03,3.0,6.0
3445529,16.0,192.0,75.0,Female,2.0,106685.76,6.0,9.0
3618409,16.0,195.0,56.5,Female,2.0,208632.91,5.0,8.0
9460935,11.0,142.0,65.0,Female,2.0,33924.649999999994,0.0,3.0
4850062,26.0,316.0,66.0,Female,3.0,77223.89,6.0,9.0
3230369,10.0,121.0,64.5,Male,2.0,170228.66999999998,6.0,9.0
1120647,6.0,72.0,35.5,Unknown,2.0,110157.97,2.0,5.0
1044633,4.0,58.0,19.5,Unknown,2.0,33784.04,5.0,8.0
7480080,6.0,82.0,25.0,Unknown,2.0,40976.98,3.0,6.0
760532,4.0,59.0,29.0,Unknown,2.0,145481.09999999998,4.0,7.0
9698005,5.0,61.0,30.5,Male,2.0,57899.04,6.0,9.0
4589447,7.0,94.0,26.0,Unknown,2.0,58152.45,1.0,4.0
5903086,9.0,109.0,41.0,Male,2.0,30269.6,3.0,6.0
5440423,6.0,78.0,51.5,Unknown,2.0,110325.76,6.0,9.0
8157020,13.0,161.0,37.0,Female,2.0,38351.38,5.0,8.0
596962,6.0,76.0,30.0,Unknown,3.0,100354.61,6.0,9.0
1124900,11.0,137.0,27.5,Female,2.0,28281.56,2.0,5.0
263217,12.0,145.0,66.5,Female,2.0,39916.42,1.0,4.0
9412007,5.0,66.0,36.0,Male,2.0,231130.8,6.0,9.0
582438,6.0,74.0,27.5,Female,2.0,59258.92,4.0,7.0
7564700,26.0,318.0,50.0,Female,2.0,47105.48,6.0,9.0
358456,10.0,120.0,28.5,Male,2.0,33291.009999999995,1.0,4.0
9402013,5.0,71.0,33.5,Unknown,2.0,28330.57,1.0,4.0
6819768,15.0,188.0,66.0,Female,3.0,44160.31,2.0,5.0
8356387,7.0,84.0,54.0,Unknown,2.0,97925.67,6.0,9.0
873471,6.0,82.0,38.5,Unknown,2.0,26105.05,0.0,3.0
1214668,23.0,282.0,38.0,Female,2.0,109954.58,6.0,9.0
6435836,21.0,260.0,49.0,Female,2.0,70054.54999999999,2.0,5.0
5886350,20.0,251.0,58.5,Female,2.0,187720.47,0.0,3.0
9283525,26.0,323.0,70.5,Female,2.0,428926.64,6.0,9.0
2004994,17.0,214.0,65.5,Male,3.0,617352.42,1.0,4.0
8526713,17.0,208.0,34.5,Male,3.0,749281.7100000001,6.0,9.0
4076848,14.0,178.0,70.0,Male,2.0,1144506.91,5.0,9.0
2833457,10.0,123.0,58.0,Female,2.0,33776.58,3.0,6.0
1396504,16.0,202.0,45.0,Male,2.0,174355.22999999998,0.0,3.0
9304100,11.0,142.0,55.0,Male,2.0,85322.86,0.0,3.0
5992018,10.0,129.0,63.5,Male,2.0,60578.46,6.0,9.0
528600,12.0,147.0,57.5,Female,3.0,174459.39,4.0,7.0
2418795,7.0,84.0,31.5,Unknown,4.0,266122.71,4.0,8.0
4937291,5.0,69.0,29.0,Unknown,2.0,38273.33,3.0,6.0
3945400,17.0,205.0,45.5,Unknown,3.0,100713.72,0.0,3.0
828337,6.0,82.0,20.5,Unknown,2.0,27640.39,1.0,4.0
2496739,8.0,96.0,32.0,Unknown,2.0,50023.87,6.0,9.0
1494258,5.0,71.0,49.5,Unknown,2.0,103931.44,3.0,6.0
4148488,28.0,342.0,84.0,Female,2.0,47620.26,1.0,4.0
6581548,5.0,69.0,31.0,Unknown,2.0,31094.61,4.0,7.0
8047385,5.0,70.0,19.5,Unknown,2.0,30779.65,0.0,3.0
370659,13.0,157.0,36.0,Female,2.0,468917.21,6.0,9.0
363128,13.0,165.0,27.5,Male,2.0,130740.53,1.0,4.0
4149810,11.0,142.0,31.0,Male,3.0,97730.38,3.0,6.0
5770986,16.0,198.0,72.5,Male,2.0,37140.89,3.0,6.0
2612792,6.0,75.0,60.5,Unknown,2.0,66936.1,3.0,6.0
7134509,15.0,183.0,54.5,Male,2.0,147438.28999999998,3.0,6.0
5951929,12.0,148.0,63.5,Male,2.0,31228.26,3.0,6.0
7574307,7.0,95.0,67.5,Unknown,2.0,75140.4,6.0,9.0
463023,4.0,58.0,54.5,Unknown,4.0,125169.04,6.0,9.0
611342,11.0,139.0,26.5,Female,2.0,56794.31,6.0,9.0
1879289,7.0,89.0,67.0,Unknown,2.0,79544.59,3.0,6.0
4044316,10.0,122.0,32.5,Female,2.0,26206.1,2.0,5.0
9114855,15.0,190.0,45.5,Male,5.0,908822.67,6.0,9.0
4455559,15.0,191.0,69.5,Female,2.0,49851.05,2.0,5.0
6632616,7.0,85.0,32.5,Unknown,2.0,29529.16,4.0,7.0
8378787,9.0,109.0,38.5,Male,2.0,44320.73,1.0,4.0
4315041,7.0,94.0,44.0,Unknown,2.0,62026.16,0.0,3.0
547645,11.0,135.0,59.0,Female,2.0,68480.18,0.0,3.0
9282350,10.0,127.0,47.0,Unknown,2.0,133829.21,2.0,5.0
1709227,15.0,191.0,57.0,Male,2.0,89554.66,0.0,3.0
938741,8.0,97.0,32.5,Unknown,3.0,99882.24,6.0,9.0
8241961,24.0,296.0,30.0,Male,2.0,32887.97,2.0,5.0
7624052,24.0,288.0,46.0,Unknown,2.0,29245.22,0.0,3.0
2512392,21.0,263.0,64.0,Female,2.0,36298.02,0.0,3.0
6423817,21.0,263.0,61.5,Female,2.0,37859.2,0.0,3.0
2272416,28.0,346.0,72.0,Male,2.0,228994.62,0.0,3.0
786785,19.0,238.0,67.0,Male,2.0,89460.68,6.0,9.0
8964166,9.0,113.0,57.0,Male,2.0,33541.17,3.0,6.0
2444673,15.0,189.0,66.5,Female,3.0,136321.08000000002,3.0,7.0
1436429,15.0,189.0,41.0,Male,2.0,50832.85,6.0,9.0
9155946,15.0,189.0,56.5,Female,2.0,214065.5,1.0,4.0
6488366,4.0,57.0,61.5,Unknown,2.0,156006.84000000003,1.0,4.0
3981470,11.0,142.0,34.0,Male,3.0,207570.35,6.0,9.0
3962861,5.0,65.0,32.0,Unknown,2.0,31386.03,6.0,9.0
1973917,8.0,106.0,32.5,Male,3.0,117456.33,6.0,9.0
9440519,12.0,154.0,38.0,Unknown,2.0,86871.79000000001,6.0,9.0
9694908,8.0,105.0,50.0,Female,2.0,256362.6,0.0,3.0
8975108,4.0,58.0,36.0,Unknown,2.0,40534.78,0.0,3.0
4809061,5.0,60.0,36.0,Unknown,3.0,92782.88,6.0,9.0
4100506,5.0,70.0,26.0,Unknown,2.0,50076.88,6.0,9.0
9775178,10.0,123.0,38.0,Female,2.0,30156.4,3.0,6.0
3719801,5.0,68.0,59.5,Unknown,2.0,85553.26,5.0,8.0
6328295,15.0,190.0,54.5,Female,2.0,398093.56,6.0,9.0
1748002,36.0,442.0,67.0,Male,2.0,342750.56,2.0,5.0
622947,6.0,80.0,70.5,Unknown,2.0,210352.89,2.0,5.0
6180069,5.0,62.0,27.0,Unknown,2.0,25780.04,0.0,3.0
11054,4.0,56.0,60.0,Male,2.0,208185.54,2.0,5.0
1871853,4.0,56.0,64.5,Male,2.0,74262.36,3.0,6.0
272924,14.0,168.0,36.0,Male,2.0,75147.58,1.0,4.0
8609961,9.0,117.0,68.0,Female,2.0,81335.08,0.0,3.0
5177112,10.0,131.0,42.5,Male,2.0,30133.96,2.0,5.0
8806276,5.0,70.0,24.0,Unknown,2.0,49926.88,6.0,9.0
1189860,5.0,70.0,18.5,Unknown,3.0,36929.3,3.0,6.0
5884804,8.0,96.0,33.5,Unknown,2.0,33537.34,6.0,9.0
6611712,6.0,83.0,27.5,Unknown,2.0,79990.6,3.0,6.0
1053029,26.0,320.0,66.5,Male,2.0,357105.86,6.0,9.0
7294633,17.0,211.0,59.5,Male,2.0,65697.0,6.0,9.0
507892,9.0,119.0,30.0,Female,2.0,57179.02,1.0,4.0
9965335,13.0,161.0,52.5,Male,2.0,45784.87,1.0,4.0
2221441,13.0,159.0,50.0,Male,2.0,265233.32,6.0,9.0
1149337,5.0,66.0,21.0,Unknown,2.0,27969.69,1.0,4.0
2858665,9.0,117.0,27.5,Female,2.0,319685.11,6.0,9.0
4210011,4.0,58.0,39.5,Unknown,2.0,187815.8,6.0,9.0
3005754,6.0,75.0,36.0,Unknown,2.0,28619.15,1.0,4.0
7727832,5.0,70.0,59.0,Unknown,2.0,55468.85,0.0,3.0
56923,23.0,284.0,40.5,Female,3.0,142006.44,4.0,7.0
1982424,22.0,271.0,19.0,Male,2.0,25341.04,1.0,4.0
9684706,22.0,267.0,56.0,Male,2.0,35962.38,4.0,7.0
3931211,22.0,265.0,59.0,Female,2.0,197584.2,1.0,4.0
3440791,21.0,253.0,34.5,Male,2.0,85030.42,6.0,9.0
8538953,20.0,250.0,37.5,Male,5.0,212567.96,6.0,9.0
758089,15.0,190.0,71.0,Male,2.0,25129.38,1.0,4.0
5356212,12.0,153.0,59.5,Male,3.0,110714.62,2.0,5.0
1196788,6.0,75.0,23.5,Unknown,2.0,30307.04,1.0,4.0
7363198,6.0,75.0,28.0,Unknown,2.0,46877.1,6.0,9.0
7714524,13.0,161.0,49.0,Female,2.0,56032.77,4.0,8.0
3288356,5.0,62.0,45.5,Male,2.0,28311.95,0.0,3.0
438770,5.0,70.0,67.0,Unknown,2.0,98846.46,3.0,6.0
8457457,16.0,192.0,48.5,Male,2.0,30404.08,6.0,9.0
8988721,14.0,178.0,33.0,Female,2.0,68668.39,0.0,3.0
2934006,15.0,188.0,35.5,Male,2.0,33684.21,0.0,3.0
89257,7.0,90.0,49.0,Unknown,2.0,30011.88,0.0,3.0
2718542,6.0,74.0,36.0,Unknown,2.0,31643.56,1.0,4.0
1890095,30.0,371.0,50.0,Male,3.0,281520.72,4.0,7.0
3622425,11.0,140.0,32.0,Female,2.0,38955.86,2.0,5.0
7462350,15.0,190.0,65.0,Female,2.0,32528.86,0.0,3.0
4491397,9.0,111.0,68.5,Male,2.0,79956.36,2.0,5.0
5315667,24.0,294.0,19.5,Female,2.0,29558.45,2.0,5.0
1125601,6.0,79.0,67.5,Unknown,2.0,63604.79,5.0,8.0
8212875,11.0,136.0,35.5,Male,3.0,36994.33,4.0,7.0
9361103,5.0,70.0,47.5,Female,2.0,42664.22,1.0,4.0
6986643,10.0,122.0,33.5,Male,3.0,77557.56,4.0,7.0
1931127,12.0,145.0,25.5,Female,2.0,54474.62,2.0,5.0
7238205,7.0,87.0,72.5,Unknown,2.0,126882.52,0.0,4.0
1398572,12.0,146.0,33.5,Male,2.0,91006.36,5.0,8.0
1873084,8.0,98.0,56.0,Unknown,3.0,67532.22,2.0,5.0
7287833,8.0,106.0,37.0,Male,2.0,95777.1,2.0,5.0
25043,25.0,310.0,59.5,Female,2.0,101511.78,6.0,9.0
7877379,8.0,106.0,58.5,Female,3.0,554853.6000000001,6.0,9.0
4222205,12.0,152.0,48.0,Female,2.0,42818.57,5.0,8.0
5896233,4.0,58.0,37.5,Unknown,2.0,95439.03,4.0,7.0
8755478,13.0,159.0,26.5,Female,2.0,26092.91,0.0,4.0
1410166,7.0,95.0,59.5,Unknown,2.0,263955.83,6.0,9.0
8902463,15.0,189.0,69.0,Male,2.0,42828.09,1.0,4.0
3646268,13.0,157.0,60.5,Male,3.0,37190.35,5.0,8.0
5463581,8.0,106.0,44.0,Unknown,2.0,29131.48,1.0,4.0
582696,7.0,92.0,55.5,Male,2.0,198449.95,5.0,8.0
7779213,10.0,128.0,67.5,Male,2.0,87171.33,2.0,5.0
192518,23.0,280.0,48.5,Male,2.0,24024.42,0.0,3.0
5361922,22.0,268.0,46.0,Female,2.0,141619.03999999998,0.0,3.0
7895117,21.0,261.0,54.0,Male,2.0,26926.92,0.0,3.0
813507,21.0,255.0,60.5,Female,2.0,305955.46,2.0,5.0
5994023,21.0,253.0,47.0,Female,3.0,43092.85,1.0,4.0
5577085,21.0,252.0,60.0,Female,2.0,35917.619999999995,2.0,5.0
4513475,18.0,222.0,53.0,Male,2.0,344300.8,1.0,4.0
8311234,17.0,206.0,38.0,Female,5.0,161325.75,6.0,9.0
6998825,7.0,90.0,39.5,Unknown,2.0,31103.52,2.0,5.0
9096386,7.0,87.0,48.0,Unknown,2.0,39000.38,0.0,3.0
9405545,11.0,132.0,77.0,Female,2.0,89031.08,6.0,9.0
5446840,20.0,250.0,34.0,Female,2.0,31263.64,0.0,3.0
2091122,5.0,60.0,33.5,Unknown,2.0,30915.95,6.0,9.0
2856801,15.0,183.0,33.0,Male,2.0,115738.55,6.0,9.0
5936703,5.0,65.0,56.5,Unknown,3.0,145683.89,4.0,7.0
8619224,16.0,197.0,36.0,Male,2.0,68320.47,3.0,6.0
7573293,30.0,370.0,73.0,Female,3.0,194942.94,2.0,5.0
3662957,16.0,196.0,46.5,Female,3.0,393388.32,2.0,5.0
6716032,4.0,58.0,27.5,Unknown,2.0,37085.94,3.0,6.0
3472561,5.0,71.0,22.5,Unknown,2.0,56281.28,5.0,8.0
5942983,8.0,99.0,20.5,Unknown,2.0,30909.51,0.0,3.0
5055614,23.0,277.0,83.0,Unknown,2.0,82679.35,1.0,5.0
9141021,5.0,65.0,29.5,Unknown,2.0,47748.34,6.0,9.0
1385851,5.0,68.0,19.0,Unknown,2.0,34925.59,2.0,5.0
654835,24.0,292.0,28.0,Female,4.0,745999.03,6.0,9.0
2514257,7.0,84.0,57.0,Unknown,2.0,86814.44,1.0,4.0
53169,11.0,141.0,44.0,Female,2.0,91918.0,6.0,9.0
9364089,13.0,167.0,66.5,Female,2.0,28857.06,1.0,4.0
757338,5.0,71.0,23.0,Unknown,3.0,43438.05,6.0,9.0
5980307,12.0,144.0,55.5,Unknown,2.0,41609.65,0.0,3.0
3009911,16.0,199.0,54.5,Female,2.0,193188.31,5.0,8.0
9612771,4.0,58.0,28.0,Unknown,2.0,123750.48,5.0,8.0
2738051,17.0,211.0,61.5,Female,2.0,38098.32,6.0,9.0
6573204,4.0,58.0,74.0,Unknown,2.0,46413.13,4.0,7.0
2686544,26.0,315.0,53.0,Female,3.0,71470.78,3.0,6.0
9296843,15.0,182.0,80.0,Male,3.0,228189.17,1.0,4.0
8876185,9.0,109.0,71.0,Female,2.0,68049.20999999999,2.0,5.0
9074374,9.0,119.0,29.5,Male,2.0,34737.73,4.0,7.0
7201275,4.0,58.0,64.0,Unknown,2.0,31214.12,0.0,3.0
2960409,10.0,131.0,43.0,Male,2.0,94696.96,4.0,7.0
7606054,28.0,345.0,78.0,Female,2.0,45415.95,2.0,5.0
958379,14.0,168.0,31.5,Male,2.0,124243.35,0.0,3.0
4474021,5.0,65.0,25.0,Unknown,3.0,101526.67,6.0,9.0
2036689,8.0,96.0,62.0,Unknown,2.0,1419219.99,3.0,6.0
6497333,10.0,121.0,40.0,Female,3.0,411638.08,6.0,9.0
8967925,10.0,130.0,49.0,Male,2.0,66015.73999999999,1.0,4.0
3696772,11.0,132.0,38.0,Female,2.0,46182.42999999999,1.0,4.0
1726121,10.0,125.0,32.0,Female,3.0,72363.16,0.0,3.0
9770973,11.0,142.0,59.5,Female,4.0,186142.77,2.0,5.0
8613329,4.0,58.0,47.0,Unknown,2.0,25383.07,3.0,6.0
2641098,25.0,307.0,52.0,Female,2.0,24059.25,2.0,5.0
2870699,27.0,333.0,26.5,Male,2.0,58702.43,6.0,9.0
6235867,22.0,274.0,21.5,Male,3.0,182729.08,4.0,7.0
1781226,21.0,263.0,56.5,Male,2.0,109135.77,5.0,8.0
7217804,21.0,259.0,80.5,Male,4.0,220318.55,6.0,9.0
8240915,21.0,256.0,49.0,Male,4.0,353251.21,6.0,9.0
4922509,20.0,246.0,65.5,Male,4.0,1543346.5699999998,6.0,9.0
3434412,19.0,238.0,67.0,Female,2.0,28814.99,6.0,9.0
6657865,18.0,222.0,66.0,Male,3.0,507677.5,4.0,7.0
4382058,18.0,221.0,51.5,Female,2.0,40966.76,0.0,3.0
1072927,17.0,204.0,54.0,Male,3.0,242059.57,6.0,9.0
9472337,28.0,346.0,75.5,Unknown,2.0,143768.8,5.0,8.0
9512063,14.0,177.0,34.5,Male,2.0,127555.3,3.0,6.0
3216907,9.0,119.0,55.5,Female,2.0,69665.59,4.0,7.0
9244146,17.0,207.0,56.0,Female,2.0,105762.42,5.0,8.0
7068025,26.0,318.0,58.5,Male,2.0,582474.03,6.0,9.0
6609097,16.0,197.0,54.5,Male,2.0,33855.399999999994,1.0,4.0
5910364,13.0,161.0,49.5,Female,2.0,86482.69,1.0,4.0
3233686,12.0,144.0,26.0,Female,2.0,29935.07,2.0,5.0
3494298,15.0,181.0,34.5,Male,2.0,26207.48,4.0,7.0
158047,18.0,223.0,55.5,Male,2.0,68700.53,6.0,9.0
8982518,7.0,87.0,52.5,Unknown,2.0,88751.65,0.0,3.0
847857,6.0,73.0,41.5,Unknown,3.0,58122.5,6.0,9.0
7934701,8.0,96.0,39.0,Unknown,2.0,52809.56,4.0,7.0
2978653,11.0,133.0,37.5,Male,2.0,60517.53,0.0,3.0
1720005,6.0,72.0,26.5,Unknown,2.0,60641.34,2.0,5.0
915274,6.0,83.0,30.5,Unknown,2.0,72270.18,6.0,9.0
522508,11.0,140.0,25.5,Male,2.0,25834.78,1.0,4.0
9935772,12.0,153.0,64.0,Female,2.0,72493.53,4.0,7.0
5313210,6.0,82.0,56.5,Unknown,2.0,54515.51,6.0,9.0
3896562,8.0,102.0,29.0,Male,2.0,23919.57,2.0,5.0
8170322,8.0,96.0,29.0,Female,2.0,34435.009999999995,3.0,6.0
7244148,15.0,189.0,43.5,Female,2.0,76155.57,0.0,3.0
7208080,6.0,83.0,52.5,Unknown,2.0,267039.26,3.0,6.0
2056567,11.0,134.0,42.0,Male,2.0,33259.33,0.0,3.0
9853259,4.0,49.0,45.5,Unknown,4.0,54001.45,6.0,9.0
3007621,6.0,73.0,59.0,Female,2.0,41441.69,0.0,3.0
2671924,9.0,110.0,27.5,Male,2.0,79154.67,2.0,5.0
180425,8.0,96.0,26.0,Unknown,2.0,32144.53,1.0,4.0
4994746,9.0,119.0,39.0,Male,2.0,31337.05,0.0,3.0
7869613,7.0,92.0,51.5,Unknown,2.0,29326.15,1.0,4.0
9206936,4.0,58.0,25.0,Unknown,2.0,29413.75,0.0,3.0
3471892,3.0,46.0,61.5,Unknown,2.0,86995.61,6.0,9.0
7390161,5.0,65.0,48.5,Unknown,2.0,46457.92999999999,1.0,4.0
3284525,9.0,111.0,31.0,Male,3.0,78908.04000000001,6.0,9.0
6341730,9.0,108.0,46.0,Male,2.0,35087.259999999995,3.0,6.0
1575726,5.0,66.0,22.5,Unknown,2.0,80713.32,2.0,5.0
2897189,14.0,168.0,31.5,Unknown,2.0,43404.8,1.0,4.0
9902427,6.0,73.0,36.5,Unknown,2.0,43572.17999999999,2.0,5.0
2622567,8.0,106.0,35.0,Female,2.0,42681.99,0.0,3.0
6685434,6.0,81.0,58.0,Unknown,2.0,89603.81,6.0,9.0
1135485,12.0,146.0,48.5,Female,2.0,48008.37,2.0,5.0
7950882,15.0,181.0,51.5,Female,2.0,184247.79,1.0,4.0
1031921,6.0,82.0,43.0,Unknown,2.0,25891.14,4.0,7.0
6231368,7.0,95.0,30.0,Unknown,2.0,78525.28,1.0,4.0
590476,5.0,71.0,28.5,Unknown,3.0,89644.98,5.0,8.0
4749703,14.0,178.0,58.5,Female,2.0,27576.22,4.0,7.0
644901,5.0,67.0,65.5,Female,2.0,228241.15,1.0,4.0
452583,6.0,75.0,44.5,Unknown,2.0,102576.06,6.0,9.0
7095078,8.0,102.0,35.0,Unknown,2.0,79491.12,3.0,6.0
9433789,4.0,53.0,20.5,Unknown,2.0,38178.75,6.0,9.0
2445077,24.0,293.0,79.5,Male,3.0,213114.77,6.0,9.0
5063441,23.0,277.0,57.5,Female,2.0,44615.38,3.0,6.0
1958941,23.0,276.0,45.5,Female,3.0,191797.35,6.0,9.0
2086535,22.0,270.0,47.5,Unknown,3.0,151267.5,3.0,6.0
7848785,21.0,254.0,59.0,Female,2.0,28446.61,2.0,5.0
422463,21.0,254.0,69.0,Female,2.0,330355.36,2.0,5.0
5036673,21.0,253.0,62.0,Female,2.0,217226.1,2.0,5.0
433424,20.0,250.0,65.0,Male,3.0,389339.77,2.0,5.0
9679406,4.0,58.0,55.5,Unknown,2.0,62044.47,5.0,8.0
7394414,16.0,194.0,71.5,Male,2.0,97874.44,5.0,8.0
8654887,7.0,88.0,58.0,Unknown,2.0,1001321.92,4.0,7.0
2142404,6.0,82.0,57.0,Unknown,2.0,42998.02,0.0,3.0
3635736,4.0,58.0,57.5,Unknown,2.0,47277.74,1.0,4.0
5001947,10.0,120.0,54.0,Male,2.0,130411.18,6.0,9.0
136873,5.0,60.0,44.0,Unknown,2.0,50678.66,2.0,5.0
9364858,9.0,115.0,64.0,Female,3.0,149313.51,4.0,7.0
6228162,10.0,129.0,30.0,Female,2.0,27939.4,0.0,3.0
7583768,6.0,72.0,54.0,Unknown,2.0,224314.73,4.0,7.0
9707451,12.0,151.0,55.5,Male,2.0,199092.94,4.0,7.0
889630,26.0,312.0,66.0,Male,3.0,280124.26,3.0,6.0
6784733,6.0,80.0,38.0,Unknown,2.0,423221.13,6.0,9.0
2885113,11.0,138.0,25.0,Male,3.0,589422.4600000001,6.0,9.0
9996877,17.0,205.0,68.0,Male,2.0,70997.65,3.0,6.0
8032606,4.0,59.0,29.5,Unknown,2.0,271971.69,3.0,6.0
1109184,5.0,61.0,33.0,Female,2.0,55115.7,6.0,9.0
1251918,7.0,93.0,46.0,Unknown,3.0,110814.65,5.0,8.0
2758391,6.0,82.0,23.5,Unknown,2.0,35039.99,6.0,9.0
147316,15.0,190.0,65.5,Male,2.0,761213.7000000001,6.0,9.0
188427,8.0,98.0,54.5,Unknown,2.0,121750.71,6.0,9.0
4523729,13.0,160.0,33.0,Male,3.0,88672.88,6.0,9.0
8644236,14.0,171.0,58.5,Female,2.0,134682.49,1.0,4.0
9575127,12.0,155.0,41.0,Male,3.0,87192.06,0.0,3.0
3179756,5.0,65.0,21.0,Unknown,2.0,30781.01,1.0,4.0
3233984,12.0,152.0,58.5,Female,2.0,69516.97,0.0,3.0
8740822,12.0,147.0,30.0,Male,2.0,49792.3,1.0,4.0
2532662,9.0,118.0,28.5,Male,2.0,86271.0,0.0,3.0
8107504,14.0,170.0,35.0,Male,2.0,51023.64,0.0,3.0
1970759,5.0,70.0,31.0,Unknown,2.0,38885.48,5.0,8.0
392733,8.0,107.0,53.0,Female,2.0,53496.1,0.0,3.0
9120702,11.0,142.0,41.5,Female,2.0,57767.19,0.0,3.0
6398380,27.0,334.0,67.5,Male,3.0,93864.19,6.0,9.0
9289329,11.0,140.0,65.5,Female,2.0,100609.08,0.0,3.0
5857627,6.0,72.0,38.5,Unknown,2.0,29146.45,0.0,3.0
9499815,6.0,82.0,26.0,Unknown,2.0,38876.09,1.0,4.0
8328073,4.0,58.0,55.5,Unknown,2.0,31827.82,6.0,9.0
7296892,9.0,108.0,37.5,Unknown,2.0,57215.2,0.0,3.0
6434927,14.0,170.0,65.5,Female,2.0,38878.26,2.0,5.0
6372796,11.0,141.0,63.5,Male,2.0,78035.82,1.0,4.0
2184782,10.0,130.0,29.0,Unknown,2.0,228661.09000000003,6.0,9.0
8115079,15.0,186.0,83.0,Male,2.0,46110.8,4.0,7.0
9794185,6.0,83.0,63.0,Unknown,2.0,32501.37,2.0,5.0
7859822,4.0,59.0,28.5,Unknown,2.0,25999.17,1.0,4.0
9688507,11.0,134.0,61.5,Female,2.0,93927.85,0.0,3.0
5331001,9.0,116.0,60.5,Male,2.0,49869.03,3.0,6.0
195080,9.0,114.0,33.5,Male,2.0,70048.68,2.0,5.0
6295796,20.0,251.0,33.0,Female,2.0,51507.56,0.0,3.0
5634806,20.0,249.0,57.0,Female,2.0,107832.09,1.0,4.0
2380023,20.0,246.0,43.5,Male,2.0,27389.73,1.0,4.0
6349231,17.0,215.0,37.5,Male,2.0,85039.97,1.0,4.0
2074092,16.0,200.0,45.0,Female,2.0,57356.16,0.0,3.0
7305050,6.0,76.0,28.5,Unknown,2.0,42464.74,3.0,6.0
8575091,4.0,56.0,62.0,Unknown,2.0,31108.77,3.0,6.0
7711539,17.0,208.0,57.5,Male,2.0,29568.37,1.0,4.0
1350783,5.0,69.0,80.5,Unknown,2.0,125466.17,4.0,7.0
5955912,34.0,408.0,67.0,Female,2.0,391995.79,6.0,9.0
5189871,16.0,193.0,55.5,Female,2.0,63074.85,5.0,8.0
7201571,10.0,121.0,48.5,Male,2.0,23789.72,4.0,7.0
4164346,31.0,372.0,56.5,Male,2.0,26187.27,0.0,3.0
6845707,8.0,104.0,28.5,Male,2.0,67335.33,3.0,6.0
2132736,4.0,58.0,44.0,Unknown,2.0,43262.03999999999,0.0,3.0
3277823,5.0,70.0,32.0,Unknown,2.0,45568.37,0.0,3.0
7315264,15.0,180.0,32.5,Female,2.0,92520.66,1.0,4.0
9296214,4.0,58.0,56.5,Unknown,2.0,27883.11,0.0,3.0
267299,15.0,180.0,64.5,Female,2.0,55845.74,0.0,3.0
641409,26.0,312.0,53.0,Female,2.0,40167.59,4.0,7.0
5430346,9.0,116.0,35.5,Female,3.0,46252.98,1.0,4.0
6855557,6.0,72.0,38.0,Unknown,3.0,116385.47,6.0,9.0
3714922,8.0,96.0,31.0,Unknown,2.0,62701.11,6.0,9.0
4832944,15.0,188.0,32.5,Female,4.0,94522.54,1.0,4.0
9987707,28.0,341.0,46.5,Male,3.0,88607.54000000001,6.0,9.0
6361294,6.0,73.0,40.5,Unknown,2.0,30782.91,3.0,6.0
1540888,6.0,72.0,41.5,Unknown,2.0,42983.48,1.0,4.0
3288080,9.0,117.0,42.0,Unknown,2.0,30440.96,4.0,7.0
2067509,27.0,333.0,62.5,Female,3.0,65062.06,6.0,9.0
117276,5.0,65.0,71.5,Unknown,2.0,28116.18,1.0,4.0
7241873,15.0,191.0,37.0,Female,2.0,41428.22,0.0,3.0
1291447,10.0,127.0,62.0,Female,2.0,149374.24,2.0,5.0
3717237,15.0,181.0,41.5,Female,2.0,134968.2,1.0,4.0
6817241,13.0,159.0,25.5,Female,4.0,68781.89,6.0,9.0
3035283,15.0,181.0,48.0,Female,2.0,76576.26,5.0,8.0
158201,4.0,57.0,64.0,Female,2.0,38205.89,5.0,8.0
5059558,4.0,58.0,63.0,Female,2.0,287669.74,2.0,5.0
6729338,14.0,178.0,64.0,Male,2.0,627300.1000000001,6.0,9.0
6116021,12.0,154.0,50.5,Female,2.0,121499.33,5.0,8.0
6483911,13.0,160.0,31.5,Female,2.0,43012.28999999999,1.0,4.0
8037374,5.0,68.0,37.5,Male,2.0,65381.51,3.0,6.0
1922383,8.0,107.0,38.0,Female,2.0,62545.47,3.0,6.0
7166032,6.0,77.0,26.0,Unknown,2.0,45943.5,1.0,4.0
4689285,16.0,203.0,50.5,Male,2.0,136500.91,5.0,8.0
541976,8.0,101.0,33.5,Unknown,2.0,52341.69,2.0,5.0
6001708,28.0,337.0,57.5,Female,2.0,77764.95,4.0,7.0
829911,6.0,82.0,84.5,Male,3.0,229828.31,6.0,9.0
5472730,4.0,48.0,30.0,Unknown,2.0,46590.73,0.0,4.0
8628119,13.0,156.0,71.5,Female,2.0,47640.07,6.0,9.0
3695862,8.0,98.0,26.0,Female,2.0,28129.23,3.0,6.0
2156449,11.0,137.0,37.5,Male,2.0,69720.17,6.0,9.0
5615347,6.0,79.0,33.5,Unknown,2.0,58357.39,3.0,6.0
1388375,7.0,95.0,63.5,Unknown,2.0,600804.41,3.0,6.0
972596,10.0,127.0,38.5,Male,2.0,31288.29,4.0,7.0
7869855,13.0,165.0,41.0,Male,5.0,145720.11,1.0,4.0
1197325,20.0,251.0,51.0,Female,2.0,119710.39,5.0,8.0
8069676,8.0,101.0,47.0,Unknown,2.0,25066.7,6.0,9.0
2781011,16.0,201.0,49.0,Female,2.0,209589.55,4.0,9.0
6110745,8.0,107.0,61.5,Female,2.0,50541.63,1.0,4.0
126285,15.0,190.0,48.5,Female,2.0,185926.18,0.0,3.0
8580426,11.0,142.0,67.5,Male,2.0,184327.35,5.0,8.0
7590603,15.0,189.0,59.5,Male,2.0,1155037.17,1.0,4.0
4822408,6.0,76.0,24.5,Unknown,3.0,118052.15,6.0,9.0
898290,5.0,71.0,29.0,Unknown,2.0,36892.99,0.0,3.0
1074528,23.0,287.0,73.5,Female,2.0,35186.78,1.0,4.0
6989213,23.0,277.0,63.5,Male,2.0,1854363.48,4.0,7.0
9729753,23.0,276.0,76.0,Male,2.0,209374.95,6.0,9.0
4030266,22.0,275.0,73.0,Male,2.0,356696.1,6.0,9.0
1589206,21.0,263.0,54.5,Male,2.0,64938.1,3.0,6.0
5040733,20.0,250.0,57.5,Male,3.0,55288.67,0.0,3.0
4704178,20.0,248.0,49.5,Male,3.0,100269.5,1.0,4.0
6176618,20.0,245.0,67.0,Male,2.0,652479.66,5.0,8.0
6605778,20.0,242.0,47.0,Female,2.0,253899.4,4.0,7.0
5265454,17.0,213.0,23.5,Male,2.0,33750.96,5.0,8.0
7475482,17.0,207.0,79.0,Female,2.0,125082.54,0.0,3.0
9268806,9.0,110.0,31.0,Male,2.0,57114.18,3.0,6.0
631274,15.0,189.0,63.0,Female,2.0,41046.87,6.0,9.0
6935920,8.0,97.0,56.5,Unknown,4.0,617002.06,6.0,9.0
4222945,5.0,71.0,58.5,Unknown,2.0,63332.9,4.0,7.0
7529953,15.0,189.0,35.5,Unknown,2.0,26403.92,0.0,3.0
8607131,5.0,70.0,35.0,Unknown,2.0,47045.37,1.0,4.0
4011032,19.0,233.0,58.5,Male,2.0,70598.26999999999,6.0,9.0
819770,4.0,59.0,22.5,Male,2.0,46909.06,5.0,8.0
175128,7.0,94.0,49.0,Unknown,3.0,58011.63,2.0,5.0
2952435,14.0,168.0,33.0,Male,2.0,40882.58,2.0,5.0
5259007,12.0,149.0,29.0,Male,2.0,27726.86,1.0,4.0
4295146,5.0,65.0,28.5,Unknown,2.0,25556.22,0.0,3.0
229242,7.0,84.0,52.5,Unknown,2.0,39406.25,0.0,3.0
9281262,5.0,62.0,28.5,Female,3.0,87732.16,3.0,6.0
4263272,4.0,57.0,64.5,Unknown,2.0,970279.29,6.0,9.0
6698105,24.0,295.0,57.0,Female,2.0,104706.08,1.0,4.0
591482,6.0,76.0,64.0,Unknown,2.0,33785.61,5.0,8.0
3100375,5.0,68.0,22.0,Female,2.0,23909.27,3.0,6.0
6590106,6.0,76.0,31.0,Unknown,2.0,63501.0,6.0,9.0
990120,10.0,129.0,49.0,Female,2.0,56569.58,2.0,5.0
1810432,8.0,96.0,32.0,Unknown,2.0,47097.38,6.0,9.0
5001148,8.0,97.0,54.0,Unknown,3.0,49140.65,6.0,9.0
6061376,17.0,207.0,57.5,Male,2.0,54853.84,4.0,7.0
3663962,14.0,172.0,50.0,Male,2.0,125931.07,5.0,8.0
4012121,11.0,143.0,45.0,Female,2.0,122094.45,6.0,9.0
6660788,14.0,178.0,35.5,Male,3.0,214642.0,6.0,9.0
7102100,16.0,203.0,53.0,Female,2.0,29114.28,0.0,9.0
9492299,10.0,123.0,71.0,Female,2.0,69439.51999999999,3.0,6.0
2744794,12.0,154.0,33.5,Female,2.0,131506.66,5.0,8.0
7935251,6.0,82.0,26.5,Male,2.0,24164.37,0.0,3.0
2750970,6.0,82.0,32.0,Unknown,3.0,56984.94,0.0,3.0
286957,6.0,75.0,52.5,Unknown,2.0,32914.56,5.0,8.0
7707774,10.0,129.0,56.0,Female,2.0,35803.49,0.0,3.0
6099297,28.0,343.0,57.0,Female,3.0,78157.54999999999,5.0,8.0
2962496,15.0,189.0,45.0,Male,2.0,149266.22,6.0,9.0
3250136,8.0,105.0,65.0,Male,2.0,344096.6,5.0,8.0
8534656,4.0,54.0,66.0,Unknown,2.0,37387.34,5.0,8.0
1832318,7.0,84.0,39.5,Unknown,2.0,86216.04999999999,5.0,8.0
9227879,9.0,110.0,75.0,Female,2.0,46393.39,6.0,9.0
9629210,6.0,75.0,24.5,Unknown,2.0,42882.77,0.0,3.0
6452989,26.0,319.0,29.0,Female,4.0,207864.82,6.0,9.0
4503254,8.0,96.0,60.0,Unknown,2.0,122955.95,4.0,7.0
7202217,12.0,154.0,26.5,Male,2.0,32191.55,3.0,6.0
1522674,11.0,134.0,59.0,Female,2.0,111022.76,4.0,7.0
2855888,15.0,191.0,50.0,Male,2.0,31968.31,6.0,9.0
3480781,16.0,203.0,53.0,Male,2.0,52474.89,6.0,9.0
3286510,11.0,143.0,36.0,Female,2.0,78577.44,1.0,4.0
7227288,5.0,67.0,17.5,Unknown,2.0,29592.58,0.0,3.0
1664206,11.0,133.0,58.5,Female,2.0,23865.22,1.0,4.0
9779014,24.0,289.0,51.5,Female,3.0,207087.35,4.0,7.0
8199471,22.0,269.0,51.5,Unknown,3.0,889153.93,1.0,4.0
7142928,22.0,264.0,56.5,Male,2.0,45680.38,2.0,5.0
230117,21.0,260.0,49.0,Female,2.0,51005.14,4.0,7.0
5255215,20.0,245.0,54.5,Female,2.0,39197.5,1.0,4.0
8237386,20.0,241.0,65.5,Male,3.0,528349.83,4.0,7.0
4890408,19.0,231.0,63.0,Female,2.0,29873.68,5.0,8.0
1759700,17.0,211.0,35.0,Female,2.0,48957.11,0.0,3.0
6528570,17.0,206.0,46.5,Female,3.0,194297.56,0.0,3.0
4767003,7.0,85.0,26.5,Unknown,2.0,47534.19,6.0,9.0
166715,5.0,65.0,68.0,Unknown,2.0,25045.32,0.0,3.0
5763560,10.0,128.0,30.0,Unknown,2.0,52550.81,2.0,5.0
4473990,12.0,151.0,54.5,Male,2.0,34992.24,6.0,9.0
2159101,6.0,75.0,23.5,Unknown,2.0,35185.25,6.0,9.0
6621477,46.0,563.0,74.5,Male,2.0,94311.01,0.0,3.0
6411206,9.0,108.0,43.0,Male,2.0,143743.62,0.0,3.0
5633518,6.0,77.0,27.5,Unknown,2.0,178718.71999999997,2.0,5.0
1091222,13.0,167.0,34.0,Male,2.0,55338.85,2.0,5.0
4863323,6.0,74.0,62.5,Female,2.0,244997.0,4.0,7.0
1678226,9.0,109.0,61.0,Male,2.0,83069.61,1.0,4.0
7323706,5.0,68.0,59.0,Female,4.0,529708.93,6.0,9.0
5177219,7.0,84.0,76.5,Unknown,2.0,329066.25,6.0,9.0
6158474,5.0,71.0,26.0,Unknown,2.0,52576.32,6.0,9.0
3582611,5.0,67.0,72.0,Unknown,2.0,74694.08,0.0,3.0
8171936,10.0,126.0,23.0,Male,3.0,54484.27,3.0,6.0
8750010,6.0,81.0,29.5,Unknown,4.0,72496.53,5.0,8.0
9659656,5.0,68.0,54.5,Male,2.0,199700.43,3.0,6.0
7179106,33.0,399.0,57.0,Female,2.0,516631.87,6.0,9.0
1971383,9.0,118.0,31.5,Male,2.0,44028.47,2.0,5.0
1207715,13.0,162.0,31.5,Male,2.0,27755.65,2.0,5.0
7867607,17.0,211.0,36.0,Female,2.0,82713.6,5.0,8.0
9484710,15.0,189.0,43.5,Female,2.0,87906.39,3.0,6.0
8969692,7.0,90.0,47.5,Unknown,2.0,58599.68,3.0,6.0
9704091,9.0,113.0,62.5,Male,3.0,431248.3,5.0,8.0
5252893,7.0,92.0,27.0,Unknown,2.0,64929.44,6.0,9.0
7224908,11.0,134.0,54.5,Male,2.0,41907.01,0.0,3.0
5473564,8.0,105.0,79.5,Female,2.0,34401.82,6.0,9.0
6860186,7.0,95.0,23.0,Unknown,2.0,48061.7,1.0,4.0
241057,28.0,336.0,61.0,Male,2.0,450548.36,0.0,3.0
5048372,11.0,139.0,47.0,Male,2.0,82789.54000000001,4.0,7.0
9149348,5.0,61.0,35.0,Male,3.0,89197.95999999999,0.0,4.0
774581,7.0,95.0,66.5,Unknown,2.0,51668.55,1.0,4.0
843090,4.0,48.0,47.0,Unknown,2.0,139952.72,4.0,7.0
5694063,5.0,71.0,52.0,Unknown,3.0,90007.87,4.0,7.0
6310652,27.0,335.0,73.0,Female,2.0,101796.3,6.0,9.0
2130164,5.0,67.0,54.5,Unknown,2.0,502779.72,3.0,6.0
2336977,5.0,71.0,50.0,Unknown,2.0,35798.759999999995,2.0,5.0
6306150,9.0,118.0,41.0,Female,2.0,99857.8,1.0,4.0
8455174,5.0,64.0,51.5,Female,2.0,58596.51,3.0,6.0
8653551,8.0,105.0,36.0,Female,2.0,32927.02,6.0,9.0
9261020,24.0,298.0,78.5,Male,4.0,472729.86,6.0,9.0
8127091,24.0,296.0,70.0,Female,3.0,665060.37,6.0,9.0
9774716,23.0,287.0,72.5,Male,3.0,1234784.16,5.0,8.0
839179,32.0,395.0,46.5,Male,2.0,36939.47,2.0,5.0
8056131,22.0,268.0,41.5,Female,2.0,74581.88,3.0,6.0
3760265,22.0,265.0,51.0,Female,2.0,757796.77,4.0,7.0
53396,21.0,254.0,50.5,Male,2.0,287437.04,2.0,5.0
3806743,20.0,240.0,30.5,Female,2.0,31124.73,1.0,4.0
3684699,19.0,235.0,42.0,Male,2.0,212581.83,6.0,9.0
4138774,19.0,232.0,44.5,Male,3.0,88460.54999999999,4.0,7.0
6231726,18.0,226.0,36.5,Female,2.0,31574.0,1.0,4.0
4460301,18.0,217.0,33.0,Male,4.0,939293.56,6.0,9.0
3254137,15.0,190.0,63.0,Male,4.0,574838.01,6.0,9.0
1746534,5.0,66.0,30.0,Unknown,2.0,34028.04,0.0,3.0
9515720,5.0,70.0,50.0,Male,2.0,146172.64,5.0,8.0
1711640,6.0,72.0,28.0,Unknown,3.0,32610.92,1.0,4.0
8458079,5.0,69.0,60.5,Unknown,2.0,59854.09,2.0,5.0
195655,6.0,78.0,20.5,Unknown,3.0,92730.03,4.0,7.0
4031845,23.0,276.0,75.0,Male,2.0,378521.58,4.0,7.0
8881398,8.0,102.0,51.5,Unknown,2.0,30332.12,2.0,5.0
7871843,12.0,145.0,64.0,Male,2.0,25777.18,2.0,5.0
5440673,15.0,190.0,57.5,Female,2.0,111177.76,2.0,5.0
2561114,13.0,158.0,31.0,Male,2.0,103863.11,6.0,9.0
2638464,12.0,148.0,46.5,Unknown,2.0,58571.67,0.0,3.0
3849449,7.0,95.0,47.0,Unknown,2.0,27011.94,0.0,3.0
7111361,12.0,151.0,64.0,Female,2.0,69780.81,2.0,5.0
9489360,16.0,192.0,61.0,Female,2.0,85860.59,0.0,3.0
806442,11.0,142.0,25.5,Male,2.0,63336.28,2.0,5.0
6576648,7.0,92.0,35.5,Unknown,2.0,57700.61,0.0,3.0
7071589,26.0,317.0,61.5,Male,3.0,1745098.89,5.0,8.0
6229511,14.0,176.0,65.5,Female,2.0,33029.47,3.0,6.0
1900562,15.0,180.0,40.0,Female,2.0,39840.54,1.0,4.0
342757,10.0,128.0,34.5,Female,2.0,40655.39,0.0,3.0
4751658,11.0,139.0,29.0,Male,2.0,60588.41,4.0,7.0
9560313,5.0,70.0,41.5,Unknown,2.0,25878.93,2.0,5.0
2068954,4.0,58.0,61.5,Unknown,2.0,42725.94,1.0,4.0
3420276,5.0,61.0,46.5,Female,2.0,80963.61,1.0,4.0
5724720,15.0,190.0,34.0,Female,3.0,60711.83,1.0,4.0
3239523,7.0,86.0,60.0,Unknown,2.0,71918.87,4.0,7.0
307881,30.0,371.0,53.5,Unknown,2.0,29799.04,3.0,6.0
3856473,29.0,353.0,74.0,Male,3.0,663679.78,0.0,3.0
3559667,11.0,132.0,35.5,Female,2.0,97393.58,6.0,9.0
56570,14.0,171.0,49.0,Male,2.0,56741.95,1.0,4.0
5399082,7.0,94.0,56.0,Unknown,3.0,116913.4,3.0,6.0
3652844,13.0,167.0,60.5,Male,2.0,201934.2,3.0,6.0
1532336,4.0,59.0,38.0,Unknown,2.0,38091.7,0.0,3.0
5226393,15.0,184.0,54.0,Female,2.0,52198.7,4.0,7.0
2954678,9.0,114.0,62.0,Unknown,3.0,156863.77999999997,6.0,9.0
7111189,8.0,97.0,49.5,Male,3.0,1288781.24,6.0,9.0
7666677,11.0,138.0,63.5,Male,2.0,999154.49,4.0,7.0
1025180,18.0,227.0,38.0,Male,2.0,39153.01,6.0,9.0
6624274,16.0,201.0,39.5,Male,2.0,24754.96,3.0,6.0
7652151,7.0,95.0,57.5,Male,2.0,645150.6000000001,1.0,4.0
1139394,7.0,92.0,52.5,Unknown,2.0,73068.33,5.0,8.0
5501459,10.0,124.0,35.0,Male,2.0,60233.84,2.0,5.0
1455022,5.0,71.0,31.0,Unknown,2.0,56034.55,6.0,9.0
3773740,28.0,337.0,29.0,Male,2.0,77216.03,4.0,7.0
4689536,13.0,167.0,34.5,Female,2.0,42237.31,5.0,8.0
5811879,5.0,66.0,27.5,Unknown,3.0,60333.05,6.0,9.0
6710265,5.0,71.0,30.5,Unknown,3.0,59876.08,5.0,8.0
949880,4.0,59.0,31.0,Unknown,3.0,62550.27,6.0,9.0
886185,23.0,281.0,28.0,Female,2.0,28899.51,6.0,9.0
1409376,22.0,271.0,52.0,Male,2.0,48391.56,0.0,4.0
8065181,18.0,224.0,46.5,Male,2.0,325010.09,6.0,9.0
3085751,14.0,178.0,60.0,Male,2.0,31065.62,0.0,3.0
4726494,6.0,77.0,55.0,Unknown,2.0,53447.53,3.0,6.0
7312748,15.0,181.0,56.5,Female,2.0,201956.02,2.0,5.0
2964488,13.0,166.0,49.5,Male,2.0,122037.93,2.0,5.0
8693261,13.0,166.0,63.0,Female,2.0,76720.66,1.0,4.0
373345,7.0,96.0,31.5,Unknown,2.0,29061.37,6.0,9.0
5202456,4.0,59.0,52.0,Unknown,3.0,119495.67,2.0,5.0
2567857,34.0,419.0,57.5,Male,3.0,93716.65,5.0,8.0
698834,5.0,68.0,37.5,Unknown,3.0,41602.71,2.0,5.0
5910870,5.0,60.0,66.0,Female,2.0,28004.55,6.0,9.0
6963529,5.0,64.0,36.5,Male,3.0,117690.88,6.0,9.0
7244374,18.0,216.0,46.0,Female,2.0,100534.31,2.0,5.0
6929632,14.0,173.0,31.5,Female,2.0,147685.41999999998,0.0,3.0
8518928,16.0,194.0,65.0,Male,2.0,128644.88,0.0,3.0
5396054,4.0,59.0,18.5,Unknown,2.0,31109.55,1.0,4.0
6372568,11.0,143.0,67.0,Female,2.0,222542.62,6.0,9.0
3993530,4.0,57.0,25.5,Unknown,2.0,27546.83,6.0,9.0
4765568,13.0,163.0,38.0,Female,3.0,75792.29000000001,2.0,7.0
8413954,7.0,85.0,59.5,Unknown,2.0,77946.51,6.0,9.0
1449791,7.0,84.0,21.0,Unknown,2.0,33405.27,0.0,3.0
3751513,22.0,269.0,64.0,Female,2.0,83808.45999999999,0.0,3.0
1591827,14.0,177.0,35.5,Female,2.0,76613.79999999999,0.0,3.0
5687341,6.0,73.0,69.5,Male,2.0,52188.22,0.0,4.0
9502275,4.0,58.0,36.5,Unknown,2.0,36908.31,6.0,9.0
3428853,6.0,74.0,55.0,Unknown,2.0,316338.12,6.0,9.0
6000156,11.0,143.0,55.5,Male,3.0,245941.04,5.0,8.0
6358605,29.0,354.0,57.5,Male,4.0,174187.09999999998,4.0,7.0
1378191,24.0,295.0,39.0,Male,2.0,48536.86,0.0,3.0
6744273,9.0,119.0,31.5,Female,2.0,31078.99,5.0,8.0
5312309,5.0,63.0,18.0,Unknown,2.0,26251.42,4.0,7.0
463582,10.0,130.0,44.0,Female,3.0,79911.76,1.0,4.0
7333746,15.0,182.0,55.5,Female,2.0,96333.93,5.0,8.0
9385015,6.0,76.0,53.5,Unknown,2.0,65471.48,2.0,5.0
3721637,10.0,120.0,56.0,Female,2.0,66925.86,1.0,4.0
9724990,6.0,83.0,24.5,Unknown,3.0,33709.25,2.0,5.0
4991005,5.0,65.0,52.5,Unknown,2.0,31702.68,4.0,7.0
2978646,16.0,194.0,47.5,Male,2.0,48968.66,1.0,4.0
1636347,22.0,266.0,66.0,Male,3.0,43111.06,5.0,8.0
2840610,21.0,263.0,47.5,Unknown,4.0,160514.57,0.0,3.0
3790866,21.0,253.0,61.5,Male,3.0,1014212.15,6.0,9.0
8305701,19.0,228.0,46.0,Female,2.0,27170.67,3.0,8.0
5017681,17.0,210.0,67.5,Male,3.0,625143.25,4.0,7.0
7020628,4.0,59.0,24.5,Unknown,2.0,38078.17,0.0,3.0
4203290,7.0,94.0,55.5,Unknown,4.0,637396.43,5.0,8.0
3036360,12.0,154.0,27.0,Male,2.0,39638.19,1.0,4.0
6909480,15.0,191.0,70.5,Female,3.0,51496.84,3.0,6.0
5090640,9.0,111.0,44.5,Unknown,2.0,30507.03,2.0,5.0
5251671,5.0,60.0,47.0,Unknown,2.0,51640.5,2.0,5.0
9819734,4.0,59.0,64.0,Female,2.0,42894.01,6.0,9.0
1659457,9.0,110.0,59.0,Male,2.0,86014.23,6.0,9.0
743720,14.0,173.0,71.5,Female,2.0,26293.84,0.0,3.0
9862091,8.0,97.0,46.0,Unknown,2.0,102266.39,0.0,3.0
8252591,34.0,411.0,29.0,Male,3.0,61901.75,4.0,7.0
439077,11.0,142.0,66.5,Male,2.0,31876.98,0.0,3.0
74844,6.0,83.0,60.0,Unknown,2.0,158375.89,3.0,7.0
6863960,11.0,135.0,42.5,Female,2.0,87978.81,1.0,4.0
1115902,13.0,158.0,62.5,Female,2.0,54468.9,0.0,3.0
6287252,12.0,148.0,49.0,Male,2.0,292651.8,3.0,6.0
8199666,11.0,133.0,54.0,Female,2.0,70377.9,3.0,6.0
5636220,6.0,80.0,26.0,Unknown,2.0,65427.17,6.0,9.0
1965358,12.0,154.0,51.0,Female,2.0,42351.63,1.0,4.0
7782791,6.0,79.0,41.5,Unknown,2.0,83809.88,1.0,4.0
8562324,6.0,77.0,58.5,Unknown,2.0,302685.43,6.0,9.0
3106431,12.0,149.0,33.0,Female,3.0,68557.87,0.0,3.0
1772597,9.0,114.0,59.5,Male,2.0,156951.84999999998,3.0,6.0
7155688,6.0,73.0,61.0,Female,2.0,115597.92,6.0,9.0
3080031,10.0,125.0,40.5,Male,2.0,62498.98,2.0,5.0
1115147,6.0,83.0,31.0,Female,2.0,85919.23999999999,5.0,8.0
5824629,6.0,72.0,57.5,Unknown,2.0,33893.89,6.0,9.0
2612801,6.0,77.0,67.5,Unknown,3.0,185931.75,3.0,7.0
420495,33.0,406.0,57.5,Female,2.0,109516.38,1.0,4.0
2326659,28.0,342.0,58.5,Male,3.0,961708.53,6.0,9.0
450614,6.0,72.0,27.5,Unknown,2.0,36264.21,2.0,5.0
8231898,7.0,85.0,20.0,Unknown,2.0,27316.59,2.0,5.0
7034253,5.0,65.0,60.5,Female,2.0,85846.86,2.0,5.0
524152,15.0,181.0,42.5,Male,3.0,299353.19,6.0,9.0
2880714,5.0,70.0,62.5,Male,2.0,255261.98,6.0,9.0
8722938,28.0,345.0,73.0,Female,2.0,179284.46000000002,6.0,9.0
6623612,13.0,166.0,57.0,Female,2.0,55223.0,2.0,5.0
8138465,13.0,167.0,53.5,Male,2.0,44949.57,0.0,3.0
5838817,20.0,245.0,65.5,Female,2.0,73648.23999999999,6.0,9.0
1692913,20.0,240.0,30.5,Male,3.0,376146.06,6.0,9.0
2079565,19.0,239.0,71.0,Male,2.0,140100.89,4.0,7.0
6791193,20.0,248.0,73.5,Male,2.0,343068.75,6.0,9.0
9603506,19.0,228.0,57.5,Female,2.0,108442.95,6.0,9.0
9217251,12.0,154.0,41.0,Male,3.0,102661.47,2.0,5.0
3776116,7.0,90.0,32.5,Unknown,3.0,295517.81,2.0,5.0
1283117,9.0,114.0,53.0,Female,2.0,59555.0,3.0,6.0
828166,5.0,65.0,62.5,Female,2.0,146408.34,4.0,7.0
7047016,5.0,71.0,33.0,Unknown,2.0,27608.72,1.0,6.0
4249811,6.0,77.0,23.0,Unknown,2.0,35173.68,3.0,6.0
1855018,15.0,182.0,34.0,Female,2.0,36066.63,2.0,5.0
6119833,15.0,190.0,50.0,Female,2.0,34503.58,0.0,3.0
9397407,4.0,58.0,27.5,Unknown,2.0,41704.2,5.0,8.0
2648727,29.0,350.0,45.5,Male,3.0,809856.93,6.0,9.0
7502159,6.0,75.0,64.0,Unknown,2.0,119767.52,6.0,9.0
1901343,7.0,90.0,60.5,Unknown,2.0,397738.79,6.0,9.0
9396709,7.0,87.0,51.5,Unknown,2.0,37836.49,4.0,7.0
3446682,5.0,65.0,22.5,Unknown,2.0,29654.62,1.0,4.0
5541934,5.0,66.0,32.5,Female,3.0,258225.86,1.0,4.0
9566183,14.0,179.0,70.5,Female,2.0,27924.13,1.0,4.0
1992455,6.0,73.0,26.0,Unknown,2.0,29775.41,2.0,5.0
1259407,16.0,198.0,61.5,Male,2.0,160205.41999999998,6.0,9.0
2539742,14.0,169.0,43.0,Female,2.0,39533.35,1.0,4.0
6674137,9.0,116.0,57.0,Male,2.0,663560.65,2.0,5.0
3979656,5.0,70.0,29.5,Unknown,3.0,50020.71,5.0,8.0
506681,5.0,66.0,35.0,Unknown,3.0,85264.18,6.0,9.0
5675727,4.0,58.0,58.0,Unknown,2.0,43876.48,0.0,3.0
411442,12.0,154.0,34.0,Female,2.0,64819.78,3.0,6.0
637919,10.0,130.0,29.0,Male,2.0,78869.63,2.0,5.0
305138,11.0,142.0,36.0,Unknown,3.0,52738.75,0.0,3.0
3515019,14.0,179.0,32.5,Male,2.0,33751.009999999995,1.0,4.0
52309,7.0,93.0,57.0,Male,3.0,481383.77,0.0,3.0
3161378,12.0,144.0,40.5,Male,2.0,49030.83,1.0,4.0
4020782,4.0,56.0,24.5,Unknown,2.0,25013.12,0.0,3.0
1320408,14.0,168.0,51.0,Male,2.0,28207.36,1.0,4.0
8133761,5.0,68.0,46.5,Unknown,2.0,48669.49,2.0,5.0
4865014,5.0,70.0,32.0,Female,2.0,38203.57,5.0,8.0
5335619,8.0,105.0,46.5,Male,2.0,78154.91,6.0,9.0
2891474,11.0,142.0,41.0,Male,2.0,115831.33,5.0,8.0
741561,6.0,73.0,32.5,Unknown,2.0,32776.32,3.0,6.0
8115066,7.0,90.0,21.5,Unknown,2.0,58956.9,1.0,4.0
6025815,9.0,116.0,54.5,Female,2.0,54581.48,0.0,3.0
9187146,25.0,309.0,78.0,Male,2.0,45075.48,3.0,6.0
5961337,23.0,287.0,25.0,Male,2.0,34362.45,4.0,7.0
9548144,22.0,272.0,54.0,Female,3.0,162403.99,5.0,8.0
5823529,5.0,64.0,38.5,Unknown,3.0,198996.89,6.0,9.0
2657038,3.0,44.0,28.0,Unknown,2.0,27183.35,2.0,5.0
6374667,16.0,197.0,64.5,Male,3.0,142844.65,4.0,7.0
8430093,5.0,66.0,27.0,Unknown,2.0,38081.14,1.0,4.0
7485600,15.0,189.0,42.0,Male,2.0,110843.16,1.0,4.0
7916623,8.0,106.0,42.5,Female,2.0,64037.01,0.0,3.0
9999729,10.0,124.0,31.0,Female,3.0,107059.74,6.0,9.0
1161189,6.0,82.0,79.5,Female,3.0,93126.73,6.0,9.0
2913577,5.0,71.0,20.0,Unknown,2.0,26425.27,2.0,5.0
5135348,13.0,166.0,48.5,Male,2.0,66351.82,3.0,6.0
7595293,15.0,182.0,60.0,Male,2.0,181689.25,6.0,9.0
427013,5.0,71.0,60.5,Female,2.0,46886.91,4.0,7.0
2527174,11.0,142.0,25.0,Male,2.0,27959.53,0.0,3.0
8517967,11.0,143.0,37.5,Female,2.0,80229.07,2.0,5.0
9586576,8.0,104.0,36.0,Unknown,2.0,42640.05,6.0,9.0
1965795,8.0,106.0,66.5,Female,2.0,23842.04,0.0,4.0
6938435,15.0,189.0,63.5,Female,2.0,209363.42,4.0,7.0
3999559,10.0,131.0,32.0,Female,2.0,57074.79,5.0,8.0
9016178,15.0,188.0,52.0,Male,2.0,63082.87,0.0,3.0
6777821,7.0,93.0,27.5,Unknown,2.0,35682.39,6.0,9.0
2610145,7.0,87.0,61.0,Unknown,3.0,257070.42,3.0,6.0
1423478,7.0,88.0,19.5,Unknown,2.0,25575.85,0.0,3.0
3962588,6.0,77.0,56.5,Unknown,2.0,48654.77,2.0,5.0
6558833,13.0,156.0,54.5,Male,3.0,231735.82,6.0,9.0
4448196,4.0,57.0,19.0,Unknown,2.0,36534.32,4.0,7.0
3066692,4.0,58.0,53.0,Unknown,2.0,42833.73,4.0,7.0
5585394,5.0,66.0,34.5,Unknown,3.0,28735.78,2.0,5.0
9795026,15.0,183.0,39.5,Male,3.0,146732.43,0.0,3.0
146072,26.0,321.0,59.5,Female,3.0,188085.74,5.0,8.0
6069603,7.0,86.0,51.5,Unknown,3.0,34642.46,6.0,9.0
7389323,4.0,49.0,27.5,Unknown,2.0,34989.119999999995,5.0,8.0
4218977,16.0,193.0,36.0,Male,2.0,30105.42,3.0,6.0
806488,5.0,71.0,24.0,Unknown,2.0,28210.81,6.0,9.0
4322431,5.0,66.0,33.0,Unknown,3.0,50949.91,6.0,9.0
2328321,29.0,350.0,53.0,Female,4.0,198482.54,4.0,7.0
4968648,13.0,158.0,45.5,Unknown,3.0,48017.01,6.0,9.0
4888904,5.0,60.0,27.0,Unknown,2.0,48360.72,5.0,8.0
1290147,10.0,128.0,49.5,Male,2.0,188044.5,3.0,6.0
5277283,10.0,128.0,24.0,Female,3.0,33256.23,6.0,9.0
6152291,28.0,343.0,51.5,Male,3.0,64168.88,5.0,8.0
7921302,23.0,285.0,63.0,Male,2.0,39919.2,1.0,5.0
2828146,9.0,119.0,66.0,Female,2.0,46378.75,0.0,3.0
9412339,16.0,192.0,65.5,Female,2.0,35659.63,0.0,3.0
1535789,13.0,159.0,57.5,Female,2.0,444583.5,6.0,9.0
3576796,7.0,94.0,49.0,Unknown,2.0,57822.0,3.0,6.0
2825830,33.0,406.0,56.5,Male,3.0,168032.37,0.0,3.0
9398460,13.0,160.0,57.5,Male,4.0,234273.02,6.0,9.0
2443802,15.0,183.0,38.5,Male,2.0,50565.27,3.0,6.0
4141865,24.0,298.0,75.5,Male,3.0,104845.15,0.0,5.0
7348372,24.0,290.0,52.5,Male,3.0,80564.48999999999,4.0,7.0
3553373,22.0,274.0,72.5,Male,2.0,54631.73,1.0,4.0
3968836,21.0,252.0,75.5,Male,2.0,127694.89,3.0,6.0
6580700,20.0,246.0,46.5,Unknown,2.0,169407.74,4.0,7.0
9074228,22.0,268.0,52.5,Female,3.0,341171.36,1.0,4.0
1186733,21.0,260.0,56.0,Male,3.0,142490.76,6.0,9.0
481268,20.0,240.0,33.0,Female,3.0,108487.23,1.0,4.0
3453663,18.0,224.0,44.0,Male,3.0,130029.31,2.0,5.0
7724489,18.0,224.0,40.0,Female,2.0,92503.94,2.0,5.0
9934221,17.0,215.0,59.0,Female,3.0,149729.87,3.0,6.0
7884781,17.0,204.0,59.0,Unknown,2.0,38980.91,2.0,7.0
9805367,4.0,58.0,31.0,Unknown,2.0,38193.22,5.0,8.0
9797544,28.0,337.0,57.5,Male,3.0,131822.66,0.0,3.0
1625605,13.0,156.0,33.5,Male,2.0,27807.36,5.0,8.0
6545212,6.0,74.0,20.5,Unknown,2.0,33372.94,2.0,5.0
4882043,6.0,72.0,31.0,Unknown,2.0,28411.61,3.0,6.0
7774385,6.0,74.0,49.0,Female,2.0,58274.73,3.0,6.0
1490108,6.0,76.0,50.5,Unknown,3.0,342072.52,6.0,9.0
6090460,7.0,84.0,36.0,Unknown,2.0,27192.49,6.0,9.0
3698590,6.0,83.0,27.5,Unknown,4.0,423074.22,3.0,6.0
8110744,15.0,189.0,52.0,Female,2.0,25108.23,5.0,8.0
5751565,7.0,84.0,51.5,Unknown,2.0,224927.3,3.0,6.0
1939709,15.0,184.0,33.5,Male,3.0,58728.45,6.0,9.0
1563051,7.0,85.0,68.0,Unknown,3.0,1010115.47,5.0,8.0
8057794,16.0,196.0,49.0,Female,2.0,770041.4700000001,2.0,5.0
1101193,16.0,203.0,50.0,Female,2.0,166131.39,1.0,4.0
3893289,8.0,102.0,63.5,Unknown,2.0,54134.8,1.0,4.0
6061984,10.0,128.0,26.5,Male,3.0,856480.9600000001,4.0,7.0
2779621,16.0,193.0,57.5,Female,2.0,163430.5,1.0,4.0
4685600,9.0,118.0,35.0,Male,4.0,106295.86,4.0,7.0
8163507,5.0,71.0,54.5,Female,2.0,93970.47,3.0,6.0
8709183,9.0,119.0,36.0,Male,2.0,28459.52,0.0,3.0
1858758,13.0,162.0,35.5,Female,2.0,61650.31,0.0,3.0
2239147,4.0,54.0,19.5,Unknown,3.0,34603.869999999995,6.0,9.0
2095719,7.0,92.0,28.0,Unknown,2.0,55662.72,0.0,3.0
5337753,4.0,59.0,23.5,Unknown,3.0,207765.3,4.0,7.0
5980953,4.0,58.0,63.5,Unknown,2.0,109531.08,0.0,3.0
7060854,15.0,189.0,54.0,Female,2.0,292510.95,5.0,8.0
2280908,13.0,166.0,52.5,Male,2.0,31795.83,6.0,9.0
5310914,12.0,151.0,45.5,Male,2.0,37196.8,5.0,8.0
3790912,13.0,162.0,50.5,Female,2.0,271814.32,4.0,7.0
5057474,8.0,97.0,32.0,Unknown,3.0,48380.3,0.0,3.0
9659535,16.0,193.0,41.5,Female,2.0,35738.81,4.0,7.0
9214189,15.0,191.0,59.5,Male,2.0,105311.49,5.0,8.0
1221160,9.0,116.0,23.5,Male,2.0,227848.87,5.0,8.0
7337735,8.0,96.0,32.0,Unknown,2.0,25686.39,0.0,3.0
5389643,15.0,190.0,75.0,Female,2.0,65586.98999999999,0.0,3.0
3675845,14.0,178.0,34.5,Male,3.0,76386.09,2.0,5.0
6859266,5.0,66.0,30.5,Unknown,2.0,35448.34,1.0,4.0
4226423,18.0,219.0,66.0,Male,2.0,73894.13,6.0,9.0
1413326,19.0,239.0,63.5,Male,2.0,35682.09,5.0,8.0
1666696,10.0,131.0,54.0,Male,3.0,429210.12,6.0,9.0
9706860,12.0,153.0,27.5,Female,2.0,56419.24,0.0,3.0
573143,27.0,328.0,64.0,Female,2.0,268402.21,1.0,4.0
8095696,15.0,187.0,45.0,Female,2.0,41421.28999999999,0.0,3.0
8994491,14.0,177.0,51.0,Female,3.0,83237.54999999999,0.0,3.0
7190947,12.0,154.0,34.5,Female,2.0,117529.92,2.0,5.0
1494885,14.0,179.0,46.0,Male,3.0,155485.49,1.0,4.0
6256172,26.0,315.0,67.5,Female,2.0,310394.65,4.0,7.0
2048027,7.0,95.0,43.5,Unknown,2.0,144668.56,2.0,5.0
1057253,12.0,145.0,27.5,Female,2.0,34672.33,1.0,4.0
1524489,5.0,67.0,59.5,Unknown,3.0,101891.87,6.0,9.0
4865096,7.0,87.0,58.5,Unknown,2.0,259018.88,5.0,8.0
1955672,4.0,59.0,28.5,Unknown,2.0,29414.24,6.0,9.0
1795648,12.0,149.0,31.5,Male,2.0,32850.17,0.0,3.0
9421220,8.0,97.0,62.5,Unknown,2.0,55008.87,2.0,5.0
6101608,6.0,83.0,64.0,Unknown,2.0,42059.38,6.0,9.0
22007,10.0,131.0,75.5,Female,2.0,168540.65000000002,6.0,9.0
3069501,13.0,167.0,40.5,Male,3.0,92758.2,0.0,3.0
6045570,4.0,59.0,66.5,Female,2.0,141268.06,6.0,9.0
1441929,26.0,313.0,69.5,Female,2.0,52125.26,2.0,5.0
1230589,5.0,66.0,31.0,Unknown,2.0,44780.67,3.0,6.0
3016688,22.0,275.0,59.0,Male,4.0,126909.83,3.0,6.0
4027064,22.0,270.0,68.5,Female,2.0,31551.29,2.0,5.0
3221057,21.0,257.0,18.0,Male,3.0,42846.98,4.0,7.0
6126433,18.0,217.0,41.5,Female,2.0,33071.369999999995,6.0,9.0
5567516,13.0,156.0,52.5,Male,2.0,219433.05,2.0,5.0
3779548,27.0,334.0,70.5,Male,2.0,240964.62,2.0,6.0
8718482,5.0,63.0,58.0,Unknown,2.0,52997.14,5.0,8.0
8175830,15.0,189.0,55.0,Female,2.0,46513.28,2.0,5.0
9652308,5.0,67.0,19.5,Unknown,4.0,195377.74,6.0,9.0
3552092,6.0,75.0,59.5,Unknown,2.0,462236.55,5.0,8.0
7418794,15.0,186.0,47.0,Male,2.0,118094.85,0.0,3.0
108438,6.0,76.0,28.5,Unknown,2.0,27972.64,4.0,7.0
704150,6.0,78.0,20.5,Unknown,2.0,39487.9,4.0,7.0
5010877,6.0,82.0,26.5,Unknown,2.0,29212.52,0.0,3.0
9937492,12.0,146.0,36.0,Male,2.0,160549.41999999998,6.0,9.0
137061,15.0,181.0,31.5,Male,2.0,135171.63,4.0,7.0
702159,9.0,118.0,24.5,Male,2.0,44355.56,3.0,6.0
2383421,8.0,96.0,62.5,Unknown,2.0,24350.2,2.0,5.0
5240579,7.0,90.0,57.5,Unknown,2.0,84838.87,0.0,3.0
8711355,14.0,174.0,55.0,Male,2.0,113604.89,2.0,5.0
8551108,6.0,82.0,32.5,Unknown,3.0,60104.11,1.0,4.0
4346589,4.0,57.0,40.0,Unknown,2.0,27457.63,6.0,9.0
9572729,2.0,33.0,63.5,Male,3.0,39850.29,6.0,9.0
3202622,15.0,190.0,52.0,Female,2.0,148587.74,2.0,5.0
135969,26.0,318.0,82.5,Female,2.0,269488.02,4.0,7.0
2477801,22.0,270.0,32.5,Male,3.0,260069.43,3.0,6.0
8402513,5.0,71.0,22.0,Unknown,2.0,25169.92,2.0,5.0
7026657,15.0,187.0,39.0,Female,2.0,43029.06,6.0,9.0
3140144,16.0,199.0,68.0,Male,2.0,517256.41,3.0,7.0
3302208,15.0,189.0,64.0,Male,2.0,44395.14,4.0,7.0
4674375,14.0,173.0,48.5,Male,4.0,1065318.56,6.0,9.0
3949276,27.0,330.0,46.5,Male,3.0,98466.36,1.0,4.0
6933576,7.0,86.0,44.0,Unknown,2.0,44347.95,3.0,6.0
41652,7.0,86.0,55.0,Unknown,2.0,32307.6,0.0,3.0
7051626,15.0,184.0,39.0,Male,2.0,76651.2,2.0,5.0
2965989,14.0,174.0,41.5,Male,2.0,75526.16,3.0,6.0
1326392,14.0,168.0,49.5,Female,2.0,79893.76999999999,3.0,6.0
7649374,4.0,59.0,70.0,Unknown,2.0,36390.69,3.0,7.0
148445,9.0,119.0,64.0,Male,2.0,535230.62,6.0,9.0
3940649,28.0,336.0,55.5,Male,3.0,277072.15,5.0,8.0
6469222,10.0,131.0,45.5,Male,2.0,32745.07,4.0,7.0
7418291,8.0,99.0,55.0,Unknown,2.0,42503.5,1.0,4.0
221385,4.0,58.0,31.0,Unknown,2.0,44791.13,6.0,9.0
1450289,11.0,143.0,49.5,Female,4.0,209681.1,2.0,5.0
435757,16.0,193.0,48.0,Male,2.0,115100.05,1.0,4.0
7505821,7.0,92.0,57.0,Unknown,2.0,24765.06,6.0,9.0
7404832,22.0,275.0,40.0,Female,2.0,397755.55,4.0,7.0
7573647,21.0,263.0,53.0,Female,4.0,387698.57,6.0,9.0
198652,21.0,259.0,36.5,Male,2.0,70382.72,3.0,6.0
9174792,18.0,223.0,52.5,Male,2.0,40031.09,2.0,5.0
4295057,16.0,198.0,46.5,Male,2.0,227424.22,4.0,7.0
2158797,10.0,128.0,28.5,Female,2.0,36504.93,6.0,9.0
7289266,5.0,66.0,52.0,Female,2.0,119399.34,0.0,3.0
3421897,5.0,64.0,26.5,Unknown,2.0,70936.62,1.0,4.0
4134354,15.0,187.0,64.0,Male,2.0,77178.25,2.0,5.0
1273901,5.0,67.0,55.5,Female,2.0,29006.03,1.0,4.0
5745157,6.0,75.0,62.5,Unknown,2.0,164023.94,2.0,5.0
6461191,5.0,62.0,54.0,Unknown,2.0,95369.4,3.0,7.0
3347344,5.0,68.0,25.5,Unknown,2.0,27788.2,1.0,4.0
8581712,11.0,133.0,63.0,Male,4.0,188401.03,3.0,6.0
8319726,6.0,75.0,26.5,Unknown,2.0,39306.3,3.0,6.0
5244527,6.0,75.0,27.0,Unknown,2.0,26278.46,0.0,3.0
7950669,8.0,107.0,59.0,Male,2.0,114811.33,1.0,4.0
1607661,5.0,66.0,49.0,Unknown,2.0,25002.35,0.0,3.0
9726084,4.0,59.0,27.5,Male,2.0,49369.86,6.0,9.0
1323239,12.0,145.0,62.0,Male,2.0,30032.38,4.0,7.0
5351642,5.0,70.0,25.5,Unknown,2.0,40168.27,6.0,9.0
955190,12.0,155.0,37.5,Female,2.0,43564.17999999999,0.0,3.0
5682609,14.0,168.0,67.5,Male,2.0,152941.97999999998,2.0,6.0
247960,6.0,74.0,54.5,Male,2.0,282742.71,6.0,9.0
8916656,4.0,48.0,23.5,Unknown,2.0,47231.85,2.0,5.0
2276962,10.0,129.0,46.5,Male,2.0,81886.51999999999,1.0,4.0
5363409,4.0,59.0,64.0,Male,2.0,70877.06,6.0,9.0
9707859,8.0,105.0,68.5,Unknown,2.0,40103.08,0.0,3.0
370633,30.0,361.0,25.0,Female,2.0,38510.93,3.0,6.0
837349,6.0,79.0,32.5,Unknown,3.0,110504.13,6.0,9.0
7045011,16.0,193.0,38.5,Unknown,2.0,34432.64,1.0,4.0
8298599,21.0,253.0,58.0,Male,2.0,457429.81,3.0,6.0
6977934,8.0,104.0,25.5,Male,2.0,37923.41,1.0,5.0
4411400,6.0,81.0,22.5,Female,2.0,44218.75,1.0,4.0
1328085,15.0,191.0,54.0,Female,2.0,45072.37,2.0,5.0
4191804,4.0,57.0,47.0,Female,2.0,49794.1,3.0,6.0
7224626,14.0,169.0,58.0,Male,2.0,113627.67,0.0,4.0
5859609,12.0,146.0,66.5,Female,2.0,254137.76,5.0,8.0
2066750,15.0,181.0,51.0,Female,2.0,32307.66,1.0,4.0
5932378,36.0,442.0,52.5,Male,4.0,805502.8200000001,2.0,5.0
4343495,12.0,144.0,33.5,Female,2.0,86545.58,2.0,5.0
5429020,6.0,82.0,38.5,Male,2.0,32859.3,0.0,3.0
7542530,6.0,75.0,40.0,Male,2.0,26852.95,0.0,3.0
255743,3.0,36.0,58.5,Unknown,2.0,114767.38,1.0,4.0
353628,10.0,130.0,54.0,Female,2.0,41480.33,0.0,3.0
4015553,4.0,58.0,23.5,Unknown,3.0,39674.16,5.0,8.0
9321160,11.0,141.0,31.0,Male,3.0,43815.37,2.0,5.0
1731766,13.0,166.0,32.5,Female,3.0,140704.55,4.0,7.0
9410549,11.0,136.0,51.5,Male,2.0,136015.72,5.0,8.0
397404,15.0,180.0,33.5,Female,2.0,39094.88,1.0,4.0
1811795,27.0,324.0,28.0,Female,2.0,58336.11,0.0,3.0
915892,4.0,59.0,71.0,Unknown,2.0,25826.0,1.0,4.0
8116686,5.0,68.0,48.5,Unknown,2.0,54550.51,6.0,9.0
4173631,9.0,113.0,27.0,Male,2.0,86882.18,1.0,4.0
5257748,6.0,77.0,52.5,Female,2.0,48582.32,2.0,5.0
4649308,7.0,93.0,57.5,Female,3.0,262217.76,6.0,9.0
5706601,9.0,108.0,28.5,Male,3.0,234167.16,1.0,4.0
6324492,12.0,154.0,47.0,Female,3.0,38631.43,1.0,4.0
6120216,4.0,58.0,29.0,Unknown,2.0,67656.01,4.0,7.0
4091136,6.0,78.0,23.0,Unknown,2.0,38530.52,2.0,5.0
2903115,6.0,74.0,37.5,Unknown,2.0,68557.26999999999,1.0,4.0
7019406,5.0,66.0,60.0,Female,2.0,117442.49,2.0,5.0
2400763,6.0,79.0,71.5,Unknown,2.0,60498.67,4.0,7.0
3526585,12.0,147.0,37.0,Female,2.0,55972.77,2.0,5.0
6586073,5.0,71.0,30.0,Unknown,2.0,89109.1,1.0,4.0
3132053,23.0,287.0,67.5,Female,2.0,117477.24,5.0,8.0
7682575,21.0,254.0,51.5,Male,3.0,527786.01,6.0,9.0
2325253,21.0,253.0,64.0,Unknown,2.0,32932.35,6.0,9.0
6992250,20.0,242.0,68.5,Female,3.0,130022.59,5.0,8.0
68276,19.0,238.0,59.5,Male,3.0,140757.33000000002,6.0,9.0
4702213,19.0,235.0,56.5,Female,3.0,122710.68,6.0,9.0
3377453,5.0,71.0,20.0,Unknown,2.0,30450.0,0.0,3.0
8664980,12.0,148.0,31.0,Male,4.0,273955.91,6.0,9.0
4233560,5.0,66.0,24.5,Unknown,2.0,51986.46,3.0,6.0
4849787,9.0,116.0,40.0,Male,3.0,181649.33,6.0,9.0
4902397,6.0,82.0,50.0,Unknown,2.0,714315.62,6.0,9.0
9707723,27.0,335.0,62.0,Female,2.0,135256.96,0.0,3.0
2556751,8.0,100.0,61.5,Unknown,4.0,223095.69,6.0,9.0
7538160,15.0,182.0,31.5,Male,2.0,55846.92999999999,4.0,7.0
3282524,14.0,174.0,34.0,Female,2.0,38031.33,3.0,6.0
7224020,8.0,103.0,50.5,Unknown,2.0,43249.65,1.0,4.0
334785,3.0,47.0,59.0,Male,3.0,425627.84,6.0,9.0
5087535,30.0,371.0,80.0,Female,2.0,217385.78,0.0,3.0
2223495,5.0,62.0,61.0,Male,2.0,174175.81,6.0,9.0
4418079,16.0,193.0,56.5,Female,2.0,33679.57,1.0,4.0
487462,9.0,118.0,40.5,Male,2.0,47010.38,0.0,3.0
806955,4.0,58.0,24.5,Female,2.0,49264.92,6.0,9.0
1305341,6.0,80.0,62.0,Unknown,2.0,48223.22,0.0,3.0
5112160,10.0,120.0,38.5,Female,2.0,30153.25,0.0,3.0
8389879,6.0,83.0,31.5,Unknown,2.0,58608.72,2.0,5.0
3177299,6.0,73.0,55.0,Unknown,2.0,62920.11,2.0,5.0
647485,11.0,140.0,57.0,Male,2.0,58249.2,0.0,3.0
5178136,12.0,150.0,35.5,Male,2.0,33048.22,0.0,3.0
6163617,4.0,57.0,20.0,Unknown,2.0,25026.79,3.0,6.0
494159,11.0,143.0,54.5,Male,2.0,170964.82,3.0,6.0
8726816,6.0,73.0,71.5,Unknown,2.0,438617.85,1.0,4.0
5715957,4.0,59.0,22.0,Unknown,3.0,44414.03999999999,2.0,5.0
4863739,8.0,98.0,30.0,Unknown,2.0,34868.36,0.0,3.0
4097842,12.0,146.0,45.0,Male,2.0,41684.42,0.0,3.0
5679801,20.0,242.0,36.0,Female,2.0,92498.34,0.0,3.0
1464215,6.0,77.0,39.5,Unknown,2.0,48682.92,0.0,3.0
897407,10.0,124.0,23.5,Male,4.0,96486.07,3.0,6.0
8671563,26.0,313.0,54.5,Male,2.0,50665.41,4.0,7.0
7830661,27.0,327.0,57.5,Female,2.0,50970.91,0.0,3.0
4938865,16.0,200.0,49.0,Male,2.0,432018.33,6.0,9.0
217950,10.0,128.0,39.0,Female,2.0,54415.53999999999,0.0,3.0
3685946,4.0,58.0,33.0,Male,2.0,43119.03,0.0,3.0
9744037,13.0,167.0,33.0,Male,3.0,128723.92,3.0,6.0
7588562,29.0,359.0,65.0,Female,2.0,195357.72,4.0,7.0
2341832,13.0,163.0,28.5,Female,3.0,27817.26,6.0,9.0
9202636,7.0,94.0,50.0,Unknown,2.0,40782.42999999999,4.0,7.0
6312909,23.0,282.0,18.5,Male,2.0,75633.11,6.0,9.0
4863721,23.0,276.0,27.0,Unknown,2.0,52481.64,2.0,5.0
3340481,22.0,272.0,52.5,Male,3.0,326268.07,5.0,8.0
1764645,22.0,269.0,44.0,Female,3.0,56092.13,6.0,9.0
5831736,22.0,268.0,69.5,Male,3.0,124308.83,4.0,7.0
6632127,22.0,267.0,67.0,Female,2.0,26208.69,4.0,7.0
9984010,23.0,277.0,47.5,Male,4.0,337148.1,5.0,8.0
9811880,21.0,262.0,59.5,Female,2.0,37954.32,3.0,6.0
7798262,20.0,251.0,24.0,Male,2.0,31060.08,6.0,9.0
9587681,23.0,285.0,62.0,Male,2.0,416404.73,6.0,9.0
8706967,20.0,243.0,39.5,Female,3.0,55790.23,5.0,8.0
5389894,17.0,212.0,48.0,Female,3.0,173547.7,0.0,3.0
8997981,17.0,211.0,38.0,Male,2.0,77887.41,1.0,4.0
4913101,17.0,210.0,37.5,Male,3.0,334196.77,6.0,9.0
7925863,17.0,207.0,51.5,Male,3.0,99180.15,6.0,9.0
9064174,21.0,261.0,49.0,Female,2.0,58641.98,5.0,8.0
3396616,6.0,78.0,47.0,Unknown,3.0,64901.46,6.0,9.0
2380669,33.0,400.0,74.5,Male,2.0,172510.15999999997,6.0,9.0
1397506,28.0,336.0,77.5,Female,2.0,110184.74,6.0,9.0
2199998,15.0,184.0,50.0,Female,2.0,70847.58,6.0,9.0
507390,4.0,59.0,68.0,Unknown,2.0,46255.38,4.0,7.0
2457788,15.0,189.0,38.5,Female,2.0,35087.7,4.0,7.0
8675322,15.0,190.0,37.0,Male,2.0,146362.07,6.0,9.0
5385259,5.0,67.0,21.5,Unknown,2.0,29675.21,5.0,8.0
1464670,10.0,123.0,31.5,Male,2.0,92597.04,5.0,8.0
1815143,14.0,172.0,41.0,Male,3.0,431452.96,0.0,3.0
3080898,4.0,56.0,56.0,Unknown,2.0,42542.42,1.0,4.0
3876731,6.0,81.0,66.5,Unknown,2.0,46213.35,0.0,4.0
5449926,27.0,324.0,82.5,Unknown,3.0,302729.22,2.0,6.0
1579716,11.0,134.0,37.0,Male,2.0,35488.16,1.0,4.0
6745785,15.0,180.0,87.5,Male,2.0,86065.9,2.0,5.0
1135759,14.0,174.0,55.5,Male,4.0,722891.8200000001,6.0,9.0
7111965,6.0,78.0,22.5,Unknown,3.0,104792.1,6.0,9.0
7026862,4.0,58.0,58.5,Male,2.0,421311.88,4.0,8.0
5691316,5.0,69.0,29.5,Unknown,4.0,122218.25,6.0,9.0
7935876,5.0,68.0,27.5,Unknown,2.0,55133.47,3.0,6.0
6434156,16.0,199.0,49.0,Male,2.0,482450.83,5.0,9.0
8344435,4.0,59.0,62.5,Unknown,2.0,29993.37,0.0,3.0
8352329,5.0,69.0,31.0,Unknown,2.0,73758.5,6.0,9.0
6740665,13.0,162.0,62.0,Male,2.0,111788.7,1.0,4.0
7502474,15.0,181.0,34.5,Female,2.0,86964.23,3.0,6.0
5939402,9.0,111.0,70.0,Female,2.0,35541.57,6.0,9.0
9815914,14.0,172.0,35.5,Female,2.0,89489.87,0.0,3.0
3512476,8.0,105.0,50.5,Female,2.0,31766.82,0.0,3.0
1610962,13.0,166.0,35.5,Male,2.0,90295.57,6.0,9.0
5192165,5.0,69.0,21.0,Unknown,3.0,44065.52,6.0,9.0
4006246,14.0,169.0,53.5,Female,2.0,52809.75,6.0,9.0
3933656,7.0,85.0,54.5,Unknown,2.0,45296.71,4.0,7.0
9900807,15.0,191.0,32.0,Female,2.0,136084.4,3.0,6.0
2852145,11.0,140.0,25.5,Male,3.0,113323.32,2.0,5.0
4937035,8.0,106.0,27.0,Female,2.0,70132.57,2.0,5.0
9991998,16.0,198.0,63.0,Male,2.0,40797.25,0.0,3.0
5728757,24.0,292.0,29.5,Male,2.0,74545.25,4.0,7.0
7135930,25.0,300.0,44.5,Male,2.0,180668.39,1.0,4.0
183713,24.0,292.0,51.0,Male,4.0,398062.26,6.0,9.0
2077990,24.0,292.0,83.0,Male,2.0,79319.43,2.0,5.0
7811690,23.0,287.0,65.0,Female,3.0,346614.8,6.0,9.0
4681351,23.0,286.0,57.0,Female,3.0,55011.07,0.0,3.0
9849989,23.0,285.0,82.0,Male,2.0,32715.27,0.0,3.0
6398332,21.0,259.0,45.0,Unknown,2.0,50593.01,1.0,4.0
5903704,21.0,253.0,37.0,Female,2.0,130942.61,5.0,8.0
6296447,32.0,395.0,70.0,Male,2.0,2575774.97,6.0,9.0
5919168,18.0,221.0,45.0,Male,3.0,153345.87,5.0,8.0
4679194,8.0,103.0,31.5,Male,2.0,27829.32,3.0,6.0
3134968,12.0,151.0,53.5,Female,2.0,45388.36,1.0,4.0
7592123,24.0,289.0,33.0,Male,2.0,33602.07,0.0,3.0
9852469,13.0,163.0,66.5,Male,2.0,48952.2,5.0,8.0
4330733,5.0,64.0,52.5,Male,2.0,413584.45,6.0,9.0
5222638,14.0,179.0,53.5,Male,2.0,31711.55,4.0,7.0
8006275,12.0,154.0,62.0,Unknown,2.0,61893.57,1.0,4.0
9043680,5.0,62.0,54.5,Unknown,2.0,43711.73,1.0,4.0
5621121,15.0,181.0,82.0,Male,2.0,306929.29,1.0,4.0
9667497,28.0,337.0,27.0,Male,2.0,42791.97,0.0,3.0
7698179,5.0,71.0,23.5,Unknown,2.0,49487.36,2.0,5.0
2713833,8.0,102.0,52.0,Female,2.0,25933.46,1.0,4.0
6147140,2.0,34.0,27.0,Unknown,2.0,30852.01,6.0,9.0
8330343,5.0,71.0,53.5,Female,2.0,31512.96,0.0,3.0
2080835,13.0,159.0,62.0,Male,2.0,34974.5,1.0,4.0
2389810,7.0,90.0,63.5,Unknown,2.0,170498.27999999997,6.0,9.0
9685360,7.0,90.0,71.5,Unknown,2.0,294434.55,1.0,4.0
7146254,14.0,176.0,54.0,Female,2.0,65132.39,0.0,3.0
8008206,12.0,152.0,44.0,Female,2.0,110964.91,5.0,8.0
9182821,15.0,185.0,25.0,Male,2.0,97890.79,6.0,9.0
9840764,6.0,76.0,23.5,Unknown,2.0,72647.20999999999,6.0,9.0
8440209,6.0,76.0,57.0,Unknown,3.0,42409.46,2.0,5.0
5104594,6.0,72.0,57.0,Unknown,2.0,414547.23,4.0,7.0
904664,6.0,80.0,43.0,Unknown,2.0,189334.16,2.0,5.0
2581399,18.0,218.0,33.5,Male,2.0,78797.83,1.0,4.0
3103372,13.0,156.0,56.0,Female,2.0,33910.509999999995,4.0,7.0
9610974,14.0,169.0,37.0,Male,2.0,63114.94,4.0,7.0
3874471,5.0,66.0,53.5,Unknown,2.0,39948.79,3.0,6.0
7606754,8.0,103.0,31.0,Unknown,2.0,75175.44,2.0,5.0
3597994,10.0,130.0,37.0,Male,2.0,61640.95,1.0,4.0
616093,10.0,129.0,46.5,Male,2.0,82734.37,4.0,7.0
5301174,28.0,340.0,70.5,Female,3.0,1465651.5,6.0,9.0
8729528,8.0,104.0,46.5,Female,2.0,69428.19,2.0,5.0
5467823,12.0,151.0,29.5,Female,2.0,26780.1,0.0,3.0
2952340,11.0,140.0,58.0,Female,2.0,79445.69,3.0,7.0
2558586,23.0,282.0,50.5,Unknown,2.0,57493.67,4.0,7.0
5229498,21.0,262.0,40.0,Male,3.0,107799.99,6.0,9.0
6601169,22.0,269.0,52.5,Male,3.0,379166.94,0.0,3.0
6990863,6.0,73.0,70.0,Unknown,2.0,339660.84,3.0,6.0
6588643,6.0,83.0,35.5,Unknown,2.0,64614.25,6.0,9.0
2213365,9.0,110.0,53.5,Female,2.0,42449.92999999999,4.0,7.0
8032447,6.0,82.0,26.5,Unknown,2.0,59477.65,6.0,9.0
9726591,26.0,318.0,68.0,Male,2.0,89961.93,1.0,4.0
6976760,8.0,98.0,59.5,Female,2.0,39208.47,1.0,5.0
8790955,8.0,106.0,28.0,Male,4.0,104748.26,3.0,6.0
5836594,10.0,130.0,32.5,Male,2.0,41752.77,2.0,5.0
3493690,16.0,202.0,57.0,Female,4.0,437996.71,1.0,4.0
9875629,12.0,146.0,37.0,Male,3.0,100799.33,6.0,9.0
3558058,10.0,126.0,28.5,Male,2.0,98297.51,4.0,7.0
4468051,11.0,143.0,57.0,Male,3.0,327996.04,0.0,3.0
1934569,16.0,197.0,41.5,Male,2.0,27267.43,1.0,4.0
2433176,7.0,87.0,57.0,Unknown,2.0,57580.44,4.0,7.0
4126206,26.0,319.0,74.5,Female,3.0,674638.13,1.0,7.0
7812814,10.0,125.0,51.0,Female,2.0,83157.23,5.0,8.0
505849,15.0,181.0,36.0,Female,2.0,109205.72,5.0,8.0
9344444,4.0,59.0,62.5,Unknown,2.0,38296.57,6.0,9.0
2575333,6.0,83.0,41.5,Unknown,2.0,105614.11,0.0,3.0
4429332,9.0,108.0,65.5,Male,2.0,209247.94,6.0,9.0
3941036,15.0,190.0,44.0,Male,2.0,26058.46,1.0,4.0
7194058,3.0,45.0,58.0,Unknown,2.0,220617.74,1.0,5.0
8850138,25.0,307.0,20.5,Male,2.0,220843.4,3.0,6.0
9970735,6.0,80.0,38.0,Unknown,2.0,32090.87,2.0,5.0
6099173,15.0,183.0,44.0,Male,2.0,44931.35,0.0,3.0
5773935,8.0,97.0,57.5,Female,2.0,32218.33,5.0,8.0
2911637,8.0,100.0,37.0,Unknown,2.0,318417.57,6.0,9.0
6731265,13.0,166.0,69.5,Female,2.0,171623.61,4.0,7.0
4512887,9.0,113.0,28.0,Unknown,3.0,84554.64,4.0,7.0
5894548,7.0,94.0,36.0,Unknown,2.0,32010.17,0.0,3.0
3538261,13.0,167.0,46.5,Male,2.0,69638.17,0.0,3.0
650551,7.0,84.0,48.0,Unknown,2.0,95329.63,6.0,9.0
9762794,15.0,186.0,44.5,Female,3.0,102787.74,2.0,5.0
4598303,33.0,397.0,81.5,Male,2.0,866417.39,6.0,9.0
1526516,26.0,322.0,49.0,Female,2.0,76927.08,6.0,9.0
3645474,8.0,96.0,42.0,Unknown,2.0,39050.33,4.0,7.0
4558798,11.0,134.0,27.5,Female,3.0,63345.55,6.0,9.0
9552647,8.0,103.0,27.5,Female,2.0,76549.03,6.0,9.0
5486221,15.0,185.0,38.0,Male,2.0,99562.73,5.0,8.0
3719298,12.0,148.0,61.5,Male,2.0,24216.18,5.0,8.0
2229647,7.0,94.0,51.5,Unknown,2.0,62588.64,1.0,4.0
6574018,14.0,178.0,38.5,Female,2.0,64665.86,0.0,3.0
5549955,17.0,204.0,43.0,Female,2.0,60333.84,0.0,3.0
4658215,5.0,67.0,33.5,Male,2.0,41921.7,6.0,9.0
9447128,7.0,92.0,62.5,Female,2.0,97151.31,6.0,9.0
6076660,5.0,65.0,54.5,Unknown,3.0,525908.64,4.0,7.0
1435713,4.0,56.0,23.0,Male,2.0,45086.01,1.0,4.0
1610052,16.0,194.0,62.0,Female,2.0,629088.88,1.0,4.0
9686977,16.0,197.0,40.5,Male,2.0,67929.86,1.0,4.0
366500,13.0,163.0,60.0,Male,2.0,52501.62,2.0,5.0
2253226,13.0,166.0,64.5,Female,2.0,31857.12,0.0,3.0
1546841,8.0,101.0,61.0,Unknown,2.0,45380.67,3.0,6.0
3002873,6.0,79.0,43.5,Male,2.0,281602.21,5.0,8.0
4684324,6.0,83.0,66.0,Unknown,2.0,159596.81,6.0,9.0
8596702,8.0,106.0,39.5,Male,2.0,41744.86,0.0,3.0
9056159,31.0,380.0,63.5,Female,2.0,222185.9,4.0,7.0
1759759,20.0,251.0,34.0,Unknown,2.0,101994.42,6.0,9.0
6175402,20.0,250.0,46.0,Male,2.0,93384.67,3.0,6.0
8117183,21.0,253.0,55.0,Male,2.0,105620.81,6.0,9.0
3246048,18.0,227.0,60.0,Female,2.0,208383.44,5.0,8.0
8317382,18.0,225.0,75.5,Male,2.0,31668.3,2.0,5.0
9112083,17.0,215.0,46.0,Female,2.0,142948.41,0.0,3.0
7297910,48.0,576.0,45.0,Male,2.0,151921.4,2.0,6.0
9715509,23.0,281.0,43.5,Male,2.0,46056.41,0.0,3.0
2301536,7.0,89.0,65.5,Unknown,3.0,127178.46,6.0,9.0
6096252,4.0,59.0,24.5,Unknown,2.0,31387.89,0.0,3.0
4493570,9.0,118.0,53.0,Male,2.0,30468.14,0.0,3.0
423947,7.0,84.0,29.0,Unknown,2.0,111901.81,6.0,9.0
2465819,8.0,106.0,46.0,Female,2.0,49045.1,1.0,4.0
1678122,25.0,309.0,55.5,Female,2.0,156127.03999999998,1.0,4.0
992511,13.0,164.0,55.5,Male,2.0,34373.23,1.0,4.0
1484672,14.0,174.0,71.0,Female,2.0,118888.82,1.0,4.0
708185,9.0,116.0,39.0,Female,2.0,51624.05,4.0,7.0
545887,13.0,158.0,59.0,Male,2.0,509496.58,6.0,9.0
8120821,12.0,147.0,72.5,Male,2.0,400605.45,6.0,9.0
3664748,6.0,72.0,38.5,Unknown,2.0,37376.45,0.0,3.0
5129320,13.0,166.0,53.5,Male,2.0,34993.14,2.0,5.0
4547851,9.0,112.0,54.0,Unknown,2.0,56466.27,0.0,3.0
433098,6.0,73.0,25.0,Unknown,2.0,34419.619999999995,2.0,5.0
2630731,14.0,169.0,62.0,Female,2.0,203494.3,4.0,7.0
3298248,28.0,337.0,74.0,Male,2.0,1168560.66,1.0,4.0
3944686,6.0,80.0,35.0,Unknown,2.0,54605.51,1.0,4.0
8089000,12.0,148.0,63.5,Female,2.0,221765.07,6.0,9.0
8109162,16.0,202.0,34.0,Male,2.0,88108.44,0.0,3.0
7214648,11.0,135.0,46.0,Female,2.0,73421.14,0.0,3.0
7855539,15.0,184.0,31.5,Female,2.0,155651.93,3.0,6.0
9817536,16.0,196.0,43.0,Female,2.0,64650.34,6.0,9.0
2517041,6.0,72.0,24.0,Unknown,3.0,87548.98,5.0,8.0
4622977,5.0,68.0,60.5,Female,2.0,193175.59000000003,3.0,6.0
1433050,6.0,78.0,53.5,Male,2.0,103500.15,6.0,9.0
2643833,10.0,128.0,26.5,Male,2.0,38174.69,0.0,3.0
4360260,7.0,84.0,50.5,Unknown,2.0,33519.24,1.0,4.0
3492192,5.0,70.0,42.0,Unknown,2.0,36304.15,6.0,9.0
9180110,7.0,92.0,55.0,Unknown,2.0,114834.43,1.0,4.0
2026560,6.0,73.0,45.0,Unknown,2.0,66434.79000000001,1.0,4.0
8674375,15.0,180.0,54.5,Male,2.0,139298.47,1.0,4.0
5850402,5.0,61.0,54.5,Male,2.0,467732.29,1.0,4.0
9604349,15.0,189.0,46.0,Male,2.0,412980.48,0.0,3.0
6662820,11.0,138.0,52.0,Female,2.0,155407.47999999998,5.0,8.0
2750619,4.0,57.0,23.5,Unknown,2.0,30748.77,0.0,3.0
3137209,13.0,166.0,42.5,Male,2.0,31303.58,4.0,7.0
2935833,8.0,102.0,48.0,Unknown,3.0,150177.63,6.0,9.0
5146305,6.0,73.0,39.0,Unknown,3.0,56183.53,1.0,4.0
7128753,5.0,60.0,17.5,Unknown,2.0,30194.57,1.0,4.0
4283025,8.0,107.0,28.5,Male,2.0,105044.02,6.0,9.0
955795,14.0,178.0,45.0,Male,2.0,48110.91,0.0,3.0
9972747,7.0,84.0,27.0,Unknown,4.0,163828.64,6.0,9.0
5941144,9.0,110.0,28.0,Male,2.0,131319.19,6.0,9.0
127396,23.0,287.0,56.5,Female,2.0,81633.45,0.0,4.0
4851874,22.0,272.0,61.5,Male,3.0,278227.14,6.0,9.0
1086941,21.0,263.0,42.5,Female,3.0,57447.82,6.0,9.0
557808,21.0,259.0,47.5,Female,3.0,183570.7,6.0,9.0
1558079,20.0,250.0,67.0,Male,2.0,79527.70999999999,6.0,9.0
8499074,20.0,249.0,20.5,Male,2.0,45160.97,3.0,6.0
1828116,20.0,243.0,59.5,Unknown,2.0,41932.34,3.0,6.0
8133512,18.0,226.0,56.5,Female,3.0,193818.07,1.0,4.0
1089374,16.0,194.0,70.0,Male,2.0,272213.04,4.0,8.0
3050536,7.0,93.0,74.5,Unknown,2.0,69096.36,6.0,9.0
3763175,8.0,104.0,66.5,Female,2.0,123314.4,5.0,8.0
2437021,6.0,76.0,33.0,Unknown,2.0,57564.55,1.0,4.0
242922,15.0,189.0,48.5,Male,2.0,184026.78,3.0,6.0
5025010,16.0,193.0,28.5,Male,2.0,106163.57,6.0,9.0
5448626,4.0,58.0,36.0,Unknown,2.0,25918.64,1.0,4.0
1003756,10.0,130.0,22.5,Female,3.0,27796.12,0.0,3.0
8653648,9.0,113.0,24.5,Female,2.0,24576.06,1.0,5.0
6412806,15.0,186.0,43.0,Male,2.0,115888.41,2.0,5.0
959159,5.0,60.0,31.0,Unknown,2.0,44444.55,6.0,9.0
1631224,12.0,147.0,61.5,Male,3.0,591874.9800000001,2.0,5.0
7848377,16.0,194.0,61.5,Male,2.0,215046.03,2.0,5.0
7009981,8.0,97.0,57.5,Unknown,2.0,119352.84,6.0,9.0
3382804,12.0,146.0,37.0,Male,2.0,66566.69,3.0,6.0
421124,16.0,198.0,57.5,Female,2.0,118810.34,1.0,4.0
8386364,13.0,158.0,67.5,Female,2.0,148477.55,1.0,4.0
7657287,8.0,107.0,36.5,Female,2.0,60266.84,5.0,8.0
8189543,10.0,130.0,43.0,Male,2.0,30224.78,2.0,5.0
4590122,8.0,96.0,82.5,Unknown,2.0,314989.02,5.0,8.0
5194608,8.0,96.0,66.5,Male,2.0,238952.98,6.0,9.0
4551629,14.0,170.0,36.5,Male,2.0,409253.97,6.0,9.0
6060991,14.0,179.0,31.5,Female,2.0,31601.91,0.0,3.0
4366013,8.0,100.0,58.0,Unknown,2.0,27157.29,5.0,8.0
1665632,7.0,86.0,64.5,Female,2.0,44690.44,0.0,3.0
1701631,4.0,58.0,22.5,Unknown,2.0,30630.25,6.0,9.0
3038062,7.0,84.0,27.0,Unknown,2.0,55714.07,6.0,9.0
9189182,14.0,178.0,52.5,Unknown,2.0,49988.32,0.0,3.0
3278374,10.0,129.0,67.5,Female,2.0,27947.22,0.0,3.0
8397371,15.0,181.0,52.5,Male,3.0,434608.79,5.0,8.0
7772017,14.0,169.0,35.5,Female,2.0,89983.29,0.0,3.0
6034023,5.0,71.0,53.0,Unknown,2.0,60244.01,0.0,4.0
5432889,8.0,106.0,22.0,Male,2.0,27484.3,3.0,6.0
5388250,10.0,123.0,66.0,Female,2.0,81458.61,1.0,4.0
8515040,5.0,61.0,52.0,Male,3.0,42135.56,2.0,6.0
9440593,15.0,182.0,30.0,Unknown,2.0,45340.61,5.0,8.0
7621143,6.0,72.0,49.5,Unknown,2.0,34986.34,6.0,9.0
5931747,12.0,145.0,53.0,Female,2.0,80120.42,0.0,3.0
7598151,9.0,110.0,27.5,Male,2.0,34957.85,1.0,4.0
9857870,14.0,169.0,44.0,Male,2.0,87361.57,0.0,3.0
5471650,5.0,66.0,59.0,Female,3.0,80185.57,5.0,8.0
6601799,13.0,156.0,65.0,Female,2.0,27695.26,4.0,7.0
4757789,6.0,74.0,42.5,Unknown,3.0,98603.58,6.0,9.0
3491788,11.0,142.0,33.5,Unknown,2.0,112767.07,3.0,6.0
7843744,13.0,158.0,51.5,Female,3.0,927520.84,6.0,9.0
175907,13.0,161.0,42.0,Female,2.0,69070.79000000001,4.0,7.0
1411120,6.0,72.0,58.0,Female,4.0,88167.18,4.0,7.0
6510552,24.0,290.0,75.0,Male,2.0,143229.95,6.0,9.0
3861021,23.0,276.0,56.0,Female,2.0,214233.2,5.0,8.0
8397993,22.0,274.0,53.5,Female,2.0,62655.01,6.0,9.0
5830630,22.0,267.0,19.0,Female,2.0,29859.08,0.0,3.0
2734383,22.0,267.0,42.5,Male,5.0,382951.28,6.0,9.0
7364870,20.0,251.0,74.5,Female,2.0,66319.94,6.0,9.0
5137223,25.0,311.0,55.5,Female,2.0,31140.2,5.0,8.0
5719625,20.0,243.0,50.5,Female,3.0,66627.26,6.0,9.0
1276788,19.0,229.0,57.5,Female,3.0,91610.66,1.0,4.0
6725926,18.0,226.0,56.0,Male,3.0,160875.13,0.0,3.0
6818591,15.0,190.0,62.0,Unknown,2.0,73929.51999999999,0.0,3.0
9725677,6.0,83.0,66.5,Unknown,2.0,35189.61,1.0,5.0
6077122,6.0,83.0,27.5,Unknown,2.0,58499.75,6.0,9.0
4871965,4.0,54.0,55.5,Unknown,3.0,137893.97,6.0,9.0
6107725,5.0,67.0,29.0,Unknown,2.0,38949.28,4.0,7.0
2239313,8.0,100.0,36.0,Unknown,2.0,41006.61,5.0,8.0
5925836,13.0,166.0,53.5,Female,2.0,27792.9,2.0,5.0
7492583,10.0,121.0,39.5,Male,2.0,54706.92,6.0,9.0
8112313,9.0,109.0,37.0,Female,2.0,27439.49,4.0,7.0
3000918,6.0,79.0,42.5,Unknown,2.0,36542.84,3.0,6.0
5453206,11.0,142.0,62.0,Male,3.0,258050.76,2.0,5.0
5441500,14.0,173.0,50.0,Male,3.0,188814.54,5.0,8.0
757967,6.0,79.0,23.0,Unknown,2.0,55079.58,6.0,9.0
9320265,5.0,66.0,68.5,Female,2.0,56508.42,6.0,9.0
3987410,15.0,190.0,27.5,Male,2.0,69805.98,1.0,4.0
2000088,10.0,130.0,33.5,Male,2.0,23999.68,0.0,3.0
6446363,34.0,413.0,28.5,Male,2.0,137292.83000000002,6.0,9.0
1243211,6.0,72.0,28.0,Unknown,2.0,45339.67,0.0,3.0
7981200,7.0,84.0,30.0,Unknown,3.0,77496.12,5.0,8.0
8419538,13.0,159.0,72.0,Female,2.0,596093.3300000001,5.0,8.0
6219019,21.0,259.0,64.5,Female,2.0,29786.99,3.0,6.0
3452580,7.0,89.0,27.0,Unknown,2.0,36278.67,2.0,5.0
8903909,6.0,81.0,66.0,Unknown,2.0,171344.21000000002,4.0,7.0
9966028,5.0,65.0,28.5,Unknown,3.0,31115.92,1.0,4.0
9102987,5.0,70.0,60.0,Unknown,2.0,64514.07,3.0,6.0
922098,12.0,144.0,54.5,Male,2.0,24960.27,2.0,5.0
1463931,21.0,253.0,62.0,Female,2.0,39060.23,2.0,5.0
9501838,12.0,154.0,61.5,Unknown,2.0,29626.72,0.0,3.0
5415319,4.0,48.0,22.0,Unknown,2.0,76201.16,6.0,9.0
6926890,23.0,278.0,66.0,Male,2.0,29435.83,0.0,4.0
3863719,4.0,57.0,58.0,Male,3.0,39771.13,3.0,6.0
5567038,4.0,59.0,25.0,Unknown,2.0,31672.16,1.0,4.0
4928146,5.0,71.0,55.5,Unknown,2.0,33402.119999999995,5.0,8.0
7781142,20.0,250.0,65.5,Male,3.0,936562.08,5.0,8.0
6692086,6.0,75.0,35.5,Unknown,2.0,62570.51,0.0,3.0
5231347,5.0,68.0,43.5,Unknown,2.0,75452.25,1.0,4.0
9370301,9.0,118.0,54.5,Male,2.0,78559.12,0.0,3.0
4051239,18.0,216.0,60.5,Female,2.0,65346.94,0.0,3.0
7332483,6.0,76.0,61.0,Female,2.0,254598.9,3.0,7.0
4718233,9.0,115.0,28.0,Unknown,2.0,30603.54,1.0,4.0
8547760,10.0,120.0,64.0,Female,2.0,209077.55,1.0,4.0
5408511,14.0,175.0,27.5,Male,2.0,50025.14,3.0,6.0
9903340,5.0,60.0,55.5,Unknown,2.0,38179.04,6.0,9.0
3881810,11.0,139.0,54.5,Female,2.0,87530.34,1.0,4.0
9002605,16.0,194.0,46.5,Male,3.0,789261.9500000001,6.0,9.0
3284569,7.0,95.0,68.0,Unknown,2.0,34005.32,2.0,5.0
5226265,8.0,105.0,45.5,Female,2.0,29887.82,6.0,9.0
2030511,17.0,205.0,51.0,Female,2.0,47915.63,1.0,4.0
4073402,15.0,180.0,38.5,Male,3.0,357420.71,5.0,8.0
7572090,17.0,211.0,51.5,Female,2.0,79870.29000000001,1.0,4.0
6128401,19.0,235.0,65.0,Female,2.0,31333.03,0.0,3.0
4158625,24.0,289.0,77.5,Female,2.0,142163.27000000002,6.0,9.0
1194972,24.0,289.0,30.0,Male,5.0,57503.89,6.0,9.0
7147550,20.0,248.0,28.0,Female,2.0,36207.64,3.0,6.0
1479488,19.0,233.0,71.0,Male,2.0,35266.66,1.0,4.0
1651188,19.0,229.0,39.5,Female,3.0,316699.48,4.0,7.0
5215138,18.0,226.0,42.0,Unknown,2.0,76814.64,3.0,6.0
2052647,18.0,224.0,31.5,Male,3.0,77358.23999999999,6.0,9.0
8078495,37.0,454.0,91.5,Male,2.0,199507.06,6.0,9.0
196635,6.0,82.0,19.5,Unknown,2.0,28903.39,0.0,3.0
111162,5.0,60.0,33.0,Male,2.0,46694.66,5.0,8.0
3444839,8.0,103.0,81.0,Unknown,2.0,225374.96,1.0,5.0
5911010,8.0,106.0,74.0,Female,2.0,58229.56,6.0,9.0
8925648,7.0,88.0,41.0,Female,2.0,55090.39,2.0,5.0
4528485,15.0,189.0,34.5,Female,2.0,44935.23,2.0,5.0
1694342,4.0,57.0,28.5,Unknown,2.0,47956.92999999999,6.0,9.0
7920028,7.0,85.0,61.0,Unknown,3.0,71459.23,1.0,4.0
7145300,7.0,90.0,67.0,Unknown,2.0,454732.58,4.0,7.0
7883306,6.0,78.0,33.5,Unknown,2.0,32848.369999999995,2.0,5.0
5181289,6.0,80.0,51.0,Unknown,2.0,267190.71,1.0,4.0
7817761,14.0,170.0,37.5,Unknown,2.0,65587.68,2.0,5.0
1803928,16.0,193.0,53.0,Female,2.0,150945.8,6.0,9.0
338292,6.0,73.0,62.5,Unknown,2.0,353975.92,4.0,7.0
2041444,11.0,142.0,49.5,Male,2.0,85120.01,2.0,5.0
2482282,4.0,58.0,36.0,Unknown,3.0,51817.13,1.0,4.0
1939726,5.0,69.0,49.5,Unknown,2.0,112460.69,1.0,4.0
3825423,11.0,138.0,65.5,Female,3.0,706374.7300000001,4.0,7.0
2677300,4.0,58.0,23.0,Unknown,2.0,43255.46,6.0,9.0
522181,14.0,175.0,53.5,Female,2.0,41005.59,2.0,5.0
5429577,13.0,164.0,34.5,Male,2.0,151776.45,5.0,8.0
9886872,13.0,156.0,34.5,Male,2.0,40787.17999999999,2.0,5.0
4833921,3.0,43.0,43.5,Unknown,2.0,53544.28,0.0,3.0
4350732,4.0,58.0,46.5,Unknown,2.0,215697.41,0.0,3.0
7968918,6.0,82.0,27.5,Unknown,2.0,30820.14,0.0,3.0
8248088,6.0,83.0,30.0,Unknown,2.0,43615.05,1.0,4.0
3135162,27.0,326.0,66.0,Male,2.0,302742.41,6.0,9.0
5735570,37.0,451.0,73.0,Male,3.0,6000386.82,6.0,9.0
9629829,9.0,116.0,55.0,Male,2.0,270314.65,2.0,5.0
4631808,13.0,163.0,45.5,Female,2.0,24617.26,3.0,6.0
4036686,13.0,162.0,67.5,Male,2.0,422407.76,4.0,7.0
4709898,15.0,190.0,57.5,Female,2.0,32677.57,2.0,5.0
5452808,8.0,103.0,31.0,Unknown,4.0,146012.24,6.0,9.0
4516293,8.0,97.0,44.0,Unknown,2.0,24672.26,2.0,5.0
5424154,3.0,47.0,33.0,Unknown,2.0,37600.96,2.0,5.0
8460001,11.0,133.0,39.0,Male,2.0,53466.78999999999,2.0,5.0
2785558,14.0,179.0,55.0,Female,2.0,54770.84,0.0,3.0
1934386,23.0,277.0,61.0,Female,2.0,29388.52,4.0,7.0
2001185,22.0,270.0,57.0,Male,3.0,140494.22,4.0,7.0
5119215,21.0,254.0,22.5,Female,2.0,33761.57,2.0,5.0
5800774,20.0,251.0,74.0,Female,2.0,39953.39,2.0,5.0
5122438,20.0,250.0,63.0,Female,2.0,134521.66,1.0,4.0
7794643,20.0,250.0,64.5,Male,3.0,210931.78,2.0,5.0
2333786,19.0,228.0,44.5,Male,2.0,173859.52000000002,0.0,3.0
7621726,18.0,226.0,67.0,Female,2.0,33314.29,2.0,5.0
5616378,18.0,220.0,46.5,Male,5.0,333399.95,6.0,9.0
9994407,17.0,205.0,37.5,Male,2.0,111781.05,1.0,4.0
5198962,10.0,128.0,23.5,Female,2.0,29477.45,3.0,6.0
4515143,7.0,86.0,27.5,Unknown,3.0,84485.08,0.0,3.0
6847142,7.0,84.0,52.5,Male,2.0,63252.01,6.0,9.0
6657338,4.0,58.0,22.0,Unknown,2.0,32814.78,0.0,3.0
9521500,5.0,69.0,31.0,Unknown,2.0,60209.49,5.0,8.0
8343597,14.0,168.0,58.5,Male,2.0,136758.51,5.0,8.0
8463143,11.0,135.0,30.5,Male,2.0,67818.95,3.0,6.0
8466565,11.0,143.0,34.5,Male,2.0,36177.4,0.0,3.0
7344092,6.0,80.0,22.5,Female,2.0,26190.26,0.0,3.0
5599611,16.0,192.0,71.5,Male,2.0,59125.82,6.0,9.0
7900842,16.0,203.0,58.5,Female,2.0,344394.71,2.0,5.0
1529027,6.0,77.0,35.0,Male,2.0,24511.53,1.0,4.0
9776116,15.0,181.0,50.0,Female,2.0,31859.9,6.0,9.0
629394,10.0,124.0,32.5,Male,2.0,83540.54999999999,3.0,6.0
6421234,9.0,108.0,44.0,Female,2.0,56743.54,5.0,8.0
1370785,4.0,52.0,36.5,Male,2.0,54983.51,5.0,8.0
4436159,12.0,154.0,62.5,Male,2.0,33578.8,0.0,3.0
9666391,10.0,120.0,60.5,Female,2.0,85120.6,1.0,4.0
4893648,23.0,282.0,39.5,Female,2.0,59472.0,1.0,4.0
6642182,7.0,85.0,46.5,Unknown,2.0,62474.86,1.0,4.0
6680204,6.0,83.0,46.0,Unknown,2.0,122667.82,6.0,9.0
4663714,6.0,74.0,26.0,Unknown,2.0,43164.67,0.0,3.0
1667303,14.0,177.0,56.0,Male,2.0,56098.07,1.0,4.0
6739923,10.0,128.0,48.5,Female,2.0,368658.9,6.0,9.0
9404094,8.0,97.0,37.0,Unknown,2.0,85849.26,1.0,4.0
1384935,4.0,58.0,33.0,Unknown,3.0,125330.38,6.0,9.0
7367110,12.0,155.0,34.5,Male,2.0,30015.08,0.0,3.0
1456379,23.0,276.0,27.0,Female,2.0,27320.33,2.0,5.0
4589823,4.0,55.0,24.5,Male,2.0,30140.83,0.0,3.0
7272255,6.0,78.0,34.5,Unknown,2.0,34292.02,0.0,3.0
3114370,7.0,94.0,67.5,Unknown,2.0,53011.53999999999,4.0,7.0
6859875,20.0,250.0,37.0,Female,2.0,83474.15,1.0,4.0
5144063,9.0,109.0,31.5,Female,2.0,62169.13,5.0,8.0
8502813,10.0,123.0,50.5,Male,2.0,35362.759999999995,0.0,3.0
3815218,16.0,196.0,46.5,Male,2.0,26708.23,6.0,9.0
5694428,9.0,109.0,42.0,Female,2.0,64801.84,1.0,4.0
824508,14.0,168.0,36.0,Female,2.0,43583.03,6.0,9.0
2809643,6.0,75.0,23.5,Unknown,2.0,43678.17999999999,2.0,5.0
1711558,11.0,132.0,24.5,Male,2.0,41467.15,4.0,7.0
6073907,5.0,70.0,47.5,Male,2.0,59853.7,5.0,8.0
4381694,5.0,67.0,23.0,Unknown,2.0,27077.38,5.0,8.0
5181226,7.0,85.0,49.5,Unknown,2.0,224693.06,4.0,7.0
5949865,23.0,276.0,52.5,Female,3.0,187656.94,6.0,9.0
1465222,22.0,269.0,49.5,Male,2.0,70009.94,6.0,9.0
8598364,21.0,263.0,21.5,Unknown,3.0,82632.93,2.0,5.0
7730144,21.0,252.0,50.5,Male,3.0,2452181.22,6.0,9.0
6721343,21.0,252.0,54.0,Unknown,2.0,556810.5700000001,3.0,6.0
8967825,24.0,295.0,70.5,Unknown,3.0,319104.43,5.0,8.0
9523156,19.0,235.0,37.5,Male,2.0,133197.31,0.0,3.0
3213774,19.0,228.0,43.0,Unknown,4.0,59644.9,1.0,4.0
6510167,18.0,227.0,45.0,Female,3.0,230838.03,3.0,6.0
7743157,18.0,224.0,39.5,Male,3.0,52033.34,1.0,4.0
2038721,18.0,221.0,77.5,Male,2.0,54890.27,4.0,7.0
3548490,8.0,107.0,35.5,Female,2.0,59553.33,1.0,4.0
5386800,4.0,58.0,44.5,Unknown,2.0,25936.29,1.0,4.0
4822429,4.0,58.0,30.0,Unknown,2.0,28118.74,3.0,6.0
4762487,7.0,87.0,20.5,Unknown,2.0,38844.24,6.0,9.0
3921053,7.0,94.0,30.0,Unknown,4.0,125407.05,5.0,8.0
5940279,22.0,266.0,55.0,Female,2.0,23825.07,1.0,4.0
9363203,6.0,76.0,64.0,Unknown,2.0,424954.57,2.0,5.0
7272137,4.0,58.0,25.0,Female,2.0,35684.92,0.0,3.0
4737538,11.0,142.0,38.5,Male,2.0,64529.71,3.0,6.0
7648381,4.0,59.0,28.5,Unknown,2.0,32033.2,3.0,6.0
752201,10.0,120.0,31.0,Female,2.0,52714.09,6.0,9.0
7301619,21.0,253.0,48.0,Male,2.0,42163.28999999999,6.0,9.0
3868843,7.0,86.0,26.5,Unknown,2.0,95167.46,5.0,8.0
6770783,3.0,44.0,56.5,Male,2.0,99435.44,3.0,6.0
4881503,10.0,130.0,70.0,Male,2.0,375994.59,3.0,6.0
8554894,8.0,104.0,34.5,Female,3.0,103590.79,0.0,3.0
5033724,15.0,190.0,41.5,Male,2.0,70240.22,6.0,9.0
5993713,6.0,83.0,51.5,Unknown,2.0,208976.3,0.0,3.0
8799515,15.0,190.0,67.0,Male,2.0,1117462.89,6.0,9.0
9460446,7.0,92.0,55.0,Female,2.0,27162.43,4.0,7.0
7348365,8.0,102.0,64.0,Unknown,2.0,252651.46,1.0,4.0
9444890,9.0,108.0,50.5,Female,2.0,56779.87,0.0,4.0
754331,13.0,157.0,38.5,Female,2.0,33087.69,0.0,3.0
5808100,13.0,166.0,33.5,Male,2.0,32666.59,0.0,3.0
309979,6.0,81.0,62.5,Unknown,2.0,72295.37,2.0,5.0
6840065,4.0,55.0,24.5,Unknown,2.0,37478.97,2.0,6.0
5865795,13.0,156.0,57.0,Female,2.0,37638.68,6.0,9.0
3018255,16.0,192.0,68.0,Female,2.0,902449.3,5.0,8.0
7598157,15.0,181.0,47.0,Female,2.0,96824.13,1.0,4.0
9956954,13.0,166.0,65.5,Male,2.0,26776.51,0.0,3.0
7483042,13.0,165.0,31.0,Unknown,4.0,109912.72,6.0,9.0
8797670,10.0,126.0,61.5,Male,2.0,563912.5900000001,6.0,9.0
3815578,5.0,65.0,32.5,Unknown,3.0,109771.76,4.0,7.0
1093974,20.0,243.0,47.0,Male,2.0,35074.92,1.0,4.0
7117496,30.0,360.0,52.5,Male,3.0,240311.22,6.0,9.0
4415801,23.0,283.0,52.0,Female,3.0,2111705.97,0.0,4.0
3368046,22.0,270.0,53.0,Female,2.0,29136.83,0.0,3.0
4482418,21.0,259.0,61.0,Male,2.0,118467.6,4.0,7.0
3082821,5.0,70.0,24.0,Unknown,2.0,28971.74,0.0,3.0
6257728,33.0,404.0,69.5,Male,2.0,581684.67,6.0,9.0
9880923,4.0,53.0,67.5,Male,3.0,383253.56,6.0,9.0
866150,5.0,70.0,45.5,Unknown,2.0,54149.38,0.0,3.0
8052084,33.0,398.0,66.0,Unknown,4.0,92849.08,2.0,5.0
6495156,14.0,173.0,48.0,Male,2.0,175297.97999999998,5.0,8.0
3001093,12.0,150.0,28.5,Male,2.0,34358.43,6.0,9.0
9292160,6.0,82.0,38.5,Unknown,2.0,63483.12,6.0,9.0
2447244,5.0,71.0,26.5,Unknown,4.0,65699.78,2.0,5.0
3353150,5.0,70.0,38.0,Unknown,2.0,31787.43,6.0,9.0
351901,11.0,137.0,36.0,Female,4.0,162056.96000000002,6.0,9.0
162127,9.0,119.0,54.5,Male,2.0,59844.18,6.0,9.0
46934,14.0,173.0,36.0,Female,2.0,35918.89,0.0,4.0
8569160,15.0,180.0,50.0,Female,2.0,49840.6,1.0,4.0
3076748,9.0,115.0,67.5,Male,2.0,201475.81,6.0,9.0
3449302,14.0,178.0,43.0,Female,2.0,33823.43,2.0,5.0
1497530,26.0,312.0,34.5,Male,2.0,50709.03999999999,3.0,6.0
7850889,11.0,139.0,26.0,Female,2.0,47330.06,5.0,8.0
5041056,21.0,254.0,21.0,Male,2.0,27768.92,2.0,5.0
2979920,11.0,138.0,28.5,Female,2.0,83799.17,1.0,4.0
7680883,13.0,165.0,82.0,Female,2.0,119224.61,2.0,5.0
9367025,12.0,147.0,50.5,Male,2.0,429903.78,5.0,8.0
9557232,15.0,180.0,59.5,Female,2.0,63558.78,3.0,6.0
4741117,14.0,168.0,66.0,Female,3.0,446000.49,6.0,9.0
6554394,6.0,72.0,53.0,Unknown,2.0,87382.36,2.0,5.0
6346847,25.0,310.0,56.0,Female,4.0,230569.01,1.0,4.0
1424045,9.0,113.0,80.0,Male,2.0,60993.83,3.0,6.0
4667358,7.0,88.0,44.0,Male,2.0,68568.9,0.0,3.0
3524354,11.0,136.0,56.0,Male,2.0,69357.01,1.0,4.0
341647,16.0,194.0,62.5,Male,2.0,58479.6,2.0,5.0
5599100,11.0,134.0,38.5,Unknown,3.0,499483.49,5.0,8.0
8062247,5.0,71.0,54.5,Unknown,2.0,110226.91,5.0,8.0
2967418,16.0,192.0,63.0,Female,2.0,156449.01,0.0,3.0
9821817,7.0,95.0,62.0,Unknown,2.0,320976.39,6.0,9.0
2396150,4.0,57.0,19.0,Unknown,2.0,25124.16,1.0,4.0
9104203,10.0,126.0,28.0,Male,2.0,36431.25,1.0,4.0
698266,7.0,88.0,64.5,Unknown,2.0,72158.79000000001,2.0,5.0
9554608,39.0,472.0,84.0,Male,2.0,120426.05,3.0,6.0
2858455,32.0,387.0,57.5,Male,2.0,218770.54,1.0,4.0
708197,7.0,91.0,29.5,Unknown,2.0,25603.86,0.0,4.0
986678,7.0,94.0,59.5,Unknown,2.0,74176.70999999999,5.0,8.0
7069857,5.0,68.0,19.0,Male,2.0,24783.74,1.0,4.0
6527546,14.0,179.0,55.0,Male,2.0,173890.03999999998,4.0,7.0
3488614,5.0,65.0,24.0,Female,2.0,37855.65,0.0,3.0
1612133,10.0,128.0,37.5,Female,2.0,41787.22,0.0,3.0
2886322,24.0,288.0,22.0,Female,2.0,27345.07,6.0,9.0
6353311,8.0,101.0,46.0,Unknown,3.0,177351.74,4.0,7.0
7708929,13.0,158.0,27.5,Male,2.0,31085.41,2.0,5.0
8923392,24.0,297.0,66.5,Female,2.0,482621.97,5.0,8.0
5085764,22.0,267.0,28.5,Female,2.0,49241.1,0.0,4.0
1333586,21.0,263.0,57.0,Male,2.0,35221.6,2.0,5.0
3334755,21.0,254.0,31.5,Female,2.0,63239.32,3.0,6.0
7215574,20.0,248.0,54.0,Male,4.0,1238428.89,6.0,9.0
9726680,19.0,237.0,28.5,Male,2.0,53584.22,0.0,3.0
9495136,18.0,225.0,59.5,Female,2.0,62128.98,1.0,4.0
803868,17.0,215.0,60.0,Male,3.0,140973.14,6.0,9.0
8600149,15.0,183.0,34.0,Female,2.0,124909.41,5.0,8.0
8416223,7.0,90.0,21.0,Unknown,3.0,61587.68,6.0,9.0
4839740,11.0,135.0,59.5,Male,2.0,33965.69,2.0,5.0
6598277,11.0,142.0,62.5,Female,2.0,30487.09,6.0,9.0
2118802,5.0,66.0,46.0,Unknown,2.0,558599.53,2.0,5.0
4672871,9.0,118.0,33.0,Female,3.0,205490.57,0.0,3.0
3011825,6.0,76.0,82.0,Unknown,2.0,292181.44,0.0,4.0
6471706,10.0,122.0,32.5,Female,3.0,117525.6,4.0,7.0
6863814,7.0,85.0,70.5,Unknown,2.0,88123.47,6.0,9.0
2947364,6.0,76.0,31.0,Unknown,2.0,25247.56,0.0,3.0
610652,9.0,119.0,50.0,Female,2.0,63563.4,0.0,3.0
3617305,8.0,105.0,50.5,Male,2.0,148558.01,2.0,7.0
7478657,6.0,74.0,31.0,Unknown,3.0,40093.56,6.0,9.0
9169205,10.0,123.0,70.5,Male,2.0,89990.20999999999,1.0,4.0
374255,4.0,59.0,27.5,Unknown,3.0,45302.32,3.0,6.0
1825113,5.0,70.0,24.5,Unknown,3.0,35498.03,6.0,9.0
4429076,15.0,182.0,35.5,Male,2.0,72860.95999999999,4.0,7.0
2689442,6.0,72.0,24.5,Unknown,2.0,42196.7,2.0,5.0
3835929,16.0,193.0,72.0,Female,2.0,565955.9,3.0,6.0
2168871,8.0,96.0,55.5,Unknown,3.0,232537.6,5.0,8.0
4964123,10.0,131.0,30.5,Male,2.0,57294.17,3.0,6.0
1200235,8.0,100.0,25.5,Female,2.0,30410.01,3.0,6.0
467229,26.0,317.0,76.0,Male,2.0,158530.3,4.0,7.0
4643144,6.0,73.0,57.0,Unknown,2.0,76056.79000000001,6.0,9.0
2579174,6.0,75.0,58.5,Unknown,2.0,325326.9,4.0,7.0
8125772,30.0,370.0,66.5,Female,2.0,537545.9400000001,5.0,8.0
7462323,7.0,94.0,53.5,Unknown,2.0,210560.3,2.0,5.0
2095187,23.0,280.0,74.0,Male,4.0,1212606.13,6.0,9.0
5138025,15.0,190.0,66.0,Female,2.0,148610.82,1.0,4.0
8629202,5.0,65.0,24.0,Unknown,2.0,31100.48,6.0,9.0
9493430,6.0,82.0,32.0,Unknown,2.0,46176.63,4.0,7.0
931254,12.0,151.0,63.5,Unknown,2.0,95997.51,0.0,3.0
3243462,5.0,69.0,51.5,Unknown,2.0,52620.4,2.0,5.0
363066,10.0,122.0,38.0,Male,2.0,575612.4600000001,6.0,9.0
979484,5.0,62.0,45.0,Unknown,2.0,47683.62,0.0,3.0
7385999,4.0,58.0,28.5,Unknown,2.0,36125.36,1.0,4.0
6622564,8.0,98.0,68.0,Unknown,2.0,41670.97,0.0,3.0
1751419,14.0,168.0,31.0,Female,2.0,74420.62,0.0,3.0
7696177,10.0,131.0,34.0,Female,2.0,36527.64,1.0,4.0
4888229,6.0,81.0,60.0,Unknown,2.0,27979.45,1.0,4.0
1094461,6.0,82.0,22.0,Unknown,2.0,44451.08,0.0,3.0
1222354,9.0,117.0,66.5,Male,2.0,28067.06,0.0,3.0
1371969,4.0,49.0,68.5,Unknown,2.0,175869.97999999998,5.0,8.0
5739401,10.0,131.0,35.0,Male,2.0,58561.96,2.0,5.0
5804606,13.0,166.0,58.5,Male,2.0,167436.5,0.0,3.0
3071976,7.0,85.0,27.5,Unknown,2.0,53490.41,0.0,3.0
2637047,7.0,91.0,41.5,Unknown,3.0,122678.35,4.0,7.0
8663422,7.0,90.0,34.5,Unknown,2.0,42626.97,2.0,5.0
513961,13.0,161.0,30.5,Male,3.0,342359.31,6.0,9.0
5712785,7.0,94.0,48.0,Unknown,2.0,30144.89,0.0,3.0
2428045,11.0,142.0,54.0,Male,2.0,33947.92,1.0,4.0
7179755,28.0,343.0,67.5,Male,3.0,352322.35,2.0,5.0
5798633,4.0,58.0,42.5,Unknown,2.0,29388.51,0.0,3.0
539876,7.0,85.0,53.0,Male,2.0,72052.17,6.0,9.0
8631696,11.0,137.0,46.5,Male,3.0,134716.64,3.0,6.0
3551089,7.0,85.0,38.5,Male,2.0,110227.23,0.0,3.0
9623278,9.0,111.0,21.5,Female,2.0,46481.31,1.0,4.0
7965057,22.0,274.0,46.0,Female,4.0,127330.01,6.0,9.0
284347,29.0,358.0,53.0,Female,2.0,69675.26,3.0,6.0
6028450,19.0,233.0,36.0,Male,2.0,138037.78999999998,6.0,9.0
9047869,18.0,226.0,45.0,Male,4.0,104024.9,6.0,9.0
3239592,16.0,201.0,47.5,Male,3.0,491113.19,5.0,8.0
5720375,26.0,315.0,76.5,Female,2.0,55395.0,6.0,9.0
8327635,4.0,59.0,21.0,Unknown,2.0,30453.01,6.0,9.0
3195657,4.0,57.0,62.0,Unknown,2.0,31379.7,3.0,6.0
5872805,5.0,60.0,25.5,Unknown,2.0,40719.0,6.0,9.0
1202622,5.0,60.0,51.5,Male,4.0,244926.1,2.0,5.0
637735,5.0,65.0,28.0,Unknown,3.0,48461.71,2.0,5.0
851626,4.0,58.0,22.5,Unknown,2.0,38327.37,0.0,3.0
7281714,11.0,139.0,33.5,Female,2.0,25100.84,0.0,3.0
381961,13.0,166.0,30.0,Female,3.0,26655.08,1.0,4.0
8899593,6.0,82.0,47.0,Unknown,2.0,191726.22,6.0,9.0
8813447,11.0,143.0,24.5,Unknown,2.0,34076.35,6.0,9.0
888529,23.0,286.0,61.0,Female,2.0,50793.5,2.0,5.0
2332122,6.0,82.0,46.5,Unknown,2.0,38711.84,5.0,8.0
4487800,5.0,71.0,28.5,Unknown,2.0,43280.63,6.0,9.0
2411890,7.0,88.0,40.5,Unknown,3.0,674381.14,1.0,4.0
995002,15.0,180.0,55.0,Female,2.0,67973.76,0.0,3.0
5374819,28.0,336.0,55.0,Female,2.0,129925.84,5.0,8.0
9784166,12.0,146.0,78.0,Unknown,2.0,145079.46,3.0,6.0
8553447,5.0,65.0,41.5,Unknown,2.0,28251.42,2.0,5.0
6578023,5.0,69.0,35.0,Unknown,2.0,52891.88,4.0,7.0
5389547,6.0,83.0,54.5,Unknown,2.0,70519.23999999999,0.0,3.0
2905307,7.0,91.0,66.5,Unknown,2.0,119232.43,6.0,9.0
7928736,6.0,83.0,54.0,Unknown,2.0,228236.52,6.0,9.0
9411943,15.0,183.0,44.0,Female,2.0,24909.71,1.0,4.0
2180863,8.0,96.0,68.0,Unknown,2.0,153747.32,4.0,7.0
4551428,29.0,356.0,63.5,Male,2.0,25137.84,1.0,4.0
9922830,14.0,174.0,64.5,Female,2.0,42127.3,0.0,3.0
1539812,12.0,145.0,66.5,Female,2.0,135703.57,2.0,5.0
7291539,11.0,137.0,41.5,Female,2.0,26886.0,0.0,3.0
9114360,15.0,191.0,61.0,Male,2.0,33079.59,1.0,4.0
8338180,7.0,84.0,52.0,Unknown,2.0,48119.53999999999,2.0,5.0
4757841,5.0,69.0,60.0,Unknown,2.0,105052.14,2.0,5.0
2908055,13.0,156.0,21.5,Female,2.0,27972.9,1.0,4.0
8562053,5.0,65.0,56.5,Unknown,2.0,38729.39,4.0,7.0
7656460,8.0,98.0,69.5,Unknown,3.0,224251.87,2.0,5.0
6507136,16.0,193.0,73.5,Female,2.0,30967.12,5.0,8.0
1092703,12.0,148.0,55.5,Male,2.0,346341.48,0.0,3.0
9268742,5.0,60.0,25.0,Unknown,2.0,27584.05,1.0,4.0
7873852,13.0,159.0,44.0,Male,2.0,723335.29,4.0,7.0
6686840,31.0,372.0,67.5,Female,3.0,66859.45,6.0,9.0
8439249,15.0,182.0,34.0,Male,2.0,85594.45999999999,6.0,9.0
6727202,14.0,174.0,41.0,Unknown,2.0,74924.84,6.0,9.0
7601495,18.0,217.0,70.0,Male,2.0,666735.78,2.0,6.0
4641060,33.0,403.0,58.5,Female,2.0,40487.12,1.0,4.0
25022,8.0,98.0,26.5,Unknown,2.0,75836.08,3.0,6.0
61650,10.0,123.0,50.0,Male,2.0,208429.91,0.0,3.0
307667,12.0,150.0,65.5,Male,2.0,68674.17,1.0,4.0
3031557,4.0,59.0,56.0,Unknown,2.0,147781.06,2.0,5.0
4245868,7.0,89.0,29.0,Unknown,2.0,54263.06,4.0,7.0
3939804,6.0,78.0,25.5,Female,3.0,79710.31,1.0,4.0
3774848,5.0,60.0,60.0,Unknown,2.0,47403.87,4.0,7.0
8952942,9.0,118.0,31.0,Female,2.0,50794.8,2.0,6.0
6359098,15.0,190.0,40.5,Female,2.0,140716.22,0.0,3.0
843249,5.0,69.0,57.0,Unknown,2.0,39278.02,6.0,9.0
6225988,12.0,144.0,40.5,Male,2.0,30609.56,1.0,4.0
9173121,8.0,106.0,31.0,Female,2.0,48654.3,3.0,6.0
9233557,5.0,68.0,45.0,Unknown,2.0,34080.31,3.0,6.0
7610723,24.0,294.0,58.5,Male,4.0,763872.88,6.0,9.0
8772860,22.0,274.0,55.5,Female,2.0,283890.92,5.0,8.0
7330770,22.0,272.0,57.5,Male,4.0,128777.57,6.0,9.0
6759065,22.0,271.0,58.0,Unknown,2.0,56826.57,6.0,9.0
9413349,20.0,246.0,60.0,Male,2.0,69028.42,1.0,4.0
2914747,19.0,232.0,63.0,Male,2.0,115016.58,4.0,7.0
1969164,18.0,226.0,53.5,Female,2.0,125649.14,0.0,3.0
600754,8.0,106.0,44.0,Female,2.0,622365.1000000001,6.0,9.0
9907037,35.0,421.0,61.5,Female,2.0,66760.23999999999,4.0,7.0
7145303,31.0,381.0,67.5,Male,3.0,230266.11,5.0,9.0
2402627,8.0,96.0,24.5,Unknown,3.0,93925.18,2.0,5.0
3221253,19.0,232.0,42.5,Male,2.0,77212.51999999999,2.0,5.0
2443089,15.0,180.0,42.5,Male,3.0,377817.04,6.0,9.0
2245746,5.0,69.0,25.0,Unknown,3.0,45114.11,6.0,9.0
1585633,2.0,33.0,23.0,Male,4.0,110206.75,5.0,8.0
1211032,7.0,87.0,48.5,Unknown,2.0,35474.78,0.0,3.0
7421956,7.0,85.0,72.5,Unknown,2.0,54688.22,1.0,4.0
1266720,6.0,72.0,25.0,Unknown,2.0,58832.75,2.0,5.0
2033019,20.0,249.0,48.5,Male,2.0,305839.79,6.0,9.0
7463451,7.0,85.0,39.0,Unknown,2.0,552800.68,3.0,6.0
7048186,5.0,67.0,60.5,Unknown,2.0,28513.74,0.0,3.0
2792044,7.0,94.0,44.0,Unknown,3.0,53808.98,5.0,8.0
692011,4.0,59.0,28.5,Unknown,2.0,37579.41,1.0,4.0
9020535,14.0,176.0,34.0,Female,3.0,175265.40999999997,5.0,8.0
477656,13.0,167.0,36.5,Female,3.0,114621.93,6.0,9.0
7996589,6.0,77.0,49.0,Unknown,2.0,53894.2,4.0,7.0
7350141,15.0,184.0,47.5,Male,3.0,263351.73,5.0,8.0
5875249,6.0,78.0,53.0,Female,3.0,58730.83,6.0,9.0
937647,12.0,152.0,45.5,Female,3.0,413913.98,0.0,3.0
7910879,15.0,184.0,34.5,Female,2.0,128746.08,2.0,5.0
9962929,15.0,191.0,70.5,Male,2.0,23789.61,2.0,5.0
5516455,12.0,154.0,62.5,Female,2.0,285769.24,3.0,6.0
5520576,36.0,442.0,75.0,Male,3.0,368794.71,4.0,7.0
456416,14.0,174.0,32.5,Male,3.0,155884.40999999997,6.0,9.0
6431498,4.0,58.0,58.5,Unknown,2.0,44177.07,1.0,4.0
5323237,34.0,418.0,77.0,Female,2.0,33490.32,1.0,4.0
8056996,12.0,150.0,70.5,Female,3.0,160348.71999999997,2.0,5.0
9894399,13.0,163.0,26.0,Male,3.0,41762.86,6.0,9.0
9726474,13.0,167.0,64.0,Male,2.0,68112.44,3.0,6.0
3657729,6.0,78.0,28.5,Unknown,2.0,38663.68,6.0,9.0
5921541,21.0,262.0,48.5,Male,2.0,47389.92999999999,1.0,4.0
8890350,20.0,248.0,61.0,Male,2.0,337133.62,6.0,9.0
7258442,19.0,238.0,47.5,Male,3.0,80457.75,1.0,4.0
1493065,19.0,230.0,81.5,Male,3.0,802336.86,6.0,9.0
2049385,18.0,221.0,45.5,Male,3.0,79827.94,3.0,6.0
3909321,17.0,214.0,38.0,Female,3.0,275359.21,2.0,5.0
3728468,5.0,67.0,45.0,Unknown,2.0,177172.03999999998,2.0,5.0
7667625,11.0,142.0,24.0,Male,2.0,48971.63,1.0,4.0
1273146,4.0,53.0,17.5,Unknown,2.0,25095.6,0.0,3.0
3450220,26.0,314.0,60.0,Male,2.0,474479.86,2.0,5.0
2810081,11.0,143.0,36.0,Male,2.0,108729.78,4.0,7.0
7976346,9.0,109.0,36.0,Female,2.0,137866.82,6.0,9.0
3001667,6.0,78.0,41.5,Unknown,2.0,247942.54,1.0,4.0
7109970,6.0,73.0,63.0,Unknown,2.0,383715.98,2.0,5.0
7462909,12.0,154.0,66.0,Female,2.0,65971.89,2.0,5.0
8350451,13.0,157.0,40.0,Female,2.0,124217.01,6.0,9.0
8542371,16.0,198.0,31.5,Female,2.0,128922.44,0.0,3.0
7813560,6.0,83.0,92.0,Unknown,2.0,38009.11,5.0,8.0
1719528,5.0,70.0,49.5,Unknown,2.0,94995.75,0.0,3.0
6479537,6.0,83.0,47.5,Unknown,2.0,43349.52,6.0,9.0
4798614,11.0,137.0,41.5,Female,2.0,340511.6,1.0,4.0
3590388,17.0,205.0,50.5,Male,2.0,704557.25,1.0,4.0
634960,5.0,70.0,60.0,Unknown,2.0,29403.93,0.0,3.0
7576917,5.0,69.0,72.5,Unknown,2.0,32887.78,4.0,7.0
2614752,8.0,106.0,30.0,Unknown,2.0,56702.42,0.0,3.0
1459612,4.0,59.0,26.5,Unknown,2.0,56907.96,2.0,5.0
966372,4.0,59.0,30.5,Unknown,2.0,32283.4,1.0,4.0
6140556,4.0,59.0,58.5,Unknown,2.0,56917.27,1.0,4.0
8279920,39.0,469.0,68.5,Female,2.0,263274.75,4.0,7.0
784880,12.0,155.0,42.5,Male,2.0,36235.08,2.0,5.0
751833,10.0,125.0,25.0,Female,2.0,23798.06,3.0,6.0
5813788,6.0,75.0,22.5,Unknown,2.0,26789.66,0.0,3.0
3448998,10.0,124.0,61.0,Female,4.0,331044.2,2.0,5.0
9359715,7.0,86.0,22.0,Unknown,2.0,55699.86,2.0,5.0
8864425,4.0,58.0,60.0,Unknown,2.0,37023.61,3.0,6.0
596540,4.0,58.0,33.5,Unknown,2.0,36391.79,0.0,3.0
4992429,5.0,61.0,67.0,Male,2.0,204664.19,2.0,5.0
1067041,9.0,113.0,29.0,Female,2.0,58934.83,4.0,7.0
9820853,11.0,137.0,48.5,Female,2.0,26913.17,1.0,4.0
6375834,4.0,58.0,27.0,Unknown,3.0,33910.34,6.0,9.0
2487900,7.0,90.0,49.5,Unknown,2.0,42042.15,2.0,5.0
7974590,6.0,76.0,67.0,Female,2.0,333010.83,6.0,9.0
1665981,11.0,136.0,42.0,Male,3.0,89561.97,3.0,6.0
8804582,6.0,79.0,47.5,Female,2.0,144022.76,6.0,9.0
5339081,12.0,146.0,36.0,Male,3.0,31251.28,3.0,6.0
5721055,15.0,180.0,70.0,Female,2.0,109345.29,2.0,5.0
2929334,5.0,63.0,35.5,Female,2.0,24076.28,5.0,8.0
6190224,13.0,158.0,54.0,Female,2.0,51686.92,2.0,5.0
4506908,27.0,333.0,54.5,Female,3.0,273177.88,1.0,4.0
1925264,23.0,283.0,55.5,Female,2.0,126022.8,3.0,6.0
8913354,21.0,253.0,40.5,Male,2.0,155845.77000000002,6.0,9.0
5628550,16.0,203.0,69.0,Male,2.0,119632.8,6.0,9.0
7592250,15.0,182.0,65.5,Male,2.0,239918.74,5.0,8.0
667440,12.0,154.0,75.0,Male,2.0,456853.07,6.0,9.0
6553881,10.0,125.0,68.5,Male,2.0,751000.3300000001,5.0,8.0
3089225,15.0,181.0,29.0,Male,3.0,30595.56,2.0,5.0
8106708,14.0,170.0,18.5,Female,2.0,28315.92,3.0,6.0
5917966,9.0,116.0,59.5,Female,2.0,242209.32,3.0,6.0
5058586,16.0,193.0,40.5,Unknown,2.0,28380.34,5.0,8.0
2647853,5.0,70.0,23.5,Unknown,2.0,47076.92,5.0,8.0
7693731,13.0,166.0,59.0,Female,2.0,221093.78,2.0,5.0
2124664,5.0,71.0,56.0,Unknown,2.0,86109.48999999999,4.0,7.0
9030458,7.0,85.0,32.5,Unknown,2.0,68002.0,4.0,7.0
5459195,4.0,58.0,30.5,Male,2.0,26316.73,2.0,5.0
2850353,15.0,187.0,61.5,Female,2.0,83204.76,4.0,7.0
1325365,28.0,345.0,54.0,Male,2.0,118773.43,6.0,9.0
77513,11.0,142.0,33.5,Female,2.0,68765.19,1.0,4.0
5288869,6.0,80.0,66.5,Unknown,2.0,241059.89,5.0,8.0
3942294,15.0,188.0,56.5,Female,2.0,148824.34,2.0,5.0
6070645,17.0,215.0,65.0,Male,2.0,32665.42,5.0,8.0
3350034,14.0,168.0,33.0,Male,2.0,253354.5,4.0,7.0
7391082,12.0,152.0,70.0,Male,3.0,406571.09,6.0,9.0
1733622,11.0,139.0,32.5,Unknown,2.0,28151.28,2.0,5.0
4164474,8.0,97.0,26.5,Female,2.0,51226.7,6.0,9.0
6341223,20.0,242.0,56.0,Female,2.0,90883.44,6.0,9.0
7766714,4.0,58.0,61.0,Male,2.0,628460.61,6.0,9.0
5621982,10.0,124.0,34.5,Female,2.0,56592.07,4.0,7.0
3864935,4.0,59.0,42.5,Female,2.0,185164.07,1.0,4.0
3129289,13.0,157.0,44.5,Male,2.0,58450.47,3.0,6.0
7191050,8.0,107.0,64.5,Male,2.0,105242.48,6.0,9.0
1401486,8.0,102.0,44.0,Female,2.0,143965.01,4.0,7.0
7533947,5.0,67.0,24.0,Unknown,2.0,26993.34,2.0,5.0
1737802,6.0,82.0,66.5,Unknown,2.0,148022.82,6.0,9.0
7256310,8.0,106.0,48.0,Female,2.0,37053.41,0.0,3.0
9707771,6.0,74.0,56.5,Unknown,2.0,30406.53,0.0,3.0
617785,26.0,316.0,67.0,Male,2.0,139024.24,2.0,5.0
9404516,5.0,68.0,29.5,Unknown,2.0,37063.42,4.0,7.0
7268161,14.0,175.0,71.5,Female,2.0,43127.67999999999,3.0,6.0
7302824,5.0,66.0,27.0,Unknown,2.0,26474.55,0.0,3.0
7802443,10.0,122.0,31.0,Male,3.0,127675.93,6.0,9.0
31499,20.0,246.0,66.0,Male,3.0,211432.85,3.0,6.0
6583112,17.0,211.0,65.0,Female,2.0,27852.47,1.0,4.0
3489363,3.0,47.0,65.5,Unknown,2.0,23851.71,0.0,3.0
2059782,13.0,166.0,46.0,Male,2.0,95781.67,3.0,6.0
63001,23.0,279.0,28.0,Male,4.0,122948.27,5.0,8.0
117520,7.0,84.0,26.5,Unknown,2.0,57780.36,1.0,4.0
7020697,13.0,157.0,54.5,Female,2.0,77997.65,6.0,9.0
3053842,16.0,192.0,47.0,Male,2.0,24809.18,1.0,4.0
9191741,13.0,166.0,56.5,Female,2.0,122073.26,6.0,9.0
6292773,5.0,71.0,23.0,Unknown,2.0,38764.03,2.0,5.0
9087617,6.0,74.0,25.5,Unknown,2.0,36747.48,1.0,4.0
9955052,26.0,320.0,56.0,Male,3.0,317596.08,6.0,9.0
2634756,34.0,418.0,58.5,Female,3.0,42554.59,0.0,3.0
2822156,16.0,193.0,45.0,Female,2.0,44508.47,4.0,7.0
1139805,15.0,186.0,67.0,Male,2.0,185233.04,3.0,6.0
6848121,5.0,71.0,64.5,Male,2.0,52910.25,0.0,3.0
8675520,13.0,166.0,40.5,Female,2.0,41775.45,0.0,3.0
4079224,5.0,70.0,47.0,Unknown,2.0,52502.71,1.0,4.0
5751579,9.0,117.0,53.5,Female,2.0,48777.08,5.0,8.0
6578585,5.0,70.0,32.5,Unknown,3.0,300077.24,4.0,7.0
3770364,4.0,58.0,33.0,Unknown,4.0,133530.69,6.0,9.0
8853635,15.0,189.0,73.0,Male,2.0,60666.43,2.0,6.0
4951184,14.0,178.0,63.5,Female,2.0,31967.84,1.0,4.0
8512863,11.0,143.0,68.5,Female,2.0,33585.759999999995,0.0,3.0
5482053,9.0,112.0,51.5,Male,2.0,226353.79,0.0,3.0
7627322,15.0,189.0,71.5,Female,2.0,62772.74,3.0,6.0
1339403,5.0,71.0,60.0,Male,3.0,164774.09999999998,5.0,8.0
6111622,9.0,116.0,37.5,Female,2.0,47283.87,1.0,4.0
4000721,6.0,76.0,31.5,Unknown,2.0,51898.16,6.0,9.0
8639071,9.0,113.0,57.0,Female,4.0,248199.83,2.0,5.0
2093449,11.0,141.0,24.5,Male,2.0,27577.82,0.0,3.0
5107650,5.0,64.0,63.5,Unknown,2.0,57103.76,1.0,4.0
2767589,21.0,253.0,62.5,Male,2.0,1217104.0799999998,6.0,9.0
9268647,16.0,195.0,43.5,Male,2.0,46699.64,6.0,9.0
8766886,15.0,185.0,38.0,Male,2.0,43259.94,0.0,3.0
5342626,11.0,142.0,23.5,Male,2.0,48126.83,6.0,9.0
2224929,5.0,60.0,37.0,Unknown,4.0,211147.59000000003,6.0,9.0
2746652,14.0,178.0,74.0,Female,2.0,119795.77,2.0,5.0
5509909,6.0,81.0,34.0,Unknown,2.0,60916.63,1.0,4.0
5377104,18.0,221.0,56.5,Female,2.0,144748.86,4.0,7.0
3571412,14.0,172.0,59.0,Male,2.0,108308.77,4.0,7.0
9098276,6.0,82.0,24.0,Unknown,2.0,40109.49,4.0,7.0
7585238,17.0,211.0,50.5,Male,2.0,365615.78,3.0,6.0
2840810,6.0,82.0,46.5,Unknown,2.0,34697.04,1.0,5.0
8036553,16.0,192.0,30.0,Female,2.0,39137.99,0.0,3.0
2139307,8.0,106.0,59.5,Female,2.0,59812.29,5.0,8.0
9090982,10.0,126.0,35.0,Female,3.0,195954.86,5.0,8.0
159728,13.0,158.0,52.0,Female,2.0,268991.34,5.0,8.0
3270995,7.0,94.0,42.5,Unknown,2.0,36441.98,0.0,3.0
3852675,4.0,57.0,24.5,Unknown,2.0,29373.35,1.0,6.0
9078446,30.0,369.0,63.0,Unknown,2.0,46739.02,4.0,7.0
8059613,8.0,101.0,30.5,Unknown,2.0,51243.73,0.0,3.0
4930148,6.0,78.0,29.0,Unknown,2.0,44095.82,2.0,5.0
5135533,15.0,189.0,52.5,Male,2.0,24975.67,5.0,8.0
2130483,21.0,262.0,70.0,Female,2.0,37630.73,2.0,5.0
9171879,21.0,257.0,47.0,Male,3.0,26143.83,3.0,6.0
9261496,20.0,248.0,31.5,Female,3.0,101206.56,4.0,7.0
5782971,20.0,244.0,44.5,Female,3.0,75090.23999999999,2.0,5.0
4903964,20.0,243.0,25.0,Female,2.0,35932.59,2.0,5.0
162388,20.0,243.0,25.0,Female,2.0,90077.49,0.0,3.0
7466392,21.0,253.0,46.5,Male,3.0,96743.08,4.0,7.0
8164889,19.0,238.0,34.5,Female,2.0,73464.11,3.0,6.0
7310192,17.0,204.0,50.5,Male,3.0,454628.13,4.0,7.0
609799,9.0,119.0,59.0,Male,2.0,96549.84,5.0,8.0
9692544,14.0,169.0,59.0,Female,2.0,96722.86,1.0,4.0
6367893,4.0,59.0,43.0,Unknown,2.0,29328.71,5.0,8.0
5078210,5.0,65.0,51.5,Unknown,2.0,126452.86,6.0,9.0
7793216,7.0,90.0,43.5,Unknown,2.0,166026.34999999998,0.0,3.0
1213117,7.0,94.0,35.5,Unknown,2.0,40927.86,6.0,9.0
8353600,5.0,66.0,27.5,Unknown,2.0,36497.42,1.0,4.0
572617,14.0,179.0,32.5,Male,3.0,226588.09000000003,1.0,4.0
4181923,14.0,174.0,53.0,Female,2.0,77403.26999999999,2.0,5.0
9923389,13.0,161.0,27.0,Male,2.0,72805.98999999999,4.0,7.0
711827,12.0,144.0,60.5,Male,2.0,131171.75,6.0,9.0
6613940,8.0,106.0,20.5,Male,2.0,26910.48,2.0,5.0
8711093,14.0,175.0,64.5,Male,2.0,101797.89,0.0,3.0
7524920,4.0,59.0,40.0,Female,2.0,28785.37,0.0,3.0
7450119,8.0,107.0,34.5,Male,3.0,70477.69,6.0,9.0
7840892,16.0,202.0,60.5,Female,2.0,89275.57,6.0,9.0
3960538,7.0,94.0,71.5,Unknown,2.0,31951.79,5.0,8.0
3512288,13.0,162.0,36.5,Female,2.0,145157.31,3.0,6.0
4038383,17.0,209.0,62.5,Female,2.0,39894.42,2.0,5.0
7580435,12.0,154.0,31.0,Female,2.0,59706.3,1.0,4.0
3706636,9.0,112.0,63.5,Female,3.0,28776.87,6.0,9.0
1758144,10.0,131.0,29.0,Female,2.0,83201.94,0.0,3.0
8691226,31.0,372.0,63.5,Female,2.0,191982.1,6.0,9.0
9741876,5.0,66.0,56.5,Unknown,2.0,107990.93,6.0,9.0
4655823,5.0,67.0,67.5,Male,2.0,53726.39,3.0,6.0
8188833,24.0,288.0,45.5,Female,2.0,112865.37,3.0,6.0
1228484,14.0,174.0,38.0,Female,2.0,51219.74,1.0,4.0
7781603,8.0,107.0,39.5,Female,2.0,86302.11,6.0,9.0
9655121,16.0,193.0,40.5,Unknown,2.0,25410.64,0.0,3.0
2180500,11.0,139.0,40.0,Female,2.0,112511.52,2.0,5.0
7148604,13.0,156.0,52.5,Male,2.0,128197.15,3.0,6.0
4689869,5.0,70.0,42.5,Unknown,2.0,40751.51,0.0,3.0
3304493,6.0,75.0,34.5,Male,2.0,37929.69,1.0,4.0
9390009,6.0,82.0,60.5,Unknown,2.0,39237.99,6.0,9.0
7014976,5.0,69.0,57.0,Unknown,2.0,132172.03,0.0,3.0
3486803,12.0,154.0,27.0,Female,3.0,43187.4,3.0,6.0
8176371,6.0,73.0,22.0,Unknown,2.0,34008.78,3.0,6.0
7778707,25.0,301.0,78.0,Female,2.0,665754.86,2.0,5.0
7551383,24.0,290.0,41.5,Female,3.0,423349.37,1.0,5.0
8302113,22.0,275.0,51.5,Unknown,3.0,121612.88,5.0,8.0
24710,21.0,259.0,49.0,Female,3.0,499093.11,4.0,7.0
9267273,21.0,253.0,78.0,Male,3.0,308465.63,6.0,9.0
2972767,18.0,219.0,51.0,Male,2.0,1010749.78,6.0,9.0
9575481,15.0,184.0,55.0,Male,2.0,294543.87,5.0,8.0
2130538,6.0,80.0,25.5,Unknown,2.0,89449.19,6.0,9.0
4519160,6.0,72.0,62.0,Male,3.0,268149.93,6.0,9.0
7958380,6.0,77.0,56.5,Unknown,2.0,98336.98,0.0,3.0
1930016,6.0,75.0,31.0,Unknown,3.0,74237.68,2.0,5.0
1538557,6.0,82.0,27.5,Unknown,2.0,74082.85,1.0,4.0
799810,24.0,292.0,65.5,Male,3.0,1399095.49,6.0,9.0
1006456,6.0,73.0,39.0,Female,2.0,98409.03,6.0,9.0
777737,8.0,96.0,60.5,Unknown,2.0,217763.31,0.0,3.0
7015071,10.0,129.0,64.0,Female,2.0,520636.4,6.0,9.0
7133113,12.0,154.0,66.0,Female,2.0,28748.56,3.0,6.0
1031166,13.0,162.0,45.5,Female,3.0,94818.64,6.0,9.0
8609229,12.0,155.0,52.5,Female,2.0,81747.92,4.0,7.0
634072,6.0,83.0,42.5,Unknown,2.0,51605.21,3.0,6.0
1250886,7.0,90.0,29.0,Unknown,2.0,47961.13,0.0,3.0
809960,4.0,58.0,46.0,Unknown,2.0,179039.44,6.0,9.0
6661074,16.0,198.0,36.0,Female,2.0,95974.81,6.0,9.0
7345491,5.0,69.0,29.0,Unknown,2.0,25876.62,4.0,7.0
7055327,13.0,166.0,33.5,Male,2.0,32937.14,1.0,4.0
2010335,12.0,151.0,58.5,Male,2.0,93295.9,2.0,5.0
4257128,7.0,95.0,45.0,Unknown,2.0,40928.33,3.0,6.0
8326915,6.0,72.0,25.0,Unknown,2.0,55954.23,0.0,3.0
2549128,11.0,134.0,53.5,Female,2.0,45028.67999999999,1.0,4.0
1973304,4.0,58.0,62.5,Unknown,2.0,31647.64,1.0,4.0
8627433,5.0,60.0,23.5,Unknown,3.0,95457.82,6.0,9.0
4709095,18.0,216.0,63.5,Unknown,2.0,222154.76,2.0,5.0
2426496,12.0,152.0,50.0,Male,2.0,129541.64,0.0,3.0
4874330,8.0,107.0,34.0,Female,2.0,28467.27,0.0,3.0
1389367,10.0,131.0,29.0,Female,2.0,25196.11,4.0,7.0
1436784,4.0,58.0,23.5,Unknown,3.0,67003.15,6.0,9.0
7690393,21.0,253.0,20.5,Male,2.0,74819.19,1.0,4.0
7487053,27.0,331.0,52.5,Male,3.0,1176274.37,6.0,9.0
5473597,8.0,97.0,28.5,Unknown,2.0,37519.63,0.0,3.0
4727036,6.0,74.0,48.5,Unknown,2.0,59133.81,2.0,5.0
5738664,15.0,189.0,34.0,Female,2.0,46829.14,0.0,3.0
7047451,5.0,71.0,56.5,Male,4.0,91956.77,3.0,6.0
9871076,11.0,141.0,25.0,Male,2.0,29847.16,6.0,9.0
6192776,9.0,118.0,39.5,Male,2.0,32098.45,4.0,7.0
1419647,18.0,219.0,40.5,Female,3.0,229952.98,1.0,4.0
7535519,5.0,67.0,23.5,Unknown,2.0,36797.12,5.0,8.0
3412138,7.0,86.0,52.5,Unknown,2.0,264341.15,5.0,8.0
6425084,4.0,57.0,64.5,Unknown,2.0,95059.49,0.0,3.0
461547,15.0,189.0,54.0,Female,3.0,36115.07,6.0,9.0
9076998,6.0,80.0,42.0,Unknown,2.0,1664102.62,5.0,8.0
7149361,23.0,285.0,52.5,Male,4.0,156320.11,5.0,8.0
6884241,23.0,284.0,49.0,Male,3.0,402237.63,6.0,9.0
3604194,17.0,210.0,69.5,Female,3.0,347491.9,6.0,9.0
4714574,18.0,216.0,72.0,Male,2.0,45799.69,2.0,5.0
8443640,14.0,178.0,67.0,Female,2.0,47660.99,3.0,6.0
1896723,12.0,151.0,51.5,Male,2.0,57974.42,3.0,6.0
3799739,5.0,69.0,72.0,Female,2.0,91920.47,5.0,8.0
1720040,8.0,105.0,62.5,Male,3.0,106668.12,1.0,4.0
4883056,10.0,124.0,28.5,Female,2.0,29793.74,0.0,3.0
8459848,16.0,193.0,31.0,Female,2.0,157109.52999999997,4.0,7.0
3952148,8.0,101.0,49.5,Unknown,2.0,41033.59,0.0,3.0
3442575,27.0,335.0,54.5,Male,3.0,1101879.61,5.0,8.0
8193841,5.0,65.0,18.0,Unknown,3.0,37731.08,5.0,8.0
5596278,5.0,70.0,30.5,Unknown,2.0,58318.3,1.0,4.0
8287554,5.0,71.0,47.0,Unknown,2.0,27383.34,6.0,9.0
6575347,20.0,241.0,60.0,Female,2.0,652354.16,0.0,3.0
2112665,11.0,135.0,61.0,Female,2.0,172393.05,0.0,3.0
9331315,26.0,313.0,69.5,Female,2.0,52877.39,2.0,5.0
1261852,4.0,59.0,22.5,Unknown,2.0,45109.5,4.0,7.0
8152115,8.0,97.0,34.0,Unknown,2.0,58071.58,4.0,7.0
3769549,12.0,149.0,68.0,Male,2.0,164539.57,3.0,6.0
5478251,7.0,86.0,31.0,Unknown,2.0,49874.5,1.0,4.0
8253607,24.0,294.0,54.0,Female,2.0,447580.26,1.0,4.0
1139906,7.0,91.0,60.0,Unknown,2.0,36793.3,4.0,7.0
7429662,5.0,67.0,40.0,Unknown,2.0,26377.36,2.0,5.0
465492,8.0,97.0,50.0,Unknown,2.0,47159.92,2.0,5.0
5562982,15.0,189.0,30.5,Male,3.0,136028.52000000002,5.0,8.0
7767184,16.0,193.0,61.5,Male,3.0,65839.68,5.0,8.0
8213284,16.0,194.0,49.0,Female,2.0,50339.67999999999,2.0,5.0
9307679,4.0,58.0,19.5,Unknown,2.0,40698.13,2.0,5.0
5871792,27.0,328.0,30.0,Female,2.0,40651.16,2.0,5.0
571215,11.0,132.0,42.0,Female,2.0,43997.56,1.0,5.0
233796,14.0,168.0,36.0,Female,2.0,33459.619999999995,5.0,8.0
8533740,14.0,170.0,35.5,Female,2.0,52280.55,0.0,3.0
2006721,7.0,87.0,66.0,Unknown,2.0,78548.6,3.0,7.0
3786978,16.0,195.0,55.0,Female,2.0,31507.44,6.0,9.0
4652540,6.0,72.0,52.5,Unknown,2.0,81063.37,2.0,5.0
7232085,7.0,85.0,28.5,Unknown,3.0,86597.25,6.0,9.0
7722659,14.0,168.0,64.0,Male,2.0,69709.91,6.0,9.0
544681,13.0,156.0,60.0,Female,2.0,170390.40999999997,0.0,3.0
7636757,5.0,61.0,23.5,Unknown,2.0,39758.03,1.0,4.0
7052917,23.0,286.0,67.0,Female,3.0,92526.67,1.0,6.0
1800729,26.0,313.0,71.0,Female,3.0,63931.43,3.0,6.0
7405035,20.0,251.0,54.0,Male,2.0,298158.48,6.0,9.0
1192407,19.0,233.0,56.5,Male,2.0,53948.96,6.0,9.0
2205995,16.0,193.0,33.5,Male,2.0,50053.42999999999,5.0,8.0
7717324,5.0,69.0,26.5,Unknown,2.0,30171.97,6.0,9.0
5898764,10.0,124.0,38.0,Male,2.0,34458.42,2.0,5.0
1958853,4.0,58.0,39.5,Unknown,2.0,94571.13,6.0,9.0
4924106,26.0,314.0,60.0,Female,2.0,64032.33,4.0,7.0
9642505,12.0,150.0,39.0,Male,2.0,31219.73,3.0,6.0
9199081,4.0,56.0,26.0,Unknown,3.0,64408.21,5.0,8.0
1724101,13.0,161.0,35.0,Male,2.0,34382.17,6.0,9.0
5970242,8.0,102.0,31.0,Unknown,2.0,25835.61,1.0,4.0
859795,6.0,72.0,22.5,Unknown,4.0,173237.26,6.0,9.0
2031853,4.0,58.0,65.0,Unknown,3.0,148007.03999999998,6.0,9.0
6735693,5.0,65.0,63.0,Female,2.0,421948.57,1.0,5.0
7675271,6.0,73.0,62.0,Female,2.0,222080.25,6.0,9.0
7950666,5.0,62.0,52.0,Unknown,4.0,364711.79,5.0,8.0
7911085,9.0,109.0,29.0,Male,4.0,140033.47,6.0,9.0
8025050,5.0,65.0,31.5,Unknown,3.0,148074.34,6.0,9.0
7685083,14.0,174.0,40.5,Female,2.0,40592.99,5.0,8.0
7046019,13.0,161.0,60.0,Male,2.0,41160.97,6.0,9.0
9183251,15.0,181.0,62.5,Unknown,3.0,292785.34,6.0,9.0
2695351,4.0,57.0,43.5,Female,2.0,41111.91,0.0,3.0
3293345,4.0,59.0,31.5,Unknown,2.0,31197.45,0.0,3.0
7433366,8.0,104.0,28.0,Male,2.0,27120.38,0.0,3.0
1213524,5.0,70.0,46.0,Unknown,2.0,37536.65,0.0,3.0
3115914,6.0,77.0,74.5,Unknown,3.0,174218.46000000002,6.0,9.0
8930709,5.0,60.0,26.0,Unknown,2.0,43518.42999999999,5.0,8.0
4556322,13.0,166.0,55.5,Female,2.0,134509.89,2.0,5.0
9261217,13.0,163.0,58.0,Female,2.0,59390.45,2.0,5.0
981679,15.0,190.0,29.0,Male,2.0,53325.74,6.0,9.0
5258421,7.0,86.0,26.5,Unknown,3.0,30728.0,6.0,9.0
3985863,3.0,42.0,40.5,Unknown,2.0,77502.4,2.0,5.0
6034097,14.0,179.0,51.0,Female,2.0,37720.72,1.0,4.0
5056635,8.0,106.0,29.5,Male,3.0,36199.56,6.0,9.0
2692143,8.0,97.0,28.0,Unknown,2.0,50848.3,6.0,9.0
4309105,17.0,206.0,30.0,Female,2.0,37200.92,1.0,4.0
4003416,16.0,192.0,65.5,Female,2.0,29747.8,1.0,4.0
7270362,8.0,97.0,67.5,Unknown,2.0,82141.69,6.0,9.0
1771717,16.0,203.0,50.5,Female,2.0,176869.83000000002,6.0,9.0
3616897,27.0,331.0,58.0,Male,2.0,142462.15,6.0,9.0
239772,8.0,103.0,31.5,Female,2.0,33148.22,0.0,3.0
6074871,15.0,185.0,60.5,Female,2.0,33592.28,0.0,3.0
5586669,6.0,75.0,53.0,Unknown,2.0,33331.149999999994,0.0,3.0
8081733,23.0,280.0,70.0,Female,2.0,67701.33,6.0,9.0
2939151,23.0,279.0,52.5,Female,2.0,38754.97,0.0,3.0
6895747,22.0,275.0,44.5,Male,3.0,424455.06,5.0,8.0
2425481,21.0,260.0,47.0,Male,3.0,164999.37,6.0,9.0
3338090,21.0,257.0,38.5,Male,2.0,23821.93,6.0,9.0
8382128,19.0,238.0,33.5,Female,4.0,53954.52,6.0,9.0
6631641,19.0,238.0,39.0,Female,2.0,120421.57,4.0,7.0
1107897,19.0,230.0,60.5,Male,4.0,230956.61,5.0,8.0
1581691,18.0,226.0,67.0,Female,2.0,43176.17,0.0,4.0
3852344,18.0,217.0,44.5,Female,2.0,143341.63,3.0,6.0
3844662,15.0,187.0,31.5,Male,3.0,68126.4,2.0,5.0
7892308,4.0,58.0,62.5,Male,2.0,32622.82,0.0,3.0
5516768,6.0,74.0,54.0,Unknown,2.0,32417.38,3.0,6.0
1792599,8.0,107.0,80.0,Male,2.0,154399.81,2.0,5.0
4498441,15.0,187.0,57.0,Female,3.0,301618.98,6.0,9.0
9794196,16.0,199.0,43.5,Male,2.0,61418.41,0.0,3.0
8001103,12.0,145.0,65.0,Male,2.0,1306037.47,5.0,8.0
7918443,8.0,98.0,70.5,Unknown,2.0,70447.08,3.0,6.0
5452664,6.0,82.0,59.0,Unknown,2.0,174357.53999999998,3.0,6.0
5720908,20.0,245.0,72.5,Female,2.0,43073.09,3.0,6.0
6622182,7.0,95.0,52.5,Unknown,2.0,55888.56,3.0,6.0
5615751,5.0,71.0,25.5,Unknown,2.0,32503.14,1.0,4.0
5128971,14.0,173.0,47.0,Male,2.0,26414.69,1.0,4.0
487255,14.0,171.0,73.5,Female,2.0,197917.72,1.0,5.0
2290136,7.0,94.0,38.0,Unknown,2.0,69001.45999999999,4.0,7.0
907562,15.0,182.0,61.5,Male,2.0,293787.11,6.0,9.0
3378895,29.0,352.0,53.5,Male,3.0,154559.26,3.0,6.0
6740381,6.0,74.0,22.5,Unknown,3.0,53194.57,6.0,9.0
7351660,7.0,86.0,37.5,Unknown,2.0,41653.94,4.0,7.0
2734496,5.0,65.0,29.0,Female,3.0,62673.48,6.0,9.0
5659799,14.0,176.0,64.5,Male,2.0,35976.93,6.0,9.0
4948147,30.0,362.0,51.5,Female,3.0,854072.64,5.0,8.0
8586276,10.0,129.0,29.0,Male,2.0,111701.96,2.0,5.0
1433186,12.0,152.0,57.5,Female,3.0,183070.72,3.0,6.0
2928400,4.0,59.0,61.0,Unknown,2.0,45238.13,5.0,8.0
4027903,6.0,79.0,51.0,Unknown,2.0,337792.79,2.0,5.0
134657,8.0,107.0,50.5,Female,2.0,63041.39,0.0,3.0
1609374,3.0,43.0,18.5,Unknown,3.0,39669.32,5.0,8.0
4643285,6.0,79.0,38.5,Unknown,4.0,83108.26,6.0,9.0
3239909,4.0,57.0,50.5,Female,3.0,66058.57,5.0,8.0
7476055,5.0,69.0,65.0,Unknown,2.0,42797.53999999999,1.0,4.0
5529705,4.0,58.0,22.0,Unknown,2.0,38626.11,1.0,4.0
8694277,15.0,182.0,38.0,Male,2.0,80757.29999999999,1.0,4.0
8318651,14.0,179.0,41.0,Male,2.0,78038.48999999999,6.0,9.0
8491806,6.0,78.0,51.5,Unknown,2.0,790821.74,1.0,4.0
8534622,10.0,130.0,56.0,Female,2.0,34667.28,1.0,4.0
9475871,33.0,396.0,56.5,Male,4.0,326691.23,4.0,7.0
2830224,23.0,287.0,26.5,Male,2.0,66790.26999999999,1.0,5.0
3772025,23.0,287.0,57.0,Male,2.0,252301.28,5.0,8.0
7768134,21.0,261.0,60.0,Female,3.0,174307.40000000002,2.0,5.0
1240217,28.0,342.0,69.0,Female,2.0,36246.69,1.0,4.0
2279041,20.0,243.0,53.5,Female,3.0,78804.29000000001,0.0,3.0
89116,18.0,219.0,23.5,Male,2.0,115852.67,4.0,7.0
1828528,19.0,233.0,45.0,Female,3.0,80147.6,3.0,6.0
7967787,3.0,37.0,22.5,Unknown,2.0,26688.62,1.0,4.0
9315250,13.0,159.0,39.0,Male,2.0,24164.25,1.0,4.0
7107441,6.0,82.0,50.0,Unknown,2.0,71831.0,1.0,4.0
2056534,6.0,82.0,32.0,Unknown,2.0,51161.3,1.0,4.0
5466160,4.0,59.0,39.0,Female,3.0,58179.27,1.0,5.0
2462987,7.0,91.0,55.5,Unknown,2.0,137786.09,6.0,9.0
2185907,4.0,59.0,57.5,Unknown,2.0,29881.4,2.0,5.0
3944863,13.0,156.0,55.5,Male,2.0,29259.61,4.0,7.0
4385599,3.0,44.0,45.0,Male,2.0,36104.51,6.0,9.0
3157419,6.0,75.0,29.0,Unknown,2.0,28186.4,0.0,3.0
9198576,11.0,141.0,38.5,Female,2.0,55010.47,2.0,5.0
6153024,10.0,120.0,33.0,Male,3.0,48117.35,0.0,3.0
640378,15.0,187.0,49.5,Male,2.0,24644.56,3.0,6.0
8180165,8.0,101.0,46.0,Unknown,2.0,131109.9,5.0,8.0
6001954,9.0,118.0,36.0,Male,2.0,49427.74,1.0,4.0
203500,15.0,190.0,50.0,Male,2.0,77115.37,1.0,4.0
21403,11.0,143.0,41.0,Female,2.0,74353.32,1.0,4.0
317043,12.0,144.0,33.0,Male,3.0,95857.09,4.0,7.0
6954909,5.0,71.0,51.0,Unknown,2.0,38663.17,4.0,7.0
6153364,10.0,122.0,50.0,Female,3.0,75897.11,1.0,4.0
6017434,10.0,130.0,56.5,Male,3.0,129838.52,1.0,4.0
725895,15.0,190.0,68.0,Female,3.0,57907.0,6.0,9.0
4809247,4.0,57.0,26.5,Unknown,2.0,28437.63,0.0,3.0
2968356,15.0,180.0,47.0,Male,2.0,679758.77,5.0,8.0
5045408,4.0,51.0,77.5,Male,2.0,125815.69,4.0,9.0
1025577,14.0,175.0,31.5,Female,2.0,28357.83,0.0,3.0
3035258,17.0,205.0,35.0,Male,2.0,51385.5,3.0,6.0
3529825,16.0,192.0,46.0,Female,2.0,27332.0,0.0,4.0
8380079,6.0,83.0,32.5,Unknown,2.0,50326.55,6.0,9.0
3032745,12.0,154.0,44.5,Female,2.0,27583.59,0.0,3.0
97170,16.0,202.0,38.0,Male,2.0,28863.99,4.0,7.0
6090203,5.0,68.0,67.5,Female,2.0,49194.17999999999,1.0,4.0
4456584,17.0,214.0,56.0,Male,2.0,55874.34,6.0,9.0
5853323,6.0,79.0,31.5,Unknown,2.0,80099.35,1.0,4.0
607963,5.0,69.0,27.0,Unknown,2.0,32922.59,2.0,5.0
7171365,7.0,95.0,31.5,Unknown,4.0,161825.75,6.0,9.0
2997807,11.0,142.0,58.0,Female,2.0,48978.87,6.0,9.0
3460697,8.0,106.0,61.5,Male,2.0,137923.99,1.0,4.0
7759903,5.0,70.0,28.5,Unknown,2.0,32383.32,1.0,4.0
6069933,10.0,131.0,53.0,Female,2.0,28332.87,3.0,6.0
7987454,28.0,336.0,56.5,Female,2.0,227303.4,1.0,4.0
8295461,25.0,311.0,63.0,Male,2.0,312510.92,4.0,7.0
3841189,5.0,66.0,17.5,Unknown,3.0,34112.8,5.0,8.0
6630684,18.0,226.0,45.5,Female,2.0,72968.26,5.0,8.0
8827248,24.0,297.0,51.5,Female,2.0,165242.57,1.0,4.0
1023362,23.0,277.0,66.0,Male,2.0,196726.07,6.0,9.0
9987748,22.0,272.0,30.0,Female,2.0,33108.42,0.0,3.0
4262392,21.0,252.0,44.5,Female,2.0,87105.78,6.0,9.0
1002004,20.0,250.0,68.5,Female,2.0,113285.97,0.0,3.0
8480506,20.0,242.0,41.0,Female,2.0,235961.77,2.0,5.0
4364417,20.0,240.0,59.0,Male,2.0,69386.45999999999,3.0,6.0
3658635,16.0,197.0,58.5,Male,3.0,75570.92,6.0,9.0
177581,30.0,361.0,47.5,Female,2.0,121748.5,2.0,5.0
1585645,15.0,189.0,36.0,Unknown,2.0,56829.83,1.0,4.0
7755762,6.0,80.0,33.5,Unknown,2.0,183589.86,0.0,3.0
3097947,28.0,347.0,76.0,Male,3.0,154765.97,5.0,8.0
6735040,14.0,168.0,30.0,Female,2.0,47428.92,0.0,3.0
6735618,8.0,100.0,64.5,Unknown,2.0,91422.42,4.0,7.0
5979217,4.0,58.0,68.0,Female,2.0,39471.28,2.0,5.0
4279555,5.0,67.0,51.0,Unknown,2.0,30095.51,5.0,8.0
3388744,5.0,71.0,39.0,Unknown,2.0,68032.54000000001,6.0,9.0
7091082,4.0,58.0,21.5,Unknown,2.0,34421.759999999995,3.0,6.0
5023917,12.0,155.0,42.0,Female,3.0,75187.1,1.0,4.0
618828,5.0,70.0,30.0,Unknown,2.0,46980.15,4.0,7.0
3847466,5.0,69.0,46.5,Unknown,2.0,325855.38,2.0,5.0
9882286,5.0,70.0,64.0,Unknown,3.0,103263.91,4.0,7.0
9250390,7.0,92.0,41.0,Unknown,2.0,271142.13,0.0,3.0
2525328,13.0,157.0,41.5,Female,3.0,122821.3,5.0,8.0
3563844,5.0,65.0,25.0,Unknown,2.0,36594.35,2.0,5.0
6926632,21.0,254.0,54.5,Male,3.0,266458.16,5.0,8.0
6189438,6.0,83.0,32.5,Unknown,3.0,199970.08,6.0,9.0
4018966,4.0,58.0,21.5,Unknown,2.0,31131.67,4.0,7.0
6262383,20.0,250.0,44.5,Unknown,3.0,182991.8,1.0,4.0
5144502,8.0,106.0,42.5,Female,2.0,47847.08,2.0,5.0
7737184,8.0,97.0,35.5,Unknown,2.0,76454.01999999999,1.0,4.0
8814439,7.0,93.0,58.0,Unknown,2.0,40699.53,6.0,9.0
1084286,4.0,58.0,45.5,Unknown,2.0,34978.68,0.0,3.0
5328813,15.0,189.0,49.0,Male,2.0,50387.86,2.0,5.0
2122247,6.0,80.0,44.0,Unknown,2.0,60225.49,1.0,4.0
8728147,8.0,107.0,36.0,Male,2.0,31356.28,5.0,8.0
6390558,4.0,58.0,28.0,Female,2.0,47511.83,2.0,5.0
4024471,15.0,189.0,54.5,Female,2.0,259172.01,3.0,6.0
9358046,11.0,143.0,30.5,Female,2.0,54323.53999999999,2.0,5.0
2966961,8.0,97.0,34.0,Female,2.0,26445.15,3.0,6.0
2685804,12.0,155.0,44.5,Male,2.0,121542.1,2.0,5.0
4519721,5.0,60.0,50.0,Male,2.0,210741.74,3.0,6.0
3124286,14.0,179.0,51.0,Male,2.0,100316.52,6.0,9.0
7468519,4.0,58.0,53.5,Unknown,2.0,53426.64,6.0,9.0
6040095,4.0,58.0,21.5,Unknown,2.0,64391.51,6.0,9.0
2592502,15.0,183.0,56.5,Female,2.0,101558.63,5.0,8.0
1045793,14.0,178.0,74.5,Female,2.0,58438.2,6.0,9.0
3776819,5.0,65.0,53.0,Female,2.0,25359.56,3.0,6.0
3305421,11.0,133.0,30.5,Male,2.0,39795.9,6.0,9.0
1330036,4.0,59.0,22.5,Unknown,2.0,27841.47,1.0,5.0
8607066,27.0,333.0,52.5,Male,3.0,339115.61,4.0,7.0
2476272,14.0,168.0,67.0,Female,2.0,57145.29,2.0,5.0
1893453,5.0,71.0,67.5,Unknown,3.0,46001.2,3.0,6.0
1291505,7.0,94.0,56.5,Female,2.0,41930.55,5.0,8.0
4365891,20.0,250.0,33.0,Female,2.0,27504.45,0.0,3.0
9445423,6.0,72.0,66.0,Unknown,2.0,30654.89,1.0,4.0
9660581,24.0,297.0,23.5,Female,3.0,63149.31,5.0,8.0
9077558,23.0,276.0,27.0,Male,2.0,378076.39,2.0,5.0
8788431,20.0,247.0,52.5,Male,2.0,113433.23,6.0,9.0
9252073,18.0,218.0,71.5,Female,2.0,213815.05,3.0,6.0
3784584,17.0,214.0,63.5,Female,3.0,81288.51999999999,1.0,4.0
8249435,15.0,184.0,53.5,Male,2.0,1219197.86,0.0,3.0
591528,9.0,119.0,45.5,Female,2.0,64698.45,0.0,4.0
6674079,17.0,215.0,71.5,Male,3.0,2894214.23,4.0,7.0
7655478,8.0,106.0,42.0,Male,2.0,66742.04999999999,1.0,4.0
1482743,11.0,139.0,65.5,Male,2.0,104786.33,3.0,6.0
6379561,13.0,160.0,44.5,Female,2.0,64886.6,6.0,9.0
5869614,7.0,84.0,24.0,Unknown,4.0,76957.38,6.0,9.0
5643528,8.0,106.0,54.5,Female,2.0,61840.68,1.0,4.0
1743043,4.0,59.0,48.5,Unknown,2.0,27371.55,1.0,4.0
9681606,7.0,94.0,21.0,Unknown,3.0,78048.06,2.0,5.0
7907204,6.0,83.0,68.0,Unknown,2.0,42525.53999999999,2.0,5.0
3434892,7.0,95.0,52.5,Unknown,2.0,218037.7,1.0,4.0
1328295,8.0,106.0,64.0,Female,2.0,87795.95,3.0,6.0
585865,5.0,70.0,29.5,Unknown,2.0,44647.84,2.0,5.0
1253974,11.0,134.0,33.0,Female,2.0,126678.02,2.0,5.0
2799605,5.0,66.0,19.5,Unknown,2.0,25191.6,4.0,7.0
6439990,22.0,270.0,72.0,Male,3.0,714096.2200000001,6.0,9.0
7184846,9.0,118.0,68.0,Female,2.0,94027.09,2.0,5.0
2367184,6.0,73.0,34.5,Unknown,2.0,48349.78999999999,6.0,9.0
4786660,5.0,66.0,63.0,Unknown,3.0,99519.49,4.0,7.0
2230522,20.0,242.0,59.5,Male,2.0,55716.49,6.0,9.0
5135219,15.0,185.0,61.5,Female,2.0,121672.88,1.0,4.0
791007,5.0,70.0,47.0,Unknown,2.0,49253.72,0.0,3.0
9084523,13.0,162.0,28.5,Male,2.0,61185.27,3.0,6.0
64058,26.0,313.0,62.5,Male,2.0,378569.04,6.0,9.0
972441,6.0,82.0,28.5,Unknown,2.0,67023.01999999999,2.0,5.0
544943,11.0,140.0,35.5,Female,2.0,65636.20999999999,4.0,7.0
4136269,11.0,133.0,79.5,Male,2.0,31525.8,2.0,5.0
3364777,15.0,187.0,46.5,Male,2.0,34339.08,6.0,9.0
5728430,10.0,129.0,65.0,Male,2.0,277000.66,2.0,5.0
2385034,2.0,35.0,31.0,Unknown,3.0,58424.56,6.0,9.0
9579231,14.0,170.0,55.0,Male,2.0,127429.13,1.0,4.0
982273,6.0,79.0,51.0,Unknown,2.0,26235.42,2.0,5.0
3386736,15.0,187.0,62.5,Female,2.0,75120.15,3.0,6.0
3860871,6.0,82.0,68.0,Unknown,2.0,75269.44,2.0,6.0
8921961,31.0,379.0,72.5,Male,3.0,213236.66,2.0,5.0
9147600,5.0,68.0,89.0,Unknown,2.0,36560.39,1.0,4.0
8532013,7.0,86.0,28.5,Unknown,2.0,31509.1,2.0,5.0
2500591,8.0,96.0,46.5,Unknown,2.0,53421.72,6.0,9.0
9405128,12.0,145.0,58.5,Male,2.0,23790.77,2.0,5.0
7105238,15.0,185.0,38.0,Female,2.0,27705.06,0.0,3.0
3843932,11.0,143.0,39.0,Male,2.0,42727.42999999999,1.0,4.0
9196376,32.0,395.0,52.0,Female,3.0,79431.44,2.0,5.0
8959461,9.0,109.0,49.5,Female,2.0,78456.22,3.0,6.0
201225,10.0,126.0,38.0,Male,2.0,92898.44,3.0,6.0
6064626,5.0,68.0,63.0,Male,2.0,126049.86,2.0,5.0
4475433,5.0,65.0,27.5,Unknown,3.0,51488.51,3.0,6.0
5115159,21.0,255.0,74.5,Female,2.0,92187.47,2.0,6.0
8140663,21.0,253.0,20.5,Female,2.0,76762.20999999999,6.0,9.0
4144892,18.0,216.0,53.0,Female,2.0,78778.03,1.0,4.0
4042402,6.0,82.0,20.5,Unknown,2.0,52812.83,4.0,7.0
2769561,6.0,75.0,44.0,Unknown,2.0,39939.2,2.0,5.0
7533488,19.0,228.0,35.0,Male,3.0,94011.63,6.0,9.0
309715,16.0,197.0,55.5,Female,2.0,36296.24,1.0,4.0
9904400,7.0,85.0,62.0,Unknown,2.0,38570.76,6.0,9.0
6943648,6.0,72.0,34.5,Unknown,3.0,83627.26999999999,5.0,8.0
8664644,9.0,117.0,54.0,Female,2.0,62855.66,0.0,3.0
381711,7.0,89.0,58.5,Unknown,3.0,205243.23,6.0,9.0
6141254,13.0,157.0,41.0,Male,2.0,161242.61,0.0,3.0
4548420,8.0,98.0,45.5,Unknown,2.0,31248.72,3.0,6.0
1873438,8.0,97.0,27.0,Unknown,2.0,26735.51,1.0,5.0
4239236,6.0,72.0,46.0,Unknown,3.0,386823.35,6.0,9.0
5337249,12.0,155.0,51.5,Female,2.0,58628.5,2.0,5.0
5872898,5.0,71.0,27.5,Unknown,2.0,54753.3,0.0,3.0
3907235,5.0,60.0,71.5,Male,3.0,108417.51,5.0,8.0
160144,16.0,192.0,70.5,Female,3.0,132107.61,4.0,7.0
6098583,11.0,142.0,35.5,Male,2.0,47591.26,1.0,4.0
3836039,15.0,181.0,40.0,Female,2.0,83510.93,5.0,8.0
6697431,11.0,139.0,34.0,Female,3.0,40637.34,1.0,4.0
4536987,9.0,109.0,37.0,Male,2.0,163071.19,6.0,9.0
2821005,3.0,43.0,35.0,Male,3.0,42558.09,1.0,4.0
2417286,9.0,108.0,50.5,Male,2.0,68199.69,2.0,5.0
8463178,10.0,131.0,36.0,Male,2.0,121222.73,6.0,9.0
649371,15.0,180.0,38.0,Female,2.0,46454.99,1.0,4.0
7924967,5.0,65.0,45.5,Unknown,2.0,25082.59,0.0,3.0
1175946,16.0,195.0,60.5,Male,2.0,24992.12,6.0,9.0
8998966,6.0,73.0,46.5,Unknown,4.0,66548.57,1.0,4.0
1712564,8.0,98.0,55.5,Unknown,2.0,36207.49,0.0,3.0
9760675,8.0,97.0,69.5,Unknown,3.0,465098.42,6.0,9.0
6124096,9.0,117.0,42.0,Male,2.0,34127.42,1.0,4.0
5752256,12.0,147.0,25.5,Male,2.0,30804.32,1.0,4.0
4765566,5.0,60.0,81.5,Unknown,2.0,57565.07,3.0,6.0
6390205,14.0,171.0,49.5,Female,2.0,52969.6,0.0,3.0
4540109,7.0,95.0,62.5,Unknown,2.0,81803.85,0.0,3.0
1371434,14.0,168.0,42.5,Male,2.0,171201.89,6.0,9.0
661056,27.0,330.0,34.0,Female,2.0,91320.38,6.0,9.0
1852509,11.0,142.0,44.0,Male,2.0,67765.37,6.0,9.0
5879917,4.0,57.0,62.0,Male,2.0,64529.57,0.0,3.0
3014872,6.0,74.0,67.5,Female,2.0,127826.83,0.0,4.0
3550112,5.0,61.0,22.5,Unknown,2.0,31820.82,4.0,7.0
4028151,14.0,178.0,70.5,Male,2.0,164895.18,6.0,9.0
2094380,10.0,129.0,43.0,Female,2.0,65122.0,0.0,3.0
5369289,25.0,305.0,59.5,Female,3.0,62754.85,2.0,5.0
7915367,25.0,310.0,71.0,Female,2.0,39110.19,3.0,6.0
138686,23.0,276.0,61.0,Female,3.0,59272.64,6.0,9.0
9456512,22.0,268.0,23.5,Female,2.0,51704.03999999999,1.0,4.0
7210729,22.0,264.0,48.5,Male,2.0,188886.86,6.0,9.0
6412718,21.0,261.0,61.0,Male,2.0,327156.35,5.0,8.0
8390041,22.0,265.0,49.5,Male,3.0,82117.44,6.0,9.0
2348515,18.0,221.0,54.5,Female,3.0,169140.43,6.0,9.0
6887814,18.0,221.0,54.5,Female,2.0,31021.66,0.0,3.0
781302,17.0,213.0,58.0,Female,2.0,109478.42,6.0,9.0
4414863,17.0,208.0,27.0,Unknown,2.0,73948.23999999999,3.0,6.0
9700346,30.0,362.0,66.0,Male,2.0,158187.8,0.0,3.0
1225958,11.0,141.0,71.0,Female,2.0,106637.33,3.0,6.0
9010050,15.0,183.0,54.5,Male,2.0,52391.52,4.0,7.0
6914362,11.0,142.0,42.5,Female,2.0,30299.42,0.0,4.0
3811083,14.0,176.0,61.0,Male,2.0,771618.7300000001,6.0,9.0
1672423,7.0,85.0,47.5,Unknown,2.0,36156.56,0.0,3.0
5178889,8.0,106.0,37.0,Male,3.0,187821.96,3.0,6.0
5133321,15.0,190.0,75.0,Female,2.0,66440.65,4.0,7.0
7449052,13.0,166.0,33.5,Male,3.0,807115.99,6.0,9.0
1502312,13.0,157.0,51.5,Female,2.0,122654.28,1.0,4.0
4209132,6.0,81.0,31.5,Unknown,2.0,29144.07,0.0,3.0
4962051,6.0,75.0,68.0,Unknown,2.0,39632.07,3.0,6.0
9562144,8.0,96.0,48.0,Unknown,2.0,68268.6,6.0,9.0
1012423,6.0,82.0,30.0,Unknown,2.0,41897.09,3.0,6.0
2437471,7.0,88.0,32.5,Unknown,4.0,69438.98,6.0,9.0
714067,7.0,84.0,35.0,Unknown,2.0,178675.16999999998,0.0,3.0
3142979,7.0,85.0,26.5,Unknown,2.0,36376.53,3.0,6.0
375730,9.0,113.0,40.0,Female,2.0,71542.56,6.0,9.0
396523,7.0,90.0,39.5,Male,3.0,1443223.0499999998,2.0,6.0
7351950,14.0,172.0,64.0,Female,2.0,32903.44,0.0,3.0
4393630,13.0,160.0,64.0,Female,2.0,114087.12,1.0,5.0
4621091,12.0,155.0,32.0,Female,2.0,51484.06,3.0,6.0
8108734,5.0,62.0,19.0,Unknown,2.0,48287.09,2.0,5.0
2376344,5.0,66.0,41.0,Unknown,2.0,48294.72,6.0,9.0
9979763,11.0,134.0,65.0,Unknown,2.0,149096.15,6.0,9.0
8046472,11.0,135.0,52.0,Male,2.0,24852.76,5.0,8.0
7390054,28.0,338.0,75.0,Female,2.0,445376.61,6.0,9.0
250924,6.0,82.0,52.5,Unknown,2.0,67314.56,5.0,8.0
7234916,4.0,56.0,48.5,Female,2.0,46877.23,2.0,5.0
2574463,13.0,159.0,45.0,Male,2.0,219304.08,1.0,4.0
2326112,6.0,72.0,30.0,Unknown,2.0,29698.54,3.0,6.0
7066530,5.0,70.0,60.0,Unknown,2.0,45424.05,6.0,9.0
4926172,4.0,59.0,45.5,Unknown,2.0,54196.5,2.0,5.0
2922633,12.0,155.0,38.5,Male,2.0,30520.75,6.0,9.0
9481982,5.0,71.0,33.0,Female,2.0,30274.45,0.0,3.0
483156,32.0,384.0,69.5,Male,2.0,170438.32,3.0,6.0
5036766,6.0,73.0,32.5,Unknown,2.0,46399.36,5.0,8.0
4473931,27.0,335.0,65.5,Female,3.0,3191769.31,3.0,7.0
8601064,10.0,125.0,25.5,Female,4.0,101133.44,4.0,7.0
4175382,23.0,277.0,47.0,Male,3.0,96851.96,3.0,6.0
8299933,22.0,268.0,59.5,Male,2.0,63784.94,4.0,7.0
482692,22.0,266.0,56.5,Male,3.0,121577.54,4.0,7.0
7568052,21.0,262.0,28.5,Female,2.0,40883.98,0.0,3.0
1360607,21.0,254.0,76.5,Female,2.0,42072.71,3.0,7.0
8932323,19.0,230.0,67.0,Female,2.0,245391.86,4.0,7.0
5702519,18.0,224.0,53.5,Male,2.0,111917.44,2.0,5.0
7419944,5.0,66.0,20.5,Unknown,2.0,40566.81,5.0,8.0
7676617,15.0,186.0,34.0,Female,2.0,54558.7,1.0,4.0
3719875,8.0,96.0,60.5,Unknown,2.0,39880.48,0.0,3.0
6560734,12.0,149.0,39.5,Male,3.0,38436.85,1.0,4.0
5672599,12.0,148.0,68.0,Male,2.0,169129.15000000002,0.0,3.0
6675460,8.0,96.0,63.0,Male,2.0,56966.19,6.0,9.0
1016217,7.0,95.0,28.5,Unknown,2.0,70531.66,4.0,8.0
5620187,7.0,84.0,40.0,Unknown,2.0,37866.87,3.0,6.0
3851413,19.0,233.0,68.5,Male,2.0,536435.4400000001,6.0,9.0
5964765,5.0,65.0,30.5,Unknown,3.0,126183.07,6.0,9.0
2195571,16.0,198.0,60.0,Male,2.0,53498.91,1.0,4.0
1021314,4.0,58.0,24.5,Unknown,2.0,56293.34,4.0,7.0
9817162,4.0,58.0,17.0,Unknown,2.0,35298.49,1.0,4.0
4202376,15.0,190.0,45.5,Female,2.0,575264.3,6.0,9.0
981961,16.0,203.0,61.0,Male,2.0,36526.6,3.0,6.0
4521081,8.0,96.0,22.0,Female,2.0,42242.45,1.0,4.0
9258505,16.0,197.0,33.0,Male,2.0,103881.42,5.0,8.0
7654305,8.0,100.0,30.5,Unknown,3.0,46813.5,2.0,5.0
6528661,8.0,98.0,49.0,Male,3.0,59812.67,3.0,6.0
7405457,13.0,156.0,50.0,Female,2.0,110136.59,6.0,9.0
1461831,15.0,189.0,39.5,Female,2.0,37389.9,1.0,4.0
513275,11.0,135.0,45.5,Female,2.0,86510.72,2.0,5.0
3133688,8.0,107.0,58.5,Female,2.0,94204.41,6.0,9.0
8516537,14.0,178.0,69.0,Female,2.0,34230.28,2.0,5.0
1133006,16.0,192.0,41.5,Male,3.0,427125.41,6.0,9.0
7013037,8.0,106.0,47.5,Male,2.0,81490.54999999999,4.0,7.0
8632691,17.0,210.0,31.0,Female,2.0,42022.1,6.0,9.0
3778504,14.0,178.0,34.0,Male,2.0,30355.51,0.0,3.0
3011272,5.0,67.0,23.5,Unknown,2.0,26775.3,6.0,9.0
4124925,15.0,189.0,33.0,Female,3.0,24877.28,1.0,5.0
8122881,5.0,67.0,36.5,Unknown,2.0,31001.59,0.0,3.0
8518982,4.0,50.0,53.0,Unknown,3.0,91106.67,5.0,8.0
7600143,17.0,206.0,25.0,Unknown,2.0,67504.26,1.0,4.0
8021901,15.0,188.0,64.5,Male,2.0,258720.62,4.0,7.0
1753569,5.0,71.0,28.5,Unknown,2.0,32789.72,2.0,5.0
7458552,6.0,78.0,67.5,Unknown,3.0,261295.59000000003,6.0,9.0
9022088,6.0,77.0,30.0,Unknown,2.0,59777.76,2.0,5.0
2774365,18.0,217.0,50.0,Male,2.0,510629.91,6.0,9.0
6178539,9.0,118.0,23.5,Male,2.0,30052.54,0.0,3.0
536431,7.0,95.0,30.5,Unknown,2.0,44673.95,6.0,9.0
9763741,16.0,203.0,43.5,Male,2.0,88247.14,1.0,4.0
5998271,28.0,341.0,52.5,Male,3.0,183112.11,3.0,6.0
5521308,12.0,152.0,32.5,Unknown,3.0,158141.22999999998,6.0,9.0
2644129,4.0,59.0,30.5,Unknown,2.0,93973.24,5.0,8.0
7233910,11.0,137.0,32.5,Male,2.0,26414.78,2.0,5.0
7453240,5.0,70.0,44.0,Female,2.0,38436.18,2.0,5.0
8685522,23.0,287.0,44.0,Male,3.0,128381.68,1.0,4.0
5396220,21.0,259.0,64.0,Male,2.0,53813.48,4.0,7.0
2124715,18.0,216.0,37.5,Unknown,3.0,59719.04,4.0,7.0
266315,6.0,73.0,24.0,Unknown,2.0,26745.67,4.0,7.0
378822,28.0,342.0,68.0,Female,2.0,95839.98,3.0,6.0
7508315,11.0,142.0,59.0,Female,2.0,119907.08,6.0,9.0
5805534,5.0,65.0,76.0,Unknown,2.0,51048.85,3.0,6.0
8769667,11.0,143.0,56.5,Female,2.0,34675.36,1.0,4.0
7226172,6.0,80.0,65.5,Unknown,2.0,377492.71,2.0,5.0
1475481,5.0,60.0,39.0,Unknown,2.0,42074.03999999999,6.0,9.0
4274437,6.0,79.0,53.0,Unknown,2.0,35114.649999999994,3.0,6.0
1274278,13.0,159.0,31.0,Male,2.0,58949.56,5.0,8.0
165428,8.0,106.0,51.5,Male,2.0,47008.52,0.0,3.0
722886,5.0,71.0,28.0,Unknown,2.0,35338.55,6.0,9.0
8137724,19.0,239.0,55.5,Female,2.0,30907.83,2.0,5.0
9977345,6.0,77.0,43.0,Unknown,2.0,28601.37,4.0,7.0
8588958,5.0,67.0,23.5,Unknown,2.0,25102.72,2.0,5.0
3521202,6.0,82.0,60.0,Female,3.0,479787.8,5.0,8.0
3464519,6.0,79.0,52.5,Female,3.0,48708.22,1.0,4.0
278834,9.0,108.0,27.0,Female,2.0,47538.24,5.0,8.0
1288151,10.0,129.0,51.0,Unknown,2.0,27682.62,0.0,4.0
2671926,13.0,161.0,27.0,Male,2.0,28779.41,0.0,3.0
2015094,19.0,238.0,58.0,Male,2.0,73060.45,5.0,8.0
4889439,14.0,173.0,56.0,Male,2.0,528396.21,6.0,9.0
8663447,5.0,70.0,44.0,Unknown,2.0,62288.3,1.0,4.0
3924155,5.0,62.0,46.5,Female,2.0,65986.26,6.0,9.0
7546275,16.0,196.0,64.0,Female,3.0,176368.59999999998,2.0,5.0
5658050,9.0,118.0,62.5,Male,2.0,55213.58,2.0,5.0
4602206,22.0,272.0,64.0,Male,2.0,44854.5,4.0,7.0
2187415,5.0,70.0,23.0,Male,3.0,87923.78,6.0,9.0
7595357,6.0,76.0,59.0,Female,2.0,88562.97,1.0,4.0
6786190,17.0,206.0,65.0,Male,2.0,158415.15999999997,0.0,3.0
6332820,9.0,114.0,21.5,Male,2.0,27739.95,3.0,6.0
4430996,4.0,56.0,40.5,Unknown,2.0,30108.67,3.0,6.0
3004070,9.0,118.0,29.0,Female,2.0,55319.23,6.0,9.0
9382259,4.0,58.0,24.5,Unknown,2.0,34851.0,6.0,9.0
6537643,15.0,190.0,57.0,Male,2.0,121993.1,6.0,9.0
8314885,6.0,75.0,51.5,Unknown,2.0,87299.54999999999,0.0,3.0
9079249,5.0,70.0,28.0,Unknown,4.0,157685.09000000003,1.0,4.0
3893516,4.0,59.0,34.5,Unknown,2.0,43917.73,0.0,3.0
189572,13.0,165.0,41.5,Male,2.0,43014.28999999999,6.0,9.0
9359596,14.0,178.0,50.5,Male,2.0,97849.58,2.0,5.0
2757019,8.0,107.0,58.5,Female,2.0,179301.06,6.0,9.0
7431514,7.0,85.0,50.0,Unknown,2.0,366900.22,0.0,3.0
8452673,8.0,106.0,59.5,Female,2.0,29903.41,0.0,4.0
1829354,12.0,151.0,45.5,Male,2.0,78130.37,1.0,4.0
9247992,10.0,126.0,58.5,Female,3.0,184831.24,4.0,7.0
5609495,13.0,160.0,53.0,Female,3.0,259852.09000000003,6.0,9.0
9673536,5.0,71.0,31.5,Unknown,3.0,37611.23,1.0,5.0
4442348,7.0,95.0,65.0,Unknown,2.0,35463.14,6.0,9.0
6370180,22.0,274.0,58.5,Female,4.0,391465.94,0.0,4.0
4211505,21.0,260.0,54.0,Female,2.0,106556.13,3.0,6.0
3997514,21.0,258.0,51.5,Male,3.0,173020.76,6.0,9.0
4675494,21.0,255.0,56.5,Male,3.0,231198.06,6.0,9.0
4746492,20.0,244.0,26.5,Male,2.0,172848.32,6.0,9.0
2970745,15.0,189.0,43.0,Female,2.0,56368.52,6.0,9.0
5195712,7.0,84.0,55.0,Unknown,2.0,94640.57,0.0,3.0
2403493,12.0,151.0,69.0,Male,2.0,167350.52999999997,6.0,9.0
4045580,11.0,143.0,26.0,Male,2.0,28186.78,1.0,4.0
9897347,5.0,69.0,23.5,Unknown,3.0,38673.98,6.0,9.0
3816013,16.0,194.0,58.5,Female,2.0,125655.3,6.0,9.0
9610725,15.0,190.0,58.5,Female,2.0,33116.24,4.0,7.0
4405347,14.0,176.0,74.0,Male,2.0,27790.34,0.0,3.0
7708199,13.0,158.0,67.5,Male,2.0,317137.49,5.0,8.0
6163623,10.0,129.0,32.0,Female,2.0,34662.04,4.0,7.0
3210702,6.0,82.0,25.5,Unknown,4.0,57268.49,6.0,9.0
7247763,15.0,186.0,35.5,Female,2.0,33459.24,0.0,3.0
97147,15.0,190.0,55.0,Male,2.0,287351.55,6.0,9.0
2857079,11.0,137.0,44.0,Male,2.0,39304.53,6.0,9.0
3127993,11.0,141.0,61.0,Male,2.0,250642.71,2.0,5.0
3254514,7.0,90.0,46.5,Unknown,2.0,27744.39,1.0,4.0
4090058,4.0,59.0,54.5,Unknown,2.0,73209.95999999999,6.0,9.0
6724958,5.0,65.0,59.0,Unknown,3.0,178019.40999999997,5.0,8.0
3872272,14.0,178.0,46.0,Male,2.0,96498.07,6.0,9.0
5378616,9.0,116.0,34.0,Male,3.0,113192.57,6.0,9.0
4367007,7.0,84.0,59.5,Unknown,2.0,48930.09,5.0,8.0
1500865,5.0,70.0,45.0,Unknown,2.0,36762.37,0.0,3.0
3750476,10.0,122.0,42.5,Female,2.0,31418.12,0.0,3.0
7475920,12.0,152.0,34.0,Female,2.0,132550.46,1.0,4.0
820255,14.0,170.0,59.5,Female,2.0,116979.97,2.0,5.0
3656557,8.0,102.0,47.5,Female,2.0,147566.39,0.0,3.0
8719757,17.0,215.0,46.5,Female,2.0,48691.21,2.0,5.0
5851331,8.0,106.0,32.5,Female,2.0,37321.43,6.0,9.0
435340,15.0,185.0,67.5,Male,2.0,51612.31,3.0,6.0
1738333,7.0,90.0,68.5,Unknown,2.0,341777.81,3.0,6.0
1624825,16.0,195.0,63.5,Female,2.0,106532.51,3.0,6.0
3221809,16.0,193.0,51.5,Female,2.0,97479.16,2.0,5.0
9677776,5.0,70.0,64.5,Unknown,2.0,57398.19,1.0,4.0
5301061,14.0,173.0,38.0,Male,2.0,106799.08,6.0,9.0
2905735,15.0,190.0,46.0,Male,2.0,208005.56,6.0,9.0
3823121,14.0,178.0,68.5,Female,2.0,32666.22,6.0,9.0
6662941,7.0,84.0,36.0,Female,2.0,83101.84,4.0,7.0
5250341,4.0,56.0,29.5,Unknown,2.0,35363.46,1.0,4.0
6105623,14.0,170.0,72.5,Female,2.0,97417.57,2.0,5.0
6751438,8.0,98.0,49.5,Unknown,2.0,416988.75,6.0,9.0
6007167,25.0,301.0,49.5,Male,2.0,64521.22,2.0,5.0
2787512,23.0,283.0,48.0,Female,3.0,123618.6,1.0,4.0
501496,23.0,281.0,35.0,Female,2.0,32529.34,0.0,3.0
9932367,23.0,280.0,57.0,Female,2.0,94466.55,6.0,9.0
4079649,23.0,276.0,62.5,Male,3.0,57575.28,4.0,7.0
1780858,21.0,262.0,68.5,Male,3.0,372100.59,6.0,9.0
6967120,21.0,260.0,68.5,Male,3.0,4279873.38,6.0,9.0
5826160,20.0,249.0,56.5,Female,2.0,44837.16,2.0,5.0
8739285,19.0,229.0,69.5,Female,2.0,44994.24,1.0,4.0
7468138,18.0,222.0,61.0,Female,3.0,209278.15,0.0,3.0
414870,6.0,80.0,57.0,Unknown,2.0,492304.33,5.0,5.0
1047811,9.0,118.0,30.0,Male,2.0,27085.88,5.0,5.0
6090170,5.0,62.0,28.0,Unknown,2.0,39855.3,4.0,4.0
706631,16.0,193.0,56.0,Unknown,2.0,52298.64,5.0,5.0
6844077,16.0,196.0,48.5,Female,2.0,518763.48,7.0,7.0
2578065,7.0,84.0,39.5,Unknown,2.0,30880.44,3.0,3.0
9628228,13.0,156.0,48.0,Male,2.0,143845.94,5.0,5.0
3373189,6.0,73.0,26.5,Unknown,3.0,59233.70999999999,7.0,7.0
1206758,13.0,166.0,43.5,Male,3.0,144800.87,1.0,1.0
1341792,5.0,67.0,47.5,Female,3.0,18697.95,7.0,7.0
2784956,10.0,120.0,30.0,Female,2.0,53266.02,7.0,7.0
9827579,6.0,76.0,30.5,Female,2.0,22895.56,6.0,6.0
5564576,28.0,340.0,70.5,Female,3.0,76313.0,7.0,7.0
9712224,19.0,235.0,47.0,Female,4.0,82435.62,3.0,3.0
3207014,13.0,166.0,25.0,Female,2.0,29672.95,3.0,3.0
6433102,7.0,88.0,59.5,Unknown,2.0,111697.71,6.0,6.0
5781897,12.0,151.0,44.5,Female,2.0,186844.37,5.0,5.0
1875199,13.0,167.0,37.5,Female,2.0,21224.94,3.0,3.0
5225285,4.0,59.0,49.0,Unknown,2.0,43806.05,6.0,6.0
6447827,27.0,332.0,54.5,Male,3.0,229076.78,2.0,2.0
5041923,9.0,111.0,34.5,Female,2.0,37823.38,1.0,1.0
8968389,16.0,197.0,57.0,Male,2.0,82948.04,7.0,7.0
4456733,14.0,172.0,35.5,Male,3.0,30539.33,4.0,4.0
128722,15.0,188.0,57.5,Male,3.0,164505.81,6.0,6.0
4523030,33.0,398.0,69.0,Male,3.0,35939.17999999999,3.0,3.0
5439655,14.0,179.0,29.5,Male,2.0,44718.13,5.0,5.0
6843514,16.0,202.0,36.5,Male,2.0,24637.869999999995,3.0,3.0
7685518,15.0,187.0,54.0,Male,2.0,269330.41,4.0,4.0
8819820,10.0,129.0,51.5,Male,2.0,111187.98,6.0,6.0
6367363,8.0,103.0,32.5,Unknown,2.0,21728.8,1.0,1.0
3701340,8.0,98.0,48.5,Unknown,2.0,22383.79,3.0,3.0
3974340,15.0,190.0,33.5,Female,2.0,41153.28999999999,1.0,2.0
3783635,8.0,98.0,22.0,Unknown,2.0,59285.01,3.0,3.0
4185499,4.0,59.0,15.5,Unknown,2.0,24218.35,2.0,2.0
4293314,20.0,250.0,46.0,Female,2.0,26273.38,1.0,1.0
5171507,20.0,245.0,36.0,Male,3.0,125340.24,5.0,5.0
1097908,8.0,103.0,21.5,Female,2.0,18777.49,3.0,3.0
6108929,6.0,74.0,55.5,Female,2.0,23813.24,1.0,1.0
9251936,33.0,404.0,59.5,Female,2.0,192426.44,1.0,1.0
2967355,28.0,342.0,22.0,Female,2.0,22509.59,7.0,7.0
7878646,14.0,168.0,48.0,Female,2.0,312611.86,2.0,2.0
3144883,15.0,180.0,64.0,Male,2.0,23492.46,1.0,1.0
1061172,6.0,75.0,44.0,Unknown,2.0,364291.16,4.0,4.0
9553730,5.0,60.0,44.5,Unknown,3.0,53796.97,7.0,7.0
8525000,11.0,134.0,37.5,Female,3.0,223728.07,5.0,5.0
3950006,4.0,57.0,29.5,Unknown,2.0,18567.1,6.0,6.0
9585085,4.0,56.0,61.0,Unknown,2.0,287458.17,3.0,3.0
2140983,15.0,183.0,42.0,Female,2.0,14056.03,3.0,3.0
7132105,14.0,175.0,64.5,Female,2.0,14404.16,1.0,1.0
4121523,9.0,112.0,53.5,Male,2.0,108144.05,2.0,2.0
9366774,12.0,154.0,45.0,Female,2.0,41472.03,1.0,1.0
8726939,5.0,70.0,67.5,Unknown,2.0,20877.75,2.0,2.0
9643865,4.0,59.0,32.5,Unknown,3.0,133943.07,3.0,3.0
2305363,23.0,282.0,57.5,Female,3.0,263385.76,7.0,7.0
9834144,21.0,252.0,24.5,Male,2.0,31164.1,7.0,7.0
5351864,20.0,251.0,65.0,Female,2.0,38125.35,2.0,3.0
4721404,20.0,250.0,56.0,Female,3.0,111322.48,3.0,4.0
6077244,17.0,215.0,47.5,Female,2.0,50726.23,3.0,3.0
9613643,5.0,61.0,55.5,Male,2.0,153075.24,2.0,2.0
9341998,13.0,166.0,43.0,Male,2.0,75915.5,2.0,2.0
1914847,27.0,328.0,64.0,Female,3.0,136665.25,1.0,2.0
7333509,6.0,75.0,40.5,Unknown,2.0,37223.46,7.0,7.0
818988,15.0,181.0,29.5,Female,2.0,17710.699999999997,4.0,4.0
3063015,15.0,189.0,49.0,Female,2.0,378820.03,4.0,4.0
3894084,4.0,55.0,52.5,Unknown,2.0,306864.15,3.0,3.0
7042130,6.0,73.0,24.5,Unknown,3.0,21649.42,1.0,1.0
7546045,13.0,166.0,31.5,Female,4.0,249163.0,3.0,3.0
8070329,12.0,152.0,34.0,Female,2.0,66138.63,7.0,7.0
3567358,8.0,102.0,17.5,Unknown,2.0,23424.18,3.0,3.0
5120349,32.0,385.0,51.0,Female,3.0,86249.34,6.0,6.0
4029076,9.0,117.0,34.0,Male,2.0,36176.84,3.0,3.0
9543683,11.0,141.0,41.0,Female,2.0,22200.43,7.0,7.0
3356753,9.0,110.0,52.5,Male,2.0,162859.18,3.0,3.0
5615104,7.0,95.0,30.5,Unknown,2.0,60566.67,3.0,3.0
5412906,11.0,142.0,56.5,Unknown,2.0,59020.54000000001,4.0,4.0
3377934,21.0,252.0,60.5,Male,3.0,529991.03,6.0,6.0
2339567,20.0,244.0,41.5,Male,2.0,49044.36,4.0,4.0
9444359,15.0,183.0,16.0,Male,2.0,47590.66,2.0,2.0
4688420,12.0,154.0,37.5,Female,2.0,85175.45999999999,7.0,7.0
7151014,12.0,153.0,41.5,Female,2.0,318560.95,7.0,7.0
9054527,7.0,94.0,54.5,Unknown,2.0,61112.54000000001,6.0,6.0
1146166,11.0,140.0,39.5,Male,2.0,409548.67,7.0,7.0
9929360,6.0,81.0,42.5,Unknown,2.0,110683.72,7.0,7.0
7006242,9.0,111.0,27.0,Female,2.0,33988.92,5.0,5.0
9686028,14.0,173.0,29.0,Female,3.0,34945.69,2.0,3.0
208824,11.0,138.0,25.5,Male,2.0,92221.52,1.0,1.0
3127291,26.0,312.0,71.5,Female,2.0,342621.42,3.0,3.0
2428884,12.0,151.0,34.5,Male,3.0,287949.73,7.0,7.0
7105617,12.0,152.0,35.0,Female,2.0,47545.74,2.0,2.0
4180525,5.0,69.0,49.0,Female,2.0,48178.62,1.0,1.0
8029473,13.0,157.0,22.0,Male,2.0,23057.52,2.0,2.0
2228231,5.0,68.0,23.5,Unknown,3.0,58610.26,3.0,3.0
3664568,10.0,122.0,66.0,Male,2.0,168577.53999999998,6.0,6.0
1251269,13.0,157.0,39.0,Male,2.0,81184.67,6.0,6.0
8602800,27.0,328.0,53.0,Male,2.0,259945.6,1.0,1.0
5156646,11.0,136.0,25.0,Male,2.0,78168.7,7.0,7.0
8735075,24.0,289.0,63.0,Female,2.0,92179.56,2.0,3.0
1192974,22.0,275.0,54.5,Female,2.0,27968.39,2.0,2.0
5337739,5.0,71.0,50.0,Unknown,2.0,15224.37,3.0,3.0
3903562,12.0,149.0,63.5,Male,2.0,343327.75,5.0,5.0
9154274,14.0,168.0,59.0,Female,2.0,18720.69,3.0,3.0
3445816,12.0,155.0,26.0,Female,2.0,32448.58,3.0,3.0
5050536,6.0,76.0,23.0,Unknown,3.0,48348.93,6.0,6.0
3747677,11.0,136.0,62.0,Female,2.0,170609.75,7.0,7.0
9977948,9.0,117.0,18.5,Male,2.0,27918.88,7.0,7.0
5628716,7.0,85.0,28.0,Unknown,2.0,33035.009999999995,5.0,5.0
6666706,5.0,66.0,16.0,Unknown,2.0,20049.06,3.0,3.0
6618548,5.0,60.0,57.5,Unknown,2.0,30522.45,2.0,2.0
4393620,8.0,106.0,80.5,Female,2.0,123304.53,4.0,4.0
6707151,26.0,320.0,77.5,Male,2.0,30841.86,2.0,2.0
8223718,5.0,71.0,62.0,Female,3.0,83890.23,7.0,7.0
1771611,24.0,289.0,63.0,Male,2.0,145989.84000000003,5.0,5.0
1579703,7.0,89.0,31.0,Unknown,2.0,43406.19,7.0,7.0
8696226,6.0,75.0,29.0,Unknown,2.0,47173.85,2.0,2.0
5241165,26.0,315.0,42.5,Unknown,3.0,65793.76999999999,3.0,3.0
3006050,5.0,65.0,33.5,Unknown,3.0,117130.06,7.0,7.0
8164334,4.0,59.0,41.0,Unknown,2.0,39641.62,2.0,2.0
6513523,15.0,190.0,39.0,Female,2.0,151744.43,6.0,6.0
6957770,13.0,157.0,55.0,Female,2.0,19835.47,3.0,3.0
1986799,23.0,282.0,71.5,Female,3.0,78584.15,7.0,7.0
7453784,19.0,239.0,52.5,Unknown,2.0,21526.86,2.0,2.0
8453347,13.0,156.0,43.0,Male,2.0,172331.84999999998,1.0,1.0
2825250,5.0,60.0,60.0,Unknown,2.0,29333.63,1.0,1.0
4975872,26.0,313.0,48.5,Female,2.0,30643.92,7.0,7.0
1506596,6.0,73.0,21.5,Unknown,3.0,19775.24,5.0,5.0
2912099,11.0,135.0,35.0,Female,2.0,34138.73,7.0,7.0
2783581,10.0,120.0,63.0,Female,2.0,419981.25,4.0,4.0
1626559,10.0,123.0,38.0,Female,2.0,20640.7,2.0,2.0
9650677,15.0,189.0,40.5,Unknown,2.0,16977.92,3.0,3.0
9813122,5.0,70.0,54.5,Male,2.0,390568.44,3.0,3.0
1563464,14.0,169.0,66.0,Female,2.0,222210.64,3.0,3.0
8503776,14.0,171.0,38.0,Male,2.0,48470.89,3.0,3.0
6387267,34.0,409.0,64.5,Male,2.0,393942.05,7.0,7.0
2154881,6.0,75.0,50.0,Unknown,3.0,71928.2,6.0,6.0
9222548,13.0,164.0,60.5,Male,2.0,23455.08,7.0,7.0
1115721,5.0,67.0,57.5,Male,2.0,297695.0,4.0,5.0
945438,9.0,114.0,37.0,Female,2.0,22153.81,3.0,3.0
2483682,6.0,73.0,16.5,Unknown,2.0,27823.32,2.0,2.0
3450869,22.0,273.0,21.5,Male,2.0,105636.14,7.0,7.0
5544738,20.0,246.0,68.5,Male,3.0,76679.53,6.0,6.0
2400203,19.0,237.0,49.0,Female,3.0,166104.41999999998,2.0,2.0
6839441,24.0,288.0,75.0,Female,2.0,14004.329999999998,4.0,4.0
2626999,17.0,214.0,44.0,Unknown,3.0,76495.48999999999,1.0,1.0
6068157,9.0,116.0,55.0,Female,2.0,77569.06,3.0,3.0
6833949,55.0,661.0,52.5,Female,2.0,111814.11,2.0,2.0
1079970,6.0,80.0,23.5,Unknown,2.0,39027.55,2.0,2.0
7728789,15.0,185.0,38.5,Female,2.0,16552.07,1.0,1.0
5612242,15.0,180.0,68.0,Unknown,2.0,55232.64,6.0,6.0
9767983,6.0,83.0,23.5,Unknown,3.0,45338.8,7.0,7.0
8245618,7.0,94.0,53.5,Unknown,2.0,75649.47,1.0,1.0
9700653,8.0,96.0,50.5,Unknown,2.0,66658.06,6.0,6.0
458638,14.0,175.0,38.5,Male,2.0,35639.38,1.0,1.0
8335288,16.0,196.0,34.0,Female,2.0,129542.63,2.0,2.0
5695310,21.0,263.0,43.5,Female,2.0,178591.36,2.0,2.0
2884042,21.0,259.0,53.5,Male,3.0,97559.02,3.0,3.0
2352590,7.0,90.0,30.5,Unknown,2.0,339732.18,7.0,7.0
9112032,5.0,60.0,50.5,Unknown,2.0,56618.380000000005,4.0,4.0
7184615,12.0,155.0,54.0,Female,2.0,39022.74,6.0,6.0
196588,4.0,58.0,31.5,Unknown,2.0,15037.449999999995,7.0,7.0
9663872,6.0,76.0,34.5,Unknown,2.0,44671.53999999999,2.0,2.0
3224080,12.0,154.0,50.0,Female,2.0,32967.899999999994,6.0,6.0
4902802,7.0,94.0,66.5,Unknown,2.0,29447.3,3.0,3.0
4075812,7.0,86.0,36.5,Unknown,2.0,128760.01,1.0,1.0
6728376,9.0,111.0,63.5,Male,2.0,371714.58,5.0,5.0
8288480,10.0,126.0,26.0,Male,2.0,105777.67,7.0,7.0
2476862,12.0,154.0,52.5,Male,2.0,25878.77,3.0,3.0
6055613,9.0,119.0,39.5,Female,2.0,23422.58,3.0,3.0
2591944,5.0,68.0,59.5,Female,2.0,568585.8,7.0,7.0
9587973,6.0,82.0,64.0,Unknown,2.0,84337.70999999999,1.0,2.0
5285999,7.0,88.0,18.0,Unknown,2.0,33395.619999999995,7.0,7.0
7388132,8.0,106.0,38.5,Male,2.0,35108.509999999995,3.0,3.0
8007837,4.0,57.0,28.0,Unknown,2.0,51423.08,3.0,3.0
6865152,22.0,268.0,53.0,Female,3.0,219280.97,1.0,1.0
5851771,21.0,253.0,49.5,Unknown,2.0,21745.64,3.0,3.0
659543,17.0,211.0,33.5,Female,3.0,115297.89,6.0,6.0
1474003,17.0,213.0,50.5,Male,2.0,102642.98,7.0,7.0
5123393,7.0,85.0,27.5,Unknown,2.0,51695.47,7.0,7.0
141195,16.0,197.0,68.0,Female,2.0,208183.78,5.0,6.0
7684553,11.0,138.0,24.5,Male,2.0,39118.08,4.0,4.0
2876420,12.0,145.0,26.5,Male,3.0,79647.66,7.0,7.0
4839199,9.0,111.0,23.5,Female,2.0,16948.07,2.0,2.0
6699501,26.0,322.0,70.0,Male,2.0,76941.04000000001,7.0,7.0
1744600,9.0,108.0,24.5,Male,2.0,26820.19,2.0,2.0
4086329,5.0,64.0,32.5,Unknown,2.0,29040.5,3.0,3.0
1846960,5.0,69.0,60.0,Unknown,2.0,243204.71,5.0,5.0
5557561,17.0,215.0,42.0,Female,2.0,20258.46,3.0,3.0
828136,23.0,283.0,22.0,Female,2.0,61954.23,7.0,7.0
5432231,7.0,92.0,25.5,Unknown,2.0,33327.2,1.0,1.0
3092887,11.0,137.0,36.0,Male,3.0,129278.81,2.0,2.0
4581289,22.0,273.0,55.5,Male,2.0,41936.0,1.0,1.0
4942326,20.0,244.0,36.5,Male,3.0,84966.7,7.0,7.0
3734561,12.0,145.0,22.5,Male,2.0,47341.9,6.0,6.0
6537037,8.0,101.0,50.5,Unknown,2.0,190525.41,2.0,2.0
6552060,20.0,240.0,56.5,Male,2.0,111861.05,7.0,7.0
7211316,6.0,78.0,29.0,Unknown,2.0,22662.97,6.0,6.0
3350594,7.0,90.0,57.0,Unknown,3.0,43249.23,5.0,5.0
6190257,16.0,195.0,55.5,Female,2.0,58478.14,1.0,1.0
8973570,5.0,71.0,19.0,Unknown,2.0,16433.35,3.0,3.0
7913446,5.0,70.0,38.5,Unknown,2.0,35121.27,2.0,2.0
3100273,11.0,138.0,41.0,Male,2.0,14568.25,1.0,1.0
1582796,7.0,88.0,42.0,Unknown,2.0,18413.78,3.0,3.0
4454143,4.0,58.0,20.5,Unknown,2.0,16336.809999999998,1.0,1.0
1514333,26.0,315.0,53.5,Female,2.0,76566.78,4.0,5.0
8853036,16.0,196.0,16.5,Female,2.0,29615.57,4.0,4.0
291988,4.0,58.0,43.0,Unknown,2.0,43662.53,7.0,7.0
6856137,16.0,192.0,51.5,Unknown,2.0,260185.37,6.0,6.0
6592115,16.0,195.0,42.0,Male,2.0,117137.93,1.0,1.0
3304924,11.0,143.0,51.5,Male,2.0,292315.58,6.0,6.0
596165,18.0,217.0,71.5,Male,3.0,133861.11,7.0,7.0
2522006,6.0,73.0,45.5,Unknown,2.0,42758.98,5.0,5.0
8122669,5.0,68.0,22.0,Male,2.0,36530.24,3.0,3.0
1060216,6.0,83.0,24.0,Unknown,2.0,53026.06,3.0,3.0
1594254,32.0,394.0,61.5,Male,2.0,135199.22,7.0,7.0
524898,5.0,65.0,53.5,Unknown,2.0,114181.49,3.0,3.0
2875048,31.0,372.0,50.5,Female,2.0,94318.09,2.0,2.0
9052447,10.0,131.0,63.5,Female,2.0,48146.86,7.0,7.0
3557432,15.0,187.0,35.5,Male,2.0,35347.259999999995,2.0,2.0
3023884,4.0,59.0,29.5,Male,2.0,22366.62,5.0,5.0
1593458,31.0,381.0,84.0,Male,3.0,745417.2300000001,4.0,4.0
6779931,7.0,94.0,35.5,Unknown,2.0,23800.63,1.0,1.0
7690089,3.0,38.0,57.0,Unknown,2.0,166445.84000000003,3.0,3.0
7988321,14.0,172.0,30.5,Female,3.0,232139.63,2.0,2.0
5430534,5.0,68.0,54.5,Unknown,2.0,34597.46,1.0,1.0
4614130,6.0,76.0,43.0,Unknown,2.0,34161.17,5.0,5.0
5744614,4.0,59.0,18.0,Unknown,2.0,18368.71,4.0,4.0
2426552,16.0,193.0,40.5,Male,3.0,63030.42999999999,6.0,6.0
7383217,22.0,275.0,42.5,Male,4.0,495022.02,1.0,1.0
9489988,6.0,72.0,34.5,Unknown,2.0,39248.89,5.0,5.0
1690562,15.0,189.0,55.0,Male,2.0,33589.899999999994,7.0,7.0
6973114,8.0,96.0,19.5,Unknown,2.0,41889.28999999999,5.0,5.0
1463059,15.0,181.0,26.5,Male,3.0,18008.699999999997,1.0,1.0
5850584,26.0,312.0,68.5,Male,2.0,25154.31,4.0,4.0
2131748,14.0,171.0,25.5,Male,2.0,24544.03,1.0,2.0
6979230,12.0,154.0,55.5,Male,2.0,126286.66999999998,6.0,6.0
5900023,22.0,275.0,17.5,Male,3.0,35297.47,4.0,4.0
530178,22.0,274.0,53.5,Female,3.0,126868.91,4.0,4.0
6153522,22.0,264.0,73.0,Female,2.0,130298.91,7.0,7.0
9910238,20.0,250.0,68.0,Female,2.0,186819.18,5.0,5.0
9437471,24.0,292.0,53.5,Male,3.0,2565271.54,7.0,7.0
9732432,20.0,241.0,47.0,Male,2.0,17179.51,7.0,7.0
1644738,12.0,155.0,36.0,Female,2.0,34625.759999999995,7.0,7.0
139684,9.0,109.0,56.0,Female,2.0,15049.179999999997,2.0,2.0
4180820,5.0,71.0,21.5,Unknown,2.0,24705.58,2.0,2.0
1117070,8.0,97.0,51.5,Female,2.0,17246.19,2.0,2.0
8694932,5.0,70.0,31.5,Unknown,3.0,37541.12,7.0,7.0
7766387,5.0,66.0,26.0,Male,2.0,19683.21,5.0,5.0
6481184,12.0,147.0,33.0,Female,2.0,21038.75,2.0,2.0
40140,14.0,168.0,37.5,Female,2.0,58232.09,7.0,7.0
4260179,11.0,135.0,45.5,Male,2.0,31803.28,1.0,1.0
8681097,10.0,130.0,51.0,Female,2.0,29466.78,2.0,2.0
9038642,14.0,178.0,53.5,Male,2.0,51951.67,2.0,2.0
233596,13.0,167.0,59.5,Male,2.0,27822.43,2.0,2.0
7870790,4.0,57.0,23.0,Unknown,2.0,27208.5,3.0,4.0
3726471,12.0,150.0,46.0,Male,2.0,31115.23,3.0,3.0
2759025,15.0,186.0,61.0,Female,2.0,137552.83000000002,2.0,2.0
9886732,5.0,70.0,24.0,Unknown,3.0,31139.59,3.0,4.0
6563645,7.0,85.0,33.5,Unknown,2.0,20003.78,2.0,2.0
9645848,14.0,178.0,31.5,Male,2.0,17788.339999999997,7.0,7.0
9661553,21.0,254.0,51.5,Female,3.0,677019.6900000001,6.0,6.0
3470071,21.0,252.0,26.0,Male,2.0,47423.14,4.0,4.0
1479981,18.0,216.0,64.0,Female,2.0,95265.51,7.0,7.0
5207674,4.0,59.0,64.5,Unknown,3.0,189945.57,7.0,7.0
6804425,19.0,228.0,37.5,Male,4.0,1187900.53,7.0,7.0
3651729,9.0,108.0,36.5,Male,3.0,78334.97,3.0,3.0
8123905,6.0,72.0,55.5,Male,2.0,76367.88,1.0,1.0
2654172,9.0,118.0,30.5,Male,2.0,53165.71,3.0,3.0
5465933,11.0,141.0,37.5,Female,2.0,192793.86,1.0,1.0
314769,11.0,135.0,44.0,Female,2.0,103781.02,4.0,4.0
1091983,15.0,187.0,31.5,Male,3.0,56857.92,7.0,7.0
8803318,16.0,196.0,66.0,Female,2.0,27202.759999999995,2.0,2.0
7905195,10.0,121.0,23.5,Female,2.0,51530.11,3.0,3.0
2638203,4.0,56.0,19.0,Unknown,2.0,19041.69,3.0,3.0
8939627,15.0,183.0,60.0,Female,2.0,73495.51999999999,5.0,5.0
6847215,6.0,75.0,32.0,Unknown,2.0,24483.46,1.0,1.0
3059018,7.0,89.0,59.5,Unknown,3.0,259114.4,6.0,6.0
4320999,12.0,144.0,58.5,Female,2.0,34195.72,7.0,7.0
7829673,13.0,167.0,64.5,Female,2.0,34600.42999999999,2.0,2.0
4693278,22.0,275.0,50.0,Male,2.0,70459.62,2.0,2.0
9836881,8.0,106.0,49.0,Female,2.0,70752.18,7.0,7.0
3319903,7.0,84.0,22.5,Unknown,2.0,16638.0,4.0,4.0
8403735,4.0,58.0,29.5,Male,2.0,20092.6,6.0,6.0
2700888,23.0,286.0,52.0,Male,4.0,816253.64,4.0,4.0
2767064,11.0,134.0,32.0,Female,2.0,15699.859999999995,2.0,2.0
8620031,19.0,229.0,62.5,Male,2.0,100297.15,7.0,7.0
6052397,14.0,178.0,65.0,Female,2.0,48398.5,3.0,4.0
2176909,4.0,57.0,32.0,Unknown,2.0,21051.46,6.0,6.0
3819014,8.0,107.0,47.5,Female,2.0,107829.21,5.0,5.0
5709124,13.0,167.0,50.5,Male,2.0,668444.5700000001,3.0,3.0
5720930,4.0,59.0,22.5,Unknown,2.0,23387.92,7.0,7.0
4858061,5.0,70.0,54.5,Male,3.0,1261856.37,4.0,4.0
5551344,13.0,165.0,64.0,Male,2.0,153107.21999999997,3.0,3.0
6423158,5.0,70.0,59.5,Unknown,2.0,64612.12,6.0,6.0
7518442,15.0,184.0,26.0,Female,2.0,42239.31,6.0,6.0
5911852,6.0,80.0,22.0,Male,2.0,21008.56,5.0,5.0
8412822,16.0,197.0,55.5,Female,2.0,16236.03,5.0,5.0
8357087,6.0,83.0,37.0,Unknown,2.0,49854.68,2.0,2.0
4851491,6.0,78.0,50.0,Unknown,2.0,17836.969999999998,5.0,5.0
7258775,4.0,58.0,52.0,Unknown,2.0,45386.28,7.0,7.0
2786512,11.0,139.0,51.0,Male,3.0,50865.27,6.0,6.0
2366482,11.0,139.0,31.5,Male,2.0,16446.42,3.0,3.0
9658879,11.0,142.0,19.5,Male,3.0,183412.82,6.0,6.0
4707790,9.0,116.0,45.5,Female,2.0,34729.5,4.0,4.0
8483813,5.0,66.0,26.5,Unknown,2.0,59829.95,5.0,5.0
2803840,15.0,188.0,53.5,Male,2.0,60634.23999999999,5.0,5.0
7940251,21.0,263.0,20.0,Male,2.0,205907.67,4.0,4.0
2345816,20.0,249.0,43.0,Female,3.0,104274.53,3.0,3.0
9441768,4.0,55.0,27.5,Unknown,2.0,23912.82,7.0,7.0
5441306,15.0,190.0,27.0,Female,2.0,44196.63,2.0,2.0
3944000,14.0,173.0,35.0,Female,3.0,52152.86,7.0,7.0
2176200,15.0,190.0,31.5,Female,2.0,40016.99,1.0,1.0
9856380,12.0,154.0,55.5,Male,3.0,299498.27,3.0,3.0
9090408,10.0,121.0,50.5,Female,2.0,126358.41,3.0,3.0
3377137,13.0,164.0,35.5,Female,2.0,41552.82,7.0,7.0
9395044,7.0,94.0,47.0,Unknown,2.0,110124.68,3.0,3.0
9632026,7.0,86.0,45.5,Female,3.0,19530.92,6.0,6.0
495068,7.0,93.0,28.0,Unknown,2.0,21234.05,3.0,3.0
6529268,16.0,197.0,78.5,Female,2.0,137715.58000000002,1.0,1.0
4950043,15.0,189.0,46.0,Female,2.0,25714.259999999995,2.0,2.0
3970507,15.0,190.0,35.0,Male,2.0,61132.89,1.0,1.0
7485173,15.0,189.0,43.0,Female,2.0,73055.62,6.0,6.0
847059,5.0,71.0,62.5,Unknown,3.0,58526.04999999999,7.0,7.0
4994341,8.0,98.0,51.5,Unknown,2.0,65602.51999999999,3.0,4.0
6223260,15.0,186.0,16.5,Male,2.0,24484.64,4.0,4.0
9501152,5.0,71.0,26.0,Female,2.0,23784.119999999995,2.0,2.0
5863382,21.0,263.0,19.0,Male,2.0,34915.17,3.0,3.0
9659710,18.0,217.0,35.5,Female,3.0,32162.369999999995,4.0,4.0
1263465,26.0,317.0,44.0,Male,4.0,226192.49,4.0,4.0
5497587,8.0,106.0,38.5,Female,2.0,21871.88,1.0,1.0
9801134,13.0,156.0,32.5,Male,2.0,44504.01,1.0,1.0
7360414,8.0,99.0,49.5,Unknown,3.0,111235.72,5.0,5.0
8052153,8.0,107.0,65.0,Female,2.0,165055.88,7.0,7.0
7993641,32.0,394.0,56.0,Female,2.0,80942.16,7.0,7.0
6670996,9.0,117.0,58.5,Female,3.0,136531.03,4.0,4.0
2378437,7.0,85.0,42.5,Unknown,2.0,30030.66,1.0,1.0
9955475,18.0,216.0,51.0,Male,2.0,170649.87,6.0,7.0
5685374,9.0,118.0,46.5,Male,2.0,132606.44,3.0,3.0
7636941,21.0,253.0,46.0,Male,2.0,305850.79,3.0,3.0
6149254,4.0,56.0,23.0,Unknown,2.0,30853.58,7.0,7.0
1784834,5.0,71.0,25.0,Unknown,3.0,48275.35,7.0,7.0
5194069,14.0,175.0,56.5,Male,2.0,23439.07,6.0,6.0
7815103,5.0,66.0,26.5,Female,2.0,25609.59,2.0,2.0
7858573,22.0,274.0,30.0,Male,3.0,543720.11,7.0,7.0
7986306,18.0,225.0,69.5,Male,2.0,266748.63,2.0,2.0
8504307,5.0,68.0,36.5,Unknown,2.0,44810.16,7.0,7.0
3861290,28.0,337.0,23.5,Female,2.0,28866.11,7.0,7.0
5343720,6.0,72.0,44.0,Unknown,2.0,25806.54,6.0,6.0
1062589,23.0,279.0,27.5,Female,2.0,17761.48,2.0,2.0
1410729,6.0,77.0,42.5,Unknown,2.0,30121.83,4.0,4.0
7051680,8.0,106.0,35.0,Female,2.0,41716.51,4.0,4.0
2649640,11.0,133.0,47.0,Male,2.0,584216.2300000001,5.0,5.0
9017202,6.0,74.0,55.0,Unknown,3.0,531214.05,4.0,5.0
6104258,23.0,286.0,79.0,Male,2.0,161019.87,4.0,5.0
3201166,11.0,135.0,27.5,Male,2.0,60306.630000000005,4.0,4.0
7851983,29.0,354.0,24.0,Female,2.0,80132.13,3.0,3.0
1399981,4.0,57.0,25.5,Unknown,4.0,55526.57,7.0,7.0
2514852,6.0,79.0,48.5,Unknown,2.0,69068.33,2.0,2.0
4580385,27.0,328.0,49.0,Female,4.0,474511.3,6.0,6.0
7509910,12.0,154.0,27.5,Male,2.0,36634.55,7.0,7.0
6648462,9.0,115.0,44.5,Male,2.0,22677.54,1.0,1.0
6914465,10.0,120.0,49.0,Female,3.0,380089.45,7.0,7.0
6943363,15.0,190.0,32.0,Unknown,2.0,83107.47,4.0,4.0
2708699,12.0,148.0,40.0,Female,2.0,72446.75,1.0,1.0
2212217,8.0,100.0,46.5,Male,3.0,262727.55,3.0,4.0
5439053,22.0,272.0,80.0,Male,3.0,835006.87,7.0,7.0
5803472,20.0,241.0,74.0,Male,2.0,261756.5,6.0,6.0
8716023,19.0,233.0,63.5,Female,3.0,161776.21000000002,4.0,5.0
7397840,16.0,202.0,31.0,Male,4.0,299505.3,7.0,7.0
8303685,11.0,137.0,42.5,Male,2.0,101425.95,3.0,3.0
641216,13.0,157.0,39.5,Male,3.0,155888.57,3.0,3.0
587026,6.0,82.0,30.5,Unknown,3.0,62745.08,5.0,5.0
1691978,4.0,58.0,53.5,Unknown,2.0,37899.33,2.0,2.0
9971968,14.0,169.0,27.0,Male,2.0,77682.5,4.0,4.0
3586657,15.0,180.0,61.5,Female,2.0,58816.91,5.0,5.0
7764966,6.0,81.0,22.0,Unknown,2.0,50786.59,7.0,7.0
3558578,15.0,190.0,47.5,Female,2.0,30516.78,1.0,1.0
349561,7.0,84.0,60.0,Female,2.0,379848.57,6.0,6.0
8488475,6.0,79.0,50.0,Unknown,2.0,25272.85,3.0,3.0
5182428,5.0,69.0,28.5,Unknown,2.0,38203.06,7.0,7.0
2183665,5.0,71.0,35.5,Unknown,2.0,41604.03,1.0,1.0
7692477,27.0,335.0,22.0,Male,3.0,117347.38,5.0,5.0
3759687,5.0,68.0,22.5,Unknown,3.0,24405.92,4.0,4.0
297080,11.0,136.0,39.0,Male,2.0,109474.8,3.0,3.0
2695276,11.0,142.0,49.0,Male,2.0,44264.58,4.0,4.0
4404204,22.0,273.0,27.0,Female,2.0,15481.64,3.0,3.0
8739185,12.0,154.0,34.0,Male,2.0,102067.64,3.0,3.0
8528283,5.0,65.0,49.0,Female,2.0,113752.06,6.0,6.0
521639,13.0,157.0,29.0,Female,2.0,56583.98,3.0,3.0
9161330,6.0,81.0,38.0,Unknown,2.0,48223.46,3.0,3.0
824332,16.0,196.0,32.5,Male,2.0,17036.12,3.0,3.0
7648206,9.0,119.0,29.5,Female,2.0,24733.17,1.0,1.0
4616976,10.0,122.0,59.5,Female,2.0,128609.37,4.0,4.0
2698417,28.0,342.0,82.0,Male,2.0,190804.38,6.0,7.0
4828502,17.0,214.0,48.0,Female,2.0,241689.06,2.0,2.0
1154164,7.0,89.0,45.0,Female,2.0,199850.76,4.0,5.0
6262708,8.0,97.0,35.0,Male,2.0,15338.669999999998,4.0,4.0
1557499,12.0,153.0,47.5,Female,2.0,23230.05,2.0,2.0
2030684,6.0,77.0,25.0,Unknown,2.0,35517.34,2.0,2.0
4613006,16.0,197.0,43.5,Male,2.0,75049.93,7.0,7.0
295256,21.0,254.0,52.5,Female,2.0,66644.2,4.0,4.0
5292565,18.0,226.0,55.0,Unknown,2.0,141465.24,5.0,5.0
9179304,17.0,214.0,42.0,Male,2.0,475178.4,7.0,7.0
7572726,4.0,58.0,16.5,Unknown,2.0,21933.55,3.0,3.0
6657979,3.0,46.0,24.0,Unknown,3.0,16485.989999999998,1.0,1.0
3535954,13.0,159.0,22.5,Male,3.0,162961.21000000002,7.0,7.0
266835,14.0,178.0,39.0,Male,2.0,32909.41,3.0,3.0
1525603,11.0,142.0,49.0,Female,2.0,16750.559999999998,1.0,1.0
908130,10.0,130.0,67.5,Female,3.0,43574.22,7.0,7.0
7322478,11.0,143.0,67.0,Female,2.0,157716.02000000002,1.0,1.0
6458127,4.0,54.0,42.0,Male,3.0,86954.72,5.0,5.0
1890858,13.0,164.0,28.0,Female,2.0,17336.25,1.0,1.0
1124169,6.0,73.0,43.0,Unknown,2.0,247561.37,3.0,3.0
7806826,5.0,71.0,44.5,Unknown,2.0,30815.57,1.0,1.0
4206029,4.0,58.0,60.0,Female,2.0,43838.35,7.0,7.0
1462800,5.0,70.0,42.5,Unknown,2.0,124072.09,2.0,2.0
9091128,16.0,193.0,18.5,Unknown,2.0,87303.33,7.0,7.0
1995445,13.0,163.0,17.0,Female,3.0,44979.55,6.0,6.0
9678832,14.0,177.0,36.0,Male,5.0,62353.09,7.0,7.0
853910,22.0,268.0,45.0,Male,2.0,239485.48,7.0,7.0
1324319,21.0,259.0,38.5,Male,2.0,35674.73,7.0,7.0
1520049,6.0,73.0,35.0,Unknown,2.0,21319.41,2.0,2.0
2201544,11.0,132.0,40.0,Female,2.0,22160.58,4.0,4.0
2309692,14.0,168.0,43.0,Male,2.0,53665.68,7.0,7.0
9457625,8.0,96.0,32.5,Male,2.0,79960.33,3.0,3.0
8598758,35.0,429.0,53.0,Female,2.0,128931.97999999998,2.0,2.0
5052625,14.0,179.0,35.5,Female,3.0,38159.82,1.0,1.0
8719561,16.0,192.0,50.0,Female,2.0,28945.31,2.0,2.0
6171530,15.0,182.0,59.0,Male,2.0,184235.22,7.0,7.0
1995172,7.0,94.0,56.0,Unknown,2.0,19899.29,1.0,1.0
7421301,10.0,126.0,31.5,Male,3.0,145978.2,6.0,6.0
4231940,16.0,193.0,29.0,Female,3.0,86338.87,3.0,4.0
4623780,5.0,66.0,57.5,Unknown,2.0,47925.9,2.0,2.0
3578294,6.0,82.0,37.5,Unknown,3.0,47526.47,5.0,5.0
3159174,14.0,176.0,65.0,Female,2.0,19253.93,6.0,6.0
6936584,4.0,57.0,32.5,Unknown,3.0,57809.51,7.0,7.0
7284096,15.0,191.0,35.0,Male,2.0,50775.01,3.0,3.0
7872342,7.0,84.0,23.5,Unknown,2.0,58085.17,7.0,7.0
5459074,13.0,157.0,49.5,Male,2.0,64869.03,4.0,4.0
9982406,13.0,163.0,54.5,Male,2.0,53107.79,7.0,7.0
5166824,21.0,263.0,56.5,Female,2.0,47813.36,7.0,7.0
6239075,21.0,258.0,45.0,Female,2.0,150667.45,4.0,4.0
477312,21.0,253.0,40.5,Male,2.0,48011.91,1.0,1.0
7600680,19.0,228.0,44.0,Male,3.0,50571.23,4.0,4.0
4497461,16.0,202.0,70.5,Male,2.0,29665.92,4.0,4.0
9334420,10.0,125.0,46.0,Female,2.0,22003.54,6.0,6.0
4117569,5.0,66.0,33.0,Unknown,2.0,41743.08,2.0,2.0
3519612,12.0,148.0,30.5,Male,3.0,169092.99,6.0,6.0
5265189,10.0,126.0,29.5,Unknown,2.0,34207.14,3.0,3.0
9915708,5.0,70.0,52.0,Unknown,2.0,273851.41,4.0,4.0
5411135,4.0,58.0,26.5,Unknown,2.0,33545.78999999999,2.0,2.0
1509028,6.0,74.0,43.5,Unknown,2.0,35518.99,7.0,7.0
370876,11.0,133.0,63.0,Male,2.0,143878.16,1.0,1.0
6250631,8.0,99.0,28.0,Female,2.0,13860.07,4.0,4.0
7640864,5.0,68.0,24.0,Unknown,4.0,108389.83,7.0,7.0
2730986,14.0,170.0,56.0,Female,3.0,191670.93,6.0,6.0
3165209,9.0,118.0,53.0,Female,2.0,69276.75,1.0,1.0
6284354,12.0,150.0,56.5,Female,2.0,40036.39,1.0,1.0
3878865,25.0,310.0,52.5,Female,2.0,165106.58000000002,3.0,3.0
3091927,21.0,253.0,39.5,Female,3.0,263071.3,6.0,6.0
7551643,20.0,241.0,21.5,Female,4.0,121667.97,4.0,4.0
9789272,5.0,69.0,21.0,Unknown,4.0,28162.54,2.0,2.0
6930507,7.0,92.0,31.5,Male,2.0,127823.83000000002,5.0,5.0
339189,14.0,169.0,27.5,Male,2.0,77295.88,1.0,1.0
9048538,5.0,60.0,25.5,Unknown,2.0,17565.159999999996,3.0,3.0
1543773,11.0,141.0,55.5,Female,2.0,459486.48,6.0,6.0
3960005,13.0,157.0,45.0,Female,3.0,122323.78,2.0,2.0
457662,14.0,171.0,47.0,Female,2.0,53946.82,6.0,6.0
6771780,7.0,94.0,32.0,Female,2.0,53018.66,3.0,3.0
6521912,6.0,76.0,27.5,Unknown,2.0,27799.47,7.0,7.0
899595,13.0,157.0,31.5,Female,3.0,52050.03,4.0,4.0
4519336,13.0,157.0,45.5,Female,2.0,70673.65,2.0,2.0
5651740,31.0,381.0,58.5,Male,2.0,68134.92,3.0,3.0
7277960,7.0,85.0,21.5,Unknown,2.0,59645.91,7.0,7.0
2522715,5.0,60.0,50.0,Unknown,3.0,103972.37,5.0,5.0
5004058,12.0,150.0,29.5,Female,2.0,89498.06,3.0,3.0
1733584,14.0,168.0,56.5,Female,3.0,14713.21,1.0,1.0
5688819,13.0,166.0,58.5,Male,2.0,722139.29,7.0,7.0
508999,32.0,394.0,48.5,Male,4.0,1314976.13,6.0,6.0
4748467,22.0,275.0,62.5,Male,2.0,56815.41,5.0,5.0
9365890,14.0,179.0,56.0,Female,2.0,23002.58,1.0,1.0
1953395,12.0,144.0,38.0,Male,2.0,217960.58,4.0,4.0
9259817,4.0,59.0,22.0,Unknown,2.0,73113.13,6.0,6.0
355493,8.0,97.0,48.5,Unknown,2.0,155698.90000000002,5.0,5.0
3595786,21.0,262.0,48.5,Female,2.0,114181.09,4.0,4.0
7571346,7.0,84.0,19.5,Unknown,2.0,67095.4,7.0,7.0
6852003,4.0,58.0,21.5,Unknown,3.0,70277.34,7.0,7.0
9906248,9.0,119.0,50.0,Male,2.0,60971.17999999999,2.0,2.0
1481980,12.0,150.0,64.5,Male,2.0,150665.84999999998,5.0,6.0
7829399,13.0,167.0,60.5,Female,2.0,17003.059999999998,3.0,3.0
1999600,20.0,241.0,26.5,Female,2.0,25280.59,1.0,1.0
6680716,4.0,59.0,49.0,Unknown,2.0,16087.649999999998,7.0,7.0
6440861,5.0,69.0,39.5,Unknown,2.0,83811.99,4.0,4.0
6393132,8.0,96.0,56.0,Unknown,2.0,64822.28,3.0,3.0
6772373,16.0,202.0,53.0,Female,2.0,24595.18,1.0,1.0
3355060,6.0,78.0,52.0,Unknown,2.0,104981.13,3.0,3.0
3240986,9.0,108.0,28.0,Female,2.0,68058.04000000001,4.0,4.0
3175527,6.0,83.0,43.5,Unknown,2.0,55964.51,2.0,2.0
6125537,17.0,207.0,47.0,Male,2.0,35084.07,7.0,7.0
8883430,11.0,138.0,31.5,Male,2.0,73430.83,4.0,4.0
5311353,7.0,91.0,24.0,Unknown,3.0,36148.15,4.0,4.0
4219130,13.0,156.0,36.0,Female,2.0,121560.02000000002,1.0,1.0
2539062,5.0,68.0,30.0,Unknown,2.0,16213.219999999998,4.0,4.0
9731668,5.0,63.0,42.0,Unknown,2.0,26234.17,2.0,2.0
7594487,10.0,130.0,29.5,Female,2.0,40375.33,2.0,2.0
8830926,11.0,143.0,29.0,Male,2.0,331736.81,7.0,7.0
4943286,11.0,143.0,65.0,Female,2.0,80749.84999999999,2.0,2.0
8057240,23.0,276.0,21.0,Female,2.0,39929.46,7.0,7.0
3916227,4.0,58.0,58.0,Male,2.0,64519.130000000005,7.0,7.0
7955555,25.0,307.0,64.5,Male,2.0,544684.8500000001,1.0,1.0
8204232,27.0,325.0,42.0,Unknown,3.0,266778.67,4.0,5.0
4566091,23.0,286.0,63.5,Male,2.0,99883.07,5.0,5.0
4226492,21.0,252.0,37.5,Female,3.0,97103.65,4.0,4.0
9067473,23.0,277.0,68.0,Female,2.0,26382.38,4.0,4.0
1997327,15.0,184.0,26.0,Female,2.0,55088.12,5.0,5.0
7333334,6.0,82.0,43.0,Unknown,3.0,53113.98,5.0,5.0
576928,9.0,110.0,26.5,Male,2.0,51474.05,1.0,1.0
3087160,4.0,58.0,20.0,Unknown,2.0,34357.5,7.0,7.0
4008356,12.0,155.0,40.0,Female,2.0,27263.23,3.0,3.0
9997244,15.0,180.0,68.5,Male,2.0,26123.91,1.0,1.0
8943324,12.0,149.0,59.0,Female,2.0,126035.41,7.0,7.0
825943,12.0,155.0,56.5,Unknown,2.0,276670.5,3.0,3.0
6903072,7.0,95.0,55.5,Unknown,2.0,36656.13,3.0,3.0
6092860,33.0,406.0,68.0,Female,2.0,26572.15,3.0,3.0
1208441,6.0,74.0,52.5,Unknown,2.0,29125.509999999995,3.0,3.0
6766502,4.0,57.0,34.5,Unknown,2.0,29921.49,3.0,3.0
8048651,6.0,78.0,54.0,Unknown,2.0,18892.39,5.0,5.0
8404454,6.0,83.0,15.5,Unknown,2.0,23658.3,2.0,2.0
1809183,6.0,72.0,48.5,Unknown,2.0,21055.56,4.0,4.0
2062682,9.0,108.0,31.0,Female,2.0,61630.41,2.0,2.0
9029388,9.0,109.0,49.0,Female,2.0,35291.36,4.0,4.0
8880216,6.0,82.0,32.0,Unknown,2.0,18210.98,5.0,5.0
1069663,23.0,282.0,53.0,Male,3.0,107286.85,7.0,7.0
9749498,19.0,239.0,49.0,Male,2.0,157531.07,4.0,4.0
8431412,17.0,204.0,73.0,Female,2.0,73362.57,5.0,5.0
3590095,12.0,154.0,48.0,Female,2.0,41782.32,1.0,1.0
9185465,14.0,169.0,66.0,Male,2.0,39371.32,1.0,1.0
9636593,4.0,58.0,29.0,Unknown,2.0,28120.89,6.0,6.0
9589399,10.0,129.0,52.5,Female,2.0,140030.39,2.0,2.0
9342894,16.0,192.0,45.5,Male,2.0,14335.399999999998,2.0,2.0
6218011,14.0,170.0,36.0,Male,2.0,79345.77,6.0,6.0
447567,5.0,70.0,39.5,Unknown,2.0,29227.5,2.0,2.0
8273053,7.0,94.0,53.5,Unknown,2.0,17746.059999999998,2.0,2.0
6060372,13.0,166.0,58.5,Male,2.0,1074297.53,5.0,5.0
5254121,23.0,279.0,28.0,Male,2.0,42340.74,4.0,4.0
8208921,28.0,341.0,47.0,Unknown,2.0,196174.88,2.0,2.0
5618946,5.0,70.0,52.5,Unknown,2.0,22587.37,4.0,4.0
1610147,5.0,71.0,28.0,Unknown,2.0,15271.39,2.0,2.0
4261940,8.0,98.0,44.0,Male,2.0,459965.58,2.0,2.0
3435587,16.0,194.0,40.5,Male,2.0,21095.82,3.0,3.0
2073542,27.0,335.0,52.5,Male,4.0,1114388.73,1.0,1.0
7319237,9.0,110.0,55.0,Female,2.0,45059.08,2.0,3.0
3987770,28.0,346.0,54.0,Male,3.0,390742.7,5.0,7.0
5843349,6.0,83.0,51.5,Unknown,2.0,21563.56,4.0,4.0
3002919,10.0,123.0,30.5,Male,2.0,46079.35,7.0,7.0
4470494,4.0,59.0,28.5,Unknown,2.0,20681.49,2.0,2.0
1833732,7.0,91.0,45.5,Unknown,2.0,504878.59,7.0,7.0
6923520,10.0,130.0,27.5,Male,4.0,258609.25,7.0,7.0
5145751,15.0,191.0,56.0,Male,2.0,59403.630000000005,4.0,4.0
6239555,23.0,283.0,57.5,Female,4.0,850107.0700000001,6.0,6.0
2188705,23.0,281.0,57.0,Male,3.0,265763.52,3.0,3.0
9862421,17.0,204.0,37.0,Female,2.0,23487.22,4.0,4.0
2874728,16.0,199.0,71.0,Female,2.0,67032.72,1.0,3.0
7040697,6.0,82.0,63.5,Unknown,2.0,42037.06,6.0,6.0
7540287,17.0,213.0,68.5,Unknown,2.0,177888.34000000003,4.0,4.0
8966180,3.0,47.0,40.0,Female,2.0,34103.369999999995,3.0,3.0
3442949,16.0,194.0,53.5,Female,2.0,32077.9,3.0,3.0
6467766,9.0,113.0,22.5,Female,2.0,58175.98,7.0,7.0
9015664,6.0,83.0,55.5,Unknown,2.0,42725.07,6.0,6.0
9286615,12.0,149.0,36.0,Male,2.0,32940.86,1.0,1.0
8150511,6.0,79.0,48.0,Unknown,2.0,38334.38,6.0,6.0
4968029,7.0,85.0,45.0,Unknown,2.0,65695.08,3.0,3.0
2366526,9.0,119.0,29.0,Male,2.0,39489.17999999999,2.0,2.0
5654218,22.0,272.0,60.0,Female,2.0,22748.95,5.0,5.0
9458693,8.0,98.0,31.5,Unknown,3.0,111755.79,4.0,4.0
3453079,28.0,336.0,63.0,Male,3.0,181137.67,5.0,5.0
4430023,15.0,183.0,68.5,Male,2.0,69337.29000000001,6.0,6.0
6330467,5.0,71.0,52.0,Female,2.0,44198.37,4.0,4.0
2670136,10.0,127.0,25.5,Female,2.0,30954.58,2.0,2.0
8743145,10.0,122.0,23.5,Male,2.0,47142.56,1.0,1.0
3336295,6.0,73.0,28.5,Unknown,3.0,72564.42,7.0,7.0
4069973,5.0,70.0,28.5,Unknown,2.0,47962.17,3.0,3.0
9714476,13.0,160.0,40.0,Male,3.0,675552.18,7.0,7.0
3782510,22.0,264.0,35.0,Female,3.0,125281.02000000002,4.0,4.0
8804641,21.0,260.0,42.5,Female,2.0,37365.33,3.0,3.0
7737932,21.0,252.0,39.0,Male,2.0,194042.18,7.0,7.0
2017974,17.0,215.0,41.5,Male,2.0,25979.56,1.0,1.0
6743479,5.0,70.0,27.0,Female,2.0,73381.79999999999,6.0,6.0
5530750,4.0,51.0,55.5,Unknown,2.0,70239.6,7.0,7.0
4725303,6.0,74.0,17.5,Unknown,2.0,30798.6,4.0,4.0
2980564,7.0,88.0,50.5,Unknown,2.0,128348.47,2.0,2.0
8267982,9.0,118.0,24.5,Male,3.0,104620.96,4.0,4.0
2585296,16.0,193.0,71.5,Male,3.0,145004.63,7.0,7.0
735787,12.0,153.0,54.0,Female,2.0,35107.03999999999,7.0,7.0
8502700,13.0,157.0,64.5,Female,2.0,392616.65,1.0,1.0
1842231,5.0,66.0,45.5,Unknown,2.0,30806.300000000003,5.0,5.0
8045783,15.0,186.0,39.0,Unknown,2.0,16688.039999999997,2.0,2.0
431900,12.0,152.0,27.0,Male,2.0,521343.92,6.0,6.0
7462232,12.0,144.0,50.5,Female,2.0,54270.83,7.0,7.0
4291645,11.0,135.0,34.5,Male,2.0,46529.82,2.0,2.0
6324194,9.0,109.0,38.5,Male,2.0,20035.31,2.0,2.0
9986114,13.0,162.0,32.0,Female,2.0,17384.05,5.0,5.0
6688261,9.0,111.0,33.5,Female,2.0,43954.49,1.0,1.0
6686253,9.0,118.0,44.0,Female,2.0,58932.600000000006,2.0,2.0
1275768,23.0,284.0,51.5,Male,2.0,20689.71,3.0,3.0
6757406,18.0,216.0,61.5,Male,3.0,272062.64,4.0,4.0
4384005,17.0,215.0,48.5,Female,2.0,85514.03,2.0,2.0
8726907,5.0,70.0,34.0,Female,3.0,65146.75,7.0,7.0
6373078,5.0,71.0,46.0,Unknown,2.0,52889.78,3.0,3.0
8433265,6.0,83.0,28.5,Unknown,2.0,42227.88,3.0,3.0
6931825,10.0,130.0,21.5,Unknown,2.0,27915.96,1.0,1.0
5016969,5.0,70.0,60.5,Unknown,2.0,19518.99,2.0,2.0
4762400,5.0,65.0,43.5,Unknown,2.0,27737.63,6.0,6.0
9215324,11.0,143.0,40.5,Female,3.0,157548.87,1.0,1.0
50445,6.0,72.0,29.0,Unknown,2.0,48258.82,1.0,1.0
6188577,13.0,167.0,46.0,Female,2.0,21472.39,6.0,6.0
1701828,9.0,109.0,45.5,Male,2.0,45645.44,7.0,7.0
6742828,16.0,193.0,30.5,Male,2.0,178263.09000000003,1.0,1.0
9665512,15.0,190.0,42.0,Male,2.0,46163.61,6.0,6.0
2416738,22.0,270.0,21.5,Male,2.0,13936.55,2.0,2.0
4838599,22.0,268.0,39.5,Male,3.0,214747.8,5.0,5.0
1537363,19.0,233.0,62.5,Female,3.0,767556.4800000001,6.0,6.0
956226,19.0,232.0,67.5,Male,3.0,342147.28,7.0,7.0
7534235,17.0,211.0,57.0,Female,2.0,107670.01,6.0,6.0
524298,7.0,87.0,26.5,Unknown,2.0,23726.82,4.0,4.0
3926200,15.0,189.0,43.0,Female,2.0,232106.92,6.0,6.0
9996914,12.0,150.0,28.5,Female,2.0,102627.14,2.0,2.0
7578398,13.0,156.0,68.0,Female,2.0,213477.75,7.0,7.0
2231737,5.0,64.0,23.0,Unknown,2.0,44517.32,4.0,4.0
5684620,17.0,206.0,68.5,Male,2.0,688212.63,7.0,7.0
3702762,7.0,90.0,50.5,Unknown,2.0,65453.23999999999,2.0,2.0
3919843,26.0,322.0,46.0,Female,2.0,88303.49,2.0,2.0
4432395,5.0,67.0,42.0,Unknown,2.0,41582.14,7.0,7.0
844195,4.0,59.0,41.0,Unknown,2.0,36942.28999999999,5.0,5.0
2524300,9.0,119.0,25.5,Male,4.0,72824.51999999999,5.0,5.0
1309077,5.0,68.0,26.0,Unknown,2.0,93234.44,1.0,1.0
2361829,4.0,57.0,30.5,Unknown,2.0,19069.42,3.0,3.0
9641569,5.0,70.0,56.0,Unknown,3.0,51739.28,7.0,7.0
549133,14.0,168.0,35.5,Female,2.0,109997.92,3.0,3.0
5878794,4.0,59.0,27.0,Unknown,3.0,51445.31,7.0,7.0
9222286,16.0,193.0,42.0,Female,2.0,60419.06,5.0,5.0
1137776,6.0,72.0,19.5,Unknown,2.0,32525.14,7.0,7.0
3755497,9.0,117.0,21.0,Female,2.0,43482.17999999999,2.0,2.0
6498777,14.0,169.0,31.0,Male,2.0,19514.32,3.0,3.0
5509612,6.0,75.0,28.0,Unknown,3.0,98267.57,5.0,5.0
605731,15.0,181.0,32.0,Male,2.0,40403.14,5.0,5.0
5766925,22.0,274.0,62.0,Male,3.0,263268.43,5.0,5.0
8012755,26.0,318.0,60.0,Male,3.0,260145.75,7.0,7.0
2588464,18.0,221.0,28.5,Male,2.0,101346.51,4.0,4.0
4541457,12.0,155.0,59.5,Male,2.0,81221.22,7.0,7.0
1587694,15.0,191.0,53.5,Male,2.0,34689.8,3.0,3.0
3081571,4.0,59.0,22.5,Unknown,3.0,53132.96,4.0,4.0
8955454,6.0,76.0,22.5,Unknown,3.0,27138.61,1.0,1.0
1396088,4.0,58.0,21.0,Unknown,2.0,32267.32,5.0,5.0
1659190,8.0,104.0,72.0,Male,2.0,128993.11,3.0,3.0
3020518,5.0,65.0,24.5,Unknown,3.0,69755.01,5.0,5.0
8521888,6.0,76.0,43.0,Unknown,2.0,219493.82,2.0,2.0
8825318,25.0,310.0,26.5,Male,2.0,21581.37,3.0,3.0
9466924,33.0,404.0,54.0,Female,2.0,23198.14,3.0,3.0
2239482,6.0,73.0,43.5,Unknown,2.0,31801.36,3.0,3.0
7912176,11.0,136.0,54.0,Male,2.0,61039.67,2.0,2.0
1587008,5.0,70.0,46.5,Unknown,3.0,104195.08,7.0,7.0
7006257,7.0,86.0,50.0,Unknown,2.0,20885.09,7.0,7.0
7083058,12.0,146.0,31.5,Female,2.0,36167.78999999999,1.0,1.0
3907227,7.0,95.0,30.5,Male,2.0,66533.03,7.0,7.0
679032,13.0,167.0,24.5,Male,2.0,14839.259999999998,3.0,3.0
7981289,6.0,75.0,36.5,Unknown,2.0,30596.32,3.0,3.0
9641738,27.0,324.0,53.5,Female,2.0,369397.61,1.0,1.0
2687384,11.0,141.0,78.5,Male,2.0,61320.17999999999,7.0,7.0
9022948,25.0,304.0,51.0,Male,2.0,38061.65,3.0,3.0
8243606,17.0,214.0,57.5,Female,2.0,50461.43,7.0,7.0
8778720,4.0,52.0,53.0,Unknown,2.0,18327.38,7.0,7.0
4879745,13.0,163.0,29.5,Male,2.0,121936.87,5.0,5.0
5071113,13.0,156.0,61.0,Female,2.0,24355.05,2.0,2.0
2541325,16.0,192.0,49.0,Male,2.0,63114.17,2.0,2.0
5209807,4.0,58.0,59.5,Male,3.0,233104.98,6.0,6.0
3036264,7.0,87.0,67.0,Unknown,2.0,138911.52000000002,5.0,5.0
198133,7.0,89.0,23.0,Unknown,2.0,22664.12,3.0,3.0
4954815,14.0,168.0,33.0,Male,3.0,185251.16,7.0,7.0
7005439,6.0,83.0,55.0,Unknown,2.0,38668.37,5.0,5.0
5331153,9.0,110.0,18.5,Female,2.0,25705.259999999995,2.0,2.0
1626238,11.0,142.0,36.0,Male,2.0,43503.7,2.0,3.0
9119383,6.0,82.0,46.5,Unknown,2.0,44070.53999999999,7.0,7.0
1265652,4.0,58.0,20.5,Unknown,2.0,17959.5,3.0,3.0
8498440,5.0,66.0,17.5,Unknown,3.0,33655.83,4.0,4.0
1044190,4.0,58.0,16.0,Unknown,2.0,23450.45,7.0,7.0
1422266,25.0,307.0,17.5,Male,2.0,46308.64,3.0,3.0
4887027,25.0,305.0,59.0,Male,2.0,627572.87,7.0,7.0
6347052,25.0,301.0,70.5,Male,3.0,351671.13,4.0,4.0
1360783,23.0,279.0,48.0,Female,3.0,295918.8,3.0,3.0
3429802,22.0,270.0,20.5,Male,2.0,21892.37,2.0,2.0
7790267,21.0,253.0,40.5,Male,2.0,67045.45,2.0,2.0
9056285,19.0,230.0,47.0,Male,2.0,166023.96000000002,7.0,7.0
3037835,5.0,65.0,16.5,Unknown,2.0,15141.05,2.0,2.0
6729691,5.0,65.0,20.0,Unknown,2.0,18038.91,3.0,3.0
3274274,16.0,194.0,77.0,Male,2.0,930845.74,5.0,5.0
8350056,29.0,351.0,50.5,Male,2.0,66907.94,1.0,1.0
269536,4.0,57.0,49.5,Unknown,2.0,70115.29000000001,1.0,1.0
7324960,6.0,77.0,62.0,Female,2.0,63393.39,7.0,7.0
2032405,6.0,83.0,34.0,Unknown,2.0,19171.83,4.0,4.0
2396991,13.0,166.0,24.5,Male,2.0,33512.7,5.0,5.0
2440908,15.0,191.0,50.5,Male,2.0,18757.78,1.0,1.0
3613665,11.0,140.0,46.0,Male,2.0,17620.82,1.0,1.0
6836218,12.0,147.0,26.0,Male,2.0,43893.37,7.0,7.0
9639843,16.0,192.0,32.5,Male,2.0,43695.53,7.0,7.0
2176304,6.0,81.0,28.0,Unknown,2.0,27839.84,3.0,3.0
8498196,31.0,381.0,60.5,Male,3.0,91902.9,7.0,7.0
8393870,21.0,256.0,59.5,Male,2.0,129226.86,4.0,4.0
8997606,4.0,58.0,18.5,Unknown,4.0,77380.5,4.0,4.0
8418580,23.0,276.0,60.5,Male,2.0,43068.95,6.0,6.0
5300233,21.0,262.0,28.5,Female,2.0,89397.53,1.0,1.0
9407840,21.0,257.0,70.5,Female,2.0,71319.68,7.0,7.0
375759,20.0,250.0,51.5,Female,2.0,24334.63,3.0,3.0
8534362,19.0,231.0,37.5,Female,3.0,63802.54000000001,3.0,3.0
3636743,17.0,204.0,44.0,Male,2.0,174776.31,2.0,3.0
1894727,17.0,204.0,49.5,Female,3.0,243383.12,5.0,5.0
1300205,17.0,204.0,62.5,Female,2.0,240284.86,3.0,3.0
2034077,7.0,95.0,16.0,Unknown,2.0,17985.21,1.0,1.0
934220,12.0,145.0,27.5,Male,4.0,387130.7,6.0,6.0
8712820,15.0,180.0,53.5,Female,2.0,36570.97,3.0,3.0
9894730,6.0,82.0,18.0,Unknown,2.0,31056.45,6.0,6.0
4713830,6.0,76.0,59.0,Male,2.0,2302760.37,5.0,5.0
9262994,9.0,115.0,69.0,Male,2.0,119012.28,7.0,7.0
9758151,5.0,64.0,61.5,Unknown,2.0,98151.11,5.0,5.0
3579804,7.0,94.0,54.5,Male,2.0,563066.64,3.0,3.0
8815769,9.0,118.0,58.0,Female,2.0,68072.95,7.0,7.0
7040066,11.0,140.0,27.0,Male,2.0,65005.04000000001,3.0,3.0
3565296,14.0,169.0,44.0,Male,2.0,136582.3,6.0,6.0
7073534,7.0,86.0,32.0,Male,2.0,31928.19,6.0,6.0
9305022,6.0,83.0,28.5,Unknown,2.0,25917.07,2.0,2.0
2985904,5.0,70.0,44.0,Male,2.0,119727.25,5.0,5.0
6984892,5.0,61.0,45.5,Unknown,2.0,303560.91,1.0,1.0
1583165,5.0,70.0,18.5,Unknown,2.0,37105.88,4.0,4.0
538613,26.0,322.0,52.5,Female,4.0,174283.40000000002,5.0,5.0
6293635,27.0,334.0,43.0,Female,3.0,91383.12,3.0,3.0
500580,24.0,288.0,41.5,Male,2.0,121549.65,7.0,7.0
26451,19.0,232.0,39.0,Male,2.0,83670.34999999999,4.0,4.0
4433805,25.0,310.0,79.0,Male,2.0,21700.48,4.0,4.0
7870872,14.0,176.0,21.5,Male,2.0,36144.96,2.0,2.0
2260481,12.0,144.0,26.5,Male,3.0,135504.51,5.0,5.0
434781,15.0,181.0,58.5,Male,3.0,123093.53,7.0,7.0
5807185,16.0,194.0,55.5,Female,2.0,244882.98,6.0,6.0
682873,16.0,194.0,60.0,Male,2.0,455337.37,5.0,5.0
8052080,12.0,144.0,50.0,Male,2.0,169489.62,3.0,3.0
1297324,51.0,613.0,81.5,Female,2.0,148947.09999999998,2.0,2.0
1133958,6.0,73.0,28.0,Unknown,3.0,39150.53999999999,7.0,7.0
9119235,36.0,436.0,62.5,Female,2.0,77624.79000000001,3.0,3.0
8676888,6.0,75.0,53.5,Unknown,2.0,18324.41,4.0,4.0
8956999,15.0,189.0,36.0,Male,2.0,17774.719999999998,3.0,4.0
165476,30.0,367.0,63.5,Male,2.0,39870.71,5.0,5.0
6735298,7.0,95.0,68.0,Unknown,2.0,228327.43,4.0,4.0
3859170,26.0,319.0,67.0,Female,3.0,362450.75,7.0,7.0
1720970,7.0,87.0,42.0,Unknown,2.0,355217.4,6.0,6.0
131669,9.0,112.0,65.0,Female,2.0,42209.28999999999,2.0,2.0
835919,4.0,59.0,19.5,Unknown,2.0,35355.94,2.0,2.0
2919027,10.0,122.0,28.5,Unknown,2.0,24858.36,4.0,4.0
6098271,6.0,74.0,41.0,Unknown,2.0,26496.4,5.0,5.0
1553046,14.0,174.0,25.5,Female,2.0,28698.6,1.0,1.0
6394538,21.0,260.0,46.5,Female,2.0,20117.9,1.0,1.0
2181386,17.0,206.0,19.5,Male,2.0,296807.45,3.0,3.0
286538,28.0,342.0,62.0,Female,4.0,1118966.3099999998,2.0,4.0
37961,11.0,137.0,36.5,Male,2.0,28760.17,1.0,1.0
2826999,15.0,180.0,69.5,Female,2.0,229914.3,6.0,6.0
2100842,13.0,163.0,63.0,Female,2.0,137670.07,7.0,7.0
3563315,27.0,332.0,54.5,Female,3.0,727426.2300000001,7.0,7.0
7422392,29.0,352.0,67.0,Female,3.0,191597.09000000003,6.0,6.0
346320,9.0,118.0,49.0,Female,2.0,86908.77,1.0,1.0
9909771,7.0,94.0,54.5,Unknown,2.0,143514.15,7.0,7.0
430935,7.0,91.0,21.5,Male,2.0,55341.67,4.0,4.0
665274,11.0,133.0,56.5,Male,2.0,438105.14,7.0,7.0
6237114,8.0,102.0,30.5,Unknown,2.0,36573.28999999999,7.0,7.0
15352,7.0,85.0,60.0,Unknown,2.0,95369.08,7.0,7.0
6983735,13.0,162.0,48.5,Female,2.0,99945.36,7.0,7.0
2585140,11.0,138.0,66.0,Male,3.0,142750.76,6.0,6.0
1328932,10.0,130.0,32.0,Male,3.0,213261.93,1.0,1.0
4601137,12.0,145.0,36.5,Male,2.0,25334.759999999995,4.0,4.0
1735852,15.0,188.0,47.0,Male,2.0,212832.9,7.0,7.0
3733236,12.0,155.0,48.5,Female,2.0,95638.94,4.0,4.0
324569,6.0,82.0,31.5,Unknown,3.0,70905.47,6.0,6.0
3559928,14.0,169.0,53.0,Male,2.0,416482.29,7.0,7.0
3678849,22.0,273.0,40.5,Female,2.0,43110.42999999999,7.0,7.0
3642308,21.0,263.0,50.5,Male,2.0,187716.22,6.0,6.0
6069710,21.0,262.0,45.5,Unknown,2.0,36501.03999999999,4.0,4.0
4412293,21.0,255.0,23.5,Male,2.0,107745.4,1.0,1.0
3233523,20.0,250.0,63.5,Male,4.0,695789.04,7.0,7.0
1244870,20.0,248.0,62.5,Male,2.0,62675.37,3.0,3.0
8295107,23.0,276.0,43.5,Female,2.0,56586.29999999999,5.0,5.0
6333059,20.0,245.0,49.0,Female,2.0,110766.63,3.0,3.0
1652189,18.0,222.0,67.5,Male,2.0,189519.47,5.0,6.0
8638872,24.0,290.0,58.5,Female,2.0,415248.99,6.0,6.0
7027747,13.0,157.0,40.5,Male,2.0,213557.91,2.0,2.0
9377147,5.0,67.0,24.5,Unknown,2.0,43845.95,4.0,4.0
5144303,12.0,151.0,26.0,Male,2.0,16874.559999999998,5.0,5.0
2254834,16.0,194.0,37.0,Male,2.0,72923.67,7.0,7.0
6594206,5.0,68.0,68.0,Unknown,2.0,790656.9500000001,6.0,6.0
7794302,16.0,202.0,49.5,Male,3.0,974883.96,7.0,7.0
9490157,7.0,94.0,50.0,Unknown,2.0,216525.36,2.0,2.0
1706389,7.0,94.0,29.5,Unknown,3.0,83842.81,5.0,5.0
3583250,6.0,80.0,27.0,Female,2.0,37521.5,5.0,5.0
764701,13.0,157.0,65.5,Male,2.0,67052.97,5.0,5.0
3298790,33.0,406.0,64.5,Female,2.0,118473.84,2.0,2.0
1839297,10.0,126.0,49.0,Male,3.0,882266.43,7.0,7.0
1807108,5.0,65.0,37.5,Unknown,2.0,41361.97,2.0,2.0
9616857,12.0,147.0,64.0,Female,2.0,14074.73,1.0,1.0
2804617,5.0,71.0,49.0,Unknown,2.0,15192.14,2.0,2.0
2105161,5.0,65.0,25.0,Unknown,2.0,43199.76,7.0,7.0
9694282,15.0,187.0,66.5,Female,2.0,736676.14,4.0,4.0
6860864,15.0,184.0,46.0,Male,2.0,201520.7,5.0,5.0
105616,13.0,166.0,63.5,Female,2.0,60089.45,7.0,7.0
1942683,13.0,167.0,34.0,Female,2.0,97608.56,3.0,3.0
9382327,5.0,70.0,27.0,Unknown,2.0,18753.0,1.0,1.0
7614772,4.0,58.0,50.5,Unknown,2.0,118626.96,3.0,3.0
9565581,25.0,309.0,63.0,Male,3.0,452926.15,7.0,7.0
2295779,28.0,339.0,47.0,Female,3.0,126485.41,4.0,4.0
1417037,19.0,235.0,69.0,Male,3.0,829431.12,6.0,6.0
954890,7.0,87.0,59.5,Unknown,3.0,414627.71,5.0,5.0
5513528,15.0,190.0,65.5,Male,2.0,69733.28,1.0,1.0
6084715,6.0,82.0,64.5,Unknown,2.0,60846.67,6.0,6.0
9792702,6.0,73.0,18.0,Unknown,2.0,20001.15,6.0,6.0
6195993,6.0,82.0,47.0,Male,2.0,21386.77,2.0,2.0
541598,4.0,56.0,38.0,Unknown,2.0,32594.160000000003,7.0,7.0
4872839,15.0,183.0,67.0,Female,2.0,257638.25,5.0,5.0
4548856,7.0,85.0,32.0,Unknown,2.0,31958.78,3.0,3.0
6777860,11.0,141.0,45.5,Female,2.0,102402.39,4.0,4.0
5012665,14.0,177.0,40.0,Male,2.0,66351.25,3.0,3.0
5755500,15.0,188.0,50.5,Male,2.0,114066.36,7.0,7.0
6053023,10.0,126.0,28.0,Female,2.0,73428.44,6.0,6.0
2830194,10.0,126.0,59.0,Male,3.0,183447.46,7.0,7.0
1110417,13.0,157.0,37.0,Female,2.0,69668.4,7.0,7.0
1172816,15.0,187.0,34.0,Male,2.0,32185.25,4.0,4.0
4762149,13.0,167.0,64.0,Male,2.0,360032.94,7.0,7.0
3462185,7.0,87.0,25.0,Unknown,2.0,46237.57,5.0,5.0
7396393,8.0,101.0,57.0,Female,2.0,39396.3,4.0,4.0
573163,15.0,189.0,33.5,Unknown,4.0,290312.72,7.0,7.0
6820326,33.0,407.0,62.0,Male,2.0,500367.18,7.0,7.0
8801199,16.0,194.0,50.5,Female,2.0,126378.22999999998,6.0,6.0
6931119,15.0,182.0,62.0,Male,2.0,71786.29000000001,7.0,7.0
3627814,22.0,275.0,52.5,Female,2.0,48281.51,1.0,1.0
1006891,21.0,257.0,19.5,Male,2.0,18468.06,7.0,7.0
2783658,16.0,200.0,27.0,Female,3.0,29605.509999999995,3.0,3.0
8527147,7.0,94.0,26.0,Unknown,2.0,19989.53,7.0,7.0
9626628,5.0,71.0,66.0,Unknown,2.0,132470.52000000002,1.0,1.0
2779179,11.0,137.0,41.0,Female,2.0,23997.119999999995,1.0,1.0
6235272,5.0,67.0,24.5,Unknown,2.0,14955.39,7.0,7.0
6716340,5.0,70.0,37.5,Unknown,2.0,27965.88,7.0,7.0
5729666,13.0,164.0,57.0,Male,4.0,603680.81,7.0,7.0
1470424,13.0,167.0,59.5,Female,2.0,196718.78,7.0,7.0
7357167,6.0,72.0,26.5,Unknown,3.0,92359.01,4.0,4.0
949911,4.0,59.0,17.5,Unknown,2.0,20262.99,1.0,1.0
816965,7.0,85.0,28.5,Unknown,2.0,129067.46,5.0,5.0
1736421,10.0,126.0,20.5,Male,2.0,16752.629999999997,3.0,3.0
5470620,9.0,118.0,57.5,Female,3.0,72147.75,7.0,7.0
6744309,4.0,58.0,39.0,Unknown,3.0,30913.64,2.0,2.0
5834897,15.0,184.0,30.5,Female,2.0,65441.20999999999,7.0,7.0
8839346,6.0,76.0,39.5,Unknown,2.0,22822.35,5.0,5.0
4086018,4.0,59.0,34.5,Unknown,3.0,89596.22,5.0,5.0
1716639,10.0,128.0,42.5,Male,2.0,138204.39,1.0,1.0
8156103,9.0,116.0,24.0,Female,4.0,64394.97,7.0,7.0
5043364,6.0,74.0,27.5,Unknown,2.0,14497.1,3.0,3.0
5664901,23.0,287.0,65.0,Male,2.0,1140414.22,7.0,7.0
1106987,6.0,81.0,62.5,Unknown,2.0,282690.42,3.0,3.0
2733660,25.0,301.0,33.0,Female,3.0,311655.53,7.0,7.0
4156583,24.0,299.0,66.0,Female,2.0,69336.48,5.0,5.0
6484543,18.0,227.0,20.0,Female,2.0,21711.11,2.0,2.0
8315249,5.0,63.0,63.5,Female,2.0,295035.59,5.0,5.0
8867749,16.0,192.0,63.0,Male,2.0,21826.58,3.0,3.0
3467801,9.0,109.0,25.5,Male,2.0,61234.11,2.0,2.0
8869916,12.0,150.0,29.0,Female,2.0,21271.49,4.0,4.0
7679198,6.0,75.0,51.0,Male,2.0,44168.53,2.0,2.0
85798,13.0,163.0,47.0,Male,2.0,22055.36,7.0,7.0
3217661,5.0,60.0,48.5,Male,2.0,640496.11,4.0,4.0
9239013,5.0,65.0,58.0,Female,2.0,115874.66,7.0,7.0
2959904,11.0,143.0,33.0,Female,2.0,46713.41,3.0,3.0
7543282,8.0,107.0,51.5,Female,2.0,20386.12,1.0,1.0
6755751,12.0,151.0,26.5,Male,2.0,183294.29,3.0,3.0
3153814,5.0,68.0,35.5,Female,2.0,34374.3,2.0,2.0
8962487,11.0,132.0,34.0,Male,2.0,141473.34999999998,7.0,7.0
3560781,11.0,139.0,34.0,Female,2.0,22008.69,7.0,7.0
9364074,13.0,157.0,53.0,Male,2.0,30601.68,1.0,1.0
3148015,4.0,59.0,49.0,Unknown,2.0,29827.73,7.0,7.0
5907285,15.0,190.0,49.0,Female,2.0,23659.94,4.0,4.0
9826301,19.0,228.0,46.0,Female,2.0,521096.15,6.0,6.0
6977574,17.0,205.0,44.0,Female,2.0,22988.18,2.0,2.0
6014251,14.0,178.0,53.5,Female,2.0,17440.8,1.0,1.0
9598643,30.0,366.0,68.0,Male,3.0,175007.22999999998,3.0,3.0
9560256,9.0,110.0,20.0,Male,2.0,16093.21,2.0,2.0
3221291,5.0,64.0,34.0,Unknown,2.0,54657.49,6.0,6.0
5785212,5.0,65.0,24.0,Unknown,2.0,20527.46,5.0,5.0
8918628,14.0,168.0,29.5,Female,2.0,46691.42,4.0,4.0
982806,4.0,58.0,17.0,Unknown,2.0,21892.22,2.0,2.0
9050223,12.0,153.0,30.0,Male,2.0,37590.09,7.0,7.0
7428159,11.0,142.0,25.5,Female,2.0,100189.97,2.0,2.0
9375232,4.0,57.0,32.0,Unknown,2.0,58892.98999999999,7.0,7.0
7719321,15.0,182.0,49.0,Male,2.0,16890.409999999996,7.0,7.0
9116839,22.0,264.0,58.0,Female,2.0,42223.21,5.0,5.0
3916621,21.0,262.0,35.5,Female,2.0,29838.98,6.0,6.0
7571772,6.0,74.0,18.5,Female,2.0,15168.98,1.0,1.0
3351159,10.0,128.0,26.0,Male,2.0,64275.92999999999,7.0,7.0
5738115,31.0,373.0,61.0,Female,2.0,814502.2000000001,1.0,1.0
2593653,4.0,58.0,35.5,Unknown,2.0,36875.55,5.0,5.0
7349026,15.0,180.0,48.0,Male,3.0,75639.4,5.0,5.0
8181965,4.0,56.0,18.0,Unknown,3.0,71008.58,7.0,7.0
1932936,6.0,78.0,45.5,Male,3.0,99181.27,7.0,7.0
3689304,5.0,61.0,28.0,Female,2.0,83285.08,4.0,4.0
1836695,16.0,195.0,86.0,Male,2.0,17967.289999999997,6.0,6.0
7914657,13.0,166.0,35.5,Male,2.0,26378.009999999995,7.0,7.0
6586779,12.0,150.0,63.5,Male,4.0,109695.56,3.0,3.0
3823917,8.0,104.0,25.0,Male,3.0,74318.20999999999,6.0,6.0
1934422,6.0,80.0,27.5,Male,2.0,20343.19,7.0,7.0
7218313,30.0,371.0,64.5,Male,2.0,252462.56,1.0,1.0
6944665,9.0,113.0,60.0,Male,2.0,15922.73,6.0,6.0
9413545,16.0,192.0,89.5,Female,2.0,386630.57,7.0,7.0
7773365,12.0,153.0,40.0,Male,2.0,18816.09,5.0,5.0
4010022,21.0,263.0,44.5,Male,3.0,840393.54,7.0,7.0
7835492,21.0,261.0,68.5,Male,3.0,91043.5,7.0,7.0
905970,18.0,222.0,45.0,Female,2.0,100991.92,7.0,7.0
6601628,20.0,240.0,34.0,Female,2.0,76386.43,4.0,4.0
3544026,6.0,82.0,25.0,Unknown,2.0,44052.78999999999,3.0,3.0
8601137,4.0,57.0,21.0,Unknown,2.0,28149.21,3.0,3.0
3064516,4.0,59.0,49.0,Unknown,3.0,278835.41,4.0,4.0
4978368,6.0,83.0,51.5,Male,3.0,169448.36,3.0,3.0
1068226,7.0,86.0,56.5,Unknown,2.0,18161.41,2.0,2.0
5203028,7.0,92.0,55.0,Unknown,2.0,125494.15,7.0,7.0
4457960,7.0,85.0,28.0,Unknown,3.0,41966.85,3.0,3.0
6687469,8.0,106.0,26.5,Female,2.0,18563.42,1.0,1.0
9563953,6.0,80.0,29.5,Male,2.0,47056.02,4.0,4.0
984128,12.0,155.0,50.0,Female,2.0,26515.65,4.0,4.0
6218066,12.0,144.0,49.5,Female,2.0,103014.2,2.0,2.0
6685817,7.0,85.0,19.0,Unknown,2.0,15344.96,7.0,7.0
6556906,13.0,164.0,63.5,Unknown,3.0,211185.64,6.0,6.0
4422000,9.0,119.0,60.0,Female,2.0,49288.32,5.0,5.0
5164793,5.0,70.0,22.5,Unknown,2.0,42513.31,7.0,7.0
1245583,9.0,113.0,60.0,Female,2.0,430626.65,3.0,3.0
7651212,6.0,83.0,48.0,Unknown,2.0,21862.89,1.0,1.0
4359941,5.0,63.0,48.5,Unknown,2.0,20684.49,5.0,5.0
2639623,6.0,79.0,24.5,Unknown,2.0,41497.8,3.0,3.0
131734,4.0,57.0,64.0,Unknown,2.0,211920.38,2.0,2.0
3116352,8.0,107.0,20.5,Female,2.0,25316.93,2.0,2.0
8743160,14.0,176.0,65.0,Male,2.0,20928.61,1.0,1.0
1543278,24.0,298.0,60.0,Unknown,2.0,62864.15,2.0,2.0
2768314,21.0,262.0,29.0,Female,3.0,98978.73,7.0,7.0
3593279,21.0,253.0,50.5,Male,2.0,26392.27,7.0,7.0
4472626,30.0,364.0,79.0,Male,3.0,826128.29,7.0,7.0
2317759,8.0,99.0,54.5,Unknown,2.0,403054.82,7.0,7.0
3581665,12.0,153.0,23.0,Male,2.0,39899.97,7.0,7.0
7968540,14.0,171.0,56.5,Unknown,4.0,48694.77,5.0,5.0
8786301,15.0,189.0,68.0,Female,2.0,46366.25,6.0,6.0
8243134,6.0,82.0,56.0,Unknown,3.0,37817.1,1.0,1.0
5697392,5.0,60.0,57.5,Unknown,2.0,73816.1,4.0,4.0
4790621,13.0,166.0,61.0,Male,2.0,24097.52,1.0,1.0
4017804,16.0,194.0,42.5,Female,3.0,152294.14,6.0,6.0
3371177,16.0,192.0,60.5,Female,2.0,145660.02000000002,4.0,4.0
777454,14.0,171.0,54.0,Male,2.0,196987.5,4.0,4.0
2828786,8.0,98.0,43.0,Unknown,3.0,27209.119999999995,1.0,1.0
2522028,14.0,168.0,57.0,Male,2.0,14863.85,5.0,5.0
451343,8.0,97.0,47.5,Unknown,2.0,114774.26,2.0,2.0
6158117,25.0,309.0,54.5,Female,2.0,811717.37,5.0,6.0
4597918,14.0,177.0,45.0,Female,2.0,28734.29,1.0,1.0
6953025,22.0,268.0,45.0,Female,2.0,402721.85,7.0,7.0
2479077,22.0,264.0,69.5,Male,3.0,742308.7000000001,6.0,6.0
8362413,50.0,610.0,64.5,Male,2.0,220877.37,7.0,7.0
3759971,8.0,97.0,58.0,Unknown,2.0,47785.59,1.0,1.0
2170688,7.0,95.0,55.5,Unknown,2.0,70060.15,2.0,2.0
7256923,13.0,156.0,36.0,Female,5.0,367208.95,7.0,7.0
8019722,20.0,241.0,51.5,Male,2.0,39510.26,4.0,4.0
8369451,5.0,69.0,46.5,Unknown,2.0,64644.51,4.0,4.0
3141005,14.0,178.0,34.0,Male,2.0,90551.28,2.0,2.0
6593941,11.0,137.0,31.0,Male,2.0,79850.64,4.0,4.0
763079,6.0,77.0,44.5,Unknown,2.0,248323.57,1.0,1.0
6213682,12.0,154.0,23.5,Male,2.0,54467.06,4.0,4.0
8972668,5.0,65.0,23.0,Unknown,3.0,18878.68,6.0,6.0
7415262,8.0,99.0,64.5,Unknown,2.0,91049.8,3.0,3.0
4483677,5.0,71.0,65.0,Unknown,2.0,149608.8,3.0,4.0
3473873,15.0,190.0,53.0,Female,2.0,35240.72,7.0,7.0
4914249,12.0,148.0,30.5,Male,2.0,72933.92,3.0,3.0
9484491,12.0,154.0,26.0,Male,2.0,70763.47,7.0,7.0
1531036,4.0,58.0,42.5,Female,4.0,163403.84999999998,6.0,6.0
8241714,4.0,58.0,57.0,Unknown,2.0,52884.29,7.0,7.0
5688073,6.0,76.0,21.0,Unknown,2.0,28393.119999999995,4.0,4.0
6597815,6.0,75.0,43.0,Unknown,2.0,45526.91,5.0,5.0
5397185,14.0,178.0,33.0,Female,2.0,95008.51,7.0,7.0
7246979,12.0,152.0,29.5,Female,2.0,17804.789999999997,2.0,2.0
8053171,5.0,60.0,21.5,Unknown,4.0,74261.54999999999,7.0,7.0
1272900,23.0,281.0,37.5,Unknown,3.0,113012.0,6.0,6.0
7974360,21.0,254.0,59.5,Male,2.0,88168.84999999999,4.0,4.0
6302432,19.0,239.0,51.5,Female,3.0,107505.05,7.0,7.0
8589175,17.0,211.0,45.0,Female,2.0,15200.78,1.0,1.0
4981243,9.0,119.0,50.5,Female,2.0,107493.08,1.0,1.0
6289479,15.0,188.0,58.5,Male,2.0,33373.99,7.0,7.0
8657774,11.0,142.0,40.0,Male,2.0,92155.02,2.0,2.0
9724726,11.0,140.0,58.0,Male,2.0,566657.62,7.0,7.0
2047498,7.0,94.0,21.5,Unknown,2.0,19513.48,7.0,7.0
23308,7.0,87.0,29.0,Female,3.0,39969.46,5.0,5.0
1317612,6.0,77.0,35.5,Unknown,2.0,82544.7,2.0,2.0
8766793,6.0,83.0,45.0,Unknown,2.0,43393.3,7.0,7.0
7665773,13.0,165.0,31.5,Male,2.0,81074.4,7.0,7.0
8733770,7.0,86.0,23.0,Unknown,3.0,290696.18,7.0,7.0
7879340,16.0,194.0,36.5,Female,2.0,55997.26999999999,1.0,1.0
4761981,6.0,76.0,45.0,Unknown,2.0,25891.31,2.0,2.0
6605293,8.0,106.0,45.5,Female,2.0,33788.72,2.0,2.0
7238663,7.0,86.0,27.0,Unknown,2.0,40787.97,3.0,3.0
5979047,16.0,196.0,52.0,Female,2.0,38351.07,7.0,7.0
4421633,8.0,97.0,28.0,Unknown,2.0,110702.44,6.0,6.0
2467958,26.0,320.0,52.0,Male,3.0,1564371.34,7.0,7.0
2535912,11.0,142.0,50.0,Male,2.0,41007.81,2.0,2.0
200748,14.0,178.0,59.5,Male,2.0,268411.21,7.0,7.0
3696074,24.0,295.0,58.0,Unknown,2.0,18816.05,2.0,2.0
5011411,22.0,268.0,68.5,Unknown,2.0,17797.17,2.0,2.0
6592338,22.0,264.0,56.0,Unknown,2.0,130229.8,7.0,7.0
5817450,21.0,256.0,77.0,Male,3.0,266330.87,4.0,4.0
9254322,20.0,248.0,29.0,Female,2.0,86071.19,4.0,5.0
4152086,20.0,247.0,61.5,Male,2.0,34371.619999999995,7.0,7.0
710126,18.0,227.0,40.5,Female,2.0,77530.69,3.0,3.0
9405701,5.0,70.0,29.0,Unknown,2.0,47647.75,7.0,7.0
8088686,15.0,180.0,44.0,Male,2.0,38620.33,5.0,5.0
8658980,15.0,191.0,40.5,Male,2.0,32319.75,7.0,7.0
8064143,6.0,81.0,20.5,Unknown,2.0,52140.47,4.0,4.0
4629571,5.0,67.0,63.0,Male,2.0,38042.98,5.0,5.0
395914,8.0,107.0,42.5,Female,2.0,21736.1,3.0,3.0
9345795,5.0,63.0,33.5,Male,2.0,48967.54,1.0,1.0
1827624,5.0,64.0,56.0,Female,3.0,28982.16,3.0,3.0
7225745,9.0,112.0,37.5,Female,2.0,131201.93,7.0,7.0
5443686,9.0,110.0,46.5,Male,2.0,97545.21,4.0,4.0
8362115,13.0,165.0,61.0,Female,2.0,244121.97,3.0,3.0
5441033,23.0,276.0,68.0,Male,2.0,172355.15000000002,6.0,6.0
9630551,4.0,57.0,27.5,Unknown,3.0,23365.5,6.0,6.0
2417784,6.0,72.0,65.5,Unknown,2.0,21495.49,3.0,3.0
8980039,4.0,59.0,22.0,Unknown,2.0,23891.67,7.0,7.0
3289078,15.0,189.0,48.0,Female,2.0,67861.23999999999,1.0,1.0
3669294,33.0,397.0,65.5,Female,2.0,26081.72,1.0,1.0
7674464,34.0,417.0,58.0,Male,2.0,1157846.0799999998,7.0,7.0
4671456,13.0,157.0,18.0,Female,2.0,45716.78,2.0,2.0
37524,15.0,190.0,29.5,Female,3.0,92686.22,5.0,5.0
6759584,14.0,175.0,53.5,Female,2.0,14344.12,1.0,1.0
3340916,22.0,265.0,57.5,Female,2.0,25280.14,2.0,2.0
2163651,6.0,83.0,62.0,Female,2.0,339036.4,6.0,7.0
391902,14.0,179.0,49.0,Male,2.0,77035.69,4.0,4.0
5678025,7.0,84.0,29.5,Unknown,3.0,80230.74,3.0,3.0
6388887,12.0,149.0,45.0,Male,2.0,107477.2,7.0,7.0
6144461,4.0,58.0,21.0,Unknown,2.0,28116.17,2.0,2.0
4164250,29.0,352.0,70.5,Male,2.0,49694.69,3.0,3.0
3669212,9.0,112.0,23.5,Female,2.0,61537.89,3.0,3.0
6050134,14.0,179.0,47.5,Male,3.0,712891.3200000001,7.0,7.0
8498422,6.0,77.0,24.0,Unknown,3.0,281743.38,4.0,4.0
1916857,11.0,137.0,54.0,Male,2.0,36537.92,1.0,1.0
2094417,14.0,173.0,53.0,Female,2.0,95298.55,2.0,2.0
3731600,18.0,227.0,54.5,Female,2.0,35405.71,3.0,3.0
7979063,8.0,96.0,59.5,Male,5.0,471585.23,7.0,7.0
4508486,10.0,131.0,50.5,Male,2.0,380574.4,7.0,7.0
524536,7.0,88.0,59.0,Unknown,2.0,322294.93,3.0,3.0
145840,10.0,129.0,27.5,Male,2.0,25152.52,3.0,3.0
6110716,18.0,221.0,51.5,Male,2.0,63124.98999999999,2.0,3.0
5254914,18.0,218.0,70.5,Male,2.0,89767.18,3.0,3.0
7833301,14.0,178.0,61.5,Female,2.0,19936.99,4.0,4.0
2994963,6.0,72.0,17.5,Unknown,2.0,46738.15,4.0,4.0
9297017,8.0,106.0,55.0,Female,2.0,154158.65999999997,3.0,3.0
6550049,5.0,61.0,23.5,Male,3.0,61057.98,7.0,7.0
4574280,6.0,80.0,26.5,Unknown,3.0,157917.08000000002,7.0,7.0
7782253,12.0,151.0,45.0,Unknown,3.0,51365.55,4.0,4.0
7741322,24.0,288.0,52.5,Female,2.0,78661.14,4.0,4.0
4562365,21.0,254.0,71.5,Male,3.0,460946.97,7.0,7.0
5872509,21.0,253.0,39.5,Female,2.0,42521.08,1.0,1.0
5166387,6.0,77.0,61.5,Unknown,2.0,119468.7,4.0,4.0
7256660,11.0,141.0,57.5,Male,2.0,84522.76,1.0,1.0
2182413,4.0,58.0,62.5,Unknown,2.0,33700.2,2.0,2.0
1406774,11.0,141.0,29.5,Male,2.0,38044.07,3.0,3.0
8127197,14.0,175.0,76.0,Female,2.0,53685.58,2.0,2.0
8921922,14.0,172.0,21.5,Male,3.0,35463.78999999999,7.0,7.0
8838738,6.0,75.0,53.5,Unknown,3.0,152666.47999999998,5.0,5.0
8172285,16.0,196.0,51.5,Unknown,2.0,275654.95,7.0,7.0
7293721,7.0,88.0,43.5,Female,2.0,78054.84,2.0,3.0
5403865,13.0,165.0,50.0,Female,2.0,33908.96,7.0,7.0
4382743,4.0,58.0,23.5,Male,2.0,34363.98,2.0,2.0
2800859,9.0,114.0,19.5,Female,2.0,17399.579999999998,2.0,2.0
3965240,6.0,72.0,49.5,Unknown,2.0,47820.38,3.0,3.0
7127822,14.0,178.0,51.5,Unknown,3.0,73359.43,7.0,7.0
146488,17.0,205.0,53.5,Female,2.0,73670.26999999999,1.0,1.0
1739898,16.0,203.0,48.5,Female,2.0,18585.0,2.0,2.0
5640345,7.0,94.0,41.5,Unknown,3.0,72879.33,5.0,5.0
8011370,12.0,155.0,34.5,Female,2.0,114856.36,1.0,1.0
7454396,4.0,57.0,58.0,Male,2.0,117836.77,7.0,7.0
7353699,24.0,291.0,57.0,Male,4.0,465769.3,7.0,7.0
394955,21.0,258.0,28.5,Male,3.0,15802.85,4.0,4.0
9876225,20.0,242.0,18.5,Male,2.0,25137.92,7.0,7.0
6681654,13.0,157.0,62.0,Female,2.0,17904.0,1.0,1.0
2606632,11.0,139.0,49.5,Female,2.0,167756.97999999998,2.0,2.0
8079490,4.0,57.0,37.0,Unknown,2.0,26734.56,3.0,3.0
6331812,9.0,116.0,52.0,Male,2.0,24057.03,4.0,4.0
5311035,10.0,131.0,54.0,Male,2.0,356484.69,7.0,7.0
9360142,4.0,59.0,16.5,Unknown,2.0,15049.219999999998,1.0,1.0
1337263,4.0,58.0,16.0,Unknown,2.0,19541.56,2.0,2.0
1723123,17.0,209.0,40.0,Male,2.0,42873.51,1.0,1.0
3868998,9.0,112.0,54.5,Female,2.0,1315675.2999999998,7.0,7.0
7397522,6.0,79.0,27.5,Female,2.0,63233.23,4.0,4.0
207904,7.0,84.0,37.5,Unknown,2.0,59821.58,6.0,6.0
4012414,12.0,153.0,33.0,Female,2.0,20479.41,3.0,3.0
2602028,10.0,121.0,46.5,Male,2.0,89032.54,2.0,2.0
1218932,18.0,216.0,69.5,Female,5.0,282896.34,5.0,5.0
1709860,17.0,214.0,33.0,Male,2.0,81525.93,4.0,4.0
8477848,17.0,206.0,73.0,Female,3.0,768948.37,3.0,3.0
7163843,16.0,202.0,42.5,Female,3.0,135948.97999999998,7.0,7.0
1517668,5.0,64.0,67.0,Female,2.0,916458.36,7.0,7.0
5174074,5.0,66.0,71.0,Unknown,2.0,149305.61,5.0,5.0
3821674,5.0,69.0,36.5,Male,2.0,48030.23,7.0,7.0
9288463,13.0,160.0,50.5,Female,2.0,23826.869999999995,6.0,6.0
9580652,12.0,150.0,27.5,Female,2.0,19938.54,2.0,2.0
9363964,10.0,123.0,66.0,Male,2.0,142544.31,3.0,3.0
4003546,5.0,67.0,58.0,Unknown,2.0,41171.17999999999,3.0,3.0
6091451,22.0,265.0,53.0,Male,2.0,106495.05,6.0,6.0
6338029,15.0,180.0,14.5,Male,4.0,20761.32,4.0,4.0
9412980,5.0,67.0,35.0,Unknown,2.0,15008.759999999998,5.0,5.0
4416592,4.0,49.0,35.0,Unknown,4.0,547617.68,4.0,4.0
162082,23.0,287.0,57.0,Male,2.0,18755.1,3.0,3.0
5084266,21.0,262.0,17.0,Female,2.0,19629.98,1.0,1.0
5023457,21.0,252.0,45.5,Female,3.0,40255.9,6.0,6.0
6805159,9.0,118.0,34.5,Male,2.0,21928.83,2.0,2.0
2670211,6.0,80.0,25.0,Unknown,3.0,56137.9,7.0,7.0
3653409,31.0,379.0,77.0,Male,2.0,237055.0,7.0,7.0
9593999,7.0,88.0,54.5,Unknown,2.0,120196.8,3.0,3.0
9744355,6.0,72.0,37.5,Unknown,2.0,29506.09,3.0,3.0
4366306,13.0,158.0,28.5,Female,2.0,122569.83000000002,7.0,7.0
4184143,19.0,235.0,51.5,Male,2.0,85046.23,5.0,5.0
4012877,5.0,65.0,23.5,Unknown,3.0,22384.8,3.0,3.0
8310806,14.0,178.0,42.5,Male,2.0,48538.65,6.0,6.0
8252905,6.0,79.0,58.5,Unknown,2.0,39466.36,1.0,1.0
6585840,15.0,186.0,32.0,Female,2.0,118213.2,5.0,5.0
6813475,8.0,107.0,23.0,Female,4.0,172749.52999999997,3.0,3.0
9137545,10.0,127.0,33.0,Male,2.0,57850.36,7.0,7.0
899259,4.0,57.0,24.0,Unknown,2.0,66316.32,6.0,6.0
6602212,22.0,274.0,46.0,Female,2.0,77492.45,2.0,2.0
4080006,15.0,189.0,38.5,Male,2.0,20809.4,2.0,2.0
244449,9.0,118.0,36.5,Female,2.0,30359.81,3.0,3.0
7807809,6.0,72.0,31.5,Unknown,3.0,45161.8,6.0,6.0
1866466,6.0,82.0,28.5,Unknown,3.0,54767.76,7.0,7.0
7238581,7.0,84.0,36.5,Unknown,3.0,112036.23,7.0,7.0
6478085,9.0,109.0,67.5,Female,2.0,27294.36,7.0,7.0
4640849,12.0,145.0,41.5,Female,3.0,220296.07,6.0,6.0
6802388,6.0,82.0,24.0,Unknown,2.0,44328.8,4.0,4.0
9201538,6.0,81.0,28.5,Unknown,3.0,84289.62,7.0,7.0
7545963,8.0,103.0,23.5,Unknown,4.0,82768.98,7.0,7.0
6440308,6.0,80.0,49.5,Unknown,2.0,30898.45,3.0,4.0
3240170,15.0,187.0,36.5,Male,2.0,79892.36,7.0,7.0
3383986,24.0,288.0,67.5,Female,2.0,38760.83,4.0,4.0
839660,22.0,271.0,64.0,Female,2.0,313203.16,1.0,3.0
4957584,13.0,166.0,51.5,Female,3.0,628939.8500000001,7.0,7.0
758318,7.0,94.0,23.5,Unknown,2.0,20754.66,1.0,1.0
2762555,5.0,70.0,41.5,Unknown,2.0,40457.78999999999,2.0,2.0
6331260,14.0,169.0,73.0,Female,2.0,27962.25,6.0,6.0
526058,10.0,130.0,38.0,Female,2.0,86237.72,1.0,1.0
3629372,12.0,151.0,60.0,Female,2.0,92214.91,4.0,4.0
5825490,12.0,154.0,58.5,Male,2.0,59447.44,3.0,3.0
6882486,6.0,79.0,22.5,Unknown,2.0,27273.619999999995,1.0,1.0
4823952,7.0,95.0,30.0,Unknown,2.0,65835.36,7.0,7.0
4626399,4.0,57.0,23.5,Unknown,2.0,22355.94,2.0,2.0
9188479,5.0,64.0,58.5,Unknown,2.0,30251.259999999995,2.0,2.0
4922976,12.0,152.0,34.0,Female,2.0,69471.23999999999,2.0,2.0
2265377,5.0,70.0,25.0,Unknown,3.0,41612.45,4.0,4.0
3070162,12.0,152.0,29.0,Female,2.0,26886.3,6.0,6.0
761373,5.0,60.0,24.0,Unknown,2.0,33354.38,2.0,2.0
8878111,16.0,194.0,70.5,Male,2.0,678806.01,5.0,5.0
7888025,10.0,127.0,29.0,Female,2.0,17118.629999999997,2.0,2.0
5380772,7.0,84.0,63.5,Unknown,2.0,333159.12,5.0,5.0
9215088,9.0,119.0,29.5,Female,2.0,29303.61,3.0,3.0
83363,11.0,143.0,30.5,Male,2.0,14887.6,1.0,1.0
4140481,6.0,82.0,33.5,Unknown,2.0,43434.38,2.0,2.0
6679753,9.0,116.0,19.5,Female,3.0,22774.75,2.0,2.0
6122247,7.0,87.0,23.0,Unknown,3.0,73758.6,6.0,6.0
4085239,25.0,301.0,58.5,Male,2.0,719694.63,7.0,7.0
4147306,25.0,300.0,61.5,Female,2.0,58026.45999999999,2.0,2.0
4396725,24.0,288.0,76.5,Female,2.0,58349.19,5.0,5.0
4651619,18.0,222.0,32.0,Unknown,4.0,227950.15,6.0,6.0
2258830,18.0,218.0,55.0,Unknown,3.0,185944.6,5.0,5.0
2266624,17.0,214.0,67.5,Male,3.0,2267672.88,5.0,5.0
8335840,13.0,163.0,36.0,Female,2.0,20531.39,2.0,2.0
9661608,8.0,105.0,47.5,Female,2.0,283633.05,2.0,2.0
6372381,15.0,189.0,30.5,Female,2.0,164235.34999999998,2.0,2.0
7359282,9.0,113.0,29.5,Male,2.0,31024.24,2.0,2.0
5821052,20.0,248.0,53.5,Female,2.0,20166.31,3.0,3.0
8876003,14.0,171.0,53.0,Male,2.0,24108.84,5.0,5.0
5172493,14.0,170.0,40.0,Male,2.0,89973.7,4.0,4.0
2012490,7.0,95.0,55.0,Unknown,2.0,21970.38,2.0,2.0
133332,11.0,135.0,47.0,Male,2.0,330067.06,1.0,1.0
8645248,7.0,89.0,30.0,Unknown,2.0,64286.11,7.0,7.0
1011858,13.0,166.0,35.0,Male,2.0,22160.15,7.0,7.0
2087989,5.0,69.0,41.0,Male,2.0,75805.1,4.0,4.0
9362833,6.0,82.0,24.5,Unknown,2.0,46034.59,2.0,2.0
4972467,7.0,85.0,50.0,Unknown,2.0,79169.37,5.0,5.0
2218091,16.0,195.0,57.5,Female,2.0,54179.57,1.0,1.0
171537,12.0,154.0,30.0,Female,2.0,155790.52999999997,7.0,7.0
3852323,12.0,147.0,48.5,Female,2.0,257961.13,1.0,1.0
3481332,15.0,183.0,53.5,Female,2.0,24562.28,1.0,1.0
1008296,6.0,78.0,21.5,Unknown,2.0,22904.2,6.0,6.0
9452745,5.0,62.0,49.0,Unknown,2.0,26629.31,5.0,5.0
1450997,25.0,310.0,57.0,Male,2.0,295256.76,6.0,6.0
2486632,5.0,70.0,29.0,Unknown,2.0,31227.29,5.0,5.0
9010394,16.0,197.0,53.0,Female,2.0,33798.72,6.0,6.0
7565294,8.0,107.0,18.5,Male,2.0,45953.81,3.0,3.0
8032212,7.0,88.0,54.5,Unknown,2.0,304934.84,2.0,2.0
3754620,6.0,83.0,31.5,Unknown,2.0,20990.2,7.0,7.0
8953723,6.0,83.0,53.5,Unknown,2.0,16851.379999999997,1.0,1.0
8109992,15.0,181.0,55.5,Male,2.0,21887.37,4.0,4.0
7148539,15.0,191.0,37.5,Male,2.0,95446.68,5.0,5.0
720903,5.0,66.0,18.0,Unknown,2.0,62949.42999999999,5.0,6.0
2299118,15.0,191.0,54.0,Male,2.0,241097.5,7.0,7.0
9620821,5.0,64.0,54.0,Unknown,2.0,33194.02,7.0,7.0
1251359,24.0,295.0,63.5,Male,3.0,1011737.94,7.0,7.0
3704192,23.0,277.0,41.0,Male,2.0,459031.36,7.0,7.0
727061,26.0,314.0,58.5,Male,4.0,528990.67,7.0,7.0
6092646,21.0,253.0,21.5,Female,3.0,209192.33,6.0,7.0
3204795,17.0,214.0,51.0,Male,3.0,84587.76,7.0,7.0
6586260,17.0,206.0,50.5,Male,2.0,39977.6,1.0,1.0
7423544,10.0,124.0,29.5,Male,3.0,203910.49,6.0,7.0
9614570,15.0,181.0,36.0,Male,3.0,26289.68,6.0,6.0
736555,7.0,90.0,52.5,Unknown,2.0,76330.37,2.0,2.0
5169425,13.0,162.0,26.5,Female,2.0,57147.94,4.0,4.0
5492645,17.0,206.0,46.0,Male,2.0,59342.56,7.0,7.0
7172025,9.0,115.0,20.5,Female,2.0,17264.21,1.0,1.0
4235087,12.0,155.0,32.0,Female,3.0,95139.2,7.0,7.0
1964916,6.0,81.0,20.5,Unknown,2.0,15066.419999999998,7.0,7.0
2653463,6.0,76.0,56.5,Female,2.0,22655.84,2.0,2.0
7901421,8.0,99.0,59.5,Male,2.0,1031060.12,7.0,7.0
4798970,15.0,186.0,35.5,Female,2.0,34880.22,6.0,6.0
9951104,8.0,101.0,54.0,Unknown,2.0,37578.5,7.0,7.0
4995083,14.0,173.0,30.0,Male,2.0,44093.2,5.0,5.0
9511694,15.0,185.0,50.5,Male,2.0,20802.01,3.0,3.0
7690555,9.0,117.0,51.5,Female,2.0,104655.8,6.0,6.0
289543,5.0,71.0,21.5,Unknown,3.0,24639.52,4.0,4.0
3424977,9.0,111.0,55.5,Female,2.0,137799.41,3.0,3.0
9067955,10.0,121.0,67.5,Female,2.0,21388.88,1.0,1.0
3444464,23.0,277.0,70.5,Male,2.0,166328.27000000002,2.0,2.0
8814834,4.0,59.0,20.5,Male,2.0,33928.99,6.0,6.0
7841084,17.0,212.0,38.0,Male,3.0,309001.86,7.0,7.0
9160051,5.0,70.0,86.5,Unknown,2.0,19456.32,7.0,7.0
6295746,9.0,113.0,48.5,Male,2.0,123996.97,2.0,2.0
3843259,25.0,305.0,43.5,Female,4.0,430968.44,6.0,6.0
2023355,26.0,321.0,56.5,Female,3.0,129369.28999999998,5.0,5.0
4020279,6.0,82.0,26.5,Male,2.0,13800.259999999998,6.0,6.0
1785398,9.0,112.0,38.0,Female,2.0,120103.81,3.0,3.0
6914091,12.0,144.0,16.5,Female,2.0,45668.01,1.0,1.0
4623343,8.0,99.0,58.0,Unknown,2.0,17689.42,3.0,3.0
7718839,16.0,195.0,53.0,Female,2.0,24673.98,2.0,2.0
187284,13.0,167.0,52.5,Female,2.0,83149.58,5.0,6.0
2332596,4.0,59.0,18.5,Unknown,2.0,34491.649999999994,7.0,7.0
3214254,15.0,180.0,71.5,Male,2.0,134836.05,7.0,7.0
2190938,15.0,190.0,29.0,Male,3.0,114251.86,4.0,4.0
3689103,8.0,105.0,24.5,Female,2.0,62124.23,4.0,4.0
3364643,3.0,37.0,17.5,Unknown,2.0,20407.81,1.0,1.0
6878988,7.0,94.0,26.5,Unknown,2.0,35078.899999999994,3.0,3.0
942315,14.0,179.0,49.5,Male,2.0,43506.61,6.0,6.0
5983828,23.0,282.0,69.5,Male,2.0,206177.71,5.0,5.0
4523784,23.0,280.0,73.5,Female,3.0,36698.94,6.0,6.0
3021201,21.0,254.0,49.0,Male,3.0,794761.42,6.0,6.0
8384412,20.0,242.0,55.5,Female,3.0,1428927.02,6.0,6.0
9594959,6.0,72.0,21.0,Unknown,2.0,28710.32,4.0,4.0
2517559,13.0,166.0,35.5,Male,2.0,50157.71,2.0,2.0
245238,11.0,133.0,70.0,Male,2.0,34128.69,6.0,6.0
8549633,7.0,95.0,47.5,Unknown,2.0,111551.59,3.0,3.0
6161810,17.0,205.0,45.5,Male,2.0,33366.27,2.0,2.0
8776163,7.0,85.0,37.5,Male,2.0,21321.62,1.0,1.0
6475500,5.0,66.0,62.0,Male,2.0,366211.73,1.0,1.0
9818275,5.0,70.0,31.5,Unknown,3.0,29868.06,5.0,5.0
7095063,14.0,170.0,56.0,Female,2.0,23748.22,6.0,6.0
6355043,6.0,73.0,33.0,Unknown,2.0,23857.28,6.0,6.0
6012474,6.0,72.0,49.5,Unknown,2.0,47871.93,2.0,2.0
559411,7.0,88.0,68.5,Unknown,2.0,45555.81,2.0,2.0
7835653,9.0,112.0,51.0,Male,4.0,50786.06,6.0,6.0
7839970,7.0,85.0,45.5,Unknown,2.0,26263.41,1.0,2.0
3105964,4.0,58.0,28.5,Unknown,3.0,20287.82,5.0,5.0
5861033,25.0,303.0,41.0,Unknown,2.0,1539728.24,6.0,6.0
9354430,23.0,287.0,44.5,Female,2.0,179224.65999999997,2.0,2.0
7525285,14.0,178.0,38.0,Unknown,2.0,164276.27000000002,2.0,2.0
2442603,8.0,106.0,37.5,Unknown,2.0,73043.51999999999,7.0,7.0
7713316,14.0,178.0,74.0,Male,2.0,31593.39,2.0,2.0
2634049,8.0,100.0,50.5,Unknown,2.0,35351.96,2.0,2.0
2862130,14.0,176.0,54.5,Male,2.0,380359.16,7.0,7.0
2228678,9.0,110.0,53.0,Female,3.0,148173.14,5.0,5.0
5301578,13.0,167.0,49.0,Female,2.0,50688.47,4.0,4.0
5935352,11.0,143.0,47.5,Female,3.0,74768.32,5.0,5.0
3242366,9.0,113.0,39.5,Male,2.0,26665.59,4.0,4.0
6963342,8.0,102.0,78.0,Unknown,2.0,54494.13,7.0,7.0
7695520,7.0,85.0,27.5,Unknown,2.0,32030.33,2.0,2.0
7046307,9.0,117.0,57.5,Male,2.0,110502.56,4.0,4.0
23690,8.0,107.0,62.5,Female,2.0,38946.05,1.0,1.0
8407472,5.0,60.0,22.5,Unknown,2.0,22246.95,4.0,4.0
1519217,13.0,166.0,43.0,Unknown,2.0,32659.61,1.0,1.0
6592756,12.0,152.0,23.0,Female,2.0,30341.82,7.0,7.0
338479,6.0,82.0,25.5,Unknown,2.0,17539.39,2.0,2.0
1101156,27.0,332.0,52.5,Female,2.0,52132.76,3.0,3.0
4994697,5.0,68.0,50.5,Unknown,2.0,78280.54999999999,3.0,3.0
2374139,22.0,264.0,68.5,Female,2.0,18585.94,5.0,5.0
4424738,15.0,185.0,43.0,Female,2.0,158974.46000000002,6.0,6.0
3598381,6.0,80.0,60.0,Unknown,4.0,161139.21999999997,5.0,5.0
8673047,4.0,58.0,25.5,Male,2.0,16268.39,7.0,7.0
3283441,11.0,137.0,43.0,Female,2.0,296437.21,4.0,4.0
8741225,4.0,57.0,27.5,Unknown,2.0,397144.76,2.0,2.0
9572091,15.0,188.0,42.0,Female,2.0,51433.63,2.0,2.0
2896350,11.0,134.0,70.0,Male,2.0,118292.62,2.0,2.0
2764236,33.0,406.0,52.0,Male,3.0,180703.73,7.0,7.0
85633,20.0,250.0,55.5,Male,2.0,41150.17999999999,7.0,7.0
8090981,6.0,77.0,63.0,Unknown,2.0,61957.42,7.0,7.0
6354125,12.0,154.0,26.0,Female,2.0,24267.19,1.0,1.0
9013320,15.0,183.0,65.0,Male,2.0,920998.24,4.0,4.0
7693287,10.0,124.0,27.5,Male,2.0,83950.15,2.0,2.0
6322454,10.0,124.0,24.0,Male,2.0,55490.22,1.0,1.0
551856,6.0,73.0,57.0,Male,2.0,237797.68,1.0,1.0
4157430,4.0,58.0,30.0,Unknown,2.0,22671.46,2.0,2.0
3294061,9.0,116.0,21.5,Female,2.0,22796.32,2.0,2.0
9616900,13.0,165.0,30.0,Male,2.0,14059.73,4.0,4.0
1880299,13.0,158.0,49.5,Male,2.0,34939.19,2.0,2.0
3084832,6.0,77.0,65.5,Unknown,2.0,88966.87,5.0,6.0
7226011,6.0,72.0,29.5,Unknown,2.0,65655.4,1.0,1.0
2046289,21.0,253.0,63.5,Male,3.0,258387.33,6.0,6.0
382742,6.0,82.0,35.0,Unknown,2.0,16728.019999999997,3.0,3.0
8394200,23.0,276.0,18.5,Female,2.0,22288.86,4.0,4.0
1165299,18.0,218.0,49.0,Female,3.0,67728.12,5.0,5.0
4420693,17.0,212.0,49.0,Male,2.0,23863.369999999995,2.0,2.0
2571870,14.0,179.0,43.5,Male,2.0,18377.4,1.0,1.0
6733542,5.0,69.0,45.5,Unknown,2.0,324755.49,2.0,2.0
5037531,14.0,178.0,31.5,Female,2.0,33552.42999999999,1.0,1.0
8045166,11.0,137.0,25.0,Female,2.0,24400.38,1.0,1.0
1985421,15.0,183.0,56.5,Male,2.0,33658.759999999995,7.0,7.0
293005,8.0,103.0,65.0,Unknown,2.0,19784.3,1.0,2.0
5845553,5.0,68.0,26.0,Unknown,2.0,86938.34,7.0,7.0
8583717,5.0,68.0,52.5,Unknown,2.0,113690.26,4.0,4.0
6809764,7.0,86.0,74.5,Unknown,2.0,260574.48,7.0,7.0
1972824,5.0,71.0,56.0,Unknown,2.0,71953.18,1.0,1.0
4393791,11.0,135.0,26.0,Female,2.0,64402.72,3.0,3.0
7051713,24.0,293.0,61.0,Female,2.0,229701.24,1.0,1.0
6982403,12.0,150.0,45.0,Female,2.0,252824.15,7.0,7.0
8334581,11.0,135.0,51.0,Male,2.0,27882.619999999995,6.0,6.0
7810214,13.0,162.0,29.5,Male,3.0,216440.18,6.0,6.0
9892178,15.0,191.0,49.5,Female,2.0,47093.39,3.0,3.0
6549514,8.0,106.0,25.5,Male,2.0,23218.009999999995,3.0,3.0
2583536,15.0,190.0,66.0,Male,3.0,166868.78999999998,5.0,5.0
7442003,7.0,89.0,38.0,Unknown,3.0,704537.8400000001,1.0,1.0
5127093,24.0,298.0,19.0,Female,2.0,65579.62,1.0,1.0
7367334,18.0,221.0,75.0,Female,3.0,426690.27,1.0,1.0
8185935,10.0,131.0,26.5,Male,2.0,33416.25,2.0,2.0
817665,6.0,72.0,23.5,Unknown,2.0,48679.53,1.0,1.0
4226013,5.0,65.0,14.5,Unknown,3.0,32835.33,5.0,5.0
5513167,9.0,110.0,39.5,Female,2.0,48100.01,5.0,5.0
5475995,6.0,73.0,35.5,Male,3.0,88746.84,2.0,2.0
933507,13.0,162.0,49.5,Male,2.0,24285.22,1.0,1.0
3103242,17.0,213.0,41.0,Male,2.0,68263.57,6.0,6.0
6079948,5.0,69.0,56.5,Male,2.0,387337.2,1.0,1.0
8500293,5.0,67.0,51.5,Female,2.0,190494.23,3.0,3.0
5833786,10.0,124.0,43.5,Female,2.0,82637.0,7.0,7.0
2423820,7.0,88.0,39.5,Unknown,2.0,16621.769999999997,2.0,2.0
111279,5.0,61.0,64.0,Unknown,4.0,416760.54,6.0,6.0
7208618,12.0,147.0,38.0,Male,2.0,37977.46,1.0,1.0
4531682,13.0,157.0,57.5,Female,2.0,46247.09,4.0,4.0
1163293,5.0,61.0,51.5,Unknown,2.0,39905.1,1.0,1.0
2911951,15.0,181.0,39.5,Male,3.0,167609.96000000002,5.0,5.0
4211602,5.0,66.0,83.0,Unknown,2.0,48442.68,4.0,4.0
4117725,24.0,297.0,62.5,Male,2.0,344170.67,7.0,7.0
1130790,21.0,254.0,19.5,Male,2.0,109106.56,7.0,7.0
9921048,20.0,247.0,48.5,Male,2.0,44211.66,5.0,5.0
1001367,16.0,199.0,78.0,Male,2.0,62542.69,7.0,7.0
3234001,13.0,166.0,40.5,Female,2.0,148638.19,5.0,5.0
8703145,6.0,83.0,57.5,Male,2.0,516944.54,7.0,7.0
8490476,6.0,82.0,39.0,Unknown,2.0,61697.5,7.0,7.0
1759441,9.0,110.0,45.0,Female,2.0,20983.21,1.0,1.0
7021926,11.0,138.0,69.5,Female,2.0,182393.84000000003,7.0,7.0
3974642,7.0,94.0,32.0,Unknown,2.0,20071.13,6.0,6.0
2592125,6.0,79.0,42.5,Unknown,2.0,49574.0,4.0,4.0
3924726,12.0,154.0,58.5,Female,2.0,54648.78,6.0,6.0
8409695,4.0,50.0,58.5,Female,3.0,472085.19,5.0,5.0
2618916,6.0,72.0,24.5,Unknown,2.0,18945.97,2.0,2.0
2753864,13.0,161.0,57.0,Male,2.0,471667.89,7.0,7.0
5539307,7.0,89.0,31.0,Female,2.0,41351.94,1.0,1.0
1245330,15.0,190.0,54.5,Female,2.0,25243.79,1.0,1.0
4300061,15.0,181.0,34.5,Male,2.0,165646.21999999997,3.0,3.0
4247788,13.0,162.0,29.5,Female,2.0,20323.9,1.0,1.0
7768645,14.0,168.0,28.5,Female,2.0,14449.309999999998,1.0,1.0
8566532,8.0,97.0,29.5,Unknown,2.0,29903.88,3.0,3.0
1986310,14.0,179.0,58.5,Female,3.0,90312.25,7.0,7.0
9469500,11.0,141.0,62.0,Female,2.0,99122.89,4.0,4.0
4554952,6.0,78.0,34.0,Male,2.0,37209.51,6.0,6.0
3735854,11.0,142.0,79.0,Female,2.0,80427.7,1.0,1.0
3907885,14.0,168.0,33.5,Male,2.0,190942.25,5.0,5.0
5612542,12.0,151.0,36.5,Female,2.0,64888.78,7.0,7.0
2191099,5.0,71.0,34.0,Male,3.0,137199.71,7.0,7.0
8354297,33.0,401.0,52.0,Female,2.0,54497.3,1.0,1.0
8990000,7.0,94.0,50.5,Unknown,2.0,17411.629999999997,5.0,5.0
6146018,24.0,288.0,54.0,Female,5.0,4522753.41,4.0,4.0
8711276,22.0,268.0,23.0,Unknown,3.0,82677.16,7.0,7.0
8563152,22.0,266.0,66.5,Unknown,2.0,386230.0,7.0,7.0
852103,16.0,202.0,28.0,Unknown,3.0,111315.39,7.0,7.0
3689042,12.0,155.0,43.0,Male,3.0,34815.98,2.0,2.0
1734664,4.0,56.0,20.5,Unknown,2.0,18081.53,4.0,4.0
7220994,6.0,79.0,21.5,Unknown,2.0,20222.06,7.0,7.0
9951778,6.0,73.0,19.0,Unknown,2.0,31744.0,2.0,2.0
700997,14.0,175.0,45.0,Male,2.0,16499.269999999997,2.0,2.0
476090,9.0,116.0,43.5,Male,2.0,200344.44,2.0,2.0
4120744,8.0,102.0,24.0,Unknown,2.0,37838.73,4.0,4.0
5364095,6.0,83.0,56.0,Unknown,3.0,118996.76,6.0,6.0
7888989,5.0,71.0,40.0,Female,2.0,26961.869999999995,3.0,3.0
1267721,12.0,155.0,61.5,Male,2.0,25491.18,6.0,6.0
7635159,6.0,77.0,20.0,Female,2.0,37626.03999999999,7.0,7.0
9549575,13.0,159.0,53.0,Male,2.0,150348.51,2.0,2.0
1968919,10.0,120.0,33.5,Male,2.0,58728.07000000001,6.0,6.0
7349209,14.0,168.0,39.0,Male,2.0,87811.33,1.0,2.0
5659688,9.0,110.0,70.5,Female,2.0,281020.23,2.0,2.0
1845021,23.0,286.0,68.5,Male,3.0,504582.35,7.0,7.0
7959730,7.0,94.0,52.0,Unknown,2.0,28020.77,2.0,2.0
2225905,5.0,71.0,20.5,Unknown,2.0,17503.82,4.0,4.0
5088651,6.0,80.0,24.0,Unknown,3.0,67601.53,2.0,2.0
3675109,7.0,86.0,27.0,Unknown,2.0,15823.649999999998,7.0,7.0
1725115,21.0,253.0,28.5,Male,2.0,30000.19,7.0,7.0
1226200,8.0,101.0,21.5,Female,2.0,19338.07,7.0,7.0
2952710,3.0,43.0,57.0,Unknown,2.0,15112.32,7.0,7.0
6701877,11.0,136.0,43.5,Male,2.0,66766.01,4.0,4.0
2241146,6.0,74.0,33.0,Male,2.0,29439.66,2.0,2.0
9537297,7.0,87.0,23.5,Unknown,2.0,57101.41,3.0,3.0
6402559,17.0,205.0,71.5,Male,2.0,201893.5,7.0,7.0
2235170,8.0,102.0,57.5,Unknown,2.0,237700.73,7.0,7.0
6566695,15.0,180.0,60.5,Female,2.0,20688.97,4.0,4.0
2923371,18.0,227.0,19.0,Female,3.0,27590.75,5.0,5.0
4777136,12.0,150.0,37.5,Female,2.0,42241.8,3.0,3.0
1899884,15.0,187.0,49.5,Female,2.0,121777.13,3.0,3.0
3897324,12.0,149.0,40.0,Male,2.0,43326.3,7.0,7.0
5253639,6.0,82.0,29.0,Female,2.0,46372.3,1.0,1.0
7087830,12.0,154.0,22.5,Female,2.0,83250.79,3.0,3.0
768702,4.0,49.0,66.0,Unknown,2.0,36797.59,7.0,7.0
8116010,4.0,58.0,50.5,Unknown,3.0,130692.86,6.0,6.0
1901082,12.0,153.0,52.5,Female,2.0,56617.58,2.0,2.0
3794460,15.0,186.0,38.0,Female,2.0,69563.37,7.0,7.0
3475806,4.0,49.0,56.0,Male,2.0,52058.12,7.0,7.0
7048458,6.0,73.0,21.5,Unknown,2.0,26914.84,4.0,4.0
7262561,3.0,44.0,38.0,Male,2.0,66719.34,2.0,2.0
9617290,21.0,259.0,42.0,Unknown,2.0,244978.74,3.0,3.0
3314286,20.0,246.0,39.5,Female,2.0,114660.58,2.0,2.0
3052566,7.0,94.0,50.5,Unknown,2.0,31400.19,2.0,2.0
1669370,11.0,132.0,29.5,Female,2.0,44014.74,2.0,2.0
2797080,6.0,76.0,29.0,Unknown,2.0,15325.679999999997,7.0,7.0
1715352,15.0,188.0,40.0,Female,2.0,87365.33,7.0,7.0
2723403,4.0,59.0,21.5,Unknown,2.0,18240.71,7.0,7.0
1864463,12.0,148.0,32.5,Male,2.0,46658.83,6.0,6.0
4264204,6.0,75.0,43.0,Unknown,3.0,256085.59000000003,7.0,7.0
5813455,12.0,154.0,63.5,Male,2.0,232962.09000000003,2.0,2.0
4064116,13.0,166.0,53.5,Male,2.0,84031.05,5.0,5.0
4261876,6.0,83.0,22.0,Unknown,2.0,20264.1,2.0,2.0
6371773,8.0,107.0,26.0,Male,2.0,14853.14,2.0,2.0
7491373,6.0,72.0,60.5,Male,2.0,349455.16,2.0,2.0
4442228,28.0,337.0,55.5,Female,2.0,304362.68,1.0,1.0
6164406,6.0,75.0,29.5,Unknown,2.0,32782.48,4.0,4.0
7609165,20.0,248.0,38.5,Male,2.0,54404.45,6.0,6.0
8691558,18.0,220.0,41.0,Male,2.0,86705.09,6.0,6.0
9349874,11.0,133.0,28.0,Male,3.0,26470.81,7.0,7.0
2794585,10.0,131.0,80.0,Male,2.0,448570.55,6.0,6.0
7801297,14.0,174.0,40.5,Female,2.0,14514.449999999995,3.0,3.0
5272080,8.0,101.0,26.5,Unknown,2.0,18006.98,1.0,1.0
265982,7.0,84.0,48.5,Unknown,4.0,342935.47,5.0,5.0
8457477,5.0,71.0,51.5,Unknown,2.0,46482.16,4.0,4.0
4740592,14.0,169.0,32.0,Male,2.0,15499.259999999998,5.0,5.0
4115669,12.0,153.0,45.0,Female,2.0,29325.23,3.0,3.0
4700194,6.0,83.0,23.0,Unknown,4.0,93274.7,7.0,7.0
7686656,16.0,197.0,34.0,Female,2.0,23980.22,2.0,2.0
4231797,13.0,159.0,38.5,Male,3.0,41315.0,2.0,2.0
6547817,14.0,175.0,23.5,Male,2.0,33611.47,3.0,3.0
5932344,9.0,118.0,65.0,Female,3.0,102276.47,6.0,6.0
5685165,15.0,186.0,73.0,Unknown,2.0,28509.59,6.0,6.0
8258484,7.0,92.0,18.0,Unknown,2.0,16840.909999999996,1.0,1.0
9043886,26.0,323.0,51.5,Male,2.0,36589.71,1.0,1.0
5291352,7.0,85.0,59.0,Unknown,2.0,324050.34,5.0,5.0
2285621,21.0,252.0,56.5,Male,2.0,18890.66,2.0,2.0
6030627,8.0,97.0,79.0,Unknown,2.0,139974.68,2.0,3.0
6750881,7.0,87.0,53.0,Unknown,2.0,431147.7,6.0,6.0
5040055,12.0,152.0,25.5,Male,4.0,78453.81,7.0,7.0
2737080,15.0,189.0,30.5,Male,2.0,29458.46,1.0,1.0
3176313,15.0,190.0,35.0,Male,2.0,91258.23,3.0,3.0
1676693,13.0,166.0,29.0,Female,2.0,15746.82,2.0,2.0
9469131,12.0,146.0,26.5,Female,2.0,51838.26,7.0,7.0
4141574,18.0,224.0,44.0,Female,2.0,42563.05,1.0,3.0
4316189,4.0,59.0,48.5,Unknown,3.0,54555.9,5.0,5.0
3743611,5.0,65.0,49.5,Unknown,2.0,21877.2,2.0,2.0
1594451,35.0,422.0,60.0,Female,2.0,271058.83,3.0,3.0
4360880,15.0,187.0,72.0,Female,2.0,37888.83,1.0,1.0
1272126,16.0,194.0,64.5,Female,2.0,146770.8,5.0,5.0
8634240,5.0,71.0,22.5,Unknown,2.0,41789.02,7.0,7.0
6844273,13.0,161.0,53.0,Male,2.0,66373.1,4.0,4.0
3540126,7.0,85.0,32.0,Unknown,3.0,53205.25,6.0,6.0
9455136,4.0,58.0,53.5,Unknown,2.0,18465.92,2.0,2.0
71297,11.0,134.0,49.5,Female,2.0,68836.22,3.0,3.0
3195296,32.0,392.0,65.0,Male,2.0,432225.64,3.0,4.0
6200333,12.0,151.0,45.0,Male,2.0,39114.45,1.0,1.0
4265887,6.0,75.0,31.5,Male,3.0,68150.14,5.0,5.0
2256445,15.0,180.0,32.5,Male,2.0,110524.03,2.0,2.0
7495175,22.0,274.0,52.5,Female,3.0,189481.45,7.0,7.0
8187423,20.0,251.0,57.0,Female,2.0,53377.85,3.0,3.0
7306370,10.0,124.0,32.0,Female,2.0,207980.37,2.0,2.0
5764934,5.0,68.0,18.5,Unknown,2.0,19254.09,7.0,7.0
9561804,16.0,192.0,56.0,Female,2.0,92114.8,7.0,7.0
2093258,5.0,71.0,32.5,Unknown,2.0,15196.3,3.0,3.0
1082875,14.0,169.0,51.5,Female,3.0,358759.17,5.0,5.0
1931377,16.0,194.0,45.0,Female,2.0,43314.73,7.0,7.0
4202217,7.0,94.0,29.0,Unknown,2.0,36075.37,1.0,1.0
3558137,4.0,58.0,53.0,Unknown,2.0,21347.31,2.0,2.0
1546772,8.0,98.0,56.0,Unknown,2.0,197276.72,7.0,7.0
3004611,4.0,58.0,61.5,Unknown,2.0,651490.74,7.0,7.0
8244477,10.0,130.0,25.0,Female,2.0,25033.16,1.0,1.0
3651821,8.0,98.0,25.5,Unknown,3.0,24316.6,3.0,3.0
7598995,6.0,73.0,26.0,Unknown,2.0,48349.79,7.0,7.0
8223974,24.0,292.0,71.5,Male,3.0,238902.97,5.0,5.0
2979092,22.0,269.0,58.0,Male,2.0,51509.31,4.0,4.0
3000891,21.0,262.0,56.5,Female,2.0,15504.539999999995,2.0,2.0
2568005,29.0,350.0,71.0,Male,2.0,124899.18,4.0,4.0
279540,15.0,180.0,44.0,Female,2.0,47267.61,6.0,6.0
9450099,12.0,147.0,54.5,Unknown,2.0,86619.52,3.0,3.0
1131595,26.0,319.0,23.0,Male,2.0,26290.29,2.0,2.0
5014566,6.0,82.0,60.0,Male,2.0,55438.06,2.0,2.0
584333,26.0,323.0,71.5,Female,3.0,265480.86,2.0,4.0
9020602,14.0,177.0,61.5,Male,2.0,554944.03,1.0,1.0
3240477,5.0,70.0,41.5,Unknown,2.0,28344.17,3.0,3.0
9345232,10.0,130.0,19.0,Male,2.0,29363.45,1.0,1.0
3635854,4.0,55.0,57.5,Unknown,2.0,453926.09,5.0,5.0
197886,14.0,177.0,35.0,Male,2.0,35038.02,7.0,7.0
2673060,7.0,86.0,60.0,Unknown,2.0,321538.49,7.0,7.0
5650848,4.0,57.0,64.0,Male,2.0,516468.93000000005,6.0,6.0
6257440,10.0,131.0,52.0,Male,2.0,45084.2,2.0,2.0
3366507,13.0,156.0,41.5,Male,2.0,60046.69,6.0,6.0
2559440,22.0,274.0,32.5,Female,4.0,285104.36,1.0,1.0
6556971,20.0,242.0,36.0,Male,2.0,132738.97,4.0,4.0
5872980,17.0,211.0,19.0,Male,3.0,120624.12,7.0,7.0
1814239,4.0,56.0,32.0,Unknown,2.0,100691.41,5.0,5.0
519044,26.0,321.0,47.5,Male,3.0,967027.16,7.0,7.0
1785345,11.0,140.0,64.5,Male,2.0,238859.97,3.0,3.0
5471365,14.0,179.0,69.0,Female,2.0,129139.22,3.0,3.0
3221854,14.0,178.0,56.5,Female,2.0,17634.449999999997,5.0,5.0
4901884,11.0,142.0,42.5,Female,3.0,29116.28,2.0,2.0
8430865,4.0,59.0,32.5,Unknown,4.0,34474.3,3.0,3.0
3355468,32.0,395.0,60.5,Female,2.0,35966.71,1.0,1.0
1489482,15.0,189.0,50.5,Female,2.0,17609.079999999998,2.0,2.0
3219251,3.0,37.0,60.5,Male,2.0,228765.28,2.0,2.0
8342063,5.0,65.0,47.5,Female,2.0,172971.33000000002,3.0,3.0
6244952,8.0,106.0,45.5,Male,2.0,154608.57,5.0,5.0
6951772,6.0,80.0,25.5,Unknown,2.0,25013.71,5.0,5.0
7352937,10.0,120.0,29.0,Female,2.0,24751.63,2.0,2.0
2712258,12.0,152.0,34.5,Male,3.0,1963482.85,7.0,7.0
5556904,6.0,81.0,54.0,Unknown,2.0,354160.95,7.0,7.0
3300337,14.0,168.0,30.0,Male,3.0,82153.06999999999,4.0,4.0
2955686,5.0,60.0,34.0,Unknown,2.0,36387.97,7.0,7.0
2727920,14.0,171.0,54.0,Male,3.0,160315.15000000002,5.0,5.0
1064303,11.0,142.0,37.5,Male,4.0,398245.48,6.0,6.0
4391150,4.0,56.0,64.5,Unknown,2.0,20585.27,2.0,2.0
7696745,21.0,257.0,51.5,Male,4.0,395142.63,5.0,5.0
4136411,10.0,123.0,34.0,Unknown,3.0,20424.52,7.0,7.0
741067,5.0,66.0,54.5,Female,3.0,542883.4400000001,7.0,7.0
418617,19.0,239.0,42.5,Male,2.0,389930.29,4.0,4.0
6365695,8.0,100.0,26.5,Unknown,3.0,206882.75,7.0,7.0
1723369,28.0,337.0,51.5,Male,3.0,178747.94,4.0,4.0
8330432,5.0,66.0,29.0,Unknown,2.0,25042.3,7.0,7.0
2419342,6.0,78.0,38.0,Unknown,3.0,79866.14,7.0,7.0
9119250,7.0,85.0,66.0,Unknown,2.0,201873.06,6.0,6.0
671684,11.0,138.0,60.5,Female,3.0,636971.36,3.0,3.0
8647505,7.0,94.0,51.0,Unknown,2.0,40202.45,1.0,1.0
3555738,6.0,73.0,52.0,Female,2.0,156163.36,7.0,7.0
281893,6.0,79.0,27.0,Unknown,3.0,64160.06,2.0,2.0
9884954,9.0,112.0,62.5,Female,2.0,50527.13,7.0,7.0
6478827,16.0,192.0,82.0,Female,2.0,121661.74,3.0,3.0
6030624,11.0,135.0,41.5,Male,3.0,182855.82,6.0,6.0
8980884,23.0,287.0,52.0,Female,3.0,84005.04,1.0,1.0
2802870,20.0,251.0,52.0,Female,5.0,3025140.17,4.0,5.0
8883836,20.0,244.0,61.5,Male,3.0,2878107.99,7.0,7.0
3167833,28.0,345.0,50.0,Male,2.0,71913.58,1.0,1.0
4743621,13.0,159.0,21.0,Male,2.0,147337.19,7.0,7.0
5355124,14.0,178.0,64.0,Female,2.0,119587.85,6.0,6.0
7608339,15.0,188.0,41.5,Female,2.0,58543.97,1.0,1.0
8077266,7.0,86.0,43.5,Unknown,2.0,27593.9,6.0,6.0
9139093,15.0,190.0,37.0,Male,2.0,55857.66,2.0,2.0
7582568,6.0,72.0,28.5,Unknown,2.0,40669.94,7.0,7.0
2282913,18.0,222.0,65.0,Female,2.0,64062.29000000001,5.0,5.0
2182239,5.0,65.0,23.5,Unknown,3.0,129591.91,7.0,7.0
7285264,4.0,50.0,25.0,Unknown,2.0,33518.03999999999,2.0,2.0
5376633,10.0,123.0,57.5,Female,2.0,439031.8,6.0,6.0
4308898,7.0,90.0,68.5,Male,2.0,247243.79,5.0,5.0
8249353,6.0,82.0,52.0,Unknown,2.0,46444.65,5.0,5.0
5858752,8.0,105.0,29.5,Male,3.0,133109.15,7.0,7.0
1616575,20.0,246.0,56.5,Male,2.0,175951.99,2.0,2.0
1218966,22.0,264.0,68.0,Female,4.0,604866.64,4.0,4.0
2509951,18.0,227.0,30.5,Female,3.0,127439.87,2.0,2.0
7483558,17.0,214.0,44.5,Female,3.0,271566.81,7.0,7.0
7872308,6.0,74.0,53.5,Unknown,2.0,32759.32,3.0,3.0
593153,26.0,322.0,35.5,Female,2.0,180628.66,7.0,7.0
7628414,5.0,60.0,22.5,Unknown,3.0,93304.66,4.0,4.0
8287374,34.0,412.0,51.5,Female,2.0,78884.83,1.0,1.0
6284599,15.0,191.0,33.0,Male,2.0,111361.04,7.0,7.0
8018182,5.0,69.0,81.0,Unknown,2.0,138631.96,3.0,3.0
9675591,5.0,60.0,25.5,Unknown,3.0,111596.72,7.0,7.0
2595280,9.0,108.0,31.5,Male,2.0,92918.24,4.0,4.0
5268191,12.0,154.0,23.5,Male,3.0,32137.86,7.0,7.0
2786248,6.0,72.0,23.0,Unknown,2.0,44311.66,6.0,6.0
9219912,4.0,58.0,30.0,Male,2.0,32983.66,2.0,2.0
886750,15.0,190.0,60.0,Female,2.0,130828.95,7.0,7.0
2928591,6.0,82.0,20.0,Unknown,4.0,108088.28,7.0,7.0
6727928,4.0,58.0,37.0,Female,3.0,209073.06,1.0,1.0
6754925,15.0,189.0,71.0,Female,2.0,88429.62,6.0,7.0
7061246,7.0,95.0,42.5,Unknown,3.0,54167.31,6.0,6.0
9792030,6.0,74.0,56.0,Unknown,2.0,82723.98,7.0,7.0
2835289,15.0,186.0,32.5,Female,2.0,90594.39,7.0,7.0
125117,13.0,167.0,31.0,Female,2.0,19301.18,7.0,7.0
3986993,6.0,79.0,40.0,Unknown,2.0,252577.53,3.0,3.0
4791734,23.0,276.0,54.5,Female,2.0,374004.25,4.0,4.0
9716599,21.0,261.0,53.0,Male,2.0,695374.06,4.0,5.0
7444895,21.0,258.0,70.0,Male,3.0,466693.67,7.0,7.0
8613287,19.0,236.0,55.5,Male,2.0,63510.42999999999,1.0,1.0
8039671,17.0,215.0,69.0,Female,3.0,352969.06,7.0,7.0
8184304,7.0,93.0,43.0,Unknown,2.0,163693.09999999998,7.0,7.0
9368762,6.0,72.0,36.5,Unknown,2.0,73934.57,7.0,7.0
6098910,14.0,179.0,44.5,Female,2.0,109438.15,7.0,7.0
1016820,13.0,165.0,27.5,Female,2.0,16080.3,3.0,3.0
9809716,12.0,145.0,25.5,Male,2.0,41398.98,1.0,1.0
337606,4.0,59.0,28.5,Unknown,2.0,33657.8,2.0,2.0
58975,5.0,67.0,61.0,Unknown,2.0,28820.4,3.0,3.0
1321529,5.0,68.0,21.5,Unknown,2.0,38766.92,7.0,7.0
8237960,5.0,70.0,41.0,Unknown,2.0,47129.14,3.0,3.0
938361,7.0,88.0,27.0,Unknown,2.0,18800.33,7.0,7.0
2002487,8.0,96.0,51.0,Unknown,2.0,21377.21,1.0,1.0
2508322,15.0,189.0,29.0,Male,2.0,24461.81,5.0,5.0
5823976,7.0,89.0,23.5,Unknown,2.0,17352.199999999997,7.0,7.0
9524853,6.0,73.0,56.5,Unknown,2.0,29098.66,4.0,4.0
849199,13.0,157.0,31.5,Female,2.0,20395.11,4.0,4.0
9719130,8.0,103.0,35.5,Male,3.0,215665.55,6.0,6.0
2899179,7.0,85.0,51.0,Unknown,2.0,16362.35,2.0,2.0
1375864,24.0,297.0,46.5,Female,3.0,153137.71999999997,7.0,7.0
2037128,18.0,227.0,42.5,Male,3.0,55760.9,5.0,5.0
5591928,18.0,216.0,53.5,Male,2.0,127582.02000000002,6.0,6.0
444305,5.0,67.0,37.0,Unknown,3.0,150886.14,7.0,7.0
8295888,6.0,81.0,48.0,Unknown,3.0,89987.63,7.0,7.0
3737899,7.0,91.0,27.5,Unknown,2.0,52163.5,7.0,7.0
8185696,7.0,86.0,28.5,Unknown,2.0,58859.91,7.0,7.0
2541654,6.0,81.0,22.5,Unknown,2.0,36182.01,3.0,3.0
8411756,11.0,132.0,24.5,Male,2.0,33453.61,7.0,7.0
9525028,7.0,84.0,25.0,Unknown,3.0,87768.45,4.0,4.0
1862229,11.0,135.0,58.0,Male,3.0,111698.49,7.0,7.0
9085803,5.0,70.0,22.0,Unknown,2.0,27589.71,5.0,5.0
438045,10.0,125.0,59.5,Male,2.0,112690.85,4.0,4.0
8841640,15.0,181.0,51.0,Female,2.0,30278.52,2.0,2.0
297453,9.0,112.0,34.5,Unknown,3.0,168746.63,3.0,3.0
3693395,20.0,249.0,48.0,Female,2.0,17826.55,2.0,2.0
6389915,19.0,228.0,40.0,Female,2.0,66058.29000000001,3.0,3.0
7731734,16.0,203.0,53.0,Female,4.0,244891.23,4.0,4.0
4911605,8.0,98.0,56.0,Unknown,2.0,144210.62,7.0,7.0
4281592,6.0,79.0,42.0,Unknown,2.0,49788.67,1.0,1.0
2534636,6.0,74.0,57.0,Female,3.0,203668.15,6.0,6.0
2657532,14.0,178.0,52.5,Female,2.0,23436.2,1.0,1.0
7347350,4.0,52.0,37.0,Unknown,2.0,121838.99,7.0,7.0
7702846,13.0,160.0,28.5,Male,2.0,54704.58,6.0,6.0
5114092,10.0,126.0,65.0,Female,2.0,217065.9,7.0,7.0
6423042,6.0,81.0,23.0,Unknown,2.0,22379.81,2.0,2.0
1282357,2.0,33.0,60.5,Unknown,2.0,100678.14,1.0,1.0
8699794,6.0,73.0,38.0,Male,2.0,79419.31999999999,1.0,1.0
3636984,6.0,72.0,69.5,Male,3.0,270656.51,6.0,6.0
3245425,8.0,106.0,52.5,Male,2.0,22697.86,5.0,5.0
170249,5.0,66.0,27.5,Unknown,2.0,23313.86,1.0,1.0
8473179,5.0,65.0,60.0,Unknown,2.0,557516.0700000001,7.0,7.0
1182521,5.0,68.0,25.0,Unknown,3.0,61216.23,7.0,7.0
2354274,9.0,119.0,62.5,Male,2.0,457256.99,7.0,7.0
5938135,25.0,300.0,51.0,Male,3.0,28505.56,7.0,7.0
8168616,22.0,275.0,57.0,Female,2.0,69789.75,1.0,1.0
8872423,21.0,253.0,34.5,Male,3.0,171285.71999999997,4.0,4.0
4278286,30.0,364.0,80.5,Female,2.0,66398.39,5.0,5.0
1173315,12.0,149.0,26.5,Female,2.0,40436.13,1.0,1.0
8912243,15.0,186.0,28.5,Female,3.0,128801.2,7.0,7.0
4649506,14.0,170.0,49.0,Female,2.0,128098.36,1.0,1.0
9106858,6.0,72.0,56.5,Unknown,2.0,82371.39,7.0,7.0
2136550,26.0,321.0,47.0,Female,2.0,17794.659999999996,7.0,7.0
1243922,8.0,104.0,56.0,Male,2.0,1936207.75,5.0,6.0
8035210,5.0,60.0,24.5,Unknown,2.0,27775.88,4.0,4.0
4232506,4.0,59.0,25.0,Unknown,2.0,35848.03,1.0,1.0
9707913,4.0,57.0,19.5,Unknown,2.0,16051.269999999997,1.0,1.0
2108701,36.0,442.0,66.5,Male,2.0,776302.13,3.0,3.0
4153899,6.0,81.0,40.0,Unknown,2.0,34205.119999999995,7.0,7.0
8723542,6.0,77.0,26.5,Unknown,3.0,82901.31,6.0,6.0
3282992,6.0,81.0,51.0,Unknown,2.0,51678.6,1.0,1.0
1894095,13.0,157.0,64.0,Female,2.0,26845.24,1.0,1.0
922912,13.0,161.0,38.5,Male,2.0,19467.63,2.0,2.0
2379665,22.0,266.0,68.5,Male,3.0,79254.15,5.0,5.0
1862603,21.0,253.0,61.0,Male,2.0,390495.95,3.0,3.0
3621165,19.0,229.0,47.5,Female,2.0,26908.89,3.0,3.0
9183485,15.0,189.0,54.0,Male,2.0,29348.35,3.0,3.0
6747668,13.0,157.0,28.5,Female,2.0,15457.48,7.0,7.0
9197472,15.0,182.0,46.5,Female,3.0,199407.31,6.0,6.0
9166863,26.0,316.0,49.5,Male,4.0,835217.2200000001,3.0,3.0
9254035,4.0,58.0,54.5,Unknown,3.0,34180.21,2.0,2.0
9257850,4.0,59.0,33.0,Unknown,2.0,39634.08,2.0,2.0
130426,16.0,194.0,48.5,Female,2.0,351696.55,3.0,3.0
4837158,6.0,80.0,53.5,Unknown,2.0,183026.25,6.0,6.0
3915490,14.0,178.0,76.5,Male,2.0,26912.28,5.0,5.0
677054,5.0,67.0,20.5,Unknown,2.0,44505.25,2.0,2.0
4382965,12.0,145.0,49.0,Male,3.0,141559.53,4.0,4.0
7661257,14.0,178.0,30.0,Female,2.0,80055.39,7.0,7.0
5460104,4.0,58.0,29.0,Unknown,2.0,15357.969999999998,1.0,1.0
8111347,16.0,203.0,40.5,Female,2.0,78898.23999999999,1.0,1.0
7556856,4.0,58.0,26.5,Unknown,3.0,33245.92,7.0,7.0
4743137,4.0,59.0,21.0,Unknown,2.0,21204.66,2.0,2.0
2390476,21.0,256.0,22.0,Female,2.0,48150.69,5.0,5.0
5608333,16.0,199.0,61.0,Female,3.0,110374.82,3.0,3.0
1305737,17.0,214.0,66.0,Male,4.0,369996.88,7.0,7.0
377566,6.0,76.0,23.0,Unknown,2.0,18051.37,4.0,4.0
2025666,4.0,59.0,49.5,Unknown,2.0,19229.07,3.0,3.0
4710799,17.0,204.0,36.5,Male,2.0,123829.13,7.0,7.0
80969,13.0,163.0,73.0,Female,2.0,190549.13,2.0,2.0
5340874,11.0,142.0,58.5,Male,2.0,80315.69,1.0,1.0
6868344,14.0,170.0,38.0,Female,4.0,466650.04,3.0,4.0
3765037,5.0,61.0,40.5,Unknown,2.0,154181.03999999998,7.0,7.0
8445032,12.0,154.0,46.0,Female,4.0,168775.75,6.0,6.0
3626189,14.0,171.0,33.5,Female,2.0,64872.67,7.0,7.0
3481350,6.0,82.0,56.0,Unknown,2.0,30343.06,1.0,1.0
339708,6.0,77.0,29.5,Male,2.0,32342.509999999995,4.0,4.0
454551,5.0,68.0,63.5,Unknown,3.0,139594.83000000002,3.0,3.0
8735762,5.0,67.0,35.0,Female,2.0,18589.75,1.0,1.0
3818179,6.0,81.0,67.0,Unknown,3.0,296202.93,7.0,7.0
5795674,7.0,84.0,31.5,Unknown,2.0,40098.24,3.0,3.0
4608577,4.0,58.0,44.5,Unknown,3.0,39974.25,2.0,2.0
7498520,17.0,214.0,52.0,Female,2.0,62184.4,2.0,2.0
4288997,6.0,72.0,47.5,Unknown,2.0,33672.71,1.0,1.0
4057938,7.0,95.0,47.5,Female,2.0,37348.65,1.0,1.0
7552166,12.0,146.0,30.5,Female,4.0,145733.22999999998,7.0,7.0
7704883,6.0,75.0,48.5,Female,3.0,17770.079999999998,2.0,2.0
1026763,13.0,158.0,49.0,Female,2.0,97997.61,4.0,4.0
1612188,15.0,180.0,31.5,Female,2.0,67933.89,2.0,2.0
9487175,4.0,57.0,19.0,Female,2.0,17246.699999999997,2.0,2.0
4535378,8.0,104.0,38.5,Male,2.0,15956.949999999995,3.0,3.0
9328827,9.0,116.0,62.5,Male,2.0,347183.8,3.0,4.0
360978,12.0,146.0,35.0,Male,2.0,49319.96,6.0,6.0
705997,9.0,119.0,41.5,Female,2.0,20095.28,2.0,2.0
550161,10.0,125.0,41.5,Female,2.0,23154.81,1.0,1.0
1794766,11.0,141.0,33.0,Male,3.0,31563.369999999995,5.0,5.0
8243679,5.0,64.0,36.5,Unknown,2.0,14770.21,2.0,2.0
9998430,8.0,105.0,69.0,Female,2.0,40227.5,2.0,2.0
2596535,21.0,253.0,42.5,Male,2.0,211472.52,6.0,6.0
8169750,14.0,169.0,35.5,Female,3.0,66369.82,7.0,7.0
3844149,5.0,68.0,18.5,Unknown,2.0,15186.96,1.0,1.0
6647711,7.0,84.0,19.0,Unknown,3.0,31575.300000000003,3.0,3.0
6244953,11.0,134.0,51.5,Female,2.0,51037.07,2.0,3.0
4672847,6.0,82.0,53.5,Unknown,2.0,61842.73999999999,5.0,5.0
9311288,5.0,64.0,63.0,Unknown,2.0,101891.14,6.0,6.0
9034647,15.0,183.0,58.5,Female,2.0,16023.789999999995,1.0,1.0
5629632,11.0,139.0,26.0,Male,3.0,253235.24,5.0,5.0
414134,21.0,259.0,27.0,Female,2.0,26388.43,2.0,2.0
2259808,19.0,236.0,40.0,Female,2.0,61571.70999999999,1.0,1.0
3118863,12.0,144.0,72.0,Male,2.0,48224.67,6.0,6.0
7008827,13.0,164.0,43.0,Male,2.0,33911.72,3.0,3.0
4295264,6.0,73.0,22.5,Unknown,2.0,41937.13,7.0,7.0
4594508,25.0,310.0,64.5,Male,2.0,13816.919999999998,1.0,1.0
6907280,34.0,418.0,66.0,Male,3.0,503973.75,1.0,1.0
8510545,6.0,82.0,39.0,Unknown,2.0,46633.38,5.0,5.0
929016,5.0,70.0,23.0,Unknown,2.0,32618.31,4.0,4.0
2308070,15.0,181.0,55.5,Female,2.0,231098.98,4.0,4.0
8856393,14.0,177.0,32.0,Female,2.0,15422.89,1.0,1.0
6169315,9.0,115.0,29.5,Male,2.0,26698.35,1.0,1.0
9395971,5.0,70.0,23.5,Unknown,2.0,53292.66,6.0,6.0
2274043,11.0,138.0,53.0,Male,2.0,430869.94,7.0,7.0
4040645,10.0,124.0,35.5,Male,2.0,31601.54,3.0,3.0
783664,7.0,85.0,47.5,Unknown,2.0,117618.03,4.0,4.0
8812798,5.0,65.0,49.5,Unknown,2.0,284338.7,3.0,3.0
2134084,6.0,83.0,45.5,Unknown,2.0,308566.65,3.0,3.0
9544266,23.0,284.0,39.5,Female,3.0,128876.34999999998,3.0,3.0
8506883,22.0,275.0,50.0,Male,2.0,128197.16,4.0,4.0
6058267,20.0,246.0,54.5,Female,2.0,23898.009999999995,1.0,1.0
3982441,17.0,204.0,67.5,Female,3.0,840946.55,6.0,6.0
8185117,10.0,129.0,59.0,Female,2.0,74556.70999999999,5.0,5.0
9301235,7.0,90.0,56.0,Unknown,2.0,71545.53,5.0,5.0
8047804,4.0,58.0,46.5,Unknown,2.0,15680.53,2.0,2.0
8955845,4.0,59.0,68.5,Unknown,2.0,263960.91,4.0,4.0
1873201,10.0,121.0,66.0,Female,2.0,46772.35,1.0,1.0
4027817,15.0,182.0,49.5,Female,2.0,222185.45,7.0,7.0
1141614,5.0,70.0,24.0,Unknown,2.0,29169.259999999995,1.0,1.0
3588661,15.0,187.0,72.5,Unknown,2.0,17248.42,3.0,3.0
3749338,11.0,142.0,61.5,Female,2.0,210088.35,7.0,7.0
1077749,6.0,80.0,19.5,Unknown,2.0,15566.1,1.0,1.0
6862578,5.0,61.0,54.5,Unknown,2.0,72501.20999999999,5.0,5.0
7702231,9.0,113.0,35.5,Male,2.0,92189.75,3.0,3.0
2412570,11.0,142.0,31.5,Male,2.0,102551.33,7.0,7.0
6084796,23.0,280.0,19.0,Female,2.0,25442.16,3.0,3.0
3995731,22.0,269.0,48.0,Male,3.0,161226.09000000003,6.0,6.0
2320940,20.0,246.0,50.0,Male,2.0,34295.09,5.0,5.0
1503387,14.0,168.0,42.5,Unknown,2.0,26132.07,2.0,2.0
9228456,17.0,204.0,60.0,Female,2.0,42586.57,6.0,6.0
803289,6.0,82.0,21.5,Unknown,4.0,110933.57,7.0,7.0
3718666,9.0,116.0,45.5,Female,2.0,83556.52,1.0,1.0
7394142,7.0,84.0,51.0,Unknown,3.0,141775.03,5.0,5.0
6587554,6.0,80.0,35.5,Unknown,2.0,27136.45,1.0,1.0
8512207,7.0,95.0,62.5,Unknown,2.0,26581.56,7.0,7.0
6550993,7.0,95.0,39.0,Unknown,2.0,22527.22,2.0,2.0
4977436,12.0,155.0,32.0,Female,2.0,62349.79000000001,7.0,7.0
5321875,6.0,82.0,38.5,Unknown,2.0,20907.67,3.0,3.0
7816847,14.0,178.0,33.5,Unknown,2.0,25863.99,1.0,1.0
8740574,5.0,70.0,62.0,Female,3.0,248181.7,3.0,3.0
440751,9.0,115.0,27.0,Female,2.0,34190.94,6.0,6.0
5775110,10.0,129.0,57.0,Male,2.0,161089.2,2.0,2.0
7862563,5.0,63.0,24.5,Unknown,2.0,40430.09,4.0,4.0
157923,26.0,320.0,29.0,Female,2.0,39490.17999999999,2.0,2.0
6559216,14.0,173.0,49.5,Female,2.0,32886.47,7.0,7.0
3020330,21.0,262.0,17.5,Male,2.0,20500.43,3.0,3.0
7990778,21.0,257.0,53.0,Female,2.0,95080.48,6.0,6.0
7148595,20.0,250.0,15.0,Male,3.0,33874.41,1.0,1.0
2163016,12.0,151.0,54.5,Male,2.0,39039.16,7.0,7.0
2585033,33.0,399.0,72.5,Female,2.0,92316.08,4.0,4.0
2408359,11.0,142.0,58.5,Male,2.0,55947.89,3.0,3.0
7187711,8.0,97.0,34.5,Unknown,3.0,100893.66,5.0,5.0
1684953,5.0,61.0,52.0,Unknown,2.0,25200.09,5.0,5.0
4039491,6.0,82.0,37.5,Female,2.0,87017.03,2.0,2.0
9295843,10.0,130.0,39.0,Male,3.0,171377.31,6.0,6.0
3378288,6.0,83.0,59.0,Unknown,2.0,153606.83000000002,5.0,5.0
7439198,8.0,107.0,25.5,Male,2.0,40520.53999999999,3.0,3.0
5807540,16.0,193.0,43.0,Male,3.0,53895.39,3.0,3.0
8324010,12.0,152.0,36.5,Male,3.0,656733.76,6.0,6.0
7207690,7.0,87.0,54.0,Unknown,2.0,58398.98999999999,6.0,6.0
9989255,13.0,166.0,35.0,Male,2.0,60093.380000000005,5.0,5.0
9962091,15.0,190.0,43.5,Female,2.0,14103.199999999995,6.0,6.0
1674915,10.0,120.0,47.0,Female,2.0,80104.19,7.0,7.0
4117759,4.0,57.0,24.5,Unknown,4.0,456967.11,4.0,4.0
9214297,7.0,95.0,32.0,Male,2.0,16005.82,4.0,4.0
9336992,23.0,278.0,58.5,Male,2.0,1558096.54,7.0,7.0
4668884,6.0,76.0,58.5,Male,2.0,847997.2100000001,7.0,7.0
850909,28.0,344.0,46.5,Female,2.0,113140.04,2.0,2.0
452842,15.0,189.0,37.0,Female,2.0,88118.18,1.0,1.0
6521276,6.0,79.0,48.0,Unknown,2.0,58309.94,2.0,2.0
4212800,17.0,214.0,44.0,Female,2.0,612921.02,4.0,4.0
4824772,5.0,70.0,75.5,Unknown,2.0,28178.49,4.0,4.0
4119066,12.0,150.0,61.5,Female,2.0,25311.5,4.0,4.0
7678618,20.0,247.0,65.5,Female,3.0,273313.54,1.0,1.0
4204284,18.0,216.0,34.0,Female,2.0,20806.1,7.0,7.0
759593,15.0,187.0,31.0,Male,2.0,48247.15,3.0,3.0
6577593,7.0,88.0,32.5,Unknown,2.0,36695.75,7.0,7.0
6493247,5.0,70.0,20.5,Unknown,2.0,52319.54,5.0,5.0
5451001,16.0,195.0,46.5,Female,2.0,38458.47,1.0,1.0
145275,6.0,82.0,32.0,Unknown,2.0,26731.53,7.0,7.0
6149883,14.0,170.0,59.0,Male,2.0,120389.1,5.0,5.0
308307,17.0,204.0,50.0,Female,2.0,56977.98999999999,6.0,6.0
7234717,5.0,62.0,19.0,Male,3.0,65516.78,5.0,5.0
3213755,5.0,70.0,49.5,Female,2.0,61156.70999999999,3.0,4.0
7584277,16.0,195.0,37.0,Male,2.0,27211.81,5.0,5.0
6230183,15.0,182.0,68.5,Female,2.0,857469.25,7.0,7.0
9898638,13.0,160.0,44.0,Female,2.0,24963.09,1.0,1.0
4126428,11.0,143.0,65.0,Female,2.0,26301.33,6.0,6.0
2150494,13.0,156.0,63.0,Female,2.0,137837.32,1.0,1.0
9891126,10.0,129.0,32.0,Female,2.0,17477.28,2.0,2.0
5761946,13.0,166.0,36.5,Male,2.0,198895.87,5.0,5.0
5537730,21.0,253.0,36.5,Male,3.0,128267.03999999998,7.0,7.0
4624696,18.0,226.0,67.5,Unknown,3.0,185944.79,5.0,5.0
7773692,13.0,167.0,59.5,Male,3.0,88472.0,7.0,7.0
4039802,5.0,71.0,51.0,Unknown,2.0,68518.76999999999,5.0,5.0
9600326,9.0,118.0,50.5,Male,2.0,64577.9,4.0,4.0
1633988,9.0,110.0,60.0,Female,2.0,39026.99,5.0,5.0
187217,6.0,81.0,51.5,Unknown,2.0,85365.41,4.0,4.0
5745754,15.0,190.0,32.5,Male,3.0,32346.24,6.0,6.0
8406789,15.0,188.0,51.0,Male,2.0,463412.35,7.0,7.0
3518240,15.0,191.0,33.5,Unknown,2.0,31989.009999999995,7.0,7.0
5560297,11.0,135.0,29.5,Female,2.0,15090.75,2.0,2.0
708378,7.0,94.0,47.5,Unknown,3.0,142545.76,4.0,4.0
8805058,16.0,196.0,39.5,Male,2.0,18408.72,5.0,5.0
8439393,14.0,177.0,46.5,Male,2.0,37507.14,1.0,1.0
1004621,5.0,65.0,24.5,Unknown,2.0,25638.23,7.0,7.0
8360088,9.0,119.0,50.0,Unknown,2.0,49830.27,5.0,5.0
9305323,24.0,288.0,33.0,Female,2.0,23128.869999999995,2.0,2.0
127219,20.0,246.0,30.5,Female,2.0,41804.77,7.0,7.0
8575879,16.0,203.0,47.5,Female,2.0,24740.84,2.0,2.0
9701578,34.0,411.0,29.0,Unknown,2.0,259798.14,7.0,7.0
7266678,8.0,106.0,25.0,Male,2.0,39970.97,1.0,1.0
8820406,16.0,195.0,41.0,Unknown,2.0,15695.57,7.0,7.0
4657865,10.0,121.0,29.5,Male,2.0,40116.01,2.0,2.0
4884217,7.0,94.0,51.5,Unknown,2.0,171629.06,2.0,2.0
1095365,16.0,194.0,59.5,Male,2.0,92921.78,3.0,3.0
1475158,8.0,106.0,45.5,Male,2.0,29371.68,2.0,2.0
8867813,3.0,39.0,30.0,Unknown,2.0,25906.84,7.0,7.0
2736504,5.0,71.0,19.5,Unknown,2.0,16902.26,7.0,7.0
8195509,11.0,133.0,58.0,Male,3.0,93658.58,3.0,3.0
3062251,13.0,166.0,39.0,Male,2.0,27148.08,1.0,1.0
2314660,4.0,56.0,29.0,Unknown,2.0,142192.83000000002,5.0,5.0
3363594,15.0,191.0,55.0,Male,2.0,243681.18,7.0,7.0
2924951,15.0,189.0,50.0,Male,2.0,35689.07,3.0,3.0
8347161,19.0,238.0,41.0,Male,2.0,23558.92,6.0,6.0
7474627,17.0,214.0,67.5,Female,3.0,136863.61,4.0,4.0
2799646,17.0,207.0,43.0,Female,2.0,44530.95,7.0,7.0
2784226,6.0,83.0,43.5,Female,2.0,37336.36,2.0,2.0
4185383,9.0,110.0,32.0,Female,2.0,108632.93,1.0,1.0
7259262,6.0,81.0,21.5,Unknown,2.0,17132.21,1.0,1.0
9207980,18.0,227.0,37.0,Female,3.0,309970.48,7.0,7.0
2166102,15.0,182.0,27.5,Male,6.0,375562.71,7.0,7.0
1485523,20.0,248.0,53.5,Female,2.0,25118.69,1.0,1.0
9512538,8.0,96.0,29.5,Unknown,2.0,69579.43,2.0,2.0
4492435,8.0,107.0,64.5,Female,2.0,104507.39,7.0,7.0
1669096,5.0,65.0,44.5,Unknown,2.0,97553.34,2.0,2.0
8320669,11.0,143.0,47.5,Female,2.0,43049.55,3.0,3.0
5913854,28.0,339.0,57.0,Female,2.0,63555.600000000006,2.0,3.0
18654,19.0,230.0,57.5,Male,2.0,25016.36,2.0,2.0
8535837,12.0,146.0,44.5,Male,2.0,51510.97,5.0,5.0
5706408,6.0,82.0,24.0,Unknown,2.0,27178.89,7.0,7.0
2230585,9.0,115.0,19.5,Male,2.0,39579.38,7.0,7.0
1858756,30.0,368.0,46.5,Male,2.0,55163.99,7.0,7.0
2844693,18.0,216.0,54.0,Male,2.0,60250.81,5.0,5.0
3579348,10.0,122.0,21.5,Female,2.0,55667.29999999999,4.0,4.0
697639,5.0,64.0,20.5,Unknown,2.0,58509.04999999999,2.0,2.0
8283728,7.0,92.0,55.5,Unknown,2.0,72581.01999999999,6.0,6.0
1315847,8.0,96.0,29.0,Unknown,3.0,236995.19,5.0,5.0
9667891,13.0,157.0,34.0,Female,2.0,43226.13,2.0,2.0
5288718,9.0,119.0,50.0,Male,2.0,33485.75,3.0,3.0
6775268,10.0,130.0,60.5,Female,2.0,65202.98999999999,6.0,6.0
8372565,12.0,155.0,31.0,Male,2.0,17485.51,1.0,1.0
5782698,5.0,70.0,64.0,Unknown,2.0,188941.81,7.0,7.0
7891052,10.0,131.0,31.5,Female,2.0,40033.57,4.0,4.0
8894891,11.0,138.0,39.5,Male,3.0,242638.9,5.0,5.0
1381610,8.0,102.0,56.5,Unknown,2.0,109199.69,5.0,5.0
944568,15.0,189.0,32.5,Female,2.0,42487.21,2.0,2.0
809100,12.0,150.0,47.5,Female,2.0,51721.96,2.0,2.0
6654786,8.0,107.0,61.5,Male,2.0,24320.84,5.0,5.0
4999564,7.0,92.0,20.5,Unknown,2.0,26848.43,7.0,7.0
6631310,21.0,262.0,51.0,Male,2.0,26067.23,7.0,7.0
5596279,21.0,253.0,64.0,Male,3.0,65205.69,1.0,1.0
6639761,20.0,250.0,57.5,Female,3.0,15568.259999999998,2.0,2.0
3877774,20.0,242.0,58.5,Female,3.0,558150.11,7.0,7.0
6468506,18.0,219.0,45.5,Male,3.0,32429.69,6.0,6.0
1446947,11.0,140.0,27.5,Male,3.0,227900.36,6.0,6.0
8425322,8.0,105.0,46.5,Male,3.0,267075.3,5.0,5.0
6158900,15.0,181.0,44.5,Male,2.0,92877.22,7.0,7.0
8256492,13.0,157.0,53.0,Female,2.0,48813.53,2.0,2.0
5453058,4.0,56.0,64.5,Unknown,2.0,43857.34,7.0,7.0
4877669,13.0,162.0,41.5,Female,2.0,34696.46,3.0,3.0
5764171,15.0,186.0,17.0,Male,2.0,17831.0,3.0,3.0
980062,9.0,110.0,36.5,Female,2.0,25875.619999999995,1.0,1.0
2840437,7.0,90.0,35.0,Unknown,2.0,87396.59999999999,1.0,1.0
2609701,15.0,180.0,50.5,Female,2.0,32733.32,2.0,2.0
2602125,11.0,142.0,61.5,Female,3.0,840502.3200000001,4.0,4.0
7319522,28.0,345.0,45.0,Female,4.0,893305.3200000001,1.0,1.0
2251478,5.0,70.0,20.0,Unknown,2.0,39956.0,3.0,3.0
2554542,15.0,181.0,39.5,Male,2.0,83829.06999999999,7.0,7.0
7549555,10.0,121.0,67.0,Male,2.0,249410.92,4.0,4.0
3285531,7.0,94.0,57.5,Unknown,2.0,22448.06,1.0,1.0
3970472,22.0,266.0,57.5,Male,3.0,401071.34,7.0,7.0
2951655,21.0,263.0,75.0,Male,2.0,19715.99,2.0,2.0
8419921,21.0,262.0,61.0,Male,3.0,775233.24,3.0,3.0
3139537,4.0,58.0,24.0,Unknown,2.0,17953.26,2.0,2.0
1524481,28.0,336.0,76.5,Male,2.0,23194.9,6.0,6.0
1467038,8.0,96.0,32.0,Unknown,2.0,28490.97,1.0,1.0
7752374,13.0,163.0,24.5,Unknown,2.0,34636.49,7.0,7.0
2387394,6.0,78.0,40.5,Unknown,2.0,36962.67,3.0,3.0
7689483,33.0,406.0,52.5,Male,3.0,452719.23,4.0,4.0
4352854,6.0,82.0,59.5,Unknown,2.0,32582.65,2.0,2.0
6036486,28.0,340.0,58.5,Female,3.0,352314.03,7.0,7.0
4136252,5.0,69.0,40.5,Male,2.0,66287.41,3.0,3.0
9415156,10.0,121.0,30.5,Male,2.0,20440.53,4.0,4.0
3181900,4.0,59.0,55.0,Unknown,2.0,21677.01,1.0,1.0
8184004,6.0,80.0,42.5,Unknown,2.0,754051.0,3.0,3.0
1030659,8.0,96.0,24.5,Unknown,4.0,60251.600000000006,5.0,5.0
6883871,11.0,141.0,39.0,Unknown,2.0,39062.15,1.0,1.0
3932887,13.0,158.0,55.5,Male,2.0,19620.11,1.0,1.0
8204582,6.0,77.0,57.0,Unknown,2.0,65691.5,2.0,3.0
7732215,6.0,78.0,31.0,Unknown,2.0,17851.199999999997,6.0,6.0
5231745,4.0,59.0,41.0,Unknown,2.0,95119.52,1.0,1.0
6723219,12.0,145.0,24.5,Female,2.0,36189.21,3.0,3.0
8437633,15.0,183.0,33.0,Male,2.0,87642.69,1.0,1.0
7664785,32.0,392.0,59.5,Male,4.0,663275.4700000001,7.0,7.0
1332183,6.0,74.0,37.5,Unknown,3.0,189321.69,6.0,6.0
6001832,12.0,151.0,37.0,Male,2.0,32454.9,2.0,2.0
8300617,4.0,58.0,23.5,Unknown,3.0,43505.03,7.0,7.0
1641696,33.0,396.0,77.5,Male,3.0,223880.73,2.0,3.0
968333,13.0,159.0,28.0,Male,2.0,28430.82,1.0,1.0
4049408,12.0,152.0,18.5,Female,2.0,81215.31,7.0,7.0
8232630,6.0,74.0,35.0,Unknown,2.0,74349.66,5.0,5.0
6486374,8.0,96.0,27.0,Unknown,2.0,23692.05,1.0,1.0
3029084,5.0,65.0,20.5,Female,2.0,25748.24,2.0,2.0
3767636,8.0,107.0,49.5,Unknown,2.0,63641.33,3.0,3.0
9870311,4.0,54.0,17.5,Unknown,2.0,16294.23,1.0,1.0
757131,22.0,265.0,63.5,Female,2.0,195995.41,2.0,2.0
700386,20.0,250.0,37.0,Female,3.0,24815.71,3.0,3.0
6732503,23.0,284.0,57.5,Male,2.0,46484.05,7.0,7.0
7798989,15.0,190.0,49.5,Female,2.0,84354.04,1.0,1.0
9929797,13.0,163.0,41.5,Female,2.0,50453.29,2.0,2.0
252247,13.0,160.0,30.5,Male,3.0,80279.06999999999,6.0,6.0
2450503,8.0,105.0,46.5,Female,3.0,60779.31,7.0,7.0
826805,5.0,70.0,32.0,Unknown,2.0,41915.59,2.0,2.0
4058434,6.0,80.0,37.0,Unknown,2.0,31448.48,5.0,5.0
5671579,10.0,130.0,33.0,Female,2.0,52808.35,1.0,1.0
5376141,15.0,190.0,37.0,Female,2.0,155589.15000000002,3.0,3.0
5820806,32.0,394.0,71.5,Female,2.0,41766.17,7.0,7.0
1275223,6.0,80.0,21.0,Unknown,3.0,58231.54999999999,7.0,7.0
3192983,4.0,59.0,51.5,Unknown,3.0,36899.23,1.0,1.0
672480,13.0,166.0,63.5,Male,2.0,107169.74,7.0,7.0
4782251,5.0,71.0,32.0,Unknown,2.0,27579.47,4.0,5.0
5661960,14.0,168.0,53.5,Female,2.0,133335.09999999998,2.0,3.0
1954757,15.0,185.0,72.5,Female,2.0,23596.45,1.0,2.0
8605550,21.0,259.0,52.5,Unknown,3.0,74857.26,7.0,7.0
4156300,20.0,241.0,51.5,Male,3.0,413979.9,5.0,5.0
7964088,13.0,156.0,61.5,Unknown,2.0,282233.52,5.0,5.0
7194340,13.0,161.0,46.0,Female,2.0,34504.82,4.0,4.0
3491892,9.0,118.0,41.5,Male,2.0,62600.67999999999,2.0,2.0
5045577,7.0,87.0,20.0,Unknown,3.0,52786.22,7.0,7.0
6662595,9.0,117.0,51.5,Female,2.0,27160.08,1.0,1.0
7770161,16.0,202.0,43.5,Female,2.0,124970.08000000002,2.0,2.0
754739,15.0,184.0,41.5,Female,2.0,281118.7,1.0,1.0
1994402,6.0,77.0,55.5,Unknown,2.0,1270019.0499999998,7.0,7.0
9702043,5.0,70.0,25.0,Unknown,2.0,88700.86,6.0,6.0
9822314,8.0,107.0,38.5,Unknown,2.0,23698.23,2.0,2.0
5013866,11.0,141.0,52.5,Female,2.0,45215.63,5.0,5.0
6197167,6.0,73.0,63.0,Unknown,2.0,20699.37,5.0,5.0
2659372,4.0,58.0,18.5,Unknown,2.0,18347.77,3.0,3.0
4492591,23.0,286.0,69.0,Female,3.0,88591.52,4.0,4.0
5631890,22.0,265.0,49.0,Male,4.0,336937.31,5.0,5.0
7966940,21.0,253.0,43.5,Male,2.0,41541.67999999999,1.0,1.0
808717,19.0,228.0,69.0,Male,2.0,81076.62,7.0,7.0
2451987,19.0,229.0,51.0,Female,3.0,85147.69,3.0,3.0
6345441,7.0,85.0,58.0,Unknown,2.0,176907.13,7.0,7.0
6299470,6.0,76.0,30.0,Unknown,3.0,66176.47,7.0,7.0
5888704,4.0,59.0,66.0,Unknown,2.0,21958.76,5.0,5.0
4101801,14.0,174.0,64.0,Male,2.0,113619.49,3.0,4.0
9915510,17.0,205.0,38.0,Male,2.0,25219.7,1.0,2.0
3956033,13.0,165.0,57.5,Unknown,2.0,72679.20999999999,3.0,3.0
475865,26.0,313.0,76.5,Female,2.0,419706.21,4.0,4.0
5836024,24.0,292.0,53.5,Male,3.0,272591.02,6.0,6.0
8345507,8.0,97.0,18.5,Unknown,2.0,21003.63,1.0,1.0
7640930,4.0,58.0,61.0,Unknown,2.0,36283.76,2.0,2.0
3049375,5.0,66.0,61.5,Unknown,2.0,725489.89,4.0,4.0
3946714,5.0,65.0,43.0,Unknown,2.0,82464.87,6.0,6.0
6380087,7.0,84.0,61.5,Unknown,2.0,49714.47,3.0,3.0
6324846,11.0,142.0,35.0,Female,3.0,82427.51,4.0,4.0
378235,8.0,99.0,34.0,Unknown,2.0,25124.2,1.0,1.0
7049525,6.0,78.0,30.0,Unknown,2.0,29689.509999999995,7.0,7.0
388152,6.0,81.0,39.5,Unknown,2.0,35226.369999999995,3.0,3.0
1058068,27.0,329.0,66.0,Male,2.0,185693.06,5.0,5.0
2293171,14.0,173.0,30.5,Male,2.0,48386.54,5.0,5.0
3933594,15.0,187.0,44.5,Male,2.0,106785.21,4.0,4.0
560933,15.0,183.0,34.5,Female,2.0,127510.21,3.0,3.0
8971659,14.0,177.0,42.5,Female,3.0,1110750.91,7.0,7.0
6129563,9.0,118.0,51.0,Female,2.0,24133.94,2.0,2.0
3604853,11.0,140.0,62.0,Male,2.0,57064.5,4.0,4.0
2039430,13.0,160.0,35.5,Female,2.0,242893.69,1.0,1.0
879488,12.0,148.0,28.5,Male,5.0,67505.01999999999,6.0,6.0
4589600,21.0,253.0,56.0,Male,2.0,134081.22,7.0,7.0
1518858,15.0,183.0,58.0,Female,2.0,276423.45,2.0,2.0
2695328,4.0,58.0,57.0,Unknown,2.0,20365.87,1.0,1.0
4968066,29.0,358.0,26.0,Unknown,3.0,24833.38,4.0,4.0
8279527,7.0,84.0,46.5,Unknown,3.0,32786.56,3.0,3.0
8811942,17.0,210.0,46.5,Male,3.0,80398.66,2.0,2.0
7159378,4.0,58.0,29.5,Unknown,2.0,33960.34,1.0,1.0
8901674,16.0,197.0,62.0,Female,2.0,31835.65,1.0,1.0
1235673,14.0,170.0,63.5,Male,2.0,23284.58,2.0,2.0
7578871,6.0,73.0,53.0,Male,2.0,246847.07,3.0,3.0
5725420,11.0,142.0,32.5,Female,2.0,127327.75,3.0,3.0
1612706,14.0,169.0,66.0,Female,2.0,25735.61,5.0,5.0
5680131,5.0,60.0,25.5,Unknown,3.0,60569.79999999999,7.0,7.0
257008,15.0,190.0,51.5,Female,2.0,26448.06,5.0,5.0
8248521,25.0,301.0,56.5,Male,2.0,560986.3200000001,5.0,5.0
4513421,24.0,295.0,59.0,Male,2.0,37218.58,4.0,4.0
9630565,11.0,135.0,18.0,Male,3.0,15025.199999999995,2.0,2.0
435520,4.0,59.0,51.0,Unknown,2.0,15522.5,7.0,7.0
1567949,5.0,65.0,20.0,Male,2.0,48426.81,4.0,4.0
2534948,4.0,58.0,23.0,Unknown,3.0,94244.62,7.0,7.0
7740796,6.0,79.0,58.0,Unknown,2.0,28168.369999999995,7.0,7.0
6489702,18.0,220.0,34.0,Female,2.0,28109.259999999995,5.0,5.0
2668865,12.0,144.0,43.5,Male,3.0,67796.43,6.0,7.0
8407029,7.0,93.0,59.0,Unknown,2.0,32110.59,3.0,3.0
6559440,17.0,206.0,47.5,Male,3.0,2994593.84,7.0,7.0
1135532,4.0,56.0,20.5,Unknown,2.0,17333.159999999996,7.0,7.0
220749,5.0,60.0,60.5,Unknown,2.0,17331.469999999998,4.0,4.0
8467232,8.0,104.0,73.5,Female,2.0,91083.79,1.0,1.0
2268180,5.0,70.0,25.5,Unknown,2.0,15170.48,3.0,3.0
6462303,4.0,57.0,29.5,Unknown,2.0,26383.61,2.0,2.0
3002577,9.0,118.0,32.5,Male,2.0,39151.01,6.0,6.0
3445547,10.0,124.0,27.0,Male,2.0,59836.67,1.0,1.0
8758597,7.0,95.0,27.0,Unknown,3.0,44183.71,3.0,3.0
4395299,23.0,286.0,16.0,Female,2.0,111563.77,2.0,2.0
1211523,21.0,263.0,57.5,Male,3.0,171477.52999999997,6.0,6.0
7878233,21.0,260.0,51.0,Female,2.0,50140.85,3.0,3.0
753820,18.0,226.0,70.0,Male,2.0,583679.5900000001,6.0,6.0
2894414,20.0,241.0,51.0,Male,2.0,21441.45,6.0,6.0
3656790,6.0,77.0,59.0,Unknown,2.0,23969.24,4.0,4.0
5294883,13.0,166.0,55.0,Female,2.0,20811.41,1.0,1.0
2942831,14.0,174.0,53.0,Male,2.0,69703.31,4.0,4.0
3554041,10.0,121.0,44.5,Male,2.0,465925.66,4.0,4.0
9209758,7.0,94.0,25.0,Unknown,2.0,58875.23,4.0,4.0
2245521,7.0,94.0,43.0,Female,2.0,26863.34,4.0,5.0
8440396,4.0,58.0,30.5,Unknown,2.0,41475.4,7.0,7.0
9332126,6.0,75.0,37.5,Unknown,2.0,29033.88,2.0,2.0
4845378,6.0,72.0,48.0,Unknown,2.0,47236.4,7.0,7.0
6666821,6.0,82.0,26.5,Female,2.0,35640.61,1.0,1.0
9504840,24.0,288.0,57.0,Male,3.0,441349.45,7.0,7.0
7930613,24.0,288.0,43.0,Male,3.0,148614.21999999997,2.0,2.0
3601046,21.0,257.0,51.0,Male,4.0,311786.37,2.0,2.0
4158882,19.0,238.0,55.0,Female,2.0,422258.2,5.0,5.0
2711261,4.0,58.0,27.5,Unknown,2.0,39244.02,2.0,2.0
504299,10.0,122.0,22.5,Male,2.0,33310.2,5.0,5.0
9730739,12.0,154.0,57.0,Male,2.0,25205.63,3.0,3.0
5813955,10.0,122.0,38.5,Male,2.0,25009.96,7.0,7.0
216131,13.0,156.0,65.0,Male,2.0,320571.41,6.0,7.0
9628161,6.0,77.0,17.0,Unknown,2.0,35310.95,7.0,7.0
8642466,5.0,66.0,22.5,Unknown,2.0,25606.509999999995,3.0,3.0
484755,5.0,71.0,62.0,Unknown,2.0,434189.25,4.0,4.0
5014088,8.0,105.0,44.5,Female,2.0,106571.22,7.0,7.0
8670382,13.0,156.0,48.5,Female,3.0,147933.21000000002,3.0,3.0
6733188,7.0,85.0,27.5,Unknown,3.0,56081.79999999999,4.0,5.0
1762302,28.0,339.0,61.0,Male,2.0,111393.79,7.0,7.0
8998869,32.0,388.0,65.0,Male,3.0,510162.4,7.0,7.0
9263500,4.0,59.0,24.5,Unknown,3.0,38030.89,7.0,7.0
4728283,16.0,201.0,42.0,Female,2.0,148262.21000000002,3.0,3.0
9118887,6.0,83.0,68.0,Unknown,2.0,68611.56,2.0,2.0
168042,10.0,129.0,28.5,Male,2.0,65115.92999999999,2.0,2.0
8619909,5.0,60.0,26.5,Unknown,2.0,49925.59,2.0,2.0
5285770,16.0,194.0,75.0,Male,2.0,108112.53,7.0,7.0
6124740,4.0,58.0,24.0,Unknown,2.0,30960.63,7.0,7.0
4532643,15.0,190.0,42.0,Female,2.0,104475.73,3.0,3.0
4878781,26.0,317.0,62.5,Male,3.0,1126217.45,2.0,2.0
8804764,6.0,74.0,27.5,Unknown,2.0,26886.52,3.0,3.0
7479807,14.0,176.0,57.5,Male,2.0,16240.53,2.0,2.0
958239,10.0,124.0,35.0,Female,2.0,19953.34,5.0,5.0
7782184,22.0,264.0,57.5,Female,2.0,103867.21,7.0,7.0
7786022,21.0,263.0,65.0,Male,3.0,80341.4,7.0,7.0
9284288,21.0,259.0,23.5,Female,2.0,25084.509999999995,1.0,1.0
5473965,22.0,267.0,48.0,Female,2.0,41193.12,4.0,4.0
2812747,17.0,212.0,61.0,Male,2.0,70495.54999999999,7.0,7.0
7225363,6.0,80.0,43.5,Unknown,2.0,47990.8,5.0,5.0
8905470,15.0,191.0,53.0,Male,2.0,341164.14,5.0,5.0
4856148,12.0,145.0,32.0,Female,2.0,74295.23999999999,2.0,2.0
5497712,8.0,98.0,59.5,Female,2.0,119198.28,1.0,1.0
3924921,10.0,126.0,29.0,Female,2.0,57389.22,7.0,7.0
6114834,15.0,183.0,49.0,Male,2.0,65514.09,1.0,1.0
7879124,11.0,140.0,41.5,Male,2.0,42091.35,6.0,6.0
4019770,14.0,179.0,50.0,Male,4.0,315783.95,5.0,5.0
9821590,14.0,168.0,24.5,Male,2.0,49242.84,5.0,5.0
2448200,10.0,128.0,44.0,Female,2.0,20748.29,2.0,2.0
6734033,7.0,88.0,30.5,Unknown,2.0,59765.48999999999,1.0,1.0
202437,6.0,82.0,36.0,Unknown,2.0,72543.2,2.0,2.0
2835632,16.0,192.0,51.5,Female,2.0,50226.15,3.0,3.0
8052309,4.0,58.0,66.5,Unknown,2.0,58190.350000000006,4.0,4.0
5744539,15.0,189.0,63.0,Female,2.0,190037.95,4.0,4.0
1525383,7.0,84.0,62.5,Unknown,2.0,175621.27999999997,2.0,2.0
9608152,7.0,90.0,18.0,Unknown,3.0,43618.34,5.0,5.0
7113436,6.0,73.0,25.0,Unknown,2.0,29841.98,7.0,7.0
4532756,23.0,287.0,51.0,Female,3.0,197166.16,2.0,2.0
1661760,22.0,272.0,47.0,Female,3.0,66748.53,5.0,5.0
3265347,21.0,259.0,24.5,Female,2.0,103967.24,2.0,2.0
5155558,18.0,222.0,58.5,Male,3.0,204191.89,5.0,5.0
632646,4.0,59.0,67.0,Male,3.0,1144383.73,2.0,2.0
3389917,6.0,82.0,26.5,Unknown,2.0,54006.76,3.0,3.0
2632987,34.0,408.0,52.0,Male,2.0,126699.97,2.0,2.0
4901103,9.0,118.0,54.0,Male,2.0,59742.15,7.0,7.0
5841290,6.0,75.0,20.5,Female,2.0,25957.4,6.0,6.0
9621162,5.0,70.0,55.0,Unknown,2.0,46048.26,7.0,7.0
7575043,16.0,195.0,38.0,Male,2.0,14629.089999999997,7.0,7.0
4833464,14.0,174.0,48.5,Male,2.0,322105.23,4.0,4.0
4150276,12.0,146.0,29.5,Male,2.0,27974.17,3.0,3.0
8694784,6.0,78.0,34.5,Unknown,2.0,20045.54,3.0,3.0
4764944,5.0,71.0,66.5,Unknown,2.0,30661.2,4.0,4.0
5263434,13.0,157.0,31.5,Male,3.0,67195.85,6.0,6.0
6633923,16.0,195.0,64.0,Female,2.0,578673.2000000001,6.0,6.0
8045280,12.0,153.0,44.5,Female,2.0,162758.09000000003,2.0,2.0
569923,21.0,261.0,36.0,Female,4.0,552827.7000000001,3.0,3.0
2732380,21.0,253.0,44.0,Female,2.0,345618.63,5.0,5.0
1136945,20.0,247.0,19.5,Male,2.0,31413.18,1.0,1.0
6537880,11.0,143.0,30.0,Male,2.0,42387.97,1.0,1.0
7357354,15.0,189.0,45.0,Male,2.0,46612.37,3.0,3.0
5301908,12.0,147.0,60.0,Unknown,2.0,32327.52,2.0,3.0
9838145,4.0,59.0,18.5,Unknown,2.0,15510.28,2.0,2.0
1257114,6.0,75.0,74.0,Male,2.0,191448.58,4.0,4.0
7087352,16.0,192.0,60.0,Female,2.0,156124.52999999997,7.0,7.0
5368673,12.0,155.0,37.5,Female,2.0,24100.28,4.0,4.0
3727659,15.0,186.0,43.5,Male,2.0,73569.15,7.0,7.0
4451031,13.0,167.0,37.5,Female,2.0,21074.6,7.0,7.0
8749044,7.0,93.0,52.5,Unknown,3.0,76960.38,7.0,7.0
1903081,15.0,191.0,56.5,Female,2.0,50718.95,1.0,1.0
4113394,17.0,204.0,59.0,Male,2.0,55974.36,1.0,1.0
3736161,6.0,72.0,29.5,Male,2.0,33781.6,2.0,3.0
2982221,5.0,66.0,44.0,Male,2.0,113830.37,7.0,7.0
1444583,8.0,107.0,64.0,Male,2.0,197699.12,7.0,7.0
9952923,26.0,322.0,50.0,Male,3.0,130032.39,7.0,7.0
2428945,9.0,115.0,52.5,Female,2.0,13813.03,2.0,2.0
7769680,38.0,457.0,54.5,Male,2.0,196979.11,1.0,1.0
8093668,20.0,245.0,39.0,Female,3.0,321501.51,7.0,7.0
1062123,8.0,100.0,32.5,Unknown,3.0,211607.88,3.0,3.0
4751589,27.0,334.0,49.5,Unknown,2.0,33848.36,2.0,2.0
2309017,5.0,60.0,60.5,Unknown,2.0,15726.829999999998,2.0,2.0
8909337,4.0,59.0,55.0,Male,2.0,39736.7,7.0,7.0
7161551,6.0,73.0,23.5,Male,2.0,41193.37,7.0,7.0
311062,16.0,195.0,53.0,Male,3.0,1505244.69,4.0,4.0
4875576,16.0,192.0,49.5,Female,2.0,68661.87,2.0,2.0
3520955,9.0,114.0,36.5,Female,2.0,50677.12,4.0,4.0
858354,28.0,342.0,52.5,Male,2.0,16383.75,1.0,1.0
4176672,4.0,58.0,56.0,Unknown,2.0,34438.95,4.0,4.0
7867972,5.0,64.0,32.0,Unknown,2.0,15189.5,7.0,7.0
1985122,6.0,82.0,62.0,Unknown,2.0,208460.83,7.0,7.0
5962781,15.0,180.0,55.0,Male,2.0,16889.67,5.0,5.0
1593394,11.0,136.0,30.5,Female,2.0,115519.18,3.0,3.0
4397864,3.0,37.0,41.5,Unknown,2.0,20434.79,2.0,2.0
3241873,6.0,73.0,67.5,Unknown,2.0,146925.15000000002,1.0,1.0
8183466,11.0,133.0,40.0,Male,2.0,448526.28,2.0,2.0
8508660,9.0,118.0,59.5,Female,2.0,20036.87,2.0,2.0
6133304,6.0,83.0,64.0,Unknown,2.0,49205.94,6.0,6.0
1480506,7.0,86.0,37.5,Unknown,4.0,106641.34,7.0,7.0
4776978,17.0,209.0,17.0,Female,3.0,32777.33,6.0,6.0
2393156,24.0,292.0,47.5,Male,3.0,181634.6,7.0,7.0
7966047,24.0,290.0,51.0,Male,3.0,774644.1900000001,7.0,7.0
8248529,21.0,253.0,54.5,Male,3.0,28708.369999999995,4.0,4.0
5160190,19.0,229.0,60.0,Female,2.0,55692.07000000001,7.0,7.0
8904107,18.0,219.0,48.5,Unknown,2.0,35783.19,7.0,7.0
9551708,25.0,306.0,66.5,Male,2.0,16955.449999999997,2.0,2.0
7044969,11.0,143.0,35.0,Female,3.0,30084.759999999995,2.0,2.0
8470580,7.0,90.0,23.5,Unknown,2.0,59292.42999999999,7.0,7.0
9030927,7.0,87.0,37.5,Unknown,2.0,142338.03,3.0,3.0
201292,10.0,121.0,32.0,Unknown,2.0,21179.27,7.0,7.0
8600793,14.0,168.0,30.0,Male,2.0,138884.61,2.0,2.0
1195855,6.0,77.0,48.5,Unknown,3.0,82566.26,5.0,5.0
1381833,6.0,83.0,21.0,Unknown,3.0,61398.48999999999,2.0,2.0
1993969,6.0,74.0,52.5,Unknown,2.0,109107.32,7.0,7.0
2009879,13.0,157.0,40.0,Female,2.0,22909.97,1.0,1.0
143653,14.0,169.0,26.5,Female,2.0,25408.48,4.0,4.0
3464863,5.0,71.0,23.0,Unknown,2.0,21084.0,1.0,1.0
5865541,11.0,140.0,54.5,Female,2.0,307553.83,2.0,2.0
7475908,22.0,275.0,69.0,Male,2.0,31442.83,3.0,3.0
4248510,8.0,102.0,30.0,Unknown,2.0,23071.53,3.0,3.0
8026540,13.0,160.0,25.5,Female,2.0,46362.5,5.0,5.0
4046939,7.0,85.0,72.5,Unknown,2.0,22389.69,2.0,2.0
985285,6.0,73.0,53.0,Male,2.0,751822.55,3.0,3.0
3267495,12.0,144.0,36.0,Female,4.0,174607.34000000003,7.0,7.0
6571659,11.0,135.0,50.0,Female,2.0,294594.1,3.0,3.0
9630203,6.0,75.0,58.0,Male,2.0,251052.79,7.0,7.0
6952843,5.0,69.0,29.5,Female,2.0,85532.04,5.0,5.0
6453865,6.0,74.0,61.0,Male,5.0,81537.02,7.0,7.0
6824842,6.0,83.0,53.0,Female,2.0,241992.01,7.0,7.0
8849612,26.0,316.0,19.0,Female,3.0,41678.82,7.0,7.0
1205112,23.0,285.0,54.0,Male,2.0,40758.08,4.0,4.0
6601971,22.0,275.0,56.0,Male,2.0,154762.66999999998,7.0,7.0
7891683,32.0,391.0,51.0,Unknown,2.0,198775.1,2.0,2.0
3362538,20.0,241.0,57.0,Male,2.0,279081.81,4.0,4.0
1356397,19.0,231.0,45.5,Unknown,4.0,118852.17,3.0,3.0
2414693,9.0,118.0,37.5,Female,2.0,20073.42,2.0,2.0
9493698,12.0,151.0,43.5,Female,2.0,66050.6,1.0,2.0
5617365,12.0,145.0,21.0,Female,3.0,58602.45,5.0,5.0
4914281,10.0,121.0,34.0,Male,4.0,140403.16999999998,7.0,7.0
689460,16.0,196.0,75.0,Male,2.0,291676.52,7.0,7.0
4031474,4.0,59.0,28.5,Unknown,2.0,36085.67,3.0,3.0
9966171,7.0,86.0,29.5,Unknown,2.0,24173.67,1.0,1.0
9726211,15.0,189.0,52.0,Male,2.0,28073.16,3.0,3.0
8565711,27.0,326.0,61.5,Female,3.0,131139.96,5.0,5.0
6023074,4.0,59.0,15.0,Unknown,2.0,37182.55,7.0,7.0
9374247,12.0,155.0,75.0,Male,2.0,18439.41,1.0,1.0
3177912,7.0,89.0,54.5,Unknown,2.0,76885.64,4.0,4.0
1479678,7.0,88.0,49.5,Unknown,2.0,42510.19,4.0,4.0
1800066,21.0,252.0,39.5,Female,2.0,189697.75,5.0,5.0
3361413,11.0,133.0,65.5,Female,2.0,61909.17999999999,2.0,3.0
8975696,9.0,117.0,24.0,Female,2.0,57314.95999999999,3.0,3.0
207504,11.0,136.0,31.0,Male,2.0,96677.95,4.0,4.0
1254826,6.0,79.0,55.5,Unknown,2.0,211264.37,7.0,7.0
2583067,4.0,58.0,23.5,Unknown,2.0,41678.28,7.0,7.0
2783640,7.0,95.0,47.5,Female,2.0,15318.899999999998,3.0,3.0
8434411,4.0,57.0,43.5,Female,2.0,136734.93,1.0,1.0
5742928,7.0,89.0,47.5,Unknown,2.0,117632.24,7.0,7.0
5740557,13.0,166.0,50.0,Female,2.0,27953.88,1.0,1.0
253317,16.0,203.0,52.5,Male,2.0,143424.22999999998,5.0,5.0
4984242,5.0,71.0,37.5,Unknown,2.0,253185.45,1.0,1.0
5297468,9.0,118.0,44.5,Male,2.0,54423.22,3.0,3.0
9511123,4.0,57.0,20.5,Unknown,2.0,25106.3,4.0,5.0
772207,15.0,188.0,29.0,Female,2.0,160058.09000000003,5.0,5.0
9476697,20.0,241.0,53.0,Male,2.0,19697.21,3.0,3.0
5649269,34.0,413.0,66.0,Male,2.0,274613.78,1.0,1.0
5904464,6.0,83.0,66.5,Unknown,3.0,34514.42999999999,7.0,7.0
6986715,12.0,154.0,27.5,Male,2.0,59584.73,3.0,3.0
2602884,4.0,58.0,53.5,Unknown,2.0,20406.52,1.0,1.0
6376543,4.0,58.0,27.5,Unknown,2.0,21113.19,2.0,2.0
7601643,14.0,178.0,36.5,Female,2.0,72273.08,4.0,4.0
7242475,6.0,79.0,62.5,Unknown,2.0,135894.08000000002,2.0,2.0
4190265,32.0,389.0,48.5,Female,5.0,652012.06,6.0,6.0
3894188,6.0,76.0,31.5,Female,2.0,35350.41,7.0,7.0
7118618,4.0,58.0,17.0,Unknown,2.0,24572.42,3.0,3.0
1132012,8.0,96.0,60.0,Unknown,2.0,63894.84,6.0,6.0
5612599,7.0,90.0,26.5,Unknown,2.0,34510.66,6.0,6.0
1569944,9.0,109.0,21.5,Female,2.0,30598.24,3.0,3.0
9694289,20.0,249.0,56.5,Male,2.0,88488.16,7.0,7.0
4888965,20.0,243.0,46.5,Female,2.0,51203.13,1.0,1.0
194675,4.0,58.0,14.5,Unknown,2.0,15611.649999999998,2.0,2.0
1806842,5.0,60.0,24.0,Unknown,2.0,30048.68,2.0,2.0
3174791,21.0,253.0,50.5,Male,2.0,14944.3,7.0,7.0
6917775,6.0,76.0,58.0,Male,2.0,305387.21,1.0,2.0
6321603,8.0,106.0,59.0,Female,2.0,97318.11,4.0,4.0
356146,5.0,68.0,61.5,Unknown,2.0,102838.44,5.0,5.0
392307,10.0,121.0,39.0,Unknown,2.0,69294.20999999999,5.0,5.0
8964159,5.0,69.0,21.5,Unknown,2.0,33883.46,2.0,2.0
192865,5.0,68.0,48.0,Male,2.0,37013.65,5.0,5.0
7775828,15.0,191.0,30.5,Female,2.0,22226.56,2.0,2.0
7311046,4.0,56.0,23.5,Unknown,2.0,23411.78,4.0,5.0
1297298,24.0,288.0,58.5,Male,2.0,20999.5,1.0,1.0
2804242,20.0,250.0,62.0,Female,2.0,121490.09,2.0,2.0
8046189,17.0,211.0,44.5,Female,3.0,206173.07,6.0,6.0
3767412,15.0,191.0,64.5,Male,3.0,151595.28999999998,5.0,5.0
5872070,17.0,205.0,47.0,Male,2.0,459433.77,3.0,3.0
3959218,12.0,150.0,28.5,Male,2.0,49828.03,7.0,7.0
7764739,5.0,68.0,56.5,Male,2.0,33969.66,2.0,2.0
9039395,7.0,86.0,34.5,Female,2.0,66287.67,3.0,3.0
7106019,7.0,86.0,55.0,Unknown,2.0,61373.04999999999,2.0,2.0
1654769,11.0,142.0,34.0,Female,3.0,408682.13,2.0,2.0
3711312,15.0,181.0,48.5,Male,2.0,52660.8,4.0,4.0
5776589,16.0,202.0,35.5,Female,2.0,82410.9,1.0,1.0
904363,11.0,142.0,63.0,Male,2.0,135801.52000000002,6.0,6.0
5895357,25.0,310.0,67.5,Female,2.0,452069.9,3.0,3.0
5439673,11.0,143.0,31.5,Female,3.0,25456.22,3.0,4.0
3066393,5.0,71.0,29.5,Unknown,2.0,35534.42,7.0,7.0
9849268,13.0,166.0,55.0,Male,2.0,166453.15999999997,6.0,6.0
3614231,13.0,156.0,28.0,Female,4.0,86407.19,7.0,7.0
807601,4.0,59.0,21.5,Unknown,2.0,22634.23,7.0,7.0
4706747,8.0,97.0,58.5,Unknown,2.0,167075.96999999997,4.0,4.0
7578231,24.0,289.0,64.5,Unknown,2.0,41645.23,6.0,6.0
8180384,20.0,251.0,49.5,Female,4.0,190684.15,1.0,3.0
7373689,21.0,253.0,64.0,Female,4.0,608849.2300000001,5.0,5.0
9517027,7.0,87.0,53.5,Unknown,2.0,68712.39,3.0,3.0
9578398,9.0,112.0,35.0,Female,2.0,29631.07,6.0,6.0
9124539,48.0,586.0,75.0,Male,2.0,106112.07,7.0,7.0
5992231,13.0,167.0,36.0,Female,2.0,18195.16,1.0,1.0
7796358,6.0,82.0,36.5,Male,2.0,147785.40999999997,7.0,7.0
7943882,12.0,147.0,19.5,Male,2.0,32130.45,7.0,7.0
6770648,6.0,72.0,39.5,Female,2.0,19790.57,2.0,2.0
2083919,5.0,68.0,21.5,Unknown,3.0,33496.96,3.0,3.0
8246389,8.0,104.0,52.5,Male,2.0,36523.58,6.0,6.0
2992342,14.0,170.0,51.0,Female,2.0,172509.56,6.0,6.0
4181099,6.0,74.0,23.0,Unknown,2.0,23928.86,1.0,1.0
4880586,7.0,94.0,54.0,Unknown,2.0,41839.47,2.0,2.0
7485930,27.0,329.0,73.0,Male,2.0,93201.76,5.0,5.0
2881143,22.0,264.0,41.5,Male,3.0,228988.76,6.0,6.0
3856269,21.0,256.0,63.0,Female,2.0,360450.53,4.0,4.0
9338164,20.0,250.0,71.5,Male,3.0,933541.18,7.0,7.0
2165588,14.0,168.0,56.5,Female,2.0,564801.93,4.0,4.0
1060176,9.0,118.0,48.5,Female,2.0,24666.02,6.0,6.0
225669,7.0,94.0,38.5,Unknown,2.0,112555.03,5.0,5.0
7310964,5.0,65.0,26.5,Unknown,3.0,157224.0,7.0,7.0
1013520,7.0,95.0,20.5,Unknown,2.0,65132.94,5.0,5.0
8586673,9.0,110.0,26.5,Male,3.0,206904.07,7.0,7.0
384564,10.0,120.0,27.0,Male,2.0,61692.26999999999,7.0,7.0
1017357,7.0,84.0,52.5,Unknown,3.0,178616.13,7.0,7.0
8429501,5.0,64.0,23.0,Unknown,2.0,15710.539999999995,1.0,1.0
8417975,8.0,99.0,34.0,Male,3.0,510877.99,6.0,6.0
5463488,4.0,59.0,20.0,Unknown,2.0,25213.67,7.0,7.0
4267728,5.0,64.0,15.0,Unknown,2.0,15390.39,1.0,1.0
480158,4.0,59.0,43.5,Unknown,2.0,44584.77,1.0,1.0
2167586,5.0,70.0,60.0,Unknown,2.0,45862.03999999999,1.0,1.0
4845644,11.0,141.0,54.5,Male,5.0,416370.78,7.0,7.0
8294044,7.0,94.0,53.5,Unknown,2.0,20074.72,2.0,2.0
5322960,8.0,104.0,47.0,Male,2.0,400583.76,7.0,7.0
4529847,17.0,205.0,39.5,Unknown,2.0,161337.63,2.0,2.0
5570846,8.0,104.0,48.0,Female,2.0,75470.98999999999,6.0,6.0
3060739,17.0,204.0,38.5,Male,3.0,96434.35,2.0,2.0
2893727,7.0,85.0,70.0,Unknown,2.0,307510.89,3.0,3.0
5120992,5.0,68.0,33.0,Female,3.0,135528.0,2.0,2.0
4440040,15.0,186.0,42.0,Female,2.0,71669.48,7.0,7.0
256493,16.0,196.0,55.5,Male,2.0,76887.68,7.0,7.0
3298764,10.0,123.0,51.5,Female,2.0,29899.24,5.0,5.0
52952,5.0,68.0,22.0,Male,3.0,14662.809999999998,2.0,2.0
1860043,6.0,72.0,27.5,Unknown,2.0,38822.15,7.0,7.0
5851577,15.0,182.0,35.5,Female,2.0,52149.7,1.0,1.0
3585889,7.0,90.0,22.5,Unknown,2.0,20840.48,7.0,7.0
8483230,16.0,192.0,44.5,Male,2.0,124744.49,5.0,5.0
8789810,6.0,74.0,60.5,Unknown,2.0,172677.5,7.0,7.0
6185087,30.0,370.0,58.0,Female,2.0,1345163.2999999998,1.0,1.0
7714469,5.0,70.0,27.0,Unknown,2.0,18905.93,2.0,2.0
30360,23.0,281.0,48.0,Female,3.0,136734.96,7.0,7.0
6798997,15.0,182.0,33.5,Male,2.0,48900.83,2.0,2.0
9923152,4.0,59.0,45.5,Unknown,2.0,20502.9,1.0,1.0
3383654,8.0,101.0,73.0,Unknown,3.0,45766.67999999999,2.0,2.0
8324258,4.0,57.0,34.0,Unknown,2.0,33001.07,2.0,2.0
2746710,7.0,93.0,61.0,Unknown,2.0,19851.32,7.0,7.0
2284431,7.0,91.0,39.0,Unknown,2.0,47456.61,1.0,1.0
607786,6.0,79.0,62.5,Unknown,3.0,58238.45999999999,6.0,6.0
194255,14.0,179.0,25.5,Male,2.0,16487.969999999998,7.0,7.0
4553141,4.0,58.0,31.0,Unknown,2.0,20704.24,4.0,4.0
1794358,8.0,103.0,55.0,Unknown,3.0,47738.47,3.0,3.0
2569266,8.0,103.0,32.5,Unknown,5.0,297141.35,4.0,4.0
6389820,13.0,156.0,28.0,Male,2.0,50291.76,3.0,3.0
6557630,9.0,114.0,32.0,Female,2.0,136377.78999999998,1.0,1.0
4444935,26.0,321.0,59.0,Male,2.0,88997.97,6.0,6.0
7779693,14.0,178.0,30.0,Female,2.0,21336.8,1.0,1.0
7773286,10.0,126.0,42.0,Male,2.0,23240.39,1.0,1.0
3832134,6.0,74.0,52.5,Unknown,2.0,27110.99,2.0,2.0
8573279,11.0,139.0,33.5,Female,2.0,90139.93,3.0,3.0
5713701,15.0,190.0,54.0,Female,2.0,56531.100000000006,1.0,1.0
309405,7.0,94.0,51.0,Unknown,2.0,23170.84,6.0,6.0
9449437,7.0,86.0,43.5,Female,2.0,40738.61,3.0,3.0
6508592,12.0,155.0,43.5,Male,2.0,56996.41,2.0,2.0
3562163,28.0,345.0,69.0,Female,2.0,130808.4,2.0,2.0
6966820,15.0,190.0,50.5,Female,2.0,59485.45999999999,3.0,3.0
4891206,25.0,308.0,62.5,Female,2.0,38697.75,1.0,1.0
2623519,20.0,250.0,48.5,Male,3.0,194483.57,2.0,2.0
9844153,20.0,243.0,50.0,Male,3.0,163384.44,7.0,7.0
3018831,18.0,216.0,19.5,Male,2.0,17104.18,4.0,4.0
7338973,5.0,70.0,21.5,Unknown,3.0,75206.48,7.0,7.0
3493086,12.0,155.0,66.0,Female,3.0,263813.07,6.0,7.0
2584576,9.0,118.0,26.5,Unknown,3.0,104275.84,3.0,3.0
689529,6.0,77.0,20.0,Unknown,2.0,18904.89,2.0,2.0
1752611,5.0,69.0,48.0,Unknown,4.0,573867.27,4.0,4.0
3490956,8.0,97.0,37.5,Unknown,2.0,60460.81,3.0,3.0
5801041,13.0,166.0,23.5,Male,3.0,48849.54,3.0,3.0
2112489,5.0,67.0,18.5,Unknown,2.0,38680.7,1.0,1.0
3269829,11.0,134.0,63.5,Female,2.0,149751.21999999997,2.0,2.0
3981052,11.0,139.0,55.0,Male,2.0,44054.69,3.0,3.0
7145458,27.0,325.0,19.0,Female,2.0,28514.14,6.0,6.0
680024,5.0,69.0,53.5,Unknown,2.0,17554.28,3.0,3.0
1064329,9.0,119.0,30.5,Male,2.0,79566.63,6.0,6.0
1995419,10.0,122.0,35.5,Male,2.0,54859.91,3.0,3.0
8491314,22.0,275.0,28.0,Female,2.0,19728.61,2.0,2.0
4420130,21.0,261.0,19.0,Male,2.0,26607.38,4.0,4.0
7079962,20.0,243.0,46.0,Male,2.0,578174.3,7.0,7.0
3555950,6.0,72.0,28.0,Unknown,2.0,17209.96,3.0,3.0
5977296,18.0,219.0,52.0,Female,2.0,41298.26,4.0,4.0
7351236,5.0,65.0,50.5,Female,2.0,218604.51,6.0,6.0
3945079,26.0,323.0,57.0,Male,3.0,290414.95,7.0,7.0
5220251,7.0,93.0,26.0,Unknown,3.0,111817.74,7.0,7.0
6657248,8.0,96.0,58.0,Unknown,3.0,145492.64,5.0,5.0
3069003,7.0,94.0,57.0,Unknown,3.0,143709.0,4.0,4.0
2717638,16.0,192.0,30.0,Male,3.0,29783.05,1.0,1.0
5984987,7.0,85.0,25.5,Unknown,2.0,15504.469999999998,2.0,2.0
9687928,11.0,143.0,34.5,Male,2.0,14550.329999999998,4.0,4.0
7178258,6.0,80.0,41.5,Unknown,2.0,72121.86,4.0,4.0
3569716,7.0,84.0,25.0,Unknown,2.0,36934.42999999999,2.0,2.0
587398,7.0,87.0,71.0,Unknown,2.0,19144.45,2.0,2.0
9963742,9.0,118.0,60.5,Male,2.0,80311.7,1.0,1.0
8788427,10.0,121.0,59.5,Male,2.0,203149.13,3.0,3.0
1558070,13.0,157.0,30.5,Male,3.0,111710.98,6.0,6.0
7524246,16.0,194.0,49.5,Female,2.0,84987.87,3.0,3.0
4167522,15.0,190.0,25.5,Unknown,2.0,29815.61,2.0,3.0
2741687,6.0,75.0,53.5,Male,2.0,197847.1,7.0,7.0
2897527,12.0,144.0,65.5,Female,2.0,24218.78,2.0,2.0
83828,8.0,99.0,49.5,Male,2.0,20083.63,1.0,1.0
2499726,21.0,262.0,58.0,Unknown,2.0,42738.97,7.0,7.0
9855663,21.0,259.0,40.5,Male,4.0,797816.56,7.0,7.0
227818,20.0,241.0,46.0,Male,3.0,200775.57,7.0,7.0
2357562,8.0,100.0,26.0,Female,2.0,29487.69,6.0,6.0
5815555,22.0,264.0,27.5,Female,2.0,85271.84,2.0,2.0
790610,14.0,168.0,42.5,Female,2.0,24995.1,3.0,3.0
1411426,13.0,156.0,41.5,Male,2.0,65266.600000000006,6.0,6.0
1578710,6.0,78.0,37.5,Male,3.0,69823.16,1.0,1.0
6856479,24.0,288.0,63.5,Female,4.0,62662.08,6.0,6.0
9568526,12.0,149.0,67.5,Female,2.0,177209.06,1.0,1.0
2050809,28.0,346.0,61.5,Male,2.0,92016.74,4.0,4.0
5167661,13.0,157.0,48.0,Male,2.0,16550.01,3.0,3.0
518882,6.0,72.0,26.5,Unknown,2.0,30718.43,7.0,7.0
4810478,13.0,159.0,58.5,Male,2.0,49389.08,2.0,2.0
5697087,15.0,191.0,43.0,Male,2.0,37305.32,7.0,7.0
2358362,4.0,57.0,36.0,Unknown,2.0,262276.52,7.0,7.0
7261366,4.0,58.0,23.5,Unknown,2.0,19872.81,2.0,2.0
7625619,12.0,146.0,44.0,Male,2.0,163155.34999999998,5.0,5.0
7759406,5.0,68.0,23.5,Unknown,4.0,173845.06,7.0,7.0
3551685,4.0,58.0,58.0,Unknown,2.0,22238.34,4.0,4.0
2424473,8.0,98.0,33.0,Male,2.0,15655.199999999995,1.0,1.0
4192344,5.0,70.0,54.0,Unknown,2.0,34544.0,3.0,3.0
7466495,12.0,149.0,28.5,Male,2.0,61235.79000000001,7.0,7.0
5041389,3.0,41.0,20.0,Unknown,2.0,52900.56,7.0,7.0
8176084,8.0,97.0,22.0,Female,2.0,18771.95,4.0,4.0
8798790,24.0,298.0,46.5,Female,3.0,111587.47,7.0,7.0
6530938,19.0,239.0,63.5,Male,2.0,299662.44,7.0,7.0
5898388,22.0,274.0,60.5,Male,2.0,46116.69,3.0,3.0
776838,22.0,271.0,62.0,Female,2.0,207742.64,2.0,2.0
8207583,20.0,241.0,40.5,Female,3.0,145605.47999999998,1.0,1.0
4520329,15.0,190.0,63.0,Female,2.0,106209.62,1.0,1.0
3024286,6.0,77.0,43.5,Unknown,4.0,56988.06,7.0,7.0
5138548,15.0,185.0,47.0,Male,3.0,91209.05,6.0,6.0
394371,14.0,176.0,25.5,Male,3.0,129202.16,3.0,3.0
8768579,28.0,347.0,66.0,Male,2.0,303431.66,6.0,6.0
407444,4.0,58.0,15.5,Unknown,2.0,20685.65,2.0,2.0
215630,14.0,178.0,45.5,Male,3.0,89085.0,4.0,4.0
8268160,6.0,82.0,31.5,Unknown,2.0,26714.42,2.0,2.0
5452863,36.0,441.0,38.0,Female,2.0,109577.5,2.0,2.0
4448667,11.0,133.0,59.0,Female,2.0,154398.44,6.0,6.0
2489337,30.0,361.0,58.0,Female,2.0,29999.509999999995,5.0,5.0
856931,18.0,227.0,54.0,Male,3.0,66071.23,7.0,7.0
8537619,15.0,181.0,41.5,Female,2.0,33573.11,1.0,1.0
6285419,5.0,67.0,43.5,Unknown,2.0,38521.15,5.0,5.0
3238666,9.0,119.0,47.0,Female,2.0,19203.79,1.0,1.0
5623860,7.0,84.0,56.0,Unknown,2.0,21709.58,2.0,2.0
6366070,4.0,57.0,14.5,Unknown,2.0,47145.86,2.0,2.0
7632679,7.0,87.0,38.5,Unknown,3.0,129895.33000000002,7.0,7.0
7029975,7.0,95.0,36.5,Unknown,2.0,48514.3,7.0,7.0
8645257,11.0,142.0,27.5,Female,2.0,19076.61,2.0,2.0
6566513,13.0,159.0,28.0,Female,2.0,50921.31,3.0,3.0
7643021,4.0,52.0,57.5,Unknown,2.0,46251.67,3.0,4.0
435707,23.0,287.0,60.5,Female,2.0,164529.58000000002,3.0,3.0
5824897,31.0,372.0,52.5,Female,3.0,523750.01,7.0,7.0
5802987,22.0,275.0,46.0,Female,2.0,127194.05,3.0,3.0
9301914,22.0,268.0,71.0,Female,2.0,117559.73,3.0,3.0
4324155,20.0,248.0,41.5,Female,2.0,218366.16,2.0,2.0
661243,19.0,238.0,37.0,Unknown,3.0,58594.31,5.0,5.0
3163308,19.0,233.0,53.5,Female,2.0,75372.69,3.0,3.0
6706352,6.0,75.0,87.5,Unknown,2.0,295907.68,6.0,6.0
4670273,5.0,71.0,24.0,Unknown,2.0,15081.969999999998,1.0,1.0
5665651,6.0,82.0,38.0,Unknown,2.0,21851.11,2.0,2.0
6944316,16.0,202.0,45.0,Male,3.0,82274.68,7.0,7.0
2215426,3.0,45.0,15.0,Male,2.0,24748.52,3.0,3.0
5879528,15.0,189.0,38.5,Female,3.0,37179.1,4.0,4.0
6442344,9.0,116.0,44.0,Male,2.0,239815.33,2.0,3.0
7655486,2.0,33.0,33.0,Unknown,2.0,25477.0,4.0,4.0
1718363,4.0,59.0,15.0,Male,2.0,20490.08,2.0,2.0
5744010,11.0,140.0,21.5,Female,2.0,19022.02,1.0,1.0
2479968,6.0,79.0,69.0,Female,2.0,57890.67999999999,1.0,1.0
9535942,28.0,347.0,72.0,Female,3.0,539231.3,2.0,2.0
8342140,5.0,71.0,20.5,Unknown,2.0,17088.539999999997,1.0,1.0
1509977,6.0,77.0,65.5,Unknown,2.0,104842.88,6.0,6.0
7224997,6.0,73.0,56.0,Unknown,2.0,43344.56,3.0,3.0
2818447,5.0,67.0,24.0,Unknown,2.0,38079.62,6.0,6.0
849174,25.0,304.0,47.5,Female,3.0,121145.72999999998,1.0,1.0
1896159,23.0,277.0,50.5,Male,3.0,404610.53,6.0,6.0
2976295,22.0,267.0,49.5,Male,3.0,3191837.41,7.0,7.0
1031638,21.0,259.0,62.5,Female,2.0,44656.1,7.0,7.0
3590315,26.0,320.0,56.5,Male,3.0,59506.47,5.0,5.0
3467738,20.0,246.0,48.5,Female,2.0,83222.8,6.0,6.0
2699940,7.0,89.0,50.5,Unknown,2.0,37858.42999999999,2.0,2.0
6655666,16.0,203.0,50.0,Male,2.0,85905.19,2.0,2.0
1273054,9.0,109.0,40.5,Female,2.0,45649.28,1.0,1.0
6230149,7.0,84.0,67.5,Unknown,2.0,58553.17,3.0,3.0
6379220,9.0,118.0,24.0,Female,4.0,274908.8,7.0,7.0
7950639,5.0,70.0,19.5,Female,2.0,16098.98,4.0,4.0
1355330,5.0,65.0,22.0,Unknown,2.0,32186.300000000003,6.0,7.0
3931183,38.0,465.0,68.5,Female,2.0,55857.67999999999,4.0,4.0
2534184,9.0,119.0,41.5,Male,2.0,41380.02,2.0,2.0
3195335,5.0,65.0,28.0,Unknown,2.0,34755.82,3.0,3.0
2101641,6.0,73.0,21.0,Unknown,2.0,40480.1,2.0,2.0
2532243,16.0,193.0,61.5,Female,2.0,77324.48999999999,7.0,7.0
4298028,22.0,274.0,60.5,Female,2.0,142252.65,5.0,5.0
3571161,18.0,216.0,44.5,Unknown,3.0,198574.59000000003,7.0,7.0
3407797,17.0,210.0,76.0,Male,2.0,83202.55,1.0,1.0
9911116,32.0,395.0,34.0,Male,2.0,92904.03,4.0,4.0
6574076,4.0,57.0,28.5,Unknown,3.0,40070.89,7.0,7.0
8305400,8.0,104.0,34.5,Male,2.0,67767.23999999999,4.0,4.0
3406816,8.0,107.0,23.5,Male,2.0,45146.42999999999,1.0,1.0
1556037,12.0,154.0,26.0,Female,2.0,42458.35,3.0,3.0
1584529,6.0,80.0,63.5,Unknown,2.0,30705.25,7.0,7.0
8931645,7.0,85.0,27.5,Unknown,2.0,42109.37,3.0,3.0
2093965,7.0,89.0,26.0,Unknown,3.0,40337.63,4.0,4.0
5668693,6.0,82.0,37.0,Unknown,3.0,104725.8,4.0,4.0
6129444,11.0,141.0,43.0,Female,2.0,146679.0,2.0,2.0
4287360,12.0,152.0,70.0,Female,2.0,28565.44,5.0,5.0
2893819,15.0,186.0,39.5,Female,2.0,18789.18,1.0,1.0
6478127,14.0,178.0,49.0,Male,2.0,28697.71,1.0,1.0
6707882,15.0,189.0,47.0,Unknown,2.0,15429.919999999998,4.0,4.0
1953201,8.0,106.0,52.5,Male,3.0,71069.56,5.0,5.0
645533,7.0,89.0,52.5,Unknown,2.0,20657.67,2.0,2.0
9718945,8.0,107.0,21.0,Male,2.0,20407.05,6.0,6.0
9065499,5.0,64.0,52.5,Unknown,2.0,102344.07,7.0,7.0
7646599,5.0,68.0,21.5,Male,2.0,18210.22,5.0,5.0
495150,9.0,118.0,45.0,Male,2.0,90528.45,6.0,6.0
9179103,9.0,119.0,41.0,Male,2.0,26869.91,7.0,7.0
8752443,5.0,70.0,41.0,Unknown,2.0,833546.2200000001,6.0,6.0
708278,31.0,372.0,45.0,Female,3.0,339651.15,6.0,6.0
2442188,5.0,65.0,36.5,Unknown,3.0,39576.47,2.0,2.0
4341739,15.0,188.0,72.0,Female,2.0,354196.47,7.0,7.0
5946904,25.0,311.0,55.5,Male,2.0,94473.88,7.0,7.0
2297368,23.0,285.0,69.5,Male,3.0,249515.05,6.0,6.0
2723364,22.0,266.0,50.5,Female,2.0,142204.93,1.0,2.0
5258080,18.0,224.0,57.5,Male,3.0,2569743.15,7.0,7.0
8993152,6.0,78.0,25.0,Unknown,3.0,112163.56,2.0,2.0
8229747,7.0,86.0,36.0,Unknown,2.0,29076.53,1.0,1.0
9876330,4.0,58.0,16.5,Unknown,2.0,31374.509999999995,1.0,1.0
9677692,4.0,59.0,51.0,Unknown,2.0,50718.17,5.0,5.0
2608567,6.0,73.0,32.5,Unknown,2.0,22226.36,5.0,5.0
383243,8.0,96.0,28.0,Unknown,2.0,44662.17,1.0,1.0
4373394,8.0,107.0,44.0,Female,2.0,17523.809999999998,3.0,3.0
9783023,7.0,88.0,52.5,Female,3.0,19420.64,7.0,7.0
138177,11.0,135.0,17.0,Female,3.0,27423.84,7.0,7.0
6998623,15.0,183.0,33.0,Female,2.0,17269.64,4.0,4.0
1076228,5.0,63.0,62.0,Unknown,2.0,142145.55,5.0,5.0
3317207,16.0,195.0,34.0,Male,3.0,74783.15,7.0,7.0
7809040,17.0,205.0,58.5,Male,2.0,89885.70999999999,2.0,2.0
1545405,22.0,270.0,73.5,Male,2.0,65749.26,1.0,2.0
8162414,16.0,194.0,40.0,Female,2.0,17831.609999999997,1.0,1.0
3338297,13.0,163.0,51.5,Female,2.0,45095.23,7.0,7.0
695074,6.0,73.0,30.0,Unknown,2.0,29388.95,7.0,7.0
7186553,4.0,57.0,27.5,Unknown,2.0,31939.73,7.0,7.0
3960814,8.0,97.0,34.0,Unknown,2.0,102208.19,3.0,3.0
5408789,13.0,165.0,38.5,Female,3.0,44067.66,1.0,1.0
9006614,12.0,146.0,26.5,Female,2.0,120261.91,2.0,3.0
1504883,8.0,106.0,45.5,Male,2.0,31469.57,5.0,5.0
2597710,5.0,66.0,44.0,Unknown,2.0,55805.73999999999,3.0,3.0
8329011,24.0,299.0,49.5,Male,2.0,22470.65,2.0,2.0
5092991,23.0,280.0,47.5,Female,2.0,58501.29999999999,1.0,1.0
600386,21.0,263.0,67.5,Male,2.0,153476.31,1.0,1.0
7737328,9.0,119.0,62.5,Female,2.0,48636.18,3.0,3.0
2506184,32.0,384.0,59.5,Female,2.0,132543.47999999998,2.0,2.0
8313252,6.0,72.0,63.5,Female,2.0,100592.58,6.0,6.0
1204647,13.0,165.0,36.5,Female,2.0,24528.48,4.0,4.0
9458411,25.0,300.0,30.0,Female,2.0,57977.67,7.0,7.0
9255780,4.0,58.0,49.5,Unknown,2.0,77746.09,7.0,7.0
3051091,15.0,189.0,42.0,Unknown,2.0,105860.3,5.0,5.0
3127933,6.0,81.0,62.0,Unknown,2.0,117952.01,4.0,6.0
3495894,10.0,126.0,44.5,Female,2.0,24594.52,3.0,3.0
1069101,7.0,84.0,28.5,Unknown,2.0,21872.18,2.0,2.0
762779,7.0,85.0,20.0,Unknown,2.0,36177.07,7.0,7.0
5409346,26.0,319.0,49.5,Female,2.0,14944.809999999998,1.0,1.0
6918641,4.0,59.0,41.5,Unknown,2.0,27648.34,1.0,1.0
908227,7.0,95.0,33.0,Unknown,2.0,176469.03999999998,3.0,3.0
1970528,17.0,205.0,61.5,Male,2.0,47558.22,7.0,7.0
8040221,10.0,125.0,33.0,Male,4.0,123876.71,7.0,7.0
146344,13.0,157.0,31.0,Male,2.0,37784.92,1.0,1.0
8163375,12.0,150.0,58.5,Male,2.0,54492.03,3.0,3.0
366592,13.0,157.0,57.5,Male,2.0,142522.28999999998,7.0,7.0
1910608,22.0,271.0,60.0,Male,2.0,244150.67,5.0,5.0
465417,20.0,251.0,71.5,Female,2.0,46952.73,3.0,4.0
7591629,19.0,229.0,67.5,Female,3.0,503680.47,5.0,5.0
3145706,15.0,184.0,52.0,Female,2.0,21836.59,3.0,3.0
3279763,10.0,130.0,38.5,Male,4.0,195331.57,2.0,2.0
7637389,9.0,118.0,30.5,Female,2.0,324579.21,5.0,5.0
8945487,4.0,57.0,27.5,Unknown,3.0,32517.21,7.0,7.0
2361401,10.0,130.0,66.5,Female,2.0,14328.239999999998,2.0,2.0
7103355,6.0,73.0,21.5,Unknown,2.0,20946.19,7.0,7.0
7660592,15.0,181.0,39.0,Male,2.0,156260.64,5.0,5.0
9367098,26.0,317.0,28.5,Female,2.0,22887.2,1.0,1.0
1370077,7.0,85.0,23.5,Unknown,2.0,21321.37,7.0,7.0
6522433,9.0,115.0,23.0,Female,2.0,63307.0,5.0,5.0
4367525,7.0,88.0,48.0,Unknown,2.0,246909.6,3.0,3.0
644428,9.0,113.0,43.0,Female,2.0,46111.49,7.0,7.0
6930190,7.0,86.0,20.0,Unknown,2.0,56989.79999999999,7.0,7.0
9304203,8.0,96.0,26.5,Unknown,2.0,28488.47,2.0,2.0
1326180,23.0,284.0,30.5,Male,2.0,26721.34,2.0,2.0
1598978,22.0,274.0,61.0,Female,3.0,674606.36,7.0,7.0
4470860,22.0,273.0,42.5,Female,3.0,667798.51,1.0,1.0
9942856,21.0,263.0,67.5,Female,2.0,30786.39,3.0,3.0
499240,19.0,232.0,65.5,Male,3.0,252352.21,3.0,3.0
2301540,19.0,239.0,44.0,Female,2.0,33429.98,2.0,2.0
3707583,8.0,97.0,32.5,Unknown,3.0,115486.65,6.0,6.0
6469115,10.0,127.0,34.5,Male,2.0,45685.19,5.0,5.0
2968383,14.0,179.0,33.5,Female,2.0,87903.69,3.0,3.0
3586831,27.0,331.0,25.0,Male,2.0,34040.7,3.0,3.0
9609643,8.0,98.0,55.0,Female,2.0,17609.409999999996,4.0,4.0
8902500,11.0,142.0,27.0,Male,2.0,28331.509999999995,2.0,2.0
8289778,10.0,120.0,39.0,Male,2.0,18424.92,5.0,5.0
7728371,14.0,170.0,44.5,Male,2.0,52761.98,6.0,6.0
6204367,6.0,78.0,67.0,Unknown,2.0,266041.93,1.0,1.0
6578864,5.0,69.0,57.5,Unknown,2.0,23361.59,2.0,2.0
5897462,12.0,154.0,52.5,Male,2.0,22141.68,1.0,1.0
2902857,27.0,330.0,53.5,Female,2.0,104977.22,2.0,2.0
4121411,17.0,213.0,62.5,Female,3.0,4452908.73,7.0,7.0
5471071,16.0,197.0,33.5,Female,2.0,115019.51,6.0,6.0
7872786,15.0,191.0,44.0,Female,2.0,227372.38,5.0,5.0
3533343,13.0,156.0,45.5,Male,2.0,29014.39,5.0,5.0
5409647,8.0,98.0,29.0,Unknown,2.0,27988.16,5.0,5.0
8029845,21.0,258.0,42.0,Male,3.0,26466.35,5.0,5.0
6524550,17.0,210.0,37.0,Female,2.0,25113.7,3.0,3.0
8361172,11.0,137.0,68.0,Female,2.0,44458.41,3.0,3.0
8525382,13.0,162.0,36.5,Female,2.0,51669.7,1.0,1.0
6792965,5.0,70.0,32.5,Female,2.0,73455.73,2.0,2.0
3187755,6.0,77.0,52.0,Unknown,2.0,67915.95,7.0,7.0
1369125,11.0,143.0,45.5,Female,2.0,25353.57,6.0,6.0
9029941,7.0,84.0,56.0,Unknown,3.0,59537.86,2.0,2.0
5386144,20.0,246.0,70.5,Male,2.0,468613.85,7.0,7.0
7426585,12.0,154.0,64.0,Female,2.0,180276.7,2.0,3.0
1020426,8.0,102.0,31.0,Unknown,2.0,25517.16,4.0,4.0
5084994,12.0,155.0,56.0,Male,2.0,740184.4,4.0,4.0
244691,5.0,60.0,20.5,Unknown,2.0,33359.21,7.0,7.0
2210130,8.0,105.0,18.0,Male,2.0,13793.69,3.0,3.0
9121557,9.0,112.0,50.5,Male,2.0,123412.63,4.0,4.0
7248324,5.0,71.0,64.0,Male,2.0,31252.68,3.0,3.0
2830632,9.0,118.0,28.0,Female,2.0,65170.51,1.0,1.0
611905,18.0,216.0,60.0,Male,2.0,209268.13,4.0,4.0
2647744,9.0,116.0,28.5,Female,3.0,213807.84000000003,4.0,4.0
9653482,7.0,94.0,27.0,Male,3.0,31201.53,6.0,6.0
9791184,12.0,155.0,85.5,Male,3.0,245525.3,6.0,6.0
4304735,10.0,121.0,51.5,Male,2.0,86073.49,6.0,6.0
2731317,23.0,285.0,53.5,Unknown,3.0,147027.36,7.0,7.0
9470547,22.0,275.0,44.0,Female,4.0,157541.53999999998,4.0,4.0
2532461,17.0,215.0,53.0,Female,3.0,31252.58,1.0,1.0
1757958,4.0,59.0,24.0,Unknown,2.0,40251.42,3.0,3.0
194030,6.0,81.0,17.0,Unknown,2.0,23701.27,2.0,2.0
7088153,12.0,144.0,52.0,Unknown,3.0,375060.45,7.0,7.0
6768151,13.0,163.0,32.5,Male,3.0,183710.5,7.0,7.0
374476,6.0,74.0,59.0,Unknown,2.0,308256.43,5.0,5.0
29079,6.0,78.0,27.0,Unknown,3.0,96386.27,6.0,6.0
1000595,9.0,114.0,34.5,Male,2.0,95246.95,3.0,3.0
5323356,15.0,188.0,59.5,Male,2.0,294055.14,6.0,6.0
3143502,11.0,132.0,38.0,Female,2.0,163290.08000000002,1.0,1.0
3981232,11.0,142.0,36.0,Unknown,2.0,15536.629999999996,6.0,6.0
2852723,13.0,161.0,60.5,Male,2.0,75615.48999999999,4.0,4.0
613590,4.0,59.0,26.0,Unknown,2.0,24779.52,7.0,7.0
3302539,7.0,94.0,65.0,Unknown,2.0,62064.53,3.0,3.0
7469256,23.0,283.0,67.5,Female,3.0,930675.16,4.0,4.0
1393420,22.0,274.0,56.5,Unknown,2.0,75063.5,2.0,2.0
8394199,22.0,269.0,56.0,Male,2.0,202705.48,5.0,5.0
1871700,19.0,231.0,66.0,Female,3.0,106738.4,2.0,3.0
219691,27.0,328.0,60.0,Female,3.0,70593.03,5.0,5.0
1672289,14.0,179.0,59.0,Female,2.0,37161.12,2.0,2.0
7088142,15.0,188.0,41.0,Female,2.0,35853.31,7.0,7.0
9705271,6.0,82.0,46.0,Unknown,2.0,22401.64,4.0,4.0
4994164,15.0,186.0,45.5,Male,2.0,18570.66,2.0,2.0
4613274,11.0,142.0,61.5,Male,2.0,42242.75,1.0,1.0
3886129,16.0,193.0,44.0,Male,2.0,141071.28,4.0,4.0
3103494,7.0,93.0,21.5,Unknown,2.0,63611.600000000006,7.0,7.0
3434900,14.0,178.0,31.5,Male,2.0,17379.019999999997,1.0,1.0
7046379,13.0,156.0,42.0,Female,2.0,257127.78,3.0,3.0
160239,9.0,117.0,55.0,Male,2.0,890260.63,7.0,7.0
8703363,16.0,193.0,37.5,Female,2.0,36533.65,2.0,2.0
4609792,27.0,327.0,69.5,Female,3.0,162544.88,7.0,7.0
7677015,6.0,72.0,24.5,Unknown,2.0,17881.64,2.0,2.0
8117675,8.0,97.0,23.0,Unknown,2.0,38178.65,5.0,5.0
763078,12.0,155.0,23.0,Male,3.0,112331.64,7.0,7.0
3228548,6.0,72.0,62.5,Male,2.0,63879.2,5.0,5.0
1313617,44.0,535.0,61.5,Male,3.0,1874019.73,7.0,7.0
1916671,23.0,287.0,69.0,Female,2.0,33289.11,3.0,3.0
3801151,23.0,281.0,49.5,Female,2.0,104627.75,5.0,5.0
7111047,19.0,229.0,24.5,Male,2.0,43586.24,5.0,5.0
4153349,18.0,222.0,51.0,Female,4.0,1181525.84,3.0,3.0
7846595,7.0,84.0,52.5,Unknown,2.0,28274.35,1.0,1.0
1964438,8.0,101.0,23.5,Unknown,2.0,29385.5,2.0,2.0
9365039,4.0,58.0,26.5,Unknown,3.0,29901.28,2.0,2.0
5633324,8.0,106.0,23.5,Male,2.0,68840.20999999999,7.0,7.0
6166910,32.0,387.0,51.5,Male,3.0,75087.48,4.0,4.0
9842711,7.0,92.0,49.0,Female,2.0,111757.56,4.0,4.0
4127322,5.0,69.0,23.0,Unknown,2.0,28010.36,2.0,2.0
6845720,12.0,155.0,37.5,Male,2.0,53741.21,1.0,1.0
1871999,5.0,64.0,27.5,Unknown,3.0,55864.87,7.0,7.0
6967170,12.0,150.0,33.5,Female,2.0,106161.98,3.0,3.0
7823421,5.0,69.0,27.0,Unknown,2.0,17775.73,2.0,2.0
2843358,12.0,154.0,49.5,Female,2.0,164747.16999999998,1.0,1.0
2010863,10.0,130.0,58.5,Male,2.0,36993.28999999999,3.0,3.0
2029202,7.0,85.0,38.5,Unknown,2.0,56146.2,4.0,4.0
7301780,9.0,108.0,33.0,Male,2.0,207410.71,7.0,7.0
7313070,8.0,97.0,34.5,Unknown,2.0,43043.28,6.0,6.0
1253239,5.0,65.0,43.5,Unknown,2.0,19302.75,3.0,3.0
6920467,14.0,176.0,29.5,Male,2.0,77900.79999999999,3.0,3.0
5786239,24.0,289.0,60.0,Female,2.0,52377.17,1.0,3.0
9306636,22.0,274.0,20.0,Female,2.0,39020.73,4.0,4.0
8509354,21.0,263.0,68.5,Male,2.0,55468.79,4.0,4.0
8527781,21.0,259.0,42.5,Female,4.0,60963.45999999999,7.0,7.0
3253749,19.0,231.0,41.5,Female,3.0,156247.99,2.0,2.0
693825,9.0,118.0,31.5,Male,2.0,93038.16,4.0,4.0
9295286,30.0,371.0,65.0,Male,4.0,170919.12,6.0,6.0
6108080,7.0,90.0,51.5,Male,4.0,450280.47,7.0,7.0
1352634,4.0,57.0,60.0,Unknown,2.0,78846.73999999999,6.0,6.0
1305695,18.0,220.0,64.0,Male,2.0,45123.38,7.0,7.0
6235419,11.0,137.0,31.5,Female,2.0,31069.71,2.0,2.0
8288164,6.0,74.0,23.5,Unknown,4.0,58871.25,4.0,4.0
4326003,10.0,130.0,49.0,Male,2.0,118061.6,1.0,1.0
8613840,6.0,80.0,25.5,Unknown,3.0,58886.67999999999,6.0,6.0
8494793,15.0,183.0,43.0,Female,2.0,141230.34,4.0,5.0
4146711,4.0,59.0,51.0,Female,2.0,19414.12,3.0,4.0
619607,6.0,78.0,43.0,Unknown,2.0,14696.82,6.0,6.0
7301214,5.0,62.0,52.0,Unknown,2.0,41645.58,7.0,7.0
4573769,9.0,117.0,42.5,Female,2.0,34455.14,1.0,1.0
1355220,7.0,94.0,38.5,Unknown,2.0,18882.54,1.0,1.0
5623269,24.0,294.0,23.0,Female,2.0,20022.38,3.0,3.0
2712803,22.0,264.0,77.5,Male,2.0,91870.4,4.0,4.0
862629,20.0,247.0,75.0,Female,2.0,478647.49,7.0,7.0
6441246,20.0,246.0,50.0,Female,4.0,155577.49,7.0,7.0
6990606,19.0,231.0,33.5,Male,2.0,15095.329999999998,1.0,1.0
2249286,7.0,85.0,56.5,Male,2.0,81816.75,7.0,7.0
9750924,4.0,56.0,15.0,Unknown,2.0,35637.03999999999,3.0,3.0
2812467,14.0,179.0,35.5,Male,2.0,22704.35,2.0,2.0
2699213,5.0,70.0,19.0,Unknown,2.0,24456.98,2.0,2.0
1918998,14.0,175.0,41.5,Male,2.0,16089.059999999998,3.0,3.0
4988757,5.0,71.0,35.0,Unknown,2.0,40886.78999999999,7.0,7.0
9052534,12.0,146.0,23.0,Female,2.0,17239.039999999997,4.0,4.0
7730441,5.0,70.0,32.5,Unknown,2.0,41708.44,2.0,2.0
5734656,17.0,206.0,57.5,Male,5.0,759755.7100000001,7.0,7.0
2131558,9.0,117.0,56.5,Female,2.0,274972.7,6.0,6.0
750989,4.0,54.0,66.0,Male,3.0,132317.41999999998,2.0,2.0
8806965,6.0,82.0,24.5,Unknown,3.0,43158.35,5.0,5.0
204665,13.0,166.0,27.5,Male,2.0,50811.43,1.0,1.0
1510698,5.0,61.0,37.0,Unknown,3.0,290305.85,5.0,5.0
1352346,10.0,126.0,29.5,Male,2.0,39481.12,1.0,1.0
8681533,15.0,189.0,35.5,Male,2.0,226809.74,7.0,7.0
2634090,9.0,119.0,20.0,Male,2.0,19642.5,1.0,1.0
1166249,6.0,80.0,50.5,Unknown,2.0,19773.35,5.0,5.0
5257902,11.0,143.0,64.5,Male,2.0,24218.78,7.0,7.0
987938,6.0,76.0,15.5,Unknown,2.0,38164.11,5.0,5.0
6961059,21.0,255.0,43.0,Female,2.0,147039.55,1.0,1.0
761221,20.0,246.0,37.5,Male,2.0,28920.63,2.0,2.0
8709886,20.0,250.0,49.5,Female,3.0,237924.52,5.0,5.0
7296415,17.0,212.0,58.5,Male,2.0,61429.26999999999,4.0,4.0
745356,7.0,94.0,36.5,Unknown,2.0,40819.78999999999,1.0,1.0
9311317,5.0,60.0,20.0,Unknown,2.0,27275.28,2.0,2.0
4726633,9.0,114.0,26.5,Female,2.0,14700.019999999997,1.0,1.0
3631984,6.0,82.0,25.0,Unknown,2.0,46995.86,7.0,7.0
3658145,12.0,155.0,26.5,Female,2.0,32735.93,2.0,2.0
369591,14.0,169.0,68.0,Female,3.0,153375.36,4.0,4.0
404006,15.0,191.0,55.5,Male,2.0,39232.5,1.0,1.0
1353260,8.0,107.0,47.5,Male,2.0,89456.38,4.0,4.0
5696265,10.0,121.0,67.0,Female,2.0,212545.25,2.0,3.0
2048815,16.0,202.0,50.5,Male,2.0,91059.07,4.0,4.0
6185464,7.0,94.0,52.0,Unknown,2.0,59029.66,6.0,6.0
2383269,15.0,189.0,54.5,Male,2.0,14943.989999999998,5.0,5.0
1161329,22.0,273.0,58.5,Male,2.0,2809791.95,7.0,7.0
8129162,11.0,143.0,59.5,Female,2.0,32226.79,1.0,1.0
6339387,21.0,253.0,57.5,Male,2.0,73167.09,7.0,7.0
8299523,6.0,79.0,62.0,Unknown,2.0,54604.08,7.0,7.0
2836204,5.0,68.0,28.5,Unknown,2.0,19860.55,7.0,7.0
734926,5.0,70.0,64.0,Male,2.0,391063.78,4.0,4.0
9326805,23.0,278.0,69.0,Female,2.0,106372.04,7.0,7.0
3530390,23.0,276.0,63.5,Male,2.0,89568.18,4.0,4.0
1749724,15.0,189.0,47.0,Female,2.0,74390.2,1.0,1.0
7164040,5.0,68.0,41.5,Unknown,2.0,35062.74,1.0,1.0
7545393,5.0,65.0,22.5,Male,2.0,25000.82,2.0,2.0
7277417,10.0,121.0,33.0,Male,2.0,44118.8,6.0,6.0
4366505,9.0,109.0,59.5,Female,2.0,59511.880000000005,2.0,2.0
368681,27.0,329.0,58.5,Female,2.0,58076.36,3.0,3.0
8997008,5.0,71.0,42.5,Unknown,2.0,23110.44,3.0,3.0
7704476,17.0,205.0,44.5,Female,3.0,357248.21,2.0,2.0
6609333,15.0,190.0,20.0,Male,4.0,229222.65,7.0,7.0
4540829,29.0,352.0,53.5,Female,2.0,143398.41,3.0,3.0
3391132,7.0,96.0,27.5,Unknown,2.0,39043.42999999999,4.0,4.0
9582495,13.0,164.0,50.0,Male,2.0,36842.24,2.0,2.0
6575752,15.0,190.0,63.0,Female,2.0,43973.39,2.0,2.0
9964268,4.0,59.0,55.0,Female,2.0,17321.28,2.0,2.0
5761061,23.0,286.0,54.5,Unknown,3.0,206079.06,7.0,7.0
4488161,23.0,279.0,21.0,Female,2.0,24963.2,3.0,3.0
2875117,22.0,268.0,51.0,Female,3.0,72924.98,2.0,2.0
4550772,20.0,248.0,55.0,Male,2.0,33793.869999999995,2.0,2.0
1429533,4.0,57.0,19.5,Unknown,2.0,17799.19,2.0,2.0
4146544,13.0,166.0,32.5,Female,2.0,56955.33,7.0,7.0
9347520,13.0,156.0,65.5,Female,2.0,88098.94,7.0,7.0
8042840,14.0,172.0,23.5,Male,2.0,46008.28999999999,4.0,4.0
2816925,6.0,79.0,45.0,Unknown,2.0,28464.97,2.0,2.0
6071930,6.0,78.0,51.5,Unknown,2.0,25247.58,3.0,3.0
4961177,4.0,50.0,61.0,Unknown,2.0,48953.13,7.0,7.0
4297518,4.0,59.0,45.5,Unknown,2.0,559632.7200000001,7.0,7.0
6235211,15.0,186.0,60.5,Female,2.0,26692.82,7.0,7.0
4470261,8.0,106.0,33.0,Female,2.0,38149.36,7.0,7.0
5093295,4.0,58.0,24.0,Unknown,2.0,19895.7,3.0,3.0
5559092,5.0,65.0,48.5,Male,3.0,134597.13,5.0,5.0
7577083,5.0,61.0,29.5,Female,2.0,33767.81,4.0,4.0
9361446,15.0,185.0,48.0,Female,2.0,49661.81,3.0,3.0
9947636,11.0,143.0,50.0,Female,2.0,208413.62,6.0,6.0
1706674,13.0,158.0,38.0,Male,2.0,104610.72,7.0,7.0
7302722,14.0,178.0,42.5,Female,2.0,102360.72,6.0,6.0
2512980,7.0,90.0,27.5,Unknown,2.0,197887.7,6.0,6.0
7332653,6.0,81.0,23.5,Unknown,2.0,17950.48,5.0,5.0
6384218,7.0,95.0,63.5,Unknown,2.0,84634.06,4.0,4.0
7749335,22.0,272.0,67.5,Unknown,4.0,458508.0,7.0,7.0
1625873,19.0,235.0,60.0,Female,3.0,147299.34000000003,3.0,3.0
3048726,12.0,148.0,54.5,Female,2.0,66115.65,1.0,1.0
2950562,6.0,83.0,55.0,Female,2.0,16270.989999999998,4.0,5.0
3600069,10.0,120.0,51.5,Female,3.0,452955.52,7.0,7.0
4335363,8.0,106.0,34.0,Male,2.0,20716.13,2.0,2.0
3924479,6.0,79.0,59.0,Unknown,2.0,50067.85,1.0,1.0
5351514,7.0,94.0,58.5,Unknown,3.0,64886.25,1.0,1.0
7594827,6.0,75.0,25.5,Unknown,2.0,17358.17,7.0,7.0
1408864,14.0,173.0,36.0,Female,2.0,37352.42999999999,2.0,2.0
2192788,11.0,139.0,47.0,Female,2.0,77339.36,2.0,4.0
7333361,6.0,74.0,24.5,Unknown,2.0,42828.67,6.0,6.0
6249222,3.0,41.0,59.5,Male,2.0,478501.56,1.0,2.0
2713895,22.0,275.0,44.0,Female,2.0,29367.17,1.0,1.0
5806600,6.0,73.0,25.5,Unknown,3.0,59239.17,5.0,5.0
8004454,11.0,138.0,31.5,Female,2.0,70918.23,3.0,3.0
1201059,6.0,82.0,40.0,Unknown,2.0,20575.67,2.0,2.0
3936408,5.0,70.0,45.0,Unknown,5.0,98183.31,3.0,3.0
7443960,23.0,281.0,51.5,Male,4.0,1142937.84,6.0,6.0
7278479,20.0,251.0,55.0,Male,2.0,23547.58,4.0,4.0
4181483,16.0,203.0,52.0,Male,3.0,188904.48,4.0,5.0
1169722,15.0,188.0,61.0,Male,2.0,86235.7,7.0,7.0
8505084,11.0,137.0,34.0,Female,2.0,692824.14,7.0,7.0
1178514,4.0,58.0,56.5,Unknown,2.0,19416.45,3.0,3.0
1206412,12.0,153.0,22.5,Female,2.0,47619.5,4.0,4.0
642678,8.0,96.0,38.5,Unknown,2.0,75074.75,3.0,3.0
9325592,7.0,94.0,56.0,Unknown,3.0,30839.2,5.0,5.0
6637257,16.0,193.0,16.0,Male,3.0,178472.15000000002,6.0,6.0
9522120,18.0,216.0,59.0,Male,2.0,295696.51,7.0,7.0
6284222,6.0,78.0,65.0,Unknown,2.0,120154.1,7.0,7.0
6391734,7.0,92.0,24.0,Unknown,2.0,55905.66,1.0,1.0
3686838,15.0,189.0,50.0,Male,2.0,313734.12,7.0,7.0
1643321,10.0,130.0,64.0,Female,2.0,55935.98999999999,2.0,2.0
9917980,9.0,109.0,55.0,Male,2.0,24176.92,5.0,5.0
9383834,6.0,72.0,54.5,Female,2.0,57951.98,1.0,1.0
603252,7.0,87.0,37.5,Female,2.0,69067.97,1.0,1.0
8029847,5.0,66.0,16.5,Unknown,2.0,15107.329999999998,2.0,2.0
471094,6.0,74.0,34.0,Unknown,2.0,19389.27,1.0,1.0
6456396,5.0,65.0,50.0,Unknown,2.0,225143.08,4.0,4.0
1704280,6.0,78.0,27.0,Female,2.0,49849.55,7.0,7.0
1225382,22.0,271.0,26.5,Female,2.0,38306.84,7.0,7.0
7408559,20.0,243.0,84.5,Male,3.0,57408.22,7.0,7.0
4787713,21.0,259.0,38.0,Male,2.0,34033.83,4.0,4.0
4861892,17.0,211.0,32.0,Male,2.0,99754.74,3.0,3.0
7043417,12.0,147.0,26.0,Female,2.0,48404.71,5.0,5.0
2447160,14.0,177.0,30.5,Male,2.0,68625.84,7.0,7.0
8572062,6.0,72.0,62.5,Unknown,2.0,31591.050000000003,3.0,3.0
2722418,15.0,183.0,67.0,Female,2.0,22823.94,5.0,5.0
9213911,6.0,73.0,31.5,Unknown,2.0,128881.62,2.0,2.0
6602409,14.0,176.0,51.0,Male,3.0,1067159.3199999998,3.0,3.0
394433,10.0,120.0,26.0,Female,2.0,80426.09999999999,3.0,3.0
6522889,25.0,311.0,64.0,Female,2.0,39740.0,4.0,4.0
6747215,11.0,133.0,44.0,Male,2.0,86210.79,7.0,7.0
8591355,10.0,121.0,27.5,Male,2.0,62023.48,3.0,3.0
9320875,8.0,97.0,47.0,Unknown,2.0,153597.13,2.0,2.0
9517940,22.0,264.0,64.0,Female,2.0,48252.58,2.0,2.0
1241492,21.0,262.0,50.0,Female,2.0,16891.26,1.0,1.0
5356132,21.0,253.0,47.5,Male,2.0,122137.53999999998,1.0,1.0
2738486,19.0,229.0,32.5,Male,2.0,22141.12,1.0,1.0
3949743,8.0,106.0,30.5,Male,2.0,25041.31,1.0,1.0
319175,6.0,81.0,26.5,Unknown,4.0,59590.51,5.0,6.0
3668058,5.0,70.0,54.5,Unknown,2.0,18879.99,1.0,1.0
5004305,34.0,412.0,63.5,Female,2.0,247868.09000000003,4.0,4.0
8535187,28.0,345.0,21.0,Male,3.0,50876.21,7.0,7.0
7807780,16.0,203.0,39.5,Male,2.0,210564.16,4.0,4.0
2244134,11.0,134.0,32.0,Male,3.0,65358.36,7.0,7.0
1368349,32.0,385.0,23.5,Female,2.0,185206.14,3.0,3.0
7176424,7.0,93.0,79.5,Unknown,2.0,41480.99,4.0,4.0
2922216,6.0,83.0,23.5,Unknown,2.0,25415.119999999995,4.0,4.0
3487926,17.0,207.0,31.5,Female,3.0,80496.98,7.0,7.0
8631191,14.0,169.0,29.5,Female,2.0,126058.95,1.0,1.0
2041821,14.0,174.0,36.0,Female,2.0,73135.14,7.0,7.0
9205313,16.0,200.0,47.5,Male,2.0,18027.05,1.0,4.0
8426715,7.0,95.0,52.5,Unknown,2.0,32175.74,4.0,4.0
142246,4.0,57.0,57.0,Unknown,2.0,304524.25,7.0,7.0
3847665,9.0,113.0,61.0,Male,2.0,234012.44,4.0,4.0
2205834,28.0,342.0,54.0,Female,2.0,381850.82,7.0,7.0
9752857,10.0,130.0,32.5,Female,2.0,33111.91,2.0,2.0
4829997,5.0,70.0,51.5,Unknown,2.0,22346.59,4.0,4.0
8748360,6.0,72.0,35.0,Unknown,2.0,33425.85,7.0,7.0
1033798,13.0,157.0,59.0,Male,2.0,457633.43,7.0,7.0
784071,11.0,138.0,40.5,Female,2.0,119381.23,1.0,1.0
1862306,16.0,194.0,27.0,Female,2.0,42272.52,1.0,1.0
8116167,6.0,76.0,39.5,Unknown,2.0,52598.03,5.0,5.0
4647040,20.0,245.0,54.0,Female,4.0,228262.76,7.0,7.0
7901702,35.0,426.0,48.0,Female,3.0,714401.15,7.0,7.0
5508480,6.0,82.0,26.5,Unknown,2.0,26693.41,1.0,1.0
4123056,12.0,151.0,53.5,Male,2.0,48947.04,3.0,3.0
4494847,12.0,154.0,66.5,Female,2.0,26397.41,1.0,1.0
63130,8.0,103.0,37.0,Unknown,2.0,36158.31,4.0,4.0
5213107,5.0,64.0,23.5,Unknown,2.0,28952.22,5.0,5.0
6898080,4.0,58.0,49.5,Unknown,2.0,22535.46,3.0,3.0
7898864,6.0,78.0,23.5,Unknown,3.0,58967.92999999999,7.0,7.0
6211504,12.0,153.0,29.5,Male,2.0,15175.87,3.0,3.0
3224636,15.0,189.0,76.0,Male,2.0,36065.42,6.0,6.0
7221711,15.0,185.0,44.5,Male,2.0,35429.95,5.0,5.0
9675969,11.0,143.0,50.0,Male,2.0,218512.44,3.0,3.0
1288589,7.0,89.0,23.5,Unknown,2.0,15905.449999999995,2.0,2.0
5032414,19.0,230.0,55.5,Female,3.0,427863.78,7.0,7.0
2959572,5.0,70.0,30.5,Unknown,2.0,51880.47,6.0,6.0
3094448,4.0,59.0,22.5,Male,3.0,22368.03,3.0,3.0
1728279,13.0,166.0,33.0,Female,2.0,66363.12,3.0,3.0
7025778,18.0,217.0,65.5,Female,2.0,42029.22,6.0,6.0
7168787,24.0,294.0,43.0,Male,3.0,186771.16,7.0,7.0
80920,22.0,273.0,55.0,Female,3.0,100538.1,7.0,7.0
3141270,19.0,235.0,67.0,Female,2.0,23748.53,6.0,6.0
8462408,6.0,74.0,21.5,Unknown,3.0,70895.35,6.0,6.0
3967203,6.0,75.0,53.5,Unknown,2.0,41140.63,7.0,7.0
6494836,4.0,58.0,21.5,Unknown,2.0,19946.36,1.0,1.0
5481254,8.0,104.0,34.0,Male,3.0,76792.51999999999,7.0,7.0
4994216,11.0,139.0,54.5,Female,2.0,41352.21,5.0,5.0
1796941,3.0,39.0,43.0,Male,2.0,16320.509999999998,5.0,5.0
5715904,7.0,84.0,26.5,Unknown,2.0,47878.11,3.0,3.0
15246,10.0,121.0,51.0,Female,2.0,15464.989999999998,7.0,7.0
9209226,5.0,66.0,52.5,Unknown,2.0,15078.55,2.0,3.0
5033710,5.0,63.0,62.0,Unknown,2.0,15842.699999999995,3.0,3.0
2840434,3.0,42.0,57.0,Female,2.0,63638.54999999999,2.0,2.0
7348874,14.0,172.0,57.0,Female,2.0,308434.38,7.0,7.0
5983123,23.0,276.0,62.0,Male,2.0,363894.22,2.0,2.0
3776765,7.0,94.0,50.5,Male,2.0,32471.17,3.0,3.0
288811,6.0,74.0,28.5,Unknown,2.0,53067.72,1.0,1.0
5344747,5.0,60.0,46.5,Unknown,2.0,22577.47,6.0,6.0
172447,6.0,78.0,32.5,Unknown,2.0,24981.74,2.0,2.0
7541738,11.0,138.0,55.0,Female,2.0,13949.12,7.0,7.0
2136596,14.0,179.0,26.5,Female,2.0,63482.36,2.0,2.0
4442309,25.0,302.0,77.0,Female,2.0,502958.9,7.0,7.0
6536242,6.0,73.0,17.5,Unknown,2.0,15642.91,1.0,1.0
8801367,4.0,58.0,34.0,Unknown,3.0,70565.16,5.0,5.0
5586625,14.0,169.0,23.5,Female,2.0,61792.23999999999,2.0,2.0
6261541,14.0,172.0,60.5,Male,4.0,2206833.53,7.0,7.0
7556144,15.0,188.0,47.0,Female,2.0,225182.76,1.0,1.0
9084961,4.0,58.0,23.0,Unknown,2.0,24622.69,2.0,2.0
1740430,14.0,173.0,50.0,Male,2.0,147103.45,7.0,7.0
4786857,8.0,105.0,63.5,Female,2.0,352000.45,4.0,4.0
161977,5.0,65.0,39.5,Unknown,3.0,22713.2,4.0,4.0
6956472,15.0,191.0,51.0,Female,2.0,169121.66999999998,1.0,1.0
1911207,9.0,109.0,40.0,Female,2.0,164517.95,2.0,2.0
5620890,11.0,137.0,57.0,Male,2.0,107842.86,4.0,4.0
6984484,13.0,157.0,49.5,Female,2.0,36358.25,1.0,1.0
8523198,4.0,55.0,27.5,Male,2.0,82057.95,4.0,4.0
4123058,12.0,146.0,30.5,Female,2.0,105574.86,3.0,3.0
8692465,22.0,266.0,68.5,Male,2.0,45171.16,1.0,1.0
7526197,22.0,264.0,69.5,Male,3.0,139633.32,7.0,7.0
5052087,21.0,258.0,44.0,Unknown,2.0,30748.83,3.0,3.0
5230841,12.0,148.0,70.5,Male,2.0,55318.83,3.0,3.0
9785650,11.0,142.0,36.0,Female,2.0,21506.86,7.0,7.0
6835741,5.0,71.0,27.0,Unknown,2.0,21694.65,7.0,7.0
1829475,6.0,72.0,43.0,Unknown,2.0,22839.869999999995,3.0,3.0
3947445,11.0,136.0,26.0,Male,2.0,64652.82000000001,1.0,1.0
747470,18.0,227.0,40.5,Female,2.0,88164.7,6.0,6.0
9501368,16.0,195.0,38.5,Female,2.0,34245.97,4.0,4.0
8467347,8.0,106.0,33.5,Male,3.0,121136.76,1.0,1.0
6180484,16.0,194.0,36.5,Male,2.0,235683.08,7.0,7.0
3998980,4.0,50.0,29.5,Female,2.0,21966.92,3.0,3.0
2089666,12.0,151.0,64.0,Female,2.0,486019.3,7.0,7.0
8307935,7.0,89.0,41.5,Unknown,2.0,30428.619999999995,3.0,3.0
2064506,4.0,59.0,71.5,Female,2.0,60029.01,5.0,5.0
6368410,10.0,120.0,60.0,Female,2.0,37115.02,2.0,2.0
4051828,32.0,394.0,62.5,Male,2.0,22412.27,1.0,1.0
2312971,15.0,190.0,52.0,Female,2.0,39903.5,5.0,5.0
3355389,16.0,192.0,36.0,Male,2.0,72843.85,6.0,6.0
9138807,6.0,81.0,59.5,Female,2.0,51437.41,7.0,7.0
8635576,15.0,186.0,34.5,Male,2.0,17959.589999999997,2.0,2.0
2928530,13.0,166.0,30.0,Male,2.0,97817.0,2.0,2.0
6289228,21.0,257.0,55.0,Male,3.0,822696.51,2.0,3.0
9176671,20.0,246.0,55.5,Female,3.0,64291.28,3.0,3.0
123794,16.0,201.0,57.0,Male,2.0,47652.0,5.0,5.0
7603907,7.0,85.0,80.0,Unknown,2.0,142861.28,7.0,7.0
525636,6.0,81.0,61.5,Unknown,3.0,42925.51,6.0,7.0
179663,6.0,82.0,52.0,Unknown,2.0,23388.63,5.0,5.0
2672855,16.0,192.0,71.0,Female,2.0,1026867.36,1.0,1.0
6509468,6.0,82.0,44.0,Unknown,2.0,37803.71,5.0,5.0
2254965,14.0,168.0,30.0,Female,3.0,139743.65,3.0,3.0
8305436,6.0,83.0,51.0,Unknown,2.0,24491.63,4.0,4.0
4509423,4.0,59.0,20.0,Unknown,2.0,89191.56,2.0,2.0
104557,21.0,253.0,48.0,Male,2.0,414381.95,7.0,7.0
3448727,12.0,147.0,37.0,Female,2.0,58251.92999999999,5.0,5.0
6447407,13.0,160.0,39.5,Male,2.0,108986.06,1.0,1.0
1780352,14.0,177.0,41.0,Male,2.0,35182.1,5.0,5.0
835017,16.0,192.0,27.5,Male,2.0,31760.15,4.0,4.0
2702446,5.0,69.0,30.0,Unknown,2.0,16552.039999999997,7.0,7.0
9902863,15.0,182.0,35.5,Unknown,2.0,22963.3,4.0,4.0
5490210,8.0,106.0,26.0,Female,2.0,35895.85,2.0,2.0
9065338,5.0,71.0,20.5,Male,2.0,52106.95,3.0,3.0
1067973,8.0,107.0,25.0,Female,4.0,30281.73,3.0,3.0
4050816,7.0,88.0,49.0,Unknown,2.0,61326.09,7.0,7.0
5653450,4.0,59.0,29.5,Unknown,2.0,17598.379999999997,2.0,2.0
4059792,12.0,155.0,42.5,Female,2.0,134761.84999999998,1.0,1.0
5679069,6.0,79.0,24.5,Male,2.0,28691.19,7.0,7.0
9133243,7.0,88.0,60.5,Unknown,2.0,389245.39,2.0,2.0
2776031,32.0,387.0,59.0,Female,3.0,219052.76,7.0,7.0
2231444,11.0,136.0,39.0,Female,2.0,24424.93,4.0,4.0
8274492,8.0,100.0,37.0,Unknown,2.0,13811.059999999998,1.0,1.0
4890985,13.0,164.0,23.5,Female,4.0,65212.9,7.0,7.0
9431218,11.0,134.0,57.5,Female,2.0,41319.88,1.0,1.0
987674,15.0,184.0,53.0,Male,2.0,13948.379999999996,7.0,7.0
7662546,15.0,187.0,27.0,Female,2.0,22483.67,3.0,3.0
2560036,16.0,192.0,61.0,Female,2.0,39496.11,6.0,6.0
7980693,13.0,166.0,57.5,Male,2.0,39326.05,1.0,1.0
457590,9.0,110.0,53.5,Male,3.0,30369.94,7.0,7.0
1897318,4.0,55.0,63.0,Unknown,2.0,24987.08,2.0,2.0
7404219,14.0,169.0,41.5,Female,2.0,119981.39,5.0,5.0
3293316,15.0,185.0,69.5,Male,2.0,322142.63,6.0,6.0
4010831,8.0,106.0,32.0,Unknown,2.0,24948.45,1.0,1.0
4412707,4.0,56.0,34.0,Female,2.0,16654.55,1.0,1.0
4468382,5.0,61.0,14.5,Female,2.0,18216.98,1.0,1.0
700198,21.0,252.0,55.5,Male,3.0,1202061.3299999998,3.0,3.0
6608077,20.0,240.0,65.5,Male,2.0,119801.21,1.0,1.0
8100041,18.0,226.0,54.0,Female,3.0,26947.2,3.0,3.0
5139486,16.0,203.0,49.5,Male,2.0,182862.76,7.0,7.0
6065725,16.0,202.0,39.0,Male,3.0,166199.82,5.0,5.0
2302852,15.0,189.0,30.5,Unknown,2.0,23334.6,2.0,2.0
9661321,6.0,83.0,34.5,Unknown,2.0,34262.52,2.0,2.0
5945742,10.0,129.0,40.0,Male,2.0,22015.17,2.0,2.0
3886338,4.0,58.0,41.0,Unknown,2.0,19388.51,1.0,1.0
4380490,15.0,181.0,42.0,Female,2.0,26741.369999999995,6.0,6.0
6140860,4.0,57.0,21.0,Unknown,2.0,34067.42999999999,2.0,2.0
3251886,10.0,125.0,56.0,Male,2.0,115646.66,7.0,7.0
3219139,15.0,182.0,28.0,Male,3.0,134872.0,2.0,2.0
78215,19.0,231.0,64.0,Female,2.0,67623.15,3.0,4.0
9236131,35.0,421.0,68.5,Male,3.0,739254.17,7.0,7.0
5814006,9.0,119.0,32.0,Male,2.0,19431.6,1.0,1.0
6427158,6.0,72.0,60.0,Unknown,2.0,151187.68,3.0,4.0
4649695,27.0,324.0,61.5,Female,2.0,539001.74,2.0,3.0
1884975,16.0,193.0,18.5,Female,2.0,47341.9,2.0,2.0
6606134,8.0,105.0,60.5,Female,2.0,129139.66,2.0,2.0
4594223,5.0,64.0,61.0,Unknown,2.0,140545.78,4.0,4.0
8863538,6.0,72.0,23.5,Unknown,2.0,135036.18,7.0,7.0
8526942,5.0,61.0,63.0,Female,2.0,38635.2,5.0,5.0
7947854,23.0,276.0,47.5,Female,3.0,59983.09,4.0,4.0
6226467,21.0,252.0,44.5,Male,2.0,31589.619999999995,4.0,4.0
8773450,21.0,258.0,39.0,Male,3.0,362963.11,2.0,2.0
8069780,17.0,211.0,64.0,Female,2.0,272887.15,7.0,7.0
1107187,15.0,190.0,67.5,Female,2.0,24360.42,7.0,7.0
3010898,12.0,153.0,66.0,Female,2.0,55726.01999999999,3.0,3.0
7484091,11.0,134.0,39.5,Male,2.0,40604.03999999999,3.0,3.0
8111905,6.0,73.0,21.0,Unknown,2.0,41465.67999999999,3.0,3.0
328603,32.0,385.0,55.5,Male,4.0,471540.66,7.0,7.0
6744799,8.0,96.0,27.0,Unknown,2.0,37076.59,3.0,3.0
7260143,13.0,166.0,26.5,Male,2.0,28358.97,3.0,3.0
2158828,13.0,164.0,53.5,Female,2.0,29576.56,1.0,1.0
8064019,14.0,176.0,63.5,Unknown,2.0,15554.19,3.0,3.0
9102168,12.0,152.0,52.5,Male,2.0,956719.44,5.0,5.0
9521144,6.0,73.0,52.0,Unknown,2.0,30136.4,1.0,1.0
7842411,12.0,155.0,39.0,Male,3.0,54640.5,5.0,5.0
6750623,14.0,179.0,39.5,Female,2.0,32935.97,6.0,6.0
1314801,10.0,125.0,89.0,Female,2.0,44015.69,1.0,1.0
8624969,11.0,139.0,25.0,Female,2.0,20482.99,4.0,4.0
893742,14.0,174.0,56.0,Female,3.0,185590.21,7.0,7.0
4180811,7.0,84.0,27.0,Unknown,2.0,14909.89,4.0,4.0
4432669,4.0,58.0,23.0,Unknown,2.0,24821.36,7.0,7.0
7189096,6.0,83.0,50.5,Unknown,2.0,32005.03,6.0,6.0
9483061,10.0,130.0,56.0,Female,2.0,85906.73,4.0,4.0
3059448,24.0,293.0,38.5,Female,3.0,277424.45,2.0,2.0
9074434,21.0,253.0,63.5,Male,4.0,926880.47,7.0,7.0
6462219,19.0,238.0,44.5,Female,3.0,100105.01,7.0,7.0
8017852,6.0,76.0,20.0,Unknown,2.0,20471.83,1.0,1.0
472090,7.0,89.0,29.5,Unknown,2.0,108230.03,4.0,4.0
1110519,10.0,131.0,39.0,Female,2.0,101869.55,6.0,6.0
623654,5.0,71.0,49.0,Unknown,2.0,38137.38,4.0,4.0
9965630,7.0,91.0,22.5,Unknown,3.0,19288.18,2.0,2.0
8875296,7.0,84.0,48.5,Unknown,2.0,252224.11,4.0,4.0
9611101,15.0,183.0,76.0,Male,2.0,46857.6,4.0,4.0
5751386,15.0,189.0,37.0,Female,2.0,25167.93,2.0,2.0
9483784,9.0,110.0,34.5,Male,2.0,70891.84,2.0,2.0
6703769,11.0,142.0,34.0,Female,2.0,69098.67,1.0,1.0
4675121,10.0,129.0,62.0,Male,2.0,143101.43,7.0,7.0
3177261,15.0,187.0,66.0,Male,2.0,218217.53,6.0,7.0
7858080,11.0,141.0,26.5,Female,3.0,83524.76,6.0,6.0
9949066,4.0,58.0,51.0,Unknown,4.0,58329.54000000001,4.0,4.0
7068155,5.0,65.0,43.0,Female,2.0,36731.36,5.0,5.0
2692994,8.0,100.0,57.0,Unknown,3.0,291596.04,6.0,7.0
1774740,5.0,64.0,23.0,Female,2.0,20249.29,1.0,1.0
6194030,23.0,276.0,58.0,Unknown,4.0,886879.2000000001,6.0,7.0
7557951,8.0,107.0,48.0,Female,4.0,312267.93,4.0,4.0
1807720,9.0,110.0,52.0,Unknown,3.0,25710.63,4.0,5.0
5976222,4.0,58.0,30.0,Female,2.0,18628.96,4.0,4.0
2360974,6.0,74.0,64.0,Unknown,2.0,142028.36,3.0,3.0
5502612,14.0,179.0,46.0,Female,2.0,18884.75,5.0,5.0
7834443,6.0,75.0,41.5,Unknown,2.0,29155.59,1.0,1.0
3892363,6.0,80.0,27.5,Female,2.0,39246.1,3.0,3.0
7034585,15.0,190.0,47.5,Unknown,3.0,119811.35,2.0,2.0
2806789,6.0,77.0,65.5,Unknown,2.0,41755.53,7.0,7.0
6938513,5.0,61.0,20.0,Unknown,3.0,57897.62,3.0,3.0
8799398,34.0,417.0,66.0,Male,4.0,88479.02,2.0,2.0
3863491,5.0,60.0,27.0,Unknown,2.0,36592.53,1.0,1.0
1869262,7.0,84.0,46.5,Unknown,2.0,38998.99,4.0,4.0
2728654,14.0,179.0,66.5,Male,2.0,48717.65,3.0,3.0
5254027,13.0,157.0,23.0,Male,2.0,41456.84,3.0,3.0
8823995,5.0,68.0,61.5,Male,2.0,178867.68,4.0,4.0
3092836,11.0,140.0,30.0,Male,2.0,81479.72,6.0,6.0
4361691,37.0,447.0,75.5,Male,2.0,25801.96,3.0,3.0
7403750,26.0,317.0,56.5,Female,2.0,82142.88,2.0,2.0
664289,6.0,79.0,20.5,Unknown,2.0,39144.39,5.0,5.0
7111122,22.0,268.0,54.5,Male,3.0,162341.61,6.0,6.0
7910426,25.0,306.0,59.5,Male,3.0,44253.25,7.0,7.0
8191606,20.0,250.0,58.0,Male,3.0,141474.66,3.0,3.0
713216,18.0,224.0,75.0,Male,3.0,725204.63,2.0,2.0
1863198,17.0,208.0,70.5,Male,2.0,86579.06999999999,1.0,1.0
4419145,16.0,193.0,47.5,Male,2.0,86787.58,3.0,4.0
3525249,28.0,340.0,59.5,Male,4.0,138227.97999999998,5.0,5.0
4925034,7.0,89.0,23.5,Unknown,3.0,59055.04999999999,7.0,7.0
2882401,15.0,181.0,60.0,Female,2.0,206058.61,1.0,1.0
1100410,27.0,335.0,50.0,Male,3.0,141937.74,6.0,6.0
47291,5.0,68.0,23.0,Unknown,3.0,40735.61,7.0,7.0
9938907,5.0,60.0,47.0,Unknown,3.0,595615.2200000001,7.0,7.0
1406392,6.0,79.0,45.5,Unknown,2.0,164342.87,4.0,4.0
7669517,11.0,142.0,60.5,Female,2.0,66835.4,1.0,1.0
8556534,15.0,190.0,33.5,Female,2.0,49804.7,3.0,3.0
8930349,5.0,68.0,61.5,Male,2.0,234212.81,7.0,7.0
9672580,9.0,111.0,28.0,Female,2.0,93695.37,7.0,7.0
159954,4.0,59.0,46.5,Unknown,2.0,30896.27,3.0,3.0
412412,21.0,253.0,48.0,Male,2.0,31353.36,3.0,3.0
5358233,4.0,58.0,30.0,Unknown,4.0,18487.87,6.0,6.0
2210014,9.0,110.0,54.0,Female,2.0,72524.48999999999,3.0,3.0
3078852,25.0,304.0,24.5,Male,2.0,22412.15,2.0,2.0
8853312,20.0,245.0,41.5,Male,3.0,67886.43,7.0,7.0
5151031,4.0,58.0,40.5,Unknown,2.0,34071.27,2.0,2.0
6528363,6.0,82.0,41.0,Unknown,2.0,49127.33,2.0,2.0
8671056,33.0,397.0,51.0,Female,2.0,67417.37,3.0,3.0
3791437,14.0,179.0,35.0,Female,2.0,23160.43,2.0,2.0
7254655,3.0,36.0,50.0,Unknown,2.0,402235.06,7.0,7.0
8593419,6.0,82.0,28.5,Unknown,2.0,19728.67,7.0,7.0
6376036,11.0,138.0,23.0,Female,2.0,24850.97,1.0,1.0
5050935,7.0,95.0,61.0,Male,3.0,119866.13,3.0,3.0
1430465,4.0,59.0,19.5,Male,2.0,32889.23,6.0,6.0
1456394,5.0,70.0,32.5,Unknown,2.0,25793.98,2.0,2.0
7449834,28.0,342.0,65.5,Female,2.0,90389.28,6.0,6.0
7173665,20.0,242.0,43.5,Female,2.0,33994.64,4.0,4.0
3465203,6.0,74.0,36.0,Unknown,2.0,297628.02,1.0,1.0
2346450,14.0,169.0,60.5,Male,2.0,48361.39,6.0,6.0
1134911,4.0,58.0,32.0,Male,2.0,122237.43,7.0,7.0
9267027,8.0,105.0,45.0,Male,2.0,438364.05,1.0,1.0
9119025,5.0,69.0,44.5,Unknown,2.0,136412.12,7.0,7.0
6375496,23.0,280.0,42.0,Male,2.0,43976.17,1.0,1.0
3601235,29.0,358.0,55.5,Male,2.0,22106.08,1.0,1.0
4236090,19.0,228.0,76.0,Male,2.0,113872.4,1.0,1.0
4054093,8.0,98.0,39.5,Unknown,3.0,43258.33,3.0,3.0
6778595,14.0,178.0,25.0,Female,2.0,55185.59,3.0,3.0
8579373,14.0,174.0,64.5,Female,2.0,34124.89,7.0,7.0
7967113,29.0,354.0,52.5,Female,3.0,59263.51,7.0,7.0
9474611,5.0,66.0,18.0,Unknown,2.0,42904.0,7.0,7.0
3893476,4.0,50.0,21.0,Unknown,3.0,24704.28,7.0,7.0
4909638,29.0,352.0,62.5,Male,2.0,579346.39,7.0,7.0
7392911,15.0,184.0,54.0,Male,2.0,24321.15,2.0,3.0
2662563,3.0,40.0,55.5,Unknown,2.0,426517.25,7.0,7.0
6545518,5.0,64.0,45.0,Male,2.0,29294.61,7.0,7.0
3192509,16.0,194.0,43.0,Female,2.0,135353.41999999998,3.0,3.0
9887575,4.0,59.0,30.5,Unknown,2.0,33226.399999999994,2.0,2.0
8121285,14.0,176.0,76.0,Male,2.0,368335.11,4.0,4.0
6794909,5.0,61.0,24.0,Unknown,2.0,15592.329999999998,1.0,2.0
6811662,7.0,94.0,58.5,Unknown,2.0,202940.29,5.0,5.0
8498551,9.0,113.0,30.5,Male,3.0,52553.05,7.0,7.0
9271807,12.0,146.0,65.0,Female,4.0,501026.99,1.0,1.0
172850,11.0,135.0,28.5,Female,2.0,62297.51999999999,6.0,6.0
5819888,10.0,125.0,66.5,Female,2.0,20774.52,3.0,5.0
7306927,21.0,259.0,70.5,Female,2.0,26300.71,1.0,1.0
1636915,20.0,248.0,51.5,Male,5.0,418963.93,6.0,6.0
2349976,17.0,215.0,51.5,Unknown,3.0,177732.34000000003,6.0,6.0
5448600,15.0,181.0,66.0,Male,2.0,87797.49,1.0,2.0
4934396,7.0,94.0,47.5,Unknown,4.0,188635.03,7.0,7.0
5439532,15.0,182.0,51.5,Female,2.0,102629.72,1.0,1.0
3428168,6.0,77.0,17.5,Unknown,2.0,50880.27,7.0,7.0
3051657,4.0,58.0,30.5,Unknown,2.0,21342.34,1.0,1.0
3412925,6.0,75.0,20.5,Unknown,2.0,27767.46,7.0,7.0
7256011,5.0,70.0,29.0,Unknown,2.0,30096.11,2.0,2.0
9398031,4.0,56.0,23.5,Unknown,2.0,34384.34,5.0,5.0
3016201,6.0,76.0,19.5,Unknown,3.0,57184.16,7.0,7.0
5843557,6.0,73.0,27.0,Unknown,2.0,51215.99,5.0,5.0
6171298,14.0,178.0,67.5,Male,2.0,138407.03,6.0,6.0
9553703,9.0,118.0,53.0,Male,2.0,414318.13,3.0,3.0
4303383,14.0,178.0,54.0,Female,3.0,34393.8,3.0,4.0
6862968,21.0,257.0,54.0,Female,4.0,512374.83,1.0,1.0
5686497,18.0,226.0,51.0,Female,2.0,101558.51,3.0,3.0
9076046,7.0,92.0,27.5,Unknown,2.0,35404.89,7.0,7.0
4152438,14.0,172.0,29.0,Male,2.0,16569.1,2.0,2.0
7633409,15.0,186.0,46.0,Male,2.0,51453.98,7.0,7.0
9752932,4.0,57.0,58.0,Male,4.0,1925374.34,1.0,2.0
1955955,28.0,336.0,23.5,Male,2.0,23387.58,4.0,4.0
270580,12.0,154.0,46.5,Male,2.0,21137.41,1.0,1.0
5241084,8.0,96.0,50.5,Unknown,2.0,47813.61,7.0,7.0
2403812,5.0,70.0,45.0,Unknown,2.0,30587.29,1.0,1.0
1222939,8.0,105.0,52.0,Male,2.0,54546.94,4.0,4.0
446845,15.0,185.0,51.5,Female,2.0,609901.89,4.0,4.0
712604,15.0,191.0,56.0,Female,2.0,182179.35,7.0,7.0
686594,7.0,88.0,40.5,Unknown,2.0,17934.46,3.0,3.0
8826315,8.0,107.0,49.0,Male,2.0,95168.72,2.0,2.0
5351638,18.0,217.0,56.5,Female,3.0,26090.1,2.0,2.0
1740851,30.0,366.0,24.5,Male,2.0,14781.379999999996,1.0,1.0
1932293,5.0,71.0,59.0,Male,2.0,44106.85,2.0,2.0
9088011,6.0,78.0,53.5,Unknown,2.0,84562.14,3.0,3.0
7292235,14.0,172.0,41.0,Male,2.0,19111.83,2.0,2.0
6287758,14.0,176.0,45.5,Male,2.0,117598.05,2.0,2.0
9813324,14.0,171.0,34.5,Female,2.0,351517.49,4.0,4.0
8091243,9.0,118.0,20.5,Unknown,3.0,53720.52,3.0,3.0
7123461,3.0,38.0,15.0,Unknown,2.0,18643.5,3.0,3.0
2630682,4.0,58.0,60.0,Unknown,2.0,327338.71,1.0,1.0
9188917,16.0,195.0,56.0,Unknown,2.0,96432.02,2.0,2.0
5306548,6.0,77.0,39.0,Female,3.0,33724.92999999999,5.0,5.0
7472675,5.0,63.0,26.0,Male,3.0,55232.49,7.0,7.0
1238605,35.0,425.0,53.5,Male,3.0,309508.52,7.0,7.0
5367922,13.0,162.0,36.5,Female,2.0,74691.29999999999,1.0,1.0
3711432,18.0,216.0,34.5,Male,2.0,34611.09,1.0,1.0
1741478,6.0,82.0,23.0,Unknown,3.0,79074.11,6.0,6.0
5862002,16.0,197.0,33.5,Male,2.0,85064.59,6.0,6.0
2139803,14.0,177.0,72.5,Male,2.0,59911.12,2.0,2.0
6266336,7.0,90.0,28.5,Unknown,2.0,43244.36,3.0,3.0
3156917,12.0,146.0,38.0,Male,2.0,44879.32,7.0,7.0
890289,22.0,271.0,43.5,Male,2.0,54643.46,7.0,7.0
4075696,22.0,266.0,47.5,Male,3.0,53987.31,7.0,7.0
8986516,21.0,259.0,36.0,Male,3.0,140100.55,4.0,4.0
3639933,6.0,76.0,61.5,Male,2.0,30754.53,1.0,1.0
155252,18.0,223.0,49.0,Male,2.0,19212.35,2.0,2.0
2095380,12.0,149.0,47.5,Male,2.0,25665.2,1.0,1.0
234440,4.0,56.0,25.0,Unknown,2.0,20011.15,7.0,7.0
3705761,12.0,155.0,53.0,Female,2.0,271727.34,7.0,7.0
6102211,15.0,182.0,35.0,Female,2.0,96791.12,3.0,3.0
8772628,13.0,166.0,49.5,Female,2.0,47052.55,1.0,1.0
8674591,16.0,198.0,27.0,Female,2.0,162126.77999999997,7.0,7.0
3123098,6.0,81.0,50.0,Unknown,2.0,41223.56,5.0,5.0
614797,5.0,65.0,17.5,Unknown,2.0,16427.92,1.0,1.0
9882330,9.0,108.0,26.5,Male,2.0,77125.63,7.0,7.0
3644691,7.0,85.0,43.0,Unknown,2.0,47539.13,3.0,3.0
7692717,12.0,154.0,31.5,Female,2.0,135308.09,5.0,5.0
7575180,15.0,187.0,75.0,Female,2.0,151782.76,3.0,3.0
4872362,12.0,151.0,25.0,Male,2.0,20807.52,3.0,3.0
7578528,7.0,94.0,46.0,Unknown,2.0,26323.1,7.0,7.0
3173127,6.0,82.0,61.5,Unknown,2.0,33008.55,1.0,1.0
5847145,6.0,74.0,25.5,Unknown,2.0,25476.35,1.0,1.0
9305000,6.0,82.0,43.5,Unknown,2.0,56274.78,4.0,4.0
9824236,27.0,334.0,63.0,Male,4.0,1001396.46,7.0,7.0
7622594,16.0,193.0,58.0,Female,2.0,28809.6,1.0,1.0
9419483,20.0,248.0,66.5,Male,4.0,459575.48,5.0,5.0
7867053,18.0,216.0,23.5,Male,3.0,71624.07,4.0,4.0
1656810,13.0,165.0,53.5,Male,2.0,33542.13,2.0,2.0
2839225,8.0,106.0,23.0,Male,2.0,81846.44,5.0,5.0
2169671,16.0,198.0,40.0,Female,2.0,51714.46,1.0,1.0
3062398,4.0,57.0,27.5,Unknown,2.0,40461.0,7.0,7.0
367801,32.0,387.0,53.5,Female,3.0,277056.2,5.0,5.0
2085221,6.0,80.0,28.5,Unknown,2.0,21391.87,3.0,3.0
4847984,21.0,260.0,16.0,Male,2.0,46085.7,3.0,3.0
8144750,7.0,84.0,54.0,Unknown,3.0,2269134.19,7.0,7.0
6964807,28.0,339.0,55.0,Unknown,3.0,179289.71999999997,6.0,6.0
8891619,9.0,111.0,29.0,Male,2.0,30256.93,2.0,2.0
7816337,4.0,52.0,49.0,Female,2.0,21893.52,4.0,4.0
499225,7.0,90.0,19.5,Unknown,2.0,30761.54,7.0,7.0
5363643,16.0,196.0,63.0,Male,2.0,22640.08,7.0,7.0
7779698,9.0,109.0,50.5,Male,2.0,16453.53,7.0,7.0
4058987,15.0,191.0,25.0,Female,2.0,87992.98,3.0,3.0
2284957,7.0,84.0,50.5,Unknown,2.0,50941.26,5.0,5.0
5647369,4.0,59.0,49.0,Unknown,2.0,152854.13,3.0,3.0
539200,5.0,71.0,50.5,Unknown,2.0,20462.69,1.0,1.0
9476033,4.0,59.0,52.5,Female,2.0,235570.41,6.0,6.0
3508448,13.0,166.0,60.5,Female,2.0,21649.09,1.0,1.0
3480837,16.0,196.0,46.0,Female,2.0,23392.25,1.0,1.0
3839439,6.0,82.0,27.0,Female,2.0,56717.850000000006,5.0,5.0
1813498,11.0,140.0,25.5,Female,3.0,70286.78,3.0,3.0
3109468,22.0,275.0,47.0,Male,2.0,94432.57,7.0,7.0
6493625,18.0,227.0,51.5,Male,2.0,70987.34,2.0,2.0
1244191,5.0,69.0,43.5,Unknown,2.0,27341.14,1.0,1.0
9438168,13.0,158.0,27.0,Male,2.0,53379.17,5.0,5.0
9478453,8.0,104.0,58.5,Male,2.0,23533.08,6.0,6.0
7322837,14.0,179.0,44.5,Male,2.0,70052.61,2.0,2.0
5201631,5.0,65.0,25.0,Unknown,2.0,37541.81,7.0,7.0
8508988,14.0,176.0,68.5,Male,3.0,203778.01,4.0,4.0
4627433,15.0,190.0,48.0,Male,2.0,36125.49,2.0,2.0
3993895,6.0,83.0,21.5,Unknown,4.0,2290774.44,7.0,7.0
1087694,14.0,170.0,66.5,Female,2.0,16553.609999999997,4.0,5.0
1976778,27.0,334.0,56.5,Male,2.0,81504.37,7.0,7.0
5235008,28.0,344.0,62.0,Male,2.0,113545.17,7.0,7.0
7852711,10.0,122.0,21.0,Male,2.0,22459.54,2.0,2.0
1992501,15.0,180.0,64.5,Male,3.0,223798.47,7.0,7.0
2423979,10.0,120.0,63.5,Male,2.0,28119.54,7.0,7.0
310036,12.0,150.0,27.5,Male,2.0,46386.21,5.0,5.0
8280336,7.0,90.0,38.5,Unknown,2.0,19690.3,1.0,1.0
4896760,12.0,146.0,46.0,Male,2.0,24289.09,1.0,1.0
6893151,12.0,154.0,28.5,Female,2.0,39130.22,2.0,2.0
5047307,24.0,296.0,41.0,Female,3.0,39571.76,5.0,5.0
7990369,22.0,275.0,38.0,Female,2.0,174421.28999999998,1.0,1.0
78908,7.0,89.0,55.5,Unknown,2.0,236572.04,2.0,2.0
3275244,10.0,122.0,37.0,Female,2.0,91254.09,2.0,2.0
7357430,30.0,366.0,76.0,Female,2.0,262769.45,1.0,6.0
5859904,35.0,430.0,21.0,Female,2.0,46574.29,7.0,7.0
6335527,10.0,120.0,44.0,Male,2.0,187296.78,4.0,4.0
6707504,6.0,81.0,30.0,Unknown,3.0,48579.73,7.0,7.0
7309670,5.0,66.0,26.5,Unknown,3.0,164785.7,5.0,5.0
8883027,5.0,60.0,27.0,Unknown,3.0,38388.2,7.0,7.0
8475416,11.0,132.0,25.0,Male,2.0,25415.08,3.0,3.0
8097874,13.0,161.0,27.0,Male,2.0,134345.65,7.0,7.0
8880386,11.0,136.0,31.5,Male,2.0,33745.36,6.0,6.0
2695208,9.0,110.0,31.5,Male,2.0,76925.0,1.0,1.0
197279,8.0,99.0,47.5,Unknown,2.0,165158.7,3.0,3.0
6320764,16.0,200.0,37.5,Female,3.0,101594.1,7.0,7.0
3362077,8.0,104.0,39.0,Female,3.0,43274.33,6.0,6.0
8070904,13.0,167.0,46.5,Male,2.0,39044.42999999999,1.0,1.0
2048914,15.0,191.0,33.0,Female,3.0,64355.98,1.0,1.0
4461444,22.0,264.0,38.5,Female,2.0,19548.84,4.0,4.0
6808833,7.0,91.0,34.0,Unknown,2.0,46677.93,7.0,7.0
9301379,7.0,95.0,26.5,Unknown,2.0,15454.73,1.0,1.0
2663159,5.0,70.0,59.5,Unknown,2.0,31538.77,1.0,1.0
3913146,14.0,179.0,75.5,Female,2.0,347926.93,1.0,1.0
5068789,7.0,88.0,63.0,Unknown,2.0,145364.74,6.0,6.0
8459597,4.0,59.0,19.0,Unknown,2.0,59117.67999999999,4.0,4.0
128028,12.0,148.0,55.0,Male,2.0,149357.71999999997,2.0,2.0
9028394,13.0,165.0,38.0,Male,2.0,610994.52,7.0,7.0
4932486,4.0,59.0,19.0,Unknown,2.0,17568.46,4.0,4.0
4839846,9.0,119.0,64.5,Female,2.0,111092.99,3.0,3.0
3048101,9.0,112.0,17.0,Male,3.0,37132.77,1.0,1.0
6473415,24.0,296.0,51.0,Male,3.0,509348.91,7.0,7.0
6745409,9.0,119.0,56.5,Female,2.0,153154.59999999998,2.0,3.0
8696018,15.0,189.0,53.0,Female,2.0,281872.32,3.0,3.0
3818775,7.0,93.0,55.0,Female,2.0,194701.62,7.0,7.0
679551,18.0,218.0,66.0,Male,2.0,527722.61,5.0,5.0
793953,14.0,179.0,57.0,Male,2.0,157380.09999999998,2.0,2.0
1802943,6.0,82.0,70.0,Unknown,2.0,174560.25,2.0,2.0
5931150,22.0,264.0,42.5,Male,2.0,28981.97,7.0,7.0
351846,20.0,247.0,58.5,Male,2.0,17580.32,3.0,4.0
7152953,6.0,80.0,26.0,Unknown,2.0,14006.949999999995,1.0,2.0
6766368,12.0,154.0,62.5,Female,3.0,517927.17,7.0,7.0
2052229,11.0,141.0,38.5,Male,2.0,15033.519999999997,2.0,2.0
3819262,16.0,193.0,50.0,Male,3.0,157644.91999999998,7.0,7.0
573929,4.0,50.0,59.5,Male,2.0,858626.89,7.0,7.0
3432977,10.0,130.0,25.0,Female,2.0,74345.23,1.0,1.0
9883396,10.0,127.0,69.5,Female,2.0,325862.9,7.0,7.0
656207,11.0,143.0,44.0,Male,4.0,123172.19,2.0,2.0
2837785,6.0,72.0,29.5,Unknown,3.0,44469.44,6.0,6.0
2451571,7.0,91.0,27.5,Unknown,2.0,36749.56,3.0,3.0
4632160,10.0,130.0,35.0,Unknown,2.0,1462786.3299999998,7.0,7.0
9999839,13.0,160.0,28.5,Female,2.0,67425.35,3.0,3.0
3680614,6.0,79.0,55.5,Unknown,2.0,77911.78,3.0,3.0
6865337,5.0,67.0,22.5,Unknown,2.0,20859.09,7.0,7.0
1310232,4.0,58.0,53.0,Male,2.0,4684076.16,7.0,7.0
8829372,12.0,147.0,21.5,Male,3.0,168510.41999999998,7.0,7.0
3488652,5.0,70.0,40.0,Unknown,2.0,42084.67999999999,3.0,3.0
9293224,6.0,82.0,47.0,Unknown,2.0,61928.09,1.0,1.0
3200708,12.0,144.0,26.5,Male,3.0,67891.39,7.0,7.0
6136921,16.0,203.0,71.0,Male,3.0,143855.01,3.0,3.0
7452638,6.0,74.0,64.5,Unknown,2.0,80955.26,7.0,7.0
3021476,12.0,144.0,36.5,Female,3.0,152062.05,5.0,5.0
3954320,19.0,229.0,34.0,Male,2.0,77671.2,2.0,2.0
6764889,16.0,200.0,57.5,Male,2.0,33274.82,7.0,7.0
5920904,12.0,145.0,39.5,Male,2.0,793776.2300000001,4.0,4.0
8671102,5.0,71.0,52.0,Unknown,3.0,55375.2,3.0,3.0
2451801,9.0,118.0,26.5,Male,2.0,17487.949999999997,3.0,3.0
518687,7.0,84.0,23.0,Female,2.0,17327.57,4.0,4.0
1404246,15.0,184.0,41.5,Female,5.0,433157.41,7.0,7.0
7812678,13.0,167.0,36.0,Male,3.0,73108.82,7.0,7.0
3394286,7.0,95.0,41.0,Unknown,2.0,56365.79999999999,4.0,4.0
7634872,4.0,58.0,52.5,Female,3.0,48579.23,6.0,6.0
1516519,12.0,154.0,59.5,Male,2.0,241017.95,7.0,7.0
1497297,21.0,263.0,87.0,Male,3.0,1831037.01,6.0,6.0
8647962,21.0,263.0,52.5,Male,2.0,498176.65,7.0,7.0
8975133,19.0,228.0,23.5,Male,2.0,37606.5,2.0,2.0
968837,16.0,194.0,50.0,Female,2.0,68661.88,3.0,3.0
8569540,11.0,140.0,43.5,Female,2.0,28325.27,1.0,2.0
4964604,4.0,53.0,41.5,Unknown,3.0,37203.0,7.0,7.0
5019497,5.0,68.0,43.0,Unknown,2.0,116270.31,7.0,7.0
1076261,5.0,66.0,25.5,Male,2.0,30808.03,2.0,2.0
1558306,16.0,193.0,45.5,Male,2.0,54064.4,4.0,4.0
5008187,5.0,70.0,57.0,Unknown,2.0,38813.73,5.0,5.0
4928097,14.0,174.0,58.0,Male,2.0,130302.72999999998,3.0,3.0
2399498,4.0,58.0,22.5,Unknown,2.0,27300.35,3.0,3.0
9190444,14.0,173.0,35.5,Male,2.0,246591.92,1.0,1.0
5222847,16.0,202.0,30.5,Female,2.0,43105.96,2.0,2.0
1120576,8.0,104.0,78.0,Female,2.0,216277.45,7.0,7.0
6276236,7.0,85.0,23.0,Unknown,2.0,30914.04,7.0,7.0
716512,24.0,293.0,46.5,Female,2.0,33751.899999999994,4.0,4.0
5773024,22.0,269.0,54.0,Male,2.0,154253.86,5.0,5.0
8898764,16.0,201.0,16.5,Female,2.0,18165.02,1.0,1.0
7220661,8.0,105.0,36.0,Male,2.0,118204.54,1.0,1.0
231896,14.0,173.0,36.5,Male,2.0,115797.5,7.0,7.0
5158406,17.0,215.0,47.0,Male,3.0,28405.97,3.0,4.0
4177419,6.0,73.0,56.0,Female,2.0,28354.17,3.0,3.0
5243837,5.0,60.0,42.0,Unknown,2.0,616874.9800000001,7.0,7.0
9511439,3.0,43.0,40.5,Unknown,2.0,32692.5,1.0,1.0
6114426,14.0,179.0,52.5,Male,2.0,240473.74,2.0,2.0
9920197,5.0,63.0,53.0,Unknown,3.0,285879.64,7.0,7.0
9667427,8.0,106.0,57.0,Female,3.0,339165.24,4.0,4.0
5197508,7.0,94.0,46.0,Unknown,2.0,44201.24,4.0,4.0
1420348,10.0,123.0,40.0,Unknown,2.0,194464.11,4.0,4.0
1550858,8.0,107.0,48.5,Male,2.0,27744.83,1.0,1.0
2795160,10.0,121.0,67.5,Female,2.0,108321.76,5.0,5.0
4559066,13.0,156.0,63.5,Male,2.0,270078.56,7.0,7.0
3801774,12.0,144.0,32.0,Male,2.0,56341.29999999999,7.0,7.0
2899220,32.0,395.0,67.0,Female,3.0,114171.66,7.0,7.0
6868367,5.0,68.0,30.0,Unknown,2.0,21056.46,4.0,4.0
310651,7.0,94.0,30.5,Female,2.0,36397.62,2.0,2.0
6486771,6.0,75.0,40.0,Unknown,2.0,27843.9,4.0,4.0
63369,12.0,154.0,53.0,Unknown,2.0,18374.77,1.0,1.0
7001797,16.0,194.0,41.5,Male,3.0,114257.88,5.0,5.0
2972221,15.0,189.0,36.5,Male,2.0,62791.79000000001,7.0,7.0
3447089,7.0,95.0,62.0,Unknown,2.0,23037.42,7.0,7.0
5121993,11.0,143.0,42.0,Male,2.0,42634.4,6.0,6.0
9524387,9.0,119.0,57.5,Female,2.0,90915.76,6.0,6.0
8855867,15.0,189.0,38.0,Male,2.0,16871.039999999997,5.0,5.0
3715146,4.0,57.0,39.5,Unknown,2.0,17541.93,5.0,5.0
4798633,5.0,71.0,23.5,Unknown,2.0,51828.13,7.0,7.0
9942595,6.0,75.0,20.0,Unknown,2.0,49988.39,7.0,7.0
1020453,5.0,70.0,32.0,Unknown,3.0,137341.46,4.0,4.0
2931568,9.0,118.0,26.5,Female,2.0,45917.0,7.0,7.0
8117199,7.0,90.0,29.5,Unknown,3.0,128895.84999999998,2.0,2.0
2465636,5.0,64.0,19.0,Unknown,2.0,20262.38,5.0,5.0
5580621,22.0,275.0,61.0,Male,2.0,114598.81,7.0,7.0
8421181,21.0,253.0,55.5,Female,3.0,182105.73,4.0,4.0
6024570,30.0,361.0,49.5,Female,2.0,130518.84999999998,4.0,4.0
3347727,19.0,235.0,54.5,Male,2.0,206297.6,5.0,5.0
1518319,15.0,189.0,23.0,Male,2.0,32829.0,7.0,7.0
601021,11.0,143.0,28.5,Female,2.0,117688.62,7.0,7.0
8969653,6.0,82.0,63.5,Unknown,2.0,51678.93,7.0,7.0
3758674,16.0,194.0,31.5,Male,2.0,63341.78,3.0,3.0
9129528,6.0,74.0,33.5,Unknown,3.0,470452.24,2.0,2.0
5583757,24.0,288.0,18.5,Unknown,3.0,63573.19,4.0,4.0
196491,7.0,90.0,23.5,Unknown,2.0,26905.04,1.0,1.0
954716,4.0,58.0,29.5,Unknown,2.0,24170.66,4.0,4.0
8335864,6.0,72.0,44.5,Unknown,3.0,413421.41,2.0,2.0
5593992,6.0,76.0,24.5,Unknown,2.0,26480.41,3.0,3.0
5160751,11.0,134.0,36.5,Female,2.0,101949.74,1.0,1.0
185435,11.0,139.0,82.0,Female,2.0,23665.63,4.0,4.0
4911233,14.0,168.0,32.5,Female,5.0,110176.58,7.0,7.0
9387110,14.0,178.0,34.5,Female,2.0,28384.78,4.0,4.0
8391414,10.0,129.0,26.5,Male,2.0,42485.24,7.0,7.0
7727210,6.0,82.0,41.0,Unknown,2.0,22069.34,2.0,2.0
8611642,15.0,180.0,49.5,Female,2.0,43571.75,2.0,2.0
1507547,6.0,78.0,59.5,Female,2.0,77104.82,5.0,5.0
9956076,31.0,373.0,55.0,Male,2.0,230052.97,4.0,4.0
283176,20.0,240.0,62.0,Male,3.0,1297370.74,7.0,7.0
9305741,28.0,342.0,80.5,Male,2.0,91488.64,3.0,3.0
3222699,7.0,89.0,22.0,Unknown,2.0,26509.73,1.0,1.0
5577288,5.0,60.0,64.5,Female,2.0,394724.4,1.0,3.0
3887568,5.0,61.0,73.0,Unknown,2.0,34730.67,7.0,7.0
8652410,14.0,175.0,58.5,Male,2.0,29809.35,2.0,2.0
9913011,14.0,179.0,52.0,Male,2.0,165364.53999999998,2.0,2.0
4793177,13.0,160.0,49.0,Male,2.0,54055.37,7.0,7.0
5617581,5.0,67.0,59.5,Female,2.0,169012.96999999997,1.0,1.0
5519141,4.0,57.0,24.5,Unknown,3.0,23086.36,6.0,6.0
9472142,8.0,107.0,62.5,Male,2.0,36023.57,4.0,4.0
2279174,8.0,97.0,47.5,Unknown,2.0,156153.25,6.0,6.0
469805,5.0,60.0,51.5,Unknown,3.0,122400.46,5.0,5.0
8319978,4.0,59.0,41.5,Unknown,2.0,29705.99,1.0,1.0
5377741,11.0,133.0,25.5,Female,2.0,20269.42,2.0,2.0
4870535,23.0,284.0,29.5,Male,2.0,81611.05,3.0,3.0
2948933,3.0,45.0,51.0,Female,3.0,194925.92,4.0,6.0
4941853,15.0,181.0,79.5,Male,2.0,30044.1,4.0,4.0
4925455,5.0,62.0,24.0,Female,2.0,40422.31,3.0,3.0
4956538,6.0,72.0,64.5,Male,4.0,121394.24,6.0,6.0
6524300,25.0,303.0,57.5,Male,4.0,2040927.37,3.0,3.0
4353833,21.0,258.0,36.0,Female,2.0,45717.62,2.0,2.0
6714978,20.0,247.0,34.5,Female,3.0,305624.02,7.0,7.0
8163788,18.0,226.0,37.0,Male,3.0,71795.56,6.0,7.0
8525517,15.0,189.0,41.0,Female,2.0,34450.05,7.0,7.0
2832338,4.0,58.0,24.0,Unknown,2.0,27357.65,3.0,3.0
1981036,10.0,130.0,34.5,Male,2.0,74527.39,7.0,7.0
5552369,14.0,172.0,61.5,Female,2.0,37076.62,5.0,5.0
4231750,27.0,334.0,85.0,Female,2.0,174460.96999999997,4.0,4.0
1365729,5.0,68.0,52.0,Unknown,2.0,118101.52,4.0,4.0
4963485,14.0,174.0,25.5,Female,3.0,76532.51,7.0,7.0
5662787,6.0,76.0,20.0,Female,3.0,22360.49,7.0,7.0
1516997,28.0,342.0,62.0,Female,2.0,638814.2100000001,3.0,3.0
7953607,9.0,111.0,27.5,Male,2.0,23451.65,4.0,4.0
4444354,8.0,100.0,60.0,Unknown,2.0,23795.119999999995,6.0,6.0
7496041,6.0,82.0,54.0,Unknown,2.0,56312.95,4.0,4.0
1703359,24.0,290.0,54.5,Female,2.0,123862.76,1.0,1.0
3883897,22.0,266.0,25.5,Female,2.0,44441.53,2.0,2.0
5541746,21.0,260.0,63.5,Female,2.0,225731.16,4.0,5.0
7193585,19.0,238.0,45.0,Female,2.0,105433.62,7.0,7.0
8483686,6.0,74.0,28.5,Unknown,2.0,39531.87,7.0,7.0
857200,14.0,171.0,54.5,Female,2.0,28257.52,3.0,3.0
6302078,7.0,94.0,27.5,Unknown,3.0,56367.07000000001,7.0,7.0
6056028,5.0,71.0,49.5,Unknown,2.0,45753.5,6.0,6.0
428068,4.0,58.0,48.5,Female,3.0,113473.79,7.0,7.0
6035741,6.0,76.0,22.5,Unknown,2.0,24668.53,7.0,7.0
561620,23.0,279.0,46.5,Male,4.0,120161.86,4.0,4.0
6636512,26.0,323.0,53.0,Male,2.0,749769.01,4.0,5.0
1331089,14.0,169.0,65.5,Female,2.0,15959.839999999997,2.0,2.0
9889375,16.0,194.0,40.0,Female,2.0,19097.56,2.0,2.0
8994725,15.0,190.0,51.0,Male,2.0,24363.84,7.0,7.0
819559,5.0,71.0,51.0,Unknown,2.0,41515.72,2.0,2.0
7642008,5.0,63.0,22.5,Female,3.0,31793.45,7.0,7.0
6981401,18.0,226.0,45.0,Male,2.0,48611.9,3.0,3.0
112549,30.0,367.0,53.5,Female,2.0,154279.78999999998,3.0,3.0
6932789,6.0,76.0,50.0,Unknown,2.0,29712.66,1.0,1.0
2641172,11.0,142.0,50.0,Female,3.0,976401.9,7.0,7.0
2788246,6.0,80.0,51.5,Unknown,2.0,51525.42,7.0,7.0
1133724,4.0,58.0,60.5,Unknown,2.0,21429.88,7.0,7.0
1997358,50.0,603.0,65.0,Male,2.0,14167.309999999998,3.0,4.0
9565269,16.0,197.0,65.0,Female,2.0,72761.56,7.0,7.0
4376739,4.0,56.0,41.0,Male,3.0,50892.31,7.0,7.0
6578440,11.0,141.0,39.5,Female,2.0,18836.47,3.0,3.0
3428139,9.0,109.0,66.0,Male,3.0,2195047.82,5.0,5.0
256377,4.0,58.0,47.5,Unknown,2.0,46650.86,4.0,4.0
426809,13.0,166.0,30.5,Male,2.0,70434.01,2.0,2.0
7641267,13.0,159.0,56.0,Male,2.0,233875.78,7.0,7.0
3427404,5.0,64.0,25.0,Unknown,2.0,21313.33,5.0,5.0
5749725,8.0,107.0,28.0,Female,2.0,60088.87,3.0,3.0
9320077,5.0,71.0,16.5,Unknown,2.0,21808.72,7.0,7.0
6588468,7.0,84.0,64.0,Unknown,2.0,43428.08,4.0,5.0
6420248,15.0,183.0,44.5,Female,2.0,17552.32,1.0,1.0
2122290,2.0,34.0,18.5,Unknown,3.0,31552.81,3.0,3.0
5839189,9.0,112.0,37.0,Female,3.0,281610.15,6.0,6.0
9616565,9.0,108.0,32.5,Female,2.0,50913.38,2.0,2.0
6686217,12.0,147.0,63.0,Female,2.0,110277.08,2.0,2.0
344410,24.0,293.0,55.5,Female,2.0,504496.11,3.0,3.0
7419712,21.0,256.0,62.5,Unknown,2.0,89295.28,2.0,2.0
8724508,16.0,192.0,40.5,Male,2.0,29224.94,5.0,5.0
1488904,13.0,161.0,54.5,Female,3.0,160036.94,2.0,2.0
8370689,9.0,109.0,59.0,Male,3.0,627155.36,7.0,7.0
7920181,7.0,90.0,51.0,Unknown,2.0,67953.26999999999,7.0,7.0
6231343,7.0,91.0,64.5,Unknown,3.0,48975.7,4.0,4.0
6041332,11.0,142.0,25.5,Male,3.0,39229.51,7.0,7.0
9943621,9.0,118.0,40.5,Male,2.0,93008.63,2.0,2.0
1280299,4.0,59.0,28.0,Unknown,2.0,108551.3,6.0,6.0
6551735,29.0,349.0,60.5,Female,2.0,357576.87,1.0,2.0
2740718,7.0,94.0,71.5,Unknown,2.0,67621.9,2.0,2.0
324208,11.0,132.0,43.5,Female,2.0,33683.22,7.0,7.0
219737,7.0,84.0,62.5,Unknown,2.0,232076.96,5.0,5.0
5153722,6.0,76.0,40.5,Male,2.0,76176.33,4.0,4.0
9290085,8.0,97.0,20.0,Male,2.0,15308.35,7.0,7.0
5969420,13.0,166.0,33.5,Male,2.0,41336.67999999999,3.0,3.0
9786694,6.0,83.0,66.5,Unknown,2.0,309938.34,7.0,7.0
9609975,6.0,81.0,60.0,Unknown,2.0,87007.2,3.0,3.0
2480711,5.0,70.0,21.0,Unknown,2.0,18102.43,7.0,7.0
870892,7.0,94.0,29.0,Unknown,2.0,71007.35,3.0,3.0
5040254,10.0,130.0,53.5,Male,2.0,47424.83,2.0,2.0
3800611,11.0,135.0,29.0,Male,2.0,89260.13,2.0,2.0
8530846,13.0,167.0,68.5,Female,2.0,32849.649999999994,2.0,2.0
5076439,6.0,82.0,46.0,Unknown,2.0,20000.17,4.0,4.0
9971036,15.0,190.0,65.0,Male,3.0,57427.86,7.0,7.0
6516609,10.0,123.0,52.0,Female,2.0,14058.609999999995,2.0,2.0
204639,8.0,97.0,49.0,Unknown,2.0,18915.26,3.0,3.0
9815141,19.0,233.0,59.0,Female,2.0,15412.109999999995,7.0,7.0
1652278,5.0,67.0,16.0,Unknown,2.0,16662.909999999996,5.0,5.0
5178652,24.0,288.0,28.5,Male,2.0,71834.47,6.0,6.0
8771875,22.0,275.0,30.5,Female,3.0,80691.59,2.0,2.0
4397461,20.0,241.0,77.0,Male,2.0,21896.57,7.0,7.0
420394,17.0,215.0,28.5,Unknown,3.0,148495.51,4.0,5.0
98088,17.0,208.0,37.5,Unknown,2.0,28400.85,3.0,3.0
8770446,15.0,182.0,36.5,Female,2.0,298299.3,1.0,1.0
4610170,15.0,181.0,31.5,Male,2.0,67787.41,2.0,2.0
5557598,12.0,153.0,32.5,Male,2.0,120600.04,7.0,7.0
3433249,5.0,62.0,30.5,Unknown,2.0,25699.02,2.0,2.0
2163656,3.0,42.0,24.0,Unknown,3.0,45393.91,5.0,5.0
4822843,13.0,157.0,45.5,Unknown,2.0,113575.02,3.0,3.0
6551798,16.0,194.0,42.0,Female,2.0,18282.89,3.0,3.0
7036801,5.0,71.0,29.5,Unknown,2.0,28784.59,7.0,7.0
3662669,5.0,70.0,36.5,Unknown,2.0,50137.52,1.0,1.0
4745957,10.0,121.0,27.0,Male,2.0,29158.259999999995,6.0,6.0
5503026,7.0,88.0,26.0,Unknown,3.0,44518.87,5.0,5.0
2702230,5.0,68.0,23.5,Unknown,2.0,21096.7,2.0,2.0
6319111,11.0,132.0,28.0,Male,2.0,424253.12,6.0,6.0
8176987,23.0,277.0,42.0,Male,2.0,245489.09000000003,3.0,3.0
4748263,21.0,253.0,41.0,Male,2.0,97443.4,1.0,1.0
9555595,16.0,198.0,65.0,Female,2.0,93680.39,4.0,5.0
1706397,7.0,92.0,28.0,Unknown,3.0,70234.75,6.0,6.0
1425930,10.0,123.0,30.0,Unknown,2.0,136362.91,4.0,4.0
2071086,8.0,105.0,32.5,Male,2.0,41814.92,6.0,6.0
7578743,11.0,134.0,49.0,Male,2.0,178401.26,3.0,3.0
3144027,10.0,120.0,32.5,Female,2.0,18867.91,1.0,1.0
5539164,5.0,67.0,63.0,Female,2.0,39453.11,7.0,7.0
4647381,7.0,85.0,27.0,Unknown,2.0,31717.33,7.0,7.0
596218,5.0,64.0,40.5,Male,2.0,93248.42,2.0,2.0
1612233,8.0,102.0,29.0,Unknown,2.0,72210.92,7.0,7.0
589239,6.0,73.0,34.0,Male,2.0,16175.839999999997,5.0,5.0
1067702,5.0,71.0,23.5,Unknown,3.0,49760.98,4.0,4.0
3695768,15.0,188.0,44.5,Female,2.0,14488.37,2.0,3.0
2022488,14.0,168.0,54.0,Male,2.0,88737.22,2.0,2.0
2305589,8.0,98.0,28.5,Female,2.0,35520.83,7.0,7.0
7526030,14.0,169.0,48.5,Unknown,2.0,16848.059999999998,1.0,1.0
2297033,12.0,152.0,50.5,Male,2.0,77881.89,1.0,1.0
4501536,28.0,339.0,65.5,Male,2.0,170582.40999999997,5.0,5.0
1050756,14.0,179.0,62.0,Female,3.0,594105.9600000001,7.0,7.0
6795725,15.0,186.0,66.0,Female,2.0,84797.28,7.0,7.0
1459573,15.0,181.0,57.0,Male,2.0,556362.62,2.0,2.0
7009640,6.0,79.0,74.0,Unknown,2.0,15169.949999999995,2.0,2.0
2422134,12.0,144.0,51.0,Female,2.0,19455.13,3.0,3.0
5396479,6.0,74.0,44.5,Unknown,2.0,26964.46,1.0,1.0
1550264,10.0,130.0,60.5,Male,2.0,149835.82,7.0,7.0
5456013,14.0,169.0,44.5,Male,2.0,13919.48,3.0,3.0
5465288,8.0,107.0,46.0,Male,2.0,299312.43,6.0,6.0
9453170,11.0,136.0,57.5,Male,2.0,148683.36,4.0,4.0
5098220,14.0,172.0,56.5,Male,2.0,23924.28,7.0,7.0
3459307,15.0,191.0,56.0,Female,2.0,23020.58,2.0,2.0
8359896,5.0,66.0,49.5,Female,2.0,402025.5,5.0,5.0
9561837,6.0,82.0,59.5,Unknown,2.0,60539.7,7.0,7.0
3230140,3.0,47.0,51.0,Female,3.0,44910.3,5.0,5.0
969572,8.0,106.0,59.0,Female,2.0,70505.01999999999,5.0,5.0
5066147,25.0,307.0,20.0,Unknown,2.0,19785.93,2.0,2.0
4440391,23.0,279.0,40.0,Male,2.0,113948.48,1.0,1.0
2265645,18.0,225.0,40.5,Male,3.0,480822.63,7.0,7.0
9895983,10.0,121.0,49.0,Male,2.0,97748.22,2.0,2.0
7260867,8.0,105.0,57.5,Female,2.0,13793.919999999998,7.0,7.0
5837861,28.0,337.0,22.0,Male,2.0,77127.25,1.0,1.0
3482893,12.0,152.0,39.5,Male,2.0,81156.84,1.0,1.0
2755544,5.0,71.0,27.0,Unknown,2.0,41393.42,7.0,7.0
4219430,8.0,105.0,55.0,Female,2.0,31933.21,1.0,1.0
9722364,8.0,106.0,62.0,Male,2.0,63894.39,3.0,3.0
7155078,7.0,96.0,28.0,Unknown,2.0,31060.85,7.0,7.0
9725095,9.0,116.0,64.5,Female,2.0,108648.84,7.0,7.0
6305064,6.0,77.0,24.0,Unknown,2.0,17118.76,5.0,5.0
5399145,14.0,168.0,69.0,Female,2.0,30832.13,3.0,3.0
4614333,6.0,72.0,30.0,Unknown,2.0,28542.53,3.0,3.0
6182123,12.0,148.0,46.0,Female,2.0,71080.66,1.0,1.0
9618289,17.0,204.0,65.0,Male,2.0,496929.49,3.0,3.0
5647000,14.0,175.0,60.5,Unknown,3.0,211161.71,4.0,4.0
6599410,9.0,115.0,66.5,Unknown,2.0,335765.56,4.0,4.0
2141359,16.0,195.0,75.5,Unknown,2.0,360054.6,1.0,1.0
3232433,15.0,188.0,53.0,Male,2.0,755370.93,7.0,7.0
2904192,7.0,86.0,57.0,Unknown,2.0,48573.43,1.0,1.0
2685198,15.0,189.0,48.0,Female,2.0,202531.18,2.0,2.0
3914621,18.0,216.0,58.5,Male,2.0,356427.42,7.0,7.0
7440458,6.0,77.0,42.0,Unknown,2.0,27827.33,1.0,1.0
2503070,4.0,59.0,33.0,Unknown,2.0,39843.05,1.0,1.0
8597768,7.0,84.0,52.5,Unknown,2.0,141464.07,7.0,7.0
6000786,16.0,194.0,56.0,Male,3.0,1675829.18,7.0,7.0
9802330,15.0,189.0,42.5,Unknown,2.0,56380.11,7.0,7.0
3051784,15.0,185.0,61.5,Female,3.0,541720.4800000001,5.0,5.0
7466546,15.0,189.0,62.0,Female,2.0,266279.29,2.0,2.0
8205612,5.0,69.0,50.5,Unknown,2.0,424723.19,3.0,3.0
6339729,4.0,56.0,62.5,Unknown,2.0,179188.40000000002,6.0,6.0
9238327,8.0,107.0,44.5,Female,2.0,32213.46,5.0,5.0
7348353,11.0,132.0,63.5,Female,2.0,38510.03999999999,7.0,7.0
4734273,12.0,151.0,51.0,Female,2.0,68220.85,1.0,1.0
3798877,8.0,96.0,61.5,Unknown,2.0,34817.17999999999,2.0,2.0
7589562,9.0,119.0,44.5,Male,4.0,572954.2200000001,5.0,5.0
4089272,15.0,191.0,27.5,Female,2.0,108327.64,5.0,5.0
2939877,24.0,289.0,41.5,Female,3.0,58753.29000000001,7.0,7.0
975925,20.0,245.0,61.0,Male,3.0,500456.3,7.0,7.0
8746181,12.0,153.0,35.0,Male,2.0,202051.34000000003,5.0,5.0
339705,5.0,66.0,57.5,Male,2.0,180646.69,6.0,6.0
5353794,16.0,198.0,41.0,Male,2.0,140052.36,1.0,1.0
5807306,5.0,71.0,41.5,Unknown,2.0,38282.16,1.0,1.0
2557128,14.0,168.0,67.0,Unknown,2.0,38575.32,1.0,1.0
8837363,15.0,189.0,65.0,Female,2.0,72938.28,4.0,5.0
9150713,16.0,200.0,52.0,Male,2.0,452362.88,5.0,5.0
1097393,7.0,94.0,30.0,Female,3.0,75301.39,7.0,7.0
3547374,5.0,69.0,56.0,Unknown,2.0,40774.41,7.0,7.0
7422818,6.0,81.0,54.0,Unknown,3.0,73485.86,5.0,5.0
8277598,11.0,142.0,50.0,Male,2.0,45845.81,7.0,7.0
4020437,4.0,49.0,47.5,Male,4.0,339086.36,3.0,3.0
2676786,15.0,184.0,30.0,Male,2.0,23190.94,1.0,1.0
3821428,13.0,164.0,35.5,Male,3.0,379682.86,3.0,3.0
8443299,8.0,106.0,50.5,Unknown,3.0,26257.27,2.0,2.0
1036706,27.0,327.0,51.5,Female,2.0,53890.75,2.0,2.0
4307267,6.0,82.0,26.0,Unknown,2.0,26020.11,2.0,2.0
7155031,10.0,124.0,37.0,Male,2.0,33107.81,7.0,7.0
9902498,15.0,192.0,32.5,Male,2.0,41315.78,3.0,3.0
4345039,12.0,149.0,43.5,Male,2.0,626798.51,3.0,3.0
1740989,4.0,59.0,26.5,Unknown,2.0,34278.99,1.0,1.0
3960605,6.0,72.0,60.5,Unknown,2.0,59465.92999999999,7.0,7.0
7688039,24.0,299.0,40.5,Unknown,2.0,69004.23999999999,3.0,3.0
6926838,24.0,296.0,61.5,Female,3.0,69928.48999999999,5.0,5.0
52515,24.0,289.0,49.0,Female,2.0,19419.75,1.0,1.0
5791475,24.0,288.0,51.5,Unknown,3.0,192929.91,7.0,7.0
6354484,8.0,102.0,24.5,Unknown,2.0,16240.75,7.0,7.0
9830360,15.0,189.0,58.0,Female,2.0,116811.27,1.0,1.0
9786240,6.0,72.0,60.0,Unknown,2.0,85362.04,6.0,6.0
6999502,5.0,64.0,42.5,Male,2.0,27927.24,2.0,2.0
9131731,6.0,83.0,26.5,Unknown,2.0,47121.88,3.0,3.0
7964384,6.0,76.0,29.5,Unknown,2.0,46354.39,4.0,4.0
2065394,14.0,172.0,40.5,Female,2.0,34969.63,2.0,2.0
1238454,5.0,61.0,41.5,Male,2.0,98852.72,6.0,6.0
7567974,9.0,117.0,20.5,Male,2.0,27763.19,6.0,6.0
2565540,14.0,174.0,34.0,Female,2.0,33860.11,4.0,4.0
9219452,5.0,65.0,28.0,Unknown,3.0,27372.21,2.0,2.0
2816483,5.0,64.0,50.5,Male,2.0,370646.04,2.0,2.0
6866431,8.0,101.0,48.0,Unknown,2.0,59214.4,3.0,3.0
6073949,24.0,288.0,59.0,Male,2.0,99771.64,7.0,7.0
8723375,23.0,276.0,66.5,Female,3.0,122980.8,7.0,7.0
3377345,23.0,286.0,59.5,Female,2.0,176256.84000000003,7.0,7.0
2324195,21.0,253.0,53.0,Unknown,4.0,49094.35,5.0,5.0
6717840,10.0,130.0,57.5,Female,2.0,155508.40000000002,2.0,2.0
7621722,9.0,117.0,24.5,Female,2.0,22668.05,7.0,7.0
9447449,7.0,89.0,53.5,Unknown,2.0,315349.73,6.0,6.0
1818907,5.0,71.0,52.5,Unknown,3.0,83535.88,7.0,7.0
6769699,14.0,173.0,44.5,Female,2.0,19072.41,2.0,2.0
2727133,15.0,186.0,41.5,Female,2.0,28484.04,4.0,4.0
7453689,14.0,175.0,57.0,Female,2.0,123250.53,1.0,1.0
1165115,11.0,138.0,20.5,Female,2.0,21494.0,2.0,2.0
8685085,38.0,459.0,85.0,Male,2.0,64832.25,7.0,7.0
9935308,35.0,424.0,62.0,Female,2.0,61931.58,6.0,6.0
5132156,10.0,120.0,30.0,Female,2.0,49642.95,1.0,1.0
8275129,4.0,57.0,34.0,Unknown,2.0,26952.81,3.0,3.0
8767643,14.0,177.0,53.0,Male,2.0,36548.49,1.0,1.0
315454,8.0,98.0,65.5,Male,2.0,1818078.43,5.0,5.0
7495477,6.0,77.0,42.0,Female,2.0,61220.83,3.0,3.0
6436293,22.0,271.0,69.0,Female,2.0,263833.78,7.0,7.0
6650313,5.0,64.0,16.5,Unknown,2.0,41685.53999999999,6.0,6.0
8817540,5.0,64.0,30.5,Unknown,3.0,236057.6,7.0,7.0
8997891,13.0,164.0,50.5,Female,2.0,91941.11,2.0,2.0
3402270,5.0,67.0,37.0,Unknown,2.0,50746.41,7.0,7.0
751846,15.0,191.0,38.0,Male,2.0,47758.99,1.0,1.0
5526939,14.0,178.0,54.0,Female,2.0,98203.29,5.0,5.0
6054853,7.0,94.0,45.5,Unknown,2.0,20238.96,1.0,1.0
1628012,9.0,109.0,52.5,Female,2.0,253727.46,2.0,2.0
138214,4.0,59.0,28.0,Unknown,2.0,48112.13,5.0,5.0
7226913,8.0,96.0,27.5,Unknown,2.0,30704.52,7.0,7.0
3742716,6.0,82.0,43.5,Female,2.0,62090.67999999999,7.0,7.0
6339513,9.0,118.0,30.5,Female,2.0,47025.5,5.0,5.0
5331637,18.0,217.0,68.0,Unknown,2.0,24741.82,7.0,7.0
2803876,8.0,98.0,55.0,Female,2.0,73033.88,3.0,3.0
1973560,8.0,106.0,58.5,Female,2.0,21457.98,3.0,3.0
4678606,5.0,66.0,27.5,Unknown,3.0,60654.70999999999,7.0,7.0
6528941,7.0,84.0,65.0,Unknown,2.0,41833.33,5.0,5.0
9727647,5.0,71.0,58.5,Unknown,2.0,24753.22,2.0,2.0
1591566,9.0,111.0,62.5,Male,2.0,1474465.62,4.0,4.0
7673180,9.0,109.0,38.0,Female,3.0,86632.34999999999,2.0,2.0
2658244,6.0,81.0,52.5,Unknown,2.0,38673.67,5.0,5.0
5218001,20.0,241.0,63.0,Male,2.0,105868.54,3.0,3.0
8339054,22.0,275.0,58.0,Male,2.0,706552.8400000001,7.0,7.0
1994895,22.0,264.0,57.5,Female,3.0,78431.92,3.0,3.0
3690951,20.0,243.0,60.5,Female,2.0,144153.01,6.0,6.0
2310577,13.0,166.0,36.5,Male,3.0,69436.39,6.0,6.0
6066308,12.0,152.0,35.5,Male,2.0,24466.2,3.0,3.0
8125715,9.0,109.0,46.5,Female,2.0,56888.29999999999,3.0,3.0
8201560,7.0,86.0,52.0,Unknown,2.0,115031.75,6.0,6.0
5121959,12.0,155.0,34.0,Male,2.0,20498.06,1.0,1.0
8576205,23.0,281.0,53.0,Male,2.0,469848.75,7.0,7.0
7342179,15.0,191.0,59.0,Female,2.0,79341.68,7.0,7.0
940743,13.0,160.0,29.0,Unknown,2.0,13885.98,1.0,1.0
1820401,7.0,84.0,27.5,Unknown,2.0,66387.5,5.0,5.0
9372031,4.0,59.0,24.5,Unknown,2.0,19121.4,4.0,4.0
8486917,5.0,66.0,31.0,Unknown,2.0,52668.91,2.0,2.0
3685541,6.0,74.0,23.0,Unknown,2.0,199425.19,1.0,1.0
4054789,6.0,77.0,27.5,Unknown,2.0,22588.14,3.0,3.0
7520937,15.0,182.0,64.0,Male,2.0,103671.95,3.0,3.0
4201382,15.0,184.0,37.0,Male,2.0,89509.01,2.0,2.0
5448951,12.0,145.0,42.0,Female,2.0,148559.65999999997,5.0,5.0
397204,13.0,166.0,68.0,Female,2.0,25371.28,2.0,2.0
2149611,8.0,107.0,40.0,Female,2.0,189666.83,7.0,7.0
7742367,12.0,145.0,27.5,Female,2.0,36402.82,1.0,1.0
3335847,7.0,84.0,26.0,Unknown,2.0,20986.22,1.0,1.0
2823436,34.0,419.0,58.5,Male,2.0,16819.539999999997,7.0,7.0
5084886,5.0,67.0,62.0,Female,2.0,475205.79,7.0,7.0
9612025,9.0,112.0,62.0,Female,2.0,70992.43,6.0,6.0
9296428,8.0,103.0,46.5,Unknown,2.0,29776.509999999995,1.0,1.0
1229135,6.0,75.0,65.0,Unknown,2.0,76648.23,4.0,5.0
2362151,5.0,60.0,56.0,Unknown,2.0,21492.91,1.0,1.0
2031448,23.0,278.0,69.0,Female,3.0,135499.24,5.0,5.0
4410930,22.0,271.0,18.5,Female,2.0,36376.09,1.0,1.0
6584368,4.0,59.0,20.5,Unknown,2.0,17139.96,1.0,1.0
4390896,4.0,58.0,51.5,Unknown,2.0,118451.39,1.0,1.0
1954295,10.0,121.0,25.5,Male,2.0,52303.59,4.0,4.0
9778701,5.0,60.0,64.0,Unknown,3.0,52166.19,7.0,7.0
6560336,27.0,333.0,56.0,Male,3.0,461271.7,7.0,7.0
5217915,14.0,177.0,25.5,Female,2.0,114211.16,2.0,2.0
5477102,6.0,79.0,32.0,Unknown,2.0,109024.8,7.0,7.0
9401659,15.0,189.0,51.0,Male,2.0,182931.0,7.0,7.0
9781085,6.0,80.0,20.5,Male,2.0,23867.34,7.0,7.0
6542655,33.0,397.0,62.5,Male,3.0,211868.52,7.0,7.0
4670182,13.0,157.0,63.0,Male,2.0,30876.160000000003,2.0,2.0
4006610,13.0,166.0,24.5,Male,2.0,116186.56,2.0,2.0
7241117,14.0,179.0,58.5,Male,2.0,199122.61,4.0,4.0
7225423,9.0,108.0,60.5,Female,2.0,16598.809999999998,2.0,2.0
2329600,8.0,98.0,50.0,Unknown,2.0,685515.01,7.0,7.0
243865,5.0,65.0,24.0,Unknown,2.0,56456.06,2.0,2.0
1643714,4.0,56.0,26.5,Unknown,2.0,20862.32,1.0,1.0
1174527,21.0,259.0,17.0,Male,2.0,17899.78,5.0,5.0
7176581,14.0,179.0,30.0,Female,2.0,45628.42999999999,1.0,1.0
8138725,16.0,195.0,35.0,Female,2.0,91381.17,3.0,3.0
924554,9.0,110.0,50.5,Male,2.0,81227.42,1.0,1.0
2275873,4.0,58.0,22.0,Unknown,2.0,25714.73,4.0,4.0
2784762,9.0,111.0,46.5,Female,2.0,22791.96,2.0,2.0
2422170,5.0,67.0,20.0,Unknown,2.0,27089.94,4.0,4.0
3551676,5.0,60.0,26.5,Unknown,2.0,47514.38,4.0,4.0
6803095,9.0,115.0,52.0,Female,2.0,237272.85,7.0,7.0
2548033,15.0,191.0,78.0,Male,2.0,40025.92,4.0,4.0
9658504,12.0,152.0,41.0,Female,2.0,53951.43,3.0,5.0
7232389,10.0,128.0,52.5,Male,2.0,477774.96,2.0,2.0
7273470,6.0,81.0,25.0,Male,2.0,14278.129999999996,1.0,2.0
8308331,6.0,75.0,24.5,Unknown,2.0,19832.83,2.0,2.0
5859678,13.0,156.0,48.5,Female,2.0,22998.97,3.0,3.0
1472859,17.0,212.0,65.5,Female,2.0,33776.13,3.0,3.0
4298271,22.0,268.0,21.5,Male,2.0,35238.369999999995,1.0,1.0
4723954,21.0,263.0,61.5,Male,4.0,602155.9,7.0,7.0
8524033,19.0,238.0,26.0,Female,2.0,235176.24,6.0,6.0
5388815,12.0,154.0,51.5,Female,2.0,38407.39,5.0,5.0
250922,7.0,95.0,54.5,Unknown,3.0,72358.26,7.0,7.0
2864350,7.0,84.0,23.0,Unknown,2.0,60674.53,4.0,4.0
626392,14.0,168.0,64.0,Unknown,2.0,28874.3,5.0,5.0
1263788,7.0,86.0,31.0,Unknown,2.0,58207.61,6.0,6.0
4310819,10.0,126.0,54.5,Male,3.0,631740.55,7.0,7.0
7765073,12.0,154.0,21.0,Unknown,3.0,143604.51,6.0,6.0
7433073,13.0,157.0,30.0,Male,2.0,28252.18,3.0,3.0
5589710,5.0,68.0,17.0,Unknown,3.0,26590.82,6.0,6.0
8074828,5.0,71.0,30.0,Unknown,2.0,37088.57,3.0,3.0
6650279,18.0,225.0,36.0,Female,4.0,231446.86,7.0,7.0
9214842,4.0,57.0,54.0,Unknown,3.0,27452.369999999995,3.0,3.0
5870611,12.0,153.0,44.0,Female,2.0,125500.28,7.0,7.0
1002747,9.0,117.0,53.0,Male,2.0,33238.33,3.0,3.0
8099094,9.0,118.0,27.0,Female,2.0,92113.16,1.0,5.0
3013051,5.0,71.0,43.5,Unknown,2.0,26832.59,2.0,2.0
9600837,11.0,137.0,46.5,Male,2.0,14250.41,3.0,3.0
9626324,12.0,146.0,29.5,Male,2.0,49628.41,5.0,5.0
361771,7.0,95.0,60.5,Unknown,2.0,198398.17,7.0,7.0
7805753,6.0,75.0,50.5,Unknown,2.0,40895.07,4.0,4.0
1897956,19.0,230.0,54.5,Male,2.0,175768.62,7.0,7.0
5686322,18.0,219.0,45.0,Male,3.0,45159.22,1.0,1.0
8873596,17.0,206.0,52.0,Male,2.0,45265.7,6.0,6.0
8707079,14.0,178.0,34.0,Female,3.0,43663.7,1.0,1.0
266828,14.0,172.0,60.5,Male,2.0,1135068.68,7.0,7.0
8387118,3.0,45.0,19.0,Male,2.0,18149.31,3.0,3.0
5922405,6.0,81.0,36.5,Unknown,2.0,18107.79,4.0,4.0
3647576,8.0,96.0,68.0,Unknown,2.0,25660.64,2.0,2.0
2011316,7.0,93.0,31.0,Unknown,2.0,88062.64,1.0,1.0
1925244,5.0,60.0,24.0,Male,2.0,47075.16,3.0,3.0
1739927,7.0,89.0,51.5,Unknown,2.0,70197.01,7.0,7.0
8531609,10.0,120.0,54.0,Male,2.0,63701.20999999999,4.0,4.0
2374780,15.0,189.0,51.5,Male,2.0,814370.8300000001,1.0,1.0
4337987,15.0,183.0,54.5,Male,2.0,63816.48999999999,5.0,5.0
6099365,10.0,121.0,27.5,Female,2.0,40373.01,1.0,1.0
2770415,4.0,58.0,46.5,Unknown,3.0,85557.65,7.0,7.0
8743130,4.0,55.0,30.5,Male,2.0,18167.75,4.0,4.0
9503625,14.0,177.0,58.5,Female,2.0,126461.71,7.0,7.0
1629479,8.0,106.0,41.0,Female,2.0,60350.94,2.0,2.0
3557023,28.0,344.0,59.0,Male,2.0,77117.43,5.0,5.0
1338416,8.0,106.0,56.5,Female,2.0,49997.33,3.0,3.0
3017583,6.0,80.0,43.5,Unknown,2.0,22734.08,3.0,3.0
7393355,6.0,73.0,46.5,Unknown,2.0,16797.3,1.0,1.0
9304117,29.0,352.0,88.0,Male,2.0,48170.51,3.0,3.0
404827,13.0,166.0,28.0,Female,2.0,25317.9,2.0,2.0
9104438,10.0,126.0,27.0,Male,2.0,24243.509999999995,2.0,2.0
6531901,4.0,59.0,74.5,Unknown,2.0,280622.9,4.0,5.0
8711459,5.0,71.0,46.0,Unknown,2.0,19474.24,3.0,3.0
4958756,24.0,289.0,39.0,Male,2.0,19863.97,6.0,6.0
2003471,22.0,275.0,57.0,Female,4.0,55808.84,1.0,1.0
8038803,21.0,253.0,44.5,Male,2.0,41292.62,2.0,2.0
3538089,20.0,243.0,49.5,Male,2.0,121151.47,2.0,2.0
8921612,18.0,217.0,28.5,Female,2.0,162965.31,3.0,4.0
6818796,3.0,41.0,23.0,Unknown,3.0,197239.91,4.0,4.0
2275271,10.0,125.0,69.0,Male,2.0,193160.37,7.0,7.0
4171726,14.0,179.0,58.5,Male,3.0,142399.12,6.0,6.0
9632306,15.0,187.0,62.5,Female,3.0,52593.54,6.0,6.0
9850391,11.0,142.0,53.5,Unknown,2.0,88863.19,4.0,4.0
9177016,13.0,158.0,44.5,Male,2.0,422413.67,5.0,5.0
8846597,5.0,71.0,59.0,Unknown,2.0,58040.01999999999,5.0,5.0
8645795,19.0,239.0,48.5,Female,3.0,330826.65,7.0,7.0
3155072,15.0,191.0,50.0,Female,2.0,231906.42,4.0,4.0
8823902,16.0,196.0,36.0,Female,2.0,16732.55,1.0,1.0
7212553,10.0,128.0,57.0,Male,2.0,46079.88,7.0,7.0
5144696,14.0,178.0,32.0,Female,4.0,170575.09000000003,3.0,3.0
5326418,9.0,109.0,28.0,Male,2.0,23670.41,2.0,2.0
3358690,14.0,178.0,35.0,Male,2.0,40869.78,1.0,1.0
3444451,14.0,168.0,58.0,Male,2.0,50591.21,4.0,5.0
2481283,6.0,79.0,76.5,Unknown,2.0,58171.39,4.0,4.0
1258362,50.0,610.0,55.5,Male,2.0,33925.67,7.0,7.0
4094294,14.0,172.0,64.5,Male,2.0,187808.37,7.0,7.0
573844,23.0,278.0,22.5,Male,3.0,18681.88,5.0,5.0
3542521,19.0,239.0,67.0,Female,3.0,81316.62,4.0,4.0
1261132,17.0,211.0,41.5,Female,2.0,32919.13,2.0,2.0
9050845,17.0,207.0,65.0,Male,2.0,147049.22999999998,3.0,3.0
5011028,16.0,197.0,63.5,Female,2.0,98592.31,1.0,2.0
8741728,20.0,244.0,61.5,Male,2.0,278549.73,5.0,5.0
6319331,21.0,253.0,53.0,Male,2.0,36040.88,4.0,4.0
2086630,6.0,77.0,58.0,Unknown,2.0,756462.38,7.0,7.0
6904773,19.0,230.0,51.0,Male,2.0,163874.36,4.0,4.0
1658617,15.0,188.0,45.5,Female,2.0,34809.95,1.0,1.0
7412340,15.0,182.0,52.5,Unknown,2.0,20164.46,2.0,2.0
1247632,15.0,183.0,30.0,Male,2.0,135889.11,7.0,7.0
6256739,9.0,111.0,45.0,Male,2.0,74642.0,7.0,7.0
226486,8.0,103.0,24.5,Unknown,2.0,28669.29,2.0,2.0
6466055,12.0,155.0,19.5,Female,3.0,40115.66,7.0,7.0
5237857,11.0,140.0,45.0,Female,3.0,128341.36,7.0,7.0
7964678,7.0,85.0,28.0,Unknown,2.0,40332.02,2.0,2.0
3770266,15.0,191.0,51.5,Female,2.0,32852.35,1.0,1.0
832552,14.0,178.0,42.0,Female,2.0,48336.58,3.0,3.0
8703640,22.0,274.0,57.0,Male,2.0,14221.64,1.0,2.0
3758285,20.0,248.0,52.0,Female,2.0,76305.37,1.0,1.0
7909380,18.0,225.0,51.5,Male,2.0,67370.59,2.0,2.0
2763022,16.0,193.0,60.5,Male,2.0,174027.88,2.0,2.0
3597482,7.0,85.0,40.0,Unknown,2.0,111518.02,5.0,5.0
7882938,5.0,69.0,25.0,Unknown,3.0,84907.09999999999,4.0,4.0
7600445,7.0,94.0,56.5,Unknown,2.0,46189.25,3.0,3.0
3997077,7.0,90.0,57.0,Unknown,2.0,18239.41,4.0,4.0
5601821,18.0,218.0,35.5,Male,2.0,178668.3,4.0,4.0
833998,8.0,107.0,31.5,Female,2.0,32306.869999999995,2.0,2.0
4006928,15.0,186.0,30.5,Female,2.0,17887.18,2.0,2.0
7369180,11.0,133.0,60.0,Male,2.0,579836.7100000001,7.0,7.0
58802,17.0,206.0,65.0,Female,2.0,68641.23999999999,3.0,3.0
5151104,13.0,161.0,32.0,Male,2.0,91346.32,7.0,7.0
5104294,8.0,102.0,76.0,Unknown,2.0,108292.23,7.0,7.0
7452074,4.0,59.0,23.0,Unknown,2.0,43359.14,7.0,7.0
6020775,6.0,73.0,24.5,Unknown,2.0,35852.399999999994,2.0,2.0
5814353,15.0,190.0,46.0,Female,2.0,135310.16,3.0,3.0
9713503,16.0,195.0,60.0,Male,3.0,128467.53,5.0,5.0
1096941,5.0,64.0,66.0,Unknown,2.0,80762.49,7.0,7.0
2721377,14.0,174.0,47.5,Female,2.0,53381.87,3.0,3.0
1756095,26.0,323.0,71.0,Female,4.0,189742.1,3.0,3.0
2788050,14.0,179.0,42.5,Female,2.0,104143.46,1.0,1.0
7838796,10.0,123.0,56.0,Unknown,2.0,32746.32,1.0,1.0
6208183,19.0,235.0,36.5,Female,2.0,74194.79000000001,7.0,7.0
5483693,9.0,119.0,25.0,Male,2.0,54341.77,1.0,1.0
998471,21.0,263.0,34.5,Male,3.0,95872.68,6.0,6.0
6809081,8.0,107.0,62.5,Male,2.0,30986.78,6.0,6.0
2595843,6.0,82.0,47.0,Female,2.0,258037.67,3.0,3.0
7658196,9.0,111.0,30.5,Female,2.0,72172.19,1.0,1.0
8014148,14.0,174.0,61.0,Female,2.0,208741.1,6.0,6.0
9861601,4.0,59.0,16.5,Unknown,2.0,22427.46,2.0,2.0
9249999,16.0,193.0,47.0,Male,2.0,15742.55,6.0,6.0
579905,5.0,65.0,58.5,Unknown,2.0,41020.81,6.0,6.0
6415821,5.0,60.0,63.0,Unknown,2.0,52963.82,7.0,7.0
2886696,8.0,106.0,46.5,Male,2.0,34572.44,3.0,3.0
8448899,4.0,56.0,70.5,Unknown,2.0,35451.89,5.0,5.0
8297838,2.0,34.0,27.5,Unknown,3.0,48727.53,4.0,4.0
6821225,16.0,197.0,19.5,Male,2.0,52936.61,6.0,6.0
3120895,14.0,177.0,65.5,Male,2.0,162742.02999999997,7.0,7.0
3163661,9.0,119.0,28.5,Male,2.0,261448.58,1.0,1.0
4059442,23.0,287.0,28.5,Female,2.0,62258.53,2.0,2.0
7456061,23.0,286.0,63.5,Female,2.0,887949.67,7.0,7.0
2469372,22.0,271.0,46.0,Female,2.0,222512.41,4.0,4.0
4544836,21.0,252.0,47.5,Unknown,3.0,41177.42999999999,1.0,1.0
2410037,20.0,248.0,65.0,Female,2.0,19335.52,3.0,3.0
4054930,8.0,99.0,51.5,Unknown,2.0,13883.289999999995,1.0,1.0
5204346,16.0,195.0,32.5,Female,2.0,100912.6,3.0,3.0
4737237,5.0,70.0,33.0,Unknown,3.0,121925.8,7.0,7.0
4533968,7.0,92.0,25.5,Unknown,2.0,177073.76,7.0,7.0
6485814,8.0,97.0,24.5,Unknown,3.0,40182.92,7.0,7.0
1339842,14.0,178.0,31.5,Male,2.0,105391.32,2.0,2.0
3479550,5.0,66.0,19.0,Unknown,2.0,23530.99,4.0,4.0
737079,15.0,187.0,40.5,Female,2.0,33293.71,1.0,1.0
9877924,7.0,94.0,25.0,Unknown,3.0,67870.11,7.0,7.0
7699492,5.0,62.0,30.5,Unknown,2.0,20443.72,2.0,2.0
6057682,10.0,121.0,38.5,Male,5.0,454425.49,7.0,7.0
7422809,4.0,52.0,67.0,Unknown,2.0,19986.5,4.0,4.0
3929456,23.0,281.0,39.5,Male,2.0,19067.93,3.0,3.0
9112616,22.0,264.0,42.0,Male,3.0,573206.5900000001,7.0,7.0
4269164,21.0,254.0,49.5,Female,3.0,168184.7,6.0,6.0
7793956,11.0,136.0,55.5,Female,2.0,164221.22999999998,1.0,1.0
3574939,7.0,94.0,25.5,Unknown,3.0,75494.29000000001,7.0,7.0
3061556,7.0,95.0,59.0,Unknown,2.0,116799.04,1.0,1.0
4020910,12.0,150.0,51.5,Female,2.0,138261.51,7.0,7.0
247103,4.0,58.0,32.5,Unknown,2.0,18280.09,7.0,7.0
823257,4.0,58.0,53.5,Unknown,2.0,129964.3,7.0,7.0
7469545,8.0,98.0,37.0,Unknown,3.0,28486.2,2.0,2.0
8275513,14.0,170.0,56.5,Female,2.0,69066.44,5.0,5.0
7632715,8.0,102.0,51.5,Male,2.0,57016.29999999999,7.0,7.0
8965537,12.0,148.0,43.5,Female,2.0,25958.02,1.0,1.0
753803,12.0,153.0,61.0,Male,2.0,30733.96,2.0,2.0
6704421,16.0,194.0,64.5,Male,2.0,30501.86,2.0,2.0
6569565,9.0,117.0,57.0,Male,2.0,28610.42,5.0,5.0
2484247,26.0,317.0,24.5,Male,2.0,22585.78,1.0,1.0
2085288,10.0,121.0,33.0,Female,2.0,27495.56,1.0,1.0
4914344,8.0,97.0,23.0,Unknown,4.0,105961.22,6.0,6.0
8155951,22.0,275.0,43.0,Male,2.0,166138.91999999998,6.0,6.0
8704534,21.0,254.0,41.5,Female,2.0,26403.64,6.0,6.0
3995353,21.0,253.0,51.5,Female,2.0,24281.5,1.0,1.0
6746182,22.0,264.0,67.0,Female,2.0,112279.53,4.0,4.0
9499865,19.0,232.0,41.5,Unknown,3.0,88792.06999999999,7.0,7.0
7043920,19.0,228.0,71.5,Male,2.0,33729.41,3.0,3.0
2846430,17.0,211.0,47.0,Male,3.0,35144.19,5.0,5.0
6321420,8.0,99.0,58.5,Unknown,2.0,224572.62,7.0,7.0
8786831,12.0,154.0,31.0,Male,2.0,121570.94,5.0,5.0
1392312,5.0,68.0,43.5,Unknown,3.0,219322.92,7.0,7.0
2699875,6.0,82.0,34.5,Unknown,2.0,26671.09,3.0,3.0
5876189,12.0,154.0,25.5,Male,2.0,112127.27,4.0,4.0
9560184,14.0,178.0,56.0,Male,2.0,47262.4,1.0,1.0
2661606,5.0,64.0,28.5,Unknown,2.0,26434.83,4.0,4.0
8078499,13.0,160.0,42.0,Male,2.0,18009.55,1.0,1.0
1204357,5.0,60.0,31.5,Unknown,2.0,21869.41,7.0,7.0
1052231,10.0,130.0,35.0,Female,2.0,26621.13,1.0,1.0
7352285,4.0,57.0,24.5,Male,3.0,103164.39,7.0,7.0
6589429,5.0,65.0,74.5,Unknown,2.0,36147.75,4.0,4.0
6651077,6.0,76.0,28.0,Unknown,3.0,668348.39,7.0,7.0
3965805,30.0,366.0,61.5,Male,3.0,503482.86,5.0,5.0
9269928,8.0,106.0,25.5,Male,3.0,66668.93,7.0,7.0
5878092,4.0,57.0,64.0,Unknown,2.0,284168.21,7.0,7.0
3802344,6.0,74.0,27.5,Unknown,2.0,32988.36,7.0,7.0
5587319,15.0,181.0,63.5,Female,2.0,52774.49,1.0,1.0
4007275,6.0,80.0,49.5,Unknown,2.0,372330.04,7.0,7.0
4554917,19.0,239.0,39.0,Female,2.0,24033.46,7.0,7.0
8875594,15.0,188.0,29.5,Male,2.0,61185.39,7.0,7.0
2829830,16.0,203.0,38.5,Male,2.0,581700.8300000001,5.0,5.0
2140537,22.0,268.0,67.5,Male,2.0,1199931.0499999998,7.0,7.0
3701263,13.0,166.0,38.0,Unknown,2.0,120319.56,6.0,6.0
6097317,5.0,71.0,49.0,Unknown,2.0,29807.82,2.0,2.0
7441216,12.0,150.0,68.5,Female,2.0,73407.73999999999,4.0,4.0
6510068,4.0,58.0,47.0,Unknown,2.0,81608.33,5.0,5.0
6102177,9.0,116.0,42.0,Male,2.0,32944.759999999995,6.0,6.0
3622921,7.0,89.0,24.0,Unknown,3.0,52313.42,3.0,3.0
100469,12.0,149.0,45.5,Male,2.0,1328286.01,7.0,7.0
6692888,12.0,151.0,65.5,Female,2.0,65608.79999999999,7.0,7.0
8240895,11.0,132.0,51.0,Female,2.0,276469.63,2.0,2.0
2333047,9.0,112.0,46.5,Female,2.0,227806.57,1.0,1.0
1614916,7.0,84.0,30.5,Male,3.0,299392.28,7.0,7.0
4269352,5.0,64.0,33.0,Unknown,4.0,44080.47,7.0,7.0
228676,5.0,70.0,50.5,Unknown,2.0,45359.11,1.0,1.0
3761538,28.0,344.0,68.0,Male,2.0,209219.49,7.0,7.0
192084,14.0,173.0,53.0,Male,2.0,263966.94,3.0,3.0
829376,6.0,80.0,25.0,Unknown,2.0,21448.05,3.0,3.0
4431835,34.0,409.0,37.5,Male,3.0,459931.96,2.0,2.0
4691544,4.0,58.0,45.5,Unknown,2.0,14388.629999999996,3.0,3.0
5847641,18.0,220.0,57.5,Male,3.0,158359.11,5.0,5.0
1933657,12.0,144.0,51.5,Male,2.0,953113.58,2.0,2.0
4139873,12.0,146.0,46.5,Female,2.0,45478.95,1.0,1.0
5016326,6.0,73.0,31.5,Unknown,2.0,28053.43,3.0,3.0
3748924,7.0,88.0,53.5,Unknown,2.0,57337.51999999999,2.0,2.0
2016547,5.0,65.0,53.5,Unknown,2.0,26677.619999999995,5.0,5.0
3658519,6.0,73.0,23.0,Unknown,2.0,39503.13,7.0,7.0
889461,7.0,91.0,69.5,Unknown,2.0,237696.17,7.0,7.0
5916756,14.0,175.0,34.0,Male,2.0,31313.2,3.0,3.0
4487358,9.0,112.0,50.5,Male,2.0,25844.36,7.0,7.0
1381282,5.0,70.0,58.5,Unknown,2.0,36044.65,2.0,2.0
5912758,5.0,71.0,17.0,Unknown,2.0,21307.22,1.0,1.0
9817759,4.0,53.0,54.0,Female,2.0,52640.69,4.0,4.0
632484,7.0,90.0,55.5,Unknown,2.0,24768.42,2.0,2.0
3761525,5.0,68.0,31.0,Unknown,3.0,23022.06,7.0,7.0
7718505,11.0,143.0,60.0,Male,2.0,71695.33,2.0,2.0
3951682,5.0,70.0,33.5,Unknown,2.0,41084.52,1.0,1.0
5938657,16.0,195.0,66.0,Female,2.0,38678.39,3.0,3.0
6265992,11.0,137.0,32.0,Female,2.0,16499.0,1.0,1.0
5843130,7.0,85.0,62.0,Unknown,2.0,327518.65,5.0,6.0
6328320,10.0,130.0,33.5,Female,2.0,24114.39,1.0,2.0
9061210,23.0,277.0,25.0,Female,2.0,15122.46,3.0,3.0
6062024,21.0,262.0,61.5,Male,3.0,207324.54,1.0,1.0
9909490,21.0,258.0,49.0,Male,2.0,100266.65,2.0,2.0
2183699,21.0,263.0,45.5,Male,2.0,728041.36,4.0,4.0
5113456,4.0,57.0,15.5,Unknown,2.0,71975.95,4.0,4.0
7490975,12.0,155.0,48.5,Male,2.0,19385.69,2.0,2.0
3214814,6.0,76.0,33.0,Unknown,2.0,36760.69,4.0,4.0
9901938,12.0,155.0,45.5,Male,3.0,304335.14,6.0,6.0
467342,15.0,191.0,64.5,Female,2.0,210635.56,4.0,4.0
8179399,13.0,164.0,47.5,Female,2.0,133526.9,1.0,1.0
5475820,5.0,64.0,32.5,Unknown,2.0,40182.23,7.0,7.0
9345846,10.0,120.0,36.0,Male,3.0,95150.75,2.0,2.0
9961458,5.0,71.0,21.0,Male,3.0,20076.99,7.0,7.0
3231888,6.0,74.0,51.5,Unknown,2.0,39505.73,4.0,4.0
9035245,6.0,80.0,43.5,Unknown,2.0,15276.78,1.0,1.0
9329289,15.0,180.0,62.5,Female,3.0,617846.67,7.0,7.0
2678517,14.0,179.0,69.0,Male,2.0,54523.11,6.0,6.0
5727830,4.0,59.0,16.5,Unknown,2.0,26474.19,1.0,1.0
2414104,10.0,121.0,62.5,Female,2.0,43560.57,3.0,3.0
5525309,15.0,189.0,66.0,Male,2.0,16287.75,4.0,4.0
9378130,9.0,119.0,60.0,Male,2.0,19936.16,1.0,1.0
3199083,22.0,275.0,42.5,Female,2.0,21033.79,1.0,1.0
367232,13.0,161.0,46.0,Female,2.0,188243.16,2.0,2.0
331163,4.0,59.0,36.5,Unknown,2.0,30848.28,3.0,3.0
9727324,4.0,51.0,18.0,Unknown,2.0,31563.119999999995,6.0,6.0
3938178,13.0,162.0,37.5,Male,2.0,19616.13,5.0,5.0
3004549,15.0,191.0,38.5,Male,2.0,70343.25,2.0,2.0
2600138,26.0,312.0,52.5,Male,4.0,282545.61,6.0,6.0
6088777,5.0,60.0,20.5,Unknown,2.0,27104.71,7.0,7.0
523555,6.0,73.0,21.0,Unknown,2.0,20792.94,7.0,7.0
1383975,16.0,195.0,49.5,Female,3.0,83413.31999999999,3.0,3.0
9347584,15.0,186.0,32.5,Male,2.0,96919.03,4.0,4.0
2846050,4.0,59.0,26.0,Unknown,2.0,28542.56,7.0,7.0
4156918,4.0,57.0,31.5,Female,2.0,150499.09000000003,7.0,7.0
3933389,14.0,178.0,47.0,Male,2.0,114197.1,2.0,2.0
4174846,8.0,100.0,58.5,Unknown,2.0,541150.51,3.0,3.0
8930942,4.0,55.0,32.5,Female,2.0,26134.73,2.0,2.0
902039,17.0,205.0,59.0,Female,2.0,117249.99,3.0,4.0
7557110,15.0,186.0,34.0,Female,2.0,64954.59,1.0,1.0
9234910,16.0,202.0,29.5,Female,3.0,102624.02,3.0,3.0
4079737,13.0,156.0,73.5,Male,2.0,283030.34,2.0,2.0
9849953,14.0,168.0,18.5,Female,2.0,71099.84,3.0,3.0
1121976,4.0,57.0,19.0,Unknown,3.0,35893.32,5.0,5.0
4064940,9.0,118.0,36.5,Male,2.0,44904.48,5.0,5.0
6334549,6.0,80.0,22.5,Unknown,2.0,25668.68,6.0,6.0
547501,15.0,184.0,27.0,Female,2.0,42549.98,7.0,7.0
1885340,4.0,59.0,66.5,Female,2.0,55149.62,3.0,3.0
5403857,9.0,115.0,61.5,Female,3.0,17964.859999999997,6.0,6.0
1176322,14.0,178.0,58.0,Male,2.0,21946.79,1.0,2.0
6269625,12.0,152.0,43.5,Male,3.0,1013882.04,3.0,3.0
4101897,9.0,111.0,45.5,Male,3.0,27221.72,3.0,3.0
8953781,7.0,93.0,62.5,Unknown,2.0,510505.26,5.0,5.0
9521834,26.0,313.0,66.5,Female,2.0,42435.12,1.0,1.0
7565713,14.0,176.0,26.5,Male,2.0,34209.28999999999,1.0,1.0
5312888,4.0,59.0,29.0,Unknown,3.0,26293.1,7.0,7.0
4955,30.0,361.0,65.5,Male,4.0,1060723.67,7.0,7.0
8823908,14.0,169.0,46.0,Male,2.0,43250.21,6.0,6.0
3674495,7.0,94.0,36.5,Unknown,2.0,31039.11,2.0,2.0
2633291,19.0,236.0,32.5,Female,2.0,37435.08,1.0,1.0
6383765,19.0,230.0,53.0,Female,2.0,359480.7,7.0,7.0
9139210,18.0,216.0,32.0,Male,3.0,359935.6,7.0,7.0
6706053,14.0,179.0,38.5,Male,2.0,67738.89,6.0,6.0
3086982,5.0,65.0,48.5,Unknown,2.0,52937.29,4.0,4.0
3743201,7.0,89.0,42.0,Unknown,3.0,640047.18,7.0,7.0
5919692,6.0,78.0,56.0,Female,2.0,13965.129999999996,3.0,3.0
8168436,8.0,107.0,24.5,Female,2.0,21563.15,7.0,7.0
2136339,9.0,110.0,63.5,Female,2.0,165147.72999999998,7.0,7.0
9522445,5.0,64.0,58.0,Unknown,2.0,92957.5,5.0,5.0
6505191,25.0,301.0,56.5,Female,2.0,15004.179999999997,1.0,1.0
684450,14.0,171.0,54.0,Male,3.0,562223.01,3.0,3.0
7711399,6.0,79.0,33.0,Unknown,2.0,25892.31,5.0,5.0
1531756,7.0,85.0,59.0,Male,3.0,730058.9,7.0,7.0
671486,8.0,100.0,26.5,Male,2.0,53487.31,3.0,3.0
4838,6.0,77.0,40.0,Female,2.0,15020.809999999998,6.0,6.0
30630,5.0,69.0,38.0,Unknown,2.0,15928.739999999998,4.0,4.0
9531304,11.0,142.0,41.0,Female,2.0,29672.72,2.0,2.0
1511869,10.0,125.0,29.0,Female,2.0,79186.65,7.0,7.0
705459,9.0,109.0,55.5,Male,2.0,47576.87,7.0,7.0
9364012,15.0,189.0,27.5,Female,2.0,26907.06,7.0,7.0
9244804,13.0,167.0,55.5,Female,2.0,19738.5,2.0,2.0
6165173,4.0,57.0,44.0,Female,2.0,370699.05,4.0,4.0
1103782,17.0,210.0,37.0,Male,2.0,81770.99,4.0,4.0
5300585,24.0,290.0,48.5,Female,2.0,37892.7,4.0,4.0
5047075,17.0,214.0,38.5,Male,2.0,40911.01,1.0,1.0
4166246,17.0,208.0,37.5,Male,3.0,94509.46,2.0,2.0
6224737,14.0,168.0,55.0,Female,2.0,319323.69,4.0,4.0
6363874,5.0,66.0,50.5,Unknown,2.0,28146.08,2.0,2.0
4269185,16.0,194.0,50.0,Female,2.0,175688.51,3.0,4.0
3073647,10.0,128.0,52.0,Female,2.0,32816.38,2.0,2.0
4951766,11.0,142.0,42.0,Female,2.0,60139.06,5.0,5.0
3093292,11.0,137.0,45.0,Female,2.0,71955.1,1.0,1.0
9169589,12.0,146.0,33.0,Female,2.0,45139.01,5.0,5.0
7157836,14.0,168.0,35.5,Male,2.0,52724.26,7.0,7.0
7322821,11.0,140.0,30.0,Female,2.0,21673.52,3.0,3.0
8351074,11.0,135.0,55.5,Female,2.0,157460.97999999998,1.0,1.0
7914825,5.0,71.0,44.5,Female,2.0,1164941.97,4.0,4.0
1955877,13.0,156.0,41.0,Female,2.0,78180.1,3.0,3.0
4637575,4.0,57.0,24.0,Unknown,2.0,27563.259999999995,3.0,3.0
9176204,10.0,120.0,24.0,Male,2.0,15664.649999999998,5.0,5.0
4984194,8.0,105.0,62.5,Male,3.0,392274.04,3.0,3.0
3831509,9.0,111.0,61.5,Male,2.0,479079.56,1.0,1.0
9937694,25.0,305.0,55.5,Male,2.0,32518.79,1.0,1.0
688436,8.0,106.0,36.5,Male,2.0,23079.22,2.0,2.0
2272084,12.0,149.0,45.5,Male,2.0,47218.6,5.0,5.0
7865886,6.0,78.0,44.5,Unknown,3.0,185409.93,7.0,7.0
1264499,11.0,138.0,60.5,Male,2.0,125541.74,5.0,5.0
4855044,23.0,279.0,54.0,Male,2.0,15744.699999999995,2.0,2.0
9792359,22.0,269.0,16.0,Female,2.0,20503.61,1.0,1.0
4524935,22.0,268.0,28.5,Female,2.0,17378.409999999996,3.0,3.0
5861357,20.0,248.0,34.0,Male,2.0,224610.88,6.0,6.0
3893111,19.0,238.0,31.0,Male,2.0,56596.5,6.0,6.0
1692883,4.0,58.0,20.5,Unknown,2.0,45732.2,2.0,2.0
4523837,3.0,46.0,50.0,Unknown,3.0,35514.36,1.0,1.0
9548760,5.0,65.0,49.5,Male,2.0,15104.239999999998,1.0,3.0
5599425,7.0,84.0,36.0,Unknown,2.0,52018.43,6.0,6.0
773180,15.0,189.0,62.0,Male,2.0,156956.34000000003,1.0,1.0
4667428,7.0,86.0,50.5,Unknown,2.0,135116.47,2.0,2.0
3363532,4.0,57.0,60.0,Female,2.0,436591.5,3.0,3.0
4159810,34.0,418.0,54.5,Male,4.0,526609.04,7.0,7.0
1564404,21.0,253.0,50.5,Male,2.0,1298429.41,7.0,7.0
9522773,5.0,66.0,26.5,Female,2.0,17566.23,7.0,7.0
7608316,8.0,101.0,45.5,Female,2.0,33947.55,2.0,2.0
5073198,26.0,320.0,64.5,Female,3.0,500610.12,5.0,5.0
6285971,15.0,183.0,41.5,Male,2.0,27804.86,3.0,3.0
8094880,14.0,179.0,39.5,Male,2.0,18911.19,2.0,2.0
1635918,13.0,163.0,74.0,Female,3.0,453594.65,7.0,7.0
6986240,10.0,127.0,43.5,Unknown,2.0,101062.88,4.0,4.0
8367009,7.0,92.0,48.5,Unknown,2.0,50456.51,4.0,4.0
7000063,15.0,180.0,55.0,Male,2.0,77639.0,7.0,7.0
932319,6.0,83.0,48.5,Unknown,2.0,33620.58,3.0,3.0
4165161,22.0,265.0,50.5,Female,2.0,20645.5,2.0,2.0
5251960,16.0,193.0,54.0,Male,2.0,135558.2,5.0,5.0
2726722,6.0,79.0,21.0,Unknown,2.0,51937.5,7.0,7.0
6675270,14.0,175.0,29.5,Male,2.0,135797.72999999998,6.0,6.0
3781113,27.0,328.0,52.5,Female,2.0,299074.46,4.0,4.0
8266633,5.0,64.0,60.0,Unknown,2.0,151284.02000000002,4.0,4.0
7168792,12.0,154.0,53.5,Male,2.0,62102.51999999999,4.0,4.0
2812626,6.0,82.0,56.5,Unknown,2.0,32114.89,3.0,3.0
1279471,20.0,243.0,22.5,Female,3.0,165039.87,7.0,7.0
2230955,5.0,68.0,48.0,Unknown,2.0,515743.38,4.0,4.0
563035,21.0,262.0,39.5,Unknown,2.0,144586.39,7.0,7.0
5394280,6.0,82.0,22.5,Unknown,2.0,45970.98,1.0,1.0
4135465,4.0,57.0,19.5,Unknown,2.0,19639.25,3.0,3.0
463408,23.0,286.0,58.5,Female,4.0,154047.99,6.0,6.0
5977066,11.0,141.0,57.0,Female,2.0,20986.95,4.0,4.0
869073,9.0,109.0,24.0,Female,2.0,128839.59,7.0,7.0
2231745,20.0,251.0,65.5,Male,4.0,257718.63,5.0,5.0
7184405,17.0,213.0,52.0,Male,2.0,63262.03,1.0,1.0
6805675,12.0,155.0,40.5,Unknown,2.0,23524.47,2.0,2.0
8321778,26.0,321.0,41.5,Male,3.0,104612.17,7.0,7.0
2101271,5.0,65.0,27.5,Male,3.0,42372.92,7.0,7.0
5835244,13.0,164.0,48.0,Male,2.0,32341.0,5.0,5.0
2754131,6.0,79.0,33.5,Unknown,2.0,31570.86,7.0,7.0
7284505,7.0,89.0,17.5,Unknown,2.0,39635.1,3.0,3.0
9497306,9.0,108.0,27.0,Unknown,2.0,47147.21,4.0,4.0
6829378,8.0,107.0,66.5,Male,2.0,29453.509999999995,3.0,3.0
618792,14.0,179.0,30.5,Female,2.0,36765.09,4.0,4.0
8473100,6.0,74.0,63.0,Unknown,2.0,218299.92,7.0,7.0
7219949,6.0,82.0,43.5,Unknown,2.0,24267.259999999995,3.0,3.0
1798095,5.0,64.0,31.5,Unknown,3.0,522537.92,3.0,3.0
7920418,24.0,295.0,49.5,Female,2.0,35905.34,7.0,7.0
1684351,21.0,253.0,54.0,Male,2.0,19082.21,6.0,6.0
6871723,32.0,389.0,59.5,Male,2.0,157264.26,6.0,6.0
6028721,13.0,156.0,48.5,Male,2.0,51593.87,7.0,7.0
5328038,18.0,219.0,54.5,Male,2.0,225099.22,4.0,4.0
7733337,11.0,136.0,29.5,Male,3.0,24285.15,7.0,7.0
5398754,5.0,70.0,22.0,Unknown,2.0,24858.15,1.0,1.0
8601568,16.0,197.0,54.5,Male,3.0,933623.22,2.0,2.0
1775019,4.0,59.0,57.5,Male,2.0,21895.78,5.0,5.0
1551030,9.0,108.0,68.0,Female,2.0,70468.01,2.0,3.0
9304721,4.0,58.0,20.5,Unknown,2.0,23323.46,4.0,4.0
2943439,17.0,205.0,34.0,Male,2.0,33325.42,7.0,7.0
7286345,7.0,88.0,51.5,Female,2.0,50692.76,6.0,6.0
9128009,16.0,203.0,64.0,Male,3.0,595277.92,6.0,6.0
2606826,12.0,152.0,29.5,Male,3.0,46390.27,7.0,7.0
4250859,15.0,180.0,53.5,Male,2.0,113436.04,2.0,2.0
4877719,6.0,73.0,59.0,Female,2.0,206167.56,3.0,3.0
6958993,15.0,182.0,49.5,Female,4.0,105405.38,5.0,5.0
3954457,5.0,71.0,24.0,Unknown,2.0,52355.98,3.0,3.0
8426455,15.0,187.0,58.0,Female,2.0,54071.23,7.0,7.0
1461446,23.0,287.0,68.0,Male,2.0,742242.5800000001,7.0,7.0
761827,21.0,262.0,45.5,Male,2.0,85429.92,1.0,1.0
5346622,18.0,226.0,52.5,Female,2.0,14469.0,4.0,4.0
6913019,18.0,220.0,25.5,Male,2.0,188584.53,3.0,3.0
3086359,17.0,205.0,46.5,Male,3.0,533832.81,7.0,7.0
9081572,12.0,150.0,54.0,Male,2.0,369481.15,7.0,7.0
5629455,18.0,227.0,73.0,Female,2.0,422412.62,7.0,7.0
9921682,21.0,263.0,51.5,Female,2.0,32241.410000000003,7.0,7.0
7791244,16.0,193.0,54.0,Male,3.0,197081.49,6.0,6.0
1829448,30.0,368.0,76.5,Female,2.0,109369.71,3.0,3.0
1826424,4.0,58.0,39.5,Male,2.0,116443.49,6.0,6.0
8836284,15.0,180.0,52.0,Male,4.0,334669.63,4.0,4.0
2073642,6.0,72.0,38.5,Unknown,2.0,22891.369999999995,5.0,5.0
1314462,6.0,80.0,37.0,Female,2.0,64846.33,3.0,3.0
9181669,20.0,250.0,34.5,Male,3.0,29404.31,2.0,2.0
8294150,18.0,226.0,54.5,Male,2.0,46782.46,7.0,7.0
9235672,30.0,371.0,54.0,Male,3.0,122128.08000000002,4.0,4.0
7649567,14.0,178.0,33.0,Female,2.0,19239.04,2.0,2.0
2038396,6.0,74.0,64.0,Unknown,2.0,49570.6,5.0,5.0
1791083,13.0,164.0,46.5,Male,2.0,326163.98,3.0,3.0
9745743,4.0,58.0,26.0,Unknown,3.0,73816.07,7.0,7.0
5597537,15.0,190.0,25.5,Male,2.0,76781.88,3.0,3.0
7924369,5.0,60.0,54.0,Unknown,2.0,552930.81,7.0,7.0
8442146,6.0,78.0,19.0,Unknown,2.0,19752.29,4.0,4.0
2400856,16.0,199.0,26.5,Male,2.0,102785.35,5.0,5.0
8631372,4.0,59.0,58.5,Unknown,3.0,86337.76,6.0,6.0
6766987,7.0,93.0,26.5,Unknown,3.0,63479.57000000001,7.0,7.0
903439,7.0,92.0,17.5,Unknown,2.0,29461.74,4.0,4.0
5616687,5.0,71.0,23.5,Unknown,2.0,28546.49,2.0,2.0
9575625,17.0,211.0,61.5,Female,2.0,605787.4,5.0,5.0
2565171,24.0,292.0,59.5,Male,2.0,23876.15,4.0,4.0
5389177,23.0,279.0,30.5,Male,2.0,13993.039999999995,7.0,7.0
5191470,26.0,316.0,47.5,Unknown,3.0,451349.17,2.0,2.0
6363653,20.0,250.0,63.5,Male,3.0,245141.71,6.0,6.0
8109953,18.0,227.0,32.5,Male,4.0,434537.0,4.0,4.0
5070932,7.0,85.0,55.5,Unknown,2.0,287767.47,2.0,2.0
3025054,6.0,83.0,49.5,Unknown,2.0,70720.48999999999,4.0,4.0
6188504,8.0,106.0,29.5,Male,2.0,74956.06,1.0,1.0
3540028,9.0,114.0,30.0,Male,2.0,80702.28,4.0,4.0
786492,6.0,76.0,45.5,Unknown,2.0,59624.41,1.0,1.0
6975777,7.0,94.0,57.5,Unknown,2.0,99256.43,5.0,5.0
7831565,14.0,175.0,18.5,Male,3.0,119707.19,7.0,7.0
2168404,8.0,106.0,55.0,Male,2.0,42303.58,3.0,3.0
5386542,8.0,105.0,30.5,Female,3.0,26461.34,7.0,7.0
6505405,8.0,97.0,55.5,Unknown,2.0,37978.99,2.0,2.0
4554973,4.0,57.0,36.5,Unknown,4.0,170430.25,7.0,7.0
1906747,6.0,76.0,28.5,Female,2.0,14481.919999999998,3.0,3.0
1784703,15.0,183.0,42.0,Male,3.0,117452.26,5.0,5.0
6289162,5.0,70.0,52.0,Unknown,2.0,27471.759999999995,1.0,1.0
2817883,5.0,60.0,48.5,Unknown,2.0,17901.199999999997,2.0,2.0
3770747,24.0,289.0,81.5,Female,2.0,317234.14,7.0,7.0
182813,21.0,261.0,60.5,Male,4.0,596474.87,5.0,5.0
6496848,5.0,70.0,63.5,Unknown,2.0,128784.21,2.0,3.0
5173942,5.0,70.0,39.0,Unknown,2.0,31586.22,3.0,3.0
2325488,5.0,65.0,21.5,Unknown,2.0,17727.649999999998,3.0,3.0
9596977,13.0,167.0,27.0,Male,2.0,60410.83,6.0,6.0
8544003,28.0,344.0,67.0,Female,2.0,42035.92,7.0,7.0
831389,11.0,133.0,70.5,Male,2.0,79112.01999999999,7.0,7.0
4774744,8.0,98.0,54.5,Male,2.0,49207.22,3.0,3.0
4939586,8.0,97.0,25.0,Unknown,2.0,36638.98,7.0,7.0
6948909,9.0,108.0,33.5,Male,2.0,43255.34,3.0,3.0
5409310,11.0,138.0,29.5,Female,2.0,22821.68,1.0,1.0
1707780,6.0,75.0,48.5,Unknown,2.0,139482.69,2.0,2.0
650408,9.0,109.0,18.5,Male,2.0,15837.399999999998,2.0,2.0
3306196,5.0,66.0,22.5,Unknown,2.0,23670.19,7.0,7.0
3744419,15.0,188.0,64.0,Female,2.0,96421.96,2.0,2.0
7406736,22.0,267.0,75.0,Female,3.0,405692.76,7.0,7.0
971341,14.0,173.0,59.0,Male,2.0,637437.24,6.0,7.0
1392599,16.0,200.0,18.0,Female,3.0,74237.94,4.0,4.0
2255499,19.0,229.0,46.0,Unknown,2.0,30064.34,7.0,7.0
8584556,4.0,58.0,39.0,Unknown,2.0,25753.4,7.0,7.0
4921838,12.0,154.0,26.5,Female,2.0,16497.43,4.0,4.0
6626821,12.0,147.0,80.0,Female,2.0,18859.49,3.0,3.0
9656147,14.0,174.0,51.5,Male,2.0,346947.41,7.0,7.0
9531297,4.0,59.0,50.5,Male,2.0,20388.46,6.0,6.0
3479051,7.0,89.0,44.5,Unknown,2.0,18792.3,6.0,6.0
4899738,13.0,156.0,19.0,Male,2.0,41297.32,4.0,4.0
6061352,17.0,204.0,38.0,Male,2.0,862398.5,6.0,6.0
5452386,16.0,192.0,54.0,Male,2.0,25544.47,3.0,3.0
7994543,5.0,64.0,59.0,Female,2.0,43948.77,2.0,3.0
708868,7.0,84.0,39.5,Unknown,2.0,28749.25,1.0,1.0
35883,9.0,118.0,28.0,Male,2.0,23435.03,2.0,2.0
7780942,4.0,59.0,25.5,Unknown,2.0,21660.06,5.0,5.0
142518,6.0,83.0,39.0,Unknown,4.0,404637.99,6.0,6.0
1825808,25.0,311.0,44.0,Male,3.0,422374.86,2.0,2.0
7941042,16.0,200.0,64.0,Male,2.0,86994.03,5.0,5.0
8128667,11.0,132.0,36.0,Male,2.0,27639.9,2.0,2.0
7752954,21.0,262.0,58.5,Male,2.0,36566.33,1.0,1.0
2958820,20.0,241.0,33.0,Male,3.0,697106.4600000001,4.0,7.0
4062578,9.0,118.0,50.5,Female,2.0,23161.13,1.0,1.0
8590782,5.0,70.0,59.5,Female,2.0,27280.41,1.0,1.0
1195822,27.0,334.0,63.5,Female,2.0,149136.93,2.0,2.0
7575447,16.0,196.0,37.5,Female,2.0,176945.02000000002,3.0,3.0
2876409,12.0,151.0,68.0,Male,2.0,157856.22999999998,6.0,6.0
9246164,6.0,82.0,50.0,Female,2.0,213299.24,5.0,5.0
7483665,14.0,176.0,27.5,Male,2.0,86184.95,7.0,7.0
8087212,7.0,92.0,29.0,Unknown,2.0,104962.1,7.0,7.0
5892008,15.0,183.0,55.5,Female,3.0,23978.61,7.0,7.0
9591540,12.0,155.0,67.0,Female,2.0,45139.46,2.0,3.0
9429798,5.0,66.0,21.5,Unknown,2.0,37815.33,4.0,4.0
9349027,7.0,95.0,45.0,Unknown,2.0,29552.99,3.0,3.0
1968974,5.0,67.0,22.5,Unknown,2.0,35981.21,3.0,3.0
5250675,5.0,69.0,44.5,Unknown,2.0,80535.3,7.0,7.0
1800233,14.0,174.0,50.5,Male,3.0,101903.43,7.0,7.0
1340717,4.0,56.0,65.5,Unknown,2.0,90944.65,5.0,5.0
1899729,7.0,95.0,36.0,Female,2.0,41128.63,7.0,7.0
9275551,4.0,59.0,40.0,Unknown,2.0,38860.67,3.0,3.0
9661933,22.0,264.0,60.5,Female,3.0,604820.3300000001,7.0,7.0
5711893,17.0,215.0,71.0,Female,2.0,32454.18,7.0,7.0
2299286,17.0,214.0,47.0,Male,3.0,154303.27999999997,7.0,7.0
580113,17.0,214.0,65.0,Male,2.0,306526.13,7.0,7.0
67899,7.0,92.0,60.5,Unknown,2.0,38387.08,4.0,4.0
9181000,6.0,76.0,71.0,Female,2.0,34680.0,7.0,7.0
3021391,9.0,112.0,38.0,Female,2.0,42557.81,5.0,5.0
7845658,15.0,184.0,35.0,Male,2.0,30542.910000000003,2.0,2.0
2466728,11.0,142.0,46.5,Male,2.0,176546.09999999998,7.0,7.0
7029015,40.0,485.0,68.5,Male,3.0,113038.63,5.0,5.0
4782745,9.0,109.0,26.5,Male,2.0,48736.99,4.0,4.0
2120248,10.0,128.0,28.5,Female,2.0,332422.83,4.0,4.0
2003720,7.0,84.0,35.0,Unknown,2.0,38814.74,5.0,5.0
8481225,7.0,85.0,22.0,Unknown,2.0,18748.61,2.0,2.0
9384656,12.0,148.0,35.0,Female,2.0,52081.2,7.0,7.0
4868294,5.0,70.0,55.5,Unknown,2.0,40550.3,1.0,1.0
1182937,32.0,394.0,55.5,Female,4.0,163232.21999999997,4.0,4.0
9802941,5.0,70.0,43.5,Unknown,2.0,61056.17999999999,4.0,4.0
3264513,4.0,58.0,65.5,Unknown,2.0,20885.94,5.0,5.0
5195024,4.0,57.0,54.5,Unknown,2.0,15817.1,6.0,6.0
8866155,4.0,57.0,55.0,Male,2.0,107886.88,7.0,7.0
9414444,6.0,82.0,59.0,Unknown,2.0,153958.13,6.0,6.0
1592345,5.0,64.0,58.0,Unknown,2.0,143095.49,2.0,2.0
2174814,7.0,93.0,63.0,Female,2.0,113907.18,2.0,2.0
4897726,13.0,166.0,34.0,Female,3.0,70693.23,3.0,3.0
2037799,15.0,183.0,45.0,Female,2.0,15876.75,2.0,2.0
7899067,6.0,83.0,41.0,Unknown,3.0,36399.65,6.0,6.0
7991210,16.0,202.0,43.0,Male,2.0,37203.9,4.0,4.0
8498619,8.0,101.0,82.5,Unknown,2.0,74546.2,4.0,4.0
7174383,12.0,145.0,28.5,Male,2.0,46966.47,7.0,7.0
5956747,11.0,134.0,74.0,Female,2.0,34448.83,3.0,3.0
1497625,5.0,71.0,24.5,Unknown,2.0,34292.3,7.0,7.0
3944838,5.0,67.0,21.5,Unknown,2.0,23119.08,1.0,1.0
1248606,24.0,294.0,43.5,Male,4.0,191254.89,4.0,4.0
4246574,7.0,84.0,75.5,Unknown,2.0,66284.79000000001,3.0,3.0
1944365,9.0,119.0,21.0,Female,2.0,22582.76,1.0,2.0
9880631,10.0,128.0,30.5,Female,3.0,77921.88,6.0,6.0
4961981,6.0,81.0,31.5,Unknown,3.0,22711.72,1.0,1.0
5691162,6.0,83.0,45.0,Unknown,2.0,36165.03,6.0,6.0
8813876,5.0,71.0,27.5,Unknown,2.0,35999.32,2.0,2.0
9428815,16.0,196.0,39.0,Male,2.0,74463.28,2.0,2.0
7781894,15.0,190.0,59.0,Female,2.0,22249.83,6.0,6.0
9872353,26.0,321.0,54.5,Male,2.0,61843.31,2.0,2.0
9911548,5.0,71.0,32.0,Unknown,2.0,29168.43,2.0,2.0
9915129,9.0,114.0,63.0,Male,2.0,139758.66,6.0,6.0
9697863,9.0,113.0,53.0,Female,2.0,227779.6,6.0,6.0
7561751,15.0,180.0,30.5,Female,2.0,76380.16,2.0,2.0
5717056,27.0,325.0,28.5,Male,3.0,235435.36,7.0,7.0
7690392,6.0,80.0,21.0,Female,2.0,23457.759999999995,2.0,2.0
2864918,14.0,172.0,35.5,Female,2.0,57671.09,2.0,2.0
1613189,15.0,190.0,59.5,Male,2.0,34140.82,1.0,1.0
7546079,6.0,75.0,55.0,Unknown,2.0,73808.9,2.0,2.0
1424579,22.0,274.0,60.0,Male,2.0,87190.56999999999,7.0,7.0
3433893,21.0,255.0,34.5,Male,3.0,209907.38,7.0,7.0
3488280,20.0,249.0,45.0,Male,2.0,174587.33000000002,4.0,4.0
615769,9.0,111.0,74.5,Male,3.0,278462.96,6.0,6.0
3789150,6.0,83.0,73.0,Unknown,2.0,44932.53999999999,1.0,1.0
212583,7.0,86.0,46.5,Unknown,2.0,69192.66,7.0,7.0
3346521,15.0,189.0,49.0,Male,2.0,80847.55,1.0,1.0
6963120,9.0,114.0,79.0,Female,2.0,338117.17,3.0,3.0
972724,11.0,136.0,28.5,Male,3.0,97627.9,6.0,6.0
4489324,15.0,189.0,30.0,Male,2.0,58180.850000000006,1.0,1.0
3806295,5.0,67.0,19.0,Unknown,3.0,37551.31,7.0,7.0
7695602,4.0,54.0,27.0,Unknown,3.0,19205.33,5.0,5.0
8994607,6.0,81.0,18.5,Male,2.0,34939.119999999995,2.0,2.0
7918624,5.0,70.0,51.0,Male,2.0,3210120.39,7.0,7.0
8672237,8.0,98.0,31.5,Unknown,3.0,515790.16,5.0,5.0
632933,28.0,337.0,50.5,Male,4.0,1324122.45,7.0,7.0
9447271,16.0,192.0,55.5,Male,2.0,129740.18,2.0,2.0
7950184,6.0,83.0,38.5,Unknown,2.0,42323.53,3.0,3.0
6846721,11.0,137.0,23.5,Female,2.0,20375.84,2.0,2.0
6612911,6.0,81.0,38.0,Unknown,2.0,17247.82,2.0,2.0
7151964,10.0,131.0,62.0,Female,2.0,59047.44,2.0,2.0
8667130,24.0,288.0,29.0,Male,3.0,84982.04,4.0,4.0
2915892,20.0,246.0,57.5,Male,3.0,151163.46999999997,7.0,7.0
9239529,17.0,214.0,53.0,Male,3.0,74536.42,7.0,7.0
1376338,5.0,68.0,29.0,Male,3.0,22991.28,7.0,7.0
732237,11.0,143.0,54.5,Female,2.0,41580.62,3.0,3.0
7009861,14.0,178.0,60.5,Female,2.0,82354.66,4.0,4.0
7742486,16.0,194.0,74.5,Female,2.0,50652.54,1.0,1.0
6362500,13.0,161.0,22.5,Female,2.0,16993.35,2.0,2.0
3429508,4.0,57.0,19.5,Unknown,2.0,28048.31,7.0,7.0
5089656,12.0,152.0,75.0,Male,2.0,363087.58,7.0,7.0
9301100,13.0,166.0,52.5,Female,2.0,33178.71,3.0,3.0
6169377,8.0,98.0,18.5,Male,2.0,14987.649999999998,2.0,2.0
6980578,5.0,70.0,32.0,Unknown,2.0,27911.74,7.0,7.0
7219692,11.0,143.0,41.0,Male,2.0,44213.01,2.0,2.0
7423476,5.0,65.0,49.5,Unknown,2.0,20775.38,7.0,7.0
3135563,6.0,81.0,44.5,Unknown,2.0,46384.42999999999,2.0,2.0
7596414,28.0,342.0,20.5,Male,2.0,16196.469999999998,3.0,3.0
881005,14.0,172.0,50.0,Male,2.0,155083.99,1.0,1.0
2096420,11.0,143.0,35.0,Female,3.0,89058.88,5.0,5.0
184988,15.0,184.0,29.5,Male,2.0,82963.31,7.0,7.0
9466770,6.0,82.0,60.0,Unknown,2.0,102066.88,2.0,2.0
742616,4.0,53.0,41.0,Unknown,3.0,102261.79,5.0,5.0
5815825,6.0,82.0,78.0,Unknown,2.0,64898.64,5.0,5.0
9384462,10.0,129.0,24.5,Male,2.0,51645.67,7.0,7.0
9353745,5.0,70.0,67.0,Unknown,2.0,98816.77,4.0,4.0
266106,4.0,54.0,25.5,Unknown,2.0,26498.21,2.0,2.0
4235804,15.0,190.0,66.0,Female,2.0,24539.759999999995,3.0,3.0
3449763,8.0,106.0,33.0,Female,2.0,41585.65,7.0,7.0
8928242,5.0,66.0,31.0,Unknown,2.0,19150.09,4.0,4.0
726207,21.0,262.0,67.0,Female,2.0,337575.52,6.0,6.0
5703595,20.0,250.0,63.0,Male,3.0,71674.13,6.0,6.0
6096429,20.0,246.0,18.0,Female,2.0,33058.44,2.0,2.0
8923788,10.0,122.0,62.5,Female,2.0,249108.28,7.0,7.0
6613794,6.0,72.0,62.0,Unknown,2.0,69512.72,4.0,4.0
2815185,18.0,217.0,37.5,Female,2.0,26519.119999999995,6.0,6.0
2368505,15.0,191.0,44.0,Female,2.0,94417.2,5.0,5.0
3032009,4.0,57.0,63.5,Unknown,2.0,35949.09,7.0,7.0
9142161,13.0,167.0,28.5,Unknown,2.0,24377.18,2.0,2.0
424866,6.0,80.0,55.5,Unknown,3.0,1131261.13,5.0,5.0
9026703,6.0,83.0,24.0,Unknown,2.0,17926.35,1.0,1.0
7077301,4.0,57.0,76.5,Unknown,3.0,119686.46,7.0,7.0
4846015,34.0,411.0,51.5,Male,3.0,2224415.27,5.0,5.0
7361272,8.0,106.0,58.0,Female,3.0,209520.73,7.0,7.0
1973311,12.0,148.0,37.5,Male,2.0,94988.22,7.0,7.0
3708650,11.0,139.0,54.0,Female,2.0,92350.48,2.0,2.0
2115936,7.0,84.0,48.0,Unknown,2.0,61509.06,7.0,7.0
6643417,12.0,145.0,40.0,Male,2.0,26105.28,2.0,2.0
9249551,4.0,50.0,21.0,Unknown,2.0,28719.58,1.0,1.0
8788572,12.0,145.0,47.5,Female,2.0,90748.46,5.0,5.0
679900,16.0,197.0,60.5,Female,2.0,280158.0,7.0,7.0
4320918,12.0,154.0,47.5,Female,2.0,34687.8,2.0,2.0
9968300,6.0,83.0,27.0,Male,2.0,107434.89,7.0,7.0
6862848,9.0,118.0,64.5,Male,2.0,19767.99,3.0,3.0
5404014,12.0,147.0,54.5,Female,3.0,29399.4,5.0,5.0
8983175,9.0,118.0,43.5,Female,2.0,16208.32,5.0,5.0
2274946,9.0,111.0,72.0,Female,2.0,127034.12,2.0,3.0
4181438,13.0,158.0,33.0,Female,2.0,19612.7,1.0,1.0
27270,6.0,72.0,15.5,Unknown,2.0,15292.85,2.0,2.0
3075193,13.0,157.0,21.0,Male,2.0,70614.62,6.0,6.0
2374699,4.0,58.0,60.0,Unknown,2.0,594996.42,7.0,7.0
3231561,4.0,59.0,29.0,Unknown,2.0,35039.0,2.0,2.0
893790,13.0,161.0,62.5,Male,2.0,92090.67,7.0,7.0
1133623,9.0,109.0,22.5,Male,3.0,110400.0,7.0,7.0
3731194,15.0,191.0,71.5,Female,2.0,150903.02999999997,7.0,7.0
5190535,5.0,71.0,28.0,Unknown,2.0,29252.31,4.0,4.0
4838089,13.0,164.0,47.0,Male,2.0,94783.69,1.0,1.0
2142847,4.0,57.0,42.0,Female,2.0,29615.15,5.0,5.0
8271180,4.0,58.0,39.5,Unknown,2.0,17437.649999999998,1.0,1.0
7499696,25.0,301.0,61.0,Male,2.0,16116.039999999995,6.0,6.0
9045993,22.0,267.0,60.0,Male,2.0,101797.61,7.0,7.0
8619272,5.0,70.0,43.0,Unknown,2.0,30143.82,2.0,2.0
2129780,4.0,58.0,37.5,Unknown,3.0,42843.62,2.0,2.0
7878697,29.0,358.0,25.5,Female,2.0,24701.32,7.0,7.0
1260332,27.0,328.0,60.5,Male,2.0,313748.62,7.0,7.0
8016265,15.0,180.0,42.0,Female,2.0,28188.8,2.0,2.0
2782331,13.0,156.0,62.0,Male,2.0,40242.72,4.0,4.0
4923002,6.0,72.0,28.5,Unknown,2.0,29840.47,1.0,1.0
34491,28.0,345.0,47.0,Male,5.0,1418026.99,6.0,6.0
8300363,6.0,83.0,57.0,Unknown,2.0,69373.48,3.0,3.0
9741275,12.0,154.0,67.5,Male,3.0,91931.35,7.0,7.0
992690,21.0,253.0,61.0,Male,2.0,1203894.69,4.0,4.0
1682507,5.0,68.0,82.5,Unknown,2.0,21188.0,4.0,4.0
5406125,12.0,152.0,63.5,Male,2.0,32067.050000000003,1.0,1.0
5697777,14.0,173.0,51.5,Male,2.0,213533.42,7.0,7.0
369989,8.0,101.0,35.0,Unknown,2.0,19950.46,4.0,4.0
9879903,7.0,85.0,29.0,Unknown,2.0,233880.15,7.0,7.0
1993851,8.0,96.0,29.0,Unknown,2.0,59391.89,1.0,1.0
6639777,26.0,321.0,57.0,Male,3.0,79138.73999999999,7.0,7.0
6828169,7.0,86.0,55.5,Unknown,2.0,22622.41,1.0,1.0
1185380,5.0,68.0,25.5,Male,2.0,22108.7,7.0,7.0
6103529,13.0,162.0,64.5,Female,3.0,430462.12,4.0,4.0
7370724,21.0,254.0,58.5,Female,2.0,88428.11,2.0,2.0
3761954,19.0,236.0,31.5,Male,2.0,67899.59,5.0,5.0
3147123,16.0,200.0,24.5,Male,2.0,64368.57000000001,3.0,3.0
3800073,17.0,211.0,39.5,Male,2.0,18064.02,4.0,4.0
5103354,15.0,186.0,48.5,Male,3.0,116259.53,4.0,4.0
8337754,13.0,166.0,63.5,Male,2.0,39123.9,2.0,2.0
7026792,5.0,70.0,52.0,Unknown,2.0,37066.0,3.0,3.0
6210733,15.0,190.0,51.0,Female,2.0,35482.61,3.0,4.0
5115105,10.0,128.0,39.0,Male,4.0,212758.81,1.0,1.0
1558668,11.0,137.0,63.5,Male,2.0,471145.09,7.0,7.0
4663447,10.0,127.0,48.0,Male,2.0,23961.33,3.0,3.0
6526271,8.0,106.0,27.5,Male,2.0,98189.89,1.0,1.0
5771042,15.0,189.0,38.5,Female,2.0,31990.25,7.0,7.0
2267786,14.0,177.0,38.5,Female,2.0,30587.14,1.0,1.0
5590780,11.0,137.0,65.5,Female,2.0,24793.15,7.0,7.0
9200885,8.0,100.0,25.5,Unknown,2.0,76585.81,7.0,7.0
3891847,22.0,265.0,48.5,Female,2.0,68836.33,4.0,4.0
8912349,7.0,84.0,37.5,Unknown,2.0,657042.14,6.0,6.0
3851905,5.0,65.0,22.5,Unknown,2.0,35497.27,2.0,2.0
9892478,30.0,364.0,71.5,Male,3.0,151518.93,4.0,4.0
8714449,22.0,271.0,43.5,Female,4.0,215938.51,7.0,7.0
2570518,21.0,261.0,38.5,Male,2.0,120131.05,6.0,6.0
1239374,20.0,249.0,37.0,Female,2.0,95715.65,3.0,3.0
2899449,19.0,228.0,62.5,Unknown,2.0,87891.53,7.0,7.0
1714427,18.0,218.0,19.0,Female,2.0,17391.42,4.0,4.0
5755684,17.0,204.0,76.5,Male,2.0,171221.71999999997,4.0,4.0
8744156,7.0,88.0,24.5,Unknown,2.0,86276.19,7.0,7.0
1007463,6.0,83.0,27.0,Unknown,3.0,128678.08000000002,7.0,7.0
7014077,6.0,75.0,42.5,Unknown,2.0,35412.77,1.0,1.0
4313627,8.0,96.0,30.0,Unknown,2.0,31779.160000000003,3.0,3.0
7199842,12.0,154.0,34.0,Female,2.0,34483.25,7.0,7.0
7762504,6.0,77.0,28.0,Unknown,2.0,39049.47,2.0,2.0
4803863,6.0,81.0,24.0,Unknown,2.0,19058.01,5.0,5.0
4896437,10.0,125.0,33.0,Female,2.0,70351.95999999999,2.0,2.0
8699648,8.0,106.0,39.5,Male,2.0,23206.66,2.0,2.0
3210521,12.0,149.0,64.0,Female,2.0,51965.84,7.0,7.0
7090630,5.0,70.0,55.0,Unknown,2.0,24268.759999999995,3.0,3.0
2197191,8.0,102.0,25.5,Unknown,3.0,53676.33,7.0,7.0
4740786,6.0,78.0,65.5,Unknown,2.0,225486.62,6.0,6.0
2789727,5.0,64.0,80.5,Unknown,2.0,169594.11,1.0,2.0
6519054,14.0,178.0,54.0,Female,2.0,89131.03,1.0,1.0
3270845,23.0,277.0,27.0,Male,2.0,13842.16,2.0,2.0
1324799,22.0,271.0,64.5,Female,2.0,114092.99,3.0,3.0
6374753,19.0,236.0,47.5,Male,2.0,25632.67,7.0,7.0
4793866,17.0,209.0,51.5,Female,2.0,20899.17,7.0,7.0
4327591,12.0,144.0,42.5,Male,2.0,81728.73,6.0,6.0
4588954,8.0,96.0,31.5,Unknown,2.0,46711.24,4.0,4.0
7064511,14.0,179.0,64.0,Female,2.0,147607.8,1.0,1.0
5798794,34.0,415.0,86.5,Male,2.0,119998.74,1.0,1.0
8457581,10.0,125.0,50.0,Female,2.0,51304.46,1.0,1.0
2747528,11.0,142.0,51.0,Male,2.0,25030.56,2.0,2.0
3901676,13.0,156.0,40.0,Female,4.0,308591.42,5.0,5.0
5782606,15.0,188.0,54.0,Male,2.0,21777.82,1.0,1.0
1808680,6.0,73.0,24.5,Unknown,2.0,28191.56,4.0,4.0
6682568,9.0,119.0,50.5,Male,2.0,19081.98,1.0,1.0
5200752,37.0,446.0,58.0,Unknown,2.0,21760.44,3.0,3.0
7613093,5.0,64.0,24.5,Male,2.0,26155.38,7.0,7.0
7945808,6.0,75.0,43.5,Unknown,3.0,249914.5,3.0,3.0
7505467,11.0,143.0,66.5,Female,2.0,48536.21,2.0,2.0
2023297,25.0,305.0,49.5,Female,2.0,60422.81,4.0,4.0
4023788,20.0,248.0,41.5,Unknown,4.0,831229.16,7.0,7.0
2322718,7.0,85.0,28.0,Unknown,2.0,25716.07,5.0,5.0
3737438,26.0,320.0,57.0,Male,2.0,31135.81,7.0,7.0
2631479,12.0,145.0,42.0,Female,3.0,55195.05,4.0,4.0
5108246,16.0,193.0,50.0,Unknown,2.0,29650.91,2.0,2.0
3787467,12.0,154.0,29.5,Male,2.0,75137.58,2.0,2.0
3044081,4.0,59.0,25.0,Unknown,2.0,34620.82,5.0,5.0
8525197,6.0,83.0,29.0,Unknown,2.0,40969.35,5.0,5.0
183618,12.0,149.0,29.0,Female,2.0,43692.95,3.0,3.0
6582488,5.0,70.0,54.0,Unknown,2.0,38580.51,4.0,4.0
3731134,16.0,192.0,32.0,Male,2.0,24698.869999999995,1.0,1.0
3077886,3.0,46.0,69.0,Unknown,2.0,517049.74,7.0,7.0
7506072,12.0,151.0,50.0,Female,2.0,129530.63,3.0,3.0
3377522,6.0,75.0,23.0,Unknown,3.0,34838.7,7.0,7.0
5258002,15.0,191.0,31.5,Female,2.0,54234.1,3.0,3.0
279901,30.0,371.0,64.0,Male,3.0,157179.56,7.0,7.0
4596036,5.0,70.0,52.5,Unknown,2.0,18523.02,2.0,2.0
3639926,6.0,72.0,23.0,Unknown,3.0,62100.92,1.0,1.0
7362510,13.0,157.0,56.5,Male,2.0,1146876.74,7.0,7.0
8142235,7.0,85.0,19.5,Unknown,2.0,62005.79999999999,7.0,7.0
697704,17.0,208.0,52.5,Female,2.0,63105.62,3.0,3.0
4391040,21.0,259.0,67.0,Female,2.0,41668.6,1.0,1.0
8336968,4.0,57.0,30.5,Unknown,3.0,25815.5,7.0,7.0
8570123,9.0,108.0,55.0,Male,2.0,176760.26,4.0,4.0
7626515,14.0,176.0,30.5,Male,2.0,27812.15,2.0,2.0
3488185,4.0,59.0,67.5,Unknown,2.0,23682.63,5.0,5.0
7312413,5.0,71.0,44.0,Unknown,2.0,48280.75,6.0,6.0
9238074,6.0,81.0,19.0,Unknown,3.0,99082.48,5.0,5.0
6535378,6.0,82.0,29.5,Unknown,2.0,28725.16,1.0,1.0
9649577,16.0,199.0,58.5,Female,2.0,1169222.3299999998,7.0,7.0
7103429,17.0,206.0,56.5,Male,2.0,16535.53,7.0,7.0
8269170,4.0,53.0,64.5,Unknown,3.0,674084.17,3.0,3.0
2642447,11.0,138.0,51.5,Female,2.0,175764.55,7.0,7.0
2310845,24.0,291.0,20.0,Female,3.0,39534.76,4.0,4.0
5322416,21.0,254.0,41.0,Unknown,2.0,129012.74,6.0,6.0
7338579,20.0,251.0,46.0,Female,3.0,44178.9,1.0,1.0
9265657,21.0,253.0,38.5,Male,2.0,42681.17,2.0,2.0
1791338,19.0,232.0,27.0,Male,2.0,18252.61,6.0,6.0
21011,18.0,219.0,33.0,Male,3.0,66067.07,2.0,2.0
9830061,9.0,118.0,56.5,Female,2.0,50710.4,2.0,2.0
9819008,17.0,205.0,36.0,Female,3.0,483873.8,6.0,6.0
4511689,5.0,60.0,28.5,Unknown,2.0,40411.15,2.0,2.0
341850,13.0,160.0,44.0,Female,2.0,64107.45,2.0,2.0
6692802,4.0,58.0,21.0,Unknown,2.0,15037.03,6.0,6.0
3920239,8.0,105.0,24.5,Male,2.0,18759.77,5.0,5.0
3969597,5.0,71.0,27.5,Unknown,2.0,43043.57,3.0,3.0
160710,7.0,86.0,17.0,Unknown,2.0,20290.15,1.0,1.0
4922325,9.0,111.0,41.5,Male,2.0,88870.25,5.0,5.0
2205197,7.0,85.0,28.5,Male,2.0,15126.289999999995,2.0,2.0
6389452,14.0,170.0,61.0,Male,2.0,14690.539999999995,2.0,2.0
6838595,14.0,178.0,29.5,Female,2.0,42686.63,1.0,1.0
9271331,30.0,370.0,70.5,Female,2.0,89977.09999999999,2.0,3.0
7080592,5.0,62.0,54.0,Unknown,2.0,79900.53,1.0,1.0
4921303,4.0,58.0,20.5,Unknown,2.0,25596.77,3.0,3.0
7321465,13.0,159.0,56.5,Male,2.0,941635.22,2.0,2.0
4067931,24.0,288.0,59.5,Male,2.0,171289.09000000003,1.0,1.0
3058306,7.0,95.0,34.5,Unknown,3.0,19112.47,1.0,1.0
4621851,5.0,68.0,21.5,Unknown,2.0,16221.359999999995,7.0,7.0
4927396,12.0,144.0,51.5,Male,3.0,582016.89,4.0,4.0
9613884,12.0,154.0,28.0,Female,2.0,36978.39,1.0,1.0
8784051,5.0,68.0,62.5,Male,3.0,603714.64,6.0,7.0
6756878,15.0,189.0,48.0,Female,2.0,43525.84,7.0,7.0
4303969,10.0,125.0,56.5,Male,3.0,1125789.93,4.0,4.0
6193341,11.0,142.0,40.5,Male,3.0,47058.38,1.0,1.0
9990111,5.0,66.0,32.0,Female,3.0,104575.87,3.0,3.0
6338800,10.0,127.0,33.0,Male,2.0,61187.97,7.0,7.0
7662789,5.0,66.0,42.5,Unknown,2.0,55975.82000000001,1.0,1.0
4773220,8.0,103.0,58.0,Unknown,2.0,119120.13,2.0,2.0
3887248,8.0,100.0,39.5,Unknown,2.0,17029.589999999997,7.0,7.0
2339267,12.0,152.0,30.5,Male,3.0,164255.71999999997,7.0,7.0
6838710,8.0,97.0,23.0,Female,2.0,42347.51,2.0,2.0
3306303,12.0,154.0,45.0,Female,2.0,48233.76,2.0,2.0
6296726,4.0,58.0,53.0,Male,2.0,22253.04,6.0,6.0
5088523,4.0,56.0,16.5,Unknown,3.0,24882.44,5.0,5.0
7082469,10.0,130.0,25.5,Male,2.0,25996.67,7.0,7.0
6500163,9.0,111.0,60.0,Female,2.0,143559.46,7.0,7.0
2600081,19.0,230.0,64.0,Male,2.0,21690.82,2.0,2.0
1243158,6.0,75.0,49.0,Unknown,2.0,66284.84,5.0,5.0
7701238,11.0,140.0,62.5,Male,2.0,236036.57,1.0,2.0
2942974,6.0,76.0,21.5,Unknown,2.0,27696.97,1.0,1.0
8465776,6.0,74.0,33.5,Unknown,2.0,50366.02,7.0,7.0
3254195,9.0,116.0,56.0,Female,2.0,28646.22,5.0,5.0
4652710,22.0,266.0,47.5,Female,4.0,1634078.64,7.0,7.0
4096463,21.0,260.0,37.5,Female,3.0,1093011.86,4.0,4.0
7307302,21.0,253.0,48.5,Female,2.0,309854.65,2.0,2.0
7005213,20.0,251.0,65.0,Female,2.0,85544.68,7.0,7.0
6009478,16.0,199.0,71.0,Female,2.0,38217.52,6.0,6.0
4963053,13.0,161.0,35.5,Female,2.0,22611.35,1.0,1.0
989035,15.0,184.0,41.0,Male,2.0,13791.339999999997,1.0,1.0
5120205,27.0,333.0,70.0,Male,3.0,163092.0,6.0,6.0
7889790,5.0,70.0,53.5,Unknown,2.0,74594.26999999999,6.0,6.0
3538039,7.0,86.0,26.0,Unknown,2.0,18841.45,7.0,7.0
5325922,6.0,78.0,20.5,Unknown,2.0,25432.57,7.0,7.0
8601037,10.0,123.0,43.5,Female,2.0,27509.16,2.0,2.0
2406588,33.0,406.0,59.5,Female,2.0,98326.51,7.0,7.0
6226539,9.0,114.0,75.0,Female,2.0,498414.68,7.0,7.0
1296757,11.0,143.0,53.0,Female,2.0,58990.09,6.0,6.0
2251849,10.0,126.0,33.5,Male,2.0,152302.91999999998,3.0,3.0
3521522,21.0,253.0,52.5,Male,2.0,610147.14,7.0,7.0
5781035,23.0,282.0,29.5,Female,2.0,135417.55,1.0,1.0
3875360,22.0,265.0,43.5,Male,3.0,137603.57,7.0,7.0
4990223,21.0,263.0,51.0,Male,2.0,35862.35,5.0,5.0
5374772,18.0,226.0,27.5,Female,2.0,39120.21,4.0,4.0
1113797,9.0,110.0,32.0,Male,2.0,72420.93,4.0,4.0
3492468,14.0,168.0,29.5,Male,2.0,55941.39,6.0,6.0
684855,12.0,153.0,38.0,Female,2.0,45925.5,7.0,7.0
6353246,11.0,140.0,22.5,Male,3.0,23948.07,2.0,2.0
2266401,7.0,85.0,32.5,Unknown,2.0,33450.56,1.0,1.0
2507146,14.0,171.0,34.0,Unknown,2.0,72407.58,2.0,2.0
7534807,15.0,189.0,47.5,Male,3.0,485940.25,6.0,6.0
1426038,4.0,58.0,27.5,Unknown,2.0,34593.19,3.0,3.0
5324847,6.0,72.0,52.0,Unknown,2.0,509448.96,7.0,7.0
173595,4.0,58.0,57.5,Unknown,2.0,15422.429999999997,1.0,1.0
4278701,13.0,167.0,31.0,Female,2.0,40399.03,3.0,3.0
9953614,12.0,155.0,53.0,Female,2.0,96712.71,1.0,1.0
8890536,6.0,72.0,39.5,Unknown,3.0,77374.04999999999,2.0,2.0
5756742,4.0,59.0,18.0,Unknown,2.0,40004.39,5.0,5.0
8990059,13.0,161.0,24.5,Male,2.0,39904.11,7.0,7.0
7301492,18.0,227.0,48.5,Female,2.0,121086.89,3.0,3.0
9002066,6.0,80.0,76.0,Unknown,2.0,195036.61,6.0,6.0
4127490,9.0,114.0,20.0,Unknown,2.0,15890.539999999995,3.0,3.0
8592085,14.0,175.0,40.0,Female,2.0,78740.51999999999,4.0,4.0
8437247,6.0,73.0,15.5,Unknown,2.0,18732.09,3.0,3.0
2921970,4.0,58.0,25.0,Unknown,2.0,28063.99,2.0,2.0
2312422,4.0,57.0,61.0,Female,2.0,20707.16,1.0,1.0
7494659,6.0,83.0,19.0,Unknown,2.0,27527.78,3.0,3.0
7400253,6.0,72.0,31.5,Unknown,2.0,24493.75,2.0,2.0
4647846,5.0,60.0,29.5,Female,3.0,32564.36,3.0,3.0
4920216,13.0,165.0,51.0,Male,2.0,113100.22,7.0,7.0
4235594,10.0,120.0,53.5,Male,2.0,188512.22,7.0,7.0
8347331,9.0,112.0,36.5,Male,2.0,57141.36,6.0,6.0
6252034,6.0,73.0,23.0,Unknown,2.0,25547.07,3.0,3.0
5975051,8.0,99.0,45.5,Unknown,3.0,661688.67,5.0,5.0
3773940,5.0,64.0,22.0,Unknown,3.0,58382.67999999999,7.0,7.0
551461,10.0,129.0,40.5,Female,2.0,15988.69,3.0,3.0
9169480,17.0,212.0,28.5,Male,3.0,69149.5,6.0,6.0
8976670,11.0,143.0,47.5,Female,2.0,21707.85,1.0,1.0
5067075,15.0,183.0,33.0,Male,2.0,105801.46,2.0,2.0
7516763,12.0,153.0,56.5,Male,2.0,1004290.42,6.0,6.0
1927397,12.0,145.0,30.5,Female,2.0,88320.14,4.0,4.0
4201697,9.0,112.0,61.5,Male,2.0,37458.45,7.0,7.0
1901758,29.0,355.0,56.5,Unknown,4.0,245475.6,5.0,5.0
6429547,15.0,190.0,46.0,Male,2.0,27386.27,5.0,5.0
1048597,23.0,284.0,70.5,Female,2.0,435351.04,4.0,5.0
9996952,15.0,181.0,45.0,Female,3.0,42709.85,5.0,5.0
2276085,4.0,59.0,20.5,Unknown,2.0,35636.42999999999,7.0,7.0
5317383,13.0,163.0,42.5,Female,3.0,31145.68,3.0,3.0
717774,16.0,192.0,32.0,Female,2.0,26381.05,1.0,1.0
4520071,16.0,198.0,35.5,Female,2.0,23154.48,3.0,3.0
7405601,6.0,72.0,60.5,Female,2.0,37307.5,2.0,2.0
7003093,5.0,60.0,22.0,Unknown,2.0,21414.23,2.0,2.0
420516,5.0,69.0,25.0,Unknown,2.0,18401.18,3.0,3.0
1845454,4.0,57.0,63.0,Unknown,2.0,120773.93,3.0,3.0
1092900,9.0,111.0,26.0,Female,2.0,73221.95,6.0,6.0
8695903,13.0,159.0,40.5,Male,2.0,66619.25,4.0,4.0
4666577,8.0,97.0,25.5,Unknown,2.0,117710.35,3.0,4.0
6935190,27.0,335.0,34.0,Female,2.0,129818.27000000002,7.0,7.0
677091,22.0,275.0,20.0,Unknown,2.0,33283.56,1.0,2.0
3275042,23.0,288.0,18.0,Female,2.0,25089.9,3.0,3.0
6369304,21.0,261.0,47.5,Female,2.0,97064.63,3.0,3.0
6005076,20.0,241.0,20.5,Female,3.0,69124.65,2.0,2.0
5302415,13.0,167.0,62.0,Female,3.0,90179.12,4.0,4.0
3754485,6.0,73.0,33.5,Unknown,2.0,36918.25,3.0,3.0
8744085,7.0,90.0,43.0,Unknown,2.0,87165.18,3.0,3.0
1148654,6.0,77.0,62.5,Male,2.0,159089.34000000003,2.0,2.0
9656974,15.0,180.0,58.5,Male,2.0,94000.25,2.0,2.0
4440221,14.0,170.0,30.0,Unknown,2.0,251030.94,6.0,6.0
4576539,4.0,59.0,34.5,Female,4.0,131710.31,3.0,3.0
8888272,9.0,111.0,35.5,Female,2.0,86443.66,2.0,2.0
2885880,14.0,179.0,60.0,Male,2.0,66015.84,3.0,3.0
1927504,14.0,178.0,35.0,Male,2.0,15723.679999999997,1.0,1.0
3410065,15.0,189.0,60.5,Male,2.0,14562.94,6.0,6.0
3166770,11.0,139.0,28.0,Male,2.0,103819.17,4.0,4.0
51651,9.0,114.0,47.0,Male,2.0,97307.51,1.0,2.0
6246300,6.0,80.0,39.0,Female,2.0,31549.759999999995,7.0,7.0
6919707,4.0,58.0,59.5,Unknown,2.0,28736.61,1.0,1.0
2779777,5.0,71.0,56.0,Unknown,2.0,22213.0,2.0,2.0
5232196,13.0,157.0,34.5,Male,2.0,25931.21,3.0,3.0
1864653,13.0,160.0,42.5,Female,2.0,94165.5,1.0,2.0
1234966,12.0,155.0,63.0,Female,3.0,94983.23,5.0,5.0
5274416,4.0,53.0,43.5,Female,2.0,44832.98,7.0,7.0
9044106,8.0,96.0,41.0,Unknown,2.0,25205.05,1.0,1.0
8024353,4.0,57.0,52.5,Unknown,2.0,49147.45,6.0,6.0
7923376,20.0,240.0,57.5,Female,2.0,47164.62,1.0,1.0
6057341,9.0,118.0,22.0,Male,2.0,52552.5,3.0,3.0
3610291,9.0,109.0,34.5,Female,2.0,24781.83,2.0,2.0
8075374,6.0,72.0,57.0,Unknown,2.0,283451.68,6.0,6.0
3776165,30.0,371.0,51.5,Female,4.0,416699.29,6.0,6.0
1314542,14.0,179.0,37.5,Female,2.0,49115.2,3.0,3.0
1446474,15.0,191.0,25.5,Male,2.0,35024.78,7.0,7.0
4308035,12.0,146.0,31.5,Female,2.0,53329.6,2.0,2.0
2311302,5.0,67.0,37.5,Unknown,2.0,107814.84,6.0,6.0
3121544,15.0,188.0,43.5,Male,2.0,51790.24,6.0,6.0
21098,9.0,109.0,61.0,Female,4.0,213328.63,7.0,7.0
2602544,29.0,354.0,70.0,Female,2.0,217063.7,3.0,3.0
3402900,23.0,276.0,52.5,Female,2.0,116940.27,1.0,1.0
7721850,21.0,262.0,58.0,Male,3.0,82803.78,6.0,6.0
6692287,19.0,238.0,39.0,Female,3.0,290352.38,3.0,3.0
419108,17.0,204.0,42.5,Male,2.0,21047.1,1.0,1.0
9012236,12.0,148.0,60.0,Female,2.0,37529.99,4.0,4.0
7370473,9.0,112.0,39.5,Male,3.0,680023.04,5.0,5.0
6274652,5.0,71.0,38.5,Unknown,2.0,20681.05,2.0,2.0
1862053,6.0,72.0,21.5,Unknown,2.0,44366.65,3.0,3.0
8633755,4.0,58.0,26.5,Male,2.0,21259.68,2.0,2.0
6317492,12.0,154.0,50.5,Female,2.0,38907.35,1.0,1.0
9420333,4.0,58.0,26.0,Female,2.0,39785.95,2.0,2.0
7853815,6.0,76.0,63.5,Unknown,2.0,29435.86,4.0,4.0
1277968,14.0,179.0,52.5,Male,2.0,114868.49,4.0,4.0
9599754,7.0,94.0,27.5,Unknown,2.0,23032.74,1.0,1.0
9700139,15.0,180.0,46.5,Female,2.0,20473.34,1.0,1.0
8692825,8.0,102.0,30.5,Unknown,2.0,40760.17999999999,5.0,5.0
5227572,5.0,65.0,53.0,Male,2.0,20068.8,2.0,2.0
8629519,6.0,72.0,44.0,Unknown,2.0,18642.75,2.0,2.0
5717009,13.0,160.0,23.5,Female,3.0,25324.05,7.0,7.0
425501,5.0,71.0,31.0,Unknown,2.0,49221.43,1.0,1.0
6032723,5.0,70.0,48.0,Unknown,2.0,40029.21,1.0,1.0
34679,5.0,60.0,19.0,Unknown,2.0,34977.66,7.0,7.0
827670,23.0,276.0,59.5,Female,2.0,412698.6,6.0,6.0
1326833,21.0,260.0,63.5,Female,4.0,245149.56,7.0,7.0
4191331,20.0,250.0,59.5,Female,2.0,22350.94,1.0,1.0
4679253,19.0,231.0,57.5,Female,3.0,107619.58,5.0,5.0
2250300,6.0,82.0,27.5,Unknown,2.0,40983.49,4.0,4.0
7518265,7.0,88.0,39.5,Unknown,4.0,75666.43,4.0,4.0
8788387,6.0,76.0,35.0,Unknown,2.0,48385.01,4.0,4.0
9171318,4.0,57.0,75.0,Female,2.0,66159.2,2.0,3.0
7096134,5.0,67.0,61.5,Unknown,2.0,116363.05,4.0,4.0
6612821,11.0,141.0,36.0,Unknown,2.0,32587.29,1.0,1.0
1177951,8.0,102.0,25.0,Unknown,2.0,16319.71,5.0,5.0
9471692,8.0,105.0,51.5,Female,2.0,23158.84,1.0,1.0
4483587,14.0,179.0,54.5,Male,2.0,575160.3400000001,3.0,3.0
7929481,5.0,65.0,26.0,Unknown,2.0,52676.18,7.0,7.0
2682426,8.0,107.0,39.0,Male,2.0,137906.22,2.0,2.0
6129570,16.0,203.0,48.0,Male,2.0,56332.04000000001,6.0,6.0
1035923,11.0,136.0,57.5,Male,3.0,27120.65,4.0,4.0
788577,7.0,86.0,35.0,Female,4.0,164334.69,5.0,6.0
7653635,8.0,106.0,23.5,Male,2.0,23239.32,1.0,1.0
3468761,14.0,178.0,43.5,Female,2.0,36428.67999999999,1.0,1.0
9823212,7.0,90.0,28.0,Female,2.0,143961.08000000002,7.0,7.0
1246481,11.0,142.0,48.0,Female,2.0,445920.62,3.0,3.0
2667174,14.0,170.0,56.5,Female,2.0,14040.35,1.0,1.0
9428750,21.0,262.0,68.5,Female,2.0,162392.95,5.0,5.0
3071853,20.0,250.0,49.0,Unknown,2.0,181260.59000000003,5.0,5.0
1730207,18.0,216.0,43.0,Male,2.0,121904.28999999998,6.0,6.0
3897250,17.0,215.0,55.0,Male,4.0,108532.14,6.0,6.0
1465872,15.0,180.0,61.0,Male,2.0,143210.93,4.0,4.0
907844,14.0,175.0,74.0,Female,2.0,172908.5,7.0,7.0
6581762,5.0,65.0,22.0,Unknown,2.0,18591.66,4.0,4.0
2821369,22.0,270.0,57.5,Female,3.0,64638.79999999999,7.0,7.0
9161121,15.0,189.0,37.0,Male,2.0,16437.05,1.0,1.0
6521365,6.0,78.0,30.5,Male,2.0,15138.57,3.0,3.0
3728383,14.0,177.0,52.5,Male,3.0,513655.25,7.0,7.0
6767058,5.0,71.0,23.0,Unknown,3.0,33693.16,2.0,2.0
6115745,11.0,138.0,26.5,Female,2.0,47377.97,7.0,7.0
3626145,8.0,107.0,41.5,Unknown,2.0,28585.42,1.0,1.0
6675913,15.0,182.0,48.0,Female,2.0,319172.61,7.0,7.0
3238990,12.0,149.0,33.0,Female,2.0,48300.84,2.0,2.0
6551035,8.0,103.0,53.5,Unknown,3.0,116521.5,4.0,4.0
4839968,5.0,68.0,66.5,Female,2.0,212100.03,3.0,3.0
3751525,4.0,59.0,22.5,Unknown,2.0,48954.24,7.0,7.0
5272678,4.0,54.0,61.0,Female,3.0,64507.600000000006,4.0,4.0
6576651,4.0,58.0,29.0,Unknown,2.0,19388.5,2.0,2.0
2168766,6.0,78.0,67.5,Male,3.0,325814.27,6.0,6.0
8289416,15.0,180.0,58.5,Male,2.0,34502.23,2.0,2.0
1862394,11.0,141.0,47.0,Male,2.0,60242.75,4.0,4.0
2885198,6.0,74.0,29.5,Unknown,2.0,35809.58,7.0,7.0
4047283,7.0,94.0,46.0,Unknown,3.0,137750.39,2.0,3.0
4111764,6.0,82.0,19.5,Unknown,2.0,31376.29,1.0,1.0
539055,16.0,194.0,54.0,Male,2.0,151029.03999999998,1.0,1.0
7097089,9.0,110.0,39.0,Female,2.0,18150.83,1.0,1.0
5400950,21.0,262.0,60.5,Female,2.0,151337.72999999998,3.0,3.0
8783208,20.0,242.0,54.5,Female,2.0,24557.49,2.0,2.0
1918056,14.0,169.0,52.5,Male,2.0,33719.78,2.0,2.0
7189883,11.0,143.0,45.5,Female,2.0,22393.55,4.0,4.0
8423753,4.0,53.0,34.0,Unknown,2.0,15282.359999999995,3.0,3.0
307512,7.0,95.0,63.0,Unknown,2.0,27086.19,4.0,4.0
6920557,8.0,98.0,50.0,Male,2.0,761807.3300000001,5.0,5.0
8159013,16.0,198.0,51.0,Female,2.0,53707.61,3.0,3.0
8017028,8.0,97.0,65.5,Unknown,2.0,39863.39,7.0,7.0
6105452,12.0,145.0,33.0,Female,2.0,20681.15,3.0,3.0
7900568,13.0,158.0,57.0,Female,2.0,19409.87,1.0,1.0
2259499,6.0,73.0,27.5,Unknown,3.0,20361.31,7.0,7.0
9277931,12.0,154.0,35.5,Female,2.0,18583.95,5.0,5.0
4856519,12.0,150.0,41.0,Male,2.0,201665.26,2.0,2.0
4412127,5.0,71.0,54.0,Unknown,2.0,22538.16,7.0,7.0
5479739,14.0,178.0,64.0,Female,2.0,30288.67,2.0,2.0
6720670,14.0,170.0,31.5,Male,3.0,40652.4,7.0,7.0
4196329,12.0,146.0,33.5,Male,2.0,38113.96,2.0,2.0
5296468,23.0,287.0,61.0,Unknown,3.0,163053.62,5.0,5.0
7851574,21.0,257.0,64.5,Female,3.0,335565.46,7.0,7.0
1345541,17.0,214.0,45.5,Male,2.0,95768.94,2.0,2.0
987614,4.0,58.0,41.0,Unknown,2.0,20504.4,1.0,1.0
7381415,5.0,68.0,23.0,Female,2.0,15521.57,1.0,1.0
9297444,26.0,322.0,49.5,Male,3.0,694272.9800000001,7.0,7.0
8112827,32.0,384.0,79.5,Male,3.0,973069.77,7.0,7.0
4297173,15.0,182.0,29.5,Male,2.0,126278.71,7.0,7.0
8438668,12.0,144.0,46.0,Male,2.0,26023.61,1.0,1.0
8800120,5.0,68.0,16.5,Unknown,2.0,30337.33,7.0,7.0
72994,7.0,84.0,49.5,Unknown,2.0,121809.02000000002,1.0,1.0
6198044,5.0,71.0,36.0,Unknown,5.0,97771.66,7.0,7.0
6795279,7.0,90.0,19.0,Unknown,4.0,35951.92,3.0,3.0
6822474,24.0,288.0,44.5,Male,2.0,58669.54000000001,2.0,2.0
2466845,22.0,273.0,61.0,Female,3.0,352248.47,4.0,4.0
4785174,22.0,273.0,51.5,Female,2.0,111557.53,1.0,1.0
6625983,21.0,253.0,65.0,Male,4.0,479557.96,6.0,6.0
4901498,19.0,239.0,32.5,Male,3.0,442863.87,3.0,3.0
6618398,10.0,120.0,29.0,Unknown,3.0,118602.82,7.0,7.0
5868629,6.0,74.0,34.5,Unknown,2.0,28804.99,3.0,3.0
1151843,6.0,76.0,38.5,Female,2.0,14445.75,2.0,2.0
2554618,6.0,75.0,20.0,Unknown,2.0,24751.75,4.0,4.0
9571795,11.0,132.0,25.5,Male,2.0,107117.6,3.0,3.0
4833833,6.0,78.0,42.5,Unknown,2.0,74109.91,6.0,6.0
8659313,14.0,179.0,20.5,Female,3.0,19452.07,2.0,2.0
6011878,11.0,133.0,58.5,Female,2.0,85645.45999999999,1.0,1.0
9460123,5.0,64.0,52.5,Male,2.0,197459.1,1.0,1.0
3545522,12.0,155.0,55.5,Female,2.0,15995.949999999995,2.0,2.0
9983873,15.0,188.0,34.5,Male,3.0,102083.4,7.0,7.0
6083241,5.0,65.0,28.5,Unknown,2.0,30335.56,3.0,3.0
5778616,13.0,165.0,49.5,Male,2.0,200898.57,2.0,2.0
1493173,11.0,143.0,63.0,Male,2.0,22737.93,7.0,7.0
811356,24.0,296.0,58.5,Male,3.0,170057.77000000002,4.0,4.0
1580143,5.0,68.0,29.5,Unknown,2.0,25315.09,6.0,6.0
9232627,14.0,171.0,28.0,Male,4.0,148013.63,7.0,7.0
8371258,9.0,109.0,40.5,Male,2.0,96086.57,2.0,2.0
109938,7.0,94.0,30.5,Unknown,3.0,35502.53999999999,7.0,7.0
6745586,13.0,163.0,24.0,Female,2.0,22701.14,1.0,1.0
1438527,14.0,174.0,40.5,Male,2.0,66916.59,6.0,6.0
8480242,5.0,68.0,47.5,Male,2.0,45217.55,1.0,1.0
1597347,8.0,106.0,53.5,Female,2.0,25022.49,2.0,2.0
4264227,22.0,271.0,64.5,Male,3.0,46034.08,7.0,7.0
3196743,20.0,244.0,41.0,Female,3.0,509480.36,5.0,5.0
442217,4.0,52.0,56.0,Female,2.0,176434.47999999998,7.0,7.0
1662462,14.0,179.0,45.0,Female,2.0,129392.03,6.0,6.0
151086,6.0,77.0,31.5,Unknown,2.0,52660.99,1.0,1.0
4826638,16.0,192.0,73.0,Female,2.0,66102.68,3.0,3.0
2349733,11.0,133.0,68.5,Male,2.0,69878.48999999999,3.0,3.0
5207321,12.0,148.0,55.0,Female,2.0,38405.53999999999,6.0,6.0
4030583,6.0,80.0,24.0,Unknown,2.0,24999.55,4.0,4.0
143250,9.0,116.0,51.5,Female,2.0,293282.79,5.0,5.0
4804867,23.0,280.0,29.5,Female,2.0,36354.94,2.0,2.0
4226705,5.0,60.0,25.5,Male,2.0,53036.21,7.0,7.0
2680898,8.0,106.0,39.5,Female,2.0,47121.28,1.0,1.0
1401068,7.0,85.0,57.0,Unknown,2.0,602596.27,6.0,6.0
7539850,16.0,193.0,45.0,Female,2.0,29111.39,1.0,1.0
8955174,13.0,167.0,52.5,Female,2.0,136707.9,6.0,6.0
3026895,9.0,111.0,43.0,Unknown,2.0,102307.12,2.0,2.0
6344067,4.0,59.0,22.5,Unknown,2.0,42263.35,7.0,7.0
2473569,14.0,171.0,33.5,Female,2.0,98525.88,7.0,7.0
9522804,8.0,100.0,19.5,Unknown,2.0,60162.42999999999,7.0,7.0
9351831,9.0,118.0,26.0,Male,2.0,16923.21,3.0,3.0
5271,4.0,57.0,64.5,Unknown,2.0,19095.29,3.0,3.0
7065052,6.0,76.0,25.5,Unknown,2.0,47762.5,7.0,7.0
6131598,10.0,128.0,51.0,Male,2.0,328090.95,4.0,4.0
9645052,14.0,175.0,51.5,Male,3.0,1725071.48,4.0,5.0
1955428,16.0,194.0,58.0,Female,2.0,163538.61,7.0,7.0
1970760,14.0,168.0,42.0,Female,2.0,24603.88,7.0,7.0
8796089,5.0,65.0,15.5,Unknown,2.0,19474.34,2.0,2.0
5650663,5.0,71.0,56.5,Unknown,3.0,255080.43,5.0,5.0
8004575,16.0,194.0,33.5,Female,3.0,24304.369999999995,2.0,2.0
8275897,7.0,84.0,56.5,Unknown,2.0,17968.989999999998,7.0,7.0
4483676,11.0,142.0,52.0,Female,2.0,110406.6,3.0,3.0
5095744,4.0,58.0,54.5,Unknown,2.0,33078.47,1.0,1.0
467810,8.0,107.0,69.5,Female,2.0,22685.95,3.0,4.0
7125993,12.0,144.0,32.5,Male,2.0,15163.399999999998,6.0,6.0
460805,12.0,155.0,44.5,Female,2.0,171177.02000000002,1.0,1.0
6444759,12.0,146.0,41.0,Female,2.0,19196.97,1.0,1.0
2506143,23.0,284.0,63.5,Female,2.0,1099417.2999999998,2.0,3.0
3571933,23.0,280.0,75.5,Female,2.0,31314.27,1.0,1.0
2277830,22.0,275.0,70.0,Female,2.0,289087.97,6.0,6.0
4766229,21.0,254.0,69.0,Male,2.0,41474.34,5.0,5.0
8926426,21.0,254.0,62.5,Female,2.0,230013.29,5.0,5.0
490558,24.0,289.0,68.0,Male,2.0,1122277.41,4.0,5.0
8311647,19.0,239.0,49.5,Male,4.0,30854.259999999995,6.0,6.0
9682378,4.0,58.0,21.5,Unknown,2.0,35144.81,1.0,1.0
2000333,11.0,141.0,59.0,Female,2.0,21997.28,2.0,2.0
9935640,6.0,81.0,41.0,Unknown,2.0,107182.8,2.0,3.0
6839629,8.0,97.0,58.5,Unknown,2.0,55966.39,3.0,3.0
1525613,8.0,102.0,32.5,Unknown,3.0,206033.55,5.0,5.0
992544,15.0,189.0,54.0,Male,2.0,34338.1,5.0,5.0
37046,11.0,142.0,33.5,Female,2.0,61880.59,1.0,1.0
5953062,15.0,190.0,58.5,Male,2.0,39762.03,2.0,2.0
2374650,4.0,59.0,25.0,Female,2.0,35130.869999999995,3.0,3.0
7352153,5.0,68.0,34.0,Unknown,2.0,40454.22,3.0,3.0
5951169,5.0,70.0,22.0,Unknown,2.0,32987.73,5.0,5.0
6041171,29.0,354.0,63.0,Female,2.0,234081.05,4.0,4.0
9703154,12.0,148.0,24.0,Female,2.0,33931.08,7.0,7.0
2196309,12.0,155.0,63.0,Male,2.0,33085.06,4.0,4.0
2022250,11.0,139.0,64.0,Male,2.0,173453.7,1.0,1.0
5946468,6.0,77.0,18.0,Unknown,2.0,22641.16,2.0,2.0
4370287,5.0,61.0,21.0,Unknown,2.0,18879.64,1.0,1.0
1403926,13.0,164.0,27.0,Male,2.0,56627.56,4.0,4.0
9029920,20.0,241.0,56.0,Male,2.0,69621.33,4.0,4.0
754227,4.0,51.0,64.0,Unknown,2.0,138536.78,7.0,7.0
6783292,5.0,70.0,36.0,Unknown,2.0,46725.06,5.0,5.0
1421060,21.0,253.0,49.5,Male,3.0,61664.57000000001,2.0,2.0
8825065,20.0,248.0,18.5,Male,2.0,137155.62,4.0,4.0
7526770,17.0,207.0,40.5,Female,3.0,928411.34,7.0,7.0
7588948,6.0,76.0,27.5,Unknown,3.0,70016.31,7.0,7.0
7066106,7.0,84.0,69.5,Unknown,2.0,124039.03,3.0,3.0
9055781,6.0,80.0,55.0,Unknown,2.0,40358.76,6.0,6.0
1914115,4.0,58.0,42.5,Unknown,2.0,34998.66,1.0,1.0
1478582,7.0,86.0,39.5,Unknown,3.0,45176.23,5.0,5.0
9383918,11.0,143.0,26.5,Male,3.0,48007.11,7.0,7.0
1742865,8.0,102.0,48.0,Female,2.0,155805.62,5.0,5.0
1936995,5.0,64.0,29.5,Unknown,2.0,42724.05,1.0,1.0
9800200,8.0,107.0,75.0,Female,2.0,103425.08,3.0,4.0
3087800,6.0,76.0,24.5,Unknown,2.0,20364.45,7.0,7.0
1862518,6.0,83.0,20.5,Unknown,2.0,29042.98,7.0,7.0
2407794,6.0,79.0,18.5,Unknown,2.0,51242.08,7.0,7.0
3167842,21.0,259.0,50.0,Female,3.0,20640.06,4.0,4.0
5182337,21.0,253.0,17.5,Female,2.0,43878.01,3.0,3.0
963038,15.0,182.0,40.0,Male,2.0,30880.800000000003,2.0,2.0
2732212,15.0,190.0,41.0,Male,2.0,50094.92,5.0,5.0
6297439,8.0,102.0,33.5,Unknown,2.0,57141.2,5.0,5.0
3651655,15.0,190.0,37.5,Male,3.0,142525.55,5.0,5.0
1697142,8.0,106.0,17.5,Male,2.0,21694.14,6.0,6.0
2963804,16.0,196.0,52.0,Female,2.0,24035.85,1.0,1.0
9007842,6.0,82.0,70.0,Unknown,2.0,169026.75,7.0,7.0
2938729,4.0,58.0,48.5,Unknown,2.0,33071.84,4.0,4.0
3955459,7.0,86.0,63.0,Unknown,2.0,203253.06,7.0,7.0
434413,5.0,71.0,18.5,Unknown,3.0,60998.76,6.0,6.0
3333949,12.0,150.0,54.5,Male,2.0,81295.48,7.0,7.0
4699069,4.0,56.0,23.0,Unknown,2.0,22540.95,4.0,4.0
7117875,7.0,85.0,23.5,Unknown,2.0,42665.78999999999,5.0,5.0
2229351,15.0,183.0,36.5,Male,2.0,132501.56,7.0,7.0
758395,5.0,71.0,74.5,Unknown,3.0,155728.08000000002,6.0,6.0
6836114,10.0,127.0,45.0,Female,2.0,52397.67,4.0,4.0
5072168,4.0,53.0,47.0,Unknown,2.0,42566.82,1.0,1.0
5298497,12.0,150.0,44.0,Female,2.0,92276.57,5.0,5.0
9186052,7.0,87.0,59.0,Unknown,2.0,47529.85,7.0,7.0
983751,17.0,210.0,44.0,Female,2.0,83662.44,7.0,7.0
6998794,5.0,71.0,56.0,Female,3.0,216517.73,7.0,7.0
9624223,27.0,334.0,59.0,Female,2.0,130640.91,1.0,1.0
6203943,22.0,264.0,77.5,Male,2.0,185336.43,4.0,4.0
7212405,21.0,262.0,45.0,Female,3.0,157680.96000000002,7.0,7.0
1252032,21.0,258.0,17.5,Male,2.0,17491.62,1.0,1.0
7120181,21.0,256.0,57.0,Female,3.0,25531.21,2.0,2.0
2186883,21.0,257.0,58.0,Female,2.0,162727.5,7.0,7.0
9599308,13.0,157.0,49.0,Male,2.0,77925.81,3.0,3.0
4340972,12.0,144.0,31.5,Male,3.0,63279.26,4.0,4.0
8256808,11.0,136.0,26.5,Female,2.0,38238.88,1.0,1.0
5612726,10.0,120.0,39.0,Female,2.0,56049.130000000005,3.0,3.0
2987186,5.0,70.0,53.5,Unknown,2.0,30681.57,6.0,6.0
7225964,23.0,276.0,64.5,Male,5.0,3834819.11,7.0,7.0
7406218,5.0,62.0,46.0,Female,2.0,350823.99,6.0,6.0
667573,15.0,189.0,59.0,Male,2.0,169646.26,7.0,7.0
4525272,5.0,70.0,25.0,Unknown,2.0,42063.86,7.0,7.0
1227822,11.0,142.0,25.0,Female,2.0,58610.5,3.0,3.0
7043899,6.0,72.0,21.5,Unknown,3.0,41924.03999999999,1.0,1.0
7056952,13.0,156.0,40.0,Female,2.0,294538.68,2.0,2.0
6518593,15.0,191.0,48.5,Female,2.0,184854.15,1.0,1.0
1575538,27.0,327.0,67.5,Male,2.0,75144.19,6.0,6.0
638100,25.0,305.0,61.5,Female,3.0,274606.46,7.0,7.0
2009315,5.0,67.0,21.5,Unknown,2.0,34946.57,3.0,3.0
566361,6.0,76.0,18.0,Unknown,2.0,16122.469999999998,7.0,7.0
4279842,13.0,156.0,25.0,Female,2.0,72518.59,6.0,6.0
5511692,26.0,313.0,60.0,Female,3.0,490767.6,5.0,5.0
4783216,16.0,194.0,38.5,Male,3.0,1286372.63,5.0,6.0
5717294,16.0,200.0,39.5,Male,3.0,277356.08,7.0,7.0
625702,15.0,190.0,59.5,Male,2.0,53061.86,3.0,3.0
8086139,9.0,119.0,39.0,Female,3.0,86799.86,2.0,2.0
9177814,6.0,82.0,28.0,Unknown,2.0,59086.56,6.0,6.0
7963157,16.0,199.0,47.0,Female,2.0,23627.14,2.0,2.0
5516491,16.0,196.0,55.5,Male,3.0,126999.08000000002,1.0,2.0
6086115,4.0,59.0,37.5,Unknown,2.0,45466.95,3.0,3.0
6374177,9.0,116.0,24.5,Male,2.0,15672.949999999995,2.0,2.0
9773625,6.0,83.0,23.5,Unknown,2.0,64330.04000000001,7.0,7.0
680148,12.0,154.0,57.0,Female,3.0,174891.19,5.0,5.0
7471562,5.0,67.0,41.0,Unknown,2.0,97843.92,1.0,1.0
7700694,11.0,139.0,32.0,Male,2.0,21118.03,2.0,2.0
2920804,10.0,128.0,27.5,Male,2.0,77042.76,5.0,5.0
9484176,13.0,166.0,36.5,Male,2.0,179564.82,2.0,2.0
6344864,23.0,283.0,59.0,Female,2.0,291271.69,1.0,1.0
7787428,18.0,221.0,44.5,Female,2.0,46355.24,7.0,7.0
3180268,17.0,205.0,41.0,Female,2.0,181906.15,7.0,7.0
7758710,14.0,175.0,31.0,Female,2.0,24169.79,3.0,3.0
1971888,11.0,142.0,46.0,Female,2.0,43412.77,7.0,7.0
1200811,5.0,67.0,29.5,Male,2.0,104345.38,2.0,2.0
2708743,13.0,156.0,36.5,Female,3.0,70883.04000000001,3.0,3.0
6587727,14.0,179.0,52.0,Female,2.0,39738.24,7.0,7.0
8037830,9.0,118.0,22.5,Male,2.0,58380.12,7.0,7.0
2506928,15.0,180.0,40.0,Male,4.0,1817587.75,6.0,6.0
7595389,5.0,62.0,23.5,Unknown,2.0,35973.71,4.0,4.0
7679194,13.0,162.0,22.0,Male,3.0,47381.0,4.0,4.0
6088139,6.0,80.0,50.5,Unknown,3.0,128402.37,3.0,3.0
7496527,16.0,202.0,54.5,Female,2.0,101782.66,2.0,2.0
7341891,29.0,358.0,34.5,Male,3.0,633089.53,3.0,4.0
277640,24.0,297.0,59.0,Male,3.0,2200944.96,6.0,6.0
4386526,5.0,68.0,33.5,Male,2.0,20178.26,5.0,5.0
7218361,4.0,59.0,67.0,Unknown,2.0,26141.55,3.0,3.0
8631616,6.0,72.0,16.5,Unknown,2.0,18640.15,1.0,1.0
7600047,16.0,202.0,67.0,Male,2.0,52683.62,4.0,4.0
4962555,16.0,195.0,35.5,Male,2.0,26829.99,3.0,4.0
3412359,11.0,142.0,36.5,Female,2.0,18983.45,1.0,1.0
7304349,5.0,71.0,20.0,Unknown,2.0,29494.78,7.0,7.0
1264709,14.0,172.0,55.0,Female,3.0,35883.06,3.0,3.0
7428305,16.0,202.0,46.0,Female,2.0,76029.53,7.0,7.0
1336933,8.0,100.0,54.5,Unknown,3.0,214989.99,5.0,5.0
9938655,4.0,58.0,26.5,Unknown,2.0,20489.68,2.0,2.0
9956548,6.0,74.0,50.5,Female,2.0,71529.0,1.0,1.0
3119408,12.0,150.0,27.5,Male,2.0,36774.9,7.0,7.0
1656165,9.0,109.0,27.0,Female,2.0,79078.88,6.0,6.0
237681,7.0,84.0,38.0,Unknown,2.0,71045.1,3.0,3.0
3458350,9.0,117.0,44.0,Male,2.0,71215.89,2.0,2.0
2838694,11.0,142.0,30.5,Male,2.0,38679.9,3.0,3.0
5405488,10.0,127.0,36.5,Female,2.0,161321.34000000003,3.0,3.0
2283281,8.0,98.0,46.5,Unknown,2.0,92611.72,6.0,6.0
9239055,11.0,135.0,33.5,Male,2.0,33949.899999999994,6.0,6.0
7314869,8.0,99.0,67.0,Unknown,2.0,55323.37,2.0,2.0
398330,9.0,109.0,35.5,Female,2.0,22824.39,1.0,1.0
7147238,4.0,54.0,52.0,Unknown,2.0,19029.89,4.0,4.0
619443,25.0,304.0,46.5,Female,2.0,137227.37,4.0,4.0
1548882,19.0,238.0,27.5,Male,2.0,18424.1,3.0,3.0
9175031,18.0,218.0,51.5,Female,2.0,85012.52,7.0,7.0
3174464,5.0,70.0,17.0,Unknown,2.0,32996.55,3.0,3.0
3201711,12.0,144.0,47.0,Female,2.0,121508.49,5.0,5.0
8363194,16.0,192.0,39.5,Female,2.0,27124.1,2.0,2.0
4923290,6.0,83.0,26.5,Unknown,3.0,50476.78,1.0,1.0
3089263,9.0,108.0,34.0,Male,2.0,68482.81,3.0,3.0
6561777,9.0,115.0,50.5,Unknown,2.0,27239.23,7.0,7.0
1800394,9.0,109.0,35.5,Female,2.0,22820.07,3.0,3.0
6821910,5.0,60.0,73.5,Unknown,2.0,18555.51,1.0,1.0
5508694,10.0,121.0,24.5,Male,3.0,390201.31,7.0,7.0
3568935,7.0,85.0,59.5,Unknown,2.0,87803.37,7.0,7.0
917746,5.0,65.0,25.5,Unknown,3.0,55059.42,6.0,6.0
3747065,4.0,57.0,26.5,Unknown,2.0,128733.39,7.0,7.0
628420,8.0,98.0,41.5,Male,2.0,67449.23999999999,6.0,6.0
2506099,4.0,57.0,48.5,Female,2.0,308998.07,6.0,6.0
8326628,4.0,59.0,43.0,Unknown,2.0,34405.81,7.0,7.0
7687057,6.0,77.0,56.5,Unknown,2.0,33690.56,2.0,2.0
325480,13.0,157.0,65.0,Male,2.0,386173.54,7.0,7.0
7960165,24.0,288.0,79.5,Male,2.0,46115.16,7.0,7.0
1934788,24.0,288.0,55.0,Male,2.0,80300.34999999999,7.0,7.0
6939270,22.0,275.0,49.0,Male,4.0,229420.65,7.0,7.0
1648109,20.0,241.0,48.5,Female,2.0,108417.4,1.0,2.0
5653085,19.0,232.0,49.5,Female,2.0,33115.91,2.0,2.0
2380498,19.0,228.0,23.0,Male,2.0,61305.94,4.0,4.0
5019785,12.0,146.0,22.0,Male,2.0,27259.44,7.0,7.0
7514582,8.0,102.0,57.5,Unknown,2.0,15738.41,3.0,3.0
7925252,7.0,92.0,52.5,Unknown,2.0,68007.17,1.0,1.0
7387904,15.0,189.0,63.5,Female,3.0,397420.58,5.0,5.0
2009948,5.0,68.0,19.5,Male,3.0,202208.59000000003,7.0,7.0
8452034,8.0,107.0,35.0,Unknown,2.0,99449.58,7.0,7.0
2553085,27.0,333.0,64.5,Male,3.0,60228.04999999999,6.0,6.0
4098497,17.0,208.0,40.5,Unknown,2.0,46287.76,2.0,2.0
2049957,5.0,67.0,48.5,Unknown,2.0,101709.33,4.0,4.0
2952826,5.0,65.0,54.0,Female,2.0,30222.38,3.0,3.0
233530,9.0,116.0,29.0,Male,3.0,54167.51,4.0,4.0
6795153,6.0,82.0,19.5,Unknown,2.0,46765.96,2.0,2.0
133081,4.0,59.0,23.0,Unknown,2.0,36485.97,6.0,6.0
9942566,15.0,189.0,37.0,Male,2.0,74538.64,6.0,6.0
5332174,12.0,149.0,73.0,Female,3.0,75878.12,7.0,7.0
6188078,23.0,276.0,41.0,Female,2.0,26842.509999999995,1.0,1.0
7788188,20.0,250.0,33.5,Male,2.0,113886.62,7.0,7.0
772942,20.0,240.0,49.5,Male,4.0,89328.61,3.0,3.0
9918479,19.0,239.0,57.5,Female,2.0,260662.72,7.0,7.0
2371123,19.0,238.0,47.5,Male,3.0,15873.0,3.0,3.0
9035956,9.0,110.0,50.0,Female,2.0,93587.85,1.0,1.0
3784817,5.0,68.0,61.5,Unknown,3.0,68416.17,4.0,4.0
1818178,5.0,65.0,27.0,Unknown,2.0,47746.79,7.0,7.0
145221,6.0,73.0,36.0,Female,2.0,19820.75,2.0,2.0
8359061,9.0,109.0,28.5,Unknown,2.0,52167.78,7.0,7.0
4969885,5.0,67.0,26.5,Unknown,2.0,26681.84,2.0,2.0
1609326,5.0,63.0,54.5,Female,3.0,207735.51,7.0,7.0
7055508,16.0,197.0,34.5,Male,2.0,42969.28,6.0,6.0
2721931,6.0,80.0,39.5,Female,2.0,13981.629999999996,3.0,4.0
5263632,12.0,152.0,56.5,Female,2.0,22248.16,1.0,1.0
9134943,14.0,173.0,32.0,Female,2.0,221717.75,7.0,7.0
7241531,18.0,219.0,25.5,Male,3.0,364138.01,7.0,7.0
1985454,12.0,144.0,43.0,Male,2.0,48432.36,7.0,7.0
5839866,9.0,113.0,58.5,Male,2.0,201706.22,7.0,7.0
4451857,22.0,275.0,44.0,Female,3.0,1702707.14,5.0,5.0
2756889,22.0,265.0,27.0,Male,3.0,58979.5,5.0,5.0
5112485,20.0,245.0,16.5,Male,2.0,18507.65,5.0,5.0
2397514,4.0,57.0,51.0,Unknown,2.0,211866.21,7.0,7.0
6451916,14.0,168.0,31.5,Male,2.0,21384.81,1.0,1.0
6016571,14.0,176.0,46.0,Female,2.0,154794.53999999998,7.0,7.0
8874426,14.0,179.0,30.5,Female,2.0,163419.65999999997,7.0,7.0
9672467,5.0,66.0,23.0,Unknown,2.0,47653.64,3.0,3.0
7158668,8.0,106.0,30.0,Male,2.0,74928.63,7.0,7.0
5774198,8.0,96.0,50.5,Unknown,2.0,38504.83,3.0,3.0
5582549,9.0,118.0,40.0,Male,3.0,71297.29000000001,7.0,7.0
3609905,6.0,72.0,59.5,Male,2.0,62041.350000000006,4.0,4.0
1336340,6.0,74.0,50.0,Female,2.0,99199.86,7.0,7.0
2966731,7.0,85.0,36.5,Unknown,2.0,28663.52,2.0,2.0
9420101,5.0,66.0,33.0,Unknown,2.0,127590.51,4.0,5.0
4265510,12.0,151.0,29.5,Female,2.0,113013.88,7.0,7.0
3170793,28.0,342.0,82.0,Female,2.0,113454.41,1.0,1.0
1095216,15.0,182.0,42.5,Male,3.0,135280.45,7.0,7.0
5085615,3.0,40.0,43.5,Unknown,2.0,29406.32,5.0,5.0
1458523,14.0,178.0,57.0,Female,2.0,252045.3,4.0,4.0
7663171,22.0,275.0,50.0,Female,2.0,49546.51,2.0,2.0
1767534,19.0,235.0,45.5,Unknown,2.0,43143.86,3.0,3.0
3634279,6.0,76.0,25.5,Unknown,2.0,27587.09,1.0,1.0
9826970,14.0,175.0,22.5,Female,3.0,73268.51,5.0,5.0
6105090,5.0,70.0,56.0,Unknown,3.0,272437.83,5.0,5.0
5776631,5.0,65.0,53.0,Unknown,2.0,32093.48,2.0,2.0
9007587,11.0,142.0,69.0,Unknown,2.0,62478.79000000001,4.0,4.0
6907999,6.0,73.0,23.5,Unknown,2.0,55065.09,5.0,5.0
3223578,10.0,124.0,25.0,Male,2.0,28932.48,5.0,5.0
2643456,14.0,178.0,40.0,Female,2.0,137793.88,4.0,4.0
365097,10.0,128.0,22.0,Male,3.0,50986.84,5.0,5.0
3876561,16.0,197.0,55.0,Female,2.0,104821.8,7.0,7.0
4620725,10.0,130.0,24.0,Female,2.0,32507.73,6.0,6.0
2968769,5.0,65.0,77.0,Unknown,2.0,76956.63,3.0,3.0
4579552,12.0,154.0,49.0,Male,2.0,108740.66,1.0,1.0
4031933,11.0,138.0,37.0,Male,2.0,31274.4,1.0,1.0
5358419,5.0,67.0,29.5,Unknown,2.0,21241.04,7.0,7.0
520625,15.0,188.0,33.5,Male,2.0,14922.149999999998,6.0,6.0
2221615,14.0,169.0,41.0,Female,2.0,26690.43,3.0,3.0
7559255,33.0,406.0,57.0,Female,2.0,303153.49,6.0,6.0
9346304,10.0,131.0,50.5,Male,3.0,53857.67,7.0,7.0
152694,4.0,59.0,24.5,Unknown,3.0,169467.34999999998,7.0,7.0
4634980,5.0,63.0,33.0,Male,6.0,274565.62,5.0,5.0
9022561,5.0,70.0,34.5,Unknown,2.0,28588.25,1.0,1.0
8346562,15.0,187.0,47.5,Male,2.0,60232.79999999999,7.0,7.0
4674834,15.0,181.0,35.0,Female,2.0,56764.850000000006,6.0,6.0
7200793,21.0,253.0,63.0,Female,2.0,55222.11,4.0,4.0
2132349,21.0,252.0,39.0,Male,3.0,92204.79,3.0,3.0
6027059,21.0,253.0,73.5,Female,2.0,90380.18,1.0,1.0
8729591,19.0,234.0,56.0,Male,2.0,161221.01,7.0,7.0
7307924,27.0,333.0,71.5,Female,3.0,920003.22,5.0,5.0
9028015,9.0,115.0,61.5,Female,2.0,123456.97,1.0,3.0
4163888,5.0,70.0,47.0,Unknown,2.0,76273.06,1.0,1.0
705542,6.0,76.0,31.5,Unknown,2.0,70047.29000000001,2.0,2.0
9104548,13.0,161.0,27.5,Male,2.0,52103.31,2.0,2.0
5007336,13.0,157.0,31.5,Female,2.0,24469.68,7.0,7.0
8498593,13.0,160.0,50.0,Female,2.0,83612.51,1.0,1.0
9309650,13.0,157.0,46.0,Male,3.0,88278.55,3.0,3.0
5265546,11.0,142.0,60.0,Female,2.0,46044.95,7.0,7.0
3139570,8.0,105.0,49.5,Male,2.0,267060.38,2.0,2.0
6068140,6.0,73.0,60.0,Unknown,3.0,423892.25,7.0,7.0
7262938,11.0,138.0,60.0,Female,2.0,114068.95,4.0,4.0
9485900,15.0,191.0,55.5,Male,2.0,25656.25,5.0,5.0
4583688,15.0,187.0,54.0,Unknown,2.0,95617.22,6.0,6.0
1492692,17.0,209.0,53.0,Female,2.0,15083.449999999995,7.0,7.0
9687040,12.0,154.0,36.0,Female,2.0,25598.86,1.0,1.0
3249418,16.0,194.0,58.0,Female,2.0,81389.98,3.0,3.0
967812,24.0,288.0,72.0,Female,2.0,54768.31,4.0,4.0
24002,23.0,277.0,19.0,Female,2.0,81457.26,6.0,6.0
540008,25.0,309.0,67.5,Female,3.0,82051.70999999999,7.0,7.0
3979918,20.0,242.0,50.5,Female,2.0,15052.109999999995,4.0,4.0
985904,15.0,189.0,41.5,Male,2.0,94596.94,3.0,3.0
5303680,16.0,194.0,32.5,Male,2.0,18662.8,1.0,1.0
9119930,7.0,85.0,24.5,Male,2.0,26906.61,4.0,4.0
5083873,21.0,253.0,56.0,Male,2.0,271827.55,7.0,7.0
2342596,13.0,159.0,31.5,Male,2.0,18039.26,1.0,1.0
673939,10.0,126.0,57.5,Female,2.0,191877.29,5.0,5.0
8604824,13.0,157.0,56.0,Female,2.0,55733.04000000001,4.0,4.0
1559759,15.0,188.0,42.5,Female,2.0,28588.09,2.0,2.0
4973898,7.0,84.0,28.0,Male,2.0,21009.25,5.0,5.0
6359848,11.0,133.0,68.5,Male,2.0,1077173.3099999998,7.0,7.0
3412270,9.0,109.0,64.0,Male,2.0,42108.16,7.0,7.0
6237116,9.0,112.0,73.5,Male,2.0,134193.28,7.0,7.0
7822388,20.0,242.0,56.0,Female,2.0,114441.43,2.0,2.0
3051227,10.0,127.0,23.0,Female,2.0,81275.34999999999,7.0,7.0
2091517,22.0,275.0,44.5,Female,3.0,92601.27,4.0,4.0
7399866,22.0,271.0,59.0,Female,2.0,87298.14,6.0,6.0
3351973,20.0,250.0,28.0,Male,2.0,42949.94,7.0,7.0
9461977,18.0,226.0,33.5,Male,2.0,355720.33,6.0,6.0
1390339,13.0,160.0,43.5,Male,2.0,60335.62,2.0,2.0
3623869,11.0,134.0,44.0,Male,2.0,44378.15,1.0,1.0
2427349,33.0,406.0,60.0,Female,3.0,65035.22,7.0,7.0
9587505,10.0,128.0,63.5,Male,2.0,456214.77,5.0,6.0
3117849,8.0,106.0,20.5,Male,2.0,51248.77,6.0,6.0
8919545,13.0,160.0,58.5,Male,2.0,27705.369999999995,6.0,6.0
8369898,5.0,70.0,16.5,Unknown,2.0,27571.8,2.0,2.0
9946965,4.0,58.0,35.0,Unknown,2.0,22731.84,4.0,4.0
8781914,7.0,85.0,16.5,Unknown,3.0,20274.15,3.0,3.0
683798,14.0,178.0,33.0,Male,2.0,93643.04,2.0,2.0
7635546,15.0,190.0,55.0,Female,2.0,22604.22,3.0,3.0
1048499,9.0,118.0,60.5,Male,2.0,138411.41,7.0,7.0
4216683,8.0,98.0,68.0,Unknown,2.0,48264.15,4.0,4.0
3460248,8.0,102.0,28.0,Unknown,2.0,39159.13,3.0,3.0
6341400,4.0,57.0,19.5,Unknown,2.0,18412.78,3.0,3.0
5176496,6.0,79.0,26.0,Unknown,2.0,33335.8,6.0,6.0
5280725,25.0,308.0,17.0,Male,3.0,52520.84,6.0,6.0
9691199,12.0,150.0,45.0,Female,2.0,152782.16999999998,3.0,3.0
7125451,18.0,226.0,57.0,Female,3.0,55268.5,3.0,3.0
6064360,14.0,172.0,37.5,Female,2.0,54405.04,5.0,5.0
9631410,10.0,123.0,54.5,Male,2.0,106846.37,1.0,1.0
5154360,12.0,146.0,46.5,Male,2.0,80408.68,3.0,3.0
2573950,4.0,58.0,42.0,Unknown,2.0,22206.21,2.0,2.0
5725833,13.0,162.0,33.0,Female,2.0,77153.26,1.0,1.0
8585006,29.0,352.0,50.0,Male,3.0,976520.5,7.0,7.0
4772219,16.0,193.0,44.0,Male,3.0,615202.62,7.0,7.0
8782665,15.0,186.0,44.0,Male,3.0,340406.93,3.0,3.0
5024770,21.0,253.0,66.0,Female,2.0,35142.259999999995,3.0,3.0
2785902,5.0,70.0,51.5,Unknown,2.0,19352.39,5.0,5.0
2126149,11.0,132.0,58.5,Male,2.0,36408.12,2.0,2.0
56686,12.0,144.0,56.5,Male,2.0,338705.74,2.0,2.0
3777167,2.0,34.0,48.0,Unknown,2.0,18836.84,1.0,1.0
4012025,8.0,105.0,48.5,Female,3.0,138195.2,7.0,7.0
9899714,5.0,67.0,32.0,Unknown,2.0,71156.98,4.0,5.0
7949413,21.0,258.0,67.0,Male,2.0,418189.05,7.0,7.0
5009678,19.0,235.0,58.5,Male,2.0,360576.92,7.0,7.0
7025533,13.0,162.0,24.0,Female,2.0,63811.19,7.0,7.0
7960744,7.0,94.0,25.0,Unknown,3.0,96624.8,7.0,7.0
7873267,9.0,118.0,34.0,Male,2.0,115437.58,5.0,5.0
9470877,16.0,197.0,35.5,Female,2.0,20235.64,1.0,1.0
5430947,8.0,98.0,47.0,Unknown,2.0,59864.01,1.0,1.0
4383951,15.0,184.0,32.5,Unknown,3.0,103236.55,5.0,5.0
4486198,16.0,196.0,40.0,Male,2.0,113819.52,1.0,1.0
9476663,5.0,65.0,23.5,Unknown,2.0,21131.2,7.0,7.0
2412437,13.0,159.0,64.5,Male,2.0,61177.06,3.0,3.0
2402631,8.0,100.0,27.5,Unknown,2.0,18870.16,7.0,7.0
1957470,6.0,73.0,23.5,Unknown,2.0,53336.74,7.0,7.0
9979751,29.0,350.0,58.0,Female,2.0,13847.929999999997,1.0,1.0
42876,5.0,71.0,44.5,Unknown,3.0,202403.3,7.0,7.0
7463084,15.0,190.0,31.5,Male,2.0,59347.45,5.0,5.0
2349493,11.0,136.0,53.5,Male,2.0,691336.81,6.0,6.0
5463833,15.0,185.0,33.0,Male,5.0,1282330.8299999998,7.0,7.0
2280594,5.0,66.0,28.5,Unknown,3.0,52612.38,4.0,4.0
3821943,11.0,136.0,53.0,Male,2.0,77864.87,7.0,7.0
3822018,21.0,253.0,41.5,Male,3.0,136489.14,4.0,4.0
6730774,17.0,215.0,37.5,Female,4.0,147776.66999999998,7.0,7.0
4535319,5.0,70.0,56.0,Unknown,3.0,96856.62,1.0,1.0
4641733,5.0,60.0,22.0,Unknown,3.0,81919.7,2.0,2.0
7579237,15.0,181.0,66.5,Male,2.0,212953.44,7.0,7.0
9496829,5.0,65.0,21.5,Unknown,2.0,15065.16,7.0,7.0
456875,4.0,58.0,18.5,Unknown,2.0,16181.419999999998,4.0,4.0
7917577,6.0,72.0,50.5,Male,3.0,71355.16,6.0,6.0
7098200,10.0,122.0,25.5,Male,2.0,76376.95,2.0,2.0
1692349,5.0,64.0,49.0,Unknown,2.0,235906.33,4.0,4.0
2914250,11.0,141.0,40.5,Male,2.0,268053.58,7.0,7.0
4862743,10.0,129.0,68.0,Female,2.0,27731.83,2.0,2.0
4881677,11.0,135.0,44.5,Female,2.0,239232.29,3.0,3.0
1832638,5.0,71.0,40.5,Unknown,2.0,35225.99,1.0,1.0
8373465,15.0,180.0,46.0,Male,3.0,22860.38,7.0,7.0
6398715,34.0,415.0,67.5,Male,3.0,1277621.5,3.0,3.0
2302903,12.0,150.0,21.0,Male,3.0,42704.63,7.0,7.0
4956678,8.0,106.0,32.0,Male,2.0,19580.92,1.0,1.0
8273696,4.0,58.0,25.0,Female,2.0,16919.89,1.0,1.0
5006476,12.0,154.0,61.0,Female,2.0,111536.94,7.0,7.0
4201280,20.0,244.0,54.0,Male,2.0,41714.66,7.0,7.0
1017419,18.0,224.0,46.0,Unknown,2.0,22953.58,1.0,1.0
8814661,16.0,192.0,53.0,Male,2.0,485258.06,7.0,7.0
1784698,11.0,142.0,52.0,Female,2.0,139638.68,7.0,7.0
2357523,6.0,72.0,50.0,Male,2.0,64770.51999999999,2.0,2.0
6582408,5.0,71.0,34.5,Unknown,2.0,28566.97,1.0,1.0
2514487,10.0,120.0,55.0,Female,3.0,63522.92999999999,3.0,3.0
9620970,6.0,80.0,70.5,Female,2.0,60620.67999999999,5.0,5.0
3170675,7.0,94.0,24.0,Unknown,2.0,28937.0,1.0,1.0
7141724,21.0,254.0,30.0,Female,2.0,29071.13,2.0,2.0
4387637,5.0,70.0,62.5,Unknown,2.0,56046.98999999999,7.0,7.0
6270112,9.0,110.0,24.5,Female,2.0,30812.86,1.0,1.0
2915172,12.0,153.0,50.5,Female,2.0,828197.9800000001,5.0,5.0
7755039,7.0,88.0,59.0,Unknown,2.0,71029.86,3.0,3.0
9104459,6.0,72.0,20.5,Unknown,2.0,35373.78999999999,7.0,7.0
3490220,15.0,185.0,33.0,Male,2.0,33077.97,4.0,4.0
4683401,7.0,95.0,55.0,Unknown,2.0,122761.77000000002,7.0,7.0
7516223,6.0,79.0,23.5,Unknown,2.0,22270.74,7.0,7.0
5778416,18.0,225.0,45.0,Male,2.0,13844.199999999995,1.0,1.0
5241544,6.0,76.0,57.5,Female,2.0,730213.2200000001,7.0,7.0
2603181,8.0,105.0,61.0,Male,2.0,172397.09000000003,7.0,7.0
7433262,4.0,58.0,31.5,Unknown,2.0,35571.73,1.0,1.0
4780168,9.0,111.0,27.5,Male,2.0,16653.039999999997,7.0,7.0
9529261,8.0,103.0,43.5,Male,2.0,110193.81,2.0,2.0
2121276,9.0,118.0,63.5,Male,5.0,917362.56,6.0,6.0
9501354,14.0,169.0,37.5,Male,3.0,671228.67,7.0,7.0
7832406,9.0,112.0,60.0,Male,2.0,56308.81,3.0,3.0
4385349,11.0,140.0,67.5,Male,2.0,143329.86,5.0,5.0
5261892,5.0,60.0,50.0,Unknown,2.0,25345.74,7.0,7.0
3343816,14.0,171.0,34.0,Female,2.0,75708.92,1.0,1.0
6501902,18.0,224.0,48.5,Female,2.0,70126.07,6.0,6.0
6091787,7.0,85.0,60.5,Unknown,2.0,717774.75,2.0,3.0
2075461,14.0,169.0,53.5,Male,2.0,63788.130000000005,3.0,3.0
1263126,13.0,158.0,30.5,Female,4.0,113581.09,6.0,6.0
1930238,16.0,195.0,39.5,Male,3.0,34713.88,1.0,1.0
1716811,23.0,280.0,52.0,Female,3.0,136431.43,2.0,3.0
3245871,19.0,235.0,33.0,Male,3.0,303023.88,7.0,7.0
1858970,8.0,106.0,60.0,Female,2.0,175981.36,2.0,2.0
7992456,10.0,121.0,79.5,Male,2.0,31054.759999999995,6.0,6.0
3368830,27.0,334.0,27.5,Male,3.0,1404375.75,6.0,6.0
2167724,4.0,58.0,19.0,Unknown,2.0,16993.6,1.0,1.0
4226475,19.0,235.0,64.5,Male,3.0,247602.21,7.0,7.0
9688425,15.0,185.0,35.0,Male,2.0,90820.38,2.0,2.0
6878775,10.0,128.0,53.0,Male,3.0,221759.5,4.0,4.0
9847494,25.0,300.0,36.0,Female,2.0,64992.64,5.0,5.0
8594208,12.0,152.0,49.0,Male,2.0,159247.45,7.0,7.0
4164681,6.0,74.0,53.0,Unknown,2.0,17265.839999999997,5.0,5.0
3676166,27.0,325.0,52.5,Unknown,3.0,673091.38,7.0,7.0
8836632,22.0,264.0,18.0,Male,2.0,26433.1,1.0,1.0
7561301,18.0,221.0,45.5,Male,2.0,27602.82,7.0,7.0
6143982,18.0,216.0,62.0,Female,2.0,19360.95,4.0,4.0
5954743,13.0,166.0,52.0,Male,5.0,131210.33000000002,1.0,1.0
3915227,8.0,107.0,28.5,Male,4.0,267353.95,6.0,6.0
9625676,13.0,160.0,29.5,Female,3.0,28171.24,1.0,1.0
1673231,16.0,194.0,70.0,Male,2.0,136808.96,7.0,7.0
4802727,5.0,66.0,21.0,Unknown,2.0,32147.59,7.0,7.0
2358815,9.0,109.0,59.0,Female,2.0,198031.47,7.0,7.0
8086041,16.0,193.0,37.0,Female,2.0,195842.37,6.0,6.0
4976048,4.0,59.0,32.0,Unknown,2.0,20676.04,2.0,2.0
6008231,13.0,156.0,35.0,Male,2.0,50942.98,7.0,7.0
3369725,5.0,63.0,25.5,Female,3.0,68895.13,7.0,7.0
5363431,4.0,58.0,57.5,Male,2.0,218873.5,7.0,7.0
4137467,21.0,255.0,47.5,Female,2.0,151995.01,7.0,7.0
8956644,20.0,244.0,62.5,Female,3.0,574484.75,3.0,3.0
9282810,7.0,85.0,52.0,Unknown,3.0,444304.17,6.0,6.0
2012878,14.0,178.0,25.5,Female,2.0,83279.73,2.0,2.0
9941015,11.0,133.0,70.0,Male,2.0,164830.16999999998,5.0,5.0
2343229,14.0,175.0,52.0,Female,3.0,985566.08,6.0,6.0
9696491,11.0,137.0,59.5,Unknown,2.0,611523.43,6.0,6.0
7068808,12.0,154.0,35.0,Female,2.0,40509.37,5.0,5.0
9896236,4.0,59.0,22.0,Unknown,2.0,40372.23,7.0,7.0
7403711,10.0,121.0,66.0,Male,2.0,279338.92,2.0,2.0
5703270,10.0,125.0,26.0,Male,3.0,27008.32,1.0,1.0
5949405,4.0,58.0,56.0,Female,2.0,472168.08,6.0,6.0
2073933,9.0,110.0,27.5,Female,2.0,54209.71,3.0,3.0
6069738,6.0,82.0,35.0,Unknown,2.0,40221.14,7.0,7.0
7654284,21.0,259.0,56.0,Female,3.0,172332.82,6.0,6.0
403330,21.0,255.0,66.5,Female,2.0,18690.39,5.0,5.0
6538790,5.0,65.0,44.0,Unknown,2.0,44033.52,2.0,3.0
1864512,14.0,178.0,25.0,Female,2.0,16549.67,2.0,2.0
1472773,15.0,188.0,41.5,Male,2.0,845006.88,3.0,3.0
7293479,4.0,59.0,37.5,Unknown,3.0,53367.16,7.0,7.0
673654,9.0,111.0,35.5,Male,2.0,143476.06,6.0,6.0
501540,14.0,173.0,39.0,Female,2.0,49070.62,2.0,2.0
3397554,5.0,66.0,41.5,Unknown,2.0,476038.14,3.0,3.0
8510942,11.0,141.0,47.0,Female,2.0,39657.46,4.0,4.0
9804405,6.0,81.0,33.0,Unknown,2.0,48504.75,4.0,4.0
6728810,7.0,94.0,75.5,Unknown,2.0,34124.73,7.0,7.0
1865121,6.0,72.0,28.5,Male,2.0,43832.6,7.0,7.0
727274,14.0,171.0,59.0,Female,2.0,33253.77,3.0,3.0
4337688,8.0,105.0,29.5,Male,2.0,17597.079999999998,7.0,7.0
4825309,10.0,130.0,48.0,Female,2.0,39889.1,3.0,3.0
5065916,8.0,105.0,23.5,Male,4.0,43513.96,7.0,7.0
9449812,13.0,167.0,44.5,Male,2.0,49767.15,1.0,1.0
6739316,4.0,56.0,45.5,Unknown,2.0,32635.13,5.0,5.0
7566766,23.0,276.0,49.5,Female,2.0,24131.72,3.0,3.0
5782187,21.0,258.0,40.5,Female,2.0,70422.29999999999,1.0,1.0
4509005,21.0,253.0,57.0,Male,2.0,35569.63,7.0,7.0
6647810,18.0,226.0,42.5,Male,3.0,38874.31,1.0,4.0
5172997,5.0,64.0,41.5,Unknown,2.0,182264.3,6.0,6.0
7279524,5.0,63.0,15.0,Unknown,2.0,19795.26,2.0,2.0
36308,15.0,187.0,31.0,Female,2.0,29702.54,5.0,5.0
8053423,15.0,186.0,41.5,Male,4.0,15979.489999999998,4.0,4.0
9987980,14.0,178.0,59.5,Female,2.0,45840.74,1.0,1.0
3433691,6.0,74.0,22.0,Unknown,4.0,71957.4,7.0,7.0
5386950,10.0,131.0,48.0,Female,2.0,56641.9,2.0,2.0
7478173,13.0,156.0,45.0,Female,2.0,29446.15,1.0,1.0
2138991,16.0,195.0,60.0,Male,2.0,112010.67,6.0,6.0
1007585,9.0,112.0,26.0,Female,2.0,57808.65,3.0,3.0
6574770,8.0,106.0,30.0,Female,2.0,29064.25,1.0,1.0
2317229,13.0,167.0,37.0,Female,2.0,143313.36,4.0,4.0
2182721,15.0,190.0,52.5,Male,2.0,35846.58,7.0,7.0
9264012,25.0,311.0,26.5,Male,2.0,38345.81,4.0,4.0
8250425,13.0,156.0,31.0,Male,2.0,120707.98,1.0,1.0
3990506,23.0,279.0,55.5,Female,3.0,499461.43,2.0,2.0
8434598,22.0,275.0,63.5,Female,2.0,33273.81,5.0,5.0
8032931,21.0,263.0,64.5,Female,4.0,146244.28999999998,6.0,6.0
3996999,18.0,227.0,47.5,Male,4.0,662447.8400000001,4.0,4.0
7826803,15.0,190.0,58.5,Female,3.0,114368.17,3.0,3.0
9784129,8.0,97.0,43.5,Unknown,2.0,45952.21,2.0,2.0
1876449,29.0,352.0,56.0,Female,2.0,92712.27,3.0,3.0
8257917,14.0,179.0,56.0,Female,2.0,88839.86,5.0,5.0
3516455,13.0,164.0,49.0,Male,2.0,210449.45,7.0,7.0
5231823,16.0,193.0,74.0,Male,2.0,45021.28,5.0,5.0
4620035,7.0,84.0,35.5,Unknown,2.0,23637.09,7.0,7.0
5586069,10.0,120.0,49.0,Male,2.0,23173.759999999995,1.0,1.0
7522557,19.0,229.0,54.5,Male,2.0,31035.79,3.0,3.0
6269889,4.0,58.0,14.5,Unknown,2.0,20315.11,6.0,6.0
774310,6.0,82.0,54.0,Unknown,2.0,99412.33,6.0,6.0
3780039,20.0,243.0,50.0,Male,2.0,653716.4,4.0,5.0
8064370,14.0,179.0,34.0,Female,2.0,37900.98,2.0,2.0
2106396,16.0,201.0,61.0,Female,3.0,403708.08,7.0,7.0
5794859,10.0,120.0,25.5,Male,2.0,38749.77,1.0,1.0
4569664,4.0,55.0,23.0,Unknown,2.0,29461.57,1.0,1.0
9885263,26.0,322.0,24.0,Male,2.0,126854.49,7.0,7.0
3016494,9.0,118.0,60.0,Male,2.0,32135.9,1.0,1.0
6057313,5.0,67.0,51.0,Unknown,2.0,43000.13,4.0,4.0
2888065,11.0,142.0,68.5,Female,2.0,24405.5,4.0,4.0
9894884,11.0,140.0,22.0,Unknown,3.0,27637.72,3.0,3.0
300278,30.0,370.0,59.0,Female,2.0,252031.56,3.0,3.0
5598549,5.0,71.0,51.5,Unknown,2.0,20050.08,1.0,1.0
1167441,23.0,286.0,62.5,Unknown,2.0,40029.59,1.0,1.0
6954888,20.0,249.0,62.5,Male,4.0,409949.56,7.0,7.0
4373217,6.0,74.0,23.5,Unknown,3.0,62932.42999999999,7.0,7.0
6844479,18.0,221.0,55.5,Male,2.0,268966.71,2.0,2.0
2697858,7.0,84.0,21.5,Unknown,2.0,18565.35,3.0,4.0
897017,13.0,157.0,47.5,Female,2.0,60380.01999999999,7.0,7.0
2533969,13.0,156.0,45.0,Female,2.0,217911.81,4.0,4.0
8231462,7.0,86.0,53.0,Unknown,2.0,37876.41,3.0,3.0
9245213,6.0,73.0,46.5,Male,3.0,538292.51,7.0,7.0
6664376,17.0,207.0,64.0,Male,2.0,311829.13,7.0,7.0
959456,12.0,154.0,30.5,Male,2.0,66538.95999999999,2.0,2.0
6677648,11.0,140.0,24.0,Male,3.0,103878.2,5.0,5.0
7810415,16.0,202.0,60.0,Female,2.0,36552.34,1.0,1.0
9275771,14.0,172.0,37.0,Unknown,2.0,69351.16,3.0,3.0
5146943,33.0,400.0,70.5,Male,3.0,140397.31,7.0,7.0
4346469,14.0,175.0,28.0,Female,2.0,18556.29,1.0,1.0
8703440,13.0,167.0,56.0,Female,2.0,45547.58,2.0,2.0
611922,13.0,156.0,48.0,Female,2.0,32115.06,2.0,2.0
31166,12.0,145.0,28.0,Female,2.0,14961.32,2.0,2.0
9705759,7.0,84.0,35.5,Unknown,2.0,71302.84,2.0,2.0
8274313,6.0,78.0,61.0,Female,3.0,417705.45,6.0,6.0
6037324,15.0,184.0,34.0,Female,3.0,230784.21,7.0,7.0
5181762,14.0,170.0,36.0,Male,2.0,48642.66,7.0,7.0
7593230,23.0,284.0,64.0,Male,3.0,199393.43,7.0,7.0
994360,20.0,245.0,49.5,Male,2.0,13990.149999999998,3.0,3.0
7874387,16.0,197.0,70.0,Male,2.0,111194.3,5.0,5.0
9233546,8.0,106.0,38.5,Male,2.0,43305.15,1.0,1.0
4104507,12.0,150.0,31.5,Male,2.0,51314.92,4.0,4.0
6443681,30.0,362.0,62.5,Male,3.0,44557.64,5.0,5.0
7185198,11.0,142.0,63.0,Unknown,2.0,52398.38,1.0,1.0
9817445,4.0,59.0,18.0,Unknown,2.0,26967.6,7.0,7.0
4647880,7.0,85.0,22.0,Unknown,2.0,18916.65,2.0,2.0
2488262,13.0,156.0,38.5,Unknown,3.0,100371.48,1.0,1.0
9085998,26.0,314.0,54.5,Female,2.0,35597.59,4.0,4.0
9660081,11.0,140.0,25.0,Male,3.0,78098.19,6.0,6.0
6880812,5.0,67.0,24.0,Unknown,2.0,20870.96,4.0,4.0
2163326,15.0,184.0,45.5,Female,2.0,43575.61,2.0,2.0
958928,8.0,99.0,40.0,Male,5.0,2397227.21,7.0,7.0
5770718,8.0,96.0,29.0,Unknown,2.0,27746.83,2.0,2.0
8628479,4.0,56.0,27.0,Unknown,2.0,34177.86,3.0,3.0
2725183,5.0,63.0,54.0,Male,3.0,36513.75,7.0,7.0
5485412,17.0,215.0,31.5,Male,2.0,19480.74,7.0,7.0
7320128,6.0,80.0,18.5,Unknown,2.0,32957.509999999995,7.0,7.0
2444575,8.0,98.0,30.5,Unknown,2.0,67910.98999999999,3.0,3.0
5342961,16.0,202.0,38.0,Female,2.0,264063.31,7.0,7.0
8663778,24.0,298.0,41.5,Female,2.0,19121.62,4.0,4.0
3712842,23.0,278.0,61.0,Female,3.0,118321.85,1.0,2.0
243757,20.0,249.0,65.5,Male,2.0,43230.57,1.0,1.0
1599045,20.0,244.0,45.5,Unknown,2.0,50515.58,2.0,2.0
5042769,20.0,244.0,37.5,Male,3.0,251406.64,4.0,4.0
5406340,17.0,215.0,49.0,Unknown,2.0,68241.95,7.0,7.0
2689899,5.0,71.0,65.5,Male,2.0,446365.95,6.0,6.0
4574352,7.0,95.0,30.5,Unknown,2.0,67990.95,6.0,6.0
3786301,6.0,80.0,50.5,Male,2.0,305072.47,6.0,6.0
7569167,9.0,119.0,53.0,Female,2.0,111028.05,4.0,4.0
4772439,6.0,81.0,19.0,Unknown,2.0,40425.03999999999,3.0,3.0
9101722,6.0,79.0,21.5,Unknown,2.0,16413.37,5.0,5.0
7859289,15.0,190.0,52.0,Male,2.0,43881.31,3.0,3.0
996458,19.0,233.0,53.5,Male,3.0,249445.64,7.0,7.0
4266786,13.0,156.0,67.0,Unknown,2.0,49511.47,3.0,3.0
2998934,11.0,138.0,27.0,Female,2.0,47573.11,3.0,3.0
4421496,10.0,130.0,34.0,Male,2.0,55225.83,1.0,1.0
446360,18.0,216.0,60.5,Male,3.0,249580.7,6.0,6.0
2365253,6.0,75.0,57.5,Male,2.0,23569.34,2.0,2.0
3003715,4.0,59.0,44.5,Unknown,2.0,32786.47,2.0,2.0
6517663,5.0,71.0,22.5,Unknown,2.0,36675.91,1.0,1.0
187451,5.0,67.0,19.0,Unknown,2.0,15109.469999999998,1.0,1.0
1503869,6.0,75.0,28.0,Female,2.0,60807.880000000005,7.0,7.0
3223894,6.0,79.0,42.5,Unknown,2.0,223900.73,2.0,2.0
9909663,16.0,199.0,72.5,Female,2.0,20899.25,2.0,4.0
9271883,13.0,160.0,19.5,Female,2.0,22721.67,4.0,4.0
7609894,21.0,253.0,56.5,Male,2.0,178217.16999999998,7.0,7.0
3959657,14.0,179.0,49.5,Female,2.0,26468.28,2.0,2.0
2048833,6.0,74.0,23.5,Unknown,2.0,31637.38,3.0,3.0
3359126,6.0,76.0,37.0,Unknown,3.0,73490.48999999999,1.0,1.0
1297341,14.0,178.0,61.0,Male,3.0,93305.5,1.0,1.0
5023581,15.0,191.0,65.5,Female,2.0,24968.68,1.0,1.0
9951593,10.0,120.0,34.5,Male,3.0,262697.24,7.0,7.0
2166725,6.0,82.0,32.0,Unknown,2.0,26365.18,1.0,1.0
5500603,5.0,63.0,25.0,Unknown,2.0,17030.589999999997,1.0,1.0
441250,4.0,59.0,48.0,Unknown,2.0,15992.949999999995,1.0,1.0
1413250,6.0,82.0,20.5,Unknown,2.0,43091.27,1.0,1.0
5989016,10.0,131.0,70.0,Male,2.0,38928.58,1.0,1.0
4242696,5.0,67.0,40.0,Unknown,2.0,48472.84,3.0,3.0
9350583,12.0,144.0,39.5,Male,2.0,14365.759999999998,7.0,7.0
926821,5.0,66.0,20.0,Unknown,2.0,15447.649999999998,5.0,5.0
4051496,13.0,157.0,49.0,Male,2.0,14811.829999999998,1.0,1.0
7664827,4.0,57.0,21.5,Unknown,2.0,18665.77,3.0,3.0
9480755,15.0,182.0,56.5,Male,2.0,100028.82,7.0,7.0
8292084,5.0,65.0,58.0,Unknown,2.0,63579.380000000005,6.0,6.0
2784411,21.0,253.0,81.0,Female,2.0,173358.22999999998,7.0,7.0
9254261,19.0,229.0,52.0,Unknown,3.0,18517.64,3.0,3.0
9556331,18.0,222.0,39.0,Male,3.0,234785.79,6.0,6.0
2143144,5.0,71.0,23.5,Unknown,3.0,61495.16,7.0,7.0
6004477,6.0,73.0,30.5,Male,2.0,31962.53,7.0,7.0
1152628,13.0,167.0,45.0,Male,2.0,120966.35,1.0,1.0
6618554,30.0,361.0,80.0,Female,2.0,114989.32,7.0,7.0
9351409,13.0,160.0,33.5,Unknown,2.0,34097.67999999999,2.0,2.0
9512589,10.0,129.0,40.5,Male,2.0,35945.36,2.0,2.0
9413657,5.0,70.0,29.0,Unknown,3.0,97341.35,7.0,7.0
5126455,16.0,192.0,69.0,Female,2.0,49765.38,2.0,2.0
4248871,5.0,60.0,52.0,Unknown,2.0,29917.71,3.0,3.0
1094066,4.0,58.0,22.0,Unknown,2.0,33024.619999999995,1.0,1.0
294600,33.0,397.0,68.0,Female,2.0,74957.9,3.0,3.0
597999,5.0,64.0,62.0,Male,2.0,87758.63,3.0,3.0
2518569,4.0,57.0,17.5,Unknown,2.0,19775.93,1.0,1.0
3020958,7.0,92.0,16.5,Unknown,2.0,37088.84,3.0,3.0
6632263,23.0,287.0,60.5,Female,5.0,769305.88,7.0,7.0
5390003,22.0,275.0,46.0,Female,3.0,585871.9,7.0,7.0
9632388,21.0,263.0,49.5,Male,2.0,17099.769999999997,6.0,6.0
884437,21.0,257.0,56.5,Male,5.0,250662.48,7.0,7.0
3992466,21.0,252.0,37.0,Female,3.0,111674.28,2.0,2.0
5415674,16.0,198.0,62.5,Female,2.0,135792.26,4.0,4.0
2722295,12.0,145.0,28.0,Female,2.0,71420.98999999999,2.0,2.0
4582343,9.0,117.0,34.5,Female,2.0,29395.369999999995,3.0,3.0
2090070,10.0,121.0,63.5,Female,2.0,187313.67,1.0,1.0
5048185,6.0,73.0,32.5,Female,2.0,78383.45,1.0,1.0
752212,14.0,178.0,27.5,Female,3.0,74551.41,2.0,2.0
9178025,7.0,95.0,44.0,Unknown,2.0,123010.26,7.0,7.0
4739119,25.0,310.0,67.5,Female,2.0,116398.39,7.0,7.0
5163805,15.0,182.0,57.5,Female,2.0,19375.18,6.0,6.0
1431171,14.0,169.0,31.0,Female,2.0,37926.19,1.0,1.0
6110689,15.0,181.0,34.0,Female,3.0,21630.41,7.0,7.0
7102485,21.0,253.0,30.0,Male,2.0,15135.53,4.0,4.0
2574566,22.0,273.0,31.5,Female,2.0,61061.95999999999,2.0,2.0
4970296,14.0,172.0,39.0,Male,2.0,18062.69,6.0,6.0
3948630,12.0,145.0,51.0,Female,2.0,31105.71,2.0,2.0
2394198,6.0,83.0,35.5,Unknown,2.0,81373.81999999999,1.0,1.0
6809653,25.0,311.0,27.5,Male,2.0,37304.02,2.0,2.0
136923,11.0,142.0,23.5,Male,2.0,16830.55,1.0,1.0
3855762,12.0,154.0,38.5,Female,2.0,93418.17,3.0,3.0
9285255,7.0,89.0,49.5,Unknown,2.0,165813.71000000002,7.0,7.0
5278734,26.0,313.0,23.5,Female,3.0,477902.58,7.0,7.0
3735762,19.0,231.0,49.0,Female,2.0,35685.92999999999,1.0,1.0
3147462,19.0,231.0,16.0,Female,3.0,36008.56,6.0,6.0
4869557,12.0,149.0,31.5,Male,2.0,108101.52,7.0,7.0
2129267,11.0,132.0,37.5,Male,2.0,14171.419999999998,1.0,1.0
2091787,5.0,67.0,30.5,Unknown,3.0,277999.42,7.0,7.0
3893415,11.0,136.0,29.5,Male,3.0,416566.29,1.0,1.0
8392577,11.0,132.0,38.5,Female,2.0,43023.45,1.0,1.0
7802238,4.0,56.0,52.5,Female,2.0,18938.26,4.0,4.0
5308771,4.0,50.0,41.5,Unknown,2.0,30904.96,1.0,1.0
1199696,11.0,134.0,29.5,Female,2.0,42140.61,2.0,2.0
2564024,7.0,94.0,19.0,Unknown,2.0,38245.91,3.0,3.0
373028,12.0,151.0,49.0,Male,2.0,112526.87,1.0,1.0
9483280,6.0,83.0,60.5,Unknown,2.0,193552.19,7.0,7.0
2170236,7.0,87.0,65.5,Unknown,2.0,118131.97,5.0,5.0
8868907,6.0,73.0,47.5,Unknown,3.0,123354.32,7.0,7.0
2032591,13.0,166.0,69.0,Female,4.0,92562.91,5.0,6.0
8231064,8.0,107.0,25.5,Male,2.0,46238.44,1.0,1.0
6272219,16.0,194.0,48.5,Male,2.0,14971.259999999998,7.0,7.0
9880551,6.0,82.0,29.0,Unknown,2.0,41599.28,2.0,2.0
3142942,17.0,214.0,67.0,Female,3.0,106455.38,6.0,6.0
7936650,9.0,108.0,53.0,Male,2.0,15582.879999999996,6.0,6.0
4997176,13.0,164.0,36.0,Male,2.0,41689.8,3.0,3.0
7714556,5.0,66.0,47.5,Male,2.0,145199.01,2.0,2.0
4237425,8.0,106.0,46.5,Male,2.0,67447.18,7.0,7.0
7391344,5.0,66.0,42.0,Unknown,3.0,47418.23,7.0,7.0
986214,7.0,92.0,42.5,Unknown,2.0,497440.78,1.0,1.0
5576223,5.0,60.0,59.5,Unknown,2.0,19984.51,7.0,7.0
2108169,15.0,182.0,30.5,Female,2.0,14304.769999999997,2.0,2.0
2273551,5.0,67.0,47.5,Unknown,2.0,159962.40999999997,5.0,5.0
4622030,7.0,94.0,28.5,Unknown,3.0,311461.63,2.0,2.0
7757434,5.0,71.0,54.5,Female,4.0,331141.94,2.0,2.0
1436207,3.0,45.0,47.5,Unknown,2.0,18813.9,5.0,5.0
7324554,23.0,285.0,47.0,Female,2.0,70130.93,7.0,7.0
3998460,26.0,314.0,73.5,Male,2.0,379907.71,7.0,7.0
230369,3.0,44.0,19.0,Unknown,2.0,27820.619999999995,4.0,4.0
6808563,9.0,118.0,27.0,Female,2.0,63624.07000000001,1.0,1.0
1156842,4.0,58.0,22.0,Unknown,2.0,27696.74,2.0,2.0
3248260,7.0,85.0,32.0,Unknown,2.0,249596.44,2.0,2.0
1138665,6.0,82.0,35.0,Unknown,2.0,24969.79,2.0,2.0
9771249,15.0,183.0,50.0,Female,3.0,523568.16,7.0,7.0
6106818,6.0,77.0,26.5,Unknown,2.0,26535.88,7.0,7.0
9807392,9.0,118.0,24.5,Female,2.0,73572.67,2.0,2.0
3853403,7.0,86.0,30.5,Unknown,2.0,306912.16,7.0,7.0
6370028,6.0,76.0,63.5,Unknown,2.0,167456.71999999997,7.0,7.0
7556640,22.0,272.0,52.0,Male,4.0,948261.4,7.0,7.0
3534623,15.0,189.0,54.0,Female,2.0,31326.619999999995,3.0,3.0
1239131,10.0,130.0,50.5,Male,3.0,40838.24,7.0,7.0
335559,10.0,125.0,40.5,Female,2.0,111471.73,2.0,2.0
1063817,6.0,82.0,44.0,Unknown,2.0,315660.12,6.0,6.0
6928313,5.0,71.0,24.0,Unknown,2.0,41319.44,2.0,2.0
8257772,6.0,77.0,23.5,Unknown,4.0,35830.3,6.0,6.0
7513246,10.0,121.0,62.0,Male,2.0,24751.759999999995,2.0,2.0
8556538,4.0,58.0,64.5,Unknown,2.0,53347.46,5.0,5.0
4066280,6.0,80.0,25.5,Unknown,2.0,50232.68,3.0,3.0
3909377,6.0,76.0,58.5,Male,3.0,31703.93,4.0,4.0
1202375,12.0,148.0,48.5,Female,2.0,95094.07,1.0,1.0
7419567,21.0,257.0,64.5,Male,3.0,55323.92,7.0,7.0
6821786,6.0,77.0,36.5,Unknown,2.0,46161.6,7.0,7.0
2983105,16.0,194.0,43.5,Male,2.0,102228.17,2.0,2.0
8345016,5.0,66.0,70.5,Unknown,2.0,20780.21,3.0,3.0
1398722,4.0,57.0,61.0,Unknown,2.0,398274.33,5.0,5.0
4136256,9.0,117.0,28.5,Male,2.0,16486.51,7.0,7.0
3416391,31.0,377.0,58.0,Male,3.0,408370.44,3.0,3.0
3667930,12.0,145.0,33.5,Female,2.0,30395.99,1.0,1.0
2917779,15.0,188.0,29.0,Female,2.0,51696.41,5.0,5.0
5526205,5.0,70.0,26.5,Unknown,2.0,53307.48,4.0,4.0
8621079,5.0,66.0,24.0,Unknown,3.0,43779.22,7.0,7.0
2158992,11.0,136.0,58.5,Female,2.0,297305.33,7.0,7.0
5100422,3.0,47.0,50.0,Unknown,2.0,22235.4,3.0,3.0
5781729,17.0,209.0,58.0,Male,2.0,147467.74,7.0,7.0
2365186,11.0,132.0,49.0,Male,2.0,96215.19,2.0,2.0
5460578,6.0,78.0,64.5,Unknown,2.0,26236.32,6.0,6.0
6569388,15.0,186.0,61.5,Female,2.0,44137.32,2.0,2.0
4396078,5.0,67.0,19.5,Female,3.0,23123.57,7.0,7.0
7383117,9.0,119.0,70.0,Female,2.0,420512.25,2.0,3.0
8903121,7.0,86.0,26.5,Unknown,2.0,37239.62,7.0,7.0
6684230,5.0,66.0,27.5,Male,2.0,42243.97,6.0,6.0
6491797,6.0,80.0,73.0,Unknown,2.0,14586.269999999997,4.0,4.0
3851338,25.0,309.0,63.0,Female,2.0,28484.56,1.0,1.0
70685,6.0,72.0,60.0,Unknown,2.0,197217.59000000003,1.0,2.0
4409817,33.0,404.0,77.5,Male,3.0,199015.59000000003,3.0,4.0
2743179,13.0,159.0,31.0,Male,2.0,24859.9,3.0,3.0
1958573,16.0,202.0,64.0,Female,2.0,84105.06,7.0,7.0
387629,8.0,106.0,43.5,Unknown,2.0,58125.66,4.0,4.0
9720063,12.0,154.0,29.5,Male,2.0,62107.53,2.0,2.0
7974620,13.0,158.0,48.0,Female,2.0,326583.59,5.0,5.0
1151601,4.0,54.0,56.5,Unknown,2.0,594722.2200000001,7.0,7.0
6351907,21.0,253.0,54.0,Male,2.0,43483.16,5.0,5.0
6955042,10.0,120.0,34.5,Female,3.0,106790.91,3.0,3.0
4920012,11.0,133.0,40.0,Male,3.0,192523.58,7.0,7.0
3527642,21.0,261.0,40.0,Male,2.0,29143.56,6.0,6.0
921803,20.0,248.0,51.0,Unknown,3.0,42200.99,3.0,3.0
8648275,24.0,288.0,77.5,Female,2.0,69750.59,3.0,3.0
1553207,10.0,121.0,26.0,Male,2.0,36212.73,7.0,7.0
6041498,5.0,64.0,23.5,Unknown,2.0,19369.15,2.0,2.0
4666076,13.0,164.0,46.0,Male,2.0,19465.11,1.0,1.0
5965270,7.0,85.0,63.0,Unknown,2.0,610928.43,4.0,4.0
8971561,5.0,61.0,65.5,Unknown,2.0,40059.02,4.0,4.0
3802896,17.0,215.0,41.0,Unknown,2.0,60512.58,1.0,1.0
1047216,6.0,76.0,30.0,Unknown,2.0,21610.47,3.0,3.0
9272541,11.0,136.0,50.0,Female,2.0,15564.859999999995,7.0,7.0
8068748,5.0,70.0,23.0,Unknown,3.0,28791.56,3.0,3.0
4319403,6.0,79.0,21.5,Unknown,2.0,72163.54000000001,1.0,1.0
6042022,15.0,191.0,64.5,Male,2.0,53673.15,6.0,6.0
2916225,10.0,124.0,27.5,Female,2.0,96236.08,5.0,5.0
6163770,5.0,71.0,57.5,Unknown,2.0,274126.25,1.0,1.0
5507026,11.0,140.0,52.5,Female,2.0,75259.26,2.0,2.0
9851133,6.0,73.0,25.5,Unknown,3.0,49417.25,5.0,5.0
6966445,7.0,93.0,22.0,Unknown,3.0,13917.649999999998,6.0,6.0
8009496,5.0,68.0,62.5,Unknown,2.0,52623.43,1.0,1.0
370851,10.0,127.0,59.0,Male,2.0,19132.16,1.0,1.0
472057,22.0,269.0,24.5,Male,2.0,63813.51,3.0,3.0
2542615,17.0,208.0,32.5,Male,2.0,131544.59999999998,4.0,4.0
4373357,26.0,315.0,69.5,Female,2.0,43040.99,4.0,4.0
6782095,15.0,188.0,53.5,Unknown,2.0,257389.64,2.0,2.0
1149328,11.0,143.0,53.0,Female,2.0,69186.73,4.0,4.0
2754137,5.0,64.0,42.0,Female,3.0,67892.47,4.0,5.0
120256,15.0,183.0,60.0,Male,2.0,22078.0,7.0,7.0
8118359,5.0,63.0,57.0,Male,2.0,753022.4600000001,7.0,7.0
3255379,4.0,59.0,62.0,Unknown,2.0,35137.03999999999,2.0,2.0
9318943,8.0,104.0,41.5,Female,2.0,73036.14,3.0,3.0
9030785,9.0,117.0,68.5,Female,2.0,35044.98,2.0,2.0
4084352,4.0,59.0,42.5,Unknown,2.0,35501.71,2.0,2.0
8623471,7.0,87.0,44.0,Unknown,2.0,123380.68,7.0,7.0
4053741,9.0,115.0,24.5,Female,3.0,44390.5,7.0,7.0
5448746,13.0,156.0,15.5,Female,3.0,27280.119999999995,7.0,7.0
1296906,11.0,142.0,37.5,Female,2.0,103617.46,1.0,1.0
8872642,23.0,287.0,31.5,Male,5.0,1619469.2,7.0,7.0
1780358,5.0,71.0,50.0,Unknown,2.0,45912.91,7.0,7.0
6030116,7.0,84.0,36.0,Unknown,2.0,18488.58,4.0,4.0
3577750,8.0,97.0,50.0,Unknown,2.0,19332.85,6.0,6.0
4177925,24.0,293.0,44.0,Female,2.0,16410.17,5.0,5.0
396294,24.0,288.0,70.0,Female,2.0,320078.94,1.0,1.0
2549798,22.0,270.0,61.0,Female,3.0,540067.3500000001,3.0,3.0
3042063,9.0,112.0,51.5,Male,2.0,224524.12,4.0,4.0
1140107,15.0,182.0,40.0,Female,2.0,38644.46,2.0,2.0
2441081,13.0,163.0,34.0,Female,2.0,50998.3,7.0,7.0
372781,21.0,262.0,53.5,Female,2.0,81396.98,2.0,2.0
3462577,8.0,97.0,53.0,Unknown,2.0,37190.55,7.0,7.0
6708146,16.0,193.0,32.5,Male,2.0,54584.89,1.0,1.0
4404805,16.0,192.0,29.5,Male,2.0,96080.36,7.0,7.0
743496,6.0,74.0,66.0,Male,2.0,276993.47,3.0,5.0
8359141,16.0,200.0,55.0,Male,2.0,252597.01,3.0,3.0
2017749,6.0,74.0,23.0,Unknown,3.0,22329.46,7.0,7.0
5267654,9.0,114.0,43.0,Male,2.0,102415.24,2.0,2.0
1626436,5.0,70.0,20.0,Unknown,2.0,15705.879999999996,2.0,2.0
7840855,13.0,159.0,47.0,Male,2.0,53143.36,1.0,1.0
626467,23.0,287.0,66.5,Female,2.0,74473.18,5.0,5.0
7091901,12.0,144.0,23.0,Male,2.0,43630.89,1.0,1.0
6267369,17.0,204.0,30.5,Male,2.0,63328.86,1.0,1.0
7425283,4.0,58.0,53.0,Unknown,2.0,20774.89,4.0,4.0
3210430,13.0,156.0,60.0,Female,2.0,36963.64,7.0,7.0
9096695,7.0,93.0,38.5,Unknown,2.0,27619.07,5.0,5.0
3983136,8.0,103.0,31.5,Unknown,2.0,393645.63,7.0,7.0
7621755,5.0,71.0,55.0,Male,2.0,125185.25,2.0,2.0
875791,5.0,70.0,49.5,Unknown,2.0,26274.35,7.0,7.0
2512384,6.0,83.0,45.5,Unknown,2.0,23233.61,1.0,1.0
4579104,5.0,71.0,22.0,Unknown,2.0,50164.3,7.0,7.0
7588011,12.0,144.0,63.5,Male,3.0,169236.27999999997,7.0,7.0
987959,5.0,62.0,59.5,Unknown,3.0,1092069.46,7.0,7.0
6829333,5.0,71.0,28.5,Unknown,2.0,36805.12,7.0,7.0
2295753,5.0,68.0,54.0,Unknown,2.0,26078.619999999995,4.0,4.0
2447511,15.0,191.0,69.5,Female,2.0,47497.54,7.0,7.0
8154248,8.0,96.0,23.0,Unknown,2.0,61994.98,5.0,5.0
9521735,5.0,65.0,25.5,Unknown,3.0,42296.87,7.0,7.0
8714259,16.0,193.0,45.0,Female,2.0,32138.04,3.0,3.0
2593429,9.0,111.0,25.0,Male,2.0,42365.51,4.0,4.0
8833667,13.0,167.0,63.0,Female,2.0,212167.14,2.0,2.0
4566054,18.0,224.0,35.5,Female,2.0,13818.539999999995,2.0,2.0
4274798,15.0,185.0,45.0,Male,2.0,103538.1,4.0,4.0
8318178,5.0,70.0,17.0,Unknown,2.0,19273.64,1.0,1.0
3912888,32.0,389.0,63.0,Male,3.0,2223570.0,6.0,6.0
249401,6.0,73.0,25.0,Unknown,4.0,105329.4,7.0,7.0
5778476,6.0,78.0,29.0,Unknown,2.0,45003.82,5.0,5.0
4377134,14.0,176.0,59.5,Female,2.0,23357.64,3.0,3.0
6079773,13.0,164.0,25.5,Female,2.0,21685.56,2.0,2.0
3396860,20.0,250.0,56.5,Male,3.0,60225.29000000001,7.0,7.0
8618018,12.0,145.0,62.5,Unknown,2.0,124804.36,1.0,1.0
537380,14.0,172.0,45.0,Male,3.0,31178.72,7.0,7.0
312343,5.0,64.0,58.0,Unknown,2.0,102134.18,2.0,2.0
2794837,6.0,83.0,60.0,Unknown,2.0,261431.7,7.0,7.0
4608674,8.0,98.0,49.0,Unknown,2.0,76108.23,5.0,5.0
4058202,6.0,83.0,55.5,Unknown,2.0,213911.53,7.0,7.0
1164398,11.0,137.0,60.0,Male,2.0,142747.86,3.0,3.0
4624419,4.0,58.0,42.5,Unknown,2.0,32937.03,1.0,1.0
452197,12.0,147.0,54.0,Male,2.0,99554.93,7.0,7.0
6170198,26.0,318.0,82.0,Female,2.0,21607.13,4.0,5.0
3064707,13.0,159.0,26.5,Female,2.0,92916.61,7.0,7.0
9226686,9.0,112.0,55.0,Male,2.0,131728.55,7.0,7.0
8741771,24.0,299.0,52.0,Unknown,2.0,104719.37,1.0,1.0
2884803,24.0,288.0,63.5,Male,2.0,43233.33,5.0,5.0
6458516,22.0,274.0,54.5,Male,2.0,90582.88,3.0,3.0
4717013,19.0,234.0,45.5,Unknown,2.0,14695.25,1.0,1.0
7108831,5.0,71.0,20.5,Unknown,4.0,34155.869999999995,7.0,7.0
7956647,16.0,192.0,30.0,Female,2.0,32255.160000000003,1.0,1.0
6632425,12.0,147.0,45.0,Male,2.0,28320.29,3.0,3.0
1091595,16.0,192.0,37.0,Female,2.0,38622.63,7.0,7.0
449439,26.0,320.0,23.5,Male,2.0,193869.29,5.0,5.0
2710042,5.0,71.0,31.5,Unknown,2.0,61288.76,5.0,5.0
4132121,7.0,94.0,20.5,Unknown,3.0,27256.41,6.0,6.0
1151364,5.0,65.0,57.0,Male,2.0,14878.46,6.0,6.0
3936648,5.0,71.0,27.5,Unknown,2.0,39467.03,7.0,7.0
9234661,13.0,163.0,84.0,Female,2.0,255608.63,2.0,2.0
5014603,5.0,70.0,58.0,Unknown,2.0,45841.4,5.0,5.0
2781558,25.0,311.0,54.0,Female,2.0,225621.55,4.0,4.0
8805171,6.0,82.0,32.5,Unknown,3.0,1135807.1,7.0,7.0
6251978,6.0,74.0,26.5,Unknown,2.0,404421.31,5.0,5.0
1713311,22.0,267.0,50.5,Female,2.0,201368.13,5.0,5.0
530600,21.0,257.0,39.5,Male,3.0,140713.34999999998,4.0,4.0
4776590,21.0,253.0,33.0,Female,3.0,1045418.66,6.0,6.0
131170,17.0,215.0,57.5,Male,3.0,326833.69,7.0,7.0
1608128,15.0,189.0,50.0,Female,2.0,120365.88,1.0,1.0
3823404,9.0,111.0,21.5,Male,2.0,17357.07,2.0,2.0
6995230,7.0,90.0,69.5,Unknown,2.0,38049.34,2.0,2.0
811315,7.0,95.0,31.0,Unknown,2.0,72366.48,7.0,7.0
932087,6.0,83.0,37.0,Unknown,2.0,78499.29000000001,5.0,5.0
3262304,4.0,58.0,48.0,Unknown,2.0,80384.02,3.0,3.0
5311514,18.0,222.0,34.0,Male,3.0,104276.01,5.0,5.0
6817080,9.0,110.0,26.5,Male,2.0,15637.239999999998,2.0,2.0
6005848,12.0,152.0,62.5,Male,3.0,75196.31,4.0,4.0
5302719,7.0,84.0,60.5,Female,2.0,169929.8,7.0,7.0
2101966,4.0,58.0,46.0,Female,2.0,15009.339999999997,3.0,3.0
8109301,13.0,156.0,29.5,Female,2.0,30627.13,7.0,7.0
3723694,28.0,342.0,66.0,Female,2.0,499163.35,6.0,6.0
2756627,8.0,101.0,40.5,Unknown,2.0,372565.17,5.0,5.0
2766481,24.0,290.0,62.5,Female,2.0,128794.33000000002,5.0,5.0
9630443,25.0,311.0,57.0,Male,2.0,52132.97,5.0,5.0
4080610,15.0,190.0,51.0,Female,2.0,53253.61,1.0,1.0
4829533,5.0,70.0,26.0,Unknown,2.0,32372.54,7.0,7.0
8073975,5.0,71.0,64.5,Unknown,2.0,96599.3,1.0,2.0
5579453,15.0,191.0,63.0,Male,5.0,303791.97,7.0,7.0
5931823,9.0,117.0,37.0,Male,3.0,55972.72,6.0,6.0
2094488,5.0,60.0,55.0,Male,2.0,575537.62,2.0,2.0
7953078,10.0,123.0,28.0,Male,2.0,95362.15,7.0,7.0
7209756,4.0,59.0,52.5,Female,2.0,184622.71,2.0,2.0
2852004,26.0,317.0,59.0,Female,2.0,59921.98999999999,2.0,2.0
3418054,7.0,86.0,22.0,Unknown,3.0,32820.28,5.0,5.0
7923935,17.0,207.0,48.0,Male,4.0,68935.31,4.0,4.0
1027860,13.0,167.0,56.5,Female,2.0,17352.19,4.0,4.0
5821694,8.0,100.0,29.0,Unknown,2.0,22955.65,1.0,1.0
1624641,11.0,139.0,56.0,Male,2.0,53425.19,2.0,2.0
3433736,4.0,53.0,16.0,Unknown,2.0,15351.469999999998,1.0,1.0
5960805,4.0,58.0,25.0,Unknown,2.0,16404.07,5.0,5.0
539141,15.0,189.0,65.0,Male,2.0,237021.46,4.0,4.0
6888970,13.0,156.0,26.5,Male,2.0,90252.94,2.0,2.0
9450474,15.0,191.0,79.0,Female,3.0,954739.3,6.0,6.0
235538,8.0,106.0,24.5,Male,2.0,53287.3,2.0,2.0
6813799,5.0,68.0,16.0,Unknown,2.0,16039.089999999997,4.0,4.0
7097670,13.0,157.0,39.5,Female,2.0,115019.37,1.0,1.0
6141532,16.0,197.0,38.5,Male,3.0,84696.31,3.0,3.0
1809311,26.0,315.0,59.5,Female,3.0,90232.14,7.0,7.0
2259123,23.0,281.0,55.0,Male,4.0,1788885.98,5.0,5.0
1183807,21.0,263.0,63.5,Female,3.0,372879.63,7.0,7.0
8165172,21.0,262.0,29.5,Unknown,3.0,184902.26,7.0,7.0
8530896,11.0,141.0,53.0,Male,2.0,19707.27,3.0,3.0
2618092,16.0,202.0,37.0,Female,2.0,40161.11,4.0,4.0
6977602,15.0,183.0,42.0,Male,3.0,16191.909999999996,7.0,7.0
2967765,16.0,197.0,66.5,Male,3.0,380438.51,7.0,7.0
2476478,13.0,161.0,49.5,Male,3.0,113426.04,2.0,2.0
4898488,4.0,58.0,40.5,Unknown,2.0,147895.57,2.0,2.0
5744778,14.0,176.0,27.0,Male,2.0,26428.14,3.0,3.0
244912,9.0,108.0,64.5,Male,2.0,77289.23999999999,7.0,7.0
3540608,8.0,96.0,28.5,Unknown,2.0,32458.75,3.0,3.0
4860326,11.0,135.0,28.0,Male,2.0,16989.17,2.0,2.0
4982103,12.0,151.0,44.5,Female,2.0,31347.0,6.0,6.0
521915,8.0,105.0,27.0,Female,2.0,59159.06,7.0,7.0
485966,5.0,64.0,23.5,Unknown,2.0,15904.739999999998,1.0,1.0
9950417,7.0,91.0,33.0,Unknown,2.0,50716.3,5.0,5.0
418618,5.0,70.0,55.0,Unknown,2.0,141233.8,1.0,1.0
9577887,6.0,73.0,63.5,Unknown,2.0,126416.32,1.0,1.0
6423548,21.0,262.0,62.0,Female,3.0,35093.149999999994,4.0,4.0
610786,8.0,98.0,23.0,Unknown,3.0,69251.95,7.0,7.0
1309873,12.0,155.0,36.0,Female,2.0,77274.53,2.0,2.0
5403077,10.0,120.0,57.0,Male,2.0,194159.95,7.0,7.0
6285759,6.0,73.0,27.5,Unknown,3.0,30138.52,6.0,6.0
2502847,15.0,187.0,57.0,Female,2.0,117522.71,7.0,7.0
507340,10.0,120.0,61.5,Female,2.0,19246.35,1.0,1.0
5091456,14.0,175.0,23.5,Male,2.0,23401.75,7.0,7.0
6974025,19.0,229.0,51.0,Male,2.0,106564.15,7.0,7.0
2198842,4.0,53.0,55.5,Male,2.0,24352.92,4.0,4.0
3384291,39.0,468.0,61.5,Male,4.0,151435.90000000002,3.0,3.0
8754883,17.0,205.0,54.0,Male,2.0,27966.369999999995,4.0,4.0
1053713,5.0,70.0,41.0,Female,2.0,70491.01999999999,7.0,7.0
8393431,5.0,70.0,43.0,Unknown,2.0,21386.5,4.0,4.0
6528311,5.0,65.0,37.5,Male,3.0,1311104.47,3.0,3.0
1125530,14.0,175.0,61.0,Female,2.0,18774.12,7.0,7.0
1457674,18.0,220.0,49.0,Male,2.0,69981.59,2.0,2.0
4346059,8.0,96.0,25.5,Unknown,2.0,64050.380000000005,7.0,7.0
5204736,5.0,60.0,21.0,Unknown,3.0,50367.81,5.0,5.0
1393222,28.0,341.0,59.0,Male,2.0,305554.35,1.0,2.0
3301530,8.0,104.0,47.0,Male,2.0,72558.48999999999,2.0,2.0
1267261,7.0,93.0,22.5,Unknown,2.0,78857.54999999999,5.0,5.0
5318972,13.0,164.0,62.5,Male,2.0,329669.68,7.0,7.0
7862445,8.0,101.0,29.5,Female,2.0,58737.75,3.0,3.0
4963047,7.0,89.0,49.0,Unknown,2.0,19590.77,2.0,2.0
8267029,14.0,171.0,44.0,Female,2.0,485641.61,2.0,2.0
4141315,21.0,253.0,61.5,Male,2.0,45870.25,1.0,1.0
1892757,13.0,167.0,28.5,Male,3.0,203580.74,7.0,7.0
455546,23.0,281.0,58.5,Female,3.0,246385.25,5.0,5.0
319786,21.0,263.0,47.0,Male,2.0,20517.66,1.0,1.0
2311276,20.0,251.0,41.0,Male,3.0,34473.119999999995,3.0,3.0
8353939,18.0,222.0,48.5,Female,2.0,30410.300000000003,4.0,4.0
5830641,13.0,167.0,34.5,Female,2.0,42911.38,1.0,1.0
2582642,5.0,68.0,24.0,Unknown,3.0,23335.66,6.0,6.0
3195652,9.0,114.0,38.5,Male,2.0,78210.28,7.0,7.0
9543605,10.0,124.0,55.5,Female,2.0,48964.51,4.0,4.0
4763046,9.0,118.0,34.0,Male,2.0,156383.36,5.0,5.0
6372448,4.0,58.0,32.0,Unknown,3.0,46066.3,7.0,7.0
9841532,11.0,132.0,59.5,Male,2.0,21822.45,6.0,7.0
8938409,14.0,175.0,69.5,Female,2.0,39728.05,3.0,3.0
1564473,8.0,106.0,26.5,Unknown,4.0,48703.34,3.0,3.0
3172563,8.0,105.0,64.0,Female,2.0,211688.83,7.0,7.0
403680,9.0,108.0,24.5,Female,2.0,44006.62,3.0,3.0
6094320,7.0,85.0,41.5,Unknown,3.0,114235.67,4.0,4.0
5828289,11.0,142.0,59.5,Female,2.0,17262.289999999997,2.0,2.0
4366871,5.0,69.0,27.0,Male,3.0,38780.49,2.0,2.0
2098890,11.0,142.0,26.0,Male,2.0,38758.44,7.0,7.0
8135589,12.0,150.0,62.0,Male,2.0,54830.51,3.0,3.0
1785360,24.0,289.0,52.0,Female,2.0,27213.9,4.0,4.0
3534426,18.0,227.0,75.0,Male,2.0,122675.62,6.0,6.0
1696193,18.0,226.0,60.5,Female,4.0,73646.97,7.0,7.0
6366119,6.0,82.0,28.0,Unknown,2.0,59222.81,1.0,1.0
9483589,14.0,178.0,58.5,Female,2.0,62305.850000000006,4.0,4.0
5413051,17.0,207.0,44.5,Female,2.0,48173.82,3.0,3.0
7884071,13.0,159.0,28.5,Female,3.0,44859.58,2.0,2.0
9754464,14.0,170.0,33.5,Male,2.0,33016.61,3.0,3.0
5851993,5.0,62.0,27.0,Male,2.0,1055501.52,3.0,3.0
6171957,7.0,89.0,20.5,Unknown,2.0,24240.96,4.0,4.0
1437817,6.0,80.0,21.0,Unknown,3.0,44794.41,3.0,3.0
5619091,15.0,190.0,34.0,Male,4.0,385673.81,3.0,3.0
3250276,4.0,58.0,19.5,Female,2.0,24975.56,4.0,4.0
9543320,5.0,71.0,36.5,Unknown,2.0,25777.29,1.0,1.0
146242,6.0,77.0,28.5,Male,2.0,27292.99,7.0,7.0
7054171,13.0,158.0,55.5,Female,2.0,62640.04000000001,4.0,4.0
4352464,28.0,338.0,72.0,Female,2.0,42611.17999999999,7.0,7.0
2901099,9.0,109.0,49.0,Female,2.0,142606.27000000002,4.0,4.0
5145874,8.0,100.0,21.5,Unknown,2.0,15821.839999999997,2.0,2.0
2700834,15.0,189.0,61.5,Male,2.0,52568.66,5.0,6.0
652332,14.0,169.0,23.5,Female,2.0,32642.9,2.0,2.0
8156966,9.0,118.0,47.5,Male,2.0,52584.82,2.0,2.0
1429327,5.0,70.0,43.5,Unknown,3.0,294843.56,7.0,7.0
1372664,11.0,139.0,25.0,Male,3.0,146617.18,7.0,7.0
6305125,22.0,269.0,46.5,Male,3.0,118373.93,5.0,5.0
4394659,20.0,251.0,57.0,Male,3.0,1108799.61,7.0,7.0
2987482,16.0,193.0,49.5,Male,2.0,1441661.97,7.0,7.0
1257327,5.0,68.0,24.5,Unknown,3.0,23922.869999999995,7.0,7.0
6788362,7.0,86.0,63.0,Unknown,2.0,228431.86,1.0,1.0
9532409,23.0,282.0,57.0,Male,2.0,396784.13,7.0,7.0
6168006,11.0,139.0,73.0,Female,2.0,100919.87,2.0,2.0
37872,8.0,106.0,38.5,Female,2.0,22847.72,2.0,2.0
7737431,13.0,166.0,60.0,Female,2.0,326838.74,2.0,2.0
9870407,7.0,95.0,20.5,Unknown,3.0,51661.25,6.0,6.0
5051816,12.0,145.0,33.0,Female,2.0,100647.9,6.0,6.0
2152652,15.0,189.0,64.5,Male,2.0,283886.93,6.0,6.0
4532140,4.0,59.0,28.0,Unknown,2.0,30535.06,1.0,1.0
8990681,7.0,84.0,46.5,Unknown,2.0,78033.25,7.0,7.0
5897994,23.0,276.0,20.0,Female,2.0,46995.98,7.0,7.0
1848823,20.0,248.0,56.5,Female,2.0,136637.95,3.0,3.0
5102433,18.0,218.0,67.0,Male,4.0,451060.91,7.0,7.0
4213403,4.0,50.0,19.5,Unknown,3.0,19699.74,7.0,7.0
6376109,6.0,79.0,22.5,Unknown,2.0,26171.2,2.0,2.0
703904,18.0,224.0,32.5,Female,2.0,94338.74,4.0,4.0
3716339,22.0,266.0,58.0,Female,2.0,541886.38,6.0,6.0
9854442,6.0,82.0,58.5,Unknown,2.0,59301.01999999999,1.0,1.0
3018317,8.0,106.0,19.5,Female,3.0,17621.03,4.0,4.0
8083060,12.0,150.0,20.0,Male,2.0,24173.8,1.0,1.0
948392,26.0,318.0,53.5,Male,3.0,235386.4,5.0,5.0
9352689,9.0,118.0,56.0,Unknown,2.0,54075.98,2.0,2.0
9992881,7.0,92.0,57.5,Unknown,2.0,90492.13,3.0,3.0
75071,5.0,65.0,48.0,Male,2.0,26091.52,1.0,1.0
5135857,7.0,90.0,26.5,Unknown,2.0,34713.21,2.0,2.0
6980124,5.0,66.0,34.5,Unknown,2.0,21320.32,1.0,1.0
8519006,5.0,70.0,28.5,Unknown,2.0,50391.87,2.0,2.0
7262454,15.0,187.0,48.5,Male,2.0,26829.91,2.0,2.0
130563,8.0,104.0,55.0,Male,2.0,22066.76,2.0,2.0
6538124,28.0,341.0,63.5,Female,2.0,446600.16,3.0,3.0
111417,11.0,136.0,46.5,Female,2.0,43008.57,1.0,2.0
7952506,6.0,77.0,42.5,Unknown,3.0,173215.96999999997,7.0,7.0
814380,24.0,296.0,21.0,Female,2.0,32030.48,4.0,4.0
3942024,12.0,144.0,59.5,Female,3.0,262387.16,1.0,1.0
2249765,13.0,156.0,23.0,Male,2.0,43208.98,7.0,7.0
453521,7.0,94.0,63.5,Unknown,2.0,21093.93,2.0,2.0
8726884,32.0,389.0,67.5,Male,2.0,44589.45,4.0,4.0
394876,24.0,297.0,57.5,Female,2.0,57908.17,5.0,5.0
735901,6.0,73.0,72.0,Unknown,2.0,38312.92999999999,6.0,6.0
7519697,13.0,156.0,60.5,Male,2.0,25432.32,3.0,3.0
1467716,28.0,338.0,52.0,Male,3.0,80808.64,5.0,5.0
8305618,11.0,142.0,54.5,Female,3.0,85121.65,6.0,6.0
7015372,4.0,53.0,55.0,Unknown,3.0,691709.4800000001,7.0,7.0
9512911,15.0,191.0,61.5,Male,2.0,61562.54000000001,4.0,4.0
3790469,6.0,82.0,67.5,Male,3.0,136895.36,7.0,7.0
4728892,16.0,199.0,55.0,Female,2.0,1054919.24,4.0,4.0
2897095,6.0,76.0,23.0,Unknown,3.0,51068.86,2.0,2.0
7722771,5.0,70.0,25.0,Unknown,3.0,49873.79,5.0,5.0
8475674,4.0,59.0,31.0,Unknown,2.0,33499.45,6.0,6.0
5965542,28.0,347.0,54.5,Male,3.0,144261.34,4.0,4.0
8239600,24.0,293.0,45.5,Male,2.0,213472.26,1.0,1.0
7780135,20.0,250.0,58.5,Male,3.0,864954.2000000001,3.0,3.0
2911339,20.0,241.0,20.5,Unknown,2.0,110459.29,1.0,1.0
8977890,17.0,204.0,44.5,Female,2.0,83659.06999999999,3.0,3.0
4610341,15.0,182.0,52.5,Female,2.0,414963.05,4.0,4.0
5010864,10.0,122.0,51.0,Male,3.0,126858.91,5.0,5.0
4249372,14.0,178.0,49.0,Female,2.0,131824.66,1.0,1.0
6303444,6.0,74.0,37.5,Unknown,2.0,21574.99,1.0,1.0
1846918,14.0,172.0,31.0,Male,3.0,150839.01,5.0,5.0
6732033,6.0,77.0,62.0,Unknown,2.0,479007.55,2.0,2.0
1098455,5.0,70.0,74.0,Unknown,2.0,40369.74,2.0,2.0
2092970,7.0,95.0,23.5,Unknown,2.0,32999.16,7.0,7.0
2067424,15.0,188.0,39.5,Male,2.0,18211.02,4.0,4.0
4484818,27.0,330.0,19.0,Male,2.0,47674.94,6.0,6.0
4684792,6.0,82.0,17.0,Male,3.0,84766.76,5.0,5.0
7440836,12.0,154.0,43.5,Female,2.0,221236.55,3.0,3.0
7148984,15.0,181.0,47.5,Female,2.0,41940.92,2.0,2.0
6075317,6.0,74.0,35.0,Female,3.0,92526.06,5.0,5.0
5069312,8.0,97.0,34.0,Unknown,2.0,20376.74,4.0,4.0
4965736,7.0,88.0,53.0,Unknown,2.0,270341.1,3.0,3.0
8397843,24.0,296.0,60.5,Male,2.0,13824.94,1.0,1.0
3536313,23.0,286.0,50.5,Male,2.0,70510.29000000001,5.0,5.0
4134457,19.0,235.0,56.0,Male,2.0,35742.59,4.0,4.0
5507874,6.0,72.0,28.0,Unknown,2.0,38348.15,7.0,7.0
4538761,7.0,88.0,30.0,Unknown,2.0,50682.94,7.0,7.0
4464559,5.0,65.0,18.5,Unknown,2.0,19468.2,4.0,4.0
5974646,6.0,74.0,28.0,Female,3.0,40435.67999999999,5.0,5.0
7497745,15.0,191.0,36.5,Female,2.0,18602.31,1.0,1.0
788867,12.0,147.0,21.5,Female,4.0,28512.0,6.0,6.0
195416,15.0,189.0,73.5,Male,2.0,21207.52,7.0,7.0
1865031,4.0,58.0,39.0,Unknown,2.0,21173.52,4.0,4.0
2943557,14.0,171.0,53.0,Male,2.0,49728.12,2.0,2.0
9587170,30.0,360.0,57.0,Female,2.0,43092.83,7.0,7.0
7178143,6.0,74.0,53.5,Unknown,2.0,25708.84,2.0,2.0
3226182,6.0,82.0,32.0,Unknown,2.0,22629.98,2.0,2.0
4280196,19.0,238.0,30.5,Male,3.0,76019.48,4.0,4.0
7124090,19.0,228.0,33.0,Male,2.0,30910.47,4.0,4.0
779342,16.0,200.0,57.5,Female,3.0,660287.06,4.0,4.0
2302458,4.0,58.0,18.5,Unknown,3.0,38536.67,7.0,7.0
5970346,5.0,69.0,18.5,Unknown,3.0,32280.95,4.0,4.0
7366512,18.0,216.0,31.5,Female,2.0,97992.57,3.0,3.0
1734153,27.0,328.0,62.5,Unknown,2.0,44312.48,1.0,1.0
7644910,5.0,71.0,24.5,Unknown,2.0,47796.31,3.0,3.0
1972767,6.0,73.0,70.0,Unknown,2.0,142619.53999999998,4.0,4.0
1370032,9.0,117.0,32.5,Female,2.0,107182.66,7.0,7.0
7812525,5.0,65.0,25.5,Unknown,2.0,23673.34,6.0,6.0
6414469,6.0,81.0,47.5,Unknown,2.0,1336659.3199999998,3.0,4.0
3470734,8.0,97.0,54.5,Unknown,2.0,412473.77,5.0,5.0
1448370,8.0,99.0,24.0,Unknown,2.0,40308.98,1.0,1.0
6159083,15.0,181.0,40.5,Male,2.0,208227.14,4.0,4.0
5257329,8.0,96.0,32.5,Unknown,2.0,28943.63,7.0,7.0
8196687,5.0,64.0,44.5,Unknown,2.0,79985.27,2.0,2.0
2671079,12.0,148.0,56.5,Female,2.0,52349.06,1.0,1.0
3772965,19.0,229.0,34.0,Female,2.0,21835.53,6.0,6.0
9840089,15.0,190.0,29.5,Male,2.0,138623.33000000002,1.0,1.0
8880985,13.0,166.0,48.0,Female,2.0,32418.77,2.0,2.0
4505906,21.0,261.0,55.5,Male,3.0,926598.43,1.0,1.0
5543391,19.0,236.0,37.5,Female,2.0,103362.6,2.0,2.0
9869662,4.0,59.0,25.5,Unknown,2.0,25463.45,5.0,5.0
6564607,6.0,72.0,50.5,Unknown,2.0,20407.3,1.0,1.0
3393143,34.0,409.0,50.5,Female,2.0,75031.57,5.0,5.0
4133510,9.0,118.0,30.0,Male,2.0,28910.55,4.0,4.0
1245878,12.0,152.0,40.5,Female,3.0,60572.130000000005,7.0,7.0
8454320,5.0,60.0,59.5,Unknown,3.0,1660166.12,4.0,4.0
6616160,11.0,138.0,50.5,Male,2.0,25955.02,2.0,2.0
9671473,4.0,56.0,49.5,Male,2.0,19997.36,3.0,3.0
3034669,7.0,84.0,44.5,Unknown,3.0,677083.0800000001,7.0,7.0
1902555,6.0,83.0,20.5,Unknown,4.0,183073.95,4.0,4.0
5196292,5.0,67.0,20.5,Unknown,3.0,68424.79999999999,7.0,7.0
3198270,14.0,170.0,37.0,Male,2.0,36934.55,4.0,4.0
3707516,4.0,59.0,16.0,Unknown,2.0,24478.74,5.0,5.0
1602262,13.0,157.0,53.5,Male,2.0,18447.5,2.0,2.0
1738464,5.0,69.0,22.5,Unknown,2.0,41273.16,3.0,3.0
7029810,16.0,199.0,39.5,Female,2.0,812024.0700000001,7.0,7.0
689279,9.0,109.0,55.0,Female,2.0,205448.78,6.0,6.0
8785127,12.0,154.0,60.5,Female,3.0,23244.49,3.0,3.0
6704182,21.0,254.0,45.5,Male,2.0,56454.76,3.0,3.0
5680554,15.0,189.0,36.0,Male,2.0,63013.76999999999,7.0,7.0
4263538,30.0,361.0,56.5,Female,3.0,130148.82,5.0,5.0
4235408,15.0,191.0,58.0,Male,2.0,36225.78999999999,7.0,7.0
6415732,6.0,76.0,24.0,Female,2.0,18426.24,1.0,1.0
8724204,15.0,182.0,50.5,Male,3.0,222742.81,7.0,7.0
4453701,5.0,70.0,56.0,Unknown,2.0,62379.65,2.0,2.0
6013033,4.0,58.0,46.5,Unknown,2.0,35738.6,1.0,1.0
7625159,15.0,183.0,24.5,Male,2.0,26345.61,6.0,6.0
5723877,10.0,128.0,25.0,Male,2.0,81946.75,3.0,3.0
8540828,9.0,119.0,25.0,Female,2.0,53983.58,7.0,7.0
7551923,7.0,91.0,27.0,Unknown,2.0,26250.14,4.0,4.0
4074277,13.0,166.0,39.0,Female,3.0,31204.5,4.0,4.0
371053,8.0,102.0,56.0,Unknown,2.0,56802.83,6.0,6.0
5632328,7.0,87.0,58.5,Unknown,2.0,33790.99,4.0,4.0
8627863,20.0,246.0,60.5,Male,2.0,1279043.7,5.0,5.0
5550103,7.0,85.0,32.0,Unknown,3.0,125491.7,2.0,2.0
656919,15.0,190.0,32.0,Female,2.0,138570.78999999998,7.0,7.0
8967844,6.0,75.0,50.5,Unknown,2.0,59881.48999999999,7.0,7.0
8279832,5.0,64.0,17.5,Unknown,2.0,77759.7,7.0,7.0
67882,9.0,115.0,41.5,Female,4.0,180275.42,3.0,3.0
9379518,9.0,111.0,68.0,Female,2.0,144074.66,2.0,3.0
6344956,4.0,50.0,32.0,Unknown,3.0,47843.06,7.0,7.0
7626790,13.0,156.0,43.0,Male,2.0,52022.61,1.0,1.0
3502937,5.0,71.0,72.0,Unknown,2.0,407497.59,6.0,6.0
4903209,20.0,248.0,22.5,Female,3.0,151369.52999999997,3.0,3.0
4414043,20.0,241.0,47.5,Unknown,2.0,132636.44,7.0,7.0
7870795,19.0,237.0,54.5,Female,2.0,105023.8,6.0,6.0
3660286,15.0,190.0,34.0,Male,2.0,24360.61,3.0,3.0
7451771,5.0,68.0,55.5,Male,3.0,878160.06,4.0,4.0
4154463,13.0,157.0,25.0,Male,2.0,57208.56,4.0,4.0
5845012,8.0,106.0,25.5,Male,2.0,474706.16,5.0,5.0
1831005,16.0,194.0,43.0,Female,2.0,54912.77,1.0,1.0
7636746,6.0,78.0,37.0,Unknown,2.0,69520.29000000001,1.0,1.0
2625589,15.0,180.0,64.5,Male,2.0,869605.89,2.0,3.0
1592701,11.0,134.0,21.0,Male,2.0,21694.56,3.0,3.0
6054378,14.0,175.0,70.5,Female,2.0,183119.06,3.0,3.0
4852035,5.0,60.0,32.5,Unknown,2.0,19040.49,6.0,6.0
7773323,27.0,333.0,79.5,Female,2.0,112862.39,6.0,6.0
6349383,12.0,152.0,50.5,Male,2.0,19010.82,5.0,5.0
9868571,9.0,116.0,48.0,Female,2.0,24270.95,7.0,7.0
8041577,14.0,175.0,66.5,Female,2.0,93100.01,4.0,4.0
1777383,14.0,172.0,37.0,Female,2.0,31147.660000000003,3.0,3.0
6260191,7.0,95.0,31.5,Unknown,2.0,38093.75,7.0,7.0
1700080,15.0,180.0,45.0,Female,2.0,41339.37,7.0,7.0
7264882,9.0,111.0,30.0,Male,2.0,50278.99,7.0,7.0
8846342,26.0,317.0,75.0,Female,3.0,179206.45,6.0,7.0
1872502,25.0,303.0,54.5,Female,3.0,148849.47999999998,6.0,6.0
1316910,22.0,268.0,63.5,Female,2.0,43160.17999999999,4.0,4.0
4887293,21.0,259.0,41.0,Female,2.0,66727.9,4.0,4.0
631488,8.0,97.0,55.5,Unknown,2.0,97790.85,3.0,3.0
6361643,6.0,72.0,26.0,Unknown,2.0,54737.31,4.0,4.0
9914310,5.0,71.0,20.5,Unknown,2.0,28837.71,7.0,7.0
9545101,11.0,140.0,31.5,Male,2.0,37848.97,7.0,7.0
2378803,7.0,85.0,29.5,Unknown,3.0,93904.93,7.0,7.0
2195073,12.0,155.0,39.0,Unknown,3.0,97367.39,7.0,7.0
3003660,4.0,55.0,61.5,Female,2.0,215426.82,4.0,4.0
4770422,13.0,162.0,56.5,Male,2.0,28758.25,2.0,2.0
6944526,13.0,164.0,53.5,Female,2.0,23907.48,1.0,1.0
7572607,8.0,105.0,61.5,Female,2.0,28644.68,1.0,1.0
1362613,8.0,106.0,51.0,Male,2.0,32210.79,3.0,3.0
5551091,7.0,85.0,32.0,Unknown,2.0,19191.35,2.0,2.0
2525735,6.0,83.0,62.0,Unknown,2.0,58456.34,6.0,6.0
4496122,5.0,65.0,24.5,Male,2.0,32149.03,7.0,7.0
1760627,8.0,100.0,50.5,Unknown,2.0,84032.62,2.0,2.0
1344813,39.0,479.0,58.5,Male,6.0,343093.83,7.0,7.0
6457511,5.0,60.0,50.0,Unknown,2.0,14988.649999999998,4.0,4.0
8634384,24.0,288.0,51.5,Female,3.0,48099.26,6.0,6.0
567142,21.0,257.0,15.0,Male,4.0,26666.52,6.0,6.0
3863319,13.0,156.0,28.5,Female,2.0,82476.49,5.0,5.0
3719074,16.0,194.0,39.5,Female,2.0,19578.39,5.0,5.0
5580076,14.0,168.0,28.5,Male,3.0,86062.38,6.0,6.0
2026981,10.0,125.0,28.5,Female,2.0,38284.9,7.0,7.0
1715445,5.0,64.0,23.5,Unknown,2.0,40848.81,5.0,5.0
7138373,32.0,395.0,65.0,Female,3.0,385898.06,6.0,6.0
8872780,9.0,109.0,56.0,Male,2.0,425534.77,3.0,3.0
8214297,9.0,116.0,37.5,Female,2.0,72141.12,3.0,3.0
6759813,9.0,117.0,62.0,Female,2.0,76394.98999999999,2.0,2.0
7349533,15.0,181.0,50.0,Male,2.0,136213.18,7.0,7.0
326869,5.0,62.0,21.0,Male,2.0,29522.55,7.0,7.0
532759,5.0,60.0,28.5,Unknown,3.0,152089.84000000003,7.0,7.0
8944588,11.0,136.0,44.0,Female,2.0,189040.91,4.0,4.0
1855253,7.0,94.0,30.0,Unknown,3.0,88556.49,7.0,7.0
7621462,5.0,71.0,57.0,Male,2.0,152194.27999999997,2.0,2.0
8833365,12.0,145.0,25.0,Male,2.0,13859.23,3.0,3.0
8063618,16.0,203.0,60.5,Female,2.0,54456.77,4.0,5.0
4793670,10.0,126.0,31.0,Female,2.0,16003.919999999998,3.0,3.0
8364236,9.0,119.0,55.0,Female,2.0,100594.26,2.0,2.0
4538256,22.0,266.0,68.0,Female,4.0,717312.0700000001,7.0,7.0
5215504,21.0,252.0,42.0,Male,2.0,42140.58,7.0,7.0
4149676,18.0,221.0,37.0,Unknown,2.0,197678.61,6.0,6.0
6743983,55.0,668.0,46.0,Female,2.0,962741.2,6.0,6.0
9562541,15.0,191.0,44.0,Unknown,2.0,824027.3200000001,6.0,6.0
3666256,33.0,397.0,68.5,Male,4.0,378232.11,7.0,7.0
8083491,8.0,102.0,25.0,Unknown,3.0,52893.97,3.0,3.0
4548536,10.0,126.0,72.5,Female,2.0,92160.85,4.0,4.0
9378753,4.0,58.0,31.0,Unknown,2.0,40425.71,1.0,1.0
6968089,24.0,295.0,71.5,Female,2.0,733718.9600000001,4.0,4.0
4683888,5.0,69.0,68.0,Unknown,2.0,153186.3,4.0,4.0
3795769,20.0,248.0,56.5,Female,2.0,18262.53,1.0,1.0
141876,10.0,122.0,42.0,Male,3.0,946625.0,7.0,7.0
5097262,13.0,163.0,59.5,Female,2.0,74567.23999999999,3.0,3.0
8399697,9.0,108.0,51.5,Female,2.0,57842.16,7.0,7.0
5167942,4.0,58.0,47.0,Unknown,2.0,25738.17,1.0,1.0
9365918,13.0,160.0,41.0,Male,2.0,62586.84,7.0,7.0
3294302,7.0,89.0,49.5,Unknown,2.0,208916.31,1.0,1.0
8608634,7.0,94.0,36.5,Unknown,2.0,25956.79,3.0,3.0
3631949,18.0,216.0,45.0,Male,2.0,96965.89,4.0,4.0
942482,7.0,92.0,21.5,Unknown,2.0,30808.42,2.0,2.0
1707092,16.0,198.0,49.0,Female,2.0,71177.56,2.0,2.0
9560304,16.0,192.0,29.5,Male,3.0,84962.68,7.0,7.0
8778830,5.0,65.0,23.5,Unknown,2.0,15038.12,1.0,1.0
4037890,12.0,153.0,22.5,Male,2.0,165728.95,2.0,2.0
2977762,24.0,295.0,35.0,Female,2.0,20273.48,5.0,5.0
2505548,14.0,179.0,28.0,Female,2.0,105908.6,4.0,4.0
3760156,4.0,59.0,48.5,Unknown,2.0,15573.929999999997,1.0,1.0
4523997,15.0,188.0,30.5,Male,2.0,154835.22999999998,1.0,1.0
7380616,15.0,186.0,33.0,Male,3.0,750164.13,6.0,6.0
3408204,9.0,110.0,40.0,Female,2.0,23499.46,6.0,6.0
9537177,6.0,78.0,36.0,Unknown,2.0,38841.66,2.0,2.0
269001,4.0,53.0,30.0,Male,3.0,103463.45,6.0,7.0
4410887,6.0,79.0,24.0,Unknown,2.0,15124.919999999998,5.0,5.0
943995,8.0,106.0,52.5,Male,2.0,16250.989999999998,3.0,3.0
424715,17.0,204.0,39.0,Male,3.0,318050.14,7.0,7.0
2259266,7.0,92.0,35.5,Unknown,2.0,40143.08,2.0,2.0
6840556,15.0,188.0,55.0,Male,2.0,59018.4,7.0,7.0
1550937,6.0,81.0,22.0,Unknown,2.0,49755.56,4.0,4.0
8342878,21.0,263.0,72.0,Male,3.0,129635.59,4.0,4.0
5213365,21.0,257.0,42.5,Unknown,4.0,1052600.28,6.0,6.0
9272641,18.0,217.0,32.5,Male,3.0,55625.61,1.0,1.0
2644765,17.0,215.0,53.0,Female,2.0,20020.82,1.0,1.0
258854,17.0,206.0,31.5,Male,4.0,499329.32,3.0,4.0
5898951,12.0,149.0,56.0,Male,2.0,349589.65,7.0,7.0
7093063,6.0,77.0,54.5,Unknown,2.0,261449.02,7.0,7.0
6843169,15.0,190.0,46.5,Female,2.0,23063.8,6.0,6.0
5896960,15.0,186.0,23.0,Male,2.0,18878.71,3.0,3.0
65569,6.0,79.0,21.5,Unknown,2.0,16642.01,1.0,1.0
1040502,13.0,167.0,39.5,Male,2.0,43089.85,1.0,1.0
7029775,21.0,252.0,49.0,Male,2.0,312438.48,7.0,7.0
4993308,15.0,190.0,32.0,Female,2.0,120970.28,1.0,1.0
9185734,14.0,178.0,62.0,Female,2.0,32324.73,7.0,7.0
2562909,5.0,65.0,22.0,Unknown,2.0,24149.68,6.0,7.0
3196888,5.0,70.0,38.0,Unknown,2.0,32435.7,4.0,4.0
9738291,7.0,94.0,64.5,Unknown,2.0,29263.96,4.0,5.0
7554199,9.0,118.0,40.5,Male,2.0,113827.49,5.0,5.0
5697082,7.0,95.0,45.0,Unknown,2.0,370361.75,7.0,7.0
5550122,22.0,273.0,53.0,Male,3.0,52920.18,7.0,7.0
5017895,21.0,260.0,22.0,Female,2.0,15151.3,1.0,1.0
6916931,18.0,227.0,77.0,Male,2.0,189331.23,6.0,6.0
5409756,12.0,153.0,60.0,Female,2.0,77025.62,7.0,7.0
6443333,8.0,106.0,27.0,Male,2.0,28261.24,3.0,3.0
9140364,11.0,132.0,35.0,Male,3.0,106378.05,7.0,7.0
2501768,5.0,60.0,24.5,Unknown,3.0,47637.53,7.0,7.0
9691617,17.0,214.0,62.5,Female,2.0,77909.66,5.0,5.0
4706844,5.0,65.0,32.5,Unknown,3.0,25121.509999999995,4.0,4.0
8296107,14.0,179.0,36.0,Female,3.0,47159.45,4.0,4.0
9617657,10.0,131.0,47.0,Unknown,2.0,32494.63,7.0,7.0
9110910,6.0,75.0,29.5,Unknown,3.0,20829.78,6.0,6.0
2200430,14.0,173.0,62.5,Female,3.0,357896.35,6.0,6.0
5700580,12.0,149.0,36.5,Male,2.0,49133.57,7.0,7.0
4093816,11.0,142.0,62.5,Male,2.0,79302.35,3.0,3.0
6811875,23.0,276.0,41.0,Male,3.0,416594.54,7.0,7.0
1685100,19.0,229.0,41.0,Male,2.0,570122.8300000001,2.0,3.0
4516464,4.0,58.0,53.0,Unknown,2.0,30243.96,1.0,1.0
1080694,34.0,419.0,60.0,Male,2.0,230333.33,7.0,7.0
5931695,14.0,176.0,50.5,Male,2.0,19907.1,3.0,3.0
9472925,31.0,373.0,66.5,Male,3.0,316432.88,4.0,4.0
7650359,5.0,70.0,49.0,Unknown,3.0,40703.08,1.0,1.0
762656,5.0,61.0,63.5,Unknown,2.0,161496.57,3.0,3.0
9519680,13.0,158.0,66.0,Male,2.0,588009.3,7.0,7.0
9432011,6.0,82.0,22.0,Unknown,2.0,17034.5,1.0,1.0
2116095,17.0,210.0,54.0,Unknown,2.0,118469.31,7.0,7.0
8896724,12.0,154.0,27.0,Male,2.0,55719.82000000001,7.0,7.0
1599957,14.0,177.0,55.0,Female,2.0,49754.05,4.0,5.0
4305144,5.0,67.0,23.5,Unknown,2.0,27729.64,5.0,5.0
9042902,10.0,128.0,63.5,Male,2.0,91811.28,1.0,1.0
3078815,6.0,78.0,24.5,Unknown,2.0,20882.99,1.0,1.0
4097955,3.0,47.0,68.5,Unknown,2.0,188771.31,6.0,6.0
1625683,6.0,72.0,30.0,Unknown,3.0,40552.21,5.0,5.0
2411705,8.0,96.0,53.0,Unknown,2.0,158107.16999999998,7.0,7.0
7750161,24.0,298.0,41.5,Male,3.0,152032.58000000002,6.0,6.0
7939252,24.0,292.0,28.0,Male,2.0,32417.009999999995,5.0,5.0
1237290,22.0,271.0,52.5,Male,2.0,1307878.94,6.0,6.0
6185680,6.0,83.0,22.5,Unknown,3.0,54689.07,7.0,7.0
9922717,28.0,344.0,33.5,Female,2.0,214158.11,4.0,4.0
8019246,13.0,156.0,65.5,Male,2.0,49226.04,4.0,4.0
6164609,4.0,57.0,21.0,Female,2.0,23989.74,5.0,6.0
5724698,16.0,192.0,84.0,Female,2.0,19638.46,2.0,2.0
2094125,6.0,75.0,51.5,Female,2.0,19072.37,2.0,2.0
5866376,29.0,358.0,56.5,Female,3.0,54670.23,4.0,5.0
9552143,10.0,123.0,71.5,Male,2.0,92652.99,7.0,7.0
5079176,15.0,190.0,48.5,Female,2.0,135860.07,5.0,5.0
3866040,4.0,59.0,55.0,Unknown,2.0,48452.85,7.0,7.0
9876578,14.0,171.0,43.5,Female,2.0,45217.86,1.0,1.0
2857943,6.0,74.0,44.5,Unknown,2.0,29651.0,2.0,2.0
2884750,15.0,189.0,60.5,Male,2.0,266395.41,7.0,7.0
2758032,8.0,96.0,33.0,Male,2.0,84024.15,7.0,7.0
709910,14.0,168.0,52.5,Male,2.0,139815.65,2.0,2.0
3495218,9.0,114.0,60.0,Male,2.0,18194.24,6.0,6.0
8451092,8.0,104.0,57.5,Male,2.0,253554.18,2.0,2.0
4923762,16.0,192.0,54.0,Female,2.0,63719.82000000001,3.0,3.0
7454274,12.0,155.0,51.5,Female,2.0,311310.48,2.0,2.0
1867750,24.0,293.0,51.5,Male,4.0,2136035.0,7.0,7.0
4106495,23.0,276.0,53.5,Male,3.0,1039676.88,7.0,7.0
4382556,22.0,274.0,36.5,Female,2.0,22589.34,2.0,2.0
4038734,22.0,267.0,44.5,Male,2.0,18296.2,3.0,3.0
5548823,21.0,255.0,53.0,Female,2.0,303206.52,5.0,5.0
3056408,19.0,228.0,48.0,Male,3.0,48936.46,3.0,3.0
3516506,18.0,216.0,51.0,Female,2.0,52376.48,6.0,6.0
2900151,7.0,93.0,25.5,Unknown,2.0,121589.14,7.0,7.0
4039395,5.0,66.0,16.0,Female,2.0,16803.0,2.0,2.0
3902030,13.0,159.0,64.0,Male,2.0,93949.23,2.0,2.0
7975484,6.0,72.0,22.5,Unknown,2.0,15662.039999999995,2.0,2.0
8840870,13.0,157.0,55.0,Male,3.0,38019.71,3.0,3.0
7420821,9.0,108.0,31.0,Female,3.0,77691.91,5.0,5.0
6849544,14.0,173.0,30.0,Unknown,2.0,47061.29,1.0,1.0
7894297,12.0,150.0,40.5,Female,2.0,135053.21,3.0,3.0
4974272,14.0,178.0,57.0,Male,2.0,76029.68,3.0,3.0
4662567,16.0,195.0,60.5,Female,2.0,183861.53,5.0,5.0
3167920,4.0,58.0,21.5,Unknown,3.0,42645.64,6.0,6.0
6434122,15.0,187.0,69.0,Unknown,3.0,3694377.4,7.0,7.0
9389092,11.0,140.0,24.5,Male,2.0,30595.92,7.0,7.0
8779287,11.0,142.0,62.0,Female,2.0,469180.96,7.0,7.0
4055655,10.0,120.0,57.0,Female,3.0,68599.48999999999,7.0,7.0
388280,16.0,195.0,51.0,Female,2.0,23877.31,1.0,1.0
6468,6.0,72.0,50.5,Unknown,2.0,38649.71,5.0,5.0
781752,15.0,186.0,37.5,Female,2.0,35481.73,7.0,7.0
4962345,16.0,198.0,73.0,Female,2.0,64654.22,6.0,6.0
2601920,20.0,243.0,37.0,Female,2.0,183772.49,6.0,7.0
478912,19.0,238.0,57.0,Female,2.0,18030.46,7.0,7.0
1223089,31.0,377.0,60.0,Female,2.0,75239.31,6.0,6.0
2376317,14.0,178.0,51.0,Female,2.0,17912.85,3.0,3.0
683138,6.0,83.0,41.0,Unknown,2.0,34316.99,4.0,4.0
4315988,10.0,129.0,63.0,Female,2.0,492314.91,2.0,2.0
2419037,10.0,131.0,43.0,Female,3.0,104205.21,3.0,3.0
9889635,9.0,118.0,55.0,Male,5.0,72711.70999999999,7.0,7.0
4896479,7.0,94.0,23.0,Unknown,2.0,78074.98999999999,3.0,3.0
625809,6.0,76.0,52.0,Unknown,2.0,45604.45,2.0,2.0
2649482,5.0,70.0,28.0,Unknown,2.0,35663.61,3.0,3.0
1016785,11.0,142.0,36.5,Female,3.0,58107.25,1.0,1.0
243666,14.0,174.0,47.5,Male,2.0,14028.3,1.0,1.0
6576710,16.0,195.0,53.5,Female,2.0,21076.26,6.0,6.0
2197533,8.0,105.0,28.0,Female,2.0,35614.88,6.0,6.0
368274,6.0,74.0,30.5,Unknown,3.0,30717.84,3.0,3.0
3642769,11.0,141.0,40.5,Male,3.0,137920.16,4.0,4.0
3427324,30.0,371.0,51.5,Male,3.0,532220.54,7.0,7.0
5588821,23.0,277.0,51.0,Female,2.0,16808.85,1.0,1.0
336402,21.0,261.0,43.0,Unknown,3.0,121449.16,3.0,3.0
2639341,19.0,236.0,45.5,Female,3.0,608319.3400000001,7.0,7.0
5423842,15.0,190.0,24.5,Male,2.0,80791.05,2.0,2.0
9737625,4.0,58.0,39.5,Unknown,3.0,25627.119999999995,1.0,1.0
8231029,11.0,133.0,56.0,Male,2.0,15653.03,3.0,3.0
466820,5.0,66.0,30.5,Unknown,2.0,15135.419999999998,3.0,3.0
3507183,5.0,68.0,28.0,Female,2.0,38664.21,3.0,3.0
1411846,5.0,65.0,31.5,Unknown,2.0,46381.36,5.0,5.0
8354831,15.0,180.0,37.0,Female,3.0,63483.20999999999,4.0,4.0
6784180,5.0,70.0,22.0,Unknown,2.0,16928.489999999998,3.0,3.0
7851201,5.0,67.0,30.5,Unknown,3.0,207031.55,6.0,7.0
977631,6.0,77.0,26.5,Unknown,2.0,21395.37,2.0,2.0
653691,6.0,73.0,22.0,Unknown,2.0,15165.53,1.0,1.0
956385,17.0,207.0,75.0,Male,3.0,160523.18,3.0,3.0
6125218,25.0,310.0,60.5,Unknown,2.0,279015.74,3.0,3.0
5038623,11.0,142.0,39.0,Male,2.0,62607.45999999999,1.0,1.0
8773286,29.0,348.0,60.5,Male,2.0,15389.449999999995,2.0,2.0
3707191,22.0,274.0,37.0,Male,2.0,19186.4,2.0,2.0
3653598,22.0,271.0,30.5,Male,2.0,49282.12,2.0,3.0
8393384,21.0,261.0,18.5,Unknown,2.0,14621.629999999996,7.0,7.0
4970015,20.0,242.0,56.5,Male,2.0,16191.649999999998,3.0,3.0
5352283,26.0,323.0,70.0,Female,3.0,138543.47999999998,1.0,2.0
5823496,7.0,90.0,48.0,Female,3.0,375287.34,6.0,6.0
9127505,3.0,39.0,42.5,Unknown,3.0,60073.75,5.0,5.0
8362367,11.0,142.0,41.5,Male,2.0,34818.92,6.0,6.0
9860011,6.0,77.0,62.5,Unknown,2.0,87259.33,1.0,1.0
990425,14.0,176.0,65.0,Male,3.0,442507.12,7.0,7.0
7895680,18.0,218.0,65.0,Male,3.0,1474241.21,7.0,7.0
827857,15.0,189.0,50.0,Male,4.0,79479.34999999999,7.0,7.0
6871155,10.0,124.0,66.5,Female,2.0,39354.16,1.0,3.0
8884047,6.0,73.0,26.0,Unknown,2.0,35822.09,7.0,7.0
4016449,12.0,150.0,57.0,Male,2.0,186048.06,5.0,6.0
8119485,13.0,160.0,28.5,Female,3.0,23198.09,1.0,1.0
238148,15.0,189.0,54.5,Male,2.0,21383.24,4.0,4.0
8958612,4.0,59.0,53.0,Unknown,2.0,20975.14,3.0,3.0
837742,15.0,188.0,52.0,Female,2.0,206549.52,2.0,2.0
5501644,5.0,66.0,22.0,Unknown,3.0,82608.04,7.0,7.0
4065953,6.0,74.0,22.0,Unknown,2.0,29230.64,7.0,7.0
6868807,15.0,191.0,67.0,Female,2.0,61177.57000000001,7.0,7.0
4871893,24.0,288.0,49.0,Male,2.0,157174.01,7.0,7.0
8915182,21.0,252.0,25.0,Male,2.0,78611.64,1.0,1.0
4870339,17.0,213.0,60.5,Male,3.0,64280.81,7.0,7.0
343142,4.0,57.0,56.5,Unknown,2.0,45245.78,7.0,7.0
5062669,7.0,93.0,25.0,Unknown,4.0,166046.74,7.0,7.0
3653115,11.0,138.0,27.0,Female,2.0,23150.619999999995,2.0,2.0
7569607,8.0,96.0,26.0,Unknown,2.0,53785.97,4.0,4.0
374872,7.0,94.0,30.0,Unknown,4.0,923910.42,7.0,7.0
3815641,28.0,341.0,45.5,Female,2.0,35361.44,7.0,7.0
1659486,8.0,106.0,30.5,Male,2.0,133342.69,5.0,5.0
1854818,4.0,57.0,31.5,Unknown,3.0,177602.96999999997,7.0,7.0
7875918,27.0,327.0,39.5,Male,2.0,133766.4,2.0,2.0
1226259,5.0,70.0,48.0,Unknown,2.0,22797.64,1.0,1.0
5554412,5.0,65.0,43.5,Unknown,2.0,23664.63,6.0,6.0
1513754,8.0,102.0,27.0,Unknown,2.0,60646.26,2.0,2.0
9502569,12.0,146.0,27.5,Female,2.0,25114.96,2.0,2.0
582789,7.0,95.0,23.0,Unknown,2.0,28229.009999999995,7.0,7.0
2584356,15.0,181.0,48.0,Male,2.0,25860.369999999995,6.0,6.0
2528508,11.0,140.0,64.5,Female,3.0,231319.97,7.0,7.0
8781837,13.0,167.0,38.0,Male,2.0,204977.69,5.0,5.0
6517324,31.0,372.0,61.5,Male,3.0,350690.04,6.0,6.0
1215071,21.0,254.0,71.0,Female,2.0,177215.41999999998,7.0,7.0
3307283,17.0,208.0,18.5,Male,2.0,38259.55,2.0,2.0
3757550,12.0,149.0,39.5,Female,2.0,109981.04,2.0,2.0
3386682,10.0,124.0,22.5,Female,2.0,36201.94,3.0,3.0
7864917,11.0,133.0,58.0,Female,2.0,116003.89,2.0,2.0
8754457,10.0,121.0,19.5,Male,2.0,76036.6,7.0,7.0
8837337,26.0,321.0,51.5,Female,2.0,57547.0,1.0,1.0
9623314,8.0,101.0,56.5,Unknown,2.0,16866.8,3.0,3.0
1088700,16.0,203.0,43.5,Male,2.0,17469.18,3.0,3.0
2229327,15.0,188.0,61.0,Male,2.0,173831.07,6.0,6.0
1211635,13.0,166.0,53.0,Female,2.0,79268.01,1.0,1.0
3617216,13.0,163.0,64.5,Female,2.0,220491.82,2.0,2.0
3756975,5.0,70.0,34.5,Unknown,2.0,52588.44,7.0,7.0
8350651,17.0,205.0,50.0,Male,2.0,17831.329999999998,3.0,3.0
774624,6.0,72.0,21.0,Male,2.0,20830.83,2.0,2.0
5455831,4.0,58.0,25.5,Unknown,2.0,16401.829999999998,2.0,2.0
8340233,5.0,70.0,64.0,Unknown,2.0,146405.8,7.0,7.0
8037016,8.0,97.0,41.5,Unknown,2.0,20894.09,1.0,1.0
7089444,4.0,59.0,21.5,Unknown,2.0,42656.24,5.0,6.0
285690,11.0,142.0,69.5,Female,2.0,62613.92,7.0,7.0
3459221,4.0,58.0,54.0,Unknown,3.0,94512.31,4.0,4.0
8251506,25.0,300.0,51.0,Male,2.0,187034.11,6.0,6.0
514101,8.0,100.0,23.0,Unknown,2.0,37124.48,5.0,5.0
4538816,12.0,147.0,47.5,Unknown,2.0,127843.03999999998,5.0,5.0
2012132,9.0,108.0,37.0,Female,2.0,47173.62,2.0,2.0
166042,6.0,80.0,21.5,Unknown,2.0,44500.63,7.0,7.0
7403990,4.0,59.0,24.5,Unknown,2.0,46323.6,7.0,7.0
4665524,16.0,195.0,52.0,Female,2.0,29626.55,2.0,2.0
4068000,7.0,85.0,22.5,Unknown,2.0,16921.07,3.0,3.0
7101348,7.0,95.0,32.5,Unknown,2.0,32269.89,2.0,2.0
1595452,27.0,334.0,23.0,Female,4.0,38654.91,3.0,3.0
6926094,31.0,375.0,61.5,Male,3.0,163392.71000000002,6.0,6.0
1143252,23.0,281.0,53.0,Female,2.0,57393.65,6.0,6.0
9727923,13.0,156.0,23.5,Male,2.0,82133.01,5.0,5.0
4242329,38.0,459.0,57.0,Male,3.0,437263.48,6.0,6.0
4054923,24.0,295.0,67.0,Female,3.0,1626554.48,7.0,7.0
5324960,20.0,242.0,44.5,Female,2.0,405070.27,4.0,4.0
5078179,18.0,227.0,54.5,Male,4.0,520914.94000000006,7.0,7.0
552392,18.0,226.0,30.0,Male,3.0,180375.01,6.0,6.0
5349653,6.0,83.0,51.5,Unknown,2.0,36503.64,2.0,2.0
2307406,15.0,189.0,48.0,Male,2.0,57714.94,7.0,7.0
4954371,4.0,56.0,45.5,Male,2.0,332212.34,6.0,6.0
2443169,6.0,73.0,47.5,Unknown,3.0,50956.58,3.0,3.0
5242815,16.0,198.0,67.5,Female,2.0,277782.22,2.0,2.0
2957915,6.0,75.0,71.5,Unknown,2.0,124787.36,6.0,6.0
9853957,11.0,136.0,48.5,Male,3.0,1055634.46,3.0,3.0
7664307,9.0,115.0,21.5,Male,3.0,118686.19,7.0,7.0
5112384,21.0,260.0,48.0,Unknown,2.0,36820.48,2.0,2.0
7815035,16.0,201.0,25.5,Female,2.0,19825.03,2.0,2.0
7298020,21.0,253.0,58.0,Unknown,2.0,221911.45,7.0,7.0
2465190,15.0,184.0,57.0,Male,2.0,22373.05,6.0,6.0
1594591,10.0,127.0,22.5,Male,2.0,21410.33,5.0,5.0
5218305,10.0,120.0,23.5,Female,2.0,41230.22,2.0,2.0
2044547,14.0,179.0,28.5,Female,2.0,224449.33,5.0,5.0
9196293,16.0,195.0,70.5,Male,2.0,779830.9800000001,6.0,6.0
3969166,16.0,202.0,66.5,Female,2.0,52514.07,5.0,5.0
8436231,14.0,177.0,16.0,Female,2.0,33122.23,7.0,7.0
9841591,14.0,175.0,31.5,Female,3.0,74810.48,7.0,7.0
76222,13.0,165.0,22.5,Female,2.0,37158.25,7.0,7.0
2107520,13.0,157.0,23.0,Female,2.0,49045.65,2.0,2.0
233552,14.0,172.0,55.5,Unknown,2.0,308142.04,6.0,6.0
4618067,13.0,161.0,24.5,Male,2.0,42134.28999999999,5.0,5.0
9257744,3.0,47.0,70.0,Unknown,2.0,27664.74,2.0,2.0
8392994,5.0,64.0,53.0,Unknown,2.0,23457.29,2.0,2.0
3461515,12.0,153.0,27.0,Female,2.0,23355.77,1.0,1.0
5916424,3.0,44.0,21.0,Unknown,2.0,25691.21,1.0,1.0
8692203,7.0,84.0,23.5,Unknown,4.0,183076.65,7.0,7.0
8000339,6.0,83.0,52.5,Unknown,2.0,70869.29999999999,3.0,3.0
1527320,12.0,150.0,57.5,Female,2.0,39310.31,6.0,6.0
1466300,23.0,286.0,39.5,Female,3.0,111407.15,5.0,5.0
5246683,32.0,385.0,63.0,Male,2.0,54618.97,5.0,5.0
6844977,21.0,255.0,53.0,Male,2.0,120697.8,2.0,2.0
98968,20.0,243.0,47.5,Female,2.0,74937.15,3.0,4.0
4469622,6.0,82.0,54.0,Unknown,2.0,27286.74,2.0,2.0
8657245,11.0,135.0,80.0,Female,2.0,126072.97999999998,2.0,2.0
5948345,6.0,83.0,23.5,Unknown,3.0,67349.34,7.0,7.0
7830156,8.0,97.0,58.5,Unknown,2.0,78038.6,2.0,2.0
7815841,4.0,53.0,22.0,Unknown,2.0,15747.359999999995,4.0,4.0
5725063,8.0,96.0,42.0,Unknown,2.0,75624.43,1.0,1.0
3673883,11.0,136.0,45.0,Female,2.0,30558.75,4.0,4.0
4943171,9.0,113.0,54.5,Female,3.0,1380590.5,6.0,6.0
2556691,23.0,278.0,54.0,Female,2.0,32537.050000000003,1.0,1.0
1421011,12.0,145.0,45.0,Female,2.0,39995.7,2.0,2.0
1648313,10.0,120.0,34.5,Unknown,2.0,49972.26,4.0,4.0
6167750,6.0,81.0,65.5,Unknown,2.0,68811.53,6.0,6.0
3630051,12.0,154.0,28.5,Male,2.0,78028.88,7.0,7.0
1584764,4.0,51.0,64.0,Unknown,2.0,123185.26,3.0,3.0
897055,24.0,297.0,56.5,Female,2.0,87631.3,1.0,1.0
1064652,22.0,271.0,60.5,Female,2.0,29798.92,1.0,1.0
2841295,18.0,217.0,57.5,Male,4.0,207653.06,5.0,5.0
2523006,17.0,214.0,58.5,Female,3.0,26041.33,3.0,3.0
8807992,6.0,82.0,26.0,Unknown,3.0,230968.96,7.0,7.0
3562416,5.0,66.0,30.5,Unknown,2.0,39945.19,1.0,1.0
6757023,5.0,67.0,27.0,Unknown,2.0,137623.21,4.0,4.0
1982728,6.0,77.0,69.5,Unknown,2.0,45828.95,7.0,7.0
945502,4.0,59.0,31.5,Unknown,2.0,21948.24,7.0,7.0
1214679,15.0,182.0,36.0,Female,2.0,63068.95,7.0,7.0
7961228,13.0,159.0,41.0,Male,2.0,40037.72,1.0,1.0
4571361,9.0,110.0,56.0,Male,2.0,52707.08,6.0,6.0
2826826,6.0,82.0,20.5,Unknown,2.0,20460.31,1.0,1.0
6685606,17.0,212.0,56.5,Male,3.0,32532.54,6.0,6.0
3153207,19.0,235.0,46.5,Male,2.0,205311.23,1.0,1.0
5951432,11.0,135.0,54.5,Male,2.0,17976.859999999997,5.0,5.0
3556077,24.0,295.0,59.0,Male,2.0,218412.79,3.0,3.0
4923151,23.0,286.0,24.5,Female,2.0,81539.70999999999,3.0,3.0
8403544,21.0,261.0,45.5,Male,2.0,166764.34000000003,3.0,3.0
7435458,21.0,253.0,62.0,Male,3.0,278900.67,7.0,7.0
8749074,21.0,255.0,53.0,Female,3.0,54169.33,3.0,4.0
4955616,19.0,238.0,15.0,Male,2.0,34682.67999999999,4.0,4.0
4263192,8.0,107.0,47.5,Female,2.0,62226.42,6.0,6.0
9538471,27.0,325.0,56.0,Female,2.0,173116.09999999998,7.0,7.0
7016930,12.0,154.0,55.0,Female,2.0,66068.03,3.0,3.0
6124266,11.0,143.0,75.5,Female,2.0,107600.52,1.0,1.0
9280197,14.0,179.0,25.5,Male,2.0,35521.98,7.0,7.0
4642618,14.0,171.0,43.5,Female,2.0,65584.35,6.0,6.0
2349341,5.0,64.0,23.5,Unknown,2.0,31616.96,5.0,5.0
2221138,35.0,423.0,60.0,Male,2.0,15673.789999999995,6.0,6.0
2941644,4.0,58.0,59.0,Unknown,2.0,39293.88,7.0,7.0
4025190,13.0,160.0,53.5,Male,2.0,648792.5800000001,7.0,7.0
334207,5.0,64.0,46.5,Unknown,2.0,44683.42,4.0,4.0
6856680,6.0,82.0,29.5,Unknown,2.0,99510.33,4.0,4.0
4884899,16.0,192.0,57.5,Male,2.0,159249.66999999998,7.0,7.0
1936442,3.0,45.0,16.0,Unknown,2.0,14967.879999999996,6.0,6.0
6910209,8.0,96.0,55.5,Unknown,2.0,18879.47,2.0,2.0
2659422,14.0,170.0,62.5,Male,2.0,380570.6,7.0,7.0
1418549,4.0,57.0,25.0,Unknown,2.0,41860.8,7.0,7.0
3889002,5.0,64.0,26.5,Unknown,2.0,55796.95,1.0,1.0
1760984,21.0,258.0,78.0,Female,3.0,394671.17,7.0,7.0
8996383,18.0,226.0,66.0,Female,2.0,25215.31,7.0,7.0
8080921,17.0,213.0,67.5,Female,2.0,24116.869999999995,2.0,2.0
3066044,6.0,81.0,34.0,Unknown,2.0,22450.12,1.0,1.0
9082065,15.0,189.0,50.5,Female,2.0,17420.589999999997,1.0,1.0
4203125,32.0,394.0,64.5,Male,3.0,53287.37,2.0,3.0
42219,5.0,66.0,25.5,Unknown,2.0,42485.08,3.0,3.0
5521606,11.0,132.0,30.5,Male,2.0,142199.81,2.0,2.0
95790,7.0,85.0,23.5,Unknown,2.0,24556.9,1.0,2.0
8158047,11.0,139.0,63.5,Female,2.0,52977.94,7.0,7.0
2248099,5.0,64.0,24.5,Unknown,3.0,15460.609999999995,7.0,7.0
1447550,15.0,188.0,45.0,Female,2.0,772468.5800000001,2.0,2.0
9811704,10.0,122.0,32.0,Female,2.0,125795.26,3.0,3.0
8146764,6.0,73.0,28.5,Unknown,2.0,50073.82,2.0,2.0
7788396,11.0,135.0,52.0,Male,2.0,111257.12,3.0,3.0
4038204,26.0,312.0,68.5,Male,4.0,620245.4400000001,7.0,7.0
3396210,3.0,41.0,50.5,Unknown,2.0,425016.51,1.0,1.0
9862733,21.0,263.0,46.5,Male,3.0,106824.43,7.0,7.0
3019710,21.0,253.0,61.5,Female,2.0,96715.15,3.0,3.0
634906,20.0,240.0,55.0,Male,3.0,234546.13,4.0,4.0
5432066,5.0,70.0,21.0,Unknown,2.0,15190.759999999998,1.0,1.0
5640529,11.0,139.0,45.5,Male,2.0,16728.87,1.0,1.0
1166260,5.0,60.0,14.5,Female,2.0,18044.93,2.0,2.0
6740610,8.0,98.0,24.0,Unknown,2.0,49645.27,7.0,7.0
658636,4.0,54.0,59.5,Female,2.0,166172.56,5.0,5.0
2491174,9.0,117.0,25.5,Female,2.0,17265.92,1.0,1.0
3289905,10.0,124.0,57.5,Male,2.0,14613.16,2.0,2.0
4908299,14.0,168.0,67.5,Male,2.0,211730.8,4.0,4.0
7255711,4.0,53.0,24.0,Unknown,2.0,35411.66,4.0,4.0
1401229,9.0,109.0,27.5,Female,2.0,62989.57000000001,7.0,7.0
4443026,15.0,181.0,31.5,Female,2.0,91668.15,2.0,2.0
5176661,6.0,72.0,23.0,Female,5.0,150465.43,7.0,7.0
8746518,6.0,82.0,23.0,Male,2.0,55155.6,2.0,2.0
6660534,9.0,112.0,45.5,Male,2.0,256525.47,3.0,3.0
7881914,14.0,178.0,33.0,Male,2.0,34874.259999999995,7.0,7.0
9325507,15.0,187.0,63.5,Male,2.0,3006181.35,2.0,2.0
1107016,8.0,105.0,53.5,Male,2.0,205983.07,1.0,1.0
60319,6.0,83.0,36.5,Unknown,2.0,119634.32,2.0,2.0
3861697,6.0,83.0,56.5,Male,2.0,1068256.49,1.0,1.0
8699853,8.0,105.0,31.0,Male,2.0,98591.15,7.0,7.0
7580741,16.0,194.0,55.0,Female,2.0,243979.22,4.0,4.0
9322248,6.0,75.0,63.0,Unknown,2.0,122242.47,2.0,3.0
1511616,6.0,72.0,48.5,Unknown,2.0,45613.05,3.0,3.0
2664345,36.0,441.0,59.5,Female,3.0,335768.37,6.0,6.0
9450132,14.0,172.0,38.5,Unknown,2.0,20660.89,1.0,1.0
2005531,21.0,260.0,54.5,Male,3.0,231958.73,2.0,2.0
9586037,21.0,258.0,43.5,Male,3.0,198282.28,4.0,4.0
8052886,24.0,294.0,65.5,Male,3.0,359758.42,5.0,5.0
5231171,17.0,207.0,50.5,Female,2.0,35158.06,2.0,2.0
8989485,4.0,58.0,26.0,Unknown,2.0,30535.78,1.0,1.0
1859541,6.0,83.0,45.5,Unknown,2.0,25985.44,4.0,5.0
478367,12.0,149.0,22.5,Female,2.0,19277.26,7.0,7.0
8474284,6.0,73.0,21.0,Unknown,3.0,55052.98,6.0,6.0
4916112,6.0,77.0,30.5,Female,2.0,14109.739999999998,4.0,4.0
4817710,6.0,76.0,58.0,Female,2.0,106222.03,1.0,1.0
9020160,9.0,108.0,63.0,Female,1.0,13789.419999999998,2.0,2.0
206594,10.0,122.0,57.0,Female,3.0,57163.7,5.0,5.0
8363600,9.0,109.0,51.0,Male,2.0,149001.90999999997,7.0,7.0
4209435,8.0,97.0,85.5,Unknown,2.0,24564.119999999995,2.0,2.0
8995786,15.0,185.0,49.0,Male,2.0,344791.95,7.0,7.0
5096659,5.0,65.0,46.5,Unknown,2.0,22150.32,4.0,4.0
7534140,12.0,155.0,49.5,Female,2.0,67241.15,4.0,4.0
1502650,8.0,102.0,21.0,Unknown,2.0,62857.600000000006,7.0,7.0
7956555,4.0,59.0,51.5,Unknown,2.0,21505.19,3.0,3.0
5972222,8.0,99.0,58.5,Unknown,2.0,46126.49,3.0,3.0
5415603,6.0,73.0,54.5,Female,2.0,211753.62,6.0,6.0
572154,6.0,80.0,49.5,Unknown,2.0,22658.14,4.0,4.0
3293676,6.0,75.0,28.0,Unknown,2.0,30271.89,4.0,4.0
8657651,24.0,298.0,29.5,Female,2.0,68207.67,7.0,7.0
5500265,22.0,268.0,52.5,Male,2.0,263124.46,1.0,1.0
1015147,19.0,229.0,56.0,Male,2.0,13910.19,7.0,7.0
7189879,17.0,214.0,24.0,Male,2.0,51662.42,7.0,7.0
4882643,8.0,96.0,24.5,Unknown,2.0,23356.64,1.0,1.0
7818682,17.0,208.0,50.0,Female,2.0,61085.380000000005,5.0,5.0
6025429,12.0,148.0,39.5,Male,2.0,117070.19,3.0,3.0
640991,11.0,143.0,20.0,Unknown,2.0,21335.69,3.0,3.0
7393969,16.0,192.0,31.5,Female,2.0,70901.15,2.0,2.0
9554916,9.0,111.0,62.0,Female,2.0,23162.29,3.0,3.0
3598410,14.0,178.0,30.0,Male,3.0,134229.45,7.0,7.0
1215226,9.0,119.0,24.0,Female,2.0,31525.68,4.0,4.0
7394718,12.0,155.0,36.0,Female,3.0,102954.87,7.0,7.0
3716512,28.0,336.0,55.0,Male,3.0,233588.25,7.0,7.0
9690122,38.0,462.0,72.0,Male,3.0,408325.95,7.0,7.0
9499040,8.0,98.0,44.0,Male,2.0,170756.26,1.0,1.0
3778854,16.0,194.0,67.5,Male,3.0,143895.96,4.0,4.0
5184610,11.0,137.0,56.0,Male,3.0,19135.48,2.0,2.0
6381963,14.0,172.0,57.0,Female,2.0,185204.62,1.0,1.0
563997,8.0,99.0,34.0,Female,2.0,156477.63,2.0,2.0
8924432,52.0,631.0,68.5,Female,2.0,32150.11,4.0,4.0
2270007,14.0,174.0,46.5,Female,2.0,79115.06,2.0,2.0
1425617,6.0,75.0,40.0,Unknown,2.0,30330.75,6.0,6.0
6409970,11.0,140.0,28.5,Female,2.0,27313.52,5.0,5.0
620370,7.0,92.0,28.5,Unknown,2.0,15408.669999999998,3.0,3.0
3643041,9.0,108.0,60.5,Female,2.0,39256.52,7.0,7.0
4443582,9.0,119.0,53.0,Female,2.0,19790.01,1.0,2.0
7264338,6.0,78.0,66.0,Unknown,2.0,88906.51,7.0,7.0
6604476,4.0,49.0,49.0,Female,2.0,18487.16,3.0,3.0
5503671,5.0,69.0,36.0,Unknown,2.0,21714.49,1.0,1.0
3866352,13.0,163.0,47.0,Male,2.0,741159.31,5.0,5.0
7005,12.0,155.0,48.5,Male,2.0,24287.54,1.0,1.0
2332957,31.0,381.0,48.5,Male,2.0,227171.09000000003,4.0,4.0
9020806,8.0,101.0,52.0,Male,3.0,121880.86,5.0,5.0
4023444,10.0,120.0,23.0,Female,4.0,118670.46,2.0,2.0
1641174,7.0,85.0,21.5,Unknown,2.0,20593.72,7.0,7.0
7202591,24.0,299.0,60.5,Female,3.0,49016.4,3.0,3.0
5925234,24.0,290.0,16.5,Male,2.0,16697.12,2.0,2.0
295482,20.0,251.0,55.5,Male,4.0,84542.86,4.0,4.0
7699482,19.0,234.0,78.0,Unknown,2.0,64655.84,7.0,7.0
5719878,18.0,222.0,54.5,Female,2.0,285508.02,5.0,5.0
5170496,20.0,251.0,53.0,Male,2.0,44584.08,2.0,2.0
2975853,5.0,66.0,20.5,Unknown,2.0,22354.71,7.0,7.0
9801429,13.0,156.0,49.0,Male,2.0,305380.59,4.0,4.0
3861531,6.0,82.0,54.5,Unknown,2.0,33377.84,7.0,7.0
3795801,15.0,185.0,57.5,Female,2.0,40503.09,5.0,5.0
5800993,5.0,69.0,36.0,Unknown,2.0,34888.67,2.0,2.0
8194996,21.0,253.0,46.0,Female,2.0,24332.96,6.0,6.0
2657385,15.0,189.0,32.5,Female,2.0,36915.23,2.0,2.0
1490340,12.0,146.0,33.5,Male,2.0,24351.34,3.0,3.0
2623651,4.0,59.0,20.5,Unknown,2.0,45944.5,7.0,7.0
3790688,5.0,68.0,25.5,Unknown,2.0,32947.61,7.0,7.0
9653271,15.0,189.0,85.0,Male,2.0,61062.67,1.0,1.0
2679454,8.0,99.0,43.5,Unknown,2.0,23949.73,1.0,1.0
2393250,10.0,121.0,30.5,Male,2.0,99534.53,7.0,7.0
9753340,6.0,82.0,37.5,Male,2.0,42118.44,1.0,1.0
5535064,8.0,106.0,21.5,Male,2.0,32465.259999999995,7.0,7.0
2636526,23.0,277.0,78.0,Male,2.0,161367.53999999998,2.0,2.0
7812971,22.0,274.0,54.0,Male,3.0,189851.46,1.0,2.0
7366507,20.0,250.0,74.0,Female,3.0,209460.16,7.0,7.0
3392769,26.0,316.0,66.5,Female,2.0,18033.3,4.0,4.0
9061591,17.0,206.0,38.0,Unknown,4.0,77366.07,2.0,2.0
741521,26.0,320.0,22.0,Female,2.0,127528.96,7.0,7.0
264060,6.0,72.0,22.0,Unknown,2.0,161981.21999999997,2.0,2.0
6159736,12.0,155.0,44.0,Female,2.0,53510.23,1.0,1.0
4233685,13.0,157.0,32.0,Female,2.0,16909.3,4.0,4.0
7781872,5.0,65.0,18.0,Unknown,2.0,25219.94,1.0,1.0
4051674,12.0,146.0,28.5,Male,3.0,103326.58,7.0,7.0
3700157,4.0,58.0,43.5,Unknown,2.0,210742.75,2.0,2.0
4509879,6.0,77.0,24.5,Unknown,2.0,27098.28,7.0,7.0
5352767,33.0,404.0,70.0,Female,2.0,111250.78,2.0,2.0
6097790,22.0,274.0,46.5,Female,2.0,137880.16,7.0,7.0
1959290,10.0,131.0,34.5,Female,2.0,67416.01,2.0,2.0
9565034,7.0,94.0,63.5,Unknown,3.0,111845.81,3.0,3.0
2038157,8.0,106.0,27.0,Female,2.0,15920.85,2.0,2.0
996622,9.0,110.0,27.0,Female,3.0,35852.53999999999,2.0,2.0
2529748,8.0,107.0,35.5,Male,2.0,78449.34,4.0,4.0
5219252,21.0,262.0,54.0,Female,3.0,1924831.39,7.0,7.0
9753720,12.0,153.0,56.5,Unknown,2.0,36338.86,2.0,2.0
8612150,12.0,153.0,54.5,Female,2.0,24454.58,1.0,1.0
397049,9.0,113.0,33.0,Male,2.0,34900.869999999995,1.0,1.0
3986443,21.0,257.0,41.5,Female,2.0,157496.46000000002,4.0,4.0
3542325,9.0,108.0,27.5,Male,2.0,80423.8,5.0,5.0
65117,5.0,69.0,21.5,Unknown,4.0,165918.11,1.0,1.0
7841008,4.0,58.0,36.0,Unknown,2.0,37049.15,5.0,5.0
5821333,5.0,66.0,62.5,Female,3.0,46057.61,5.0,6.0
5783106,9.0,110.0,55.5,Unknown,2.0,56879.84,1.0,1.0
7158344,28.0,336.0,62.0,Female,2.0,171308.02999999997,4.0,4.0
8915268,5.0,65.0,62.5,Female,2.0,61931.12,5.0,5.0
9716648,12.0,147.0,32.0,Female,2.0,32380.06,4.0,4.0
1024500,7.0,84.0,31.0,Unknown,2.0,15452.809999999998,2.0,2.0
4099305,6.0,82.0,24.5,Unknown,2.0,55024.22,1.0,1.0
7969677,8.0,107.0,53.5,Male,2.0,28353.47,7.0,7.0
2188182,26.0,315.0,54.5,Female,2.0,198588.68,3.0,3.0
4296314,22.0,275.0,44.5,Female,2.0,65893.48999999999,2.0,2.0
2378639,17.0,204.0,67.5,Male,2.0,2593905.01,7.0,7.0
5529011,7.0,91.0,28.5,Male,2.0,76780.16,7.0,7.0
271998,9.0,109.0,38.0,Male,2.0,89341.01,3.0,3.0
9931062,13.0,166.0,36.0,Female,2.0,103094.69,1.0,1.0
601526,11.0,141.0,34.0,Female,2.0,102756.02,7.0,7.0
5383713,12.0,155.0,39.0,Male,2.0,54029.71,3.0,3.0
5115573,4.0,58.0,20.0,Unknown,2.0,16555.89,1.0,1.0
6279891,12.0,147.0,55.0,Female,3.0,63887.28,3.0,3.0
3030213,10.0,129.0,52.0,Female,2.0,25064.95,3.0,3.0
5615657,5.0,68.0,48.0,Unknown,3.0,32131.050000000003,7.0,7.0
4171611,9.0,118.0,27.5,Male,2.0,64492.39,1.0,1.0
8261271,7.0,91.0,56.5,Male,2.0,67401.76,3.0,3.0
3564927,7.0,94.0,36.5,Unknown,3.0,29365.34,6.0,6.0
204125,11.0,136.0,42.0,Female,4.0,307726.05,7.0,7.0
3513604,23.0,286.0,37.5,Male,2.0,121638.03999999998,2.0,2.0
1015526,21.0,256.0,58.0,Male,2.0,33508.83,2.0,2.0
8773738,17.0,215.0,56.0,Male,2.0,77463.48,3.0,3.0
8991060,13.0,165.0,25.5,Male,2.0,36808.89,5.0,5.0
3358646,9.0,110.0,64.5,Male,2.0,292188.88,5.0,5.0
3573993,17.0,212.0,69.0,Female,2.0,23440.7,3.0,3.0
2888636,6.0,80.0,52.5,Unknown,2.0,685456.11,4.0,4.0
4299991,19.0,234.0,46.5,Male,2.0,13843.3,7.0,7.0
5792033,5.0,68.0,68.0,Unknown,2.0,20204.97,3.0,3.0
1210838,16.0,195.0,32.5,Female,2.0,49785.79,3.0,3.0
363188,15.0,189.0,31.5,Female,2.0,188688.83,2.0,2.0
2211702,5.0,66.0,23.0,Unknown,2.0,60303.58,6.0,6.0
2778476,7.0,85.0,48.0,Unknown,2.0,48070.46,7.0,7.0
3948169,7.0,87.0,25.0,Unknown,4.0,64726.48999999999,5.0,5.0
8660086,13.0,167.0,59.0,Female,2.0,20484.76,5.0,5.0
407210,15.0,189.0,41.5,Female,2.0,23363.369999999995,4.0,4.0
3164798,7.0,89.0,21.5,Unknown,2.0,16750.379999999997,7.0,7.0
5923636,7.0,87.0,29.5,Unknown,2.0,15502.53,1.0,1.0
547267,4.0,58.0,45.5,Unknown,2.0,24489.69,4.0,4.0
2323287,23.0,287.0,51.0,Male,4.0,272017.08,5.0,5.0
2035706,21.0,262.0,72.5,Male,3.0,1025117.38,7.0,7.0
5626912,13.0,162.0,39.5,Unknown,3.0,320530.31,6.0,6.0
4423495,26.0,317.0,54.5,Female,2.0,95942.65,2.0,2.0
762263,5.0,65.0,63.5,Unknown,2.0,536589.47,3.0,3.0
5507848,5.0,69.0,54.5,Female,2.0,57536.7,3.0,3.0
7157909,7.0,87.0,24.0,Unknown,2.0,34539.38,5.0,5.0
6209197,5.0,67.0,25.5,Unknown,2.0,212277.28,3.0,3.0
7808035,16.0,202.0,40.0,Female,2.0,111197.29,2.0,2.0
2874747,5.0,70.0,26.5,Unknown,2.0,26428.82,1.0,1.0
2183007,9.0,118.0,47.5,Male,2.0,21363.72,5.0,5.0
6675283,15.0,186.0,30.5,Female,2.0,90836.3,2.0,2.0
5561795,29.0,348.0,57.5,Female,2.0,384153.01,1.0,1.0
1697419,14.0,178.0,20.5,Female,2.0,48138.51,2.0,2.0
853222,17.0,204.0,48.5,Male,2.0,37729.82,6.0,6.0
3525563,17.0,205.0,39.0,Male,2.0,56881.95999999999,5.0,5.0
1316356,4.0,59.0,37.5,Unknown,3.0,64891.5,7.0,7.0
5014014,25.0,303.0,33.5,Female,2.0,68076.88,3.0,3.0
5835601,18.0,225.0,64.0,Female,2.0,39452.38,1.0,1.0
2426003,21.0,258.0,67.0,Female,2.0,258725.76,7.0,7.0
3335964,17.0,215.0,43.0,Male,3.0,735294.06,7.0,7.0
8791583,17.0,210.0,83.5,Male,2.0,134820.38,4.0,4.0
8994094,16.0,193.0,67.5,Female,2.0,61213.79999999999,3.0,3.0
5303935,5.0,60.0,33.5,Unknown,3.0,59366.880000000005,7.0,7.0
7988536,6.0,74.0,26.0,Unknown,2.0,53203.02,4.0,4.0
2570930,4.0,50.0,19.5,Male,2.0,18391.8,4.0,4.0
60490,26.0,322.0,48.5,Female,2.0,80938.61,1.0,1.0
6578799,14.0,174.0,41.0,Female,2.0,155297.77999999997,5.0,5.0
8850903,13.0,156.0,63.0,Male,2.0,479230.41,3.0,3.0
6111458,5.0,66.0,20.5,Unknown,2.0,28897.32,7.0,7.0
3518280,29.0,359.0,61.5,Female,2.0,53223.15,4.0,4.0
4276932,5.0,66.0,29.0,Unknown,2.0,18781.2,3.0,3.0
4595139,10.0,128.0,50.5,Female,3.0,175270.21999999997,3.0,3.0
7797954,5.0,61.0,36.5,Unknown,2.0,66707.43,4.0,5.0
4669360,13.0,157.0,31.5,Male,3.0,203148.33,7.0,7.0
1386326,4.0,59.0,70.5,Female,2.0,42231.65,6.0,6.0
8813845,12.0,155.0,60.0,Female,2.0,70118.45999999999,7.0,7.0
229252,10.0,129.0,42.0,Male,2.0,20934.21,4.0,4.0
7954767,16.0,192.0,39.5,Female,3.0,457101.91,7.0,7.0
4692679,5.0,60.0,54.5,Unknown,2.0,17324.76,1.0,1.0
6406027,15.0,188.0,51.5,Male,2.0,309095.85,4.0,4.0
372480,5.0,60.0,47.5,Unknown,2.0,81363.65,2.0,2.0
1609099,7.0,94.0,45.5,Unknown,2.0,42922.17999999999,2.0,2.0
7144270,14.0,177.0,52.5,Male,2.0,51450.13,2.0,2.0
6029050,14.0,171.0,35.0,Male,2.0,23661.58,3.0,3.0
874689,8.0,103.0,23.5,Female,2.0,44515.08,4.0,4.0
2799740,22.0,270.0,61.0,Male,3.0,383215.58,7.0,7.0
2305529,21.0,262.0,22.0,Male,2.0,59831.17,3.0,3.0
9591806,21.0,259.0,52.0,Male,2.0,37957.07,5.0,5.0
7421528,18.0,226.0,41.5,Female,2.0,47502.73,2.0,2.0
1079283,7.0,92.0,44.5,Unknown,2.0,156899.88,1.0,1.0
2732003,5.0,61.0,66.5,Male,3.0,91958.69,7.0,7.0
3304293,7.0,94.0,21.0,Unknown,3.0,75520.56,4.0,4.0
337268,6.0,73.0,55.5,Unknown,2.0,141945.38,3.0,3.0
9761685,8.0,106.0,63.0,Male,2.0,57166.23,6.0,6.0
8097458,14.0,178.0,51.0,Male,2.0,28898.21,1.0,1.0
3615084,12.0,150.0,46.0,Male,2.0,36911.26,1.0,1.0
631756,6.0,73.0,42.5,Male,2.0,33488.35,1.0,1.0
5866491,4.0,59.0,20.0,Unknown,2.0,20636.61,5.0,5.0
666116,28.0,338.0,53.5,Male,2.0,1379850.21,5.0,5.0
3552391,6.0,77.0,16.0,Unknown,2.0,16451.219999999998,2.0,2.0
8538373,6.0,75.0,23.0,Unknown,2.0,21405.72,1.0,1.0
8575171,6.0,74.0,48.0,Unknown,2.0,17163.51,2.0,2.0
7213770,13.0,161.0,40.0,Male,3.0,41337.52,6.0,6.0
4062485,13.0,163.0,53.5,Female,2.0,73314.97,2.0,2.0
8232422,17.0,204.0,31.5,Male,2.0,14271.609999999995,2.0,2.0
5737163,11.0,138.0,25.0,Female,2.0,37604.5,2.0,2.0
6532302,11.0,132.0,50.0,Female,2.0,33813.6,2.0,2.0
9914752,5.0,71.0,50.0,Female,2.0,34751.81,4.0,4.0
4424204,22.0,274.0,50.0,Male,2.0,26886.68,6.0,6.0
5163143,21.0,263.0,18.5,Female,2.0,32812.36,4.0,4.0
4922585,21.0,261.0,19.0,Female,2.0,28318.97,2.0,2.0
7371571,7.0,94.0,46.5,Unknown,2.0,22668.7,4.0,4.0
9531430,10.0,121.0,47.5,Male,2.0,310843.93,7.0,7.0
5981518,5.0,66.0,22.5,Unknown,2.0,15883.659999999996,6.0,6.0
2200534,6.0,78.0,26.0,Unknown,2.0,18348.19,2.0,2.0
7414557,4.0,58.0,21.5,Male,2.0,20591.1,3.0,3.0
6880197,13.0,165.0,55.5,Male,3.0,172228.55,7.0,7.0
3891709,4.0,58.0,30.5,Unknown,2.0,21303.65,1.0,1.0
3355961,10.0,122.0,54.5,Male,2.0,293009.9,7.0,7.0
7527885,4.0,54.0,54.0,Unknown,2.0,34176.03999999999,3.0,3.0
7968538,8.0,99.0,32.0,Unknown,2.0,79873.7,7.0,7.0
1375388,6.0,82.0,41.5,Unknown,2.0,63001.9,2.0,2.0
8957373,4.0,58.0,56.0,Unknown,2.0,21708.07,7.0,7.0
889131,5.0,61.0,45.5,Male,2.0,152088.13,2.0,2.0
4783943,5.0,68.0,57.0,Unknown,2.0,41061.2,2.0,2.0
3594569,14.0,174.0,64.0,Male,3.0,411021.05,6.0,7.0
1629977,13.0,159.0,63.0,Male,3.0,173840.07,4.0,4.0
3931134,12.0,155.0,30.5,Male,2.0,33675.369999999995,5.0,5.0
4417557,13.0,167.0,39.5,Unknown,2.0,26257.5,1.0,1.0
37237,14.0,176.0,39.0,Male,2.0,31809.49,3.0,3.0
9486835,6.0,74.0,29.5,Unknown,2.0,48311.76,3.0,3.0
917678,24.0,288.0,40.5,Female,2.0,105689.04,6.0,6.0
9537788,17.0,212.0,17.5,Female,2.0,15031.359999999995,1.0,1.0
7206266,14.0,173.0,39.5,Female,2.0,102499.59,2.0,2.0
6894762,13.0,160.0,36.5,Female,2.0,26862.64,1.0,1.0
6194241,13.0,156.0,34.5,Female,2.0,21621.99,7.0,7.0
7262984,7.0,84.0,46.5,Unknown,2.0,37075.85,3.0,3.0
19263,16.0,192.0,45.5,Female,2.0,26323.44,4.0,4.0
5139632,7.0,90.0,58.5,Unknown,2.0,358662.8,7.0,7.0
2487461,10.0,120.0,34.5,Male,2.0,57083.73999999999,7.0,7.0
9494472,19.0,238.0,41.5,Male,2.0,118628.37,1.0,1.0
3187290,6.0,82.0,52.5,Unknown,2.0,38554.19,5.0,5.0
6162936,16.0,200.0,48.0,Unknown,2.0,17681.42,6.0,6.0
6354780,30.0,370.0,57.5,Male,2.0,108353.61,4.0,4.0
22714,9.0,118.0,49.5,Male,2.0,15697.339999999997,2.0,2.0
5432203,26.0,314.0,49.5,Female,2.0,21302.72,3.0,3.0
5212215,16.0,194.0,38.5,Male,2.0,50089.88,7.0,7.0
1399179,7.0,93.0,53.0,Unknown,2.0,73674.7,7.0,7.0
8309171,11.0,133.0,42.5,Unknown,2.0,16453.089999999997,2.0,2.0
3684018,14.0,178.0,26.0,Female,3.0,78698.67,4.0,4.0
5490996,14.0,169.0,42.5,Female,2.0,27508.73,2.0,2.0
2007075,6.0,74.0,23.0,Unknown,3.0,28112.94,2.0,2.0
3564728,12.0,153.0,50.5,Male,5.0,1506635.2999999998,7.0,7.0
6974821,14.0,179.0,62.0,Male,2.0,21164.11,1.0,1.0
9654840,4.0,58.0,54.5,Male,2.0,294923.01,5.0,5.0
6553763,19.0,231.0,50.5,Female,2.0,71437.34,1.0,1.0
8252995,15.0,189.0,61.5,Female,2.0,15198.539999999995,7.0,7.0
540293,9.0,117.0,54.5,Female,3.0,149620.91999999998,7.0,7.0
9991914,10.0,130.0,28.5,Male,2.0,16515.87,7.0,7.0
2543987,4.0,57.0,38.5,Unknown,3.0,152117.71999999997,2.0,2.0
1151055,28.0,342.0,75.0,Male,3.0,783840.38,5.0,5.0
4624068,11.0,142.0,50.5,Female,2.0,50566.01,7.0,7.0
1709826,28.0,338.0,25.5,Female,2.0,45031.97,7.0,7.0
5515829,7.0,84.0,48.5,Unknown,3.0,95850.19,4.0,4.0
105017,18.0,217.0,52.0,Male,2.0,20552.84,7.0,7.0
6592852,14.0,169.0,50.5,Female,2.0,50943.87,3.0,3.0
7744461,5.0,69.0,51.0,Unknown,2.0,15087.899999999998,1.0,1.0
3407594,4.0,58.0,33.0,Unknown,2.0,23243.07,2.0,2.0
5036269,5.0,67.0,28.0,Female,2.0,22717.12,1.0,1.0
1632742,7.0,86.0,25.0,Unknown,2.0,46697.7,7.0,7.0
8883014,16.0,192.0,39.0,Female,2.0,73288.18,5.0,5.0
5562022,12.0,155.0,67.0,Female,2.0,134008.5,7.0,7.0
716335,12.0,151.0,32.5,Male,4.0,322301.39,3.0,3.0
4462532,6.0,72.0,86.5,Unknown,2.0,37545.88,5.0,5.0
2178796,4.0,58.0,48.0,Female,2.0,17825.44,2.0,2.0
8064508,9.0,110.0,31.0,Unknown,2.0,35247.759999999995,3.0,3.0
7695355,8.0,105.0,59.5,Male,2.0,23800.54,5.0,5.0
6521815,19.0,235.0,36.5,Female,3.0,326603.54,6.0,6.0
8383188,4.0,58.0,50.5,Unknown,2.0,24995.84,7.0,7.0
9409186,20.0,251.0,31.0,Male,3.0,81983.56,1.0,1.0
4746794,17.0,215.0,43.5,Female,3.0,227315.92,7.0,7.0
2293780,8.0,96.0,42.5,Unknown,2.0,181617.67,1.0,1.0
8332410,13.0,165.0,48.5,Female,2.0,35175.94,2.0,2.0
3848940,14.0,172.0,53.5,Male,2.0,32609.050000000003,1.0,1.0
1072974,15.0,190.0,57.0,Female,2.0,81799.15,2.0,3.0
7838627,13.0,157.0,19.0,Male,2.0,21463.47,1.0,1.0
9134324,14.0,172.0,57.0,Female,2.0,52413.9,3.0,3.0
2345432,9.0,118.0,30.5,Female,3.0,116348.37,7.0,7.0
9954817,13.0,167.0,54.5,Female,2.0,255816.26,4.0,4.0
5837024,26.0,319.0,29.0,Male,3.0,97041.85,5.0,5.0
4648586,9.0,114.0,51.5,Female,2.0,43148.03999999999,4.0,4.0
521844,7.0,91.0,55.0,Unknown,2.0,99423.67,4.0,4.0
617626,13.0,158.0,67.0,Female,2.0,57170.37,7.0,7.0
551529,5.0,60.0,56.0,Female,2.0,55623.03,4.0,5.0
7943933,14.0,170.0,37.5,Female,2.0,209899.22,1.0,1.0
9991654,12.0,151.0,51.5,Female,2.0,50589.69,3.0,3.0
4703727,34.0,411.0,55.5,Female,2.0,46461.14,1.0,1.0
8773544,33.0,407.0,52.0,Female,4.0,437420.51,6.0,7.0
2422619,25.0,303.0,19.0,Male,2.0,37298.13,5.0,5.0
5969103,23.0,283.0,86.5,Male,2.0,62312.42999999999,1.0,1.0
2158840,21.0,258.0,59.5,Male,2.0,175284.05,5.0,5.0
1907209,9.0,110.0,49.5,Male,2.0,31565.92,2.0,2.0
1392657,7.0,85.0,27.0,Unknown,3.0,70610.08,7.0,7.0
4018556,9.0,119.0,63.5,Female,2.0,24101.97,2.0,2.0
4554049,11.0,137.0,47.5,Female,2.0,20784.95,2.0,2.0
2241081,14.0,179.0,51.5,Female,2.0,75114.54999999999,2.0,2.0
6354868,11.0,132.0,35.5,Female,2.0,13897.019999999997,2.0,2.0
3106178,11.0,133.0,35.0,Male,2.0,68909.1,2.0,2.0
8320198,12.0,154.0,32.5,Female,2.0,115784.59,3.0,3.0
100980,9.0,109.0,27.5,Female,2.0,32966.05,1.0,1.0
1460747,14.0,179.0,32.5,Female,2.0,53529.17,1.0,1.0
9097156,13.0,167.0,68.0,Female,2.0,16394.199999999997,5.0,5.0
9811959,28.0,344.0,60.5,Female,2.0,46787.67,1.0,1.0
5836998,5.0,70.0,21.5,Unknown,2.0,21871.28,7.0,7.0
3887620,15.0,189.0,52.0,Male,2.0,64040.42,1.0,1.0
5810383,14.0,171.0,29.0,Male,2.0,153710.02999999997,6.0,6.0
6020829,6.0,75.0,37.0,Unknown,2.0,115418.05,4.0,4.0
8064690,9.0,111.0,20.5,Male,3.0,21733.03,5.0,5.0
4311024,14.0,169.0,69.0,Male,2.0,472482.37,4.0,4.0
1987866,23.0,285.0,22.0,Male,2.0,170528.49,5.0,5.0
1799834,21.0,260.0,51.0,Male,3.0,227400.92,5.0,5.0
4544569,19.0,228.0,40.5,Male,2.0,24535.88,1.0,1.0
3874166,17.0,210.0,46.0,Male,4.0,398719.34,2.0,2.0
5591336,7.0,90.0,27.5,Unknown,3.0,50466.38,7.0,7.0
5513204,11.0,139.0,46.0,Male,2.0,220124.59000000003,1.0,1.0
3963760,10.0,125.0,32.5,Female,2.0,34316.23,1.0,1.0
9284287,3.0,41.0,60.5,Unknown,2.0,28616.7,4.0,4.0
1962215,4.0,59.0,53.0,Unknown,2.0,32694.72,1.0,1.0
2314158,8.0,97.0,32.0,Female,2.0,80999.65,1.0,1.0
3879365,5.0,70.0,21.5,Unknown,3.0,634986.24,5.0,5.0
6834687,14.0,173.0,54.0,Male,2.0,654319.15,7.0,7.0
5429364,6.0,77.0,68.0,Unknown,2.0,22092.32,2.0,2.0
6254564,9.0,110.0,60.5,Male,2.0,400691.08,3.0,3.0
7453090,5.0,71.0,71.0,Unknown,2.0,22166.57,7.0,7.0
7468186,15.0,189.0,49.5,Male,2.0,14082.399999999998,2.0,2.0
9755145,6.0,73.0,31.0,Unknown,2.0,26653.61,7.0,7.0
8690940,15.0,185.0,33.5,Female,2.0,30687.08,2.0,2.0
4303066,17.0,204.0,32.0,Female,2.0,79638.28,4.0,4.0
2877122,10.0,131.0,33.5,Female,2.0,80573.84999999999,4.0,4.0
6752814,6.0,76.0,29.0,Unknown,2.0,19786.34,1.0,1.0
1953261,9.0,110.0,51.5,Male,3.0,778514.03,7.0,7.0
449920,14.0,173.0,61.5,Male,3.0,1940844.07,7.0,7.0
6289117,6.0,74.0,22.0,Male,4.0,107435.95,7.0,7.0
1915847,7.0,85.0,61.5,Unknown,2.0,298177.15,3.0,3.0
8283067,9.0,108.0,48.0,Female,2.0,68061.0,4.0,4.0
3506649,27.0,325.0,60.5,Female,2.0,117923.67,3.0,3.0
5920579,7.0,91.0,21.5,Male,3.0,63490.850000000006,7.0,7.0
2785486,6.0,82.0,56.0,Unknown,2.0,31650.82,1.0,1.0
2125268,12.0,147.0,36.5,Female,2.0,55131.58,2.0,2.0
515955,24.0,288.0,64.0,Male,3.0,954915.0,7.0,7.0
1682141,21.0,263.0,50.5,Female,2.0,188843.6,4.0,4.0
250876,21.0,259.0,46.0,Unknown,2.0,36204.89,5.0,5.0
7130282,20.0,248.0,64.0,Male,3.0,342453.85,4.0,4.0
2913441,20.0,240.0,50.5,Male,3.0,71881.98999999999,5.0,5.0
4544201,19.0,235.0,17.0,Male,3.0,127688.09,3.0,3.0
3513539,11.0,135.0,54.5,Female,2.0,37943.17,3.0,3.0
3937594,14.0,170.0,53.5,Female,2.0,136798.34,5.0,6.0
2785308,4.0,59.0,18.5,Unknown,2.0,36090.11,4.0,4.0
8977065,12.0,145.0,28.5,Female,3.0,26243.56,7.0,7.0
385032,12.0,148.0,28.5,Female,2.0,16789.14,4.0,4.0
6100038,10.0,129.0,50.0,Female,3.0,183354.71,7.0,7.0
5164478,6.0,73.0,18.5,Unknown,3.0,47272.71,7.0,7.0
433017,14.0,170.0,58.0,Male,2.0,27673.19,7.0,7.0
396893,12.0,153.0,58.0,Male,2.0,207469.97,1.0,1.0
2997662,10.0,128.0,22.5,Male,2.0,30282.02,4.0,4.0
8601566,8.0,99.0,37.5,Unknown,2.0,16544.809999999998,1.0,1.0
1203370,9.0,111.0,62.5,Female,2.0,201281.32,1.0,1.0
3973890,6.0,73.0,31.0,Unknown,2.0,18061.4,3.0,3.0
4094322,8.0,97.0,67.0,Unknown,2.0,261537.88,5.0,5.0
5846753,8.0,99.0,54.0,Unknown,3.0,210177.07,7.0,7.0
5530820,15.0,189.0,66.5,Male,2.0,23467.93,3.0,3.0
9980398,6.0,72.0,34.5,Unknown,2.0,26142.55,3.0,3.0
2566623,15.0,185.0,32.5,Male,4.0,175233.91999999998,7.0,7.0
8841346,22.0,272.0,60.5,Male,3.0,243633.26,7.0,7.0
3325844,20.0,251.0,51.0,Female,3.0,87397.01,2.0,3.0
4755650,22.0,272.0,62.0,Female,2.0,581512.0,7.0,7.0
1351015,21.0,260.0,64.0,Female,2.0,138432.28999999998,1.0,1.0
9625844,27.0,330.0,69.0,Male,4.0,65343.92,7.0,7.0
5118587,12.0,145.0,44.5,Female,2.0,31836.6,3.0,3.0
7005819,5.0,69.0,61.5,Male,2.0,102857.35,6.0,6.0
3041489,8.0,106.0,42.5,Female,2.0,45551.02,3.0,3.0
6895168,5.0,64.0,58.5,Female,2.0,35566.84,2.0,2.0
6054566,11.0,142.0,64.0,Male,2.0,167675.66999999998,2.0,2.0
4157395,5.0,67.0,22.0,Unknown,2.0,33619.09,7.0,7.0
4237267,8.0,105.0,29.5,Male,3.0,55784.44,5.0,5.0
3667473,9.0,110.0,50.5,Male,2.0,15977.919999999998,2.0,2.0
2644732,13.0,162.0,62.5,Male,2.0,95349.03,3.0,4.0
1149676,19.0,229.0,57.0,Unknown,2.0,37138.63,1.0,1.0
6445320,11.0,136.0,41.0,Male,3.0,55949.45999999999,1.0,1.0
181531,9.0,111.0,30.5,Male,3.0,611852.61,3.0,3.0
1626794,6.0,82.0,60.5,Unknown,2.0,23879.99,3.0,3.0
6627717,12.0,145.0,32.0,Female,2.0,49996.56,1.0,1.0
6529933,8.0,106.0,39.5,Unknown,3.0,28564.59,1.0,1.0
9639391,5.0,68.0,58.5,Unknown,2.0,131445.91,3.0,3.0
8581361,6.0,75.0,61.0,Female,2.0,55828.19,4.0,4.0
9720056,6.0,82.0,57.5,Unknown,2.0,68030.72,7.0,7.0
6648433,5.0,69.0,17.0,Female,2.0,15953.94,3.0,3.0
3703063,21.0,263.0,57.0,Female,3.0,756323.17,4.0,4.0
3866903,22.0,265.0,45.5,Female,3.0,106593.61,3.0,3.0
202072,26.0,312.0,51.0,Female,2.0,21706.05,4.0,4.0
2829019,22.0,264.0,45.0,Male,2.0,119607.4,6.0,6.0
6424288,19.0,228.0,44.5,Female,2.0,21770.78,4.0,4.0
5051789,4.0,57.0,61.0,Unknown,2.0,26292.0,5.0,5.0
7774665,11.0,143.0,46.0,Female,2.0,18949.23,1.0,1.0
311890,6.0,82.0,26.0,Unknown,2.0,15174.219999999998,1.0,1.0
7889181,10.0,127.0,36.5,Male,2.0,31743.77,1.0,1.0
2499917,11.0,137.0,59.5,Female,2.0,123838.33000000002,5.0,5.0
4374890,6.0,83.0,18.5,Unknown,3.0,44802.03,5.0,5.0
1963467,6.0,78.0,21.5,Unknown,3.0,36094.99,4.0,4.0
3359721,4.0,59.0,74.5,Male,2.0,63354.75,3.0,3.0
9989399,13.0,166.0,42.5,Female,2.0,121570.41,1.0,1.0
5509818,8.0,96.0,33.5,Unknown,2.0,21386.73,2.0,2.0
1559629,9.0,108.0,43.5,Male,2.0,27437.08,1.0,1.0
6793389,5.0,64.0,22.0,Unknown,2.0,20715.94,2.0,2.0
1753960,4.0,59.0,32.5,Unknown,3.0,18638.49,4.0,4.0
2977349,5.0,66.0,30.0,Male,2.0,47720.8,7.0,7.0
7544630,15.0,189.0,31.0,Female,2.0,335617.95,5.0,5.0
4602257,17.0,215.0,39.5,Female,2.0,50965.11,3.0,4.0
2641144,6.0,77.0,54.5,Unknown,3.0,233252.81,7.0,7.0
8427001,6.0,74.0,45.5,Unknown,2.0,29041.39,3.0,3.0
6747002,12.0,154.0,57.0,Male,2.0,79064.53,6.0,6.0
9804072,12.0,154.0,32.5,Male,2.0,70830.98,2.0,2.0
5732713,8.0,103.0,52.5,Male,5.0,1193332.03,7.0,7.0
9148936,14.0,177.0,64.0,Male,3.0,1544668.21,7.0,7.0
621169,25.0,304.0,16.5,Female,2.0,261796.68,3.0,3.0
3080269,33.0,402.0,65.5,Female,2.0,35910.009999999995,1.0,1.0
3659609,18.0,219.0,57.0,Female,2.0,651787.6900000001,5.0,5.0
1491029,10.0,128.0,64.5,Female,2.0,82909.06,7.0,7.0
3536874,10.0,125.0,46.0,Male,2.0,766538.2100000001,3.0,3.0
5242618,9.0,113.0,62.0,Female,2.0,20171.34,2.0,2.0
9009355,12.0,151.0,63.5,Female,2.0,603962.12,7.0,7.0
6847149,4.0,59.0,23.5,Unknown,2.0,16993.079999999998,3.0,3.0
365834,4.0,57.0,25.0,Female,2.0,33281.83,5.0,5.0
1841048,14.0,179.0,36.5,Male,2.0,48682.4,1.0,1.0
818641,12.0,148.0,68.5,Male,2.0,235829.43,2.0,2.0
7188852,4.0,53.0,59.0,Unknown,2.0,216544.23,6.0,6.0
7810273,12.0,154.0,27.5,Male,2.0,22406.0,1.0,1.0
5386634,8.0,96.0,51.0,Unknown,2.0,26013.72,1.0,1.0
8174424,12.0,150.0,23.5,Female,2.0,20376.76,2.0,2.0
9983475,14.0,173.0,29.5,Male,3.0,104765.18,3.0,3.0
8213979,9.0,109.0,31.0,Male,2.0,23958.48,4.0,4.0
4365387,16.0,192.0,25.5,Female,2.0,105132.47,5.0,5.0
6723251,6.0,72.0,30.0,Unknown,2.0,39324.58,3.0,4.0
345226,26.0,321.0,74.0,Female,2.0,62744.29999999999,1.0,1.0
9924789,5.0,64.0,22.0,Unknown,2.0,23623.1,4.0,4.0
1897983,25.0,304.0,44.0,Female,2.0,294874.77,4.0,4.0
265238,21.0,252.0,38.5,Female,2.0,22569.06,7.0,7.0
4439762,20.0,250.0,53.0,Male,3.0,48826.44,1.0,1.0
9422418,20.0,246.0,28.5,Male,3.0,197226.92,7.0,7.0
2977186,9.0,118.0,44.5,Male,2.0,51882.33,1.0,1.0
8853335,20.0,241.0,65.0,Female,2.0,662167.8,7.0,7.0
9536892,8.0,99.0,48.5,Unknown,2.0,15886.149999999998,5.0,5.0
1783529,7.0,95.0,54.0,Unknown,2.0,87207.15,7.0,7.0
7712167,15.0,189.0,59.0,Male,2.0,71199.03,7.0,7.0
1393837,15.0,187.0,40.5,Male,4.0,249425.58,7.0,7.0
9697954,5.0,70.0,23.5,Unknown,2.0,35141.369999999995,4.0,4.0
8082236,5.0,60.0,29.0,Unknown,2.0,93894.05,5.0,5.0
3548434,14.0,173.0,63.5,Male,2.0,609260.5700000001,7.0,7.0
4889110,7.0,90.0,27.0,Male,3.0,95668.01,4.0,4.0
9091310,8.0,98.0,18.0,Unknown,2.0,17991.73,5.0,5.0
4183857,14.0,178.0,79.0,Female,2.0,75399.85,4.0,5.0
3767391,14.0,174.0,42.5,Female,2.0,164677.37,1.0,2.0
4046286,12.0,146.0,36.5,Female,2.0,60013.61,1.0,1.0
7768098,15.0,188.0,59.0,Male,2.0,139296.9,7.0,7.0
9776032,24.0,299.0,53.0,Male,2.0,679299.14,3.0,3.0
610998,23.0,286.0,38.0,Male,3.0,201530.62,7.0,7.0
5611257,23.0,283.0,56.5,Female,2.0,45977.09,7.0,7.0
5517491,21.0,254.0,47.0,Male,2.0,18798.99,2.0,2.0
3190510,20.0,250.0,56.5,Male,2.0,27311.69,4.0,4.0
6991233,17.0,207.0,62.0,Male,3.0,160870.52999999997,6.0,6.0
3018578,8.0,99.0,28.5,Unknown,2.0,20570.73,2.0,2.0
6473092,10.0,120.0,40.0,Female,2.0,84242.87,4.0,4.0
6311917,28.0,339.0,79.0,Male,2.0,750325.81,7.0,7.0
8598838,7.0,85.0,38.0,Unknown,2.0,39593.86,2.0,2.0
4458009,26.0,319.0,67.0,Female,2.0,27728.54,2.0,2.0
5459,14.0,173.0,29.0,Male,2.0,69160.51999999999,6.0,6.0
4296016,5.0,70.0,67.5,Female,2.0,21340.48,1.0,1.0
6446069,16.0,193.0,44.5,Male,2.0,21594.55,1.0,1.0
1392099,15.0,187.0,48.5,Unknown,2.0,18420.54,1.0,1.0
5069560,4.0,59.0,43.5,Unknown,2.0,28823.48,2.0,2.0
1364368,16.0,193.0,29.0,Male,2.0,19988.98,4.0,4.0
898067,15.0,189.0,48.5,Male,2.0,30249.34,3.0,3.0
5744792,4.0,56.0,47.0,Unknown,2.0,30215.24,2.0,2.0
5030515,12.0,145.0,62.0,Female,2.0,19588.63,3.0,3.0
7106763,20.0,250.0,43.5,Female,2.0,24045.509999999995,1.0,1.0
8913140,16.0,197.0,58.5,Female,2.0,41516.4,7.0,7.0
4380371,34.0,418.0,64.0,Male,2.0,261992.75,4.0,4.0
2983665,4.0,54.0,50.5,Male,2.0,46904.27,6.0,6.0
7515646,13.0,157.0,47.5,Male,2.0,16002.839999999997,3.0,3.0
9921232,24.0,293.0,80.0,Female,2.0,25159.2,1.0,1.0
1960219,21.0,259.0,41.5,Female,2.0,17127.43,1.0,2.0
790275,20.0,250.0,70.0,Female,2.0,123200.38,4.0,4.0
9140429,20.0,248.0,19.5,Female,3.0,28775.2,3.0,3.0
4989767,24.0,294.0,41.0,Female,2.0,33200.899999999994,1.0,1.0
9082013,17.0,204.0,68.0,Female,2.0,29910.71,1.0,1.0
9933487,11.0,135.0,43.0,Female,2.0,161891.8,2.0,2.0
5847995,12.0,147.0,30.0,Female,2.0,20501.49,7.0,7.0
4039696,6.0,73.0,18.0,Unknown,2.0,50637.57,4.0,4.0
1951353,7.0,95.0,31.5,Unknown,2.0,34490.14,1.0,1.0
9447352,15.0,181.0,20.0,Female,2.0,38635.55,1.0,1.0
7040566,7.0,88.0,57.0,Unknown,2.0,118200.19,6.0,6.0
3620064,19.0,235.0,65.0,Male,3.0,81299.42,6.0,6.0
6379478,28.0,340.0,29.0,Male,2.0,167462.94,5.0,5.0
1048286,7.0,85.0,46.5,Unknown,2.0,46096.08,6.0,6.0
8864353,10.0,130.0,59.0,Female,2.0,27340.42,2.0,2.0
6605544,13.0,159.0,57.0,Male,2.0,150374.95,4.0,4.0
5157278,14.0,172.0,58.5,Female,2.0,120774.64,3.0,3.0
6575970,15.0,186.0,73.0,Female,2.0,316686.5,7.0,7.0
4044761,10.0,127.0,37.5,Male,3.0,112843.41,7.0,7.0
6710312,14.0,178.0,39.0,Female,3.0,134224.03,5.0,5.0
5271950,10.0,124.0,57.5,Female,2.0,97415.36,7.0,7.0
5008336,6.0,73.0,58.0,Male,2.0,410997.52,7.0,7.0
7899469,9.0,118.0,51.5,Male,2.0,130897.41,2.0,2.0
127202,5.0,69.0,62.0,Male,2.0,127034.74,4.0,4.0
6362709,23.0,276.0,41.0,Male,3.0,196522.98,1.0,1.0
6457066,22.0,268.0,79.0,Male,3.0,194781.86,2.0,2.0
1509361,21.0,256.0,52.5,Male,3.0,204573.29,3.0,3.0
24491,6.0,83.0,41.0,Unknown,2.0,45790.71,1.0,1.0
6313537,7.0,84.0,51.5,Unknown,2.0,19139.1,2.0,2.0
6668503,12.0,145.0,27.0,Female,2.0,210805.11,1.0,1.0
2216859,12.0,154.0,28.5,Female,2.0,121699.59,5.0,5.0
2083436,12.0,154.0,56.0,Female,3.0,51294.45,7.0,7.0
7197242,5.0,70.0,15.0,Unknown,2.0,22501.96,1.0,1.0
3081609,8.0,106.0,18.5,Female,2.0,24725.52,3.0,3.0
3591642,5.0,67.0,38.5,Male,2.0,36827.42,3.0,3.0
632974,7.0,91.0,23.5,Unknown,2.0,60384.57000000001,6.0,6.0
7856325,7.0,95.0,25.5,Unknown,2.0,60423.70999999999,7.0,7.0
6003503,6.0,72.0,56.5,Unknown,2.0,52566.69,7.0,7.0
3313809,12.0,149.0,48.5,Male,2.0,73198.20999999999,3.0,3.0
4934310,12.0,155.0,30.5,Female,2.0,67775.72,7.0,7.0
9481032,12.0,144.0,41.5,Unknown,2.0,21865.3,1.0,1.0
1996934,5.0,66.0,41.5,Unknown,2.0,29698.8,1.0,1.0
5846323,16.0,195.0,51.0,Male,3.0,52420.92,4.0,4.0
4477924,12.0,154.0,37.5,Female,2.0,61212.75,1.0,1.0
3686200,8.0,102.0,59.0,Unknown,2.0,299271.85,5.0,5.0
2239271,14.0,175.0,28.5,Male,2.0,15860.649999999998,4.0,4.0
2705898,23.0,283.0,44.5,Female,2.0,33524.259999999995,4.0,4.0
7961863,21.0,252.0,65.5,Male,2.0,38214.42999999999,3.0,3.0
454197,20.0,250.0,53.0,Female,2.0,178743.01,6.0,6.0
8045312,25.0,311.0,70.0,Female,2.0,111976.1,5.0,5.0
7145160,20.0,241.0,32.5,Male,2.0,54202.86,1.0,1.0
7958571,5.0,66.0,54.5,Unknown,2.0,22680.11,3.0,3.0
7159058,16.0,194.0,55.0,Male,2.0,514456.81000000006,1.0,1.0
5394786,8.0,101.0,55.5,Female,2.0,38262.7,6.0,6.0
4588774,4.0,59.0,20.5,Unknown,2.0,27254.52,3.0,3.0
6457895,9.0,111.0,25.5,Male,3.0,40126.08,1.0,1.0
2885059,6.0,82.0,32.0,Unknown,2.0,50038.32,1.0,1.0
4702449,5.0,64.0,21.5,Unknown,2.0,25960.44,5.0,5.0
5232873,17.0,212.0,52.0,Female,2.0,267321.08,7.0,7.0
6252461,8.0,96.0,41.0,Unknown,2.0,20510.56,1.0,1.0
8515456,14.0,168.0,38.5,Male,3.0,74514.53,6.0,6.0
7937129,5.0,64.0,83.5,Unknown,2.0,50425.57,7.0,7.0
2565277,14.0,169.0,61.0,Female,2.0,126178.74,1.0,1.0
4481420,4.0,58.0,23.5,Unknown,2.0,35204.149999999994,1.0,1.0
7823791,8.0,101.0,22.5,Unknown,3.0,26257.41,6.0,6.0
5375113,6.0,80.0,26.0,Unknown,3.0,36250.85,4.0,4.0
5168002,8.0,107.0,19.0,Female,2.0,15610.839999999997,2.0,2.0
8414890,6.0,83.0,24.5,Female,2.0,15161.399999999998,3.0,4.0
8038557,12.0,153.0,68.0,Female,2.0,66676.85,2.0,2.0
421317,5.0,60.0,15.5,Unknown,2.0,19338.93,5.0,5.0
9846047,11.0,139.0,45.0,Female,2.0,55527.58,4.0,4.0
2036908,14.0,178.0,27.0,Male,2.0,22485.35,3.0,3.0
6103869,4.0,50.0,33.5,Unknown,3.0,66068.09,1.0,1.0
5338718,4.0,57.0,31.0,Unknown,3.0,53025.66,6.0,6.0
2778212,25.0,305.0,45.0,Male,2.0,1212537.18,2.0,2.0
8864341,23.0,276.0,46.0,Female,3.0,57285.26,2.0,2.0
1285860,5.0,67.0,63.5,Unknown,2.0,21607.43,4.0,4.0
4336068,8.0,104.0,43.5,Male,2.0,484150.07,3.0,3.0
3982524,7.0,84.0,24.0,Unknown,2.0,45345.35,4.0,4.0
7837746,4.0,57.0,37.0,Male,2.0,205361.42,3.0,3.0
3880228,8.0,104.0,31.5,Male,4.0,251376.29,7.0,7.0
9390801,12.0,148.0,71.0,Male,2.0,55777.29000000001,5.0,5.0
7108450,13.0,157.0,69.0,Male,2.0,75441.17,4.0,4.0
9989221,9.0,108.0,61.5,Female,2.0,21156.38,5.0,5.0
4121144,7.0,84.0,43.0,Unknown,2.0,247865.71,6.0,6.0
7110314,10.0,129.0,54.5,Male,2.0,28992.89,1.0,1.0
5026310,4.0,58.0,46.0,Unknown,2.0,18063.69,3.0,3.0
9441896,11.0,142.0,53.0,Male,2.0,19151.18,2.0,2.0
1683052,8.0,101.0,32.0,Unknown,2.0,40227.77,3.0,3.0
9893793,9.0,118.0,58.0,Female,2.0,19908.01,1.0,1.0
4769755,22.0,274.0,47.5,Unknown,2.0,340027.99,6.0,6.0
3540637,20.0,247.0,23.5,Male,3.0,69588.82,7.0,7.0
4126080,18.0,216.0,64.5,Male,4.0,934336.43,7.0,7.0
9490317,5.0,65.0,54.5,Female,2.0,39476.42,1.0,1.0
5304384,12.0,147.0,74.0,Unknown,2.0,90205.92,1.0,1.0
8331917,12.0,151.0,22.0,Female,2.0,211537.74,2.0,2.0
4058896,16.0,192.0,51.5,Male,3.0,26657.03,7.0,7.0
2392127,7.0,87.0,32.0,Unknown,2.0,89564.69,3.0,3.0
9224242,9.0,108.0,68.0,Male,2.0,24485.14,6.0,6.0
4933117,5.0,67.0,21.0,Unknown,2.0,36706.21,6.0,6.0
5271027,13.0,161.0,59.5,Female,2.0,107044.92,2.0,2.0
6106661,15.0,182.0,63.0,Female,2.0,170255.87,7.0,7.0
3792796,9.0,108.0,23.5,Male,3.0,55649.380000000005,2.0,2.0
9877583,14.0,173.0,53.5,Female,2.0,63635.12,1.0,1.0
1710739,5.0,67.0,46.0,Female,2.0,26951.46,7.0,7.0
3300499,13.0,165.0,28.5,Female,2.0,34204.53999999999,5.0,5.0
6861693,7.0,86.0,21.0,Male,2.0,55805.20999999999,7.0,7.0
6762143,16.0,197.0,64.0,Male,3.0,78191.43,7.0,7.0
1282407,7.0,88.0,52.5,Unknown,3.0,163744.75,4.0,4.0
3254248,8.0,106.0,27.0,Male,2.0,46296.05,5.0,5.0
1111535,26.0,318.0,65.5,Female,3.0,82536.54,6.0,6.0
5545549,5.0,70.0,66.0,Male,2.0,61272.45,1.0,1.0
3851152,6.0,82.0,40.5,Unknown,2.0,22774.4,3.0,3.0
5140167,18.0,219.0,70.0,Female,2.0,81123.42,3.0,3.0
4390693,28.0,341.0,25.5,Unknown,2.0,20871.57,2.0,2.0
1403707,18.0,219.0,66.5,Female,2.0,40027.48,3.0,3.0
8156335,19.0,236.0,38.0,Male,2.0,31837.410000000003,3.0,3.0
2775378,3.0,44.0,27.0,Unknown,2.0,15249.94,3.0,3.0
688722,22.0,271.0,52.5,Male,2.0,70062.23999999999,2.0,2.0
9800867,22.0,266.0,62.0,Unknown,2.0,24449.73,6.0,6.0
6546018,21.0,255.0,48.5,Male,2.0,88783.55,1.0,1.0
7380959,21.0,252.0,74.5,Female,2.0,440545.36,7.0,7.0
2458327,20.0,251.0,68.0,Male,2.0,27789.869999999995,6.0,6.0
9181304,18.0,226.0,57.5,Female,3.0,783635.49,5.0,5.0
8817760,10.0,130.0,41.5,Male,3.0,80926.01,7.0,7.0
8386689,13.0,156.0,42.5,Female,2.0,161369.99,2.0,2.0
7322740,15.0,188.0,39.0,Male,2.0,36414.25,1.0,1.0
4456484,11.0,136.0,30.5,Male,2.0,17283.69,2.0,2.0
3453530,11.0,137.0,67.0,Female,2.0,19231.76,1.0,1.0
1750971,21.0,253.0,64.0,Male,2.0,170552.05,5.0,5.0
9946568,13.0,157.0,36.0,Female,2.0,41501.27,1.0,1.0
3600355,12.0,153.0,42.0,Unknown,2.0,22987.06,3.0,3.0
791660,26.0,315.0,75.0,Male,2.0,721547.31,7.0,7.0
249466,9.0,117.0,30.5,Male,3.0,106117.62,7.0,7.0
5906743,8.0,97.0,56.5,Unknown,2.0,94019.36,4.0,4.0
8969560,13.0,163.0,15.5,Male,3.0,14228.37,5.0,5.0
1104046,26.0,323.0,83.0,Male,3.0,383392.22,6.0,6.0
6977465,31.0,382.0,55.0,Male,2.0,264410.84,7.0,7.0
8811960,6.0,73.0,28.0,Unknown,2.0,51002.66,3.0,3.0
4574005,5.0,71.0,34.0,Unknown,2.0,45779.87,3.0,3.0
688423,10.0,129.0,27.5,Male,2.0,72253.42,1.0,1.0
194223,9.0,110.0,37.0,Male,4.0,572578.9800000001,5.0,5.0
6984377,8.0,106.0,41.5,Female,2.0,23055.29,3.0,3.0
838888,8.0,106.0,28.5,Male,2.0,18690.2,4.0,4.0
8413996,7.0,94.0,54.5,Unknown,2.0,41467.64,6.0,6.0
1302465,10.0,130.0,28.5,Male,2.0,54203.45,7.0,7.0
7132464,5.0,70.0,29.0,Unknown,2.0,23308.2,3.0,3.0
9226905,9.0,108.0,26.0,Male,2.0,67195.9,5.0,5.0
1451465,5.0,66.0,31.0,Unknown,2.0,18141.68,1.0,1.0
1341040,5.0,64.0,61.0,Unknown,3.0,402511.21,6.0,6.0
9200420,9.0,118.0,41.5,Female,2.0,41146.8,2.0,2.0
6634316,14.0,169.0,59.0,Unknown,2.0,89484.45,1.0,1.0
2309963,13.0,162.0,36.5,Female,2.0,205409.71,7.0,7.0
2238729,20.0,244.0,68.0,Male,3.0,217067.68,7.0,7.0
3982446,6.0,78.0,20.5,Unknown,3.0,82980.16,7.0,7.0
2661057,10.0,128.0,43.0,Male,2.0,73880.5,1.0,1.0
3977608,13.0,164.0,54.5,Female,2.0,31685.619999999995,3.0,3.0
1779209,7.0,94.0,65.5,Unknown,2.0,44879.53,3.0,3.0
2379953,7.0,93.0,49.0,Unknown,3.0,146512.16999999998,7.0,7.0
596623,4.0,58.0,26.0,Unknown,2.0,27846.22,3.0,3.0
2316578,8.0,104.0,54.5,Female,2.0,77408.94,6.0,6.0
7983602,14.0,173.0,36.5,Male,3.0,517584.28,7.0,7.0
2195597,4.0,57.0,35.5,Unknown,2.0,28399.49,7.0,7.0
8920639,11.0,135.0,28.5,Female,2.0,36217.72,2.0,2.0
3509329,22.0,275.0,54.5,Male,3.0,734293.13,7.0,7.0
804773,21.0,255.0,64.5,Male,2.0,1018105.93,7.0,7.0
8468481,19.0,231.0,20.5,Male,2.0,35759.1,2.0,3.0
8412913,18.0,227.0,66.5,Male,2.0,165194.36,7.0,7.0
2812363,7.0,88.0,22.0,Unknown,3.0,62351.380000000005,7.0,7.0
8645378,6.0,77.0,37.0,Female,2.0,32964.02,1.0,1.0
5378699,26.0,316.0,59.0,Male,3.0,275619.57,7.0,7.0
1356498,9.0,110.0,32.5,Female,4.0,142903.11,7.0,7.0
6979078,7.0,92.0,46.0,Unknown,2.0,39249.7,1.0,1.0
1680375,7.0,94.0,66.5,Unknown,2.0,80118.89,4.0,4.0
8838059,8.0,107.0,71.5,Female,2.0,28861.29,6.0,6.0
5397118,7.0,86.0,21.0,Unknown,2.0,19021.55,2.0,2.0
8338132,16.0,193.0,64.0,Unknown,2.0,160353.24,7.0,7.0
4196081,11.0,136.0,66.0,Male,2.0,881272.3300000001,1.0,1.0
447533,11.0,143.0,49.0,Male,2.0,123942.34,2.0,2.0
5846000,33.0,406.0,62.5,Female,2.0,52777.34,3.0,3.0
3750428,7.0,91.0,62.0,Female,2.0,157500.77999999997,1.0,3.0
4795945,5.0,62.0,47.5,Female,2.0,68937.73999999999,5.0,5.0
5993740,15.0,181.0,52.0,Female,2.0,76419.19,1.0,1.0
9995115,15.0,190.0,35.5,Male,2.0,45038.66,1.0,1.0
7674351,4.0,59.0,16.5,Unknown,2.0,36299.66,7.0,7.0
6219917,7.0,91.0,24.5,Unknown,3.0,41212.08,6.0,6.0
8086588,10.0,131.0,29.5,Male,2.0,18813.74,1.0,1.0
8060060,6.0,82.0,51.5,Unknown,2.0,63302.14,2.0,2.0
2371089,6.0,72.0,20.0,Unknown,3.0,56450.65,2.0,2.0
1445174,23.0,281.0,17.0,Male,3.0,40046.46,1.0,1.0
4606185,29.0,351.0,77.5,Female,2.0,74275.65,7.0,7.0
6235476,22.0,264.0,17.0,Female,3.0,59647.09,4.0,5.0
1705449,20.0,250.0,74.0,Female,2.0,63480.26999999999,3.0,4.0
918093,20.0,240.0,57.5,Male,4.0,261641.12,7.0,7.0
1891239,6.0,73.0,49.0,Unknown,2.0,86978.5,4.0,4.0
836799,4.0,58.0,59.0,Unknown,2.0,103330.11,7.0,7.0
2590264,11.0,137.0,28.5,Female,2.0,81138.13,2.0,2.0
8128167,5.0,63.0,26.5,Unknown,2.0,32584.39,2.0,2.0
1875037,10.0,121.0,61.5,Male,2.0,252944.73,7.0,7.0
6243227,15.0,189.0,36.0,Unknown,2.0,78509.1,4.0,4.0
4548289,6.0,75.0,61.5,Male,3.0,450668.46,7.0,7.0
5574879,9.0,112.0,28.5,Male,2.0,18136.48,7.0,7.0
4893756,5.0,67.0,27.0,Female,2.0,57669.61,3.0,3.0
550136,19.0,236.0,52.0,Male,2.0,54756.1,7.0,7.0
7923436,26.0,322.0,53.5,Male,2.0,60417.54000000001,4.0,4.0
1893561,7.0,86.0,65.0,Male,2.0,950589.03,7.0,7.0
1745726,9.0,110.0,41.0,Male,2.0,57883.47,2.0,2.0
81442,3.0,37.0,53.5,Male,2.0,93141.45,7.0,7.0
2014632,14.0,168.0,69.0,Male,2.0,147353.02999999997,6.0,6.0
1612397,8.0,99.0,52.5,Unknown,2.0,83607.4,7.0,7.0
5963154,5.0,60.0,43.5,Unknown,2.0,34095.07,5.0,5.0
3098508,6.0,81.0,19.5,Unknown,2.0,16151.449999999995,2.0,2.0
1569692,4.0,59.0,55.5,Unknown,2.0,32757.65,3.0,3.0
7191573,22.0,274.0,20.0,Male,4.0,208300.8,7.0,7.0
7919175,21.0,263.0,46.5,Male,3.0,145704.71000000002,7.0,7.0
7133409,19.0,233.0,33.5,Unknown,2.0,105971.22,1.0,1.0
1274504,19.0,228.0,75.0,Female,3.0,332047.16,7.0,7.0
4344485,16.0,198.0,26.5,Unknown,3.0,128091.36,3.0,3.0
1477843,14.0,175.0,27.5,Female,2.0,22192.71,5.0,5.0
643665,5.0,66.0,24.0,Unknown,2.0,15128.19,1.0,1.0
5568578,5.0,70.0,22.5,Female,2.0,19135.43,2.0,2.0
2781182,6.0,82.0,26.0,Unknown,3.0,41903.15,4.0,4.0
5129355,12.0,145.0,29.5,Male,2.0,86810.69,7.0,7.0
8177631,12.0,147.0,69.0,Female,2.0,51530.79,5.0,6.0
5274188,4.0,58.0,22.5,Unknown,2.0,24439.89,7.0,7.0
9791082,15.0,187.0,24.5,Female,3.0,125255.28999999998,7.0,7.0
9502675,14.0,177.0,47.0,Female,2.0,22233.69,3.0,3.0
2777582,11.0,143.0,52.0,Female,2.0,28754.869999999995,1.0,1.0
4505879,4.0,59.0,15.5,Unknown,2.0,18615.14,4.0,4.0
2138730,30.0,362.0,61.0,Unknown,2.0,75150.95,3.0,3.0
7103947,9.0,118.0,30.0,Male,3.0,81373.06,7.0,7.0
626728,9.0,110.0,26.0,Female,3.0,46775.31,4.0,4.0
7690250,9.0,108.0,86.5,Male,4.0,30336.34,5.0,6.0
1230661,31.0,379.0,63.5,Female,2.0,44105.23,4.0,4.0
3646564,15.0,183.0,29.0,Female,2.0,46425.91,2.0,2.0
8829235,4.0,58.0,26.5,Unknown,2.0,27808.27,4.0,4.0
4575877,4.0,51.0,65.5,Unknown,3.0,337668.28,7.0,7.0
8822954,10.0,121.0,27.0,Female,3.0,80212.06,4.0,4.0
9514786,15.0,188.0,41.5,Female,2.0,164169.06,1.0,1.0
5557491,7.0,93.0,42.5,Unknown,4.0,189326.77,7.0,7.0
774915,10.0,125.0,28.5,Female,3.0,179074.05,3.0,3.0
3169747,7.0,85.0,25.0,Unknown,3.0,48428.57,1.0,1.0
8057670,2.0,35.0,26.0,Female,2.0,117026.21,7.0,7.0
756356,14.0,179.0,54.0,Female,2.0,156250.99,1.0,1.0
4446709,4.0,52.0,23.5,Unknown,2.0,17364.6,2.0,2.0
297063,11.0,134.0,35.5,Male,2.0,247797.65,4.0,4.0
7018012,15.0,189.0,44.0,Male,2.0,20656.67,4.0,4.0
6418067,6.0,80.0,40.5,Female,3.0,116442.15,7.0,7.0
938571,5.0,67.0,43.0,Unknown,3.0,53168.04,3.0,3.0
5773350,11.0,133.0,29.5,Male,4.0,82640.06,7.0,7.0
8078186,5.0,71.0,34.5,Unknown,3.0,72293.92,7.0,7.0
1947573,15.0,189.0,63.0,Female,2.0,251161.06,5.0,5.0
5506500,8.0,102.0,52.0,Unknown,2.0,14914.129999999996,2.0,2.0
6698284,25.0,304.0,75.0,Male,2.0,29249.48,6.0,6.0
2306652,27.0,329.0,59.0,Female,2.0,455962.44,5.0,5.0
1291172,19.0,238.0,47.5,Male,3.0,235804.13,7.0,7.0
2857716,8.0,107.0,57.5,Female,2.0,149252.3,4.0,4.0
6826214,14.0,176.0,41.5,Female,2.0,37601.1,1.0,1.0
1253142,5.0,71.0,65.0,Unknown,2.0,38705.66,2.0,2.0
3990788,7.0,89.0,59.5,Unknown,2.0,129392.37,7.0,7.0
6265579,11.0,142.0,52.0,Female,2.0,85313.59,6.0,6.0
8071700,16.0,196.0,54.0,Male,2.0,60901.94,1.0,1.0
2733245,13.0,160.0,40.5,Female,2.0,290545.29,1.0,1.0
1326916,6.0,77.0,69.0,Unknown,2.0,27838.46,1.0,1.0
6022882,12.0,146.0,58.0,Male,2.0,30397.36,2.0,2.0
5917386,9.0,118.0,60.0,Female,2.0,22244.64,2.0,2.0
8582945,13.0,166.0,58.0,Female,2.0,41872.85,2.0,2.0
981427,25.0,310.0,52.0,Male,2.0,105244.71,7.0,7.0
178885,16.0,202.0,55.5,Female,2.0,28704.28,2.0,2.0
9643655,34.0,418.0,53.5,Male,2.0,77652.94,3.0,3.0
6249449,4.0,53.0,52.5,Unknown,3.0,21389.36,6.0,6.0
3624700,16.0,193.0,51.0,Female,2.0,216979.63,5.0,5.0
5468323,12.0,146.0,44.5,Female,2.0,103700.46,7.0,7.0
4320366,15.0,184.0,44.5,Male,2.0,29329.57,3.0,3.0
3329455,13.0,165.0,49.5,Female,2.0,122068.88,3.0,3.0
5056484,4.0,59.0,47.0,Unknown,2.0,41236.25,5.0,5.0
7561661,13.0,159.0,44.5,Male,2.0,28883.29,2.0,2.0
2683593,8.0,99.0,36.0,Unknown,2.0,60865.31,2.0,3.0
3745060,7.0,94.0,49.5,Unknown,2.0,67318.37,4.0,4.0
6958378,9.0,109.0,33.5,Female,3.0,24363.29,4.0,4.0
7404425,5.0,69.0,36.0,Unknown,2.0,21001.99,3.0,3.0
4030414,18.0,224.0,21.0,Male,2.0,20568.51,2.0,2.0
4414342,17.0,211.0,26.0,Male,3.0,155754.63,4.0,4.0
116672,6.0,73.0,52.5,Unknown,2.0,33524.13,6.0,6.0
1784631,14.0,168.0,57.5,Male,2.0,53270.91,6.0,6.0
1895027,7.0,86.0,19.0,Unknown,2.0,86729.01,3.0,3.0
207983,14.0,179.0,55.0,Male,2.0,190054.69,7.0,7.0
9490187,6.0,73.0,39.5,Unknown,2.0,51131.99,4.0,4.0
9477750,9.0,118.0,35.0,Male,2.0,46586.86,1.0,1.0
6065591,10.0,130.0,30.5,Female,2.0,38597.38,1.0,1.0
8729287,4.0,58.0,60.5,Unknown,3.0,32430.4,2.0,2.0
3431394,4.0,59.0,55.0,Unknown,2.0,36841.05,2.0,2.0
4073781,32.0,388.0,63.5,Female,2.0,412719.12,1.0,1.0
7969227,7.0,89.0,64.0,Unknown,4.0,568085.7000000001,4.0,4.0
5139043,15.0,180.0,49.5,Male,2.0,131303.06,3.0,3.0
6538800,15.0,180.0,54.0,Female,3.0,32600.86,7.0,7.0
4271114,16.0,193.0,44.0,Male,2.0,23282.64,2.0,2.0
5217934,5.0,70.0,20.0,Unknown,2.0,35297.03,2.0,2.0
6143429,6.0,82.0,53.5,Unknown,2.0,62139.29000000001,7.0,7.0
6907272,15.0,180.0,24.0,Female,3.0,31234.35,6.0,6.0
3094378,20.0,241.0,47.5,Female,3.0,30973.32,4.0,4.0
9966593,6.0,81.0,40.0,Unknown,2.0,31696.1,4.0,4.0
1060741,26.0,322.0,67.0,Female,2.0,158873.77000000002,5.0,5.0
7838711,7.0,93.0,61.0,Unknown,2.0,26270.29,1.0,1.0
8877149,15.0,190.0,25.5,Unknown,4.0,59022.2,5.0,5.0
3204968,22.0,273.0,58.5,Female,2.0,41196.64,5.0,6.0
9339858,8.0,97.0,46.5,Unknown,2.0,355509.16,5.0,5.0
9529786,12.0,155.0,51.5,Female,2.0,146419.78999999998,2.0,2.0
279334,26.0,322.0,52.5,Male,3.0,731019.3500000001,6.0,6.0
3610012,15.0,190.0,49.5,Female,2.0,34073.71,1.0,1.0
2159617,5.0,70.0,65.5,Unknown,2.0,131607.27000000002,6.0,6.0
8052665,4.0,58.0,40.5,Unknown,3.0,113901.77,7.0,7.0
1883565,5.0,71.0,63.0,Unknown,2.0,287678.0,2.0,2.0
9110780,10.0,131.0,46.0,Unknown,2.0,27664.49,2.0,2.0
7532899,5.0,66.0,49.0,Unknown,2.0,112688.36,7.0,7.0
8977732,8.0,107.0,56.5,Male,2.0,274634.78,2.0,2.0
5809922,7.0,89.0,34.5,Unknown,2.0,85002.37,1.0,1.0
5870396,15.0,189.0,41.0,Female,2.0,13827.379999999996,2.0,2.0
1829989,28.0,341.0,62.5,Male,3.0,77416.01,1.0,1.0
2316704,6.0,72.0,21.0,Unknown,2.0,20973.16,2.0,2.0
7915334,10.0,120.0,41.0,Male,2.0,40202.03999999999,1.0,1.0
5057857,10.0,124.0,65.5,Male,2.0,35159.6,3.0,3.0
5265568,16.0,195.0,50.0,Female,2.0,42595.23,4.0,4.0
570124,4.0,59.0,26.0,Unknown,2.0,34944.19,1.0,1.0
8133266,21.0,262.0,78.5,Male,3.0,1542261.41,7.0,7.0
3144583,14.0,170.0,69.5,Female,2.0,46024.52,5.0,5.0
2110811,15.0,181.0,44.5,Male,2.0,35035.2,2.0,2.0
5146538,13.0,163.0,32.0,Male,2.0,31119.47,4.0,4.0
1283679,11.0,138.0,23.5,Male,2.0,75262.65,7.0,7.0
6304114,12.0,154.0,64.0,Male,3.0,1052374.31,4.0,5.0
5293778,23.0,283.0,66.5,Female,2.0,26348.2,1.0,1.0
5559860,22.0,268.0,48.0,Female,3.0,127525.72,5.0,5.0
4909283,21.0,261.0,19.5,Male,3.0,94517.58,7.0,7.0
1062094,20.0,248.0,51.5,Male,2.0,67869.26999999999,2.0,3.0
3037830,20.0,243.0,60.5,Female,2.0,181950.65,1.0,1.0
4387347,17.0,211.0,31.5,Female,2.0,27314.02,3.0,3.0
827535,17.0,209.0,22.0,Male,3.0,157088.01,1.0,1.0
9428506,5.0,66.0,14.5,Unknown,2.0,27040.48,6.0,6.0
3387888,7.0,90.0,26.5,Unknown,2.0,38404.78999999999,5.0,5.0
3848423,14.0,169.0,22.5,Male,2.0,130856.78999999998,3.0,3.0
5585305,11.0,142.0,50.0,Male,2.0,273235.52,4.0,4.0
7178741,7.0,86.0,25.0,Unknown,2.0,59538.79999999999,2.0,2.0
101864,10.0,122.0,20.5,Female,2.0,515750.58,4.0,4.0
584443,6.0,73.0,18.0,Unknown,2.0,14973.089999999997,4.0,4.0
5976158,4.0,58.0,33.5,Male,2.0,35845.81,4.0,4.0
8253004,12.0,155.0,36.5,Female,2.0,58741.62,3.0,3.0
3908575,36.0,432.0,62.0,Male,3.0,1148351.86,2.0,2.0
7111695,9.0,119.0,47.0,Male,2.0,41588.98,4.0,4.0
626089,10.0,130.0,49.5,Female,2.0,87619.06,1.0,1.0
3179531,5.0,70.0,46.5,Unknown,2.0,21805.74,1.0,1.0
9603067,8.0,101.0,65.0,Unknown,2.0,49689.18,4.0,4.0
7460996,19.0,232.0,50.5,Male,2.0,60483.65,4.0,4.0
2428980,12.0,145.0,61.0,Female,2.0,54670.16,2.0,2.0
1144226,7.0,92.0,22.0,Unknown,2.0,55011.69,7.0,7.0
968617,6.0,80.0,22.0,Unknown,2.0,46458.62,7.0,7.0
6940288,19.0,228.0,55.5,Female,2.0,29969.79,2.0,2.0
242513,22.0,274.0,51.0,Male,3.0,174608.40999999997,7.0,7.0
853179,21.0,259.0,71.5,Female,2.0,94640.87,7.0,7.0
346788,18.0,219.0,19.0,Female,2.0,51073.33,3.0,3.0
7616340,17.0,208.0,49.0,Male,5.0,110723.2,7.0,7.0
768632,13.0,167.0,57.5,Unknown,2.0,28995.85,4.0,4.0
620377,8.0,97.0,26.0,Unknown,2.0,56749.23999999999,7.0,7.0
7729027,14.0,175.0,42.0,Female,2.0,35067.27,1.0,1.0
4984318,9.0,115.0,27.0,Male,2.0,17865.6,5.0,5.0
9740911,13.0,164.0,43.0,Unknown,4.0,536788.81,6.0,6.0
77292,4.0,54.0,23.0,Male,2.0,46408.84,7.0,7.0
4386973,9.0,109.0,62.5,Male,3.0,13979.82,2.0,2.0
3182411,8.0,102.0,36.0,Unknown,2.0,25928.57,5.0,5.0
2504555,13.0,156.0,18.0,Female,3.0,52527.63,4.0,4.0
1299066,13.0,166.0,29.0,Male,2.0,15412.609999999995,7.0,7.0
5208340,14.0,168.0,59.5,Female,2.0,793972.2200000001,7.0,7.0
1932504,6.0,74.0,55.0,Unknown,2.0,45729.41,1.0,1.0
7088502,10.0,127.0,38.0,Female,2.0,21882.71,1.0,1.0
1421326,14.0,168.0,32.0,Female,2.0,70563.07,3.0,3.0
9379378,15.0,189.0,52.5,Female,2.0,38852.28,6.0,6.0
5440301,6.0,78.0,20.5,Unknown,3.0,36064.19,2.0,2.0
6547677,8.0,102.0,43.0,Unknown,2.0,27957.68,7.0,7.0
5012056,13.0,164.0,41.0,Male,2.0,27016.48,3.0,3.0
6265865,24.0,294.0,38.5,Male,2.0,37818.63,3.0,3.0
2597095,22.0,265.0,60.0,Male,2.0,94897.67,3.0,3.0
4579832,21.0,263.0,66.0,Female,2.0,82350.86,2.0,2.0
2721599,21.0,252.0,74.0,Female,3.0,121526.52000000002,5.0,5.0
9552641,17.0,207.0,41.5,Female,2.0,26818.19,1.0,1.0
6842830,6.0,77.0,30.5,Unknown,3.0,74757.95,3.0,3.0
2380531,5.0,67.0,18.5,Unknown,2.0,30785.64,2.0,2.0
291099,7.0,85.0,23.5,Unknown,2.0,58981.81,3.0,3.0
3484689,6.0,74.0,54.5,Unknown,2.0,28448.619999999995,1.0,1.0
2061465,9.0,114.0,29.5,Unknown,2.0,20394.06,7.0,7.0
7382959,4.0,58.0,26.5,Unknown,2.0,42606.45,1.0,1.0
6766444,9.0,113.0,30.0,Female,3.0,63157.0,7.0,7.0
1726444,16.0,198.0,41.0,Male,2.0,521132.52,1.0,1.0
3526975,27.0,327.0,53.5,Male,2.0,21475.47,1.0,2.0
9028875,9.0,108.0,47.5,Female,2.0,61869.22,4.0,4.0
8926634,11.0,132.0,21.0,Male,2.0,37252.83,1.0,1.0
8562860,4.0,53.0,26.0,Unknown,4.0,14079.07,7.0,7.0
8732595,8.0,105.0,46.5,Male,2.0,63122.29000000001,4.0,4.0
5169831,5.0,70.0,24.5,Unknown,3.0,61111.07000000001,6.0,6.0
5455641,7.0,95.0,48.0,Unknown,2.0,72661.48999999999,6.0,6.0
5602893,15.0,183.0,51.5,Male,2.0,25995.58,1.0,1.0
6696465,20.0,245.0,50.5,Female,3.0,1746808.25,3.0,4.0
2454015,20.0,243.0,60.5,Male,3.0,95759.86,2.0,2.0
7076973,20.0,241.0,64.5,Male,3.0,49893.95,2.0,2.0
4812426,17.0,206.0,60.5,Male,3.0,3463930.58,7.0,7.0
2307782,10.0,131.0,51.5,Male,2.0,26778.79,2.0,2.0
365303,9.0,113.0,54.0,Unknown,3.0,49108.71,6.0,6.0
2489832,9.0,118.0,26.0,Male,3.0,131276.97999999998,6.0,6.0
5051697,3.0,47.0,53.5,Female,3.0,372883.52,7.0,7.0
9275390,9.0,114.0,64.5,Female,2.0,27438.69,3.0,4.0
9458420,27.0,324.0,58.5,Male,3.0,295098.66,6.0,6.0
8578667,7.0,95.0,26.0,Unknown,2.0,49907.8,4.0,4.0
133408,7.0,90.0,28.0,Unknown,2.0,58965.25,7.0,7.0
8007435,4.0,58.0,37.5,Unknown,2.0,23047.31,3.0,3.0
3767930,9.0,114.0,37.5,Male,2.0,44608.02,5.0,5.0
7887183,7.0,94.0,45.5,Unknown,2.0,21367.25,1.0,1.0
4381086,5.0,65.0,21.0,Unknown,3.0,55553.95,6.0,6.0
6245737,7.0,87.0,72.5,Female,2.0,25143.96,2.0,3.0
5587289,11.0,132.0,57.0,Female,2.0,190062.89,2.0,2.0
785924,16.0,194.0,47.0,Female,2.0,469804.78,1.0,1.0
783612,8.0,100.0,18.5,Unknown,2.0,39918.0,2.0,2.0
4898864,4.0,58.0,22.0,Unknown,2.0,45604.51,7.0,7.0
2945795,15.0,186.0,32.0,Male,2.0,69700.43,4.0,4.0
9464889,21.0,260.0,42.0,Female,2.0,172353.74,3.0,3.0
3969334,20.0,245.0,45.0,Male,2.0,20624.76,5.0,5.0
5891059,13.0,157.0,59.0,Female,3.0,235064.83,3.0,3.0
5500472,13.0,156.0,41.5,Female,2.0,53424.17,3.0,3.0
1096249,25.0,311.0,63.0,Male,3.0,1337610.5,6.0,7.0
7027859,9.0,115.0,27.5,Male,2.0,19725.16,7.0,7.0
5036994,12.0,149.0,28.5,Female,2.0,31414.95,7.0,7.0
3754353,6.0,82.0,41.0,Unknown,2.0,22786.59,2.0,2.0
5054752,16.0,195.0,52.0,Male,2.0,172547.66999999998,2.0,2.0
6309966,30.0,360.0,33.5,Female,2.0,22724.42,5.0,5.0
1678244,5.0,68.0,55.0,Female,2.0,60681.04000000001,2.0,2.0
6785606,28.0,343.0,54.0,Female,4.0,127619.41999999998,5.0,5.0
6328265,12.0,150.0,51.0,Male,2.0,125131.57,4.0,4.0
3313063,6.0,76.0,28.0,Unknown,2.0,28946.24,6.0,6.0
7071301,22.0,272.0,67.5,Female,2.0,77783.82,2.0,2.0
1462006,13.0,160.0,64.5,Female,2.0,224281.64,7.0,7.0
439991,6.0,79.0,63.5,Unknown,2.0,518241.09,5.0,5.0
1160618,4.0,58.0,38.0,Unknown,2.0,22450.78,1.0,1.0
8617480,7.0,87.0,45.5,Unknown,3.0,64172.70999999999,6.0,6.0
5155649,5.0,71.0,33.0,Unknown,2.0,40975.35,5.0,5.0
7107436,6.0,76.0,31.0,Unknown,2.0,57278.86,7.0,7.0
7126670,6.0,78.0,66.5,Unknown,2.0,339472.15,6.0,6.0
1247350,15.0,190.0,43.5,Female,2.0,242120.07,3.0,3.0
6591627,15.0,185.0,34.5,Female,2.0,98847.85,1.0,1.0
6125445,6.0,79.0,31.5,Unknown,3.0,27985.81,6.0,6.0
8519565,6.0,81.0,28.0,Unknown,2.0,21625.26,4.0,4.0
9372133,22.0,269.0,49.5,Male,2.0,13863.759999999998,2.0,2.0
6032034,21.0,257.0,45.0,Male,2.0,38227.48,6.0,6.0
9965310,21.0,252.0,66.0,Female,5.0,314257.75,6.0,6.0
528599,26.0,320.0,51.5,Male,2.0,43837.09,4.0,4.0
6659757,16.0,195.0,65.5,Male,2.0,15589.879999999996,1.0,1.0
1557923,13.0,165.0,38.0,Female,2.0,177776.16999999998,4.0,4.0
4901872,4.0,57.0,25.0,Unknown,2.0,40596.85,5.0,5.0
1213542,12.0,144.0,59.5,Male,2.0,18465.28,1.0,1.0
6291254,4.0,58.0,36.5,Unknown,4.0,352446.71,4.0,4.0
935908,14.0,179.0,62.5,Female,2.0,37944.28,4.0,4.0
150540,20.0,251.0,54.0,Female,3.0,143208.43,6.0,6.0
7018166,20.0,245.0,34.5,Male,3.0,53238.27,5.0,6.0
5435528,18.0,220.0,55.0,Female,2.0,45479.96,7.0,7.0
5466171,7.0,95.0,35.0,Unknown,2.0,72060.20999999999,7.0,7.0
6389152,15.0,191.0,64.0,Female,2.0,119756.99,2.0,2.0
1770445,7.0,93.0,27.0,Unknown,2.0,71093.01999999999,7.0,7.0
4175549,6.0,76.0,24.5,Unknown,2.0,34264.59,7.0,7.0
1287158,30.0,369.0,73.0,Male,2.0,25441.29,2.0,2.0
7887569,15.0,186.0,31.0,Male,2.0,16536.519999999997,7.0,7.0
1489181,4.0,56.0,25.5,Unknown,2.0,27331.24,4.0,4.0
6233514,14.0,174.0,55.5,Male,3.0,227704.22,7.0,7.0
7951981,7.0,89.0,23.0,Unknown,2.0,37215.32,3.0,3.0
5039426,12.0,153.0,28.5,Male,2.0,49583.8,3.0,3.0
5720987,5.0,70.0,59.5,Unknown,2.0,27024.97,1.0,1.0
3305460,12.0,155.0,51.5,Female,2.0,84090.43,4.0,4.0
3686862,8.0,107.0,28.5,Male,2.0,19075.27,1.0,1.0
2161348,8.0,103.0,27.0,Unknown,2.0,15856.059999999998,3.0,3.0
5220823,6.0,83.0,45.0,Unknown,2.0,21534.45,2.0,2.0
3291237,33.0,406.0,53.5,Female,2.0,321055.73,1.0,1.0
4275862,15.0,187.0,72.0,Female,2.0,23331.64,3.0,3.0
1669010,24.0,295.0,68.5,Female,2.0,209143.68,7.0,7.0
4832935,23.0,286.0,45.5,Female,2.0,215661.08,3.0,3.0
3779739,23.0,277.0,45.0,Female,2.0,110821.69,7.0,7.0
337922,23.0,276.0,44.5,Female,3.0,154052.21000000002,3.0,3.0
9316569,11.0,142.0,30.0,Male,2.0,33790.81,7.0,7.0
3322064,8.0,106.0,19.5,Female,2.0,31973.34,2.0,2.0
1426711,5.0,71.0,16.0,Unknown,2.0,21301.04,2.0,2.0
7299230,10.0,128.0,16.0,Female,2.0,25716.79,3.0,3.0
2594974,7.0,87.0,53.0,Unknown,3.0,111019.09,4.0,4.0
3866109,9.0,109.0,62.5,Male,2.0,28401.44,2.0,2.0
4701696,15.0,189.0,56.0,Female,2.0,23133.4,7.0,7.0
5120771,11.0,133.0,54.0,Male,2.0,104515.79,5.0,5.0
202013,5.0,67.0,52.0,Unknown,2.0,284891.23,4.0,4.0
3200876,5.0,60.0,35.5,Unknown,3.0,52766.23,2.0,2.0
7350102,28.0,342.0,70.5,Male,2.0,428509.64,4.0,4.0
6395820,5.0,70.0,33.5,Male,2.0,15286.559999999998,1.0,1.0
5131121,9.0,119.0,63.0,Male,2.0,84837.87,6.0,6.0
3826890,6.0,81.0,69.0,Unknown,2.0,51860.7,3.0,3.0
2696311,7.0,94.0,34.0,Unknown,3.0,150945.0,2.0,2.0
9871503,4.0,59.0,40.5,Unknown,3.0,693240.38,5.0,5.0
5055510,20.0,245.0,32.5,Male,3.0,50096.49,2.0,2.0
4037815,20.0,242.0,28.0,Male,2.0,20736.24,1.0,1.0
8202384,11.0,135.0,37.5,Unknown,2.0,85694.92,4.0,4.0
9640372,4.0,58.0,37.0,Unknown,2.0,20930.16,1.0,1.0
4310855,19.0,233.0,46.5,Male,2.0,50867.05,2.0,2.0
3257151,4.0,56.0,60.0,Unknown,2.0,16493.079999999998,7.0,7.0
3412819,4.0,58.0,48.5,Unknown,2.0,21299.52,7.0,7.0
8906815,9.0,112.0,66.0,Male,2.0,323407.66,4.0,5.0
6455026,9.0,111.0,49.0,Male,2.0,109032.96,7.0,7.0
4336230,13.0,156.0,48.5,Male,2.0,21855.1,3.0,3.0
7554508,12.0,146.0,38.5,Male,3.0,260698.53,3.0,3.0
5344466,4.0,58.0,47.0,Unknown,2.0,37583.03,2.0,2.0
6880505,12.0,146.0,32.5,Female,3.0,119570.09,3.0,3.0
944295,4.0,56.0,60.0,Female,2.0,124614.08000000002,5.0,5.0
6508718,14.0,171.0,28.5,Male,2.0,35150.36,5.0,5.0
1888236,12.0,148.0,70.0,Male,2.0,99403.6,6.0,6.0
4225609,19.0,228.0,76.0,Male,3.0,455557.06,7.0,7.0
9120657,7.0,94.0,54.0,Unknown,2.0,81978.78,3.0,3.0
1034844,13.0,159.0,51.5,Male,2.0,687003.43,7.0,7.0
7956165,24.0,294.0,57.5,Female,4.0,298092.23,6.0,6.0
4249430,21.0,260.0,17.0,Male,2.0,20311.28,2.0,2.0
1962218,13.0,164.0,69.5,Male,3.0,264330.01,7.0,7.0
3592384,11.0,142.0,71.5,Female,2.0,69018.28,1.0,1.0
2398881,6.0,74.0,30.0,Unknown,2.0,49702.83,1.0,1.0
6784797,6.0,74.0,19.5,Unknown,2.0,61071.01,1.0,1.0
7327624,4.0,59.0,23.0,Unknown,2.0,30105.92,2.0,2.0
4601275,6.0,82.0,57.5,Unknown,2.0,37826.3,1.0,1.0
9147435,4.0,57.0,20.5,Unknown,3.0,58640.600000000006,4.0,4.0
5610420,14.0,175.0,31.0,Male,2.0,70774.73999999999,7.0,7.0
5583700,25.0,311.0,69.5,Male,3.0,1695422.4,2.0,3.0
2279501,6.0,82.0,27.0,Unknown,2.0,35341.14,4.0,4.0
1529017,15.0,187.0,32.5,Female,2.0,54001.58,1.0,1.0
5487898,13.0,156.0,64.0,Male,3.0,55780.29999999999,1.0,1.0
3544793,18.0,221.0,60.0,Female,2.0,451021.89,4.0,4.0
464009,6.0,82.0,23.5,Unknown,2.0,20900.09,1.0,1.0
9655394,7.0,93.0,49.5,Unknown,2.0,93627.09,7.0,7.0
1184752,14.0,178.0,48.5,Female,2.0,63896.79999999999,3.0,3.0
1819296,6.0,80.0,30.0,Unknown,2.0,26952.84,1.0,1.0
9958441,15.0,185.0,56.5,Male,2.0,14366.82,7.0,7.0
8323248,5.0,65.0,61.0,Male,3.0,679833.76,1.0,1.0
5524633,9.0,119.0,70.5,Male,4.0,694634.2300000001,7.0,7.0
4656493,16.0,195.0,53.5,Male,3.0,73149.88,5.0,5.0
9715071,22.0,271.0,56.5,Female,2.0,99188.74,5.0,5.0
7294365,19.0,235.0,67.5,Female,2.0,54770.42,7.0,7.0
8225155,19.0,229.0,86.0,Male,3.0,480092.84,2.0,2.0
1741842,7.0,95.0,17.5,Unknown,2.0,37107.96,7.0,7.0
4440947,33.0,402.0,71.5,Female,2.0,604161.93,5.0,5.0
4232481,16.0,198.0,40.5,Female,2.0,74189.13,7.0,7.0
1931032,11.0,137.0,29.0,Male,2.0,95456.73,7.0,7.0
6520677,14.0,170.0,47.5,Male,3.0,29076.43,7.0,7.0
9223008,19.0,239.0,36.0,Female,2.0,97039.33,3.0,3.0
9352110,6.0,74.0,27.5,Unknown,2.0,20391.74,2.0,2.0
8201087,12.0,151.0,45.0,Male,2.0,48172.96,4.0,4.0
3429152,15.0,186.0,64.5,Female,2.0,148033.34999999998,2.0,3.0
2123061,13.0,166.0,42.5,Female,2.0,30993.81,1.0,1.0
3165691,13.0,166.0,32.5,Unknown,2.0,43816.82,1.0,1.0
8869666,15.0,190.0,50.0,Female,2.0,518349.4,6.0,6.0
8722756,12.0,152.0,32.5,Male,2.0,28614.84,3.0,3.0
936516,10.0,127.0,55.5,Female,2.0,58606.81,3.0,3.0
1219581,23.0,281.0,77.0,Male,3.0,422647.16,7.0,7.0
4527365,22.0,264.0,34.0,Male,2.0,70387.19,4.0,4.0
5980494,21.0,263.0,46.5,Female,3.0,292016.28,3.0,3.0
1162878,21.0,254.0,58.0,Female,3.0,2025981.74,6.0,6.0
5681427,21.0,253.0,78.5,Unknown,2.0,94778.8,1.0,1.0
3369068,8.0,103.0,41.5,Female,3.0,57874.72,3.0,3.0
4547527,15.0,190.0,59.5,Male,2.0,49121.07,1.0,1.0
1858455,13.0,167.0,41.5,Female,3.0,213611.44,7.0,7.0
5829746,23.0,281.0,59.0,Female,2.0,84632.76,7.0,7.0
6751325,7.0,93.0,30.0,Unknown,2.0,65195.45999999999,2.0,2.0
7269616,7.0,85.0,58.5,Female,2.0,25099.69,4.0,4.0
9876961,16.0,193.0,33.0,Male,2.0,139095.58000000002,3.0,3.0
5453042,4.0,57.0,46.5,Unknown,2.0,34771.119999999995,3.0,3.0
434925,5.0,68.0,50.5,Unknown,3.0,89689.05,1.0,1.0
1485094,16.0,203.0,60.0,Male,2.0,16406.489999999998,2.0,2.0
2246329,8.0,98.0,54.5,Unknown,2.0,22264.13,2.0,2.0
8440290,9.0,108.0,43.5,Female,2.0,204816.26,3.0,3.0
8386264,5.0,66.0,19.0,Unknown,2.0,17736.76,3.0,3.0
7788376,10.0,125.0,47.0,Female,2.0,27296.46,3.0,3.0
497095,31.0,382.0,56.0,Male,2.0,95429.55,3.0,3.0
7246085,5.0,63.0,61.5,Unknown,2.0,40065.76,5.0,5.0
6642708,15.0,187.0,48.5,Male,2.0,608558.9700000001,6.0,6.0
8432473,6.0,76.0,51.0,Unknown,2.0,155631.13,1.0,2.0
421728,4.0,59.0,28.0,Male,2.0,25149.68,1.0,1.0
3774276,4.0,58.0,31.5,Male,2.0,150883.8,3.0,3.0
3018298,5.0,67.0,52.5,Unknown,2.0,135405.94,7.0,7.0
1786617,19.0,233.0,73.5,Female,2.0,164923.16999999998,7.0,7.0
1859362,18.0,227.0,53.0,Male,3.0,807726.0700000001,7.0,7.0
6711235,10.0,123.0,46.0,Female,2.0,44649.63,2.0,2.0
1126787,15.0,189.0,51.0,Female,2.0,126544.41999999998,7.0,7.0
3244741,11.0,143.0,85.0,Female,2.0,41620.69,3.0,5.0
5085974,5.0,70.0,28.5,Unknown,2.0,28543.47,1.0,1.0
9025626,13.0,159.0,18.5,Female,3.0,24792.67,7.0,7.0
1786023,15.0,187.0,46.0,Female,2.0,518511.42,4.0,5.0
6905600,7.0,92.0,24.0,Unknown,2.0,16974.019999999997,7.0,7.0
3092121,6.0,83.0,75.0,Unknown,2.0,95228.7,7.0,7.0
5013145,13.0,162.0,27.5,Female,2.0,79586.27,2.0,2.0
5581192,13.0,156.0,43.5,Female,2.0,56729.42,4.0,4.0
5617530,8.0,99.0,32.5,Unknown,3.0,70001.11,7.0,7.0
5908255,12.0,145.0,41.5,Female,2.0,90668.07,5.0,5.0
8481804,8.0,98.0,84.5,Female,2.0,37265.05,6.0,6.0
3845002,22.0,273.0,74.5,Male,2.0,179281.36,4.0,4.0
8725569,18.0,226.0,45.0,Male,3.0,93095.36,7.0,7.0
5169811,16.0,202.0,41.5,Male,2.0,57137.76999999999,1.0,1.0
546156,14.0,175.0,36.0,Male,2.0,203361.29,2.0,2.0
5813729,4.0,55.0,38.0,Unknown,3.0,296896.17,7.0,7.0
435913,6.0,75.0,25.5,Unknown,2.0,48646.59,5.0,5.0
6391105,8.0,98.0,47.0,Female,2.0,17989.62,3.0,3.0
9477276,8.0,97.0,58.5,Unknown,2.0,385898.0,7.0,7.0
3564193,5.0,61.0,59.0,Unknown,2.0,85343.04,2.0,2.0
1891742,10.0,124.0,62.5,Male,3.0,285814.06,6.0,6.0
9092862,14.0,175.0,44.5,Unknown,2.0,28338.69,1.0,1.0
4098436,4.0,58.0,33.0,Unknown,3.0,81602.95,7.0,7.0
564466,17.0,214.0,50.0,Male,2.0,327815.95,5.0,5.0
1631325,9.0,112.0,31.0,Female,3.0,98013.87,7.0,7.0
2371815,16.0,202.0,67.0,Female,2.0,77830.63,1.0,1.0
7145550,16.0,193.0,37.5,Female,3.0,73510.61,4.0,4.0
910641,6.0,82.0,61.0,Unknown,2.0,59898.44,3.0,4.0
4139090,9.0,116.0,75.5,Female,2.0,20868.59,5.0,6.0
3675738,12.0,144.0,27.0,Male,2.0,16129.46,7.0,7.0
5060474,6.0,74.0,57.0,Male,2.0,827838.2100000001,7.0,7.0
9824007,23.0,286.0,42.0,Female,2.0,170774.34999999998,3.0,3.0
1840562,23.0,286.0,20.0,Female,2.0,23707.3,7.0,7.0
9305621,19.0,228.0,33.5,Unknown,3.0,51519.3,7.0,7.0
5632312,18.0,226.0,15.5,Female,3.0,17874.98,1.0,1.0
592345,13.0,157.0,56.5,Female,4.0,592551.15,7.0,7.0
9572165,16.0,194.0,42.5,Female,2.0,209150.52,6.0,6.0
9527985,15.0,181.0,43.5,Male,4.0,34630.759999999995,5.0,5.0
4416268,15.0,181.0,38.0,Male,2.0,32132.34,1.0,1.0
8369110,7.0,84.0,17.0,Unknown,2.0,38095.46,3.0,3.0
6259372,13.0,163.0,34.0,Female,2.0,32985.24,5.0,5.0
5021707,5.0,69.0,54.5,Unknown,2.0,88803.56999999999,6.0,6.0
4277354,5.0,66.0,20.5,Unknown,2.0,18779.78,4.0,4.0
7072392,14.0,177.0,56.5,Female,2.0,102379.63,7.0,7.0
3193664,11.0,138.0,53.0,Female,2.0,154869.90999999997,7.0,7.0
1328948,15.0,188.0,36.0,Female,2.0,40113.08,3.0,3.0
5129228,5.0,70.0,41.5,Unknown,3.0,52703.48,6.0,6.0
3145304,6.0,73.0,36.5,Unknown,2.0,80764.8,6.0,6.0
5986141,5.0,64.0,43.0,Unknown,2.0,208973.4,3.0,3.0
5444271,5.0,69.0,25.0,Unknown,2.0,24042.67,4.0,4.0
5294839,5.0,71.0,56.5,Female,3.0,726869.99,5.0,5.0
8888830,4.0,58.0,32.5,Female,2.0,37839.62,2.0,2.0
3531522,25.0,308.0,54.5,Male,5.0,1131562.8299999998,7.0,7.0
2621464,18.0,227.0,49.5,Female,2.0,40811.57,2.0,2.0
8465291,7.0,91.0,56.5,Unknown,2.0,17934.25,4.0,4.0
5554196,6.0,83.0,21.0,Unknown,2.0,15408.329999999998,1.0,1.0
2118139,6.0,75.0,19.5,Unknown,2.0,20723.33,4.0,4.0
7541757,4.0,59.0,57.0,Unknown,2.0,155843.84000000003,3.0,3.0
2548975,6.0,73.0,23.5,Unknown,2.0,26083.81,6.0,6.0
654020,4.0,48.0,41.0,Unknown,2.0,29223.72,7.0,7.0
5983814,5.0,71.0,60.0,Unknown,2.0,34208.16,7.0,7.0
6333521,16.0,202.0,31.0,Male,2.0,46148.99,7.0,7.0
4824380,6.0,82.0,30.5,Unknown,2.0,32917.98,7.0,7.0
9812666,8.0,107.0,56.5,Male,2.0,48185.76,2.0,2.0
4202249,15.0,188.0,61.5,Female,2.0,236687.6,1.0,1.0
6081210,23.0,282.0,55.5,Female,3.0,131652.43,4.0,4.0
2777505,21.0,253.0,39.5,Male,3.0,119187.01,7.0,7.0
4462221,19.0,232.0,48.5,Male,3.0,370907.58,5.0,5.0
4233988,17.0,209.0,57.5,Female,2.0,81822.56,7.0,7.0
8251733,5.0,71.0,36.5,Unknown,3.0,30415.33,6.0,6.0
5627946,13.0,166.0,35.0,Female,2.0,24283.03,2.0,2.0
6638717,11.0,134.0,33.0,Male,4.0,123744.69,6.0,6.0
6266487,8.0,99.0,42.0,Unknown,2.0,62713.47,7.0,7.0
1119935,4.0,48.0,61.5,Male,4.0,314446.08,4.0,4.0
8346580,6.0,81.0,23.5,Unknown,2.0,26564.43,7.0,7.0
8481059,6.0,76.0,25.0,Female,2.0,35915.92,3.0,3.0
863233,11.0,143.0,31.5,Female,2.0,35476.08,1.0,1.0
2745497,16.0,196.0,58.0,Female,2.0,65293.70999999999,2.0,2.0
1334374,9.0,113.0,84.5,Male,3.0,79673.81,7.0,7.0
8854369,12.0,146.0,29.0,Male,3.0,19188.62,6.0,6.0
9902531,13.0,158.0,68.0,Female,2.0,32539.4,4.0,4.0
12115,7.0,92.0,30.0,Unknown,2.0,35896.14,7.0,7.0
1299583,9.0,110.0,19.0,Male,2.0,25289.06,2.0,2.0
9495140,14.0,177.0,75.0,Female,2.0,24065.16,3.0,3.0
2430389,5.0,68.0,72.5,Unknown,2.0,40404.42,7.0,7.0
5390194,13.0,156.0,34.5,Male,3.0,54160.72,7.0,7.0
8333796,16.0,203.0,49.0,Male,2.0,43473.44,6.0,6.0
2227720,8.0,106.0,34.0,Unknown,2.0,90366.73,7.0,7.0
1949810,6.0,74.0,28.5,Unknown,2.0,28877.759999999995,1.0,1.0
2485099,23.0,281.0,53.5,Male,2.0,22539.09,6.0,6.0
7227023,14.0,170.0,55.0,Male,3.0,339782.47,6.0,6.0
6687921,14.0,176.0,49.5,Female,2.0,15083.25,2.0,2.0
3425846,5.0,64.0,28.5,Male,3.0,106239.91,7.0,7.0
9510417,21.0,259.0,51.5,Male,3.0,166113.09999999998,7.0,7.0
4670853,7.0,93.0,43.5,Unknown,2.0,20437.04,2.0,2.0
7840326,16.0,196.0,35.5,Male,2.0,24789.78,7.0,7.0
9372192,4.0,56.0,15.0,Unknown,2.0,17271.64,2.0,2.0
2912810,5.0,67.0,25.5,Unknown,2.0,41073.73,4.0,4.0
2659482,9.0,108.0,61.0,Female,2.0,135382.72,7.0,7.0
5647688,4.0,49.0,31.5,Unknown,4.0,225613.49,4.0,4.0
8319836,16.0,192.0,61.5,Unknown,2.0,103775.47,5.0,5.0
7286852,15.0,181.0,60.0,Female,2.0,204158.39,5.0,6.0
6808075,9.0,109.0,22.0,Female,2.0,17716.25,4.0,4.0
7254784,6.0,73.0,18.0,Unknown,2.0,19665.37,7.0,7.0
2429823,15.0,181.0,60.5,Male,2.0,3609820.84,7.0,7.0
7869046,6.0,82.0,41.0,Unknown,2.0,108497.49,4.0,4.0
237416,11.0,137.0,66.0,Female,2.0,236265.52,5.0,5.0
1333507,13.0,163.0,67.0,Female,2.0,18158.08,3.0,3.0
6425459,26.0,315.0,18.0,Female,3.0,235651.08,6.0,6.0
8232410,15.0,185.0,40.0,Male,2.0,81666.03,4.0,4.0
9021783,8.0,98.0,32.5,Unknown,2.0,178667.40000000002,1.0,1.0
4465528,13.0,160.0,29.0,Male,2.0,58243.58,7.0,7.0
7223345,16.0,193.0,33.0,Male,2.0,22485.99,1.0,1.0
2196554,5.0,70.0,19.5,Unknown,2.0,27632.99,1.0,1.0
9226135,11.0,136.0,29.0,Male,2.0,77195.95,1.0,1.0
4940987,23.0,282.0,57.5,Male,3.0,226160.04,7.0,7.0
2397621,21.0,255.0,50.0,Female,2.0,43814.5,5.0,5.0
6723976,19.0,237.0,49.0,Female,2.0,98601.19,7.0,7.0
7091551,19.0,235.0,58.5,Male,2.0,143302.59999999998,3.0,4.0
9188874,18.0,223.0,52.0,Female,3.0,185373.1,5.0,5.0
9860851,6.0,77.0,27.0,Unknown,4.0,334415.46,7.0,7.0
3159917,16.0,192.0,57.0,Male,2.0,75085.23,5.0,5.0
2853935,5.0,60.0,34.5,Unknown,2.0,40252.76,2.0,2.0
6949445,6.0,72.0,39.5,Unknown,2.0,59746.87,5.0,5.0
4992098,15.0,181.0,30.0,Female,2.0,140894.99,3.0,4.0
2547472,10.0,121.0,47.5,Female,2.0,91167.62,3.0,3.0
8514533,5.0,70.0,37.5,Unknown,2.0,20577.03,5.0,5.0
7675891,12.0,145.0,41.5,Male,2.0,19972.87,4.0,4.0
8526166,8.0,96.0,66.5,Male,2.0,195494.52,2.0,2.0
4632219,8.0,98.0,26.0,Unknown,2.0,25421.04,2.0,2.0
9901328,7.0,94.0,27.5,Unknown,2.0,107454.85,7.0,7.0
3010978,4.0,58.0,27.5,Unknown,2.0,17176.059999999998,7.0,7.0
8599838,20.0,243.0,51.5,Male,2.0,67974.76,4.0,4.0
6367840,5.0,66.0,34.0,Unknown,3.0,64342.48,7.0,7.0
6610801,5.0,64.0,22.0,Female,2.0,20071.05,5.0,5.0
4542010,11.0,137.0,30.0,Female,2.0,79915.09999999999,7.0,7.0
2080961,5.0,70.0,26.0,Unknown,2.0,67000.09,5.0,5.0
7335498,4.0,57.0,66.0,Unknown,2.0,30349.17,5.0,6.0
758959,13.0,163.0,31.5,Male,2.0,43859.83,2.0,2.0
3266613,14.0,174.0,38.5,Female,2.0,84459.28,2.0,2.0
1342025,15.0,190.0,69.5,Male,2.0,55487.01,1.0,1.0
4794909,6.0,77.0,25.5,Unknown,2.0,51055.39,4.0,4.0
3361451,5.0,71.0,56.0,Unknown,2.0,35385.23,4.0,4.0
6085769,5.0,66.0,24.0,Unknown,3.0,57166.56,4.0,4.0
5214190,11.0,133.0,28.0,Male,2.0,72311.54000000001,4.0,4.0
1399730,4.0,54.0,44.5,Female,2.0,14028.16,1.0,1.0
8967088,8.0,106.0,51.5,Female,2.0,38439.75,6.0,6.0
8389727,26.0,319.0,37.0,Male,3.0,86181.84,7.0,7.0
465403,4.0,58.0,57.5,Female,2.0,470216.65,7.0,7.0
8457222,14.0,171.0,44.5,Male,2.0,29129.73,1.0,1.0
6039364,13.0,164.0,56.0,Female,3.0,356274.06,7.0,7.0
9076354,7.0,94.0,21.0,Unknown,3.0,56516.12,2.0,2.0
6560752,7.0,89.0,33.0,Unknown,2.0,20324.72,3.0,3.0
9251845,8.0,97.0,57.0,Unknown,2.0,65518.100000000006,7.0,7.0
2814699,5.0,70.0,26.0,Unknown,3.0,39189.56,1.0,1.0
6584917,14.0,178.0,32.0,Male,3.0,41882.13,1.0,1.0
1858406,15.0,183.0,56.0,Unknown,2.0,13793.829999999998,4.0,4.0
9532007,15.0,190.0,58.5,Male,2.0,27468.08,5.0,5.0
416475,16.0,192.0,61.0,Unknown,2.0,58241.47,1.0,1.0
694989,12.0,145.0,24.0,Male,2.0,24947.2,3.0,3.0
7737613,5.0,70.0,48.5,Female,2.0,43230.78999999999,2.0,2.0
9595139,4.0,57.0,20.5,Unknown,2.0,17220.53,4.0,4.0
281676,11.0,143.0,50.0,Female,2.0,31838.07,3.0,3.0
1301283,5.0,66.0,23.5,Male,2.0,31349.96,7.0,7.0
5132232,5.0,67.0,23.5,Unknown,2.0,34871.48,3.0,3.0
6527636,8.0,106.0,41.5,Male,2.0,51022.97,7.0,7.0
8536569,8.0,104.0,54.5,Female,2.0,26448.29,3.0,3.0
3978079,12.0,154.0,51.0,Male,2.0,28184.92,1.0,1.0
6345293,22.0,267.0,56.5,Male,3.0,577004.25,4.0,4.0
6029256,18.0,223.0,51.5,Male,3.0,586088.54,4.0,4.0
4228541,15.0,181.0,84.5,Female,2.0,96698.3,4.0,4.0
6287704,15.0,189.0,52.0,Female,2.0,128983.71,7.0,7.0
1722578,6.0,75.0,44.0,Unknown,3.0,326908.83,2.0,3.0
699707,5.0,64.0,45.5,Unknown,4.0,54488.85,7.0,7.0
7438490,5.0,70.0,40.5,Female,3.0,34621.6,6.0,6.0
2546493,14.0,179.0,25.5,Male,2.0,22346.48,6.0,6.0
6692766,25.0,305.0,47.5,Female,2.0,270212.38,4.0,5.0
5162981,5.0,68.0,29.0,Unknown,2.0,28561.11,7.0,7.0
3365652,9.0,118.0,25.0,Female,2.0,63891.73999999999,3.0,3.0
2520442,8.0,104.0,24.0,Female,2.0,80421.8,4.0,4.0
2991458,9.0,118.0,54.0,Female,2.0,128288.8,3.0,3.0
4971274,24.0,294.0,55.5,Female,2.0,41838.9,2.0,2.0
7565902,13.0,167.0,25.5,Male,2.0,25379.509999999995,6.0,6.0
3740789,4.0,59.0,50.0,Female,2.0,21883.49,1.0,1.0
9138456,10.0,124.0,28.0,Female,2.0,23961.34,7.0,7.0
9607613,16.0,202.0,44.0,Female,2.0,15152.41,2.0,2.0
9276025,10.0,128.0,40.5,Male,4.0,720971.36,6.0,6.0
8535708,5.0,63.0,27.0,Male,2.0,43433.4,5.0,5.0
4002298,19.0,230.0,51.0,Male,2.0,52895.2,5.0,5.0
9619297,15.0,182.0,70.5,Female,2.0,174997.53999999998,1.0,2.0
473526,10.0,120.0,64.5,Male,3.0,185123.03,5.0,6.0
7911055,4.0,58.0,23.0,Unknown,2.0,33640.11,4.0,4.0
7992050,6.0,72.0,31.5,Unknown,2.0,101042.23,7.0,7.0
3229423,4.0,59.0,40.0,Unknown,2.0,30592.369999999995,1.0,1.0
3478087,5.0,70.0,42.5,Unknown,2.0,18132.62,1.0,1.0
7392073,4.0,59.0,54.5,Unknown,2.0,26725.59,3.0,3.0
9738804,12.0,146.0,59.0,Male,3.0,261398.5,7.0,7.0
3677152,22.0,273.0,14.0,Female,2.0,16989.14,1.0,1.0
8623450,21.0,259.0,54.5,Male,2.0,302955.76,6.0,6.0
8818049,21.0,258.0,59.5,Female,4.0,72811.17,7.0,7.0
2613101,20.0,246.0,48.5,Male,3.0,44693.42999999999,3.0,3.0
1621918,12.0,145.0,29.5,Female,2.0,25410.96,2.0,2.0
4877333,8.0,106.0,29.5,Male,2.0,21792.62,1.0,1.0
7284780,5.0,71.0,37.5,Unknown,2.0,15023.37,2.0,2.0
4728061,13.0,166.0,46.5,Male,2.0,148752.71999999997,6.0,6.0
9204067,4.0,57.0,24.0,Unknown,2.0,20799.12,7.0,7.0
1423495,13.0,164.0,26.5,Male,2.0,38897.75,4.0,4.0
8751219,6.0,74.0,46.0,Female,2.0,18545.87,1.0,1.0
459202,12.0,154.0,69.5,Female,2.0,343185.21,7.0,7.0
2487399,7.0,87.0,47.5,Unknown,2.0,111175.26,7.0,7.0
2579817,14.0,170.0,46.0,Male,2.0,782843.91,6.0,6.0
6443708,6.0,83.0,86.0,Unknown,2.0,127758.8,4.0,4.0
8275921,5.0,66.0,28.0,Male,2.0,30069.23,7.0,7.0
7232136,15.0,189.0,65.0,Female,2.0,30332.98,3.0,3.0
7238915,27.0,334.0,71.0,Female,2.0,79308.91,6.0,6.0
8978373,7.0,94.0,18.5,Unknown,2.0,38456.94,3.0,3.0
9316251,32.0,395.0,71.5,Female,3.0,126228.05,7.0,7.0
3275583,14.0,175.0,53.0,Male,2.0,558868.39,5.0,5.0
1526658,6.0,74.0,23.5,Unknown,2.0,27270.72,3.0,3.0
1304732,7.0,84.0,19.0,Unknown,3.0,28698.4,3.0,3.0
1560814,8.0,101.0,36.5,Unknown,2.0,87314.94,6.0,6.0
913817,26.0,315.0,53.5,Female,2.0,64690.23999999999,7.0,7.0
9176773,22.0,272.0,43.5,Male,3.0,961293.69,7.0,7.0
554843,19.0,231.0,61.5,Male,2.0,135832.4,5.0,5.0
1890508,13.0,160.0,66.0,Male,2.0,397219.02,7.0,7.0
1698567,6.0,75.0,22.0,Female,2.0,21389.77,7.0,7.0
9459550,5.0,65.0,51.0,Unknown,2.0,57946.39,1.0,1.0
2206950,11.0,136.0,32.5,Female,3.0,19366.44,2.0,2.0
4320906,6.0,80.0,45.5,Unknown,2.0,26736.32,3.0,3.0
6763645,8.0,104.0,40.5,Female,2.0,220304.61,2.0,2.0
2032005,15.0,189.0,41.5,Female,2.0,65370.42999999999,6.0,6.0
3754820,9.0,109.0,21.5,Male,2.0,70118.12,2.0,2.0
7218029,6.0,80.0,17.5,Unknown,2.0,17262.46,4.0,4.0
6339138,5.0,71.0,51.5,Unknown,2.0,147720.09999999998,3.0,3.0
9610507,14.0,179.0,31.0,Male,3.0,875748.75,7.0,7.0
9099093,23.0,287.0,47.5,Male,4.0,682030.06,6.0,6.0
1744860,23.0,285.0,53.0,Male,3.0,841893.76,7.0,7.0
3936816,22.0,270.0,62.0,Male,2.0,457320.99,7.0,7.0
5282520,21.0,263.0,42.0,Female,2.0,23545.119999999995,1.0,1.0
7962921,21.0,253.0,37.0,Female,4.0,54129.1,1.0,1.0
7604714,16.0,203.0,50.0,Male,2.0,84765.48,3.0,3.0
4968674,12.0,153.0,47.0,Male,2.0,133425.51,1.0,1.0
5561499,4.0,57.0,22.0,Unknown,2.0,28197.56,7.0,7.0
6143846,8.0,103.0,57.0,Unknown,2.0,128917.15,2.0,2.0
6182495,9.0,110.0,61.0,Female,2.0,33633.05,4.0,4.0
5659650,6.0,75.0,52.5,Unknown,3.0,722997.4700000001,7.0,7.0
4933533,6.0,72.0,24.5,Unknown,2.0,31209.550000000003,6.0,6.0
9296850,26.0,317.0,58.5,Female,2.0,176195.09999999998,2.0,3.0
6949166,29.0,355.0,22.0,Male,2.0,13957.98,2.0,2.0
4813892,5.0,68.0,40.5,Unknown,2.0,39126.95,1.0,1.0
3276858,16.0,193.0,49.0,Female,2.0,29122.759999999995,3.0,3.0
8939129,5.0,70.0,56.5,Unknown,2.0,21567.27,1.0,1.0
3743594,5.0,71.0,57.0,Female,2.0,53326.38,1.0,1.0
4740014,5.0,71.0,28.0,Unknown,2.0,15164.64,2.0,2.0
6962354,29.0,350.0,24.5,Female,2.0,17166.03,4.0,4.0
9694615,13.0,159.0,57.5,Male,2.0,17400.18,1.0,2.0
9387353,10.0,123.0,37.5,Female,2.0,32936.14,7.0,7.0
2107226,7.0,91.0,66.0,Unknown,2.0,311899.13,7.0,7.0
3993881,4.0,58.0,26.0,Unknown,2.0,98550.21,7.0,7.0
6094879,10.0,120.0,52.5,Male,3.0,44023.39,7.0,7.0
3397818,6.0,83.0,24.5,Female,3.0,44894.87,7.0,7.0
5836651,5.0,60.0,15.5,Unknown,2.0,48475.1,4.0,4.0
2341357,6.0,79.0,46.5,Unknown,2.0,71985.97,6.0,6.0
7776944,13.0,156.0,56.0,Female,2.0,219945.98,5.0,5.0
3698631,12.0,145.0,33.5,Male,2.0,105632.81,7.0,7.0
14716,23.0,285.0,77.5,Male,2.0,65316.53,4.0,4.0
4029638,22.0,265.0,49.0,Male,2.0,446274.48,5.0,5.0
8490714,17.0,210.0,54.5,Male,2.0,167929.51,1.0,1.0
7083540,27.0,330.0,71.5,Female,2.0,84600.37,6.0,6.0
988886,27.0,335.0,64.0,Female,2.0,61200.54000000001,2.0,2.0
508212,16.0,199.0,34.5,Male,2.0,115863.68,7.0,7.0
6214400,12.0,145.0,58.0,Male,2.0,89410.08,2.0,2.0
906742,5.0,70.0,21.5,Unknown,3.0,40657.26,7.0,7.0
5468963,7.0,84.0,42.5,Unknown,2.0,242708.95,5.0,5.0
4010414,5.0,70.0,29.5,Unknown,2.0,51083.77,5.0,5.0
6344897,4.0,58.0,55.0,Unknown,2.0,16673.379999999997,3.0,3.0
8636610,7.0,89.0,33.5,Unknown,2.0,15612.269999999997,5.0,5.0
5134423,32.0,390.0,47.5,Male,2.0,16759.76,3.0,3.0
9688490,15.0,191.0,29.5,Female,2.0,34904.07,2.0,2.0
1336997,8.0,97.0,70.5,Unknown,2.0,175191.21999999997,7.0,7.0
9340845,15.0,183.0,41.0,Male,2.0,74834.32,4.0,4.0
7932687,6.0,76.0,23.5,Unknown,2.0,23245.79,2.0,2.0
4925232,14.0,172.0,82.0,Female,3.0,454326.69,7.0,7.0
3570550,9.0,116.0,64.0,Female,2.0,51304.46,3.0,3.0
2941414,11.0,137.0,50.5,Female,2.0,154571.09000000003,1.0,1.0
1619100,5.0,67.0,22.5,Unknown,2.0,16481.78,2.0,2.0
3196607,15.0,180.0,40.5,Male,2.0,16747.62,3.0,3.0
7620407,5.0,63.0,29.0,Unknown,2.0,21761.29,2.0,2.0
5964126,21.0,258.0,55.0,Unknown,3.0,157251.56,7.0,7.0
501171,21.0,252.0,19.5,Male,2.0,21777.21,3.0,3.0
6395896,4.0,57.0,19.0,Unknown,2.0,17830.789999999997,1.0,1.0
3938898,10.0,130.0,26.5,Male,2.0,21304.84,2.0,2.0
674180,9.0,119.0,36.0,Male,2.0,146874.16999999998,7.0,7.0
7566398,11.0,139.0,36.0,Female,2.0,27214.72,1.0,1.0
3318600,5.0,65.0,67.5,Unknown,3.0,28650.3,7.0,7.0
7327823,11.0,132.0,22.0,Female,4.0,26600.46,2.0,2.0
3822814,5.0,71.0,37.0,Unknown,2.0,27308.07,2.0,2.0
1155682,10.0,123.0,51.5,Female,2.0,169159.41999999998,3.0,3.0
6322178,4.0,59.0,74.0,Unknown,2.0,40009.42999999999,1.0,1.0
6951217,7.0,92.0,20.5,Unknown,3.0,35790.02,7.0,7.0
2699813,12.0,149.0,55.0,Female,2.0,23856.02,3.0,3.0
9153163,7.0,94.0,44.0,Unknown,2.0,76950.76,4.0,4.0
9541542,5.0,66.0,32.5,Unknown,4.0,25596.96,2.0,2.0
2817846,5.0,70.0,19.0,Unknown,2.0,68474.6,6.0,6.0
3168292,14.0,171.0,69.0,Male,2.0,82751.78,7.0,7.0
1481299,10.0,126.0,61.5,Male,3.0,53502.29,7.0,7.0
660327,9.0,116.0,38.5,Male,2.0,636845.8300000001,2.0,2.0
3185663,15.0,183.0,82.0,Male,2.0,126809.53,6.0,6.0
6828587,14.0,179.0,42.5,Male,2.0,39292.99,2.0,2.0
7619741,23.0,277.0,63.0,Female,3.0,234061.08,2.0,2.0
9767892,14.0,168.0,63.0,Female,2.0,86594.67,2.0,2.0
4300181,6.0,72.0,33.5,Unknown,2.0,325088.56,1.0,1.0
2927217,28.0,339.0,48.5,Male,4.0,246032.19,4.0,4.0
8830984,13.0,160.0,46.5,Male,3.0,77446.33,4.0,4.0
752942,14.0,179.0,61.5,Male,2.0,397681.08,2.0,2.0
4789793,6.0,74.0,31.0,Unknown,2.0,32549.53,1.0,1.0
1660610,8.0,106.0,45.5,Male,2.0,59706.67999999999,5.0,5.0
3853563,7.0,95.0,33.0,Unknown,2.0,63167.51999999999,4.0,4.0
5962046,14.0,176.0,63.5,Male,3.0,198147.1,3.0,3.0
1123917,8.0,101.0,34.5,Unknown,2.0,127464.16999999998,1.0,1.0
9548115,7.0,94.0,43.5,Unknown,2.0,21334.47,1.0,1.0
1004954,10.0,125.0,23.5,Male,2.0,32351.04,7.0,7.0
5584826,42.0,509.0,62.0,Female,2.0,177062.0,5.0,5.0
1897890,5.0,70.0,18.0,Unknown,3.0,48920.02,7.0,7.0
1858666,4.0,58.0,38.0,Unknown,2.0,65028.42,7.0,7.0
7944748,13.0,166.0,44.0,Female,2.0,80787.62,3.0,3.0
265043,21.0,262.0,63.0,Female,3.0,497431.18,7.0,7.0
8410486,15.0,189.0,57.0,Male,2.0,96621.56,3.0,3.0
7812665,7.0,94.0,51.5,Unknown,2.0,42946.06,7.0,7.0
9249600,5.0,68.0,61.0,Unknown,3.0,41010.45,4.0,4.0
6030586,11.0,133.0,35.5,Male,2.0,24613.09,1.0,1.0
274658,6.0,81.0,33.0,Unknown,2.0,76803.75,6.0,6.0
7847573,18.0,220.0,57.5,Female,2.0,298153.8,3.0,3.0
9235888,7.0,94.0,50.5,Female,2.0,55770.79999999999,2.0,2.0
5034245,20.0,247.0,46.0,Female,4.0,108258.96,5.0,5.0
1416489,8.0,102.0,33.0,Unknown,2.0,142711.39,2.0,2.0
524422,12.0,152.0,28.5,Male,2.0,91347.47,2.0,2.0
3758731,27.0,330.0,26.0,Male,2.0,109127.41,7.0,7.0
8324364,5.0,60.0,19.5,Unknown,3.0,412355.77,7.0,7.0
7596245,16.0,192.0,51.5,Female,2.0,92278.11,7.0,7.0
1266500,15.0,190.0,61.0,Male,3.0,92289.39,7.0,7.0
5264638,5.0,60.0,23.5,Unknown,2.0,19512.96,6.0,6.0
8319166,8.0,106.0,55.0,Female,2.0,98747.54,3.0,4.0
9909761,14.0,171.0,69.0,Male,2.0,128098.03,7.0,7.0
2579111,6.0,78.0,20.5,Unknown,2.0,42297.64,6.0,6.0
351494,14.0,174.0,28.0,Female,2.0,159228.03999999998,7.0,7.0
2248172,7.0,85.0,20.0,Unknown,2.0,35677.55,7.0,7.0
3921390,4.0,57.0,86.5,Unknown,2.0,82103.47,3.0,3.0
7890705,4.0,58.0,19.5,Unknown,2.0,31273.5,7.0,7.0
4530715,4.0,57.0,23.0,Unknown,4.0,34247.92999999999,7.0,7.0
6954607,6.0,73.0,54.5,Unknown,2.0,21233.96,4.0,4.0
927253,5.0,68.0,27.0,Unknown,2.0,119310.08,2.0,2.0
898916,4.0,59.0,17.0,Unknown,2.0,17672.5,4.0,4.0
3702120,13.0,162.0,42.0,Male,3.0,136578.58000000002,6.0,6.0
4933633,26.0,312.0,60.0,Female,2.0,324921.9,7.0,7.0
1122937,4.0,58.0,50.5,Unknown,2.0,37307.23,1.0,1.0
109988,14.0,173.0,59.0,Male,2.0,122035.32,7.0,7.0
2334801,5.0,65.0,51.5,Unknown,2.0,50418.4,3.0,3.0
8562757,9.0,110.0,37.5,Female,2.0,20683.2,2.0,2.0
7589355,5.0,69.0,59.0,Unknown,2.0,71316.33,1.0,2.0
5635143,12.0,145.0,61.5,Female,2.0,26678.45,1.0,1.0
812961,21.0,253.0,37.0,Male,3.0,310806.38,6.0,6.0
9063578,21.0,253.0,61.5,Male,2.0,111590.13,2.0,2.0
4020609,19.0,231.0,42.5,Male,2.0,64429.65,3.0,3.0
4960612,18.0,222.0,23.5,Male,2.0,18764.31,1.0,1.0
3554410,11.0,136.0,62.5,Male,4.0,939796.13,7.0,7.0
8545448,15.0,180.0,38.5,Female,2.0,86886.76,1.0,1.0
3639406,5.0,66.0,16.5,Unknown,2.0,24772.16,4.0,4.0
9179495,10.0,131.0,21.0,Unknown,2.0,29080.71,7.0,7.0
7218974,5.0,70.0,20.0,Unknown,2.0,41088.36,1.0,1.0
455518,14.0,176.0,61.0,Female,2.0,141671.41999999998,7.0,7.0
1863424,14.0,168.0,28.0,Male,2.0,21578.25,7.0,7.0
6925495,12.0,146.0,27.5,Male,2.0,45214.12,4.0,4.0
7844091,7.0,84.0,26.0,Unknown,2.0,39947.5,7.0,7.0
4808829,5.0,67.0,54.0,Unknown,3.0,70313.61,4.0,4.0
5827422,14.0,172.0,31.0,Male,2.0,42838.24,3.0,3.0
123924,7.0,94.0,43.5,Unknown,2.0,16824.82,1.0,1.0
5326313,16.0,195.0,41.5,Female,4.0,686313.41,7.0,7.0
3481921,9.0,111.0,33.5,Female,2.0,59408.97,4.0,4.0
4777540,6.0,75.0,51.0,Unknown,2.0,30467.1,7.0,7.0
3728431,13.0,160.0,45.5,Male,3.0,319085.56,7.0,7.0
855085,13.0,167.0,36.5,Female,2.0,37003.44,4.0,4.0
722,11.0,143.0,59.5,Female,2.0,22466.17,1.0,1.0
4003301,23.0,281.0,52.0,Female,2.0,63984.03,6.0,6.0
5551568,22.0,266.0,65.0,Male,3.0,131248.96,3.0,3.0
8779604,6.0,83.0,35.5,Unknown,2.0,36392.95,4.0,4.0
9787651,25.0,310.0,49.5,Male,4.0,504951.25,7.0,7.0
6903572,12.0,144.0,37.5,Female,2.0,19710.82,1.0,1.0
6128907,12.0,146.0,50.5,Male,2.0,380696.16,7.0,7.0
3097583,12.0,151.0,63.5,Female,2.0,24583.38,7.0,7.0
9335656,11.0,138.0,23.0,Male,2.0,15708.609999999995,4.0,4.0
9957421,7.0,85.0,59.0,Unknown,2.0,283337.35,1.0,1.0
1067824,13.0,157.0,23.5,Male,2.0,93406.01,5.0,5.0
9135818,13.0,166.0,53.5,Female,2.0,22310.49,3.0,3.0
8268507,8.0,99.0,38.5,Unknown,2.0,30502.38,1.0,1.0
9761605,5.0,66.0,26.0,Unknown,2.0,25035.27,4.0,4.0
3900009,22.0,274.0,29.0,Male,2.0,91049.39,2.0,2.0
6723895,5.0,70.0,45.5,Female,2.0,43216.63,1.0,1.0
5044443,15.0,182.0,39.0,Female,2.0,250746.64,7.0,7.0
9665723,7.0,93.0,22.0,Unknown,3.0,32995.28,3.0,3.0
7809088,7.0,93.0,33.0,Unknown,2.0,53519.52,4.0,4.0
1719426,13.0,162.0,39.5,Female,2.0,33336.27,5.0,5.0
6240295,6.0,81.0,66.0,Unknown,2.0,91045.75,6.0,6.0
6630829,10.0,120.0,42.0,Male,2.0,50837.0,4.0,4.0
4961275,12.0,151.0,19.5,Female,2.0,17229.93,4.0,4.0
5539899,3.0,44.0,54.5,Unknown,2.0,43364.73,1.0,1.0
389812,5.0,67.0,25.0,Male,2.0,33598.2,2.0,2.0
1597940,22.0,268.0,54.0,Female,3.0,61709.28,5.0,5.0
4386266,20.0,245.0,34.0,Male,3.0,33871.8,7.0,7.0
3485262,9.0,118.0,58.5,Female,2.0,41870.52,3.0,3.0
9433604,15.0,188.0,51.0,Female,2.0,35956.32,3.0,3.0
6919904,6.0,83.0,64.0,Unknown,3.0,80690.65,2.0,2.0
9537028,5.0,70.0,23.5,Male,2.0,37550.6,5.0,5.0
3005282,11.0,141.0,58.0,Unknown,3.0,530942.62,7.0,7.0
564474,4.0,55.0,23.0,Unknown,2.0,35282.06,2.0,2.0
1371042,15.0,189.0,55.5,Male,2.0,112702.16,6.0,6.0
1906852,6.0,75.0,45.5,Female,2.0,705220.2000000001,7.0,7.0
5497017,9.0,110.0,56.5,Male,2.0,49701.29,7.0,7.0
1914196,24.0,295.0,86.0,Male,3.0,330895.43,3.0,3.0
3709924,21.0,262.0,17.0,Female,2.0,17556.789999999997,7.0,7.0
5319973,5.0,70.0,53.0,Unknown,2.0,16581.26,1.0,1.0
472069,13.0,162.0,65.5,Female,3.0,45413.12,7.0,7.0
4855497,7.0,94.0,20.5,Unknown,2.0,51109.5,3.0,3.0
6576645,5.0,61.0,57.0,Female,2.0,51065.1,1.0,1.0
6309263,10.0,130.0,53.5,Female,2.0,152529.86,1.0,1.0
710369,7.0,85.0,27.5,Unknown,2.0,61293.25,2.0,2.0
9517058,5.0,70.0,32.0,Unknown,3.0,39986.25,1.0,1.0
7467315,12.0,153.0,35.0,Female,2.0,224090.07,3.0,3.0
2594289,8.0,103.0,28.5,Unknown,2.0,19517.36,4.0,4.0
5025522,9.0,117.0,18.5,Male,2.0,26684.3,7.0,7.0
4178297,6.0,77.0,32.5,Unknown,2.0,38374.08,7.0,7.0
3423606,10.0,120.0,37.0,Male,2.0,55332.5,4.0,4.0
3580404,18.0,220.0,77.0,Male,2.0,401472.35,6.0,6.0
7728159,12.0,155.0,24.0,Female,2.0,32884.22,7.0,7.0
290381,5.0,60.0,34.5,Unknown,2.0,21603.03,5.0,5.0
117759,12.0,147.0,57.0,Female,2.0,45073.97,4.0,4.0
998213,6.0,80.0,49.0,Unknown,2.0,31628.33,1.0,1.0
7336297,10.0,123.0,36.5,Male,2.0,29832.61,2.0,2.0
8837848,21.0,256.0,41.5,Female,2.0,20070.11,5.0,5.0
4753293,12.0,149.0,26.5,Male,2.0,67161.4,7.0,7.0
5323555,7.0,84.0,61.0,Unknown,2.0,309598.65,7.0,7.0
4255663,6.0,80.0,30.5,Unknown,2.0,39695.23,3.0,3.0
6076387,9.0,118.0,40.5,Male,2.0,28675.65,1.0,1.0
3916277,15.0,186.0,55.0,Female,2.0,62420.51999999999,7.0,7.0
5520902,8.0,103.0,29.5,Male,2.0,73693.04999999999,2.0,2.0
501178,28.0,343.0,41.0,Female,3.0,49619.99,3.0,5.0
9067518,13.0,159.0,35.5,Male,2.0,71295.38,4.0,4.0
6215196,15.0,191.0,49.0,Male,2.0,33496.17999999999,2.0,2.0
1901413,11.0,142.0,39.0,Male,2.0,21875.54,5.0,5.0
7191107,6.0,82.0,23.5,Unknown,2.0,49152.09,2.0,2.0
2028317,12.0,147.0,18.0,Female,2.0,42028.69,3.0,5.0
9890631,7.0,94.0,55.0,Unknown,3.0,1512961.28,7.0,7.0
3821976,6.0,82.0,28.0,Unknown,3.0,43709.26,7.0,7.0
3391958,14.0,178.0,54.0,Unknown,2.0,114472.86,7.0,7.0
2393043,16.0,197.0,38.5,Female,2.0,83931.06999999999,1.0,1.0
7370313,23.0,285.0,45.5,Female,4.0,114863.69,3.0,3.0
6692622,20.0,251.0,69.5,Unknown,2.0,23536.59,5.0,5.0
8752363,5.0,70.0,22.0,Unknown,2.0,29951.31,1.0,1.0
8995364,3.0,37.0,47.0,Unknown,2.0,20270.7,3.0,3.0
7475731,28.0,337.0,68.0,Male,2.0,152990.66999999998,7.0,7.0
521645,7.0,85.0,33.5,Unknown,2.0,40690.67999999999,3.0,3.0
1604315,14.0,176.0,61.0,Male,2.0,1903104.18,7.0,7.0
7242368,13.0,156.0,63.5,Female,2.0,58338.23999999999,3.0,3.0
7310041,6.0,76.0,31.5,Female,2.0,39523.96,4.0,4.0
3591111,6.0,83.0,57.5,Unknown,2.0,277437.38,7.0,7.0
4662590,13.0,156.0,32.5,Male,3.0,74884.64,6.0,6.0
261709,3.0,38.0,25.5,Unknown,2.0,29259.14,6.0,6.0
1339892,8.0,98.0,42.5,Unknown,2.0,42727.55,4.0,4.0
8934912,10.0,131.0,35.0,Male,2.0,16470.53,1.0,1.0
3449434,6.0,82.0,22.5,Unknown,2.0,47777.19,6.0,6.0
7845585,4.0,59.0,40.5,Unknown,2.0,31112.28,4.0,4.0
9536634,13.0,167.0,28.0,Male,2.0,15265.989999999998,4.0,4.0
8419860,15.0,189.0,29.0,Male,2.0,54793.94,7.0,7.0
5332582,5.0,60.0,46.5,Male,2.0,24878.869999999995,6.0,6.0
6355316,15.0,190.0,60.0,Female,2.0,45559.5,3.0,3.0
760301,6.0,72.0,51.5,Unknown,2.0,23405.4,1.0,2.0
4803183,25.0,308.0,58.5,Female,2.0,122879.4,2.0,2.0
3643964,22.0,264.0,64.0,Female,2.0,72516.68,7.0,7.0
461128,20.0,240.0,55.5,Female,3.0,194346.79,7.0,7.0
5141668,6.0,76.0,26.0,Unknown,2.0,20199.61,7.0,7.0
8829220,26.0,323.0,20.0,Male,2.0,16847.239999999998,2.0,2.0
4086473,10.0,123.0,59.5,Male,2.0,992259.71,7.0,7.0
4724715,6.0,75.0,30.0,Unknown,3.0,103940.83,7.0,7.0
4140940,12.0,146.0,49.5,Male,2.0,41591.86,4.0,4.0
3745952,15.0,182.0,68.0,Female,2.0,308375.2,1.0,1.0
1547490,10.0,126.0,22.5,Female,2.0,18265.41,2.0,2.0
4804118,7.0,94.0,39.5,Unknown,2.0,18862.38,2.0,2.0
9029503,27.0,330.0,63.0,Female,2.0,102132.72,7.0,7.0
7355541,5.0,66.0,73.0,Unknown,2.0,107618.2,2.0,2.0
1582224,13.0,159.0,35.5,Male,2.0,201010.04,1.0,1.0
9362589,8.0,107.0,18.5,Male,2.0,50793.02,1.0,2.0
6835554,13.0,163.0,50.5,Female,2.0,34375.32,7.0,7.0
3091667,6.0,72.0,17.5,Unknown,3.0,55163.62,3.0,3.0
7502847,4.0,59.0,55.5,Unknown,2.0,21082.55,1.0,1.0
9173550,8.0,107.0,16.0,Female,2.0,26490.17,1.0,2.0
5860892,22.0,270.0,57.0,Female,2.0,79358.76,7.0,7.0
6075561,21.0,254.0,40.5,Male,4.0,195473.93,3.0,3.0
3296280,20.0,248.0,26.0,Male,3.0,80784.89,7.0,7.0
9221570,17.0,215.0,43.5,Male,2.0,33408.32,1.0,1.0
7810274,17.0,210.0,63.0,Male,2.0,467234.71,7.0,7.0
7860787,10.0,127.0,36.5,Female,2.0,28162.33,1.0,1.0
9223284,5.0,71.0,25.0,Unknown,3.0,18780.8,7.0,7.0
5799299,5.0,70.0,51.5,Male,3.0,99282.34,6.0,6.0
5687366,13.0,162.0,74.5,Female,2.0,33850.94,3.0,3.0
2756199,4.0,58.0,52.0,Unknown,2.0,36820.08,3.0,3.0
8427977,14.0,177.0,54.0,Female,2.0,75652.89,4.0,4.0
9397993,6.0,73.0,65.0,Male,2.0,332994.23,6.0,6.0
4497054,15.0,180.0,74.0,Male,2.0,1427660.0799999998,2.0,2.0
5055638,5.0,70.0,57.5,Unknown,2.0,25549.74,2.0,2.0
1323424,16.0,192.0,43.0,Female,2.0,54361.07,4.0,4.0
3577754,6.0,80.0,23.0,Unknown,2.0,17331.409999999996,1.0,1.0
8987788,4.0,58.0,24.0,Unknown,2.0,17920.05,2.0,2.0
5754955,25.0,309.0,55.5,Male,2.0,20140.19,1.0,1.0
1563833,22.0,271.0,64.0,Female,4.0,1697309.67,7.0,7.0
230566,22.0,266.0,19.0,Male,2.0,72868.15,1.0,1.0
2563117,20.0,249.0,57.5,Male,3.0,1106745.12,7.0,7.0
2727971,19.0,238.0,58.0,Male,2.0,204575.44,7.0,7.0
842852,17.0,213.0,34.0,Unknown,3.0,26449.42,5.0,5.0
1420216,6.0,81.0,25.0,Unknown,2.0,25899.32,5.0,5.0
1301273,12.0,147.0,38.5,Male,2.0,67449.54999999999,2.0,2.0
2265317,4.0,59.0,23.5,Unknown,2.0,29920.24,4.0,4.0
5466276,9.0,111.0,39.0,Male,2.0,18338.82,1.0,1.0
1714911,13.0,157.0,35.0,Female,2.0,91804.36,4.0,4.0
7337642,30.0,366.0,19.5,Male,3.0,49848.26,7.0,7.0
5239753,6.0,75.0,20.5,Unknown,3.0,67409.45999999999,2.0,2.0
6081190,16.0,194.0,62.0,Male,2.0,235663.18,7.0,7.0
2503872,4.0,58.0,40.5,Unknown,3.0,46505.84,4.0,4.0
766321,4.0,50.0,15.0,Unknown,2.0,19655.1,6.0,6.0
8537419,6.0,83.0,52.5,Unknown,3.0,249491.71,7.0,7.0
1321590,10.0,121.0,48.5,Female,2.0,52774.68,1.0,1.0
186895,5.0,71.0,22.0,Unknown,2.0,19428.68,2.0,2.0
6431027,16.0,192.0,31.0,Female,3.0,49925.28,2.0,2.0
4299793,5.0,66.0,46.0,Female,2.0,204094.59000000003,1.0,1.0
1055262,4.0,49.0,21.0,Male,2.0,15061.62,3.0,3.0
983618,27.0,324.0,23.0,Unknown,2.0,13910.44,1.0,1.0
3821904,14.0,174.0,36.0,Female,2.0,92744.35,7.0,7.0
7531959,21.0,263.0,65.0,Male,4.0,366163.91,7.0,7.0
43265,17.0,215.0,64.5,Male,3.0,531894.0700000001,4.0,4.0
7596882,5.0,70.0,55.0,Unknown,2.0,82448.15,6.0,6.0
4841568,11.0,135.0,50.0,Male,2.0,66927.64,7.0,7.0
4166610,6.0,76.0,70.0,Unknown,3.0,2074266.97,7.0,7.0
4163171,21.0,253.0,39.5,Female,2.0,21983.33,1.0,1.0
4719393,12.0,146.0,31.0,Female,2.0,25448.67,2.0,2.0
902020,6.0,82.0,33.5,Unknown,2.0,21827.54,4.0,4.0
5042221,9.0,108.0,35.5,Male,2.0,38276.37,5.0,5.0
5163739,13.0,167.0,57.5,Male,2.0,28992.15,3.0,3.0
8166970,5.0,67.0,26.5,Unknown,2.0,17088.51,1.0,1.0
5822991,8.0,102.0,65.0,Unknown,2.0,224602.78,7.0,7.0
8946069,11.0,136.0,43.0,Male,2.0,97468.8,7.0,7.0
8402317,7.0,91.0,43.0,Unknown,2.0,82598.53,1.0,1.0
3206412,34.0,418.0,68.0,Female,2.0,24413.86,3.0,3.0
3672517,30.0,360.0,50.0,Female,2.0,80428.68,1.0,1.0
9728776,28.0,341.0,66.0,Female,2.0,258062.32,5.0,5.0
3251432,10.0,126.0,46.0,Male,2.0,682890.24,3.0,3.0
6561717,6.0,83.0,49.5,Unknown,2.0,64422.19,3.0,3.0
8038887,12.0,153.0,56.5,Female,3.0,109246.19,5.0,5.0
1188306,6.0,72.0,20.0,Male,3.0,16507.87,3.0,3.0
2857954,4.0,58.0,18.0,Unknown,2.0,26992.5,4.0,4.0
7802563,7.0,86.0,64.5,Unknown,2.0,23158.52,5.0,5.0
5034668,27.0,335.0,71.0,Female,3.0,96523.0,6.0,6.0
9940853,10.0,127.0,26.0,Male,2.0,21508.76,5.0,5.0
878311,6.0,79.0,32.0,Unknown,2.0,30100.39,1.0,1.0
547412,5.0,60.0,44.5,Unknown,3.0,345849.35,7.0,7.0
2842769,6.0,80.0,59.0,Male,2.0,179546.07,6.0,6.0
9362283,7.0,86.0,34.0,Unknown,2.0,134697.5,2.0,2.0
9529382,12.0,151.0,48.5,Female,2.0,166144.28999999998,1.0,1.0
8920534,24.0,292.0,47.5,Male,2.0,1198930.87,7.0,7.0
4616508,25.0,300.0,66.0,Unknown,2.0,63230.100000000006,3.0,3.0
8055455,19.0,233.0,22.5,Male,3.0,33698.119999999995,2.0,2.0
2480841,14.0,169.0,86.0,Male,2.0,23174.1,6.0,6.0
3766519,5.0,70.0,52.0,Unknown,3.0,148396.46000000002,6.0,6.0
6464634,5.0,70.0,62.5,Unknown,2.0,23373.619999999995,1.0,1.0
5471657,26.0,314.0,52.0,Female,2.0,17277.739999999998,3.0,3.0
3347535,4.0,59.0,25.0,Female,2.0,19991.28,3.0,3.0
7004645,6.0,82.0,44.0,Unknown,2.0,120471.68,7.0,7.0
3697454,9.0,110.0,26.0,Female,2.0,14962.259999999998,4.0,4.0
8845007,6.0,82.0,29.5,Unknown,2.0,22738.26,7.0,7.0
1435014,6.0,83.0,36.0,Female,2.0,50629.21,6.0,6.0
9516455,5.0,66.0,18.0,Male,2.0,17811.51,6.0,6.0
6408685,7.0,90.0,21.5,Unknown,2.0,23737.61,7.0,7.0
6210274,16.0,199.0,47.0,Male,2.0,148221.22999999998,6.0,6.0
4129661,8.0,97.0,23.0,Unknown,2.0,59560.92,7.0,7.0
2840140,6.0,83.0,25.0,Unknown,2.0,23518.44,7.0,7.0
3574622,21.0,263.0,75.0,Female,2.0,38492.87,7.0,7.0
5016846,7.0,87.0,29.5,Unknown,2.0,30355.95,3.0,3.0
6445310,16.0,201.0,50.5,Male,2.0,224620.86,7.0,7.0
7694604,9.0,113.0,30.5,Female,2.0,26524.65,7.0,7.0
3669672,5.0,65.0,45.0,Unknown,2.0,98242.76,2.0,2.0
9930028,34.0,408.0,58.5,Male,4.0,542639.64,7.0,7.0
9673589,12.0,147.0,45.5,Male,2.0,379885.33,4.0,4.0
1995183,6.0,75.0,59.5,Male,5.0,489440.65,6.0,6.0
8689605,5.0,63.0,52.0,Unknown,2.0,22412.42,1.0,1.0
7243844,6.0,79.0,50.5,Unknown,2.0,59697.79999999999,1.0,1.0
6189148,15.0,189.0,49.0,Male,2.0,73043.53,2.0,2.0
4746000,27.0,325.0,19.5,Male,2.0,127038.5,1.0,1.0
6126534,21.0,257.0,44.0,Male,5.0,451136.69,7.0,7.0
684585,21.0,252.0,48.5,Male,2.0,38386.11,1.0,1.0
6091028,22.0,275.0,78.0,Male,2.0,237738.5,7.0,7.0
7386960,6.0,80.0,24.0,Male,2.0,18393.21,7.0,7.0
3305619,30.0,369.0,59.5,Unknown,2.0,102911.49,2.0,2.0
5652103,8.0,106.0,24.0,Male,3.0,150406.21000000002,5.0,5.0
6119567,9.0,109.0,33.5,Female,3.0,165890.52000000002,7.0,7.0
3314742,5.0,70.0,35.0,Unknown,2.0,21316.26,1.0,1.0
6166157,15.0,181.0,42.0,Male,2.0,155016.91999999998,4.0,4.0
8533478,13.0,156.0,55.5,Female,2.0,90742.1,2.0,2.0
3552487,34.0,418.0,59.5,Female,2.0,216150.63,3.0,3.0
8010561,9.0,111.0,57.5,Female,2.0,464101.65,7.0,7.0
6391398,14.0,169.0,50.0,Female,2.0,32388.96,2.0,2.0
7946816,5.0,68.0,22.5,Unknown,2.0,41655.78,7.0,7.0
2586311,9.0,115.0,50.5,Male,3.0,96368.25,3.0,3.0
6215978,13.0,160.0,42.5,Male,2.0,35907.44,7.0,7.0
4259574,6.0,80.0,21.0,Unknown,2.0,15274.07,2.0,2.0
6812044,15.0,191.0,55.5,Male,3.0,333890.09,7.0,7.0
5325751,14.0,171.0,51.0,Male,2.0,231607.45,3.0,3.0
4001320,5.0,65.0,42.0,Unknown,2.0,100825.35,3.0,4.0
3738029,15.0,191.0,55.5,Male,2.0,21973.6,3.0,3.0
6427803,20.0,244.0,40.0,Female,2.0,100036.66,5.0,5.0
3178308,17.0,211.0,45.5,Female,2.0,99208.07,4.0,4.0
8802572,17.0,211.0,32.5,Female,5.0,3103074.98,7.0,7.0
9886146,17.0,211.0,42.5,Female,3.0,155724.81,4.0,4.0
9287071,27.0,325.0,50.0,Male,2.0,393809.58,5.0,5.0
8208289,8.0,105.0,38.0,Female,2.0,16933.6,2.0,2.0
5071889,6.0,76.0,27.0,Male,2.0,19169.61,3.0,3.0
3026767,21.0,258.0,40.0,Female,2.0,53244.54,2.0,2.0
2358104,16.0,202.0,54.0,Female,2.0,15086.169999999998,2.0,3.0
8097329,25.0,310.0,35.5,Male,2.0,27988.39,2.0,2.0
4011169,15.0,184.0,31.5,Male,2.0,83011.84999999999,3.0,3.0
249423,6.0,82.0,61.0,Unknown,2.0,41140.2,3.0,3.0
7061072,12.0,154.0,28.5,Male,2.0,57679.56,6.0,6.0
2049085,5.0,64.0,50.0,Unknown,2.0,49671.0,5.0,5.0
6640483,15.0,190.0,47.5,Male,2.0,231119.09000000003,4.0,4.0
4885745,11.0,142.0,65.0,Female,2.0,93877.5,4.0,5.0
2129231,22.0,265.0,63.5,Unknown,2.0,34983.78,4.0,4.0
4963849,21.0,262.0,69.0,Female,2.0,27139.369999999995,6.0,7.0
8874627,21.0,257.0,23.0,Male,2.0,63511.54000000001,1.0,2.0
8569946,17.0,204.0,47.5,Female,2.0,79881.48,5.0,5.0
1925352,28.0,341.0,49.5,Female,2.0,37844.14,6.0,6.0
8323132,13.0,164.0,29.5,Female,3.0,73984.91,3.0,3.0
3235060,9.0,119.0,55.5,Female,2.0,27219.63,1.0,1.0
3559689,29.0,352.0,73.5,Male,4.0,6387060.94,5.0,5.0
8084972,10.0,130.0,44.0,Female,3.0,103892.77,2.0,2.0
7499887,5.0,66.0,40.0,Unknown,2.0,35421.0,7.0,7.0
3491852,4.0,50.0,19.0,Male,3.0,170608.06,5.0,5.0
2631706,13.0,166.0,69.5,Female,2.0,29070.84,3.0,3.0
3014501,11.0,140.0,39.5,Female,2.0,21463.46,2.0,2.0
4548388,13.0,163.0,48.0,Male,2.0,21774.43,2.0,2.0
8744682,11.0,143.0,41.5,Female,2.0,357530.16,2.0,2.0
9624604,9.0,118.0,62.0,Female,2.0,40999.15,1.0,1.0
9050678,14.0,171.0,48.5,Male,2.0,61773.79000000001,5.0,5.0
7429722,15.0,189.0,54.5,Male,2.0,36843.69,1.0,1.0
5782165,4.0,59.0,20.0,Unknown,2.0,55566.39,7.0,7.0
9178052,5.0,68.0,26.5,Unknown,2.0,25396.09,3.0,3.0
3730106,15.0,189.0,42.5,Male,2.0,28805.259999999995,2.0,2.0
8696400,11.0,133.0,43.0,Unknown,2.0,106122.4,2.0,2.0
1108155,26.0,322.0,20.5,Female,3.0,218116.67,1.0,1.0
5037697,24.0,289.0,25.0,Female,2.0,203312.43,5.0,5.0
8755309,23.0,276.0,58.5,Female,2.0,132634.97,6.0,6.0
697473,21.0,261.0,54.0,Female,3.0,212915.19,7.0,7.0
9755377,18.0,216.0,41.0,Unknown,3.0,166876.36,7.0,7.0
6428259,6.0,72.0,39.0,Unknown,2.0,99271.87,3.0,3.0
3502982,7.0,95.0,39.5,Unknown,3.0,46997.77,1.0,1.0
9050817,11.0,133.0,69.0,Unknown,2.0,54796.23,5.0,5.0
504987,4.0,57.0,18.5,Unknown,3.0,81635.8,7.0,7.0
9506439,29.0,357.0,75.5,Female,2.0,152799.2,2.0,2.0
1956196,16.0,192.0,48.0,Male,2.0,78104.06,3.0,3.0
7613479,7.0,86.0,41.0,Unknown,2.0,15625.329999999998,4.0,4.0
7046756,5.0,66.0,16.5,Unknown,2.0,18604.01,4.0,4.0
6825557,14.0,175.0,60.5,Female,2.0,154825.58000000002,3.0,3.0
3003982,9.0,118.0,25.0,Male,2.0,65160.26,2.0,2.0
9237372,6.0,78.0,28.0,Unknown,2.0,23612.73,6.0,6.0
1424841,5.0,71.0,63.5,Male,2.0,18423.53,5.0,5.0
7348989,7.0,85.0,41.5,Unknown,4.0,53927.14,6.0,6.0
9286154,16.0,194.0,55.0,Male,3.0,528485.6,7.0,7.0
9351957,4.0,59.0,32.0,Female,2.0,35873.44,7.0,7.0
4553810,11.0,135.0,21.5,Male,3.0,103910.65,7.0,7.0
1572169,6.0,83.0,39.5,Male,2.0,93928.39,5.0,5.0
5099700,24.0,293.0,64.5,Female,2.0,32760.95,3.0,3.0
5598374,22.0,274.0,23.0,Male,2.0,42698.17,1.0,1.0
6121286,22.0,269.0,50.0,Female,2.0,410500.9,2.0,2.0
4055531,4.0,59.0,52.5,Unknown,2.0,33025.56,5.0,5.0
415461,16.0,192.0,35.0,Male,3.0,213024.05,7.0,7.0
5544382,16.0,195.0,48.5,Male,2.0,53607.05,2.0,2.0
6723781,6.0,78.0,23.5,Unknown,2.0,18036.38,4.0,4.0
3905297,7.0,86.0,67.5,Unknown,2.0,227819.66,2.0,2.0
264495,7.0,84.0,49.0,Unknown,2.0,24045.16,1.0,1.0
6061659,15.0,181.0,37.0,Male,2.0,28470.74,1.0,1.0
953409,4.0,59.0,23.5,Unknown,2.0,38971.55,7.0,7.0
1981812,13.0,158.0,45.5,Male,2.0,144810.55,3.0,3.0
3462204,5.0,71.0,37.5,Unknown,4.0,85316.56999999999,6.0,6.0
5700844,8.0,102.0,36.0,Female,2.0,74596.47,2.0,2.0
9724020,16.0,202.0,65.5,Male,2.0,47437.33,6.0,6.0
3748061,8.0,96.0,38.5,Unknown,2.0,123649.3,3.0,3.0
4140768,6.0,72.0,59.0,Unknown,3.0,423009.04,1.0,1.0
7273996,6.0,72.0,60.5,Unknown,2.0,18178.5,7.0,7.0
87790,8.0,106.0,30.0,Female,2.0,121088.52000000002,7.0,7.0
8145392,27.0,325.0,61.5,Male,3.0,380954.11,1.0,1.0
2724524,20.0,245.0,34.5,Male,3.0,88505.70999999999,7.0,7.0
7744588,9.0,112.0,24.5,Female,2.0,14981.379999999996,6.0,6.0
1783980,4.0,58.0,21.0,Unknown,2.0,23805.84,7.0,7.0
6250539,11.0,137.0,35.5,Female,2.0,31768.84,7.0,7.0
4548694,14.0,179.0,54.5,Female,2.0,44885.77,2.0,2.0
8413547,29.0,359.0,57.5,Female,4.0,949663.87,7.0,7.0
4444884,14.0,179.0,59.5,Male,2.0,32850.009999999995,6.0,6.0
6242666,14.0,170.0,31.0,Male,4.0,388635.22,7.0,7.0
8443780,16.0,194.0,45.0,Female,2.0,70642.15,5.0,5.0
4512888,6.0,80.0,54.5,Unknown,2.0,25622.17,7.0,7.0
3480014,5.0,64.0,15.5,Unknown,3.0,30503.869999999995,4.0,4.0
2808101,12.0,152.0,25.0,Unknown,2.0,43731.28999999999,1.0,1.0
2285645,14.0,179.0,37.5,Male,2.0,120098.11,2.0,2.0
5991595,15.0,190.0,30.5,Male,3.0,42139.28999999999,7.0,7.0
1054647,34.0,408.0,62.0,Female,2.0,98053.73,7.0,7.0
5893137,4.0,59.0,40.5,Unknown,2.0,23754.509999999995,2.0,3.0
8004252,10.0,128.0,20.5,Female,2.0,19147.04,4.0,4.0
4196675,4.0,58.0,27.5,Unknown,3.0,96631.99,7.0,7.0
1478726,23.0,277.0,49.5,Male,3.0,99225.14,3.0,3.0
3529460,22.0,272.0,21.5,Male,4.0,83249.64,5.0,5.0
846552,21.0,263.0,41.5,Male,2.0,432599.81,3.0,3.0
323163,21.0,253.0,37.5,Male,2.0,48692.31,7.0,7.0
26938,17.0,214.0,19.5,Male,2.0,23465.2,2.0,2.0
9100218,30.0,370.0,59.5,Male,2.0,23603.39,2.0,2.0
633896,9.0,113.0,38.5,Female,3.0,67248.86,5.0,5.0
3900440,10.0,131.0,50.0,Female,2.0,670090.16,2.0,2.0
3192287,12.0,149.0,51.5,Female,2.0,20808.51,2.0,2.0
5689687,8.0,105.0,31.5,Female,2.0,19719.86,4.0,4.0
8628912,6.0,82.0,47.0,Unknown,2.0,18880.92,1.0,1.0
6264320,11.0,141.0,67.0,Female,2.0,35935.42999999999,1.0,1.0
9447140,9.0,119.0,33.5,Male,3.0,281131.53,7.0,7.0
2098793,9.0,109.0,30.0,Female,2.0,134205.19,2.0,2.0
9557719,4.0,58.0,19.0,Unknown,2.0,17444.39,1.0,1.0
568061,11.0,136.0,58.0,Female,4.0,124214.96,7.0,7.0
5069516,5.0,70.0,58.0,Unknown,2.0,24114.48,1.0,1.0
1026094,4.0,56.0,39.5,Male,2.0,411783.26,7.0,7.0
6527957,14.0,176.0,64.0,Male,2.0,789453.3,7.0,7.0
8798852,9.0,119.0,50.5,Male,2.0,114448.63,7.0,7.0
7760088,13.0,161.0,47.5,Male,2.0,117806.11,5.0,5.0
7390623,4.0,58.0,26.0,Unknown,2.0,23851.5,1.0,1.0
9628697,15.0,181.0,63.0,Unknown,2.0,380637.82,4.0,5.0
9171503,17.0,215.0,37.0,Male,2.0,46428.34,4.0,4.0
4610345,15.0,190.0,52.5,Male,3.0,2919849.58,1.0,2.0
9754798,10.0,124.0,27.0,Male,4.0,240984.58,7.0,7.0
4914543,23.0,278.0,44.5,Male,2.0,259080.34000000003,5.0,5.0
6891605,21.0,260.0,24.5,Male,2.0,49051.07,2.0,2.0
3545683,21.0,260.0,44.0,Female,3.0,47478.48,5.0,5.0
6144192,20.0,240.0,67.0,Female,2.0,110954.47,7.0,7.0
7114474,14.0,168.0,59.0,Male,3.0,61434.01999999999,7.0,7.0
8911531,6.0,79.0,38.0,Unknown,2.0,26002.34,1.0,1.0
3216310,7.0,94.0,63.0,Unknown,2.0,143508.81,3.0,3.0
2897144,5.0,70.0,15.5,Unknown,2.0,19543.4,3.0,3.0
3623172,7.0,94.0,65.0,Unknown,2.0,67022.16,7.0,7.0
6096938,4.0,58.0,55.5,Male,2.0,1247557.0499999998,7.0,7.0
900102,14.0,179.0,57.5,Female,2.0,55887.25,1.0,1.0
9232293,13.0,162.0,52.0,Male,2.0,46267.08,1.0,1.0
5269047,10.0,120.0,42.5,Female,3.0,102598.79,5.0,5.0
3775384,11.0,143.0,45.5,Male,2.0,18656.59,1.0,1.0
5944457,5.0,65.0,21.5,Unknown,2.0,21799.13,2.0,2.0
389305,4.0,58.0,59.0,Unknown,3.0,47758.21,7.0,7.0
3666427,11.0,142.0,46.5,Female,2.0,295800.7,7.0,7.0
3262988,4.0,58.0,38.0,Unknown,2.0,17348.87,5.0,5.0
3333627,27.0,335.0,26.0,Female,2.0,42585.82,1.0,1.0
7336685,7.0,86.0,55.0,Unknown,2.0,41693.38,1.0,1.0
4574031,7.0,95.0,24.5,Unknown,3.0,51607.43,7.0,7.0
7535437,34.0,419.0,54.5,Female,2.0,104444.11,1.0,1.0
3230591,16.0,199.0,43.0,Male,2.0,26133.14,4.0,4.0
6410138,34.0,419.0,45.5,Male,2.0,884375.76,1.0,1.0
4516570,27.0,325.0,53.5,Female,5.0,362470.85,7.0,7.0
970546,6.0,72.0,68.5,Unknown,2.0,348949.14,7.0,7.0
6167287,9.0,115.0,71.0,Male,2.0,51762.01,3.0,3.0
8249956,21.0,253.0,46.0,Female,4.0,732483.5900000001,6.0,6.0
2685027,33.0,396.0,63.5,Male,3.0,292350.01,7.0,7.0
7087460,7.0,94.0,39.5,Unknown,3.0,53665.19,7.0,7.0
20006,14.0,179.0,58.5,Female,2.0,83182.31999999999,4.0,4.0
9481232,15.0,180.0,42.5,Male,2.0,112521.98,7.0,7.0
3167187,8.0,99.0,56.5,Unknown,2.0,274060.04,7.0,7.0
1396845,5.0,68.0,24.0,Female,2.0,15118.059999999998,4.0,4.0
8447844,7.0,84.0,28.5,Unknown,2.0,22025.32,1.0,1.0
4446974,6.0,75.0,37.5,Male,3.0,202531.67,4.0,4.0
336805,14.0,172.0,29.5,Female,2.0,18223.0,1.0,1.0
3544323,13.0,156.0,37.0,Male,2.0,124853.51,4.0,4.0
1907196,7.0,91.0,25.5,Unknown,2.0,52684.11,1.0,1.0
3188334,6.0,83.0,30.0,Male,3.0,38874.32,7.0,7.0
2986971,7.0,87.0,46.5,Unknown,2.0,35661.22,1.0,1.0
2356138,11.0,135.0,56.0,Male,2.0,305628.28,3.0,3.0
5439036,14.0,173.0,33.5,Male,2.0,39069.73,7.0,7.0
4504753,4.0,58.0,28.0,Unknown,2.0,66390.47,5.0,5.0
5403107,14.0,173.0,57.0,Female,3.0,159807.34999999998,1.0,1.0
479833,13.0,162.0,62.5,Female,2.0,51304.39,2.0,2.0
8429472,12.0,147.0,67.0,Female,2.0,87015.02,3.0,3.0
3249887,8.0,107.0,41.0,Female,2.0,30382.5,4.0,4.0
9690506,6.0,73.0,30.0,Unknown,2.0,20123.4,7.0,7.0
9154024,14.0,174.0,89.0,Female,2.0,183977.42,3.0,3.0
7270046,5.0,70.0,27.5,Unknown,3.0,24486.03,3.0,3.0
6516066,15.0,181.0,47.0,Unknown,4.0,1307065.45,7.0,7.0
1485556,5.0,68.0,21.5,Unknown,3.0,45596.81,7.0,7.0
6931573,11.0,133.0,30.5,Male,3.0,190771.2,1.0,1.0
4032377,14.0,178.0,48.5,Female,2.0,96485.85,7.0,7.0
4230803,5.0,71.0,25.5,Unknown,2.0,31654.02,1.0,1.0
7061465,15.0,189.0,54.0,Female,3.0,334423.98,5.0,5.0
7449099,6.0,74.0,34.5,Unknown,3.0,55015.8,4.0,4.0
3134918,7.0,89.0,28.5,Unknown,2.0,62006.5,2.0,2.0
6371575,4.0,59.0,40.0,Unknown,2.0,26375.05,4.0,4.0
6500300,23.0,280.0,48.0,Male,4.0,2189565.96,7.0,7.0
6956317,20.0,242.0,44.5,Male,2.0,36140.42999999999,2.0,2.0
7643514,18.0,219.0,30.5,Male,3.0,33699.06,1.0,1.0
4658275,16.0,203.0,52.5,Female,3.0,91437.13,7.0,7.0
2222722,16.0,198.0,45.0,Female,3.0,261890.03,3.0,3.0
176534,6.0,79.0,63.5,Unknown,2.0,48713.84,3.0,3.0
3987586,8.0,104.0,41.0,Female,2.0,134784.71,1.0,1.0
8557079,6.0,78.0,64.5,Unknown,2.0,249300.66,7.0,7.0
9908134,15.0,189.0,62.0,Male,2.0,17814.829999999998,4.0,4.0
5664348,6.0,73.0,58.5,Unknown,2.0,109853.01,3.0,3.0
7969106,11.0,138.0,58.5,Male,2.0,194639.14,7.0,7.0
1521707,5.0,63.0,18.5,Unknown,2.0,33597.64,3.0,3.0
2289008,6.0,72.0,27.5,Unknown,2.0,24139.75,1.0,1.0
9259738,15.0,189.0,53.5,Male,2.0,286612.32,3.0,3.0
2554514,4.0,58.0,46.5,Unknown,2.0,37632.96,3.0,3.0
4321155,8.0,99.0,32.5,Unknown,2.0,84084.56999999999,7.0,7.0
5560485,7.0,95.0,57.5,Unknown,3.0,56330.66,7.0,7.0
2841776,28.0,336.0,51.0,Female,2.0,30854.160000000003,4.0,4.0
177267,6.0,79.0,21.5,Unknown,2.0,22734.31,7.0,7.0
6627075,15.0,184.0,32.0,Male,2.0,168036.46000000002,3.0,3.0
3927339,7.0,84.0,58.0,Unknown,2.0,106053.04,7.0,7.0
6348308,27.0,324.0,35.0,Female,2.0,421080.51,7.0,7.0
6699076,4.0,50.0,24.5,Unknown,3.0,38216.17,3.0,3.0
3524502,16.0,199.0,54.0,Male,3.0,118992.19,6.0,6.0
3464087,23.0,287.0,69.5,Male,3.0,2462504.75,7.0,7.0
7153493,18.0,216.0,35.5,Male,2.0,18709.3,1.0,1.0
6356609,7.0,94.0,64.5,Unknown,2.0,266505.22,5.0,5.0
3502110,15.0,185.0,70.0,Male,2.0,985237.36,7.0,7.0
6361526,24.0,290.0,56.0,Male,2.0,74177.93,2.0,2.0
6338045,4.0,58.0,40.5,Unknown,2.0,34297.869999999995,1.0,1.0
4179404,11.0,135.0,28.0,Male,2.0,576058.9700000001,3.0,3.0
4372191,13.0,157.0,57.0,Male,2.0,23462.65,1.0,1.0
9330541,5.0,71.0,42.5,Unknown,2.0,48764.98,3.0,3.0
7130633,6.0,76.0,79.0,Unknown,2.0,153412.77999999997,2.0,2.0
5374446,15.0,188.0,33.5,Male,2.0,59575.08,2.0,2.0
6391261,28.0,339.0,75.5,Female,2.0,58035.79999999999,3.0,3.0
2399782,15.0,190.0,51.5,Female,2.0,55829.65,1.0,1.0
4887987,9.0,110.0,34.5,Female,3.0,63490.08,4.0,4.0
3669923,9.0,112.0,31.0,Male,2.0,72749.31,2.0,2.0
5466119,4.0,58.0,47.5,Unknown,2.0,17923.96,4.0,4.0
8217159,15.0,182.0,58.5,Male,3.0,36961.51,7.0,7.0
7390874,14.0,174.0,61.0,Female,2.0,110358.22,4.0,4.0
2713474,13.0,166.0,54.5,Female,2.0,38333.59,2.0,2.0
1567163,24.0,291.0,51.0,Male,2.0,69312.45,3.0,3.0
956288,17.0,213.0,30.0,Male,2.0,82315.47,3.0,3.0
6936813,6.0,82.0,57.5,Unknown,2.0,43029.32,5.0,5.0
2875680,6.0,82.0,60.5,Unknown,2.0,34890.149999999994,7.0,7.0
5294778,13.0,156.0,63.0,Male,3.0,2375130.82,5.0,5.0
2438129,4.0,59.0,23.5,Male,4.0,38307.94,3.0,3.0
9380821,5.0,71.0,50.0,Unknown,2.0,49534.66,2.0,2.0
5862108,6.0,82.0,46.0,Unknown,2.0,62805.64,6.0,6.0
2845526,6.0,73.0,46.5,Unknown,2.0,72188.39,7.0,7.0
8785575,5.0,60.0,22.5,Unknown,2.0,31883.92,7.0,7.0
44293,8.0,107.0,49.5,Male,2.0,267768.42,7.0,7.0
862545,16.0,200.0,44.5,Male,2.0,40706.35,1.0,1.0
9915415,14.0,172.0,52.0,Female,2.0,31843.69,2.0,2.0
2848225,4.0,59.0,40.0,Unknown,2.0,38829.52,4.0,4.0
5496157,5.0,71.0,30.5,Unknown,2.0,26553.31,1.0,1.0
3535372,4.0,58.0,19.5,Unknown,2.0,18617.39,3.0,3.0
9674424,6.0,72.0,21.5,Unknown,2.0,55494.19,6.0,6.0
7155112,16.0,193.0,64.0,Unknown,2.0,25049.7,4.0,5.0
3655738,22.0,265.0,67.0,Unknown,2.0,297551.82,2.0,2.0
169245,14.0,169.0,30.5,Female,2.0,36881.46,3.0,3.0
2971333,12.0,144.0,20.5,Female,3.0,51852.05,1.0,1.0
1266671,8.0,102.0,46.0,Unknown,2.0,63854.36,4.0,4.0
2052323,6.0,77.0,61.5,Unknown,2.0,579342.17,5.0,5.0
5998502,12.0,144.0,48.0,Female,3.0,55423.95,6.0,6.0
1531524,6.0,72.0,34.0,Unknown,2.0,134095.89,2.0,2.0
6247134,20.0,242.0,26.0,Female,3.0,82046.4,6.0,6.0
8048469,17.0,211.0,42.0,Male,2.0,125976.97,7.0,7.0
8742640,5.0,71.0,20.0,Female,3.0,17632.46,2.0,2.0
9721453,7.0,94.0,59.0,Unknown,2.0,73071.39,5.0,5.0
3451323,6.0,82.0,19.0,Unknown,3.0,77177.26999999999,4.0,4.0
5058631,24.0,288.0,50.5,Male,3.0,575817.42,4.0,4.0
8455623,21.0,263.0,51.0,Male,2.0,21492.78,2.0,2.0
8095982,9.0,115.0,49.5,Male,2.0,46889.31,7.0,7.0
9026854,16.0,200.0,45.5,Female,2.0,23377.7,1.0,1.0
8763362,5.0,65.0,24.0,Unknown,2.0,40378.0,3.0,3.0
7379155,6.0,78.0,21.5,Unknown,4.0,30934.2,7.0,7.0
8407313,12.0,152.0,52.0,Female,3.0,23652.009999999995,3.0,3.0
1699671,5.0,69.0,75.5,Unknown,2.0,115271.73,7.0,7.0
4197166,15.0,184.0,54.5,Female,2.0,105495.5,3.0,4.0
2394317,4.0,59.0,62.5,Unknown,2.0,46940.03,5.0,5.0
9678601,5.0,71.0,58.5,Unknown,3.0,196607.03,2.0,2.0
623890,16.0,193.0,52.5,Female,2.0,22691.37,6.0,6.0
7852166,7.0,92.0,25.5,Unknown,2.0,40492.92999999999,7.0,7.0
6599213,8.0,103.0,25.0,Unknown,2.0,43185.73,3.0,3.0
6010707,5.0,60.0,27.0,Female,3.0,54988.26,4.0,4.0
7329705,31.0,372.0,60.5,Female,2.0,48535.76,5.0,5.0
6166038,16.0,199.0,42.0,Female,2.0,34596.97,7.0,7.0
68506,4.0,59.0,33.0,Unknown,2.0,16399.73,6.0,6.0
3278690,15.0,189.0,60.0,Unknown,2.0,97001.58,1.0,2.0
9994607,14.0,177.0,60.0,Unknown,2.0,60856.84,7.0,7.0
5530193,9.0,118.0,57.5,Male,2.0,56116.76,1.0,1.0
8558059,10.0,125.0,56.0,Female,2.0,141039.65,3.0,3.0
6136106,13.0,166.0,62.0,Male,3.0,273834.46,5.0,5.0
7051378,7.0,94.0,31.0,Unknown,2.0,36219.67,4.0,4.0
8549886,28.0,345.0,71.0,Female,2.0,176558.93,7.0,7.0
9797482,6.0,82.0,31.0,Unknown,3.0,86581.0,7.0,7.0
1059627,11.0,134.0,52.5,Male,3.0,219700.57,6.0,6.0
7612198,8.0,107.0,25.5,Female,3.0,171766.18,2.0,2.0
8177570,4.0,56.0,42.5,Female,2.0,32391.78,1.0,1.0
4476148,12.0,145.0,49.0,Female,3.0,316819.6,6.0,6.0
9870819,20.0,248.0,51.0,Male,3.0,43426.67,3.0,3.0
1266650,28.0,337.0,71.5,Male,2.0,240262.65,2.0,2.0
4015773,16.0,195.0,32.0,Female,2.0,67076.87,3.0,3.0
9086280,8.0,100.0,34.0,Unknown,2.0,36097.5,4.0,4.0
4450170,12.0,155.0,70.5,Female,2.0,20096.18,1.0,1.0
5901174,20.0,243.0,70.5,Male,2.0,1238216.24,7.0,7.0
8610235,18.0,219.0,29.0,Female,3.0,79928.47,5.0,5.0
7417724,21.0,256.0,52.5,Female,2.0,98415.79,3.0,3.0
2585131,8.0,107.0,26.5,Male,2.0,40371.28999999999,4.0,4.0
8604127,9.0,111.0,21.0,Male,2.0,52603.74,7.0,7.0
708191,5.0,65.0,33.0,Female,4.0,53470.15,7.0,7.0
861492,20.0,244.0,53.0,Male,2.0,85060.81999999999,3.0,3.0
2575543,8.0,107.0,23.0,Female,2.0,25807.18,4.0,4.0
67215,5.0,65.0,50.5,Unknown,2.0,32082.81,1.0,1.0
5529278,22.0,271.0,30.5,Female,2.0,47781.71,4.0,4.0
5993012,5.0,70.0,61.5,Unknown,2.0,42042.56,5.0,5.0
7629806,8.0,106.0,20.5,Female,3.0,72071.33,7.0,7.0
3626087,18.0,225.0,39.0,Female,3.0,850643.55,6.0,6.0
3914148,15.0,184.0,34.5,Female,2.0,54853.47,7.0,7.0
3400296,5.0,62.0,61.5,Unknown,2.0,59039.87,1.0,1.0
8979094,7.0,95.0,43.5,Unknown,2.0,68735.36,2.0,2.0
5924640,5.0,71.0,19.5,Unknown,2.0,25737.759999999995,2.0,2.0
2814507,6.0,83.0,23.0,Unknown,2.0,49286.53,6.0,6.0
2867203,4.0,57.0,25.5,Unknown,2.0,25712.09,2.0,2.0
7710657,3.0,39.0,36.0,Female,3.0,269477.61,6.0,6.0
7326515,7.0,95.0,23.5,Unknown,2.0,43583.21,5.0,5.0
9203070,14.0,178.0,52.0,Female,2.0,18375.02,1.0,1.0
125734,33.0,397.0,73.5,Male,3.0,205414.31,5.0,5.0
6936473,13.0,163.0,61.5,Male,2.0,62767.57000000001,5.0,5.0
4434433,6.0,72.0,36.0,Unknown,2.0,43213.92,6.0,6.0
2919557,14.0,168.0,69.0,Male,2.0,2369571.49,6.0,6.0
4952986,15.0,187.0,22.5,Female,2.0,20253.65,7.0,7.0
3269257,16.0,201.0,58.5,Male,3.0,61997.51999999999,7.0,7.0
6821151,15.0,191.0,54.5,Male,3.0,61724.39,5.0,5.0
1535049,5.0,66.0,47.0,Unknown,2.0,18646.58,4.0,4.0
5704153,21.0,261.0,44.0,Male,4.0,70226.28,7.0,7.0
345004,28.0,340.0,58.0,Male,3.0,110802.2,7.0,7.0
511031,14.0,171.0,29.0,Male,2.0,48362.05,1.0,1.0
2831945,16.0,192.0,35.0,Male,3.0,427010.91,7.0,7.0
409443,2.0,35.0,32.0,Unknown,2.0,24257.15,7.0,7.0
694801,9.0,117.0,34.5,Female,2.0,58427.41,7.0,7.0
6362008,4.0,58.0,32.5,Unknown,2.0,27767.6,1.0,1.0
4809416,25.0,307.0,30.0,Male,2.0,308820.01,1.0,1.0
9381319,8.0,98.0,28.0,Unknown,2.0,51296.21,7.0,7.0
1858932,14.0,176.0,46.0,Male,3.0,200040.19,3.0,3.0
9736639,14.0,178.0,59.5,Male,2.0,82563.64,3.0,3.0
6989365,4.0,56.0,44.0,Unknown,2.0,54856.88,3.0,3.0
605128,26.0,321.0,51.0,Male,3.0,276336.7,7.0,7.0
8428092,7.0,89.0,65.5,Unknown,2.0,377131.42,7.0,7.0
4080119,11.0,138.0,22.0,Male,2.0,42136.28999999999,4.0,4.0
2025078,12.0,149.0,30.5,Male,2.0,27125.869999999995,3.0,3.0
8327703,14.0,172.0,34.5,Female,3.0,57178.83,6.0,6.0
9488910,6.0,81.0,78.0,Unknown,2.0,140403.8,7.0,7.0
4367572,10.0,130.0,27.0,Female,2.0,60568.98999999999,7.0,7.0
2284284,8.0,105.0,62.5,Female,2.0,55580.600000000006,5.0,5.0
5942947,7.0,84.0,58.5,Unknown,2.0,22942.86,7.0,7.0
7201559,14.0,171.0,75.5,Male,3.0,1642007.9,3.0,4.0
9833917,13.0,162.0,31.0,Male,2.0,53223.39,7.0,7.0
908518,21.0,253.0,69.5,Female,2.0,145176.72999999998,3.0,3.0
9622917,8.0,97.0,60.5,Unknown,2.0,605218.5700000001,7.0,7.0
2253940,6.0,78.0,31.0,Unknown,3.0,237911.17,5.0,5.0
8163755,7.0,94.0,23.5,Unknown,2.0,22820.44,7.0,7.0
4622471,5.0,65.0,67.5,Unknown,2.0,83110.56999999999,3.0,3.0
1817480,9.0,110.0,25.0,Male,2.0,43401.91,7.0,7.0
4348480,15.0,182.0,41.5,Male,3.0,192527.4,5.0,5.0
4819747,9.0,109.0,19.5,Male,2.0,19154.41,2.0,2.0
5134418,6.0,74.0,50.0,Unknown,2.0,180506.66,7.0,7.0
3554490,13.0,156.0,52.0,Female,2.0,32397.4,1.0,1.0
2608655,12.0,148.0,46.0,Male,3.0,120066.58,7.0,7.0
8399494,6.0,75.0,51.5,Female,2.0,17721.539999999997,1.0,1.0
6241723,11.0,138.0,42.5,Female,2.0,103306.15,7.0,7.0
2291737,12.0,150.0,50.0,Female,2.0,103463.5,5.0,5.0
1867863,8.0,96.0,35.0,Unknown,3.0,125324.56,7.0,7.0
9229420,8.0,105.0,48.5,Male,2.0,119999.85,3.0,3.0
4485096,13.0,167.0,38.0,Female,2.0,98024.25,6.0,6.0
5806334,22.0,264.0,50.0,Female,2.0,118068.75,2.0,2.0
2361239,22.0,269.0,53.0,Male,3.0,567228.67,2.0,2.0
8096490,20.0,241.0,40.5,Male,3.0,284720.51,3.0,3.0
6466231,18.0,226.0,35.0,Unknown,2.0,103789.58,4.0,4.0
3721484,18.0,222.0,47.0,Female,2.0,145499.84000000003,1.0,1.0
713125,7.0,93.0,52.0,Unknown,3.0,22582.23,7.0,7.0
1102990,7.0,94.0,62.0,Unknown,2.0,24392.23,2.0,2.0
5100554,7.0,95.0,76.5,Unknown,2.0,102436.4,7.0,7.0
3167546,7.0,95.0,64.5,Unknown,3.0,37616.03999999999,7.0,7.0
4375136,7.0,86.0,24.0,Unknown,3.0,121375.06,2.0,2.0
586274,10.0,120.0,55.0,Male,2.0,106209.43,1.0,1.0
9681490,5.0,69.0,21.5,Unknown,2.0,36456.81,7.0,7.0
635617,13.0,164.0,29.5,Unknown,2.0,57858.91,7.0,7.0
5079588,34.0,414.0,71.5,Male,3.0,190141.47,7.0,7.0
2115290,4.0,59.0,26.5,Unknown,3.0,39672.33,7.0,7.0
7158711,14.0,179.0,68.0,Male,2.0,41843.85,7.0,7.0
168528,6.0,83.0,53.5,Unknown,2.0,33743.84,7.0,7.0
4989931,12.0,155.0,48.5,Female,2.0,74556.81,3.0,3.0
672927,16.0,196.0,14.5,Female,2.0,15048.829999999998,2.0,2.0
2443347,17.0,204.0,52.5,Male,3.0,164693.47999999998,7.0,7.0
9826909,7.0,94.0,44.5,Unknown,3.0,182021.7,7.0,7.0
2017068,13.0,163.0,69.5,Female,2.0,173773.52000000002,4.0,4.0
5362714,8.0,107.0,25.0,Male,2.0,72743.95999999999,2.0,2.0
4653660,13.0,163.0,58.5,Male,2.0,284713.01,5.0,5.0
472221,21.0,261.0,57.5,Female,2.0,48871.85,1.0,1.0
2146300,7.0,90.0,14.5,Unknown,2.0,30837.75,6.0,6.0
6989613,7.0,90.0,39.0,Unknown,2.0,62602.29999999999,7.0,7.0
6496237,9.0,109.0,56.5,Male,2.0,1087557.7999999998,3.0,3.0
8307477,12.0,154.0,38.0,Male,2.0,19424.37,3.0,3.0
9667172,5.0,69.0,49.5,Unknown,2.0,114540.94,5.0,5.0
8120092,16.0,193.0,30.5,Male,3.0,91740.97,6.0,6.0
2575820,13.0,157.0,48.5,Male,2.0,913519.36,7.0,7.0
1342412,7.0,92.0,49.5,Unknown,2.0,24898.41,1.0,1.0
2611296,11.0,133.0,35.0,Male,3.0,886962.0800000001,6.0,6.0
9380753,5.0,69.0,43.0,Female,2.0,39269.72,2.0,3.0
8338639,16.0,197.0,72.0,Male,2.0,336250.7,7.0,7.0
5156549,15.0,185.0,35.0,Female,2.0,26251.8,4.0,4.0
4218519,8.0,99.0,24.5,Unknown,2.0,37192.36,7.0,7.0
490048,12.0,154.0,63.0,Male,2.0,25116.11,3.0,3.0
4904815,19.0,229.0,56.0,Male,2.0,58834.42,1.0,1.0
8734113,7.0,94.0,32.0,Male,2.0,73465.89,4.0,4.0
4809077,13.0,166.0,41.5,Female,2.0,191514.86,3.0,3.0
2367875,6.0,80.0,56.0,Unknown,2.0,79759.59,1.0,1.0
1860124,6.0,76.0,65.5,Unknown,2.0,739621.5700000001,3.0,3.0
4442956,10.0,129.0,52.0,Female,2.0,86484.93,4.0,4.0
3434727,23.0,286.0,50.0,Female,2.0,21821.81,4.0,4.0
3892747,19.0,238.0,71.0,Unknown,3.0,185872.22,7.0,7.0
233339,12.0,145.0,55.0,Male,3.0,547697.86,3.0,3.0
131696,7.0,91.0,35.0,Female,3.0,32345.75,5.0,5.0
3777255,13.0,162.0,25.0,Female,2.0,32226.23,1.0,1.0
1304982,11.0,139.0,30.0,Female,2.0,40264.88,4.0,4.0
8944783,4.0,58.0,44.5,Unknown,2.0,18842.3,1.0,1.0
9715102,7.0,84.0,49.5,Unknown,2.0,471707.65,1.0,1.0
9573938,9.0,119.0,63.0,Male,2.0,194900.18,7.0,7.0
2796438,14.0,178.0,36.5,Unknown,2.0,21191.83,1.0,1.0
5753642,7.0,88.0,61.0,Unknown,2.0,22065.39,2.0,2.0
2245424,16.0,201.0,57.0,Male,4.0,246290.21,7.0,7.0
3452937,13.0,167.0,48.0,Female,2.0,18134.0,3.0,3.0
915905,4.0,57.0,17.5,Unknown,2.0,21609.38,3.0,4.0
7738007,15.0,189.0,65.5,Male,2.0,164897.52999999997,2.0,2.0
6618200,4.0,55.0,64.0,Female,2.0,302890.43,2.0,3.0
1734860,5.0,71.0,40.5,Unknown,2.0,35225.99,1.0,1.0
8479198,33.0,398.0,63.0,Male,2.0,246251.74,3.0,3.0
2587826,24.0,293.0,46.5,Female,2.0,152185.95,7.0,7.0
8532910,5.0,70.0,24.0,Female,2.0,42138.44,3.0,3.0
129722,15.0,190.0,47.5,Male,2.0,111736.67,4.0,4.0
3148982,12.0,145.0,64.5,Male,2.0,298396.27,5.0,6.0
5935435,8.0,107.0,47.5,Male,2.0,97644.14,4.0,4.0
5783246,30.0,365.0,50.5,Male,3.0,598630.02,3.0,4.0
6973425,6.0,82.0,58.0,Unknown,2.0,37317.35,2.0,2.0
4779366,6.0,76.0,19.5,Unknown,2.0,34028.33,7.0,7.0
169891,15.0,188.0,74.5,Unknown,4.0,670810.55,7.0,7.0
7394353,21.0,254.0,45.5,Female,2.0,303583.57,3.0,3.0
491863,6.0,72.0,55.0,Female,2.0,37021.56,6.0,6.0
7333679,6.0,83.0,21.5,Unknown,2.0,31232.94,2.0,2.0
4438163,24.0,294.0,46.5,Male,3.0,938850.95,6.0,6.0
7858467,21.0,262.0,27.0,Female,2.0,27041.77,7.0,7.0
4990569,21.0,259.0,52.5,Male,2.0,883316.52,7.0,7.0
4714801,20.0,241.0,59.0,Male,2.0,107339.92,7.0,7.0
8142861,20.0,240.0,45.5,Female,3.0,47805.27,2.0,2.0
40316,14.0,178.0,75.0,Female,2.0,81582.37,4.0,4.0
2500063,15.0,190.0,35.0,Female,2.0,24156.39,6.0,6.0
6598347,12.0,155.0,38.0,Male,2.0,86221.68,4.0,4.0
4326157,13.0,166.0,61.0,Male,3.0,40469.17,5.0,5.0
5421582,16.0,203.0,64.5,Male,2.0,54470.97,2.0,2.0
7841682,25.0,307.0,41.5,Female,3.0,1152745.35,7.0,7.0
5728875,16.0,193.0,51.5,Female,2.0,36782.17999999999,2.0,2.0
6249741,6.0,75.0,20.5,Unknown,2.0,52663.69,7.0,7.0
4779132,5.0,62.0,46.0,Male,2.0,57310.33,2.0,2.0
7675141,4.0,51.0,20.5,Unknown,2.0,18699.31,3.0,3.0
1966572,12.0,148.0,32.0,Female,2.0,20388.87,1.0,1.0
7572667,12.0,153.0,25.0,Male,3.0,52742.74,5.0,5.0
6022802,7.0,84.0,30.0,Male,4.0,150358.83000000002,7.0,7.0
4997335,6.0,78.0,47.0,Female,2.0,48368.3,3.0,3.0
217482,5.0,64.0,26.0,Unknown,2.0,32030.759999999995,2.0,3.0
4586793,24.0,295.0,62.0,Male,3.0,116106.88,6.0,6.0
8202289,13.0,163.0,59.0,Female,2.0,19945.64,5.0,5.0
7435848,4.0,58.0,57.0,Unknown,2.0,16843.449999999997,1.0,1.0
7111579,5.0,60.0,24.5,Unknown,2.0,19558.69,7.0,7.0
5053809,13.0,166.0,56.0,Female,2.0,40903.25,3.0,3.0
218772,5.0,71.0,69.5,Unknown,2.0,17827.859999999997,3.0,4.0
5297696,10.0,120.0,42.5,Female,2.0,191571.43,7.0,7.0
2599781,9.0,116.0,27.0,Female,2.0,40499.39,3.0,3.0
3084137,9.0,114.0,35.5,Male,3.0,222373.84000000003,4.0,4.0
6197210,6.0,83.0,58.5,Unknown,2.0,68748.95,6.0,6.0
1175847,8.0,96.0,27.5,Female,2.0,18235.56,3.0,3.0
9977932,7.0,91.0,36.0,Unknown,2.0,213909.24,6.0,6.0
6344287,15.0,186.0,45.0,Male,2.0,206465.81,4.0,4.0
1689780,5.0,66.0,23.5,Unknown,3.0,48819.56,6.0,6.0
1511508,15.0,187.0,60.5,Female,2.0,44672.56,2.0,2.0
138607,4.0,57.0,36.5,Unknown,2.0,25812.56,7.0,7.0
7290335,35.0,425.0,57.0,Male,3.0,92449.73,2.0,2.0
2563053,12.0,155.0,29.5,Male,2.0,40940.96,5.0,5.0
2225324,16.0,199.0,39.5,Male,2.0,37000.84,7.0,7.0
2446361,5.0,63.0,52.5,Unknown,2.0,17825.17,2.0,2.0
709013,7.0,94.0,46.0,Unknown,2.0,53636.87,6.0,6.0
1364760,17.0,215.0,36.5,Unknown,2.0,37577.94,7.0,7.0
9082023,7.0,90.0,33.0,Unknown,2.0,28551.22,2.0,2.0
1629921,27.0,334.0,61.5,Female,2.0,250696.27,5.0,5.0
1154571,8.0,107.0,64.5,Female,2.0,370187.51,7.0,7.0
1561290,4.0,52.0,23.5,Unknown,2.0,38527.47,7.0,7.0
3623739,10.0,131.0,27.5,Female,3.0,107923.9,6.0,6.0
5896342,5.0,60.0,36.0,Unknown,4.0,85321.88,7.0,7.0
3825814,5.0,69.0,52.0,Unknown,2.0,1572419.95,1.0,2.0
2771679,15.0,190.0,71.5,Male,2.0,288683.22,4.0,4.0
9237630,10.0,126.0,48.5,Male,3.0,144377.75,1.0,1.0
8196418,13.0,156.0,36.5,Female,4.0,58724.16,7.0,7.0
1722522,29.0,354.0,49.0,Female,2.0,127389.03999999998,2.0,2.0
1632255,26.0,319.0,72.0,Female,4.0,266328.3,4.0,4.0
1304033,24.0,294.0,71.5,Male,3.0,221569.03,7.0,7.0
2402562,18.0,217.0,44.0,Female,2.0,302352.67,7.0,7.0
6480815,17.0,215.0,52.5,Female,2.0,165356.02999999997,2.0,2.0
4699907,19.0,239.0,83.5,Female,3.0,643672.63,7.0,7.0
7607169,15.0,190.0,49.5,Male,2.0,680378.4400000001,4.0,4.0
1146936,36.0,436.0,60.5,Male,3.0,171038.47999999998,4.0,5.0
7917528,13.0,157.0,35.0,Male,2.0,22913.81,7.0,7.0
8099914,12.0,152.0,62.0,Male,2.0,99067.55,3.0,3.0
9620680,5.0,70.0,35.5,Unknown,2.0,17708.12,1.0,1.0
2763601,6.0,76.0,64.5,Unknown,2.0,104609.7,1.0,2.0
4768641,5.0,65.0,63.0,Unknown,5.0,55038.66,4.0,4.0
9350810,5.0,68.0,43.0,Female,2.0,99492.81,1.0,1.0
6755128,15.0,191.0,29.5,Male,2.0,96489.82,4.0,4.0
378291,17.0,204.0,62.5,Female,2.0,26013.92,7.0,7.0
4237393,6.0,82.0,25.5,Male,4.0,395042.6,7.0,7.0
6764969,10.0,130.0,57.5,Female,3.0,92608.32,7.0,7.0
9855963,6.0,79.0,45.5,Unknown,2.0,198397.27,2.0,2.0
2094242,23.0,276.0,61.0,Female,2.0,439290.89,4.0,4.0
9578801,7.0,95.0,61.5,Unknown,2.0,42612.3,4.0,4.0
3199440,6.0,81.0,21.5,Male,2.0,15361.57,2.0,2.0
2030140,5.0,71.0,20.5,Unknown,2.0,41825.42,6.0,6.0
9855434,13.0,156.0,49.5,Male,2.0,32877.42999999999,6.0,6.0
2678251,12.0,150.0,28.0,Female,2.0,36602.22,7.0,7.0
7118788,5.0,69.0,51.5,Male,2.0,297724.21,7.0,7.0
9930996,13.0,158.0,53.0,Female,2.0,58715.09,4.0,4.0
2210289,22.0,268.0,60.0,Male,2.0,42243.6,2.0,2.0
1099790,20.0,243.0,51.5,Female,2.0,80095.79,5.0,5.0
4106003,18.0,226.0,39.0,Female,2.0,71496.20999999999,1.0,1.0
2186124,11.0,144.0,65.5,Male,2.0,96485.59,4.0,4.0
6420647,14.0,176.0,48.0,Female,2.0,397030.48,2.0,2.0
4095656,6.0,73.0,56.5,Unknown,2.0,61332.39,2.0,2.0
8834974,12.0,152.0,27.5,Unknown,2.0,104482.01,7.0,7.0
8845105,6.0,77.0,59.5,Unknown,2.0,112238.25,5.0,5.0
4658917,5.0,71.0,27.5,Unknown,2.0,25968.17,7.0,7.0
1050394,17.0,214.0,69.0,Male,2.0,262493.37,7.0,7.0
3289678,4.0,57.0,14.5,Unknown,2.0,16625.93,7.0,7.0
6868690,12.0,154.0,27.0,Male,2.0,78598.76999999999,3.0,3.0
6200262,14.0,169.0,33.5,Female,2.0,138296.41999999998,6.0,6.0
1350002,13.0,161.0,40.5,Male,3.0,723089.7100000001,7.0,7.0
6946811,33.0,402.0,75.0,Male,2.0,39539.85,7.0,7.0
5162475,2.0,33.0,38.5,Unknown,2.0,42328.9,7.0,7.0
1926061,4.0,56.0,21.0,Unknown,3.0,21790.44,7.0,7.0
7341342,8.0,106.0,31.0,Unknown,4.0,92759.16,4.0,4.0
69201,5.0,66.0,20.0,Unknown,4.0,45327.14,7.0,7.0
7634439,7.0,84.0,40.0,Female,2.0,476136.41,7.0,7.0
4871813,11.0,133.0,40.0,Male,2.0,24166.29,1.0,1.0
3188090,21.0,253.0,55.0,Female,2.0,21238.93,1.0,1.0
1267653,18.0,226.0,46.5,Male,3.0,231191.97,2.0,2.0
2963269,15.0,189.0,57.0,Male,2.0,293289.39,6.0,6.0
5933262,13.0,158.0,64.0,Female,2.0,31664.53,1.0,1.0
8644451,12.0,147.0,31.5,Female,2.0,51171.55,5.0,5.0
5744522,16.0,195.0,42.5,Female,2.0,161480.43,1.0,1.0
1616949,9.0,113.0,41.0,Female,2.0,84592.04,5.0,5.0
1243626,13.0,165.0,50.0,Female,2.0,28328.03,2.0,2.0
1799729,10.0,126.0,24.5,Unknown,2.0,29622.22,7.0,7.0
5666708,9.0,114.0,27.0,Male,2.0,23610.14,1.0,1.0
2851734,6.0,76.0,28.0,Unknown,2.0,48568.38,1.0,1.0
3666586,9.0,115.0,59.0,Male,2.0,841292.55,3.0,3.0
219477,9.0,113.0,48.5,Female,2.0,240578.92,2.0,2.0
6779070,6.0,76.0,43.5,Unknown,2.0,49756.97,7.0,7.0
9091483,6.0,83.0,59.5,Unknown,2.0,73223.94,7.0,7.0
5263532,5.0,69.0,62.5,Female,2.0,221029.95,7.0,7.0
3851243,5.0,65.0,32.0,Unknown,2.0,39525.24,2.0,2.0
1510490,6.0,78.0,23.0,Unknown,2.0,52095.11,7.0,7.0
6233673,11.0,136.0,25.5,Male,3.0,128880.84999999998,6.0,6.0
9812228,13.0,159.0,30.5,Male,2.0,24456.66,1.0,1.0
7189209,10.0,121.0,44.5,Male,3.0,71322.35,6.0,6.0
5666874,13.0,158.0,59.0,Female,2.0,60678.14,5.0,5.0
5712379,14.0,177.0,51.0,Male,3.0,1907103.82,3.0,4.0
5989949,2.0,33.0,18.5,Unknown,2.0,24082.33,3.0,3.0
8134722,5.0,70.0,57.5,Unknown,2.0,22566.43,1.0,1.0
7903778,11.0,136.0,45.0,Female,2.0,36249.24,7.0,7.0
3196126,4.0,54.0,65.0,Unknown,2.0,106948.07,5.0,5.0
2856220,4.0,57.0,24.5,Female,2.0,15641.539999999995,2.0,2.0
9533450,23.0,277.0,57.0,Female,3.0,336796.39,3.0,3.0
4424942,8.0,98.0,42.5,Unknown,2.0,695273.2200000001,3.0,3.0
5753435,27.0,328.0,61.5,Female,3.0,194937.72,5.0,5.0
7329718,14.0,178.0,33.0,Female,2.0,16622.739999999998,4.0,4.0
3941875,11.0,137.0,24.0,Male,2.0,47949.35,7.0,7.0
4352527,16.0,194.0,44.5,Male,3.0,157587.68,6.0,6.0
5734780,4.0,57.0,45.0,Unknown,2.0,231201.37,6.0,6.0
2009434,15.0,189.0,33.0,Male,2.0,18895.47,1.0,1.0
7193375,18.0,221.0,24.0,Male,3.0,194832.42,7.0,7.0
202221,9.0,116.0,23.0,Female,2.0,38873.78999999999,4.0,4.0
6360587,15.0,189.0,29.5,Male,2.0,74266.95,2.0,2.0
9195181,6.0,75.0,20.0,Unknown,2.0,28986.96,5.0,5.0
1559591,6.0,81.0,53.0,Unknown,2.0,73201.1,7.0,7.0
7692771,9.0,117.0,37.0,Female,2.0,24366.31,1.0,1.0
6792566,10.0,126.0,35.5,Female,3.0,55607.69,2.0,2.0
6992923,30.0,371.0,59.0,Male,3.0,574051.53,7.0,7.0
549560,6.0,82.0,30.5,Unknown,3.0,56981.44,6.0,6.0
2793600,12.0,152.0,33.0,Male,2.0,35526.52,1.0,1.0
4707492,30.0,371.0,46.5,Female,2.0,36844.73,1.0,1.0
7681799,14.0,179.0,28.5,Female,2.0,21571.26,4.0,4.0
5918348,6.0,77.0,22.0,Unknown,2.0,51863.65,2.0,2.0
8128775,16.0,203.0,42.5,Male,2.0,50099.63,5.0,5.0
3479499,6.0,73.0,38.0,Unknown,2.0,51989.52,2.0,2.0
8690934,7.0,91.0,42.0,Unknown,2.0,193704.84000000003,7.0,7.0
1483641,5.0,69.0,28.5,Unknown,3.0,56620.44,1.0,1.0
4494442,12.0,148.0,47.0,Male,2.0,150756.12,7.0,7.0
2481559,18.0,221.0,46.5,Male,2.0,43164.2,7.0,7.0
2413646,9.0,119.0,44.5,Male,2.0,22739.15,1.0,1.0
3519019,22.0,267.0,58.0,Male,3.0,125766.95,5.0,5.0
3945328,20.0,247.0,72.5,Male,2.0,250688.85,4.0,4.0
6285467,19.0,233.0,43.5,Female,3.0,98889.89,4.0,4.0
4065981,6.0,80.0,26.0,Unknown,3.0,28318.36,7.0,7.0
5320163,6.0,81.0,32.5,Unknown,2.0,32183.09,4.0,4.0
1558415,5.0,67.0,59.0,Unknown,2.0,17614.57,1.0,4.0
6515238,14.0,178.0,27.0,Female,2.0,21407.91,2.0,2.0
3501857,15.0,189.0,37.5,Male,2.0,66117.69,4.0,4.0
8698523,4.0,59.0,22.0,Unknown,3.0,34524.6,1.0,1.0
8274253,24.0,298.0,48.5,Male,3.0,124504.86,7.0,7.0
2321487,5.0,68.0,21.0,Unknown,3.0,41121.28999999999,3.0,3.0
7601646,5.0,60.0,58.5,Unknown,2.0,39193.35,4.0,4.0
6088621,4.0,58.0,27.5,Unknown,2.0,27617.74,7.0,7.0
6191311,10.0,130.0,35.5,Male,2.0,48592.21,5.0,5.0
5203192,8.0,106.0,28.0,Female,2.0,32349.1,1.0,1.0
6934943,8.0,101.0,42.0,Unknown,2.0,79874.18,5.0,5.0
7006691,7.0,90.0,23.5,Unknown,2.0,17318.8,7.0,7.0
4506565,14.0,178.0,50.5,Unknown,3.0,107827.49,1.0,1.0
9966978,11.0,143.0,66.0,Female,3.0,22614.07,3.0,3.0
6405150,4.0,59.0,50.0,Unknown,2.0,17004.64,4.0,4.0
7276046,11.0,136.0,42.5,Female,2.0,84441.23,4.0,4.0
3607418,32.0,394.0,57.0,Unknown,2.0,29906.69,1.0,1.0
8038532,16.0,194.0,45.0,Male,2.0,120375.24,4.0,4.0
578877,22.0,275.0,20.0,Male,3.0,51881.76,7.0,7.0
7084469,22.0,269.0,33.5,Male,2.0,50485.84,7.0,7.0
5084788,21.0,262.0,49.5,Female,2.0,30796.59,4.0,4.0
6366999,20.0,245.0,35.0,Female,2.0,15735.0,4.0,4.0
2630006,4.0,58.0,58.0,Male,2.0,370402.13,4.0,4.0
8546664,11.0,136.0,26.0,Female,2.0,53368.39,2.0,2.0
5301241,4.0,58.0,46.0,Unknown,2.0,58498.9,1.0,1.0
1728863,8.0,106.0,26.5,Female,2.0,69825.17,2.0,3.0
2261425,6.0,79.0,61.5,Unknown,2.0,68489.34,7.0,7.0
4046902,34.0,418.0,62.0,Female,2.0,141597.68,2.0,2.0
4312918,10.0,121.0,60.5,Female,3.0,220772.19,7.0,7.0
4894677,4.0,58.0,51.5,Unknown,2.0,21202.86,3.0,3.0
3978389,7.0,85.0,48.0,Unknown,2.0,101699.7,1.0,1.0
7543825,6.0,80.0,58.5,Unknown,2.0,32709.78,6.0,6.0
4247196,7.0,91.0,49.0,Unknown,2.0,39426.58,3.0,3.0
5299952,5.0,66.0,57.0,Unknown,2.0,39233.28,2.0,2.0
2580694,8.0,106.0,24.0,Female,2.0,45215.85,4.0,4.0
4179262,8.0,96.0,70.0,Unknown,2.0,98550.03,7.0,7.0
6614064,12.0,144.0,25.5,Female,2.0,46609.53,1.0,1.0
7642240,16.0,195.0,55.0,Male,2.0,57559.72,3.0,3.0
3176473,11.0,143.0,46.5,Male,2.0,71207.95999999999,6.0,6.0
7656867,5.0,70.0,27.0,Unknown,3.0,53593.24,7.0,7.0
8138313,19.0,229.0,61.5,Female,2.0,89563.99,1.0,1.0
3612044,34.0,417.0,55.5,Female,2.0,89791.48,3.0,3.0
8000836,13.0,157.0,39.0,Male,3.0,31321.88,3.0,3.0
5868287,15.0,191.0,39.5,Female,2.0,26757.54,2.0,2.0
4833509,17.0,215.0,19.5,Female,3.0,26453.94,2.0,2.0
8354961,15.0,183.0,37.5,Male,2.0,101369.05,4.0,4.0
5192102,11.0,143.0,32.0,Female,2.0,110898.74,7.0,7.0
4966867,8.0,106.0,55.0,Female,3.0,628449.36,6.0,6.0
5408824,13.0,166.0,30.0,Male,2.0,18962.93,4.0,4.0
7539737,5.0,70.0,39.5,Unknown,2.0,33411.96,1.0,1.0
5415269,6.0,79.0,57.5,Unknown,2.0,285802.15,3.0,3.0
7224349,6.0,76.0,61.0,Female,2.0,73767.94,1.0,1.0
4532625,6.0,79.0,22.5,Unknown,3.0,58459.86,7.0,7.0
4668760,5.0,65.0,48.0,Female,2.0,21473.18,2.0,2.0
326164,9.0,113.0,55.0,Male,2.0,76021.13,1.0,1.0
1783690,5.0,68.0,22.0,Female,2.0,41127.17,7.0,7.0
8551833,11.0,135.0,49.5,Female,2.0,39190.84,3.0,3.0
4645116,9.0,113.0,59.5,Male,2.0,104804.73,1.0,1.0
8098867,22.0,264.0,17.0,Female,2.0,25128.81,7.0,7.0
4466046,21.0,252.0,55.5,Female,3.0,168664.69,4.0,4.0
6178131,5.0,70.0,39.5,Unknown,2.0,22733.97,2.0,2.0
6550823,6.0,79.0,54.0,Unknown,2.0,84028.48,1.0,1.0
4549655,6.0,78.0,24.5,Unknown,2.0,47190.2,2.0,2.0
2316195,17.0,208.0,43.0,Male,2.0,78021.23,6.0,6.0
8415399,4.0,58.0,31.5,Unknown,2.0,35470.96,2.0,2.0
8229841,15.0,190.0,30.5,Female,2.0,33762.32,7.0,7.0
6845431,5.0,61.0,40.5,Female,2.0,39157.22,1.0,1.0
473167,5.0,70.0,26.5,Male,2.0,62081.65,6.0,6.0
6021410,16.0,199.0,44.5,Male,2.0,45256.28,1.0,1.0
742221,6.0,75.0,21.0,Unknown,2.0,26629.61,3.0,3.0
2170538,5.0,62.0,42.5,Male,2.0,28799.18,4.0,4.0
4997890,8.0,102.0,46.0,Unknown,2.0,40505.25,5.0,5.0
1706933,6.0,83.0,54.0,Unknown,4.0,677984.2100000001,3.0,3.0
3859847,9.0,109.0,50.5,Female,2.0,104135.04,7.0,7.0
2589099,12.0,155.0,53.5,Female,2.0,29654.2,5.0,5.0
6834997,6.0,82.0,22.5,Unknown,2.0,61357.76,7.0,7.0
3586164,7.0,85.0,22.5,Unknown,2.0,28777.259999999995,4.0,4.0
4750503,14.0,178.0,50.0,Male,2.0,100478.81,1.0,1.0
9076702,12.0,146.0,81.0,Male,2.0,20640.37,1.0,1.0
3239213,21.0,254.0,25.5,Male,2.0,39146.98,3.0,3.0
1109256,15.0,190.0,68.5,Male,2.0,807596.4,2.0,2.0
7991279,5.0,67.0,55.5,Unknown,2.0,21482.13,7.0,7.0
3230739,12.0,151.0,25.5,Male,2.0,20400.12,5.0,5.0
9772130,5.0,60.0,18.5,Unknown,2.0,26478.56,4.0,4.0
2865401,18.0,219.0,54.0,Male,2.0,722517.9500000001,7.0,7.0
3440007,11.0,142.0,36.0,Female,2.0,32546.19,1.0,1.0
333527,14.0,176.0,30.0,Female,2.0,31198.13,1.0,1.0
145013,6.0,79.0,47.0,Unknown,2.0,47175.28,3.0,3.0
952303,13.0,156.0,64.0,Female,2.0,95242.66,4.0,4.0
3791301,14.0,178.0,58.0,Male,2.0,18045.06,7.0,7.0
4585772,15.0,189.0,42.0,Male,2.0,17192.589999999997,1.0,1.0
2325993,16.0,192.0,42.5,Female,2.0,112837.61,6.0,6.0
8063954,13.0,159.0,80.0,Male,2.0,470482.09,7.0,7.0
7294531,3.0,47.0,46.5,Male,3.0,93079.79,7.0,7.0
4257803,12.0,144.0,60.0,Female,2.0,211250.02,7.0,7.0
4552470,13.0,167.0,66.5,Female,2.0,430538.65,7.0,7.0
2596125,9.0,118.0,22.5,Female,3.0,108764.15,4.0,4.0
7468452,16.0,196.0,36.5,Male,2.0,64609.83,4.0,4.0
5732779,9.0,111.0,49.0,Female,2.0,30424.65,6.0,6.0
5969466,9.0,119.0,53.5,Female,2.0,24359.52,6.0,6.0
2938452,6.0,82.0,40.0,Unknown,2.0,28020.84,3.0,3.0
9348485,15.0,189.0,54.0,Female,2.0,19659.22,3.0,3.0
559348,5.0,66.0,28.5,Unknown,2.0,51918.98,2.0,2.0
4697153,8.0,96.0,59.5,Unknown,2.0,60776.11,7.0,7.0
5421506,13.0,165.0,31.5,Male,2.0,80735.53,2.0,2.0
6697478,6.0,75.0,23.5,Unknown,2.0,23416.68,1.0,1.0
8336113,6.0,82.0,50.0,Unknown,2.0,13842.839999999997,2.0,2.0
9029800,9.0,114.0,66.0,Female,2.0,155050.18,6.0,6.0
5025093,13.0,160.0,60.5,Female,2.0,124756.75,2.0,2.0
3925452,15.0,190.0,72.5,Female,2.0,263705.81,1.0,1.0
9293206,8.0,97.0,56.5,Unknown,2.0,359600.12,7.0,7.0
5757545,13.0,166.0,35.0,Female,3.0,38351.85,3.0,3.0
4403129,13.0,158.0,41.5,Male,2.0,145820.24,6.0,6.0
4421448,12.0,147.0,51.5,Female,2.0,164834.38,1.0,1.0
1769930,8.0,103.0,26.5,Male,2.0,32016.39,1.0,1.0
7796350,13.0,167.0,46.5,Female,2.0,60836.45999999999,4.0,4.0
1098914,28.0,341.0,50.5,Male,3.0,349940.83,3.0,3.0
3846581,21.0,262.0,54.5,Male,3.0,1616438.5599999998,4.0,4.0
3791180,18.0,216.0,57.5,Female,2.0,237819.68,5.0,6.0
1839329,23.0,286.0,76.5,Male,4.0,139628.61,6.0,6.0
4929625,14.0,179.0,49.0,Male,2.0,46544.44,3.0,3.0
9918393,15.0,180.0,21.0,Female,2.0,20099.63,4.0,4.0
1847080,8.0,106.0,49.5,Female,2.0,973021.9,5.0,5.0
3525110,4.0,59.0,58.5,Unknown,3.0,35349.64,7.0,7.0
5468402,12.0,153.0,40.0,Female,2.0,41412.76,1.0,1.0
9680679,14.0,168.0,51.5,Male,2.0,61494.48,1.0,1.0
3610605,6.0,76.0,16.5,Unknown,2.0,19105.69,2.0,2.0
5452432,16.0,196.0,50.5,Female,2.0,37452.4,2.0,2.0
9082002,16.0,192.0,51.0,Female,3.0,71903.94,3.0,3.0
1065390,7.0,93.0,53.5,Unknown,2.0,24289.259999999995,2.0,2.0
7927054,14.0,172.0,60.0,Female,2.0,23277.89,4.0,4.0
8017522,14.0,172.0,67.0,Male,2.0,192027.18,7.0,7.0
5116089,30.0,367.0,88.0,Female,3.0,1243173.24,7.0,7.0
4903075,24.0,297.0,61.5,Female,2.0,13809.539999999995,5.0,5.0
4805239,20.0,245.0,39.5,Male,3.0,385302.86,3.0,3.0
3871537,19.0,236.0,65.0,Male,2.0,1221927.12,7.0,7.0
7665489,14.0,170.0,44.0,Female,2.0,66282.48,2.0,2.0
8129206,17.0,212.0,34.0,Female,2.0,88367.05,7.0,7.0
8035769,7.0,89.0,68.0,Unknown,2.0,55699.76,7.0,7.0
4602596,21.0,253.0,43.0,Male,2.0,80204.34,5.0,5.0
4020597,16.0,193.0,33.5,Female,2.0,20672.96,4.0,4.0
5226925,10.0,130.0,60.5,Male,2.0,672627.4700000001,5.0,5.0
5743599,5.0,61.0,58.5,Female,2.0,125270.26,2.0,2.0
4991623,4.0,59.0,33.5,Unknown,2.0,33807.61,7.0,7.0
8584385,6.0,82.0,37.5,Unknown,2.0,21284.62,1.0,1.0
8928004,4.0,57.0,21.5,Female,2.0,24442.02,2.0,3.0
5207040,6.0,79.0,37.0,Unknown,2.0,158744.76,7.0,7.0
7833806,6.0,83.0,73.0,Unknown,2.0,117009.1,2.0,2.0
3239818,12.0,149.0,23.0,Female,2.0,114260.24,3.0,3.0
7101327,5.0,60.0,42.5,Unknown,2.0,17352.519999999997,7.0,7.0
3199400,7.0,94.0,37.0,Unknown,2.0,61856.630000000005,2.0,2.0
8648535,13.0,166.0,34.0,Female,2.0,39131.49,1.0,1.0
2543768,10.0,124.0,46.0,Male,2.0,21404.84,2.0,2.0
8577873,9.0,113.0,51.0,Male,2.0,24613.86,3.0,3.0
4098644,8.0,102.0,45.0,Unknown,2.0,42345.12,7.0,7.0
4597385,9.0,112.0,63.5,Female,2.0,478645.85,2.0,2.0
4790266,8.0,102.0,45.0,Male,3.0,122324.09,6.0,6.0
6290452,16.0,200.0,46.0,Male,3.0,51452.04,4.0,4.0
8504463,11.0,143.0,45.0,Male,2.0,21505.57,7.0,7.0
7850922,6.0,78.0,44.5,Unknown,2.0,43970.59,5.0,5.0
1834186,24.0,290.0,18.0,Female,2.0,125432.55,2.0,2.0
7766718,19.0,233.0,27.0,Male,2.0,117166.56,7.0,7.0
5169690,17.0,214.0,41.5,Male,2.0,94148.49,5.0,5.0
5247248,13.0,157.0,30.5,Male,2.0,31957.39,5.0,5.0
2192986,14.0,173.0,61.5,Male,2.0,360040.7,7.0,7.0
94793,5.0,70.0,25.5,Unknown,3.0,50326.29,5.0,5.0
7475940,7.0,84.0,21.5,Unknown,2.0,64101.92,6.0,6.0
5488606,5.0,63.0,46.5,Female,2.0,19500.09,2.0,2.0
2573329,6.0,83.0,58.5,Unknown,3.0,261796.13,6.0,6.0
8224199,5.0,65.0,60.5,Unknown,2.0,176157.72999999998,2.0,2.0
9974944,5.0,66.0,18.5,Unknown,3.0,22779.56,6.0,6.0
2549924,30.0,369.0,60.5,Female,2.0,249396.89,6.0,6.0
739955,11.0,142.0,30.5,Female,2.0,33148.92,1.0,1.0
876321,5.0,71.0,39.5,Unknown,4.0,58632.9,4.0,4.0
3211602,11.0,143.0,38.0,Male,2.0,27532.25,3.0,3.0
2815673,7.0,94.0,31.0,Unknown,2.0,17653.69,1.0,1.0
7342965,4.0,59.0,32.0,Unknown,3.0,228687.53,7.0,7.0
9947751,12.0,151.0,36.5,Male,2.0,56579.66,4.0,4.0
3280391,14.0,168.0,52.0,Female,3.0,139786.05,7.0,7.0
9934088,13.0,160.0,65.0,Unknown,2.0,37305.67,3.0,3.0
3690697,6.0,75.0,42.0,Unknown,2.0,24818.28,3.0,3.0
3762029,6.0,82.0,37.0,Unknown,2.0,15519.649999999998,2.0,2.0
2031070,5.0,64.0,18.5,Unknown,2.0,35740.97,3.0,3.0
1602886,7.0,85.0,73.5,Unknown,2.0,171276.12,1.0,2.0
2983933,15.0,188.0,48.0,Male,3.0,138085.76,5.0,5.0
5400667,14.0,170.0,40.5,Female,2.0,58568.75,1.0,1.0
1345103,12.0,155.0,35.0,Male,2.0,28208.86,3.0,3.0
3808366,7.0,88.0,30.0,Unknown,2.0,35938.23,2.0,2.0
4222554,6.0,72.0,55.5,Unknown,2.0,50458.21,3.0,3.0
6391276,13.0,166.0,30.5,Female,2.0,123203.62,4.0,4.0
2797964,5.0,69.0,55.5,Unknown,2.0,59017.97,3.0,3.0
684287,9.0,119.0,55.0,Female,2.0,30275.32,4.0,4.0
2251352,15.0,180.0,49.5,Male,2.0,17035.93,1.0,1.0
8840015,5.0,70.0,19.5,Unknown,2.0,40322.7,2.0,2.0
5575201,16.0,193.0,38.0,Male,2.0,82684.92,3.0,3.0
501593,5.0,70.0,27.5,Unknown,2.0,23183.17,2.0,2.0
3467374,5.0,65.0,28.0,Unknown,2.0,15966.649999999998,3.0,3.0
837819,14.0,171.0,25.5,Male,2.0,13998.579999999998,4.0,4.0
3127983,13.0,158.0,33.0,Male,4.0,41321.67,7.0,7.0
8119077,4.0,59.0,54.5,Unknown,3.0,20698.56,4.0,5.0
4661429,6.0,82.0,55.0,Unknown,3.0,32632.28,1.0,1.0
8162225,5.0,61.0,31.5,Male,3.0,140294.51,7.0,7.0
5168188,6.0,72.0,50.5,Unknown,2.0,131389.34,7.0,7.0
9419462,21.0,253.0,47.5,Female,2.0,22233.57,3.0,3.0
4265485,20.0,250.0,40.5,Female,2.0,28963.55,3.0,3.0
257826,4.0,58.0,54.0,Female,3.0,387813.42,2.0,2.0
3428337,11.0,141.0,55.5,Female,2.0,61898.06,1.0,1.0
9441785,18.0,223.0,45.5,Unknown,2.0,17948.55,7.0,7.0
4352866,29.0,351.0,58.5,Female,2.0,60278.73999999999,3.0,3.0
6447227,4.0,59.0,66.5,Unknown,2.0,128410.89,1.0,1.0
3065137,17.0,211.0,58.0,Female,3.0,107870.45,7.0,7.0
8626721,22.0,266.0,44.0,Male,4.0,1320082.97,7.0,7.0
132719,17.0,214.0,51.0,Male,2.0,44490.42,1.0,1.0
8912081,13.0,158.0,48.0,Male,2.0,73046.32,4.0,4.0
8642231,25.0,311.0,53.0,Male,3.0,182029.65,7.0,7.0
104800,13.0,166.0,31.5,Male,2.0,49701.7,5.0,5.0
3568021,6.0,82.0,45.0,Unknown,3.0,42533.19,4.0,4.0
2683357,6.0,72.0,19.5,Unknown,2.0,20918.75,3.0,3.0
7471304,12.0,150.0,66.0,Female,2.0,30773.84,5.0,5.0
8537006,23.0,280.0,59.5,Male,2.0,14938.12,1.0,1.0
788419,20.0,240.0,38.0,Unknown,3.0,254290.01,3.0,3.0
2652206,7.0,84.0,79.0,Unknown,2.0,26285.45,2.0,3.0
6315660,10.0,120.0,32.5,Male,2.0,34309.83,1.0,1.0
1584000,9.0,119.0,29.0,Female,2.0,39285.17,6.0,6.0
6942586,8.0,96.0,37.5,Unknown,2.0,101183.04,2.0,2.0
8833380,10.0,128.0,66.5,Male,2.0,86213.0,6.0,6.0
8447640,16.0,196.0,40.5,Female,2.0,24505.07,2.0,2.0
7248272,9.0,109.0,46.0,Male,2.0,22486.14,1.0,1.0
5444,4.0,58.0,40.5,Unknown,3.0,20808.15,5.0,5.0
4916510,15.0,181.0,69.5,Female,2.0,43662.38,5.0,5.0
9851760,14.0,179.0,56.5,Male,3.0,618381.5700000001,4.0,4.0
2822809,12.0,155.0,55.0,Male,2.0,35221.369999999995,4.0,4.0
4090924,19.0,234.0,47.0,Male,2.0,65371.36,7.0,7.0
7798423,5.0,65.0,23.0,Unknown,2.0,18861.93,6.0,6.0
5469951,17.0,204.0,35.0,Male,2.0,3447091.3,7.0,7.0
833386,7.0,87.0,28.5,Unknown,2.0,120287.61,4.0,4.0
4581341,4.0,56.0,23.0,Unknown,2.0,28202.07,7.0,7.0
5963169,15.0,189.0,57.0,Female,2.0,35273.399999999994,3.0,3.0
9987991,9.0,110.0,41.5,Male,2.0,49992.44,3.0,3.0
1384362,21.0,263.0,60.0,Female,2.0,357612.82,7.0,7.0
7860460,20.0,248.0,40.5,Unknown,2.0,55268.36,2.0,2.0
4108987,17.0,215.0,38.5,Male,2.0,675869.06,7.0,7.0
4072816,31.0,381.0,47.5,Male,2.0,33091.91,5.0,5.0
5584808,12.0,155.0,44.5,Male,2.0,20470.09,1.0,1.0
314092,4.0,48.0,60.5,Unknown,2.0,153616.68,5.0,5.0
2897115,7.0,93.0,64.5,Male,2.0,80657.54,5.0,5.0
3735917,14.0,174.0,60.5,Female,2.0,79162.4,7.0,7.0
4150086,14.0,171.0,54.5,Male,2.0,13889.859999999995,7.0,7.0
9324982,32.0,386.0,81.5,Male,5.0,1887355.46,5.0,5.0
3381620,13.0,158.0,29.0,Unknown,2.0,89508.48,2.0,2.0
2468056,9.0,111.0,57.5,Female,2.0,18367.7,4.0,4.0
7804997,15.0,189.0,47.0,Male,2.0,67882.44,1.0,1.0
7521336,10.0,129.0,50.0,Female,2.0,14312.16,3.0,3.0
3866457,10.0,131.0,62.5,Male,3.0,31751.93,4.0,4.0
4104199,10.0,130.0,41.5,Male,2.0,64798.70999999999,7.0,7.0
7844867,6.0,82.0,51.0,Unknown,2.0,63823.42999999999,2.0,2.0
9339206,7.0,95.0,30.5,Unknown,2.0,113687.9,6.0,6.0
2253996,4.0,59.0,22.5,Unknown,2.0,23092.13,2.0,2.0
1142401,14.0,172.0,30.5,Male,2.0,50761.74,1.0,1.0
5389738,5.0,70.0,42.5,Unknown,2.0,21902.32,2.0,2.0
8793386,6.0,73.0,49.5,Unknown,2.0,25699.83,7.0,7.0
3252844,4.0,59.0,19.0,Unknown,2.0,16923.019999999997,2.0,2.0
2176166,23.0,277.0,46.5,Female,2.0,38351.53999999999,1.0,1.0
9772455,22.0,275.0,26.0,Female,2.0,125181.81,2.0,2.0
3130107,21.0,263.0,61.5,Male,3.0,272172.19,7.0,7.0
1983013,14.0,170.0,27.5,Male,3.0,185007.66,6.0,6.0
2018076,16.0,197.0,52.5,Female,3.0,569164.1900000001,7.0,7.0
4570746,4.0,58.0,45.5,Unknown,2.0,35289.34,5.0,5.0
919929,12.0,155.0,72.5,Female,2.0,63908.08,4.0,4.0
6476042,5.0,61.0,61.0,Male,2.0,562578.89,4.0,4.0
9646058,11.0,142.0,42.5,Female,2.0,129877.12,3.0,3.0
4927670,7.0,92.0,23.0,Unknown,3.0,123542.43,4.0,4.0
7004486,6.0,73.0,44.5,Unknown,2.0,228802.85,5.0,5.0
6962134,18.0,223.0,44.5,Female,2.0,16250.37,3.0,3.0
2819367,7.0,94.0,61.0,Unknown,2.0,16890.559999999998,6.0,6.0
7361548,23.0,287.0,24.0,Female,3.0,67809.35,4.0,4.0
5600603,23.0,278.0,25.5,Male,3.0,89920.86,1.0,1.0
407554,22.0,270.0,59.5,Male,2.0,196089.52,4.0,4.0
170936,19.0,239.0,43.5,Unknown,2.0,172101.32,2.0,2.0
4535144,9.0,117.0,52.0,Male,3.0,50095.16,7.0,7.0
2192149,13.0,160.0,43.5,Male,2.0,369535.95,6.0,6.0
9749169,7.0,86.0,52.5,Unknown,2.0,32955.67,7.0,7.0
1506479,6.0,79.0,30.5,Unknown,2.0,111796.99,2.0,2.0
9057666,6.0,78.0,68.5,Unknown,2.0,502306.42,6.0,6.0
8031827,11.0,140.0,28.5,Female,5.0,353836.98,6.0,6.0
9789548,13.0,166.0,53.0,Female,2.0,104360.76,7.0,7.0
6163742,23.0,277.0,51.0,Male,2.0,41550.98,2.0,2.0
3666542,11.0,141.0,28.0,Male,2.0,19656.9,7.0,7.0
9770670,4.0,58.0,23.5,Unknown,2.0,32402.25,1.0,1.0
1739711,13.0,159.0,41.5,Female,2.0,13835.839999999997,2.0,2.0
311268,16.0,192.0,42.5,Male,3.0,25389.07,1.0,1.0
6874079,20.0,251.0,47.0,Male,2.0,19045.59,4.0,4.0
3136134,15.0,189.0,61.0,Male,2.0,34815.28,1.0,1.0
5189483,7.0,84.0,56.0,Unknown,2.0,137581.61,7.0,7.0
5341542,15.0,182.0,63.5,Female,2.0,65560.35,7.0,7.0
3353786,5.0,66.0,29.5,Unknown,2.0,46330.4,3.0,3.0
3119340,14.0,179.0,78.0,Female,2.0,148842.36,6.0,6.0
3615763,8.0,107.0,53.5,Male,2.0,49595.58,1.0,1.0
997602,13.0,157.0,44.0,Male,2.0,67763.53,7.0,7.0
3206982,6.0,72.0,45.5,Male,2.0,32564.28,7.0,7.0
2005270,12.0,154.0,41.0,Female,3.0,47979.41,3.0,3.0
1483562,15.0,189.0,54.0,Male,2.0,16650.519999999997,2.0,2.0
254465,19.0,237.0,56.0,Male,2.0,19494.76,7.0,7.0
6497791,20.0,240.0,49.0,Female,2.0,87024.77,6.0,6.0
6863768,22.0,266.0,40.0,Male,2.0,255979.24,1.0,1.0
6422108,21.0,263.0,51.0,Female,2.0,62815.83,2.0,2.0
5381645,15.0,183.0,53.0,Male,2.0,41556.39,5.0,5.0
9865614,6.0,75.0,28.0,Female,2.0,36240.3,7.0,7.0
6451468,5.0,64.0,55.0,Unknown,2.0,99047.48,2.0,2.0
589787,5.0,70.0,26.5,Female,2.0,22607.08,1.0,1.0
2295024,8.0,106.0,38.5,Male,2.0,31029.06,1.0,1.0
8611494,13.0,158.0,55.0,Male,2.0,281811.22,4.0,4.0
4290127,5.0,71.0,32.0,Unknown,2.0,24432.0,3.0,3.0
6313618,12.0,154.0,28.0,Female,2.0,15513.19,1.0,1.0
7886843,6.0,77.0,24.5,Unknown,2.0,44078.75,7.0,7.0
5403871,34.0,418.0,57.5,Female,4.0,377784.83,7.0,7.0
1514400,27.0,329.0,60.5,Male,3.0,313171.67,6.0,6.0
3582608,7.0,94.0,33.5,Unknown,3.0,139239.19,1.0,1.0
4196066,11.0,135.0,51.5,Female,2.0,20317.88,2.0,2.0
1346746,6.0,72.0,63.5,Unknown,2.0,111455.14,7.0,7.0
858280,8.0,106.0,20.0,Female,3.0,49908.34,1.0,1.0
9982668,21.0,256.0,45.5,Male,3.0,189000.89,7.0,7.0
7206064,18.0,217.0,43.0,Male,3.0,217749.2,6.0,6.0
294456,15.0,191.0,42.0,Female,2.0,121226.4,1.0,1.0
1436922,8.0,106.0,52.0,Male,2.0,25707.52,4.0,4.0
8621798,11.0,134.0,35.5,Male,2.0,91102.54,2.0,2.0
7117773,5.0,66.0,21.0,Female,3.0,29015.77,3.0,4.0
8604150,16.0,192.0,55.0,Female,2.0,32044.509999999995,2.0,2.0
9962174,6.0,72.0,29.5,Unknown,2.0,36410.58,7.0,7.0
39041,7.0,92.0,58.5,Unknown,2.0,324079.25,7.0,7.0
9949715,19.0,239.0,40.5,Female,2.0,255309.13,4.0,4.0
1233168,15.0,190.0,66.0,Male,2.0,22140.36,1.0,1.0
9592195,4.0,53.0,55.5,Female,5.0,1275668.2999999998,7.0,7.0
9975830,7.0,94.0,35.0,Unknown,3.0,88964.84,6.0,6.0
6196061,14.0,171.0,47.5,Female,2.0,48877.99,4.0,4.0
5347307,8.0,107.0,46.0,Female,2.0,68618.15,2.0,2.0
1783074,16.0,203.0,41.5,Female,2.0,199780.09000000003,1.0,1.0
2204512,14.0,174.0,26.5,Female,2.0,57868.81,1.0,1.0
7509070,16.0,202.0,52.0,Female,2.0,19249.97,2.0,2.0
1752372,5.0,66.0,51.5,Unknown,2.0,197414.91,4.0,4.0
2396735,6.0,73.0,38.5,Unknown,3.0,195131.88,6.0,6.0
8443887,16.0,192.0,32.0,Male,2.0,26164.02,7.0,7.0
8772075,17.0,205.0,42.0,Male,2.0,67731.5,6.0,6.0
7094568,23.0,280.0,47.0,Male,3.0,437253.23,7.0,7.0
2967197,22.0,265.0,69.5,Male,2.0,238369.73,4.0,4.0
6765466,23.0,278.0,26.5,Female,2.0,184009.43,1.0,1.0
3212621,51.0,614.0,69.0,Female,2.0,733431.92,2.0,2.0
4503921,15.0,183.0,32.0,Male,2.0,31754.53,1.0,1.0
8783508,6.0,81.0,40.5,Unknown,2.0,22936.34,2.0,2.0
2153749,9.0,111.0,41.5,Male,2.0,38854.39,7.0,7.0
1486877,8.0,96.0,19.5,Unknown,2.0,30840.35,4.0,4.0
3231929,9.0,108.0,27.5,Female,2.0,65700.35,7.0,7.0
2592562,6.0,74.0,24.0,Unknown,2.0,137797.41999999998,7.0,7.0
2225129,9.0,118.0,35.5,Male,2.0,20929.32,2.0,2.0
2746811,11.0,141.0,38.5,Female,2.0,43545.87,7.0,7.0
2512582,16.0,192.0,57.0,Female,2.0,348508.53,7.0,7.0
1816614,24.0,298.0,46.5,Male,3.0,52054.89,3.0,3.0
1388027,4.0,59.0,46.0,Unknown,2.0,25809.05,1.0,1.0
2041108,7.0,89.0,41.5,Unknown,2.0,54971.69,1.0,1.0
569845,12.0,154.0,32.5,Male,2.0,37927.73,1.0,1.0
455243,25.0,302.0,34.5,Male,3.0,96642.41,7.0,7.0
3333726,14.0,179.0,36.0,Female,2.0,21599.9,2.0,2.0
1228617,4.0,59.0,43.0,Unknown,2.0,27008.3,6.0,6.0
1816406,12.0,150.0,28.0,Female,2.0,69103.19,7.0,7.0
7935565,12.0,152.0,41.0,Male,3.0,396286.44,7.0,7.0
2922798,23.0,283.0,63.0,Male,2.0,14249.62,2.0,2.0
4311889,22.0,268.0,55.0,Unknown,3.0,140315.13,1.0,1.0
1270232,21.0,261.0,62.0,Female,3.0,167529.83000000002,2.0,2.0
7842854,8.0,99.0,60.5,Unknown,2.0,46091.75,6.0,6.0
6180968,13.0,167.0,45.0,Female,2.0,45984.87,2.0,2.0
9044903,26.0,323.0,65.0,Unknown,2.0,60075.48,7.0,7.0
5830747,13.0,159.0,72.0,Male,3.0,574803.7300000001,7.0,7.0
6156286,5.0,70.0,65.0,Female,2.0,67577.73999999999,2.0,3.0
911768,6.0,74.0,44.5,Unknown,2.0,53588.33,7.0,7.0
9141366,12.0,150.0,31.0,Male,2.0,121371.16999999998,6.0,6.0
6747094,12.0,152.0,53.5,Male,4.0,313152.15,7.0,7.0
1650426,15.0,181.0,49.5,Male,4.0,1048121.97,3.0,3.0
482906,5.0,65.0,68.0,Female,2.0,115246.23,6.0,6.0
1622352,10.0,130.0,54.0,Male,3.0,71477.12,7.0,7.0
9301132,5.0,69.0,21.5,Unknown,2.0,18459.02,7.0,7.0
9221832,25.0,300.0,68.0,Male,2.0,451959.89,7.0,7.0
4831293,22.0,264.0,61.5,Female,3.0,30589.95,3.0,3.0
4693852,21.0,252.0,51.5,Male,4.0,2673932.61,6.0,6.0
2668484,8.0,97.0,69.5,Unknown,2.0,34975.19,4.0,4.0
733132,5.0,65.0,62.0,Unknown,2.0,26308.93,4.0,4.0
5163502,9.0,112.0,40.5,Female,2.0,26004.61,7.0,7.0
1410410,5.0,68.0,83.5,Male,2.0,91138.87,4.0,4.0
2461138,11.0,142.0,25.0,Female,2.0,22268.65,1.0,2.0
5457630,6.0,74.0,59.5,Unknown,2.0,268970.19,6.0,6.0
9032707,11.0,139.0,30.0,Male,2.0,116104.82,2.0,2.0
2833071,7.0,94.0,20.5,Unknown,2.0,28601.14,2.0,2.0
9898367,16.0,192.0,63.0,Female,3.0,594854.55,7.0,7.0
8306478,8.0,99.0,67.5,Male,2.0,20095.59,7.0,7.0
2425768,3.0,47.0,62.5,Female,2.0,83372.20999999999,7.0,7.0
2740322,12.0,145.0,50.5,Female,2.0,376618.72,2.0,2.0
4119555,15.0,188.0,81.0,Female,2.0,28401.47,7.0,7.0
1730844,6.0,75.0,32.0,Male,2.0,31935.1,3.0,3.0
2104260,11.0,140.0,39.0,Male,2.0,249513.94,3.0,3.0
6079339,6.0,82.0,47.5,Unknown,2.0,49598.58,4.0,4.0
6013562,23.0,276.0,58.0,Female,2.0,95930.66,1.0,1.0
4331945,18.0,219.0,29.5,Male,3.0,80382.48,6.0,6.0
6722401,4.0,58.0,23.5,Unknown,2.0,17151.289999999997,1.0,1.0
5356328,11.0,142.0,30.0,Male,2.0,20945.84,7.0,7.0
8736813,5.0,60.0,30.5,Male,2.0,25578.81,1.0,1.0
1062819,4.0,58.0,53.0,Female,2.0,15002.109999999995,1.0,1.0
6902525,6.0,80.0,27.5,Unknown,2.0,90838.97,6.0,6.0
1670563,22.0,265.0,76.5,Female,2.0,778691.2000000001,6.0,6.0
7968239,14.0,172.0,30.0,Female,2.0,43369.53,2.0,2.0
6217575,6.0,82.0,65.5,Unknown,2.0,50634.71,2.0,2.0
3298651,15.0,191.0,33.0,Female,2.0,32385.23,4.0,4.0
7440827,5.0,70.0,32.5,Unknown,2.0,21910.46,7.0,7.0
6202680,7.0,91.0,35.0,Unknown,2.0,53997.11,6.0,6.0
2141653,8.0,102.0,21.0,Unknown,2.0,169833.99,6.0,6.0
7080980,4.0,59.0,55.5,Unknown,2.0,53601.02,3.0,3.0
3360982,7.0,94.0,35.0,Unknown,2.0,18636.12,1.0,1.0
7495863,4.0,58.0,33.0,Unknown,2.0,22454.24,6.0,6.0
3759283,9.0,116.0,44.0,Male,2.0,43850.26,1.0,1.0
189242,13.0,160.0,32.0,Male,2.0,26419.56,7.0,7.0
3019473,14.0,177.0,21.0,Female,3.0,25180.509999999995,1.0,1.0
6729212,22.0,268.0,48.0,Male,2.0,1022700.74,5.0,5.0
8911378,22.0,265.0,61.5,Male,4.0,476753.7,7.0,7.0
7241432,20.0,242.0,62.5,Male,3.0,666331.4,2.0,2.0
9256644,22.0,271.0,60.5,Male,4.0,589355.79,5.0,5.0
2969011,5.0,69.0,43.0,Unknown,2.0,73941.09,3.0,3.0
7016260,8.0,105.0,16.5,Female,3.0,45247.76,7.0,7.0
6970496,5.0,70.0,56.5,Unknown,2.0,40107.82,5.0,5.0
1787769,7.0,91.0,51.0,Unknown,2.0,309299.22,7.0,7.0
9753652,9.0,108.0,51.5,Female,2.0,67500.26,3.0,3.0
567194,27.0,325.0,62.5,Unknown,2.0,890858.7100000001,6.0,6.0
1986565,16.0,194.0,51.5,Female,2.0,32665.22,1.0,1.0
7452360,27.0,335.0,70.5,Unknown,3.0,321114.7,6.0,6.0
9089173,20.0,250.0,25.5,Female,2.0,25760.0,2.0,2.0
6434368,19.0,229.0,54.0,Female,3.0,162414.0,2.0,2.0
6839814,13.0,157.0,19.5,Female,2.0,21024.14,7.0,7.0
9011706,4.0,57.0,22.5,Unknown,2.0,28466.45,2.0,3.0
3295028,12.0,149.0,90.5,Female,2.0,1244359.3199999998,3.0,3.0
6193693,13.0,158.0,43.0,Female,2.0,48863.51,1.0,1.0
1129397,21.0,254.0,15.0,Unknown,3.0,27271.81,6.0,6.0
5144168,6.0,78.0,42.0,Unknown,2.0,49471.48,5.0,5.0
7111068,13.0,156.0,44.0,Male,2.0,48280.51,1.0,1.0
9560953,7.0,87.0,35.0,Unknown,2.0,80830.44,3.0,3.0
1409629,4.0,57.0,19.5,Unknown,2.0,33828.56,4.0,4.0
2074848,13.0,156.0,40.5,Female,2.0,43481.2,3.0,3.0
4108730,15.0,190.0,33.5,Male,2.0,124706.74,4.0,4.0
5917876,10.0,121.0,46.5,Male,2.0,37863.16,7.0,7.0
5492372,17.0,204.0,35.5,Male,2.0,21630.4,5.0,5.0
9815357,7.0,84.0,52.5,Unknown,2.0,19913.18,3.0,3.0
211245,16.0,192.0,57.5,Male,2.0,1285056.53,7.0,7.0
4614785,7.0,91.0,25.5,Female,2.0,17451.37,1.0,1.0
6664539,6.0,77.0,22.5,Unknown,2.0,29265.7,3.0,3.0
7400927,12.0,154.0,21.0,Male,3.0,52783.07,6.0,6.0
5638741,21.0,260.0,16.0,Female,3.0,63186.26,1.0,1.0
9444667,13.0,166.0,55.5,Male,3.0,42466.67,7.0,7.0
1612216,10.0,129.0,30.5,Female,3.0,100872.27,7.0,7.0
9551363,21.0,262.0,37.5,Male,2.0,37068.19,2.0,2.0
5377699,16.0,194.0,55.0,Male,2.0,15909.159999999996,1.0,1.0
4259887,16.0,194.0,48.0,Male,2.0,1107354.35,3.0,3.0
4421863,6.0,81.0,22.0,Unknown,2.0,191567.31,7.0,7.0
5867742,15.0,191.0,41.0,Female,2.0,18814.13,1.0,1.0
6851505,26.0,312.0,53.5,Male,4.0,432797.42,3.0,4.0
357172,15.0,185.0,46.5,Male,2.0,102965.9,5.0,5.0
3932979,15.0,189.0,61.0,Male,2.0,21398.07,1.0,1.0
7781005,5.0,60.0,28.0,Unknown,2.0,21274.0,3.0,3.0
3944491,8.0,103.0,35.5,Female,2.0,53491.03,5.0,5.0
1217633,6.0,74.0,25.0,Unknown,3.0,40063.92999999999,2.0,2.0
7763357,8.0,107.0,27.0,Female,2.0,30297.68,1.0,1.0
3900786,15.0,191.0,48.5,Female,2.0,95887.81,2.0,2.0
7962138,6.0,74.0,31.5,Unknown,2.0,24930.23,5.0,5.0
8230908,7.0,94.0,24.5,Unknown,2.0,55537.81,7.0,7.0
4428478,6.0,72.0,52.0,Female,3.0,71377.95999999999,5.0,5.0
3042348,16.0,194.0,55.5,Female,2.0,266009.37,2.0,2.0
1246712,16.0,194.0,44.0,Female,2.0,38679.67,2.0,2.0
6110691,24.0,288.0,60.5,Female,2.0,23677.45,4.0,4.0
169,21.0,262.0,47.5,Male,2.0,501570.72,4.0,4.0
1788691,21.0,257.0,69.5,Male,3.0,823966.9500000001,7.0,7.0
8741276,21.0,253.0,62.5,Female,2.0,63340.62,3.0,3.0
251708,18.0,222.0,35.5,Female,3.0,36703.53999999999,6.0,6.0
5060389,18.0,217.0,38.0,Female,2.0,362250.62,5.0,5.0
4151276,17.0,206.0,51.5,Male,2.0,22685.86,2.0,2.0
9500217,5.0,67.0,24.5,Unknown,3.0,123848.39,7.0,7.0
4287148,21.0,253.0,51.5,Male,2.0,90594.66,7.0,7.0
8264483,11.0,143.0,32.5,Female,2.0,63466.91,7.0,7.0
1832677,12.0,153.0,68.0,Unknown,2.0,22561.71,3.0,3.0
2449962,31.0,376.0,52.5,Unknown,2.0,28157.96,3.0,3.0
1768356,12.0,154.0,38.5,Male,2.0,28803.73,7.0,7.0
5919920,5.0,70.0,32.5,Unknown,2.0,39880.26,7.0,7.0
1074923,8.0,107.0,24.0,Female,2.0,20361.74,1.0,1.0
1524513,14.0,175.0,36.0,Female,2.0,59021.39,1.0,1.0
3560892,16.0,193.0,57.5,Female,2.0,33211.0,5.0,5.0
9083039,7.0,90.0,28.5,Unknown,3.0,339201.32,5.0,5.0
5638348,19.0,238.0,58.5,Male,2.0,1539838.89,3.0,3.0
409697,22.0,264.0,72.0,Female,2.0,50206.93,4.0,4.0
9569661,18.0,226.0,56.0,Male,2.0,19696.13,4.0,5.0
8100170,18.0,223.0,70.0,Unknown,2.0,1317174.25,1.0,2.0
7875474,6.0,77.0,19.5,Female,2.0,67140.98999999999,5.0,5.0
506748,7.0,86.0,37.0,Unknown,2.0,30744.74,7.0,7.0
2340248,4.0,58.0,31.0,Unknown,2.0,40532.46,3.0,3.0
5421917,16.0,193.0,38.0,Female,2.0,73473.65,7.0,7.0
931493,26.0,320.0,53.5,Male,3.0,298713.67,7.0,7.0
4939545,30.0,371.0,76.0,Male,2.0,504757.4,6.0,6.0
5296931,7.0,94.0,65.5,Unknown,3.0,27263.6,7.0,7.0
3763174,13.0,165.0,66.0,Female,2.0,38533.78,2.0,2.0
399455,5.0,71.0,43.0,Unknown,2.0,47647.71,4.0,4.0
8242472,5.0,71.0,49.5,Unknown,2.0,270782.22,4.0,4.0
9491015,8.0,101.0,56.5,Unknown,2.0,217940.22,7.0,7.0
8014505,4.0,57.0,58.5,Unknown,3.0,480000.19,6.0,6.0
9947193,11.0,137.0,29.5,Unknown,3.0,59578.92999999999,7.0,7.0
8577707,25.0,300.0,52.5,Female,2.0,35990.5,4.0,4.0
3125016,23.0,278.0,54.0,Male,2.0,50227.87,7.0,7.0
8568123,22.0,272.0,51.5,Female,3.0,1962354.31,7.0,7.0
6047061,5.0,70.0,31.5,Unknown,3.0,40151.55,7.0,7.0
3761764,6.0,78.0,37.5,Unknown,2.0,45546.66,3.0,3.0
8285950,12.0,148.0,47.0,Male,2.0,396114.24,6.0,6.0
8550081,4.0,49.0,49.5,Unknown,2.0,137591.16,7.0,7.0
4417080,4.0,59.0,21.5,Unknown,2.0,28028.42,2.0,2.0
3940983,7.0,87.0,73.5,Unknown,3.0,132271.47999999998,7.0,7.0
1448165,33.0,407.0,61.5,Female,2.0,75944.48999999999,3.0,3.0
2937745,7.0,90.0,53.5,Unknown,3.0,344890.8,4.0,4.0
4238067,13.0,166.0,75.0,Female,3.0,386854.45,7.0,7.0
1355311,15.0,184.0,36.0,Male,3.0,141295.4,7.0,7.0
46766,12.0,154.0,35.5,Female,3.0,196449.5,7.0,7.0
9319644,22.0,268.0,62.5,Male,2.0,26521.2,3.0,3.0
5992096,30.0,371.0,63.5,Male,3.0,69126.48,7.0,7.0
7275395,9.0,113.0,44.0,Female,3.0,582784.55,1.0,1.0
673335,23.0,287.0,60.5,Male,2.0,307077.68,6.0,6.0
7616825,7.0,87.0,37.0,Female,2.0,26227.46,1.0,1.0
4254720,5.0,66.0,41.5,Unknown,3.0,34906.759999999995,5.0,5.0
8020700,11.0,132.0,45.5,Male,3.0,375648.81,1.0,1.0
8242908,8.0,98.0,49.5,Unknown,2.0,394625.99,4.0,4.0
1480573,12.0,155.0,34.5,Male,2.0,33348.48,1.0,1.0
6319509,10.0,122.0,46.0,Female,2.0,258158.96,2.0,2.0
939493,13.0,166.0,59.0,Male,3.0,28828.7,6.0,6.0
6387389,5.0,67.0,22.0,Female,2.0,17317.05,4.0,4.0
9086041,10.0,131.0,53.0,Male,2.0,232260.86,7.0,7.0
681024,14.0,176.0,40.0,Female,2.0,91288.77,1.0,1.0
2130179,9.0,110.0,62.0,Male,4.0,186784.03,6.0,6.0
4647047,14.0,171.0,51.0,Unknown,2.0,175451.89,7.0,7.0
8699983,6.0,83.0,58.0,Male,3.0,1311589.5699999998,7.0,7.0
3071220,25.0,303.0,17.0,Female,2.0,16977.28,4.0,4.0
7401815,23.0,277.0,70.5,Male,3.0,357060.0,7.0,7.0
385749,20.0,245.0,63.0,Female,2.0,240740.18,1.0,1.0
2710651,16.0,200.0,56.0,Male,3.0,219178.54,3.0,3.0
9627249,13.0,167.0,29.5,Female,3.0,107819.32,7.0,7.0
60529,5.0,71.0,57.0,Unknown,2.0,538947.75,2.0,2.0
9834672,17.0,212.0,49.0,Female,2.0,47651.3,5.0,5.0
8641815,4.0,58.0,23.0,Unknown,2.0,18305.02,7.0,7.0
9993788,16.0,193.0,29.0,Female,3.0,57494.0,4.0,4.0
8600837,10.0,122.0,29.5,Female,2.0,57870.11,7.0,7.0
7701708,4.0,58.0,46.5,Unknown,2.0,29617.55,2.0,2.0
484905,28.0,343.0,86.0,Female,2.0,126653.91999999998,5.0,5.0
427714,16.0,196.0,48.0,Female,2.0,107993.19,4.0,4.0
8054269,16.0,192.0,50.5,Female,2.0,33974.22,1.0,1.0
5866752,4.0,57.0,56.0,Male,3.0,195996.82,2.0,2.0
2890952,8.0,99.0,26.5,Unknown,3.0,44091.58,5.0,5.0
952893,7.0,87.0,70.0,Unknown,2.0,797200.28,3.0,3.0
7900623,8.0,102.0,24.0,Female,2.0,19874.99,7.0,7.0
6423231,5.0,61.0,49.5,Male,2.0,49448.48,2.0,2.0
8152197,5.0,60.0,25.5,Unknown,2.0,38621.9,7.0,7.0
8596329,23.0,281.0,50.5,Female,3.0,1132942.8199999998,2.0,2.0
5646014,22.0,269.0,53.5,Unknown,5.0,148335.43,7.0,7.0
5354676,21.0,255.0,57.5,Male,2.0,147356.36,6.0,6.0
8522862,20.0,247.0,36.5,Unknown,2.0,19278.08,7.0,7.0
8127691,20.0,248.0,53.0,Female,2.0,16874.159999999996,1.0,1.0
2866731,16.0,192.0,41.0,Female,2.0,56214.89,2.0,2.0
1881403,16.0,196.0,44.5,Male,2.0,79428.04,7.0,7.0
4102857,15.0,182.0,60.0,Female,2.0,107247.91,6.0,6.0
1058618,4.0,56.0,19.5,Unknown,2.0,17734.659999999996,3.0,3.0
3246197,5.0,60.0,49.5,Unknown,2.0,16033.32,6.0,6.0
300983,4.0,50.0,24.0,Unknown,2.0,34142.82,1.0,1.0
5391191,4.0,49.0,31.5,Unknown,2.0,23603.77,2.0,2.0
4029392,15.0,190.0,48.0,Unknown,2.0,30794.96,2.0,2.0
9951222,11.0,135.0,57.0,Female,2.0,27974.33,6.0,7.0
2517722,5.0,60.0,25.5,Unknown,2.0,28743.25,3.0,3.0
4899619,15.0,187.0,36.0,Male,2.0,37330.4,1.0,1.0
6825770,9.0,119.0,26.5,Female,2.0,28533.7,7.0,7.0
1799164,16.0,203.0,48.5,Male,2.0,13847.48,2.0,3.0
2315653,5.0,67.0,30.0,Male,4.0,64842.86,7.0,7.0
2723419,14.0,179.0,33.0,Female,2.0,29455.08,6.0,6.0
37363,7.0,95.0,29.0,Unknown,2.0,69977.06,7.0,7.0
2079910,8.0,96.0,25.0,Unknown,2.0,20248.36,3.0,3.0
4008202,8.0,96.0,66.0,Unknown,2.0,539934.05,7.0,7.0
8080144,16.0,195.0,65.5,Male,2.0,82673.72,5.0,5.0
3221183,4.0,58.0,24.0,Unknown,2.0,22971.5,7.0,7.0
5977524,6.0,74.0,68.0,Unknown,2.0,64472.73999999999,1.0,1.0
2626947,12.0,147.0,24.0,Male,2.0,38087.72,4.0,4.0
1616468,33.0,396.0,52.5,Female,4.0,960330.85,6.0,6.0
1468845,12.0,144.0,26.0,Male,2.0,21878.82,1.0,1.0
6129368,21.0,258.0,60.5,Female,2.0,25057.48,2.0,2.0
1924281,6.0,79.0,61.5,Unknown,2.0,333482.19,3.0,3.0
1194525,5.0,67.0,18.5,Unknown,2.0,20264.66,7.0,7.0
5956453,7.0,91.0,30.0,Unknown,2.0,38975.28999999999,1.0,1.0
9960793,7.0,88.0,26.0,Unknown,2.0,52078.66,2.0,2.0
247946,11.0,136.0,48.5,Male,2.0,14548.98,7.0,7.0
5017466,8.0,106.0,30.0,Male,3.0,214635.2,5.0,5.0
568636,14.0,169.0,63.0,Male,3.0,81400.17,3.0,3.0
1423002,11.0,139.0,51.5,Female,2.0,27260.61,4.0,4.0
8860892,11.0,143.0,47.5,Male,2.0,107660.98,7.0,7.0
1349327,2.0,35.0,49.5,Unknown,3.0,64379.37,3.0,5.0
3823985,7.0,87.0,47.5,Unknown,2.0,18417.17,1.0,1.0
9902600,16.0,192.0,41.5,Unknown,3.0,117355.98,5.0,5.0
3029124,13.0,159.0,70.0,Female,2.0,82269.4,5.0,5.0
9668984,7.0,88.0,54.0,Unknown,2.0,172480.13,2.0,2.0
6605640,25.0,306.0,63.5,Male,2.0,169709.74,3.0,3.0
6519697,21.0,263.0,65.0,Female,2.0,164216.63,6.0,6.0
4476856,20.0,250.0,51.0,Male,3.0,40409.03,7.0,7.0
9262374,20.0,247.0,63.0,Female,2.0,25519.49,4.0,4.0
816398,20.0,242.0,28.0,Female,2.0,27074.95,2.0,2.0
210810,20.0,240.0,38.0,Male,2.0,380188.95,4.0,4.0
8401151,14.0,174.0,59.5,Male,2.0,18104.55,2.0,2.0
6668388,11.0,135.0,25.5,Male,2.0,91634.08,7.0,7.0
1964877,6.0,81.0,63.0,Unknown,2.0,52262.84,7.0,7.0
9276319,27.0,335.0,45.5,Male,2.0,62062.66,1.0,1.0
7714496,16.0,194.0,46.5,Male,2.0,36374.31,3.0,3.0
7292737,21.0,257.0,60.0,Female,3.0,215174.86,3.0,3.0
9777893,5.0,69.0,33.5,Male,2.0,31804.63,3.0,3.0
3855615,15.0,189.0,51.0,Female,2.0,31975.18,5.0,5.0
4863922,10.0,124.0,37.0,Male,2.0,78358.94,2.0,2.0
4234626,14.0,171.0,30.5,Female,2.0,77238.92,2.0,2.0
1307065,12.0,153.0,48.5,Male,3.0,556996.87,3.0,3.0
9470876,10.0,130.0,20.5,Male,4.0,57065.380000000005,7.0,7.0
46547,10.0,130.0,26.5,Male,2.0,62218.97,1.0,1.0
9674773,6.0,80.0,54.0,Unknown,2.0,74072.33,3.0,3.0
4093080,5.0,68.0,17.0,Unknown,2.0,26038.68,4.0,4.0
5135410,6.0,73.0,18.0,Unknown,2.0,17994.519999999997,1.0,1.0
9076040,6.0,74.0,39.0,Unknown,2.0,26084.4,7.0,7.0
5846420,15.0,187.0,52.0,Female,2.0,374377.73,5.0,6.0
5485601,6.0,74.0,77.0,Male,2.0,51521.4,5.0,5.0
8097773,12.0,148.0,23.0,Female,2.0,32539.36,1.0,1.0
4629269,6.0,73.0,47.0,Unknown,3.0,16756.93,3.0,3.0
8415990,21.0,261.0,70.5,Unknown,3.0,263997.98,1.0,1.0
3975934,20.0,250.0,56.0,Female,2.0,101019.74,3.0,3.0
4813474,19.0,235.0,44.0,Male,3.0,87937.72,7.0,7.0
1138649,19.0,228.0,28.5,Female,3.0,31439.63,7.0,7.0
799870,17.0,213.0,17.5,Male,2.0,28166.35,4.0,4.0
5784507,14.0,178.0,24.5,Female,2.0,18892.08,4.0,4.0
8437868,6.0,73.0,21.5,Female,2.0,60597.51999999999,3.0,3.0
1257498,11.0,142.0,33.0,Male,2.0,65635.01999999999,2.0,2.0
5025355,26.0,312.0,53.5,Male,3.0,225657.56,7.0,7.0
1003052,12.0,154.0,67.5,Male,3.0,757363.76,5.0,5.0
5517418,9.0,111.0,49.5,Female,2.0,21954.66,1.0,1.0
2051423,4.0,57.0,19.0,Unknown,2.0,33627.71,6.0,6.0
1743394,12.0,144.0,31.0,Female,2.0,104527.46,6.0,6.0
4298301,13.0,156.0,37.5,Male,2.0,47854.87,2.0,2.0
563801,5.0,64.0,18.5,Male,2.0,18787.13,5.0,5.0
8941419,6.0,75.0,52.0,Unknown,2.0,33023.2,2.0,2.0
7033596,31.0,373.0,69.5,Female,3.0,173651.0,7.0,7.0
3864133,22.0,269.0,83.5,Male,2.0,318762.63,6.0,6.0
394064,18.0,217.0,56.5,Female,2.0,88785.73,6.0,6.0
9599068,8.0,105.0,40.5,Male,3.0,666369.13,4.0,4.0
539717,6.0,77.0,45.0,Unknown,2.0,92079.4,7.0,7.0
4856872,13.0,159.0,32.0,Female,2.0,24312.95,7.0,7.0
7127688,6.0,73.0,67.5,Female,2.0,30979.29,4.0,4.0
7070298,5.0,71.0,23.5,Male,2.0,23081.07,4.0,4.0
3591036,5.0,60.0,27.0,Unknown,2.0,61270.29999999999,6.0,6.0
1693934,33.0,406.0,73.5,Male,2.0,143089.88,5.0,5.0
5713313,7.0,84.0,56.0,Unknown,2.0,297766.33,7.0,7.0
3640906,7.0,87.0,40.5,Unknown,2.0,41973.22,2.0,2.0
1846899,9.0,118.0,34.0,Male,2.0,24253.81,2.0,2.0
3823779,5.0,70.0,35.5,Unknown,2.0,18462.15,1.0,1.0
4779731,5.0,66.0,57.5,Unknown,2.0,1051095.5,3.0,3.0
8814441,11.0,143.0,56.5,Female,2.0,192639.33,6.0,6.0
6154421,23.0,285.0,57.0,Unknown,3.0,643567.75,7.0,7.0
3004822,20.0,251.0,42.0,Male,2.0,119923.79,7.0,7.0
5457298,4.0,58.0,48.0,Unknown,3.0,71656.08,7.0,7.0
2230987,6.0,83.0,28.0,Unknown,2.0,48789.33,7.0,7.0
8268931,16.0,194.0,57.5,Female,3.0,282339.2,7.0,7.0
7977088,5.0,71.0,25.5,Unknown,2.0,17256.07,1.0,1.0
4019282,4.0,56.0,51.0,Female,2.0,58146.9,7.0,7.0
801398,10.0,124.0,37.5,Male,3.0,55544.19,5.0,5.0
8263956,4.0,58.0,55.5,Unknown,2.0,35177.61,7.0,7.0
8636298,7.0,85.0,19.0,Unknown,2.0,34133.83,4.0,4.0
8102548,4.0,57.0,20.0,Unknown,3.0,60361.7,6.0,6.0
1522689,6.0,83.0,41.0,Unknown,2.0,50218.97,7.0,7.0
2075099,15.0,186.0,44.5,Female,2.0,40386.4,4.0,4.0
7134254,5.0,68.0,62.5,Unknown,2.0,23434.33,7.0,7.0
4324445,15.0,190.0,50.0,Female,2.0,110590.03,1.0,1.0
6200575,15.0,191.0,58.5,Female,3.0,202433.75,7.0,7.0
4320075,6.0,73.0,57.0,Female,2.0,406751.06,6.0,6.0
2180461,12.0,150.0,32.0,Unknown,2.0,46285.1,1.0,1.0
1536030,4.0,58.0,50.5,Female,2.0,40002.71,3.0,3.0
5582007,15.0,183.0,32.5,Female,2.0,29667.38,1.0,1.0
6383588,10.0,130.0,26.5,Male,2.0,93421.73,5.0,5.0
137586,24.0,292.0,16.0,Female,2.0,41622.06,4.0,4.0
4766281,23.0,277.0,54.0,Unknown,4.0,253811.02,3.0,3.0
7309817,22.0,271.0,77.5,Female,2.0,77948.04999999999,7.0,7.0
5368193,21.0,257.0,33.5,Female,2.0,20060.96,2.0,2.0
9667062,5.0,67.0,39.5,Unknown,2.0,39740.7,2.0,2.0
4641522,5.0,70.0,31.5,Unknown,2.0,21355.86,7.0,7.0
1082724,12.0,148.0,24.0,Male,2.0,38545.62,1.0,1.0
4561560,12.0,144.0,59.5,Female,2.0,55450.1,7.0,7.0
1762977,7.0,92.0,42.5,Unknown,2.0,103420.82,3.0,3.0
7559263,5.0,66.0,53.0,Unknown,2.0,110955.93,4.0,4.0
7629136,9.0,115.0,26.5,Female,2.0,84364.2,1.0,1.0
2130002,9.0,113.0,36.0,Female,2.0,61804.87,3.0,3.0
5066564,13.0,160.0,50.0,Female,2.0,29353.67,7.0,7.0
3385290,14.0,172.0,37.0,Female,2.0,23186.58,3.0,3.0
2541197,29.0,354.0,52.5,Male,3.0,497873.64,6.0,6.0
9805530,6.0,73.0,20.0,Unknown,2.0,15207.109999999995,1.0,1.0
7867874,5.0,68.0,19.0,Unknown,2.0,17238.96,3.0,3.0
1439139,5.0,70.0,75.0,Unknown,2.0,71152.67,3.0,4.0
5014125,14.0,177.0,25.5,Male,2.0,20839.51,1.0,1.0
907185,15.0,187.0,52.0,Male,2.0,186588.26,7.0,7.0
3819011,12.0,148.0,53.0,Male,2.0,286586.34,3.0,3.0
7420897,10.0,123.0,26.0,Male,3.0,257501.53,7.0,7.0
8104895,12.0,148.0,43.0,Male,2.0,55819.79000000001,2.0,2.0
4307564,5.0,70.0,28.5,Unknown,2.0,29175.22,2.0,2.0
7164083,8.0,107.0,24.5,Female,2.0,21074.65,6.0,6.0
7693903,15.0,191.0,41.0,Unknown,2.0,42046.65,5.0,5.0
8670323,24.0,291.0,50.5,Female,2.0,285031.26,6.0,6.0
9665586,15.0,186.0,32.0,Male,2.0,67655.18,2.0,2.0
2712416,7.0,95.0,77.0,Unknown,2.0,61842.5,5.0,5.0
4912614,10.0,120.0,40.0,Male,2.0,130273.28,7.0,7.0
6513636,6.0,72.0,21.5,Unknown,2.0,17168.489999999998,2.0,2.0
8475116,13.0,158.0,79.5,Female,2.0,515112.8000000001,2.0,2.0
4707859,30.0,371.0,54.5,Male,3.0,200137.1,7.0,7.0
6321829,12.0,154.0,25.5,Male,2.0,120182.32,2.0,2.0
5620203,10.0,124.0,26.5,Female,2.0,23332.98,1.0,1.0
1235837,35.0,423.0,72.5,Female,3.0,292676.38,7.0,7.0
5001172,11.0,136.0,53.5,Male,3.0,151885.06,6.0,6.0
3385480,7.0,95.0,28.5,Unknown,2.0,60470.72,4.0,4.0
55113,15.0,183.0,48.5,Female,2.0,20182.03,1.0,1.0
2156791,12.0,152.0,43.0,Male,2.0,20910.27,2.0,2.0
8589209,10.0,124.0,25.5,Male,2.0,23283.19,4.0,4.0
9594088,6.0,72.0,33.5,Unknown,2.0,53680.2,2.0,2.0
7748062,20.0,251.0,66.5,Female,2.0,139106.47,6.0,6.0
2276642,17.0,214.0,52.5,Male,2.0,114984.82,2.0,2.0
2843271,9.0,119.0,58.5,Female,2.0,38089.98,4.0,4.0
139132,15.0,187.0,56.0,Male,2.0,21961.35,2.0,2.0
9798132,5.0,67.0,32.5,Unknown,2.0,25833.33,7.0,7.0
5957349,6.0,74.0,43.0,Male,2.0,102913.52,3.0,3.0
3754371,9.0,118.0,42.5,Female,2.0,32736.93,1.0,1.0
7219644,12.0,148.0,34.5,Male,2.0,47236.49,5.0,5.0
8757822,12.0,154.0,30.5,Male,2.0,32135.03,2.0,2.0
567676,6.0,80.0,37.5,Unknown,2.0,264038.02,4.0,4.0
2931701,4.0,59.0,21.0,Unknown,2.0,146930.5,6.0,6.0
4213527,13.0,157.0,30.5,Female,2.0,21856.63,5.0,5.0
5537448,15.0,190.0,54.0,Female,2.0,21565.47,1.0,1.0
4381057,7.0,87.0,24.5,Unknown,2.0,25030.82,2.0,2.0
4996704,16.0,203.0,26.0,Male,2.0,70592.17,2.0,2.0
1269642,8.0,107.0,32.0,Female,2.0,45049.75,2.0,2.0
8143790,9.0,118.0,29.0,Male,2.0,39066.64,2.0,2.0
5041612,9.0,110.0,63.0,Male,2.0,198599.49,7.0,7.0
1731601,13.0,157.0,44.5,Male,3.0,523093.81000000006,7.0,7.0
2338371,11.0,136.0,58.0,Male,2.0,269459.92,7.0,7.0
6473702,13.0,157.0,78.5,Female,2.0,443396.43,4.0,4.0
3649115,5.0,66.0,51.5,Unknown,3.0,147613.09999999998,5.0,5.0
457074,5.0,65.0,53.5,Male,2.0,324398.05,7.0,7.0
9455511,11.0,140.0,41.0,Male,2.0,82698.02,7.0,7.0
7282468,7.0,90.0,66.0,Male,2.0,200105.37,5.0,5.0
9059020,4.0,57.0,40.5,Unknown,2.0,60081.350000000006,5.0,5.0
9155453,5.0,62.0,26.5,Female,2.0,44659.52,4.0,4.0
7099530,19.0,239.0,47.0,Female,2.0,211909.45,4.0,4.0
3919916,5.0,68.0,27.0,Unknown,3.0,49520.69,7.0,7.0
4332740,7.0,86.0,31.0,Unknown,2.0,80635.55,2.0,2.0
2641697,6.0,83.0,59.5,Unknown,2.0,49522.05,3.0,3.0
4626612,6.0,77.0,34.0,Unknown,2.0,147274.09999999998,7.0,7.0
5193442,8.0,97.0,44.0,Unknown,2.0,21960.68,1.0,1.0
894505,4.0,56.0,59.5,Unknown,2.0,326894.13,6.0,6.0
3357633,21.0,262.0,67.5,Female,2.0,88063.95,2.0,2.0
4030174,9.0,119.0,38.0,Female,2.0,15358.98,1.0,1.0
8847737,12.0,155.0,49.0,Female,2.0,150693.81,2.0,2.0
5422289,13.0,157.0,68.0,Male,2.0,410759.73,7.0,7.0
4726724,4.0,56.0,32.0,Unknown,2.0,173700.97999999998,1.0,1.0
856421,8.0,97.0,55.5,Unknown,2.0,104265.63,2.0,2.0
9365331,6.0,75.0,68.0,Male,2.0,124571.45,7.0,7.0
4304853,5.0,64.0,49.0,Unknown,2.0,103377.15,7.0,7.0
5876247,5.0,63.0,35.5,Male,3.0,99068.99,7.0,7.0
3163354,12.0,145.0,28.5,Female,4.0,65725.41,3.0,3.0
9278433,34.0,418.0,69.0,Female,2.0,51402.87,7.0,7.0
5940717,7.0,87.0,17.5,Unknown,2.0,42407.55,6.0,6.0
8046679,10.0,121.0,67.5,Male,2.0,178594.14,4.0,4.0
5639117,8.0,97.0,19.0,Unknown,2.0,21532.79,3.0,3.0
9912237,4.0,54.0,21.0,Unknown,2.0,20795.34,7.0,7.0
3675633,6.0,74.0,47.5,Unknown,2.0,57692.58,2.0,2.0
3353510,12.0,148.0,42.5,Female,2.0,20717.42,2.0,2.0
3105557,6.0,74.0,60.0,Unknown,2.0,35224.3,2.0,2.0
9328996,12.0,151.0,40.5,Female,2.0,14613.449999999995,3.0,3.0
9404833,10.0,124.0,21.0,Male,2.0,40092.61,4.0,4.0
5477131,21.0,258.0,31.0,Male,4.0,286898.9,7.0,7.0
664756,6.0,73.0,60.0,Unknown,2.0,48716.99,7.0,7.0
6213669,3.0,36.0,54.5,Female,3.0,248576.49,7.0,7.0
2879022,11.0,139.0,20.5,Female,2.0,21668.24,1.0,1.0
303358,12.0,155.0,34.0,Female,2.0,118583.85,2.0,2.0
2553001,6.0,75.0,44.0,Unknown,2.0,113072.34,5.0,5.0
8636242,15.0,182.0,18.0,Female,2.0,30341.52,1.0,1.0
6542565,15.0,191.0,37.5,Male,2.0,129566.26,7.0,7.0
694401,16.0,203.0,66.0,Male,3.0,452869.97,2.0,2.0
1086907,4.0,57.0,36.0,Unknown,2.0,61952.95999999999,6.0,6.0
968558,15.0,180.0,30.5,Male,4.0,35403.619999999995,7.0,7.0
4299531,28.0,338.0,38.5,Male,2.0,94423.09,6.0,6.0
7141400,4.0,56.0,26.5,Male,2.0,22668.62,4.0,4.0
5674835,6.0,80.0,34.5,Unknown,2.0,51338.47,7.0,7.0
7508577,5.0,67.0,35.0,Unknown,2.0,24048.84,3.0,3.0
5796587,14.0,173.0,67.5,Male,3.0,52938.97,6.0,6.0
4395938,5.0,68.0,48.5,Unknown,2.0,106505.92,3.0,3.0
281322,23.0,276.0,57.5,Female,8.0,289751.17,6.0,6.0
9783363,21.0,261.0,24.5,Male,2.0,55583.100000000006,7.0,7.0
8604875,20.0,240.0,64.0,Female,2.0,224042.65,2.0,2.0
4965699,16.0,198.0,56.0,Male,2.0,31948.04,6.0,6.0
7236237,11.0,141.0,54.0,Female,2.0,314519.28,5.0,5.0
4210993,15.0,189.0,52.0,Female,2.0,63160.67,2.0,2.0
8220287,29.0,348.0,21.0,Female,3.0,135992.91,7.0,7.0
1101061,8.0,107.0,32.0,Male,2.0,16846.399999999998,4.0,4.0
4491862,11.0,136.0,44.5,Male,2.0,30013.97,2.0,2.0
5374413,15.0,191.0,48.0,Male,2.0,61445.51999999999,3.0,3.0
99985,14.0,177.0,67.5,Unknown,2.0,61702.850000000006,5.0,5.0
289926,22.0,269.0,23.0,Male,2.0,27245.19,2.0,2.0
6954375,15.0,189.0,32.0,Female,2.0,17280.579999999998,2.0,2.0
7349590,4.0,49.0,18.0,Female,2.0,16886.809999999998,4.0,4.0
1073732,6.0,74.0,24.0,Unknown,2.0,83425.56,7.0,7.0
8043483,15.0,181.0,56.5,Male,3.0,121939.01,7.0,7.0
806490,27.0,330.0,59.5,Female,2.0,40888.92,1.0,1.0
6626980,23.0,278.0,45.5,Male,2.0,14648.269999999997,5.0,5.0
2889654,21.0,259.0,17.5,Female,2.0,24455.93,5.0,5.0
650204,16.0,197.0,41.5,Female,2.0,45385.12,7.0,7.0
3479066,5.0,65.0,24.5,Unknown,2.0,27002.57,3.0,3.0
5681074,7.0,92.0,58.5,Unknown,2.0,30924.78,4.0,4.0
6010465,10.0,130.0,67.5,Female,3.0,135803.07,2.0,2.0
7888547,12.0,153.0,64.0,Female,2.0,24060.58,2.0,2.0
6250520,5.0,71.0,25.0,Unknown,2.0,36674.67,7.0,7.0
8701266,14.0,176.0,37.0,Unknown,2.0,73133.98999999999,2.0,2.0
2470985,5.0,70.0,23.0,Unknown,2.0,36364.53999999999,2.0,2.0
112222,14.0,174.0,23.5,Male,3.0,103017.42,7.0,7.0
7068235,5.0,65.0,24.0,Unknown,2.0,42016.36,7.0,7.0
9400954,26.0,315.0,68.0,Male,2.0,71825.44,5.0,5.0
3384024,14.0,171.0,60.0,Female,2.0,242880.31,2.0,3.0
3558543,14.0,178.0,40.5,Male,2.0,55250.53,3.0,3.0
6834848,12.0,155.0,31.5,Female,2.0,144541.16,1.0,1.0
7162800,14.0,169.0,39.0,Male,2.0,54463.35,1.0,1.0
7896620,20.0,241.0,50.5,Male,2.0,22352.95,3.0,3.0
5573801,17.0,214.0,48.5,Male,2.0,247523.02,7.0,7.0
7567378,8.0,97.0,28.0,Male,2.0,46235.4,7.0,7.0
8882819,11.0,138.0,27.5,Female,2.0,77624.47,7.0,7.0
1711767,13.0,160.0,56.5,Female,2.0,316610.18,3.0,3.0
7118975,14.0,179.0,29.5,Male,2.0,22561.77,3.0,3.0
7654551,4.0,56.0,47.0,Female,2.0,20931.72,3.0,3.0
3989,7.0,94.0,55.0,Unknown,2.0,65301.91,7.0,7.0
4218036,31.0,380.0,62.0,Male,2.0,40337.57,6.0,6.0
8855308,16.0,202.0,53.0,Female,2.0,21703.42,2.0,2.0
9343255,11.0,139.0,49.5,Male,3.0,93207.04,7.0,7.0
2129282,12.0,154.0,24.0,Male,2.0,71830.6,3.0,3.0
9755865,5.0,64.0,46.0,Unknown,2.0,204608.84000000003,4.0,4.0
6648978,5.0,70.0,18.0,Unknown,2.0,18733.4,2.0,2.0
5761795,24.0,298.0,51.5,Male,2.0,46336.17999999999,7.0,7.0
7668656,22.0,271.0,63.5,Unknown,2.0,65852.94,7.0,7.0
7763908,20.0,242.0,24.0,Female,2.0,21761.46,4.0,4.0
8359142,20.0,241.0,40.0,Female,3.0,88477.51,4.0,4.0
9988406,5.0,67.0,43.5,Unknown,2.0,19959.47,7.0,7.0
8747534,6.0,80.0,47.5,Unknown,2.0,21703.15,1.0,1.0
779104,5.0,68.0,62.0,Male,3.0,470520.3,1.0,1.0
3309892,10.0,122.0,52.0,Female,2.0,195666.18,5.0,5.0
2517726,9.0,112.0,21.5,Female,2.0,31008.23,7.0,7.0
779065,15.0,191.0,55.5,Female,2.0,2055577.42,3.0,4.0
904097,12.0,149.0,48.0,Unknown,3.0,41333.32,7.0,7.0
5520093,17.0,208.0,31.0,Male,2.0,26642.73,7.0,7.0
3178496,11.0,141.0,25.5,Female,2.0,19209.85,7.0,7.0
2344974,8.0,97.0,34.0,Male,2.0,81033.84999999999,7.0,7.0
357302,6.0,73.0,36.5,Unknown,2.0,61712.73,3.0,3.0
1812497,5.0,60.0,21.5,Unknown,2.0,41097.91,7.0,7.0
255150,16.0,192.0,46.0,Male,2.0,41778.13,6.0,6.0
3736773,16.0,193.0,48.0,Female,2.0,115588.68,7.0,7.0
8414869,4.0,58.0,15.5,Unknown,2.0,27075.49,5.0,5.0
703562,10.0,128.0,38.0,Male,2.0,229449.28,4.0,4.0
9051090,15.0,186.0,46.0,Female,2.0,34656.369999999995,2.0,2.0
6057223,11.0,142.0,29.5,Male,3.0,75290.47,1.0,1.0
162101,5.0,64.0,33.5,Unknown,2.0,31108.78,7.0,7.0
4127440,7.0,86.0,17.0,Unknown,2.0,18198.45,5.0,5.0
7682230,5.0,71.0,45.5,Male,2.0,105535.49,2.0,2.0
5760256,16.0,202.0,42.5,Female,3.0,511435.03,5.0,5.0
4348317,5.0,63.0,27.0,Unknown,3.0,43833.4,7.0,7.0
4492460,8.0,106.0,34.5,Unknown,2.0,17540.109999999997,2.0,2.0
5341404,8.0,105.0,57.5,Male,3.0,2012315.91,7.0,7.0
7459482,27.0,334.0,49.5,Female,2.0,593272.01,4.0,4.0
8623915,8.0,107.0,69.0,Female,3.0,71415.98,6.0,6.0
5012416,8.0,101.0,66.5,Unknown,2.0,68552.28,6.0,6.0
1277612,11.0,135.0,61.5,Male,3.0,723212.03,3.0,3.0
7274717,10.0,127.0,25.0,Female,2.0,46023.22,1.0,1.0
985216,28.0,341.0,55.5,Male,2.0,40739.92,4.0,4.0
5101615,11.0,137.0,61.0,Female,2.0,249987.77,2.0,2.0
8005567,9.0,118.0,53.0,Male,2.0,96965.14,4.0,4.0
3751955,5.0,65.0,21.0,Male,2.0,16885.23,2.0,2.0
377198,9.0,112.0,30.0,Male,2.0,19609.38,3.0,3.0
2215238,8.0,100.0,32.5,Unknown,2.0,21223.7,7.0,7.0
7160538,5.0,70.0,17.5,Unknown,2.0,18553.32,3.0,3.0
4959931,5.0,70.0,18.5,Unknown,2.0,32103.660000000003,3.0,3.0
8430670,33.0,406.0,68.5,Female,2.0,80859.28,4.0,4.0
879350,18.0,220.0,49.5,Male,2.0,156495.83000000002,1.0,1.0
74972,12.0,147.0,34.0,Male,2.0,45624.64,3.0,3.0
3664455,6.0,74.0,67.0,Unknown,2.0,510354.17,4.0,4.0
6269082,5.0,64.0,49.5,Unknown,2.0,109300.15,6.0,6.0
1624582,5.0,70.0,53.5,Unknown,2.0,20523.93,3.0,3.0
8235608,10.0,123.0,28.5,Male,3.0,167877.71999999997,7.0,7.0
2053645,13.0,163.0,23.5,Female,2.0,16080.329999999998,3.0,3.0
2496964,5.0,66.0,48.0,Male,2.0,22792.46,6.0,6.0
4392551,5.0,70.0,56.0,Unknown,2.0,18929.59,2.0,2.0
1014430,29.0,353.0,53.0,Male,3.0,63436.75,3.0,3.0
2822440,15.0,185.0,58.5,Female,2.0,57764.130000000005,5.0,5.0
7692361,18.0,216.0,59.0,Female,2.0,959068.05,4.0,4.0
9544903,7.0,89.0,51.5,Unknown,2.0,26722.36,1.0,1.0
6151401,23.0,282.0,16.5,Female,3.0,135139.69,4.0,4.0
7775672,23.0,276.0,42.0,Female,3.0,17020.159999999996,6.0,6.0
126787,21.0,261.0,69.0,Male,3.0,484078.85,5.0,7.0
4781132,17.0,208.0,37.0,Female,2.0,107443.32,6.0,6.0
4107899,5.0,64.0,17.0,Unknown,2.0,16354.359999999995,1.0,1.0
7932986,14.0,171.0,27.0,Female,2.0,26244.25,2.0,2.0
8320532,7.0,93.0,67.5,Male,2.0,145440.15000000002,3.0,3.0
1918609,7.0,88.0,43.5,Unknown,2.0,407838.22,7.0,7.0
4507384,12.0,150.0,42.5,Female,2.0,43588.64,1.0,1.0
8185754,8.0,103.0,25.0,Unknown,2.0,24747.45,2.0,2.0
8339769,6.0,82.0,20.5,Unknown,2.0,40965.42999999999,2.0,2.0
2566226,21.0,253.0,48.5,Male,2.0,65596.0,7.0,7.0
7958004,15.0,182.0,35.5,Male,2.0,32192.43,2.0,2.0
1537205,6.0,77.0,19.0,Unknown,2.0,25432.95,1.0,1.0
1434395,12.0,155.0,44.5,Female,2.0,97767.12,4.0,4.0
3232813,27.0,335.0,60.5,Male,4.0,488325.79,7.0,7.0
4498673,16.0,203.0,68.0,Female,2.0,63643.380000000005,2.0,2.0
1507575,12.0,154.0,66.0,Female,2.0,81823.38,7.0,7.0
2231310,18.0,227.0,39.0,Male,2.0,128609.51,4.0,4.0
2955904,11.0,142.0,47.0,Female,2.0,108783.79,2.0,2.0
8033405,23.0,276.0,73.5,Male,5.0,970911.02,7.0,7.0
4479562,21.0,262.0,48.0,Female,2.0,22254.46,3.0,4.0
7128315,18.0,221.0,53.5,Male,3.0,232388.61,5.0,5.0
1596550,10.0,123.0,64.0,Male,2.0,42125.16,4.0,4.0
4586702,8.0,106.0,54.5,Unknown,2.0,32127.02,1.0,1.0
3217288,9.0,108.0,33.0,Female,2.0,40200.52,2.0,2.0
4285021,11.0,139.0,63.5,Male,2.0,125130.47,5.0,5.0
3588610,8.0,106.0,39.5,Male,2.0,45576.72,2.0,2.0
2809883,15.0,190.0,42.5,Male,3.0,320195.08,6.0,6.0
8578522,14.0,168.0,49.5,Male,2.0,18318.41,5.0,6.0
3307583,17.0,204.0,35.5,Male,2.0,43657.46,3.0,3.0
3781892,11.0,133.0,34.0,Female,3.0,59564.42,5.0,5.0
1370480,5.0,70.0,25.0,Unknown,2.0,28750.36,1.0,1.0
5720579,16.0,200.0,52.0,Female,2.0,14829.16,1.0,1.0
6862890,11.0,142.0,71.0,Male,2.0,38423.01,2.0,2.0
2952595,6.0,77.0,24.5,Unknown,3.0,56149.54000000001,5.0,5.0
4249630,12.0,152.0,64.5,Male,2.0,82194.08,7.0,7.0
1356798,15.0,190.0,43.0,Female,2.0,161763.66999999998,4.0,4.0
7471461,9.0,115.0,57.0,Male,2.0,73065.83,2.0,2.0
4882708,6.0,76.0,32.0,Unknown,2.0,42953.7,2.0,2.0
7935237,22.0,274.0,61.0,Male,2.0,211532.86,6.0,6.0
4185646,21.0,260.0,56.5,Unknown,2.0,302081.51,6.0,6.0
7376077,21.0,255.0,63.0,Male,2.0,94500.15,7.0,7.0
3509504,21.0,255.0,43.5,Male,3.0,123444.82,5.0,5.0
4489790,20.0,249.0,31.5,Male,3.0,180709.95,6.0,6.0
5188827,18.0,226.0,69.0,Female,2.0,65584.95999999999,2.0,3.0
1197156,17.0,207.0,47.5,Female,4.0,388371.49,7.0,7.0
1108492,17.0,207.0,16.5,Female,2.0,16315.05,3.0,3.0
1005490,17.0,205.0,52.0,Male,4.0,149034.87,6.0,6.0
3560340,14.0,172.0,55.5,Female,2.0,42544.52,3.0,3.0
7347460,9.0,114.0,33.0,Male,2.0,19746.83,3.0,3.0
1145969,5.0,61.0,18.0,Unknown,3.0,77874.0,5.0,5.0
4621567,8.0,103.0,27.5,Unknown,2.0,19604.59,2.0,2.0
254301,16.0,202.0,32.5,Male,2.0,80493.31999999999,7.0,7.0
9965230,7.0,88.0,48.0,Male,2.0,48646.6,3.0,3.0
7758582,7.0,94.0,49.5,Female,3.0,165814.52000000002,7.0,7.0
6260389,7.0,85.0,27.0,Unknown,2.0,22352.95,2.0,2.0
9209428,6.0,73.0,19.0,Unknown,2.0,19359.8,1.0,1.0
6731166,5.0,70.0,21.0,Female,2.0,22386.79,5.0,5.0
5647239,7.0,92.0,61.0,Unknown,2.0,93029.91,7.0,7.0
4818374,5.0,70.0,58.5,Unknown,2.0,164953.33000000002,5.0,5.0
2348031,23.0,276.0,45.5,Male,5.0,54426.22,2.0,2.0
5478534,21.0,262.0,49.0,Male,3.0,408790.84,6.0,6.0
4840608,21.0,261.0,34.0,Female,2.0,181200.9,4.0,4.0
456259,21.0,252.0,22.0,Female,2.0,73258.38,2.0,2.0
9046973,20.0,251.0,52.0,Male,3.0,51110.15,7.0,7.0
4900271,17.0,207.0,71.0,Female,2.0,57486.79000000001,6.0,6.0
3951447,6.0,75.0,43.5,Male,2.0,30168.98,1.0,1.0
7653260,12.0,144.0,31.5,Female,2.0,26465.59,1.0,1.0
5099034,5.0,71.0,38.5,Unknown,2.0,40934.48,4.0,4.0
3815903,8.0,96.0,46.5,Unknown,2.0,14619.57,6.0,6.0
9286126,8.0,100.0,48.0,Unknown,2.0,17178.1,2.0,2.0
2628402,5.0,70.0,42.0,Unknown,2.0,32063.9,7.0,7.0
5462146,5.0,60.0,51.0,Unknown,2.0,35752.33,1.0,1.0
982217,8.0,104.0,35.5,Female,2.0,48813.21,7.0,7.0
5372117,13.0,167.0,32.0,Male,3.0,158368.65000000002,2.0,2.0
233314,8.0,106.0,31.5,Female,2.0,17329.37,1.0,1.0
9984346,7.0,87.0,60.0,Unknown,3.0,111541.44,5.0,5.0
3717566,24.0,294.0,53.0,Female,2.0,251293.48,5.0,5.0
2823534,23.0,284.0,53.5,Male,2.0,560882.93,3.0,3.0
9701304,20.0,251.0,35.5,Female,3.0,290229.41,3.0,3.0
8556428,11.0,141.0,51.5,Unknown,2.0,24009.6,4.0,4.0
4311537,9.0,119.0,69.5,Male,3.0,3244645.61,7.0,7.0
8755760,12.0,146.0,57.5,Male,2.0,308834.36,1.0,1.0
9676527,7.0,92.0,29.5,Unknown,2.0,24478.95,1.0,1.0
524241,14.0,178.0,71.0,Male,2.0,342329.68,7.0,7.0
5473639,4.0,59.0,58.5,Unknown,2.0,129799.24,7.0,7.0
9833317,6.0,75.0,41.5,Male,2.0,20307.88,1.0,1.0
8242263,7.0,94.0,48.5,Unknown,2.0,61326.36,7.0,7.0
6563502,6.0,78.0,59.5,Unknown,2.0,28474.7,3.0,4.0
6426013,5.0,71.0,20.5,Unknown,3.0,24439.259999999995,7.0,7.0
4615892,15.0,183.0,29.5,Female,2.0,47545.31,5.0,5.0
8951766,10.0,122.0,65.0,Unknown,2.0,51699.66,4.0,5.0
5249817,5.0,66.0,20.5,Unknown,2.0,49156.79,2.0,2.0
4121468,6.0,73.0,18.5,Unknown,2.0,15189.89,2.0,2.0
8396102,21.0,255.0,42.0,Unknown,2.0,157151.19,5.0,5.0
1526142,4.0,56.0,18.5,Unknown,2.0,18890.53,6.0,6.0
6995777,5.0,64.0,48.5,Male,2.0,44403.2,3.0,3.0
927653,24.0,294.0,55.0,Unknown,3.0,698742.88,5.0,5.0
8664249,6.0,83.0,38.5,Unknown,2.0,277362.02,2.0,2.0
4295839,14.0,173.0,35.5,Male,2.0,15012.009999999998,3.0,3.0
1757511,13.0,164.0,27.0,Female,2.0,17547.239999999998,7.0,7.0
7529701,31.0,376.0,62.0,Male,2.0,494226.79,7.0,7.0
915701,5.0,69.0,19.5,Unknown,2.0,25736.67,2.0,2.0
7882784,16.0,196.0,32.5,Female,2.0,69491.03,6.0,6.0
8717996,10.0,130.0,32.5,Male,2.0,46323.53,3.0,3.0
1669757,7.0,95.0,65.5,Unknown,3.0,46028.07,4.0,4.0
631112,14.0,176.0,35.5,Male,4.0,103569.97,7.0,7.0
2480341,26.0,317.0,50.0,Female,2.0,46776.95,2.0,2.0
2264669,14.0,171.0,27.0,Female,2.0,17701.609999999997,7.0,7.0
2999981,10.0,126.0,23.5,Female,3.0,58570.75,7.0,7.0
7106551,7.0,84.0,25.5,Unknown,3.0,21390.53,2.0,2.0
4041675,7.0,84.0,21.5,Unknown,2.0,22228.36,1.0,1.0
9315428,11.0,143.0,55.0,Male,2.0,79845.87,6.0,6.0
41554,20.0,247.0,47.0,Female,2.0,246974.91,2.0,2.0
3432015,6.0,82.0,60.0,Unknown,3.0,568948.55,3.0,3.0
3229413,10.0,128.0,54.0,Female,2.0,101114.24,7.0,7.0
1107684,5.0,66.0,41.0,Unknown,2.0,48613.51,1.0,1.0
9586337,21.0,253.0,42.5,Male,2.0,91818.59,2.0,2.0
5202544,6.0,82.0,59.5,Unknown,2.0,37042.55,5.0,5.0
2457679,14.0,179.0,70.5,Male,2.0,300363.67,7.0,7.0
888614,11.0,134.0,45.5,Female,2.0,14936.109999999995,1.0,1.0
5384473,13.0,157.0,51.5,Female,2.0,197914.47,1.0,1.0
8743606,10.0,126.0,45.5,Unknown,3.0,42673.03999999999,5.0,5.0
8343255,13.0,166.0,59.5,Male,3.0,289509.61,4.0,4.0
7964309,15.0,190.0,40.0,Male,2.0,55013.42,1.0,1.0
2537232,4.0,59.0,46.0,Unknown,2.0,21051.13,4.0,4.0
2212460,11.0,143.0,27.5,Male,2.0,28603.47,2.0,2.0
5332892,4.0,58.0,49.0,Male,2.0,31476.14,7.0,7.0
831941,11.0,134.0,25.5,Male,3.0,100049.73,7.0,7.0
4552210,15.0,184.0,55.0,Male,2.0,50533.76,7.0,7.0
4479816,13.0,161.0,65.0,Male,2.0,585929.0800000001,6.0,6.0
75865,12.0,149.0,22.5,Male,2.0,79496.70999999999,5.0,5.0
6598108,8.0,107.0,58.0,Male,2.0,126225.72999999998,4.0,4.0
8838883,15.0,187.0,91.5,Female,2.0,183695.95,7.0,7.0
6801251,23.0,281.0,44.0,Male,3.0,121699.83000000002,6.0,6.0
7492783,23.0,276.0,67.5,Male,2.0,468807.96,5.0,5.0
2724424,10.0,123.0,29.5,Male,3.0,79762.04,4.0,4.0
2785039,9.0,119.0,78.0,Female,3.0,230834.2,7.0,7.0
3896227,10.0,126.0,26.5,Female,2.0,37858.74,5.0,5.0
5320148,5.0,63.0,44.0,Unknown,2.0,149883.01,1.0,1.0
7816951,11.0,133.0,32.0,Female,2.0,68702.64,3.0,3.0
8040609,6.0,73.0,56.0,Unknown,2.0,34651.25,5.0,5.0
5670846,15.0,187.0,36.5,Male,3.0,141345.31,7.0,7.0
395114,9.0,118.0,50.0,Female,2.0,94121.6,7.0,7.0
479777,16.0,192.0,69.0,Male,4.0,776066.2300000001,7.0,7.0
7940053,13.0,166.0,59.0,Female,2.0,21605.63,3.0,3.0
2087862,10.0,125.0,36.0,Male,2.0,55720.51,7.0,7.0
8516232,16.0,193.0,59.0,Male,2.0,474661.68,6.0,6.0
7040839,20.0,245.0,39.0,Male,2.0,68245.08,7.0,7.0
4917336,6.0,78.0,30.0,Unknown,3.0,50052.04,6.0,6.0
2120839,4.0,58.0,28.0,Unknown,2.0,25345.86,1.0,1.0
9628969,13.0,157.0,73.0,Female,2.0,128740.43,7.0,7.0
1433241,11.0,142.0,64.0,Female,2.0,67002.13,3.0,3.0
9402489,27.0,332.0,64.0,Female,2.0,100739.79,7.0,7.0
2794352,31.0,375.0,24.5,Male,2.0,21375.14,7.0,7.0
8920153,18.0,216.0,55.5,Female,2.0,144268.88,1.0,1.0
2466292,8.0,101.0,20.5,Unknown,2.0,21422.52,1.0,1.0
733557,9.0,110.0,71.0,Female,2.0,77009.66,6.0,6.0
9532975,7.0,92.0,25.0,Unknown,2.0,46355.96,3.0,3.0
6552526,6.0,81.0,45.5,Unknown,3.0,88792.69,6.0,6.0
1945676,10.0,131.0,46.0,Male,2.0,109231.23,7.0,7.0
6278468,11.0,132.0,33.0,Female,2.0,65009.26999999999,3.0,3.0
6903330,16.0,201.0,55.5,Female,3.0,1215527.53,7.0,7.0
8738284,7.0,88.0,27.5,Unknown,2.0,64425.5,4.0,4.0
4188504,4.0,57.0,32.5,Unknown,2.0,28360.18,6.0,6.0
5978581,24.0,297.0,52.5,Female,2.0,84932.49,2.0,2.0
2917690,8.0,97.0,40.0,Unknown,2.0,207342.32,7.0,7.0
3211536,16.0,200.0,56.5,Male,2.0,32155.21,7.0,7.0
5540103,3.0,46.0,28.0,Unknown,2.0,18793.17,3.0,3.0
8756279,9.0,109.0,24.0,Male,2.0,15904.579999999998,3.0,3.0
9735644,23.0,280.0,65.5,Male,2.0,176978.02999999997,7.0,7.0
8245621,20.0,250.0,48.0,Male,3.0,897667.88,7.0,7.0
2986567,19.0,230.0,55.0,Female,2.0,296955.85,7.0,7.0
3897448,19.0,228.0,55.5,Female,3.0,48045.65,7.0,7.0
5110471,16.0,192.0,48.5,Male,2.0,39376.27,1.0,1.0
9952196,4.0,58.0,37.5,Unknown,2.0,51276.46,1.0,1.0
8319007,10.0,127.0,58.0,Female,2.0,140388.34,2.0,2.0
5755593,8.0,106.0,24.0,Unknown,2.0,31776.63,7.0,7.0
521610,11.0,142.0,37.0,Female,2.0,15816.8,1.0,1.0
6321178,9.0,118.0,27.0,Female,2.0,23759.08,1.0,1.0
1069562,19.0,230.0,54.5,Male,2.0,69740.54000000001,5.0,5.0
4124574,16.0,197.0,45.5,Male,2.0,2425572.13,6.0,6.0
7207143,4.0,49.0,56.5,Unknown,2.0,78663.48,5.0,5.0
4146391,13.0,162.0,64.5,Female,2.0,256167.73,7.0,7.0
4411838,16.0,193.0,37.0,Male,3.0,97779.6,5.0,5.0
2145345,11.0,133.0,38.0,Male,5.0,233628.27,4.0,4.0
4563517,22.0,274.0,61.0,Female,3.0,212923.86,6.0,6.0
426907,17.0,210.0,41.0,Male,2.0,113077.32,6.0,6.0
1408899,11.0,135.0,49.5,Female,2.0,359058.65,6.0,6.0
3231849,15.0,180.0,47.0,Male,2.0,112102.01,7.0,7.0
9511355,19.0,238.0,63.0,Female,2.0,45884.74,4.0,4.0
1305921,4.0,57.0,18.0,Unknown,2.0,39886.32,2.0,2.0
457573,6.0,81.0,34.5,Unknown,2.0,15304.399999999998,1.0,1.0
1665342,9.0,110.0,22.5,Male,2.0,49406.05,1.0,1.0
7494127,5.0,67.0,53.5,Unknown,2.0,22001.23,2.0,2.0
3052620,18.0,216.0,47.5,Male,2.0,137562.22999999998,1.0,1.0
1695132,15.0,186.0,48.0,Female,2.0,47836.87,7.0,7.0
8688479,15.0,182.0,55.0,Female,2.0,320613.05,7.0,7.0
3929277,4.0,50.0,17.0,Unknown,2.0,32058.869999999995,2.0,2.0
4637304,11.0,143.0,61.5,Female,2.0,91183.53,4.0,4.0
756819,12.0,154.0,27.5,Female,2.0,15086.179999999997,1.0,1.0
6392013,6.0,75.0,54.5,Unknown,2.0,13809.07,3.0,3.0
4901834,28.0,345.0,52.5,Male,2.0,80024.5,7.0,7.0
9622199,5.0,60.0,20.5,Unknown,2.0,18947.0,7.0,7.0
7069062,25.0,302.0,23.0,Female,2.0,14365.699999999995,3.0,3.0
2102234,24.0,294.0,52.0,Male,2.0,773116.7200000001,5.0,5.0
83614,23.0,277.0,68.5,Female,4.0,475336.56,6.0,6.0
6499358,22.0,274.0,43.0,Female,3.0,172263.39,5.0,5.0
4055438,22.0,271.0,64.0,Male,2.0,25824.46,3.0,3.0
9208000,22.0,264.0,58.0,Male,2.0,53724.88,3.0,3.0
631462,20.0,245.0,53.5,Female,2.0,36927.7,4.0,4.0
1649684,20.0,241.0,58.0,Male,3.0,37244.78,5.0,5.0
2976431,9.0,118.0,49.0,Female,2.0,19955.05,2.0,2.0
5143507,5.0,66.0,55.5,Unknown,2.0,28444.42,7.0,7.0
7308616,11.0,132.0,59.5,Male,2.0,98362.25,6.0,6.0
1275463,8.0,96.0,59.0,Unknown,2.0,19732.67,3.0,3.0
7522103,7.0,94.0,46.0,Unknown,3.0,54911.19,2.0,2.0
9720161,9.0,114.0,64.0,Female,2.0,53871.73,6.0,6.0
5062313,27.0,324.0,52.5,Male,2.0,319631.9,3.0,3.0
2626753,7.0,94.0,63.0,Unknown,2.0,42296.62,1.0,1.0
2225174,5.0,61.0,22.5,Unknown,2.0,19410.66,3.0,3.0
9280031,15.0,187.0,67.5,Female,2.0,20814.02,7.0,7.0
3380115,14.0,179.0,64.0,Female,2.0,89357.61,3.0,3.0
8079773,4.0,57.0,45.0,Unknown,2.0,19834.86,3.0,3.0
2442391,8.0,107.0,66.0,Female,2.0,94957.45,2.0,2.0
6956410,7.0,91.0,31.0,Unknown,4.0,254561.42,5.0,5.0
1144047,9.0,118.0,79.5,Female,2.0,168671.18,3.0,3.0
5189471,29.0,348.0,20.5,Male,2.0,22026.21,2.0,3.0
7010174,4.0,56.0,62.0,Unknown,2.0,290268.92,4.0,4.0
70127,7.0,88.0,27.5,Unknown,2.0,29932.18,5.0,5.0
8233920,22.0,264.0,49.0,Unknown,2.0,27584.88,1.0,1.0
8687034,20.0,240.0,41.5,Male,2.0,161321.57,7.0,7.0
8947381,18.0,220.0,69.0,Female,3.0,37702.0,2.0,2.0
5282171,14.0,171.0,41.5,Female,2.0,32376.56,5.0,5.0
1105489,6.0,72.0,22.5,Unknown,2.0,38955.01,2.0,2.0
3213137,15.0,185.0,59.5,Female,2.0,75683.95999999999,1.0,1.0
8364334,16.0,194.0,30.5,Female,2.0,97877.16,7.0,7.0
8114664,8.0,99.0,62.5,Unknown,2.0,71417.25,5.0,5.0
2331701,9.0,110.0,29.5,Female,3.0,35209.619999999995,7.0,7.0
6848506,11.0,140.0,29.0,Unknown,3.0,81579.87,2.0,2.0
5983630,6.0,82.0,18.5,Unknown,3.0,33979.25,7.0,7.0
1572401,4.0,58.0,20.5,Female,2.0,26207.86,3.0,3.0
8796820,13.0,166.0,58.0,Male,2.0,60607.28,5.0,5.0
2283793,7.0,93.0,18.5,Unknown,2.0,22011.02,1.0,1.0
1429993,5.0,71.0,24.5,Unknown,2.0,40873.28,3.0,3.0
4128849,13.0,160.0,70.5,Male,4.0,819646.77,7.0,7.0
9506367,23.0,277.0,21.5,Female,3.0,76474.56,3.0,4.0
1878230,21.0,262.0,47.5,Female,4.0,73261.93,7.0,7.0
8173549,17.0,204.0,64.5,Male,4.0,202668.69,6.0,7.0
37616,10.0,122.0,43.0,Male,2.0,193397.67,3.0,3.0
648159,21.0,261.0,51.5,Male,2.0,162825.44,5.0,5.0
3669496,9.0,108.0,26.5,Male,2.0,37535.52,2.0,2.0
5534580,15.0,180.0,37.0,Female,2.0,61376.72,7.0,7.0
5187371,12.0,146.0,15.5,Female,2.0,56312.73999999999,2.0,2.0
9486277,7.0,88.0,31.5,Unknown,2.0,24055.83,6.0,6.0
2284684,13.0,159.0,53.5,Male,2.0,170280.40000000002,3.0,3.0
3069682,5.0,70.0,40.0,Unknown,3.0,20718.54,1.0,1.0
5067951,31.0,372.0,49.5,Female,2.0,220342.73,2.0,2.0
7743759,10.0,120.0,27.0,Male,2.0,74953.23,2.0,2.0
2444346,7.0,95.0,43.5,Unknown,2.0,20604.73,6.0,6.0
3831592,6.0,72.0,23.5,Unknown,2.0,26035.74,2.0,2.0
2163220,5.0,70.0,26.0,Unknown,2.0,23392.43,1.0,1.0
8811261,7.0,89.0,44.5,Unknown,2.0,86916.88,7.0,7.0
8941793,6.0,75.0,43.5,Male,2.0,13869.239999999998,6.0,6.0
6472049,13.0,157.0,36.5,Male,3.0,227452.48,2.0,2.0
7899583,24.0,293.0,52.5,Male,4.0,346767.92,4.0,4.0
9544242,20.0,241.0,46.0,Female,2.0,89092.97,4.0,4.0
8407163,20.0,240.0,54.0,Female,3.0,63006.31,3.0,3.0
7185148,18.0,226.0,44.5,Male,4.0,2974350.94,7.0,7.0
1098772,5.0,71.0,26.0,Unknown,2.0,47121.89,3.0,3.0
713641,11.0,143.0,51.0,Female,2.0,31944.369999999995,6.0,6.0
9429163,11.0,138.0,24.0,Unknown,2.0,27571.97,7.0,7.0
9521523,4.0,56.0,27.5,Unknown,2.0,16031.859999999995,1.0,1.0
7384844,5.0,64.0,16.5,Unknown,4.0,78989.43,7.0,7.0
4719058,6.0,79.0,40.0,Unknown,2.0,204845.99,6.0,6.0
2169779,12.0,150.0,45.0,Female,2.0,80046.78,1.0,1.0
669846,16.0,198.0,61.5,Female,2.0,24202.96,3.0,4.0
1923543,10.0,120.0,25.5,Female,2.0,90565.81,6.0,6.0
5038038,21.0,263.0,53.5,Male,2.0,132510.72999999998,6.0,6.0
6731994,12.0,150.0,35.0,Male,4.0,647376.52,7.0,7.0
3614651,7.0,92.0,34.5,Unknown,2.0,38895.92999999999,2.0,2.0
7637640,12.0,147.0,71.0,Female,2.0,39690.75,1.0,1.0
7528251,28.0,338.0,72.5,Male,3.0,35853.369999999995,4.0,4.0
9235746,15.0,182.0,39.5,Female,2.0,33099.81,1.0,1.0
5759494,6.0,83.0,53.5,Unknown,2.0,1243012.48,4.0,5.0
2459161,6.0,73.0,52.5,Female,2.0,44666.08,3.0,3.0
5868481,24.0,293.0,16.5,Unknown,2.0,29145.53,1.0,1.0
4200468,22.0,271.0,46.5,Female,2.0,42639.77,4.0,4.0
7254307,20.0,248.0,68.5,Male,2.0,18963.32,7.0,7.0
4058378,19.0,232.0,74.0,Male,2.0,27362.97,2.0,2.0
4045441,17.0,214.0,43.5,Female,2.0,105359.17,2.0,2.0
7363401,11.0,140.0,57.0,Female,2.0,14321.669999999998,1.0,1.0
6401974,12.0,151.0,22.5,Female,2.0,19381.59,5.0,5.0
1539053,13.0,166.0,48.5,Female,2.0,33004.759999999995,4.0,4.0
9437287,11.0,138.0,25.5,Male,2.0,33566.21,7.0,7.0
2920570,16.0,192.0,59.5,Male,5.0,2753135.47,6.0,6.0
3672720,6.0,76.0,19.0,Unknown,2.0,21227.55,4.0,4.0
2200153,6.0,80.0,55.0,Unknown,2.0,50746.53,7.0,7.0
8641021,6.0,79.0,32.0,Female,5.0,113302.34,7.0,7.0
9087703,11.0,143.0,34.5,Female,2.0,66770.44,7.0,7.0
9387693,5.0,60.0,60.0,Unknown,2.0,62300.17,3.0,3.0
896270,8.0,96.0,27.5,Unknown,3.0,79997.68,7.0,7.0
154921,6.0,78.0,58.0,Unknown,2.0,18383.89,7.0,7.0
4010800,6.0,78.0,20.5,Unknown,2.0,51622.02,6.0,6.0
3092827,6.0,82.0,20.5,Unknown,2.0,20792.93,3.0,3.0
5768968,5.0,69.0,19.5,Unknown,2.0,19329.06,3.0,3.0
3044451,11.0,140.0,24.5,Male,2.0,19686.92,7.0,7.0
4580253,12.0,154.0,28.5,Female,2.0,56938.26,3.0,3.0
3794087,6.0,75.0,58.5,Male,2.0,641715.54,7.0,7.0
2425083,28.0,342.0,55.5,Male,3.0,1444036.92,7.0,7.0
6186345,20.0,243.0,51.0,Male,2.0,35408.63,7.0,7.0
3450416,6.0,76.0,25.5,Unknown,3.0,51838.22,7.0,7.0
2640467,5.0,66.0,61.5,Male,3.0,104332.38,7.0,7.0
1102004,23.0,278.0,38.5,Female,3.0,101378.46,7.0,7.0
995680,19.0,230.0,29.5,Female,3.0,296301.19,7.0,7.0
2438573,5.0,70.0,23.0,Male,2.0,28362.31,2.0,2.0
6786189,5.0,66.0,25.5,Unknown,2.0,16054.289999999995,2.0,2.0
4601039,27.0,332.0,56.5,Male,6.0,1528071.48,7.0,7.0
6358805,7.0,95.0,66.5,Unknown,2.0,173859.52000000002,7.0,7.0
1218752,17.0,214.0,72.0,Female,2.0,41573.41,4.0,4.0
6519361,27.0,329.0,59.5,Male,2.0,210692.92,1.0,1.0
5852271,27.0,333.0,22.5,Female,3.0,33462.91,1.0,1.0
2303640,26.0,318.0,71.5,Male,3.0,923322.73,7.0,7.0
2681527,5.0,65.0,30.0,Unknown,3.0,115884.48,3.0,3.0
588844,10.0,128.0,69.0,Female,2.0,50755.53,1.0,1.0
601774,7.0,95.0,54.5,Unknown,2.0,61139.16,4.0,4.0
2501764,6.0,80.0,26.0,Unknown,2.0,27430.65,4.0,4.0
8464254,15.0,189.0,56.0,Female,2.0,79962.0,5.0,5.0
6530302,13.0,166.0,38.5,Male,2.0,144186.09999999998,3.0,3.0
5685269,6.0,79.0,38.5,Unknown,3.0,177016.74,6.0,6.0
7656424,9.0,114.0,75.0,Male,2.0,34855.71,6.0,6.0
4319869,11.0,143.0,55.5,Male,2.0,63452.29000000001,5.0,5.0
3273998,11.0,138.0,46.5,Female,2.0,37557.5,3.0,3.0
7599650,10.0,121.0,34.5,Female,2.0,31011.33,3.0,3.0
8284662,13.0,165.0,37.5,Male,2.0,168536.51,7.0,7.0
8557865,9.0,111.0,30.5,Unknown,2.0,58406.98999999999,2.0,2.0
6146601,4.0,57.0,52.5,Unknown,2.0,20439.78,2.0,2.0
5129322,15.0,181.0,43.5,Female,4.0,200753.46,6.0,6.0
1517553,5.0,60.0,14.5,Unknown,2.0,18343.62,5.0,5.0
7800196,5.0,62.0,22.5,Female,3.0,39578.34,3.0,3.0
4478140,5.0,64.0,53.5,Unknown,2.0,24092.75,7.0,7.0
9191327,15.0,181.0,41.5,Female,2.0,98312.33,6.0,6.0
9009043,9.0,112.0,51.0,Male,2.0,23305.36,1.0,1.0
2834637,5.0,64.0,27.5,Unknown,2.0,16442.48,1.0,1.0
1709674,22.0,270.0,43.5,Female,2.0,60016.76999999999,1.0,1.0
2661372,21.0,263.0,37.5,Male,3.0,104528.81,7.0,7.0
3838356,30.0,370.0,57.5,Male,2.0,28513.39,1.0,1.0
2630032,6.0,73.0,28.0,Unknown,3.0,50748.64,7.0,7.0
1565668,10.0,131.0,28.5,Female,2.0,94091.8,5.0,5.0
1473163,5.0,67.0,38.0,Unknown,2.0,13810.559999999998,7.0,7.0
8730269,14.0,172.0,61.5,Male,4.0,788374.25,7.0,7.0
4017767,10.0,123.0,21.5,Female,3.0,25795.98,2.0,2.0
7875325,14.0,176.0,27.0,Male,2.0,19955.15,2.0,2.0
8830835,33.0,396.0,61.5,Female,3.0,175946.09000000003,5.0,5.0
2452986,15.0,188.0,64.0,Female,2.0,92967.38,3.0,3.0
3868360,6.0,82.0,27.5,Unknown,2.0,53392.79,7.0,7.0
2925981,27.0,324.0,69.5,Male,4.0,2389943.89,7.0,7.0
4462601,34.0,408.0,62.5,Female,3.0,730766.5700000001,5.0,5.0
4642171,15.0,189.0,52.0,Male,2.0,94720.05,3.0,3.0
8848816,21.0,263.0,63.5,Female,3.0,134138.47,6.0,6.0
3970537,21.0,260.0,35.0,Male,2.0,14860.379999999996,6.0,6.0
8210116,21.0,256.0,25.5,Male,2.0,153092.24,1.0,1.0
2908180,21.0,253.0,19.5,Female,2.0,156364.33000000002,2.0,2.0
2040949,17.0,210.0,63.5,Female,3.0,2831888.21,7.0,7.0
5901101,15.0,180.0,40.0,Female,2.0,22119.77,2.0,2.0
2462475,6.0,80.0,55.0,Unknown,2.0,1463605.2,7.0,7.0
6088587,26.0,313.0,22.0,Female,2.0,14092.059999999998,1.0,1.0
4738768,7.0,92.0,44.0,Unknown,2.0,31859.410000000003,3.0,3.0
9630159,14.0,178.0,24.5,Female,2.0,18791.11,2.0,2.0
5550682,16.0,195.0,48.0,Male,2.0,32976.17999999999,6.0,6.0
8926459,12.0,155.0,42.0,Male,4.0,47264.84,7.0,7.0
6433208,7.0,95.0,55.5,Unknown,2.0,25872.55,4.0,4.0
2106448,8.0,96.0,23.0,Unknown,2.0,51137.12,1.0,1.0
5252075,10.0,125.0,21.0,Male,2.0,57437.17,4.0,4.0
1592081,9.0,119.0,36.0,Female,2.0,58850.95,1.0,1.0
7492467,4.0,59.0,30.5,Unknown,2.0,40307.67,3.0,3.0
5772868,25.0,305.0,20.5,Female,2.0,23172.13,7.0,7.0
7479616,21.0,263.0,58.5,Male,2.0,492081.58,7.0,7.0
9258024,20.0,250.0,68.0,Female,2.0,54397.93,3.0,3.0
7640965,20.0,248.0,17.0,Female,2.0,18197.95,3.0,3.0
671830,17.0,210.0,63.0,Female,2.0,109418.15,1.0,1.0
7966651,26.0,320.0,59.5,Male,4.0,898346.01,4.0,4.0
5432909,6.0,82.0,54.0,Unknown,2.0,967154.96,7.0,7.0
3216101,6.0,72.0,43.0,Unknown,2.0,48770.43,7.0,7.0
7848145,15.0,181.0,31.0,Female,3.0,86156.86,7.0,7.0
5396079,7.0,91.0,21.5,Female,2.0,38408.92999999999,4.0,4.0
9920364,3.0,47.0,34.0,Unknown,2.0,51699.63,1.0,2.0
4878079,14.0,178.0,72.0,Male,2.0,29834.23,2.0,2.0
2909700,27.0,335.0,79.0,Female,3.0,107180.58,6.0,6.0
6265765,7.0,94.0,28.5,Unknown,3.0,56718.92999999999,6.0,6.0
3313658,15.0,182.0,48.5,Male,2.0,108520.4,3.0,3.0
8144296,14.0,174.0,47.0,Male,3.0,201401.33,4.0,4.0
6210800,7.0,94.0,30.0,Unknown,2.0,14814.449999999995,4.0,4.0
286930,12.0,155.0,48.0,Male,2.0,56146.47,2.0,2.0
4921313,16.0,192.0,54.5,Male,2.0,25470.68,3.0,3.0
4006570,9.0,109.0,52.5,Male,2.0,15292.129999999996,4.0,4.0
183742,14.0,179.0,66.5,Female,2.0,22842.58,3.0,3.0
6982806,5.0,62.0,33.5,Unknown,3.0,50037.36,2.0,2.0
8372961,4.0,58.0,22.0,Female,2.0,20417.98,3.0,4.0
9491575,15.0,187.0,23.0,Male,3.0,44628.78,7.0,7.0
7135989,6.0,74.0,47.5,Female,2.0,38264.25,1.0,1.0
2716390,4.0,50.0,17.5,Unknown,2.0,50124.26,2.0,2.0
5825875,14.0,178.0,40.0,Female,2.0,16521.69,5.0,5.0
4642648,20.0,248.0,32.0,Male,3.0,53490.96,7.0,7.0
9368584,20.0,241.0,71.0,Male,2.0,101277.55,7.0,7.0
6653233,19.0,233.0,65.0,Male,3.0,151754.12,6.0,6.0
5011030,9.0,115.0,29.5,Female,2.0,34095.08,1.0,1.0
3179772,5.0,63.0,49.5,Unknown,2.0,20752.96,4.0,4.0
1927262,10.0,122.0,36.0,Female,2.0,17532.26,1.0,1.0
4589943,4.0,59.0,24.0,Unknown,3.0,27405.43,7.0,7.0
1601184,5.0,71.0,21.0,Unknown,2.0,15185.269999999997,1.0,1.0
6135538,14.0,173.0,62.5,Male,2.0,181406.63,3.0,3.0
6098707,6.0,72.0,22.5,Unknown,2.0,18495.71,1.0,1.0
6117301,4.0,59.0,36.0,Unknown,2.0,40999.42999999999,6.0,6.0
6890303,4.0,58.0,28.0,Unknown,2.0,21337.57,2.0,2.0
4738324,6.0,78.0,57.5,Unknown,2.0,117739.37,6.0,7.0
4006677,4.0,58.0,24.0,Unknown,2.0,40452.71,7.0,7.0
4517445,12.0,154.0,37.5,Female,2.0,18195.47,1.0,1.0
6422856,16.0,194.0,64.5,Male,2.0,362205.08,6.0,6.0
1818032,6.0,73.0,36.5,Unknown,2.0,39020.75,3.0,3.0
3552357,29.0,358.0,77.0,Male,3.0,2036660.09,6.0,6.0
2340306,11.0,134.0,52.0,Female,2.0,54654.24,1.0,1.0
980918,5.0,65.0,19.0,Male,2.0,42453.94,1.0,1.0
1858062,13.0,166.0,48.5,Male,2.0,59292.7,3.0,3.0
4621306,19.0,238.0,44.5,Female,3.0,68666.44,7.0,7.0
7029605,17.0,209.0,60.5,Male,2.0,36008.49,5.0,5.0
6832874,12.0,154.0,62.0,Female,2.0,25855.41,2.0,2.0
202639,3.0,46.0,20.0,Unknown,2.0,18851.51,2.0,2.0
8350388,15.0,189.0,31.5,Male,2.0,17456.57,5.0,5.0
4789034,6.0,82.0,59.5,Unknown,3.0,441985.36,7.0,7.0
8955107,4.0,58.0,53.5,Unknown,2.0,19293.44,1.0,1.0
6486664,6.0,73.0,51.5,Unknown,2.0,22783.86,1.0,1.0
5283309,6.0,82.0,25.5,Unknown,2.0,133358.62,4.0,4.0
235958,7.0,92.0,72.0,Unknown,2.0,22692.07,3.0,3.0
456067,13.0,157.0,58.5,Male,2.0,237401.69,1.0,1.0
1739750,10.0,126.0,32.0,Male,2.0,25183.89,7.0,7.0
5486003,13.0,162.0,63.5,Female,2.0,30718.67,7.0,7.0
3314933,6.0,83.0,32.0,Unknown,2.0,42784.64,7.0,7.0
8594214,8.0,104.0,25.0,Male,2.0,64063.97,7.0,7.0
3841379,11.0,136.0,37.5,Female,2.0,141510.8,2.0,2.0
1466673,7.0,90.0,28.0,Unknown,4.0,72085.07,4.0,4.0
1994065,24.0,295.0,47.5,Female,3.0,142354.71,7.0,7.0
2773513,23.0,285.0,63.0,Female,3.0,737707.2200000001,7.0,7.0
3678780,23.0,285.0,59.0,Female,2.0,63912.73999999999,7.0,7.0
1647142,21.0,258.0,53.5,Male,3.0,311437.84,7.0,7.0
2763110,18.0,218.0,40.0,Male,3.0,2750764.87,7.0,7.0
303008,5.0,70.0,57.0,Unknown,2.0,38240.78,6.0,6.0
9064567,13.0,167.0,45.5,Female,2.0,116052.99,2.0,2.0
8456405,6.0,81.0,26.0,Unknown,2.0,15993.579999999998,3.0,3.0
6720615,19.0,240.0,48.5,Female,2.0,168561.28999999998,7.0,7.0
181951,14.0,177.0,54.0,Female,2.0,57744.51,7.0,7.0
4624457,14.0,170.0,57.5,Unknown,2.0,41047.0,3.0,3.0
4593200,15.0,189.0,39.5,Male,2.0,16885.789999999997,2.0,2.0
9224602,14.0,175.0,30.5,Female,2.0,153564.74,7.0,7.0
8371162,4.0,58.0,28.0,Unknown,2.0,28347.95,4.0,4.0
1650631,4.0,58.0,47.0,Unknown,2.0,49141.76,5.0,5.0
1519777,6.0,77.0,20.5,Unknown,2.0,17522.129999999997,1.0,1.0
2897080,7.0,86.0,47.5,Unknown,3.0,48741.46,3.0,3.0
8143010,6.0,83.0,26.5,Unknown,3.0,43196.36,4.0,4.0
1091767,5.0,69.0,71.5,Unknown,2.0,102252.05,7.0,7.0
5278334,8.0,107.0,49.5,Unknown,2.0,22936.31,1.0,1.0
9496987,5.0,71.0,47.0,Unknown,2.0,14825.16,2.0,2.0
1339311,5.0,61.0,57.5,Unknown,3.0,64084.26999999999,3.0,3.0
1985153,21.0,259.0,27.5,Male,2.0,186808.78,1.0,1.0
1179818,5.0,60.0,53.5,Female,2.0,138348.64,6.0,6.0
2748786,15.0,182.0,40.0,Male,2.0,70985.62,5.0,5.0
7800771,5.0,66.0,27.0,Unknown,3.0,38644.7,5.0,5.0
2188629,8.0,103.0,60.0,Female,3.0,54787.0,6.0,6.0
3118440,10.0,120.0,53.5,Male,2.0,152648.09000000003,7.0,7.0
9911964,11.0,138.0,28.5,Male,2.0,36294.39,1.0,1.0
6853395,14.0,179.0,42.5,Female,2.0,39983.42,1.0,1.0
1267430,8.0,106.0,34.0,Female,2.0,32487.27,1.0,1.0
5656344,9.0,113.0,62.0,Male,2.0,24875.83,2.0,3.0
9450017,5.0,60.0,19.0,Unknown,2.0,37168.92,3.0,3.0
4564427,8.0,96.0,34.0,Unknown,2.0,262397.15,2.0,2.0
3295126,7.0,88.0,69.5,Unknown,2.0,52726.28,4.0,4.0
5520175,22.0,271.0,63.0,Male,2.0,566363.14,6.0,6.0
7028575,21.0,262.0,43.0,Unknown,3.0,231220.45,6.0,6.0
8449906,21.0,261.0,23.5,Male,2.0,39892.08,1.0,1.0
3768802,21.0,260.0,53.0,Male,2.0,139212.69,4.0,4.0
4744755,21.0,255.0,47.5,Male,2.0,152315.52000000002,7.0,7.0
1272513,21.0,252.0,52.5,Female,2.0,120182.34,1.0,1.0
4575056,7.0,84.0,28.5,Unknown,2.0,33251.5,3.0,3.0
591302,24.0,288.0,55.0,Female,2.0,178140.95,3.0,3.0
7512498,28.0,347.0,22.5,Male,2.0,58389.92,5.0,5.0
7966792,6.0,77.0,40.5,Unknown,2.0,41833.9,7.0,7.0
6758524,5.0,60.0,55.0,Unknown,2.0,33734.7,2.0,2.0
7406632,5.0,68.0,18.0,Unknown,2.0,61646.28,7.0,7.0
2646033,7.0,95.0,23.5,Unknown,2.0,61070.76999999999,1.0,1.0
9888071,14.0,177.0,72.0,Male,2.0,27501.83,5.0,5.0
1343143,6.0,83.0,29.0,Unknown,2.0,102541.28,4.0,4.0
1980265,16.0,193.0,69.0,Male,2.0,644481.36,3.0,3.0
6641621,15.0,191.0,32.5,Female,3.0,353294.35,7.0,7.0
2031257,10.0,130.0,30.5,Male,5.0,313228.66,7.0,7.0
6963846,6.0,75.0,17.0,Unknown,2.0,41694.8,2.0,2.0
2124594,14.0,170.0,59.5,Female,2.0,15801.48,5.0,5.0
2689213,5.0,70.0,35.0,Unknown,2.0,22431.85,1.0,1.0
1919193,6.0,82.0,37.5,Unknown,2.0,44209.44,1.0,1.0
1283809,6.0,72.0,32.0,Unknown,2.0,30244.09,2.0,2.0
7883810,14.0,175.0,37.5,Male,2.0,50227.6,1.0,1.0
2793262,15.0,191.0,43.5,Male,2.0,197282.44,2.0,2.0
6042322,13.0,157.0,35.0,Female,2.0,46413.77,3.0,3.0
3699431,9.0,108.0,54.0,Unknown,2.0,69537.48999999999,7.0,7.0
5644850,15.0,190.0,50.0,Female,2.0,31316.98,1.0,1.0
3321086,23.0,276.0,51.0,Male,2.0,23718.81,1.0,1.0
3805924,21.0,261.0,62.0,Male,3.0,58472.73,7.0,7.0
2157503,21.0,253.0,65.5,Female,3.0,127173.08000000002,4.0,4.0
6016368,19.0,230.0,46.0,Male,2.0,50193.62,7.0,7.0
2010544,18.0,226.0,49.5,Male,3.0,65231.9,1.0,1.0
6676987,17.0,215.0,47.0,Male,3.0,168815.94,7.0,7.0
6609551,7.0,90.0,37.5,Unknown,2.0,46232.2,6.0,6.0
3933955,5.0,60.0,62.0,Unknown,2.0,239624.85,2.0,2.0
7903265,4.0,59.0,36.0,Unknown,2.0,37743.53999999999,4.0,4.0
1136358,9.0,110.0,36.0,Male,2.0,24549.869999999995,2.0,2.0
5706598,11.0,141.0,55.5,Female,2.0,22778.509999999995,4.0,4.0
9654022,5.0,65.0,63.5,Female,2.0,207026.78,7.0,7.0
6687163,7.0,86.0,52.0,Unknown,3.0,48801.3,7.0,7.0
3271049,5.0,64.0,30.0,Male,2.0,42454.21,2.0,2.0
1000145,5.0,66.0,39.5,Unknown,3.0,161488.56,2.0,2.0
607606,4.0,59.0,24.5,Unknown,2.0,22662.81,6.0,6.0
2893016,10.0,126.0,66.5,Male,2.0,256628.84000000003,6.0,6.0
2651881,15.0,190.0,68.0,Male,2.0,245327.18,5.0,5.0
6407968,6.0,74.0,41.5,Unknown,2.0,17958.989999999998,5.0,5.0
5213045,5.0,66.0,56.5,Male,2.0,32299.9,6.0,6.0
7640832,4.0,57.0,41.5,Unknown,2.0,124134.41999999998,3.0,3.0
5032899,18.0,223.0,43.0,Male,2.0,118484.35,5.0,5.0
8255466,10.0,130.0,28.0,Unknown,2.0,59664.34,2.0,2.0
9084542,7.0,95.0,23.5,Unknown,2.0,31377.31,1.0,1.0
8742212,10.0,123.0,57.5,Female,2.0,271328.33,3.0,3.0
1419974,24.0,293.0,20.0,Female,2.0,60874.75,7.0,7.0
8653836,21.0,263.0,46.5,Male,3.0,96651.85,7.0,7.0
9356502,20.0,250.0,58.0,Female,4.0,195118.48,5.0,5.0
8766929,5.0,70.0,52.0,Unknown,2.0,30509.63,2.0,2.0
5349327,7.0,93.0,34.5,Unknown,2.0,28436.6,1.0,1.0
4299007,7.0,87.0,49.5,Unknown,2.0,43486.88,5.0,5.0
3130307,7.0,84.0,47.0,Unknown,4.0,96406.66,3.0,3.0
3699967,5.0,70.0,31.0,Unknown,3.0,72853.20999999999,4.0,4.0
6316889,15.0,182.0,52.0,Female,2.0,82397.94,1.0,1.0
8179323,8.0,106.0,70.0,Female,2.0,52146.14,6.0,6.0
4131094,6.0,74.0,27.5,Unknown,2.0,28160.009999999995,2.0,2.0
9684891,8.0,103.0,27.0,Female,2.0,45921.96,2.0,2.0
3352776,6.0,76.0,39.0,Unknown,2.0,32165.69,1.0,1.0
3635683,8.0,107.0,61.0,Female,2.0,44124.42,1.0,1.0
4625248,12.0,154.0,21.5,Female,2.0,32424.15,2.0,2.0
7102848,27.0,324.0,20.0,Male,2.0,17192.89,2.0,2.0
2091707,10.0,130.0,59.0,Male,2.0,81674.49,3.0,3.0
487005,32.0,390.0,64.5,Female,3.0,714456.0900000001,7.0,7.0
9373617,16.0,203.0,34.5,Male,2.0,102199.56,4.0,4.0
1941912,15.0,187.0,41.5,Male,2.0,47163.04,5.0,5.0
3913430,22.0,264.0,49.0,Female,3.0,314837.62,6.0,6.0
4651662,21.0,254.0,40.5,Female,2.0,137960.15,1.0,1.0
1160568,19.0,238.0,50.0,Female,2.0,28854.119999999995,1.0,1.0
9032702,17.0,204.0,72.0,Male,2.0,430020.25,3.0,3.0
4181643,5.0,70.0,22.5,Unknown,2.0,15163.73,3.0,3.0
6567451,15.0,180.0,47.5,Male,2.0,28801.27,1.0,1.0
8165426,34.0,419.0,62.5,Female,3.0,31123.23,1.0,1.0
1530645,11.0,142.0,54.5,Female,2.0,86784.16,2.0,2.0
4998573,11.0,134.0,35.0,Male,2.0,91439.88,4.0,4.0
9202022,8.0,96.0,55.5,Unknown,2.0,30391.09,3.0,3.0
1192227,32.0,387.0,63.0,Male,3.0,282878.3,7.0,7.0
9121735,15.0,181.0,42.5,Male,2.0,84897.67,4.0,4.0
7230327,9.0,119.0,42.5,Female,2.0,48481.71,4.0,4.0
1999829,27.0,326.0,69.0,Female,3.0,545277.4800000001,6.0,6.0
3697864,6.0,79.0,27.5,Unknown,2.0,44177.57,7.0,7.0
9899336,12.0,145.0,58.0,Male,3.0,44832.03,7.0,7.0
1991405,10.0,121.0,46.5,Female,7.0,864812.3500000001,7.0,7.0
1061010,14.0,174.0,34.0,Male,2.0,17660.359999999997,2.0,2.0
9139856,11.0,132.0,71.0,Male,2.0,99607.64,3.0,3.0
8233594,17.0,207.0,51.5,Male,2.0,29102.66,7.0,7.0
8690939,6.0,78.0,22.5,Unknown,4.0,173399.33000000002,7.0,7.0
8582312,12.0,153.0,26.5,Female,2.0,100951.72,7.0,7.0
5577495,15.0,189.0,58.0,Female,2.0,28312.04,4.0,4.0
3151501,15.0,182.0,71.5,Female,2.0,40588.84,5.0,5.0
7846638,7.0,84.0,21.0,Unknown,2.0,53780.86,3.0,3.0
2211077,12.0,155.0,23.0,Male,2.0,29409.7,7.0,7.0
6607104,15.0,191.0,44.0,Female,2.0,16698.42,6.0,6.0
1877568,19.0,234.0,54.5,Male,3.0,14212.66,2.0,2.0
5721770,23.0,286.0,48.0,Female,3.0,219598.25,7.0,7.0
6252965,19.0,235.0,50.0,Unknown,2.0,25637.08,6.0,6.0
4642375,19.0,230.0,50.5,Male,3.0,138671.84999999998,7.0,7.0
8425577,18.0,222.0,50.5,Female,3.0,402923.93,7.0,7.0
9592725,4.0,56.0,23.0,Unknown,2.0,28131.66,3.0,3.0
1684984,9.0,111.0,30.0,Female,2.0,66211.33,2.0,2.0
908459,8.0,97.0,34.5,Unknown,2.0,45535.35,3.0,3.0
6363636,8.0,99.0,21.0,Unknown,2.0,19686.34,1.0,1.0
4683801,11.0,142.0,31.5,Male,3.0,121244.65,6.0,6.0
9141676,9.0,118.0,47.0,Male,2.0,127895.91999999998,1.0,1.0
6989661,23.0,277.0,33.5,Female,3.0,364580.51,6.0,6.0
3468021,13.0,160.0,17.5,Female,2.0,23467.21,3.0,3.0
5596806,11.0,137.0,59.0,Male,3.0,47521.99,3.0,3.0
1056117,6.0,75.0,21.5,Unknown,3.0,51581.56,3.0,3.0
7627571,30.0,370.0,72.0,Female,2.0,197249.69,7.0,7.0
742792,23.0,277.0,49.0,Male,2.0,54550.96,3.0,3.0
9848065,12.0,146.0,36.5,Male,2.0,81483.12,3.0,3.0
2633307,10.0,126.0,29.5,Male,3.0,63456.16,7.0,7.0
2194198,15.0,189.0,69.5,Female,2.0,36271.65,2.0,4.0
7675577,5.0,67.0,24.0,Unknown,2.0,132409.47,6.0,6.0
7746925,10.0,120.0,84.5,Male,2.0,213392.43,6.0,6.0
9679876,5.0,70.0,21.0,Unknown,2.0,37792.03,7.0,7.0
6051870,15.0,189.0,59.0,Male,2.0,402276.22,7.0,7.0
5818608,7.0,87.0,62.0,Unknown,2.0,116306.75,5.0,5.0
7634992,16.0,198.0,50.5,Female,2.0,246084.5,4.0,5.0
8949246,6.0,74.0,26.0,Unknown,2.0,50092.89,7.0,7.0
3096491,13.0,166.0,49.0,Male,3.0,70925.67,2.0,2.0
8163202,20.0,251.0,55.0,Female,2.0,140551.84,1.0,1.0
3809950,17.0,215.0,42.5,Male,2.0,66091.34,1.0,1.0
1789230,17.0,210.0,62.0,Female,2.0,109644.95,7.0,7.0
9641413,5.0,60.0,49.0,Unknown,2.0,40120.86,3.0,3.0
5612759,6.0,72.0,28.0,Male,2.0,39201.75,6.0,6.0
7118159,7.0,87.0,57.0,Unknown,2.0,36061.1,5.0,5.0
7434170,8.0,107.0,25.5,Male,2.0,75050.18,3.0,3.0
6735600,6.0,82.0,31.5,Unknown,3.0,125530.28,6.0,6.0
5981302,21.0,253.0,55.0,Male,2.0,129880.28,7.0,7.0
2319882,4.0,50.0,61.5,Unknown,2.0,232975.17,7.0,7.0
8915730,11.0,138.0,28.0,Female,3.0,79208.78,7.0,7.0
725093,36.0,439.0,58.5,Male,2.0,742385.54,7.0,7.0
6122549,16.0,194.0,67.0,Male,2.0,41713.78,5.0,5.0
935356,11.0,144.0,29.0,Female,2.0,91530.63,1.0,1.0
1315560,11.0,133.0,61.5,Male,2.0,33612.89,5.0,5.0
374711,21.0,261.0,48.5,Male,3.0,855597.5800000001,3.0,3.0
6667954,15.0,191.0,47.5,Female,2.0,39945.83,3.0,3.0
972372,9.0,109.0,38.0,Male,2.0,52243.64,4.0,4.0
2723115,12.0,152.0,48.0,Male,2.0,15472.719999999998,4.0,4.0
919974,16.0,192.0,79.0,Female,2.0,235063.66,2.0,2.0
5400204,9.0,114.0,50.0,Female,2.0,243428.45,7.0,7.0
2976895,5.0,67.0,25.5,Unknown,2.0,30385.13,7.0,7.0
5659224,11.0,139.0,47.0,Female,2.0,36439.55,7.0,7.0
667733,15.0,186.0,27.5,Female,2.0,46524.86,1.0,1.0
9985849,9.0,111.0,32.0,Female,2.0,21499.57,3.0,3.0
8948675,6.0,79.0,27.0,Unknown,2.0,31627.84,1.0,1.0
548139,16.0,202.0,46.5,Female,3.0,199998.74,3.0,3.0
1267687,10.0,121.0,41.5,Male,2.0,44805.84,7.0,7.0
881824,28.0,344.0,66.0,Male,3.0,454869.16,7.0,7.0
8064271,15.0,185.0,29.0,Female,2.0,23191.68,1.0,1.0
7240720,6.0,73.0,44.0,Male,2.0,93517.73,5.0,5.0
5869718,9.0,108.0,54.5,Male,2.0,112366.51,7.0,7.0
9442218,14.0,169.0,32.0,Male,2.0,80686.59,4.0,4.0
634668,7.0,92.0,21.5,Unknown,3.0,79969.05,2.0,2.0
8543351,20.0,242.0,21.5,Female,2.0,99485.8,6.0,6.0
2379906,18.0,224.0,67.5,Female,2.0,47002.69,6.0,6.0
9674745,19.0,228.0,40.0,Female,2.0,28775.74,4.0,4.0
1845943,9.0,109.0,58.5,Male,2.0,59009.04000000001,7.0,7.0
3457502,6.0,81.0,24.0,Unknown,2.0,32011.03,2.0,2.0
8098150,4.0,56.0,16.5,Female,3.0,34535.759999999995,5.0,5.0
5348487,16.0,194.0,47.0,Female,2.0,83766.05,7.0,7.0
7652274,16.0,194.0,51.5,Female,4.0,47029.45,7.0,7.0
3069906,7.0,84.0,46.5,Unknown,2.0,110373.95,3.0,3.0
9224195,6.0,82.0,47.5,Unknown,3.0,93184.63,7.0,7.0
585119,4.0,55.0,51.5,Unknown,2.0,70186.93,7.0,7.0
5764328,14.0,174.0,64.5,Male,2.0,144172.91,7.0,7.0
3858217,12.0,150.0,39.5,Unknown,2.0,21418.22,1.0,1.0
6284929,5.0,61.0,25.5,Male,2.0,28529.509999999995,7.0,7.0
1243106,5.0,60.0,46.0,Unknown,2.0,24805.6,4.0,4.0
2407433,11.0,143.0,52.0,Male,2.0,118004.36,3.0,3.0
8401848,8.0,106.0,45.5,Female,2.0,47519.42,7.0,7.0
7160270,24.0,288.0,50.5,Male,3.0,812600.2100000001,6.0,6.0
3475013,22.0,268.0,16.5,Male,2.0,20125.97,2.0,2.0
6799396,21.0,258.0,53.0,Male,2.0,128009.76,2.0,2.0
7940321,21.0,259.0,48.5,Male,2.0,17421.03,2.0,2.0
4778644,13.0,166.0,47.5,Female,2.0,45177.59,1.0,2.0
2981675,11.0,139.0,44.5,Male,2.0,178244.90999999997,5.0,5.0
7201502,4.0,57.0,23.0,Unknown,2.0,17014.12,1.0,1.0
6687695,11.0,140.0,30.0,Female,2.0,83488.41,6.0,6.0
2174824,6.0,75.0,19.5,Female,2.0,19549.09,4.0,4.0
9998980,7.0,87.0,22.5,Unknown,2.0,59061.36,7.0,7.0
2945387,15.0,185.0,53.5,Female,3.0,37229.48,4.0,4.0
799069,5.0,68.0,58.0,Unknown,2.0,143155.0,7.0,7.0
647957,13.0,159.0,45.5,Female,2.0,24039.69,2.0,2.0
375512,11.0,139.0,68.5,Female,2.0,34288.11,7.0,7.0
1887675,12.0,148.0,70.0,Male,2.0,39510.73,7.0,7.0
1369470,5.0,71.0,48.0,Unknown,3.0,257453.64,7.0,7.0
7800018,26.0,313.0,57.5,Female,2.0,71022.62,3.0,3.0
8151233,12.0,150.0,30.0,Female,3.0,78396.38,7.0,7.0
8972863,10.0,130.0,55.0,Female,2.0,20585.52,2.0,2.0
1085170,22.0,268.0,63.5,Female,2.0,24553.77,6.0,6.0
5758897,29.0,349.0,68.0,Male,4.0,259720.92,7.0,7.0
2560067,27.0,334.0,69.0,Female,2.0,573644.8200000001,7.0,7.0
9409185,6.0,77.0,72.0,Unknown,2.0,14976.449999999995,5.0,5.0
3481633,29.0,348.0,74.5,Male,2.0,205119.44,7.0,7.0
9089390,14.0,176.0,52.5,Male,2.0,50748.06,3.0,3.0
4926663,5.0,71.0,25.0,Unknown,2.0,16952.48,1.0,1.0
5615326,17.0,215.0,76.5,Female,2.0,25809.39,3.0,3.0
1743730,12.0,155.0,37.5,Female,2.0,54554.5,7.0,7.0
1826691,15.0,181.0,25.0,Female,3.0,39011.07,7.0,7.0
6809173,13.0,163.0,52.5,Male,3.0,240864.26,1.0,1.0
4528917,27.0,335.0,33.5,Female,2.0,37513.53,2.0,2.0
738220,13.0,166.0,71.5,Female,2.0,41807.05,3.0,3.0
1928098,4.0,56.0,44.5,Male,3.0,40142.84,4.0,4.0
6679284,23.0,278.0,53.5,Male,4.0,455885.96,6.0,6.0
8982157,21.0,255.0,41.5,Female,2.0,69558.57,1.0,1.0
5074560,31.0,383.0,31.0,Male,4.0,305956.48,4.0,4.0
8333715,11.0,143.0,54.0,Female,2.0,47171.07,3.0,3.0
6536171,6.0,82.0,62.5,Unknown,2.0,171486.14,1.0,1.0
3432782,8.0,107.0,31.5,Male,2.0,41887.24,4.0,4.0
8467070,14.0,168.0,52.0,Female,2.0,22053.28,1.0,1.0
6758527,8.0,103.0,69.0,Unknown,2.0,28470.83,2.0,2.0
7212406,15.0,186.0,41.5,Female,2.0,30174.78,1.0,1.0
6889269,12.0,144.0,35.0,Female,2.0,91147.8,1.0,1.0
7405984,7.0,92.0,18.0,Unknown,2.0,16805.85,2.0,2.0
1330029,20.0,240.0,53.0,Male,2.0,100924.25,7.0,7.0
5810459,21.0,256.0,54.5,Female,5.0,538402.77,7.0,7.0
9555194,9.0,109.0,54.5,Female,2.0,19945.21,7.0,7.0
2082136,7.0,88.0,60.5,Unknown,2.0,83850.33,2.0,2.0
8646102,7.0,85.0,41.5,Unknown,2.0,29205.72,4.0,4.0
6969693,4.0,58.0,20.0,Unknown,2.0,29106.869999999995,1.0,1.0
7149931,12.0,149.0,59.5,Male,2.0,39741.51,1.0,1.0
2531791,22.0,274.0,53.5,Male,2.0,50850.01,4.0,4.0
4193444,17.0,214.0,41.0,Female,2.0,61819.28,5.0,5.0
2385795,5.0,70.0,41.5,Unknown,2.0,22653.72,6.0,6.0
6767073,11.0,143.0,80.0,Female,2.0,20893.91,4.0,4.0
3248924,12.0,155.0,35.5,Female,2.0,150257.19,2.0,2.0
2510520,5.0,60.0,55.5,Unknown,2.0,101279.81,4.0,4.0
5681542,7.0,85.0,31.5,Unknown,2.0,48579.69,2.0,2.0
6514639,6.0,79.0,48.0,Unknown,2.0,15940.23,2.0,2.0
5752287,14.0,172.0,57.5,Unknown,2.0,49953.35,2.0,2.0
9614855,16.0,192.0,73.0,Male,2.0,123161.15,7.0,7.0
1124504,7.0,86.0,35.0,Unknown,2.0,15530.109999999995,1.0,1.0
2963272,15.0,191.0,35.0,Male,2.0,38292.72,2.0,2.0
5564971,5.0,65.0,61.5,Unknown,2.0,117568.36,7.0,7.0
6719077,16.0,202.0,66.0,Female,2.0,57784.34,7.0,7.0
6590766,16.0,194.0,51.5,Female,2.0,22082.74,2.0,2.0
9112504,9.0,111.0,50.0,Female,2.0,30818.78,1.0,2.0
729775,27.0,328.0,54.5,Female,3.0,25482.79,7.0,7.0
994565,24.0,288.0,64.0,Unknown,2.0,323520.37,6.0,6.0
9330612,23.0,280.0,62.5,Female,2.0,197519.84000000003,7.0,7.0
4417286,19.0,239.0,24.0,Female,2.0,16853.659999999996,5.0,5.0
2635502,5.0,66.0,32.0,Unknown,2.0,45844.19,3.0,3.0
6155367,8.0,100.0,71.0,Unknown,2.0,259844.27,3.0,3.0
4377857,14.0,172.0,42.5,Female,2.0,31155.13,6.0,6.0
8972564,9.0,115.0,35.0,Female,2.0,35098.07,7.0,7.0
2744337,19.0,228.0,44.0,Male,2.0,98454.1,7.0,7.0
1488889,22.0,269.0,48.5,Female,3.0,346511.07,5.0,5.0
6657048,8.0,96.0,54.0,Unknown,2.0,168683.90999999997,6.0,6.0
283080,14.0,168.0,35.0,Male,2.0,32463.59,3.0,3.0
5748089,16.0,199.0,37.0,Female,2.0,69025.28,7.0,7.0
399286,2.0,35.0,30.5,Unknown,2.0,15536.289999999995,7.0,7.0
7708339,8.0,102.0,24.0,Unknown,2.0,32173.98,4.0,4.0
706754,22.0,265.0,59.0,Female,2.0,16698.78,1.0,1.0
8719054,8.0,103.0,27.5,Unknown,3.0,38761.28,7.0,7.0
2198991,16.0,192.0,44.5,Male,2.0,108985.67,1.0,1.0
3993596,20.0,244.0,45.0,Male,2.0,87351.04,2.0,3.0
6455213,14.0,179.0,48.0,Male,2.0,46390.37,1.0,1.0
6294355,10.0,120.0,25.5,Male,2.0,19259.58,3.0,3.0
1836783,16.0,196.0,33.5,Female,2.0,38364.07,1.0,1.0
4719927,11.0,133.0,21.0,Male,3.0,49317.81,7.0,7.0
1814553,7.0,94.0,68.0,Unknown,2.0,155237.87,6.0,6.0
2371306,5.0,67.0,38.0,Unknown,2.0,17651.98,4.0,4.0
1190802,8.0,105.0,44.5,Female,2.0,97967.83,7.0,7.0
3777581,26.0,322.0,53.0,Unknown,2.0,37847.15,1.0,1.0
8081537,11.0,143.0,42.5,Female,2.0,96083.36,4.0,4.0
5732811,21.0,262.0,50.0,Female,2.0,23526.56,1.0,1.0
3676101,21.0,260.0,30.0,Female,3.0,34071.83,5.0,6.0
1627984,20.0,248.0,62.5,Male,2.0,68555.11,6.0,6.0
5757328,20.0,248.0,21.5,Female,2.0,25518.4,7.0,7.0
8041061,5.0,70.0,19.5,Unknown,2.0,42128.67999999999,1.0,1.0
4670336,16.0,192.0,38.0,Male,2.0,66783.32,7.0,7.0
4152566,10.0,130.0,25.5,Female,2.0,29444.19,4.0,4.0
4163905,8.0,99.0,25.5,Unknown,3.0,129345.43,7.0,7.0
5807372,12.0,148.0,40.0,Male,2.0,18575.82,1.0,2.0
842652,15.0,182.0,52.5,Unknown,3.0,109873.23,5.0,5.0
2578001,18.0,225.0,46.0,Male,2.0,70150.35,7.0,7.0
3632388,4.0,57.0,35.0,Male,2.0,89252.03,3.0,3.0
2600260,12.0,154.0,33.5,Male,3.0,39448.99,5.0,5.0
1275743,9.0,116.0,25.0,Female,2.0,45492.31,5.0,5.0
5257716,9.0,116.0,23.0,Female,2.0,19388.5,2.0,2.0
4525172,10.0,131.0,46.5,Male,2.0,38963.53999999999,7.0,7.0
6329982,18.0,224.0,57.0,Female,3.0,75443.6,4.0,4.0
787839,5.0,71.0,25.5,Unknown,2.0,32943.06,3.0,3.0
5050555,23.0,283.0,18.0,Male,4.0,84613.56,4.0,4.0
5824006,34.0,415.0,61.0,Male,2.0,227059.18,7.0,7.0
4118433,19.0,232.0,68.5,Female,2.0,67464.08,3.0,3.0
206731,5.0,71.0,20.5,Female,3.0,39937.01,3.0,3.0
5689769,7.0,85.0,26.5,Unknown,2.0,55792.59,7.0,7.0
8052728,6.0,74.0,23.5,Unknown,2.0,15364.64,3.0,3.0
6051348,8.0,101.0,56.5,Unknown,2.0,180366.4,5.0,5.0
7880341,5.0,67.0,29.0,Unknown,2.0,40175.87,7.0,7.0
6504050,16.0,200.0,54.5,Male,2.0,39491.44,2.0,2.0
1347001,6.0,72.0,52.5,Unknown,3.0,175505.52999999997,5.0,5.0
6395257,10.0,122.0,62.5,Female,2.0,109379.22,3.0,3.0
1763999,23.0,284.0,23.0,Male,3.0,135496.83000000002,2.0,3.0
5904569,12.0,148.0,60.5,Female,2.0,212135.15,7.0,7.0
7423366,17.0,211.0,60.0,Male,2.0,55102.43,4.0,4.0
3057493,10.0,130.0,39.5,Male,2.0,39630.44,7.0,7.0
7952757,14.0,179.0,57.0,Male,3.0,117780.93,7.0,7.0
5598965,20.0,251.0,65.0,Male,3.0,56086.76999999999,7.0,7.0
3387040,7.0,94.0,18.0,Unknown,3.0,65683.23999999999,2.0,2.0
4797881,5.0,70.0,25.5,Unknown,2.0,41814.08,2.0,2.0
5601740,22.0,275.0,71.5,Male,2.0,57247.23999999999,4.0,4.0
1689730,12.0,155.0,24.0,Female,2.0,14238.1,7.0,7.0
2531946,10.0,130.0,49.5,Female,2.0,84995.76,2.0,2.0
1326487,13.0,165.0,71.5,Male,2.0,92719.1,3.0,3.0
5353412,4.0,54.0,39.5,Female,2.0,72228.41,6.0,6.0
7317721,8.0,96.0,68.5,Unknown,2.0,24177.93,6.0,6.0
8511658,5.0,70.0,37.0,Unknown,2.0,56338.100000000006,6.0,6.0
3079876,6.0,77.0,25.5,Unknown,2.0,251854.58,7.0,7.0
3462397,6.0,81.0,19.0,Unknown,2.0,15233.0,5.0,5.0
1966377,7.0,94.0,46.5,Unknown,2.0,40861.36,4.0,4.0
9261304,10.0,128.0,51.5,Male,3.0,32685.5,1.0,1.0
889721,14.0,168.0,46.5,Male,2.0,52395.15,2.0,2.0
2988348,12.0,155.0,30.0,Unknown,2.0,33907.619999999995,7.0,7.0
5275937,16.0,192.0,36.5,Male,2.0,272237.62,7.0,7.0
5656482,10.0,131.0,51.0,Male,3.0,874694.2300000001,7.0,7.0
5733348,10.0,123.0,30.0,Male,2.0,182375.91,7.0,7.0
6984394,13.0,158.0,32.5,Female,2.0,29848.99,1.0,1.0
5129852,9.0,116.0,42.5,Male,2.0,1012666.63,5.0,5.0
2426839,12.0,152.0,49.5,Female,4.0,136779.4,3.0,3.0
8139782,18.0,216.0,69.0,Male,2.0,653293.28,6.0,6.0
9918613,21.0,257.0,39.5,Male,3.0,126437.31,7.0,7.0
4988627,18.0,216.0,27.5,Male,3.0,131121.78,2.0,2.0
6515574,17.0,210.0,63.0,Male,2.0,13814.289999999995,2.0,2.0
1437407,15.0,191.0,55.0,Female,2.0,24763.39,3.0,4.0
6898992,6.0,82.0,44.5,Unknown,2.0,27860.59,6.0,6.0
305444,8.0,104.0,34.0,Male,2.0,32357.47,4.0,4.0
7451609,4.0,56.0,48.5,Male,2.0,23062.42,1.0,1.0
6552719,7.0,87.0,39.0,Unknown,2.0,152582.15999999997,4.0,4.0
9716346,4.0,59.0,30.0,Unknown,2.0,16351.379999999996,1.0,1.0
6289839,6.0,76.0,21.5,Male,3.0,81411.78,7.0,7.0
529385,16.0,193.0,57.0,Unknown,2.0,76719.48,3.0,3.0
8131898,15.0,180.0,47.5,Male,2.0,153089.55,7.0,7.0
4813143,4.0,59.0,32.5,Unknown,2.0,24789.73,1.0,1.0
1103807,4.0,57.0,64.5,Unknown,2.0,43622.86,7.0,7.0
8864983,15.0,189.0,62.0,Male,2.0,53063.9,1.0,1.0
7369386,6.0,74.0,19.0,Unknown,4.0,26732.19,2.0,2.0
4174914,15.0,185.0,65.5,Female,4.0,76521.53,6.0,7.0
4908376,6.0,73.0,28.5,Unknown,2.0,29921.259999999995,5.0,5.0
132957,4.0,58.0,34.0,Male,2.0,40141.19,4.0,4.0
1776402,15.0,182.0,42.5,Female,2.0,184375.61,1.0,1.0
892689,16.0,197.0,63.5,Male,2.0,123853.53999999998,5.0,5.0
5374876,20.0,241.0,33.0,Female,4.0,158054.09999999998,5.0,5.0
9621334,20.0,240.0,22.0,Male,2.0,37511.17999999999,4.0,4.0
6248827,17.0,214.0,48.5,Unknown,2.0,184927.37,7.0,7.0
7370817,17.0,214.0,24.0,Female,2.0,49456.21,3.0,3.0
7897790,17.0,209.0,59.0,Female,2.0,31955.98,1.0,1.0
2605633,5.0,69.0,25.5,Unknown,3.0,43848.45,7.0,7.0
3625836,7.0,90.0,35.0,Unknown,2.0,14151.609999999995,5.0,5.0
8235327,16.0,193.0,71.5,Male,3.0,262217.41,7.0,7.0
8374216,9.0,108.0,32.0,Male,2.0,27702.09,2.0,2.0
158886,4.0,57.0,32.0,Unknown,2.0,31383.61,5.0,5.0
8711071,9.0,119.0,20.5,Female,2.0,21735.33,1.0,1.0
8731938,15.0,190.0,57.5,Male,2.0,27983.56,3.0,3.0
3671663,11.0,134.0,38.5,Female,2.0,33923.52,2.0,2.0
6386163,12.0,144.0,53.5,Female,2.0,35381.509999999995,4.0,4.0
3992603,6.0,79.0,42.5,Unknown,2.0,127519.03,5.0,5.0
4390114,12.0,146.0,33.0,Female,2.0,44663.0,1.0,1.0
2706846,9.0,116.0,27.5,Male,2.0,17056.75,2.0,2.0
5474613,5.0,71.0,18.0,Unknown,2.0,34419.11,2.0,2.0
2434642,10.0,122.0,34.5,Female,2.0,31548.22,1.0,1.0
5412027,4.0,58.0,41.0,Unknown,2.0,20588.13,2.0,2.0
1796948,6.0,73.0,21.0,Unknown,2.0,42327.56,2.0,2.0
3625569,21.0,263.0,66.5,Female,2.0,57270.0,4.0,4.0
2730221,20.0,248.0,62.5,Female,2.0,33647.92,3.0,4.0
1604063,20.0,245.0,56.5,Female,2.0,70500.53,3.0,3.0
7139732,18.0,221.0,47.5,Male,2.0,72766.13,5.0,5.0
2671945,12.0,154.0,28.5,Male,2.0,29497.81,4.0,4.0
5483768,15.0,180.0,50.5,Female,2.0,29122.89,3.0,3.0
8781839,31.0,374.0,45.0,Male,2.0,123465.8,5.0,5.0
5851390,7.0,88.0,64.0,Unknown,3.0,74484.7,4.0,5.0
5652074,8.0,97.0,22.0,Unknown,2.0,43102.88,4.0,4.0
6618853,7.0,84.0,26.5,Unknown,2.0,31626.050000000003,7.0,7.0
3860707,5.0,70.0,44.5,Unknown,2.0,71531.83,4.0,4.0
3659798,6.0,77.0,29.5,Unknown,3.0,38048.49,7.0,7.0
8840717,6.0,73.0,21.5,Unknown,2.0,36018.41,6.0,6.0
3533227,12.0,155.0,57.0,Male,3.0,101407.6,1.0,1.0
8479900,8.0,105.0,58.0,Female,2.0,19636.54,3.0,3.0
9230404,9.0,117.0,29.0,Female,2.0,22367.47,7.0,7.0
4886497,11.0,142.0,57.0,Female,2.0,125092.28999999998,6.0,6.0
42108,29.0,359.0,77.0,Female,2.0,122878.84,3.0,3.0
8245232,13.0,162.0,41.0,Female,2.0,173079.21999999997,2.0,2.0
4833106,7.0,90.0,21.5,Male,2.0,21810.21,2.0,2.0
4379933,5.0,71.0,56.0,Unknown,2.0,49750.71,5.0,5.0
3660628,13.0,157.0,34.5,Male,2.0,49577.19,2.0,2.0
2728727,13.0,161.0,64.0,Unknown,2.0,266675.22,5.0,5.0
1364267,4.0,58.0,22.0,Unknown,3.0,46083.95,3.0,3.0
5935819,24.0,299.0,54.0,Male,3.0,291714.68,4.0,4.0
6671082,23.0,283.0,38.5,Male,2.0,218771.58,4.0,4.0
9992565,21.0,258.0,46.5,Male,3.0,16970.89,3.0,3.0
2382256,6.0,79.0,33.5,Unknown,2.0,142730.02000000002,7.0,7.0
6904942,11.0,133.0,30.0,Male,2.0,504565.5,5.0,5.0
9335780,13.0,158.0,24.0,Male,2.0,32102.25,5.0,5.0
7821780,22.0,274.0,64.5,Male,3.0,104942.3,7.0,7.0
18449,12.0,154.0,56.0,Female,2.0,36313.23,3.0,3.0
6661630,24.0,291.0,61.5,Male,3.0,752371.81,6.0,6.0
301262,13.0,156.0,35.5,Male,2.0,131512.87,7.0,7.0
6580874,8.0,96.0,50.5,Unknown,2.0,394919.47,7.0,7.0
6605517,12.0,144.0,26.0,Male,2.0,18626.26,7.0,7.0
9930524,5.0,70.0,27.0,Unknown,2.0,34595.28,2.0,2.0
6386401,7.0,86.0,42.0,Unknown,2.0,56862.23999999999,7.0,7.0
5615856,5.0,70.0,20.0,Unknown,3.0,15677.509999999998,2.0,2.0
1560755,6.0,83.0,35.0,Unknown,4.0,67554.12,4.0,4.0
3295769,3.0,42.0,47.5,Unknown,2.0,265861.99,3.0,3.0
2521161,23.0,281.0,51.0,Female,3.0,190718.96,6.0,6.0
6564764,22.0,274.0,77.0,Female,2.0,261382.69,1.0,1.0
836755,20.0,246.0,38.5,Female,2.0,72570.15,5.0,5.0
6198488,17.0,206.0,66.5,Male,2.0,791055.13,3.0,3.0
6582168,8.0,106.0,32.5,Female,2.0,49545.75,7.0,7.0
3774547,14.0,172.0,29.0,Male,2.0,37493.03999999999,4.0,4.0
5824192,8.0,100.0,55.0,Unknown,2.0,16635.809999999998,1.0,1.0
5854533,9.0,108.0,26.0,Female,2.0,72350.17,2.0,2.0
864716,13.0,167.0,62.5,Female,2.0,166793.63,1.0,1.0
4177134,6.0,72.0,47.0,Unknown,2.0,31825.300000000003,2.0,2.0
8149613,8.0,100.0,53.0,Unknown,3.0,137203.3,4.0,4.0
4937961,15.0,187.0,38.5,Female,4.0,197296.72,7.0,7.0
6653701,12.0,148.0,30.5,Male,2.0,19264.0,7.0,7.0
3868729,15.0,184.0,53.5,Female,2.0,74398.76999999999,1.0,1.0
8959962,10.0,122.0,49.0,Female,2.0,47169.89,1.0,1.0
7831409,16.0,201.0,48.5,Female,2.0,19847.78,4.0,4.0
6830032,20.0,241.0,71.5,Female,2.0,20115.46,5.0,5.0
1338675,8.0,97.0,50.0,Unknown,2.0,21488.78,3.0,3.0
4471275,15.0,184.0,64.0,Female,2.0,22772.91,1.0,1.0
5375950,8.0,98.0,71.0,Male,2.0,144630.83000000002,4.0,4.0
1389281,13.0,160.0,48.5,Female,3.0,205024.06,4.0,4.0
83002,10.0,120.0,34.0,Female,2.0,29948.94,1.0,1.0
6425760,37.0,453.0,63.5,Male,3.0,780584.03,7.0,7.0
4553664,15.0,189.0,50.5,Female,2.0,16992.68,1.0,2.0
59889,15.0,191.0,42.0,Female,3.0,208759.09000000003,5.0,5.0
5467330,5.0,68.0,38.0,Unknown,2.0,23924.03,2.0,2.0
7858724,8.0,97.0,68.0,Unknown,2.0,29236.33,5.0,5.0
480174,5.0,64.0,25.0,Unknown,2.0,32535.1,7.0,7.0
1560017,26.0,319.0,71.5,Female,2.0,57444.87,1.0,1.0
796611,29.0,348.0,55.0,Male,3.0,125835.72999999998,7.0,7.0
9510987,8.0,100.0,26.0,Male,2.0,19166.41,6.0,6.0
3073222,34.0,411.0,84.5,Male,3.0,440140.32,7.0,7.0
369817,13.0,162.0,23.0,Female,2.0,18863.15,4.0,4.0
2380752,14.0,179.0,23.0,Female,2.0,29958.41,4.0,4.0
9755938,7.0,85.0,36.5,Unknown,2.0,34176.77,1.0,1.0
1716213,14.0,179.0,35.0,Male,2.0,28532.92,2.0,2.0
7274607,23.0,287.0,50.5,Female,2.0,58493.54000000001,2.0,2.0
4842880,18.0,222.0,51.5,Male,4.0,519260.59,7.0,7.0
5911438,13.0,166.0,55.5,Male,2.0,132489.52000000002,6.0,6.0
4107878,12.0,152.0,26.0,Female,2.0,57895.15,5.0,5.0
6806195,7.0,88.0,62.0,Unknown,2.0,16204.859999999995,2.0,2.0
3647241,13.0,167.0,35.5,Male,2.0,55002.13,3.0,3.0
8288293,5.0,66.0,58.0,Unknown,2.0,19487.22,4.0,4.0
8974590,10.0,130.0,60.5,Female,2.0,345724.07,5.0,5.0
9440866,14.0,173.0,29.0,Female,2.0,33856.99,1.0,1.0
2044144,5.0,60.0,22.5,Unknown,2.0,38321.26,6.0,6.0
6359674,13.0,157.0,67.5,Male,3.0,504119.33,7.0,7.0
3054555,15.0,181.0,59.0,Female,2.0,57719.08,3.0,3.0
8033691,11.0,137.0,30.0,Male,4.0,164934.44,7.0,7.0
9723535,7.0,89.0,34.0,Unknown,2.0,26396.46,2.0,2.0
5287925,15.0,189.0,55.0,Female,2.0,375737.91,7.0,7.0
5428935,12.0,144.0,68.0,Male,2.0,19016.84,7.0,7.0
91462,4.0,58.0,30.0,Unknown,2.0,31794.02,2.0,2.0
5164275,22.0,275.0,43.0,Male,2.0,37142.44,2.0,2.0
688559,22.0,269.0,29.0,Male,3.0,37057.22,4.0,4.0
7576451,5.0,69.0,46.5,Unknown,2.0,23425.44,2.0,2.0
5539303,14.0,168.0,38.5,Male,2.0,23598.119999999995,2.0,2.0
5432680,12.0,150.0,26.5,Unknown,2.0,44788.8,7.0,7.0
6136735,5.0,66.0,19.5,Unknown,2.0,36919.06,2.0,2.0
2192174,5.0,71.0,25.0,Female,2.0,41751.32,5.0,6.0
8412125,8.0,107.0,42.0,Male,2.0,29373.93,3.0,3.0
3805699,16.0,202.0,74.0,Male,2.0,54949.32,7.0,7.0
7225939,6.0,75.0,26.5,Male,2.0,16545.85,2.0,2.0
3328284,5.0,68.0,35.0,Male,2.0,61786.01,4.0,4.0
3115675,15.0,184.0,49.5,Male,2.0,92412.47,7.0,7.0
3972966,15.0,190.0,60.5,Male,3.0,279921.02,6.0,6.0
449567,9.0,115.0,33.5,Female,2.0,104887.5,2.0,2.0
8574677,4.0,58.0,27.5,Unknown,2.0,40423.65,1.0,1.0
319006,10.0,120.0,22.5,Female,2.0,57341.69,2.0,2.0
3454687,5.0,61.0,57.5,Unknown,2.0,51452.78,1.0,1.0
5562307,5.0,60.0,23.5,Unknown,3.0,148261.14,6.0,6.0
9139622,20.0,250.0,43.5,Male,2.0,24228.36,4.0,4.0
9533046,6.0,75.0,32.5,Unknown,4.0,287980.15,3.0,3.0
584123,9.0,119.0,34.5,Female,2.0,24905.8,2.0,2.0
3572086,12.0,145.0,60.5,Male,2.0,129671.37,2.0,2.0
2217924,4.0,59.0,21.5,Female,2.0,23858.38,6.0,6.0
5357811,10.0,126.0,23.5,Male,3.0,36443.41,7.0,7.0
7364414,29.0,352.0,48.5,Female,2.0,35512.399999999994,2.0,2.0
2251131,14.0,179.0,70.5,Male,2.0,264609.78,7.0,7.0
8106301,13.0,166.0,45.5,Female,2.0,46618.56,2.0,2.0
6284859,6.0,81.0,48.0,Unknown,2.0,108433.72,6.0,6.0
5754834,5.0,68.0,35.5,Female,2.0,21757.49,3.0,3.0
1703415,21.0,252.0,56.5,Male,2.0,160660.15000000002,6.0,6.0
4036764,13.0,157.0,66.5,Unknown,2.0,355190.45,7.0,7.0
6211658,6.0,74.0,25.5,Unknown,3.0,49076.91,7.0,7.0
5363951,26.0,318.0,52.5,Female,4.0,408554.47,6.0,6.0
4183014,7.0,93.0,52.0,Unknown,2.0,64859.41,7.0,7.0
846562,27.0,335.0,20.0,Unknown,2.0,17637.6,3.0,3.0
7803130,9.0,108.0,57.5,Male,2.0,67626.03,1.0,1.0
5010593,29.0,349.0,23.5,Female,2.0,36048.03,3.0,3.0
2780200,6.0,79.0,85.0,Unknown,2.0,193473.67,4.0,4.0
5978904,4.0,59.0,25.0,Female,2.0,146915.75,6.0,6.0
9069825,11.0,143.0,29.0,Female,2.0,21050.67,4.0,4.0
5135086,13.0,167.0,24.5,Male,2.0,35551.81,3.0,3.0
9721756,17.0,210.0,54.0,Male,2.0,428957.33,7.0,7.0
7586851,5.0,60.0,62.5,Unknown,2.0,1821353.62,7.0,7.0
4195507,4.0,58.0,38.5,Unknown,3.0,41832.67,3.0,3.0
7308038,7.0,84.0,27.0,Unknown,2.0,25739.63,1.0,1.0
3719565,12.0,144.0,40.5,Male,2.0,154915.01,7.0,7.0
8619235,6.0,79.0,19.0,Unknown,2.0,44337.95,1.0,1.0
7226312,11.0,133.0,30.5,Male,2.0,83891.70999999999,4.0,4.0
6249949,14.0,178.0,24.5,Female,2.0,48937.05,3.0,3.0
295553,13.0,160.0,62.5,Male,2.0,17229.659999999996,4.0,4.0
749007,6.0,73.0,35.0,Unknown,2.0,317927.79,5.0,5.0
4876938,24.0,292.0,38.5,Female,4.0,134028.19,7.0,7.0
3008427,21.0,262.0,58.5,Female,2.0,63300.26999999999,2.0,2.0
9587438,21.0,259.0,50.0,Male,3.0,44261.38,7.0,7.0
6736922,20.0,251.0,40.5,Male,2.0,41998.17999999999,7.0,7.0
4795272,15.0,189.0,38.5,Male,2.0,167628.96999999997,2.0,2.0
615008,8.0,107.0,28.0,Female,2.0,37389.77,7.0,7.0
1751347,4.0,58.0,29.5,Unknown,2.0,37162.91,4.0,4.0
6312032,16.0,195.0,47.0,Male,3.0,149435.74,5.0,5.0
3550083,27.0,324.0,61.0,Male,2.0,87260.43,1.0,1.0
2766506,9.0,118.0,56.0,Male,2.0,23943.58,2.0,2.0
318730,7.0,85.0,53.0,Unknown,2.0,77253.88,1.0,1.0
6666607,11.0,139.0,38.0,Male,3.0,155883.28999999998,7.0,7.0
4628816,6.0,75.0,19.5,Unknown,3.0,81505.06,4.0,4.0
8953472,8.0,96.0,26.5,Unknown,2.0,36705.92,2.0,2.0
5785265,27.0,327.0,65.5,Female,3.0,2147808.14,2.0,3.0
414990,4.0,59.0,58.0,Unknown,2.0,40430.83,3.0,3.0
5210094,14.0,174.0,42.5,Female,2.0,18437.17,4.0,4.0
9085259,11.0,136.0,40.0,Female,2.0,105693.7,6.0,6.0
3324097,24.0,288.0,71.0,Female,2.0,112345.74,2.0,2.0
7688178,23.0,283.0,64.5,Male,3.0,442059.49,4.0,4.0
411452,22.0,273.0,52.5,Male,2.0,435638.21,7.0,7.0
8880696,19.0,237.0,43.0,Male,3.0,140832.09999999998,4.0,4.0
1642974,15.0,190.0,62.0,Male,2.0,155165.08000000002,4.0,4.0
5363438,8.0,106.0,58.5,Female,2.0,61569.28,1.0,1.0
5108717,16.0,200.0,58.5,Male,2.0,17305.1,1.0,1.0
979527,9.0,109.0,48.0,Female,2.0,46493.26,2.0,2.0
195323,18.0,221.0,52.5,Female,2.0,13806.37,7.0,7.0
5159707,4.0,58.0,45.5,Unknown,2.0,38186.06,3.0,3.0
6370993,14.0,178.0,54.0,Male,3.0,2298129.84,3.0,3.0
9540494,5.0,71.0,18.5,Unknown,2.0,30253.52,5.0,5.0
8912020,7.0,84.0,26.5,Unknown,2.0,44955.46,2.0,2.0
2145180,8.0,96.0,21.5,Unknown,2.0,138565.28,6.0,6.0
6347253,15.0,191.0,59.5,Male,2.0,74263.35,1.0,1.0
5617750,15.0,190.0,47.5,Male,2.0,28488.28,1.0,1.0
2299120,16.0,195.0,47.0,Female,4.0,586917.51,3.0,3.0
7481260,13.0,161.0,31.0,Male,2.0,116246.69,2.0,2.0
2664966,13.0,157.0,68.5,Male,2.0,49180.23,3.0,3.0
3397232,17.0,214.0,41.0,Unknown,3.0,46619.93,7.0,7.0
2100963,14.0,174.0,36.0,Male,2.0,18584.65,2.0,2.0
9111678,6.0,77.0,52.5,Unknown,2.0,652565.86,7.0,7.0
870311,16.0,196.0,30.5,Male,2.0,102747.15,4.0,4.0
1618582,5.0,61.0,35.0,Male,2.0,46481.3,6.0,6.0
855755,8.0,107.0,26.5,Female,2.0,72170.29000000001,7.0,7.0
6202023,9.0,117.0,49.0,Female,2.0,111826.92,3.0,3.0
7161326,8.0,106.0,55.0,Male,2.0,46295.17999999999,1.0,1.0
2915853,6.0,72.0,26.0,Unknown,2.0,22819.48,2.0,2.0
6009931,13.0,166.0,38.0,Male,2.0,46774.3,6.0,6.0
6825940,15.0,182.0,39.5,Female,2.0,40948.65,7.0,7.0
2927180,13.0,167.0,61.0,Male,2.0,30924.99,3.0,3.0
471158,9.0,119.0,60.0,Female,2.0,17341.12,1.0,1.0
2668318,10.0,127.0,40.5,Female,2.0,31280.04,5.0,5.0
4644372,28.0,346.0,51.0,Female,2.0,197816.58,6.0,6.0
9007103,6.0,76.0,68.0,Unknown,2.0,22981.69,4.0,4.0
9068569,6.0,74.0,55.5,Male,2.0,55740.31,3.0,4.0
4416722,12.0,153.0,26.0,Male,2.0,22299.0,6.0,6.0
9061429,6.0,80.0,20.5,Unknown,2.0,87795.91,5.0,5.0
6738700,5.0,71.0,25.5,Unknown,3.0,191456.99,2.0,3.0
9865460,11.0,141.0,61.0,Female,2.0,289010.01,4.0,4.0
1630264,29.0,350.0,48.5,Male,4.0,404804.3,6.0,6.0
6611137,12.0,146.0,53.5,Female,2.0,22553.53,1.0,1.0
2323883,5.0,64.0,52.5,Unknown,2.0,30380.17,6.0,6.0
8952756,13.0,157.0,48.0,Unknown,2.0,177290.45,1.0,1.0
3580109,13.0,163.0,30.5,Male,3.0,56062.47,1.0,1.0
3510484,24.0,291.0,53.0,Female,2.0,30505.2,3.0,3.0
6262422,21.0,252.0,36.5,Female,2.0,112790.61,2.0,2.0
7815980,20.0,250.0,53.5,Unknown,2.0,207475.73,5.0,5.0
9429183,6.0,82.0,31.5,Unknown,2.0,52952.18,3.0,3.0
873035,4.0,52.0,39.5,Female,2.0,49403.5,6.0,6.0
2622961,8.0,106.0,30.5,Male,2.0,44484.14,1.0,1.0
3208281,6.0,82.0,20.0,Unknown,2.0,70126.07,7.0,7.0
3312441,9.0,109.0,41.5,Male,2.0,166538.41999999998,7.0,7.0
7811480,27.0,335.0,20.0,Male,2.0,122827.12,7.0,7.0
176935,9.0,108.0,47.5,Female,3.0,157436.63,4.0,5.0
1756289,11.0,134.0,37.5,Male,2.0,33856.78999999999,1.0,1.0
6572961,15.0,187.0,30.0,Female,2.0,42359.03999999999,6.0,6.0
4751421,9.0,113.0,29.0,Female,2.0,261909.19,4.0,4.0
8119813,12.0,155.0,29.5,Female,2.0,33257.73,7.0,7.0
7563548,6.0,74.0,23.0,Unknown,2.0,18461.84,5.0,5.0
3778117,8.0,103.0,19.0,Unknown,3.0,33454.32,6.0,6.0
6363905,14.0,169.0,41.0,Female,2.0,56350.91,4.0,4.0
7525129,33.0,406.0,68.0,Female,2.0,28374.03,3.0,3.0
3392516,8.0,101.0,41.0,Unknown,2.0,32283.79,3.0,3.0
6416922,13.0,157.0,20.5,Male,2.0,41297.6,1.0,2.0
3416819,4.0,59.0,21.5,Unknown,3.0,58839.82000000001,5.0,5.0
1452942,5.0,65.0,31.5,Unknown,2.0,21745.41,4.0,4.0
5242629,6.0,81.0,40.5,Unknown,2.0,289246.79,5.0,5.0
3250056,6.0,82.0,36.5,Unknown,2.0,25682.22,5.0,5.0
6330893,15.0,180.0,40.0,Female,2.0,62256.01,4.0,4.0
8011593,10.0,124.0,57.0,Male,2.0,95309.27,1.0,1.0
4496228,11.0,136.0,66.0,Female,2.0,45405.3,3.0,3.0
6615497,16.0,195.0,38.5,Male,2.0,67500.43,2.0,2.0
732289,13.0,161.0,37.5,Male,2.0,55892.81,7.0,7.0
8061747,13.0,156.0,70.0,Male,2.0,42927.17,4.0,4.0
2961747,7.0,86.0,48.5,Unknown,2.0,92322.56,2.0,2.0
387152,10.0,128.0,55.5,Female,2.0,105647.24,7.0,7.0
7264963,9.0,109.0,19.0,Female,3.0,27657.39,7.0,7.0
10434,16.0,194.0,74.0,Male,2.0,1371542.37,1.0,2.0
2374968,5.0,68.0,29.5,Unknown,3.0,240498.19,5.0,5.0
9616518,13.0,156.0,25.5,Male,2.0,71645.62,1.0,1.0
7080264,8.0,107.0,56.5,Male,2.0,38874.65,2.0,2.0
801948,11.0,143.0,31.5,Female,2.0,109883.24,4.0,4.0
5838698,20.0,251.0,71.5,Female,3.0,272911.7,7.0,7.0
3018040,20.0,250.0,38.0,Unknown,2.0,118260.31,2.0,2.0
5217527,19.0,231.0,50.0,Female,3.0,64644.37,4.0,4.0
2609035,9.0,118.0,51.0,Female,2.0,32702.24,1.0,1.0
3275077,15.0,190.0,49.0,Female,3.0,35941.11,3.0,3.0
4182582,11.0,143.0,37.0,Female,2.0,55824.67,7.0,7.0
4602831,16.0,192.0,55.0,Male,2.0,41195.01,7.0,7.0
1690677,6.0,75.0,16.0,Unknown,2.0,24744.14,3.0,3.0
7375366,7.0,85.0,41.5,Unknown,3.0,22211.81,3.0,3.0
4166599,31.0,376.0,51.0,Male,3.0,453049.76,6.0,6.0
6485414,13.0,157.0,28.0,Male,2.0,78179.16,7.0,7.0
1369442,15.0,191.0,58.5,Female,2.0,85103.4,2.0,2.0
437253,20.0,241.0,52.5,Female,3.0,23981.3,7.0,7.0
9293007,13.0,166.0,46.0,Male,2.0,60800.32000000001,1.0,1.0
6638573,6.0,72.0,27.5,Unknown,2.0,26954.36,4.0,4.0
9066962,4.0,59.0,45.5,Unknown,2.0,38928.12,1.0,1.0
6247666,15.0,191.0,50.0,Male,2.0,30348.19,5.0,5.0
6055297,15.0,190.0,30.5,Male,2.0,41674.95,2.0,2.0
3234902,24.0,299.0,63.0,Female,2.0,19141.94,2.0,2.0
6229314,20.0,243.0,54.5,Male,3.0,645427.89,7.0,7.0
222273,19.0,238.0,58.5,Male,3.0,177284.68,6.0,6.0
4055639,19.0,234.0,56.5,Female,3.0,73218.03,3.0,3.0
6712065,9.0,108.0,20.0,Female,2.0,19121.75,3.0,3.0
260570,4.0,59.0,26.0,Unknown,2.0,32579.910000000003,1.0,1.0
7348729,7.0,91.0,57.0,Female,3.0,73680.47,3.0,6.0
4407790,7.0,92.0,28.0,Unknown,2.0,16916.94,7.0,7.0
5967847,6.0,72.0,31.5,Unknown,2.0,32317.73,5.0,5.0
4892969,4.0,53.0,53.0,Unknown,2.0,68997.91,3.0,3.0
6650569,11.0,136.0,62.5,Male,2.0,17587.19,3.0,3.0
3005521,28.0,339.0,59.5,Male,3.0,262745.21,7.0,7.0
4192470,8.0,105.0,41.0,Male,2.0,20657.31,6.0,6.0
828964,10.0,131.0,42.5,Male,2.0,59577.45,4.0,4.0
216741,4.0,59.0,27.5,Unknown,2.0,658056.4500000001,6.0,6.0
8332865,26.0,317.0,21.5,Female,3.0,23794.69,2.0,2.0
5931708,23.0,285.0,87.5,Female,2.0,60232.76,3.0,3.0
8663194,22.0,270.0,37.5,Female,3.0,44759.58,4.0,4.0
2344307,15.0,191.0,52.0,Female,3.0,167635.87,6.0,6.0
2039272,14.0,179.0,61.0,Male,2.0,36330.15,5.0,5.0
4858219,5.0,68.0,24.5,Unknown,2.0,51739.51,5.0,5.0
7334283,4.0,58.0,41.5,Unknown,2.0,27157.93,7.0,7.0
9264658,15.0,189.0,46.0,Male,2.0,39072.98,2.0,2.0
5820852,12.0,154.0,55.5,Female,2.0,103182.18,6.0,6.0
5356625,33.0,396.0,57.5,Female,2.0,142361.33000000002,4.0,4.0
8547904,8.0,98.0,61.0,Unknown,3.0,410123.72,7.0,7.0
7556259,6.0,78.0,16.5,Unknown,2.0,17700.3,1.0,1.0
2604994,15.0,182.0,48.5,Male,2.0,50701.9,3.0,3.0
9357934,9.0,111.0,54.0,Female,2.0,58741.09,3.0,3.0
7318630,5.0,71.0,72.5,Unknown,2.0,42069.37,6.0,6.0
3774912,11.0,140.0,41.0,Female,2.0,58303.72,4.0,4.0
3492589,11.0,141.0,50.5,Male,3.0,124327.25,3.0,3.0
4639583,32.0,391.0,73.5,Female,2.0,139428.78,6.0,6.0
6949146,9.0,109.0,45.0,Female,2.0,64942.70999999999,7.0,7.0
7567971,33.0,403.0,27.0,Male,2.0,25650.22,3.0,3.0
2468883,5.0,65.0,20.5,Unknown,2.0,33668.7,1.0,1.0
7635355,16.0,192.0,66.5,Male,3.0,507512.75,7.0,7.0
9037753,28.0,336.0,74.0,Female,2.0,356352.41,3.0,3.0
3660060,4.0,58.0,47.5,Unknown,2.0,30141.17,5.0,5.0
320445,13.0,160.0,29.0,Male,2.0,40613.71,3.0,4.0
3070065,4.0,58.0,17.5,Unknown,2.0,15750.509999999998,2.0,2.0
6912264,4.0,56.0,19.0,Unknown,4.0,36048.16,7.0,7.0
9050715,28.0,345.0,67.0,Female,3.0,1345102.79,3.0,6.0
4702085,21.0,255.0,73.0,Male,2.0,209575.17,7.0,7.0
3124178,19.0,236.0,66.5,Female,2.0,37888.49,1.0,1.0
1340555,6.0,73.0,17.5,Unknown,2.0,35183.09,7.0,7.0
2129340,13.0,162.0,71.5,Male,2.0,17569.109999999997,2.0,2.0
909557,8.0,106.0,43.0,Female,2.0,53676.52,4.0,4.0
8930975,7.0,92.0,73.0,Unknown,2.0,185247.09000000003,4.0,4.0
2726608,6.0,82.0,50.0,Unknown,2.0,408469.44,2.0,2.0
2025921,12.0,149.0,26.5,Male,2.0,85742.18,7.0,7.0
2633149,5.0,70.0,22.5,Unknown,2.0,21625.07,1.0,1.0
2934278,5.0,62.0,62.5,Unknown,2.0,141822.41999999998,7.0,7.0
1449893,12.0,149.0,67.5,Male,2.0,441695.98,5.0,5.0
3142742,6.0,77.0,38.0,Unknown,2.0,295636.32,5.0,5.0
1416053,10.0,121.0,64.0,Female,2.0,91483.24,2.0,2.0
668111,14.0,179.0,39.5,Male,3.0,127201.41,7.0,7.0
1831832,17.0,207.0,54.0,Female,2.0,18752.95,2.0,2.0
8526269,21.0,260.0,61.5,Male,2.0,1071044.63,5.0,5.0
4713784,15.0,191.0,48.5,Male,2.0,28038.009999999995,1.0,1.0
1137590,15.0,186.0,39.0,Male,2.0,41857.59,2.0,2.0
4319659,11.0,142.0,36.0,Female,2.0,52387.91,1.0,1.0
1858473,6.0,72.0,26.5,Unknown,2.0,21837.05,4.0,4.0
6593366,9.0,119.0,24.5,Female,2.0,52653.49,7.0,7.0
8642620,4.0,56.0,47.0,Female,2.0,22191.36,5.0,5.0
5222358,12.0,153.0,25.0,Female,4.0,96584.32,6.0,6.0
6458564,27.0,333.0,80.5,Unknown,2.0,333873.26,2.0,2.0
2160397,8.0,97.0,34.0,Unknown,2.0,172367.02000000002,4.0,4.0
4041169,16.0,193.0,32.5,Female,2.0,19943.88,1.0,1.0
3780349,9.0,112.0,32.5,Male,2.0,36634.73,2.0,2.0
9864258,5.0,65.0,61.5,Unknown,2.0,192244.19,3.0,3.0
3819382,18.0,216.0,50.0,Male,2.0,73330.84,7.0,7.0
6596340,16.0,203.0,60.0,Female,3.0,44623.61,5.0,5.0
3749673,6.0,73.0,15.5,Unknown,2.0,37271.32,2.0,2.0
1318532,11.0,141.0,52.5,Male,2.0,95909.63,1.0,1.0
8216549,19.0,233.0,34.5,Female,2.0,109280.14,3.0,3.0
1968126,22.0,272.0,52.0,Male,2.0,57590.2,1.0,1.0
6295706,23.0,277.0,65.0,Female,2.0,21899.75,4.0,4.0
4667870,18.0,226.0,68.5,Female,3.0,369205.63,7.0,7.0
2799182,17.0,208.0,44.0,Male,3.0,411568.63,7.0,7.0
9268321,16.0,194.0,34.0,Female,2.0,102466.85,1.0,2.0
7559116,18.0,220.0,58.0,Female,2.0,129558.32,1.0,1.0
1537385,7.0,90.0,57.5,Unknown,2.0,25452.22,1.0,1.0
6945264,8.0,107.0,31.0,Female,3.0,75045.18,6.0,6.0
3776158,22.0,275.0,51.5,Female,2.0,185470.68,4.0,4.0
6316011,13.0,158.0,32.5,Male,2.0,18057.56,3.0,3.0
4969340,11.0,142.0,53.5,Female,2.0,77870.01,4.0,4.0
8069707,5.0,70.0,20.0,Unknown,2.0,27122.82,6.0,6.0
884308,8.0,107.0,39.0,Male,2.0,286908.97,2.0,2.0
3434312,8.0,104.0,23.5,Male,2.0,29570.009999999995,7.0,7.0
3393358,5.0,69.0,30.0,Unknown,2.0,37083.25,3.0,3.0
9748163,4.0,58.0,23.5,Unknown,3.0,33855.28,3.0,3.0
5516763,12.0,154.0,62.5,Unknown,2.0,35876.27,1.0,1.0
2903615,5.0,69.0,33.5,Unknown,2.0,101857.17,7.0,7.0
9114993,10.0,131.0,46.0,Male,2.0,128852.26,5.0,5.0
194602,23.0,285.0,66.5,Male,4.0,337856.82,5.0,5.0
4754605,23.0,277.0,22.5,Female,2.0,22582.86,1.0,1.0
5568573,22.0,264.0,62.0,Female,3.0,280546.7,7.0,7.0
9291746,20.0,241.0,52.0,Male,3.0,423602.98,7.0,7.0
7763485,32.0,392.0,56.5,Male,2.0,35466.28,3.0,3.0
8320255,23.0,285.0,63.5,Female,2.0,34434.35,4.0,4.0
3560124,11.0,140.0,47.5,Male,2.0,53708.98,2.0,2.0
7678427,27.0,324.0,51.5,Female,2.0,113359.45,7.0,7.0
9738652,12.0,148.0,27.0,Male,2.0,56136.34,4.0,4.0
3958328,7.0,86.0,60.0,Unknown,2.0,25418.96,4.0,4.0
3218294,14.0,179.0,68.5,Female,3.0,128261.93,7.0,7.0
6665412,6.0,73.0,44.0,Unknown,2.0,46147.88,4.0,4.0
3321676,11.0,132.0,30.5,Female,2.0,36596.19,7.0,7.0
1249833,27.0,324.0,53.0,Male,2.0,251495.43,2.0,2.0
6138081,5.0,70.0,44.5,Unknown,2.0,35312.24,4.0,4.0
3075879,7.0,89.0,54.0,Unknown,2.0,69005.93,7.0,7.0
5887681,5.0,70.0,48.5,Unknown,2.0,17653.35,1.0,1.0
185443,13.0,164.0,35.0,Male,2.0,40533.84,3.0,3.0
7376712,4.0,48.0,60.5,Unknown,2.0,245956.32,7.0,7.0
1625833,14.0,177.0,46.5,Male,2.0,43277.65,2.0,2.0
6949513,15.0,189.0,31.5,Female,2.0,53019.18,5.0,5.0
7275155,22.0,269.0,49.0,Female,3.0,92219.77,5.0,5.0
345953,20.0,242.0,47.5,Male,3.0,98095.34,7.0,7.0
7040387,12.0,150.0,24.5,Male,2.0,87962.55,2.0,2.0
3252245,29.0,358.0,53.5,Male,3.0,711513.9600000001,7.0,7.0
4368573,34.0,418.0,64.0,Male,2.0,58595.62,3.0,3.0
517907,9.0,116.0,59.5,Male,2.0,81114.2,2.0,2.0
401114,15.0,182.0,43.5,Female,2.0,101424.1,7.0,7.0
5807453,12.0,154.0,61.5,Female,2.0,55105.15,1.0,1.0
1239642,18.0,225.0,48.0,Male,2.0,160080.43,3.0,4.0
2371725,9.0,118.0,55.5,Male,2.0,64916.69,1.0,1.0
5064377,15.0,180.0,55.5,Female,2.0,113100.73,3.0,3.0
1146413,5.0,60.0,16.5,Unknown,2.0,15062.259999999998,7.0,7.0
1485336,9.0,111.0,31.5,Female,2.0,26009.75,2.0,2.0
3300678,5.0,71.0,63.0,Unknown,2.0,58105.34,4.0,4.0
1340623,13.0,166.0,35.0,Male,2.0,121709.49,2.0,2.0
8828708,9.0,108.0,43.5,Female,2.0,76416.28,3.0,3.0
823328,29.0,349.0,66.5,Male,3.0,489199.4,5.0,5.0
8017549,4.0,53.0,50.0,Unknown,2.0,21368.55,2.0,2.0
5458979,21.0,257.0,57.5,Female,2.0,24208.02,2.0,2.0
1130023,15.0,189.0,40.5,Female,2.0,14111.46,3.0,3.0
8757815,12.0,155.0,60.0,Female,2.0,89429.28,1.0,1.0
7801677,25.0,308.0,46.0,Female,2.0,24830.41,5.0,5.0
1783344,22.0,270.0,43.5,Female,2.0,52846.93,1.0,1.0
3395389,23.0,286.0,20.5,Female,2.0,48944.21,6.0,6.0
73690,21.0,259.0,62.0,Female,2.0,461055.69,3.0,3.0
4280156,18.0,220.0,18.5,Female,3.0,273909.02,5.0,5.0
9497379,6.0,79.0,25.0,Unknown,2.0,50663.98,1.0,2.0
3832071,14.0,178.0,22.0,Female,2.0,53238.01,2.0,2.0
576854,7.0,90.0,46.5,Unknown,2.0,45776.46,2.0,2.0
1066250,15.0,189.0,54.0,Female,2.0,71311.54000000001,1.0,1.0
9722999,12.0,145.0,44.5,Male,2.0,74566.37,2.0,2.0
4280978,16.0,198.0,52.0,Male,2.0,28477.66,3.0,3.0
9439946,7.0,95.0,43.5,Unknown,2.0,62710.78,3.0,3.0
1660538,9.0,108.0,54.0,Male,2.0,24111.95,2.0,2.0
5058751,6.0,79.0,25.0,Unknown,2.0,28224.3,1.0,1.0
5729235,14.0,176.0,55.5,Male,2.0,35048.38,1.0,1.0
6921148,33.0,406.0,64.0,Male,3.0,86229.16,4.0,4.0
8103400,12.0,144.0,39.0,Female,2.0,50112.72,6.0,6.0
9805284,11.0,142.0,43.5,Male,2.0,69986.09,2.0,2.0
3418061,8.0,97.0,57.5,Female,2.0,182293.1,3.0,3.0
5414072,13.0,159.0,36.0,Male,2.0,88377.87,6.0,6.0
7224877,5.0,66.0,24.0,Female,3.0,26349.06,7.0,7.0
9104399,10.0,124.0,41.0,Female,2.0,25182.42,4.0,4.0
9919535,6.0,79.0,55.5,Unknown,3.0,152063.81,5.0,5.0
5245610,6.0,72.0,57.0,Unknown,2.0,105362.13,1.0,1.0
7222853,7.0,86.0,56.0,Unknown,2.0,36905.83,2.0,2.0
8795879,15.0,181.0,49.5,Female,2.0,19708.51,1.0,1.0
2002328,31.0,375.0,46.5,Female,2.0,53843.9,3.0,3.0
4122408,14.0,169.0,60.5,Female,2.0,20617.84,5.0,5.0
4801332,5.0,71.0,36.5,Unknown,3.0,46015.92,1.0,1.0
7117692,21.0,254.0,56.5,Female,2.0,17876.489999999998,3.0,3.0
9162377,18.0,221.0,39.0,Male,2.0,77647.54000000001,3.0,4.0
3890916,21.0,252.0,49.5,Male,2.0,106351.12,2.0,2.0
4692223,10.0,126.0,55.0,Female,2.0,123105.69,3.0,3.0
115355,4.0,59.0,35.0,Male,2.0,98409.24,1.0,1.0
5296127,6.0,78.0,22.0,Unknown,2.0,15502.059999999998,1.0,1.0
6300068,11.0,137.0,87.5,Female,2.0,129096.46,5.0,5.0
6819553,14.0,173.0,40.5,Female,2.0,151255.52999999997,4.0,4.0
9245580,8.0,97.0,67.5,Female,2.0,66975.32,7.0,7.0
5754423,12.0,152.0,29.0,Female,2.0,129385.56,6.0,6.0
5230348,5.0,64.0,29.0,Unknown,2.0,17209.05,2.0,2.0
7096626,14.0,173.0,35.5,Female,2.0,26425.36,4.0,4.0
677189,6.0,79.0,48.0,Unknown,4.0,73875.06,4.0,4.0
686916,5.0,60.0,23.5,Unknown,2.0,28460.1,3.0,3.0
3865878,9.0,118.0,66.5,Male,2.0,152720.21000000002,4.0,4.0
7731380,13.0,166.0,61.5,Male,2.0,33079.2,2.0,2.0
7372115,4.0,59.0,29.0,Unknown,2.0,20629.61,3.0,4.0
4582531,6.0,74.0,59.0,Unknown,2.0,21664.48,7.0,7.0
2231652,12.0,154.0,35.5,Male,3.0,771193.0900000001,4.0,4.0
4413584,6.0,77.0,50.0,Unknown,2.0,24929.0,3.0,3.0
7131269,13.0,162.0,67.0,Female,2.0,337568.59,7.0,7.0
2794727,14.0,171.0,50.0,Male,4.0,124700.99,7.0,7.0
5231334,18.0,220.0,52.0,Female,2.0,418372.88,7.0,7.0
4485530,13.0,161.0,70.0,Male,2.0,17052.82,5.0,5.0
8292903,4.0,56.0,22.5,Unknown,3.0,78793.82,7.0,7.0
5061590,10.0,127.0,67.0,Female,2.0,110224.67,1.0,3.0
5468943,4.0,57.0,26.5,Unknown,2.0,33164.16,3.0,3.0
673977,15.0,181.0,31.0,Male,3.0,48200.89,7.0,7.0
9664250,7.0,95.0,60.0,Unknown,2.0,28275.54,2.0,2.0
793306,13.0,166.0,29.5,Female,2.0,30471.47,7.0,7.0
683034,15.0,183.0,45.5,Female,4.0,289931.69,5.0,5.0
6257416,15.0,189.0,69.5,Female,2.0,156426.52000000002,1.0,1.0
6941745,16.0,193.0,63.0,Female,3.0,136040.41,7.0,7.0
9145727,14.0,178.0,36.0,Male,2.0,70692.0,5.0,5.0
5315767,14.0,170.0,48.0,Female,3.0,54632.45,7.0,7.0
150273,8.0,106.0,40.5,Female,2.0,29935.17,1.0,1.0
3199521,7.0,84.0,26.5,Unknown,2.0,51134.38,1.0,1.0
2601673,16.0,199.0,32.5,Male,2.0,62203.82000000001,7.0,7.0
6482344,5.0,71.0,65.5,Unknown,2.0,100441.34,6.0,6.0
9901650,11.0,134.0,44.0,Male,2.0,71504.37,4.0,4.0
9557278,11.0,137.0,26.0,Male,2.0,83363.88,2.0,2.0
9085965,22.0,269.0,73.0,Male,3.0,118694.34,7.0,7.0
4156588,9.0,108.0,30.0,Male,3.0,52652.35,7.0,7.0
6605435,9.0,109.0,41.0,Female,2.0,34329.78999999999,3.0,3.0
9930761,5.0,70.0,33.5,Unknown,2.0,39774.42,4.0,4.0
2962035,6.0,73.0,29.5,Female,2.0,28526.04,5.0,5.0
3337057,10.0,120.0,42.5,Female,2.0,36000.73,3.0,3.0
2570581,19.0,229.0,52.0,Female,2.0,35838.73,3.0,3.0
8976968,4.0,59.0,37.0,Unknown,2.0,451900.67,7.0,7.0
505221,5.0,60.0,32.5,Male,2.0,36350.81,5.0,5.0
683433,10.0,128.0,32.0,Male,2.0,59703.59,7.0,7.0
7973505,9.0,116.0,50.5,Female,3.0,160498.68,1.0,1.0
8122822,4.0,58.0,52.5,Unknown,2.0,214342.33,2.0,2.0
4989567,6.0,73.0,42.5,Female,2.0,15591.28,3.0,3.0
5755255,11.0,137.0,31.5,Male,3.0,90767.47,5.0,5.0
9482106,7.0,94.0,48.5,Unknown,2.0,75377.61,4.0,4.0
5110869,6.0,75.0,28.0,Unknown,2.0,28318.53,1.0,1.0
2451796,23.0,278.0,58.5,Male,3.0,621788.4400000001,5.0,5.0
6751563,22.0,265.0,55.5,Unknown,3.0,242103.2,4.0,4.0
4685239,21.0,253.0,51.0,Male,5.0,1372397.73,4.0,4.0
846419,24.0,293.0,57.0,Female,2.0,133944.22999999998,2.0,2.0
1041416,15.0,185.0,37.5,Female,2.0,85592.66,1.0,3.0
10552,11.0,140.0,23.0,Female,2.0,21846.14,3.0,3.0
2072229,12.0,148.0,59.0,Female,2.0,157353.77999999997,7.0,7.0
8190517,10.0,131.0,44.5,Male,3.0,66816.19,6.0,6.0
8623034,14.0,178.0,57.0,Female,2.0,76659.92,7.0,7.0
5887846,6.0,73.0,51.0,Unknown,2.0,25887.57,2.0,2.0
2992628,13.0,157.0,28.5,Female,2.0,33985.78999999999,6.0,6.0
9550349,12.0,144.0,47.5,Male,2.0,21730.23,1.0,1.0
9528053,8.0,105.0,70.0,Female,3.0,77929.72,7.0,7.0
5372138,6.0,74.0,23.0,Unknown,2.0,40626.17,7.0,7.0
7732281,7.0,95.0,58.0,Unknown,2.0,72795.57,7.0,7.0
2913789,15.0,189.0,30.5,Female,2.0,58754.76999999999,7.0,7.0
3809205,9.0,113.0,52.0,Male,2.0,257206.78,3.0,3.0
4675951,9.0,109.0,42.0,Unknown,2.0,62185.92999999999,2.0,2.0
3173529,7.0,84.0,25.0,Unknown,2.0,20237.02,7.0,7.0
2813441,6.0,82.0,61.5,Unknown,2.0,31561.119999999995,1.0,1.0
6806407,4.0,58.0,23.5,Unknown,4.0,68844.33,7.0,7.0
5648753,14.0,174.0,42.0,Female,2.0,25175.58,6.0,6.0
5868518,4.0,58.0,56.5,Female,3.0,36303.78,2.0,2.0
4567822,9.0,108.0,43.5,Male,2.0,103046.19,2.0,2.0
8682331,6.0,72.0,51.5,Unknown,2.0,24108.83,3.0,3.0
6672135,11.0,141.0,54.0,Male,2.0,33633.259999999995,3.0,3.0
1049802,25.0,300.0,42.0,Male,3.0,103813.79,7.0,7.0
4402927,17.0,215.0,72.5,Female,2.0,51836.16,7.0,7.0
7411825,8.0,107.0,56.5,Female,2.0,156148.03999999998,4.0,4.0
6369596,6.0,83.0,47.5,Unknown,2.0,39533.28999999999,2.0,2.0
5282728,4.0,57.0,50.0,Unknown,2.0,22277.24,2.0,2.0
9670900,4.0,58.0,49.5,Unknown,3.0,96639.57,6.0,6.0
5487729,13.0,166.0,66.5,Male,2.0,60894.28,4.0,4.0
3498902,11.0,142.0,64.0,Female,2.0,37125.75,2.0,2.0
9782605,5.0,67.0,43.5,Unknown,3.0,309612.46,7.0,7.0
6676037,11.0,136.0,28.5,Male,3.0,56090.08,7.0,7.0
632452,8.0,98.0,24.0,Unknown,2.0,78021.28,7.0,7.0
2685682,6.0,81.0,40.5,Unknown,2.0,15276.78,1.0,1.0
8312574,7.0,95.0,21.5,Unknown,3.0,131967.93,7.0,7.0
6836174,11.0,142.0,33.0,Female,2.0,101899.97,1.0,1.0
9819232,15.0,189.0,50.0,Male,2.0,23055.8,2.0,2.0
1109599,15.0,184.0,66.0,Female,2.0,96782.46,7.0,7.0
5312485,22.0,267.0,45.5,Female,2.0,51606.13,7.0,7.0
9037115,20.0,248.0,51.5,Male,3.0,750899.28,6.0,6.0
2364794,12.0,144.0,44.5,Male,2.0,19333.41,7.0,7.0
3693934,9.0,119.0,46.5,Male,3.0,91050.09,4.0,4.0
8089635,15.0,181.0,24.5,Male,2.0,92326.24,2.0,2.0
6949642,16.0,193.0,74.0,Male,2.0,182425.98,2.0,2.0
5440514,5.0,67.0,31.0,Unknown,2.0,17674.629999999997,3.0,3.0
2137340,6.0,81.0,17.0,Unknown,2.0,118493.49,1.0,1.0
1255711,14.0,178.0,41.0,Male,2.0,42326.47,6.0,6.0
1580270,7.0,85.0,51.5,Unknown,2.0,26165.42,3.0,3.0
8004525,15.0,184.0,31.5,Female,2.0,72503.76,1.0,1.0
5290620,22.0,269.0,64.5,Male,3.0,952809.1,1.0,1.0
9030871,5.0,64.0,49.5,Female,2.0,48081.16,1.0,1.0
5919169,30.0,370.0,55.5,Female,3.0,114844.47,5.0,5.0
2413045,2.0,35.0,68.5,Unknown,2.0,27032.21,3.0,3.0
1226845,13.0,156.0,65.0,Male,2.0,652195.06,6.0,6.0
4741447,14.0,179.0,51.0,Male,2.0,26107.5,3.0,3.0
270212,8.0,105.0,38.0,Male,3.0,284337.42,4.0,4.0
9882401,13.0,166.0,73.0,Female,2.0,25330.42,4.0,4.0
6587249,22.0,264.0,38.5,Male,2.0,37731.67,3.0,3.0
6820024,19.0,237.0,57.5,Female,2.0,42718.88,3.0,3.0
9868599,32.0,394.0,61.5,Female,3.0,923856.01,3.0,3.0
7875618,4.0,59.0,52.0,Unknown,3.0,289655.46,7.0,7.0
5949831,6.0,76.0,32.0,Unknown,3.0,29081.7,7.0,7.0
3482236,6.0,77.0,76.0,Unknown,2.0,81367.27,4.0,4.0
5336949,15.0,180.0,63.0,Female,2.0,31667.68,2.0,2.0
931883,13.0,160.0,47.0,Male,2.0,33206.009999999995,3.0,3.0
3591727,6.0,81.0,34.0,Unknown,2.0,68831.94,2.0,3.0
168860,13.0,161.0,25.5,Female,2.0,20776.41,4.0,4.0
7914344,12.0,147.0,33.5,Male,2.0,20493.21,4.0,4.0
3063140,12.0,144.0,56.5,Male,2.0,20163.61,4.0,4.0
1779211,5.0,61.0,54.5,Unknown,2.0,63648.380000000005,7.0,7.0
5169973,14.0,169.0,20.0,Male,2.0,54910.3,7.0,7.0
590938,14.0,170.0,27.0,Male,2.0,48326.9,1.0,1.0
85834,11.0,140.0,70.0,Male,2.0,72478.2,3.0,3.0
8618513,6.0,82.0,67.0,Unknown,2.0,67745.81,3.0,3.0
6722418,19.0,232.0,52.0,Male,3.0,767680.53,7.0,7.0
5510539,16.0,200.0,49.5,Male,3.0,516777.59,7.0,7.0
308962,7.0,95.0,41.5,Female,2.0,25278.45,7.0,7.0
9821848,8.0,99.0,74.0,Unknown,2.0,222105.52,6.0,7.0
8556601,6.0,77.0,36.0,Female,2.0,22113.0,3.0,3.0
9115779,15.0,189.0,45.0,Unknown,2.0,17050.329999999998,2.0,2.0
5512280,6.0,79.0,32.5,Unknown,2.0,98527.68,1.0,1.0
3411771,11.0,134.0,75.0,Unknown,2.0,17850.78,2.0,2.0
1135270,5.0,70.0,22.0,Unknown,2.0,28122.41,7.0,7.0
5971165,14.0,171.0,59.0,Male,3.0,21256.13,6.0,6.0
3085231,6.0,75.0,41.0,Female,2.0,51704.76,1.0,1.0
6403786,9.0,117.0,37.5,Male,2.0,609335.02,7.0,7.0
439058,4.0,59.0,25.0,Unknown,2.0,15244.55,6.0,6.0
652766,7.0,95.0,28.0,Unknown,2.0,19900.39,1.0,1.0
2280890,5.0,66.0,29.0,Unknown,2.0,65792.26,5.0,5.0
3653312,6.0,80.0,44.5,Unknown,2.0,26034.02,7.0,7.0
9789213,12.0,150.0,25.0,Female,2.0,16355.649999999998,3.0,3.0
9887958,7.0,86.0,35.5,Female,2.0,47508.46,5.0,5.0
4840962,6.0,73.0,23.0,Unknown,2.0,26450.63,1.0,1.0
5588063,9.0,112.0,55.0,Male,2.0,20395.45,3.0,3.0
6379574,8.0,96.0,26.5,Unknown,2.0,25540.24,5.0,5.0
1083524,5.0,70.0,23.5,Female,2.0,56145.41,5.0,5.0
5089254,12.0,154.0,20.0,Unknown,2.0,56428.5,5.0,5.0
1929641,4.0,58.0,41.5,Male,2.0,133598.97,3.0,3.0
7592071,6.0,81.0,54.5,Female,2.0,36823.39,5.0,5.0
2700020,7.0,89.0,24.0,Unknown,3.0,34534.49,5.0,5.0
7381944,7.0,92.0,25.0,Male,2.0,15564.39,6.0,6.0
1266421,13.0,164.0,33.0,Male,3.0,27701.79,2.0,3.0
1541813,5.0,67.0,36.0,Unknown,3.0,100758.53,7.0,7.0
9024223,13.0,160.0,31.5,Female,2.0,112741.72,7.0,7.0
8997430,14.0,174.0,29.5,Male,3.0,612455.3300000001,4.0,4.0
4057254,10.0,127.0,65.0,Male,3.0,83625.36,7.0,7.0
2244927,12.0,154.0,39.5,Female,2.0,36403.42999999999,7.0,7.0
3262702,16.0,194.0,44.5,Male,2.0,37997.07,2.0,2.0
6862333,13.0,166.0,61.0,Female,2.0,73361.95,3.0,3.0
4417987,21.0,258.0,30.5,Female,2.0,133788.53,7.0,7.0
379169,13.0,156.0,41.0,Female,2.0,173626.5,7.0,7.0
3516127,25.0,303.0,49.5,Female,3.0,360160.55,4.0,4.0
9187968,26.0,317.0,61.0,Female,2.0,323216.26,6.0,6.0
8555897,3.0,38.0,53.5,Unknown,2.0,44369.41,2.0,2.0
2088388,7.0,87.0,27.5,Unknown,2.0,284363.65,6.0,6.0
8574921,8.0,107.0,59.0,Female,2.0,577607.99,5.0,5.0
8831263,15.0,183.0,51.0,Male,2.0,123728.31,1.0,2.0
7125007,28.0,337.0,67.5,Female,2.0,35607.59,3.0,3.0
2353655,6.0,72.0,29.5,Unknown,2.0,32471.44,4.0,4.0
2693865,7.0,94.0,29.5,Unknown,3.0,44597.49,6.0,6.0
2195913,11.0,141.0,63.5,Male,2.0,118269.33,7.0,7.0
5558943,5.0,67.0,73.0,Unknown,2.0,114748.72,3.0,3.0
5968841,9.0,109.0,28.5,Unknown,3.0,191047.96,4.0,4.0
5388697,14.0,178.0,51.5,Female,2.0,69309.26,5.0,5.0
9828385,6.0,82.0,36.5,Unknown,3.0,111413.05,5.0,5.0
8201571,11.0,142.0,43.5,Female,2.0,59967.86,4.0,4.0
2810953,6.0,83.0,44.0,Unknown,2.0,418348.11,4.0,4.0
5188515,14.0,172.0,44.5,Male,2.0,71399.79000000001,1.0,1.0
9558304,4.0,48.0,39.5,Unknown,2.0,27944.93,2.0,2.0
3295101,5.0,71.0,49.0,Unknown,3.0,57317.51999999999,4.0,4.0
2008644,5.0,68.0,63.0,Unknown,3.0,207595.34000000003,7.0,7.0
5612662,5.0,70.0,34.0,Unknown,2.0,23811.509999999995,2.0,2.0
7655473,23.0,287.0,75.5,Female,2.0,18319.73,2.0,2.0
2387459,21.0,263.0,57.5,Female,2.0,48448.28,6.0,6.0
4147986,21.0,261.0,42.0,Female,2.0,36842.95,5.0,5.0
26763,19.0,232.0,52.0,Male,3.0,228449.78,2.0,2.0
643411,15.0,189.0,35.0,Unknown,2.0,22433.78,4.0,4.0
4639529,3.0,44.0,59.5,Unknown,2.0,38229.2,3.0,3.0
5917418,4.0,58.0,54.0,Unknown,2.0,20700.6,3.0,3.0
8601599,13.0,161.0,33.5,Male,3.0,50673.46,7.0,7.0
377735,6.0,82.0,54.5,Unknown,2.0,35570.619999999995,4.0,4.0
799044,24.0,293.0,52.0,Male,4.0,184470.91,7.0,7.0
5613202,10.0,131.0,54.0,Male,2.0,26530.02,2.0,2.0
6215147,14.0,176.0,34.5,Female,2.0,59356.47,7.0,7.0
7433869,13.0,167.0,29.5,Male,2.0,106263.85,3.0,4.0
842648,16.0,195.0,59.0,Female,2.0,43946.9,3.0,3.0
3621208,4.0,57.0,60.5,Female,2.0,488244.91,7.0,7.0
9055647,4.0,51.0,44.0,Unknown,2.0,36255.17,5.0,5.0
7901677,27.0,330.0,52.5,Female,4.0,201032.59000000003,2.0,2.0
694216,2.0,34.0,14.5,Unknown,2.0,20186.47,5.0,5.0
6986665,7.0,84.0,30.0,Unknown,3.0,38920.95,7.0,7.0
4610180,7.0,94.0,58.5,Unknown,2.0,268703.31,1.0,1.0
7745167,16.0,195.0,58.5,Male,2.0,47815.27,6.0,6.0
4404593,9.0,118.0,48.5,Female,2.0,52809.29,1.0,1.0
2388579,8.0,106.0,57.5,Female,2.0,40938.33,1.0,1.0
751964,8.0,97.0,32.0,Unknown,2.0,61644.42999999999,4.0,4.0
5109963,6.0,74.0,31.5,Unknown,2.0,30439.93,7.0,7.0
1113994,15.0,189.0,32.5,Male,2.0,102157.62,3.0,3.0
575584,27.0,334.0,53.0,Female,3.0,83043.81,2.0,3.0
5213376,19.0,233.0,54.0,Male,3.0,214515.6,7.0,7.0
8201623,14.0,174.0,35.5,Female,2.0,119846.27,7.0,7.0
1591985,5.0,60.0,27.5,Unknown,3.0,17998.379999999997,7.0,7.0
9634438,9.0,109.0,37.0,Male,2.0,16966.94,4.0,4.0
9065745,5.0,60.0,29.0,Unknown,2.0,19438.28,1.0,1.0
119488,6.0,79.0,16.5,Female,2.0,18487.3,6.0,6.0
6521557,4.0,53.0,27.5,Male,3.0,28307.44,7.0,7.0
4360344,4.0,59.0,33.5,Male,2.0,32256.009999999995,6.0,6.0
6307194,13.0,157.0,20.5,Unknown,2.0,27624.02,7.0,7.0
8495156,8.0,106.0,27.0,Male,4.0,240902.43,6.0,6.0
3491485,21.0,254.0,64.0,Female,2.0,226377.22,7.0,7.0
1205590,33.0,397.0,56.5,Female,3.0,53543.72,2.0,2.0
1569108,7.0,93.0,63.0,Unknown,2.0,49712.67,4.0,4.0
7895249,11.0,141.0,69.5,Female,3.0,163629.56,7.0,7.0
4255723,13.0,166.0,25.5,Male,2.0,84906.67,7.0,7.0
191585,14.0,169.0,57.5,Female,2.0,15710.379999999996,5.0,5.0
6130719,15.0,189.0,53.5,Male,2.0,91049.46,2.0,2.0
584700,5.0,71.0,21.5,Male,4.0,67013.07,6.0,6.0
6585067,13.0,165.0,48.0,Female,2.0,23006.759999999995,3.0,3.0
3267096,21.0,253.0,62.0,Female,2.0,154588.66999999998,3.0,3.0
9333353,18.0,225.0,58.0,Female,3.0,56205.04000000001,7.0,7.0
2802016,14.0,179.0,24.0,Female,2.0,23845.83,7.0,7.0
4135968,13.0,157.0,28.5,Male,2.0,37359.96,6.0,6.0
1482460,9.0,116.0,57.5,Male,4.0,332269.56,7.0,7.0
2981452,14.0,178.0,56.0,Male,2.0,28165.81,3.0,3.0
1387758,7.0,84.0,24.0,Unknown,2.0,45266.96,7.0,7.0
8388431,12.0,144.0,46.0,Male,2.0,243383.51,2.0,2.0
8674999,4.0,59.0,61.5,Male,2.0,29449.91,3.0,4.0
498606,8.0,106.0,31.5,Female,2.0,54691.47,6.0,6.0
459935,24.0,299.0,54.5,Male,3.0,362053.74,7.0,7.0
7846038,23.0,285.0,58.0,Female,3.0,646375.39,7.0,7.0
1213280,21.0,257.0,60.0,Female,3.0,183774.23,6.0,6.0
1829628,18.0,223.0,64.5,Male,2.0,42619.89,7.0,7.0
2158937,5.0,64.0,58.0,Unknown,2.0,21969.88,1.0,1.0
550715,7.0,90.0,33.5,Unknown,2.0,47593.57,3.0,3.0
3537540,5.0,63.0,58.5,Unknown,2.0,202265.24,7.0,7.0
8808130,19.0,230.0,40.5,Female,2.0,209312.41,2.0,2.0
5622410,29.0,355.0,61.0,Male,2.0,84627.23,7.0,7.0
2630719,13.0,163.0,22.0,Male,2.0,15672.94,1.0,1.0
7744069,7.0,89.0,30.5,Unknown,2.0,192257.89,2.0,2.0
8861195,12.0,146.0,49.5,Male,2.0,40377.89,7.0,7.0
9050999,13.0,162.0,36.5,Male,4.0,612554.0900000001,7.0,7.0
9638619,6.0,82.0,21.0,Unknown,2.0,20425.95,2.0,2.0
1010218,5.0,70.0,43.5,Unknown,2.0,27446.07,2.0,2.0
947549,25.0,310.0,56.5,Male,2.0,1932814.58,7.0,7.0
3353847,5.0,70.0,19.0,Unknown,2.0,15262.78,3.0,3.0
647379,16.0,195.0,48.0,Male,2.0,256138.86,1.0,1.0
3274656,11.0,140.0,67.5,Male,2.0,229516.85,7.0,7.0
8331958,9.0,118.0,38.0,Female,2.0,20833.78,1.0,1.0
3645041,7.0,89.0,22.0,Unknown,2.0,32463.57,1.0,1.0
4689834,4.0,58.0,20.5,Unknown,2.0,17990.71,7.0,7.0
2875367,12.0,146.0,28.5,Female,2.0,37129.51,1.0,1.0
4301045,11.0,133.0,53.0,Female,2.0,22527.46,4.0,4.0
519446,8.0,106.0,41.0,Male,2.0,45116.38,4.0,4.0
5549261,14.0,168.0,57.0,Female,2.0,50424.05,6.0,6.0
4759704,30.0,367.0,54.5,Female,2.0,206387.47,5.0,5.0
4351940,13.0,166.0,58.0,Male,2.0,46018.42,5.0,5.0
2766340,22.0,264.0,55.5,Female,3.0,374981.83,6.0,6.0
6105156,20.0,251.0,51.0,Female,2.0,62277.19,6.0,6.0
5151765,17.0,215.0,51.5,Male,3.0,37858.1,7.0,7.0
1315642,7.0,88.0,26.5,Unknown,2.0,45552.65,1.0,1.0
6074749,13.0,167.0,59.0,Female,2.0,25088.57,1.0,1.0
7381889,6.0,77.0,53.0,Unknown,2.0,48198.05,1.0,1.0
1866850,6.0,72.0,28.5,Unknown,2.0,48056.04,3.0,3.0
965785,5.0,65.0,62.5,Unknown,2.0,94459.9,6.0,6.0
9443177,15.0,183.0,54.0,Female,2.0,670977.04,2.0,2.0
7552172,12.0,151.0,36.5,Unknown,2.0,114527.74,2.0,2.0
1764633,8.0,107.0,30.5,Male,2.0,55511.63,7.0,7.0
1443247,5.0,70.0,53.0,Unknown,2.0,22384.58,1.0,2.0
3281536,15.0,189.0,32.5,Male,2.0,28510.14,5.0,5.0
9914556,4.0,56.0,29.5,Unknown,2.0,23318.03,1.0,1.0
972991,4.0,51.0,82.0,Male,2.0,73730.59,7.0,7.0
8819342,8.0,103.0,41.5,Male,2.0,41179.28,2.0,2.0
110198,25.0,305.0,83.5,Female,2.0,132393.82,7.0,7.0
3997370,4.0,56.0,51.5,Unknown,2.0,17714.649999999998,1.0,1.0
1187046,6.0,81.0,46.0,Unknown,2.0,60017.65,3.0,3.0
7908041,22.0,275.0,80.0,Female,2.0,42877.83,7.0,7.0
6851590,22.0,269.0,52.0,Female,3.0,71842.14,3.0,4.0
3763110,21.0,253.0,55.5,Female,2.0,34418.91,4.0,4.0
9849518,19.0,228.0,58.5,Male,2.0,19775.9,2.0,2.0
4014679,17.0,212.0,46.0,Male,3.0,122631.84,7.0,7.0
1894,8.0,98.0,37.5,Unknown,2.0,53990.3,2.0,2.0
8280765,3.0,36.0,50.0,Unknown,2.0,32048.35,4.0,4.0
7140696,14.0,174.0,34.5,Female,2.0,52791.32,6.0,6.0
6084166,15.0,190.0,36.0,Female,2.0,26535.93,1.0,1.0
8498903,5.0,65.0,56.5,Male,2.0,102467.6,7.0,7.0
4947591,8.0,107.0,32.5,Male,2.0,19621.79,1.0,1.0
9727182,12.0,150.0,41.5,Male,2.0,61991.64,3.0,3.0
6713294,12.0,152.0,31.5,Male,2.0,112822.1,2.0,2.0
9348008,15.0,190.0,57.0,Male,2.0,88592.51,6.0,6.0
7309034,12.0,155.0,49.5,Male,2.0,349582.21,3.0,3.0
2491752,5.0,68.0,48.5,Unknown,2.0,163934.68,6.0,6.0
5936179,19.0,238.0,41.0,Male,2.0,173867.57,2.0,2.0
4233575,26.0,314.0,43.5,Unknown,2.0,40812.98,3.0,3.0
1700613,5.0,61.0,41.5,Unknown,2.0,84369.63,5.0,5.0
8736281,10.0,123.0,55.5,Male,2.0,36316.97,7.0,7.0
7455219,32.0,394.0,72.5,Female,2.0,34768.009999999995,1.0,1.0
2548481,5.0,67.0,50.5,Male,2.0,74627.58,7.0,7.0
4766222,12.0,152.0,54.0,Female,2.0,42867.78999999999,3.0,3.0
1396153,4.0,58.0,27.5,Unknown,2.0,32341.84,3.0,3.0
5367899,5.0,70.0,28.0,Unknown,3.0,24530.94,7.0,7.0
2721315,10.0,126.0,60.0,Female,2.0,1004838.91,5.0,5.0
4796362,6.0,76.0,42.5,Female,2.0,25376.03,1.0,1.0
9303418,8.0,107.0,22.5,Female,3.0,184915.88,3.0,3.0
259490,9.0,110.0,72.5,Male,2.0,379129.17,5.0,5.0
9590789,15.0,181.0,52.0,Female,2.0,14018.079999999998,4.0,4.0
2208808,9.0,108.0,27.0,Unknown,4.0,224534.03,7.0,7.0
5496485,4.0,55.0,49.0,Male,2.0,98424.66,6.0,6.0
999465,21.0,253.0,72.0,Male,3.0,1082273.2,7.0,7.0
8547612,5.0,64.0,22.0,Unknown,2.0,18627.74,2.0,2.0
1058969,13.0,159.0,51.5,Female,2.0,31403.75,7.0,7.0
2322835,13.0,156.0,39.5,Unknown,2.0,28615.95,2.0,2.0
8374668,8.0,103.0,50.0,Unknown,2.0,396894.13,2.0,2.0
3396982,8.0,102.0,49.0,Unknown,2.0,66708.85,2.0,2.0
6009047,8.0,97.0,20.0,Unknown,2.0,20684.57,1.0,1.0
5469981,8.0,103.0,59.5,Female,2.0,61886.48999999999,6.0,6.0
8190890,7.0,94.0,29.5,Unknown,2.0,43409.83,7.0,7.0
437635,21.0,254.0,34.0,Unknown,3.0,74068.37,7.0,7.0
9004847,4.0,55.0,19.0,Female,3.0,38172.07,5.0,5.0
5801004,11.0,133.0,30.5,Female,2.0,52233.6,4.0,4.0
6141117,10.0,121.0,34.0,Female,3.0,49532.82,7.0,7.0
5256328,8.0,100.0,19.5,Unknown,3.0,73614.76,7.0,7.0
676316,5.0,69.0,53.0,Male,2.0,44199.64,3.0,3.0
7535049,8.0,102.0,62.5,Unknown,2.0,16754.19,1.0,1.0
4631220,7.0,84.0,26.5,Unknown,2.0,45254.45,1.0,1.0
2167228,5.0,67.0,18.5,Unknown,2.0,129672.5,7.0,7.0
9105314,14.0,170.0,53.5,Female,2.0,56951.22,2.0,2.0
1773456,12.0,153.0,70.0,Male,2.0,104328.54,4.0,4.0
5254172,12.0,154.0,40.5,Female,2.0,33279.49,3.0,3.0
3280109,15.0,185.0,59.0,Female,2.0,13791.8,7.0,7.0
5879789,15.0,182.0,61.5,Male,2.0,125637.91999999998,1.0,2.0
3976961,11.0,138.0,57.5,Female,3.0,309931.22,1.0,1.0
4288327,8.0,97.0,23.0,Unknown,2.0,24704.36,3.0,3.0
5732063,9.0,117.0,67.5,Male,2.0,87899.02,5.0,5.0
2467750,8.0,104.0,61.5,Female,2.0,132189.05,7.0,7.0
8866857,21.0,262.0,64.0,Female,2.0,63997.51999999999,3.0,3.0
551773,21.0,253.0,55.5,Female,4.0,658110.9,3.0,3.0
9245360,20.0,247.0,55.5,Female,3.0,66738.22,5.0,5.0
2397895,20.0,242.0,41.0,Female,2.0,22159.85,2.0,2.0
8983223,6.0,73.0,33.5,Unknown,2.0,57382.78,6.0,6.0
1378840,16.0,197.0,21.0,Female,3.0,32522.25,6.0,6.0
548959,15.0,181.0,75.5,Female,2.0,13881.35,1.0,2.0
5913473,12.0,150.0,61.5,Female,2.0,94846.25,7.0,7.0
9119441,21.0,253.0,62.0,Female,2.0,86740.66,7.0,7.0
8904355,13.0,163.0,68.0,Male,2.0,24771.73,3.0,3.0
9971262,5.0,71.0,25.0,Unknown,2.0,14329.82,7.0,7.0
7062996,5.0,71.0,21.5,Unknown,2.0,29388.119999999995,7.0,7.0
3072617,8.0,102.0,22.5,Unknown,3.0,110210.34,7.0,7.0
366261,16.0,202.0,67.5,Female,2.0,20335.59,1.0,1.0
3974768,15.0,191.0,62.5,Female,2.0,181544.91,4.0,4.0
3284800,14.0,173.0,46.5,Male,3.0,716598.28,3.0,3.0
4093635,10.0,131.0,66.5,Female,2.0,43121.58,1.0,1.0
2862881,28.0,345.0,57.0,Female,2.0,34061.53,2.0,2.0
5705662,7.0,94.0,54.0,Unknown,2.0,33929.45,4.0,5.0
7888494,13.0,160.0,46.5,Male,2.0,98010.6,3.0,3.0
8517197,22.0,268.0,51.0,Male,2.0,70312.97,5.0,5.0
395287,23.0,280.0,61.5,Unknown,2.0,191145.58,2.0,2.0
8780630,6.0,79.0,23.5,Unknown,2.0,48695.51,7.0,7.0
2207030,7.0,93.0,51.5,Unknown,2.0,443914.0,3.0,3.0
7522457,4.0,59.0,58.0,Unknown,2.0,59626.95999999999,5.0,5.0
3607371,11.0,133.0,28.5,Male,2.0,66579.66,7.0,7.0
6448326,15.0,189.0,42.0,Female,2.0,16752.589999999997,1.0,1.0
9571042,6.0,82.0,24.0,Unknown,2.0,23546.06,5.0,5.0
3283184,10.0,128.0,34.0,Male,2.0,101622.7,5.0,5.0
1686024,5.0,68.0,50.5,Unknown,2.0,86116.0,7.0,7.0
171133,28.0,347.0,65.5,Female,3.0,134908.13,6.0,6.0
7240062,5.0,68.0,45.5,Unknown,2.0,49233.08,1.0,1.0
2524795,25.0,304.0,48.5,Male,2.0,22785.2,4.0,4.0
4168845,4.0,58.0,47.0,Unknown,3.0,366806.48,2.0,2.0
8963668,30.0,369.0,60.5,Male,2.0,78942.01,1.0,1.0
2849829,12.0,145.0,49.5,Female,2.0,30308.54,7.0,7.0
3740583,8.0,98.0,30.5,Unknown,4.0,203964.11,7.0,7.0
3726474,13.0,158.0,45.5,Male,2.0,25974.55,6.0,6.0
4728580,5.0,71.0,58.0,Unknown,3.0,72605.01999999999,7.0,7.0
8863706,23.0,284.0,39.0,Female,2.0,127872.91,7.0,7.0
3171043,21.0,262.0,38.5,Male,2.0,49262.03,6.0,6.0
3807621,20.0,246.0,53.5,Male,3.0,155024.11,5.0,5.0
1208142,20.0,245.0,43.0,Female,3.0,34548.5,3.0,3.0
7833813,19.0,228.0,48.0,Male,2.0,24746.09,2.0,2.0
6788087,18.0,226.0,87.5,Male,2.0,451226.85,2.0,2.0
7886346,11.0,142.0,50.5,Female,2.0,23069.0,1.0,1.0
7461430,13.0,156.0,30.5,Male,2.0,69290.23,1.0,1.0
7513864,10.0,123.0,31.0,Male,3.0,64350.11,7.0,7.0
8655161,19.0,233.0,43.0,Female,2.0,105030.47,7.0,7.0
1811343,12.0,147.0,52.5,Unknown,2.0,80595.92,3.0,3.0
8907765,4.0,59.0,51.0,Unknown,3.0,100285.49,3.0,3.0
1979606,12.0,152.0,56.5,Female,2.0,76951.67,1.0,1.0
6820398,7.0,84.0,45.5,Unknown,2.0,28102.34,4.0,4.0
3177026,5.0,69.0,58.5,Unknown,2.0,235702.73,2.0,2.0
2220665,19.0,236.0,39.5,Female,2.0,20513.93,2.0,2.0
5770428,8.0,97.0,27.0,Unknown,2.0,35187.53999999999,7.0,7.0
7859274,11.0,139.0,23.0,Male,2.0,68149.39,7.0,7.0
7319751,5.0,67.0,23.5,Male,3.0,90448.0,6.0,6.0
4214229,3.0,39.0,34.5,Unknown,2.0,14766.859999999995,3.0,3.0
4298362,12.0,155.0,52.0,Female,2.0,56319.98999999999,1.0,1.0
3233334,4.0,56.0,49.5,Unknown,2.0,126009.09999999998,2.0,2.0
157842,6.0,82.0,49.5,Unknown,2.0,50501.21,5.0,5.0
4558679,11.0,140.0,46.5,Male,3.0,392066.67,7.0,7.0
2333944,12.0,149.0,61.5,Male,2.0,127950.45,2.0,2.0
5199031,6.0,83.0,75.0,Unknown,2.0,53551.62,4.0,4.0
4557100,15.0,184.0,34.5,Female,2.0,23091.04,7.0,7.0
970479,19.0,238.0,49.0,Male,2.0,257264.79,7.0,7.0
7800219,8.0,99.0,31.0,Unknown,2.0,16337.289999999995,4.0,4.0
6069200,5.0,65.0,35.0,Unknown,2.0,20811.93,3.0,3.0
3792008,7.0,90.0,23.5,Unknown,2.0,38598.92999999999,2.0,2.0
7055073,6.0,74.0,19.5,Male,2.0,55848.26999999999,6.0,6.0
7846694,6.0,79.0,56.5,Unknown,2.0,41386.15,2.0,2.0
97244,12.0,154.0,57.5,Female,2.0,571075.67,7.0,7.0
1622815,7.0,94.0,37.0,Unknown,2.0,43422.56,2.0,2.0
2516129,16.0,199.0,52.0,Male,2.0,53035.6,3.0,3.0
3693243,13.0,159.0,50.0,Female,2.0,128408.66,1.0,1.0
9580359,10.0,125.0,31.5,Male,2.0,86240.61,3.0,3.0
7789065,6.0,83.0,28.5,Unknown,2.0,61794.87,7.0,7.0
3810961,21.0,253.0,44.5,Male,3.0,88907.99,3.0,3.0
8807424,19.0,239.0,44.0,Male,2.0,48657.81,3.0,3.0
4409385,13.0,159.0,33.0,Female,3.0,53492.36,2.0,2.0
962565,8.0,106.0,24.5,Female,3.0,75369.26999999999,7.0,7.0
2949843,13.0,163.0,41.0,Female,2.0,18295.29,1.0,1.0
1096738,5.0,71.0,49.0,Unknown,2.0,29809.72,2.0,2.0
3025811,8.0,102.0,23.5,Unknown,2.0,18214.38,7.0,7.0
2617940,15.0,188.0,50.0,Unknown,2.0,31651.67,1.0,1.0
8805875,14.0,174.0,24.0,Female,2.0,25276.19,2.0,2.0
3338849,9.0,109.0,53.0,Male,2.0,102530.5,5.0,5.0
9622832,7.0,85.0,21.0,Unknown,2.0,17307.129999999997,3.0,3.0
3325852,5.0,67.0,24.5,Unknown,2.0,28818.81,2.0,2.0
1058590,14.0,168.0,52.5,Female,3.0,36881.74,4.0,4.0
6527207,8.0,98.0,59.0,Unknown,2.0,55700.54000000001,1.0,1.0
590896,14.0,175.0,77.0,Female,2.0,111539.38,2.0,2.0
7874060,27.0,325.0,78.0,Female,2.0,85206.77,2.0,2.0
8321834,8.0,107.0,24.5,Male,2.0,23997.46,2.0,2.0
2199860,6.0,83.0,65.5,Unknown,2.0,33898.99,1.0,1.0
681640,22.0,273.0,46.5,Female,2.0,76463.93,4.0,4.0
7067945,21.0,257.0,65.5,Male,2.0,52888.57,7.0,7.0
916027,21.0,253.0,59.0,Female,2.0,38217.17999999999,7.0,7.0
1292523,20.0,244.0,64.5,Male,2.0,75213.58,1.0,1.0
4266070,9.0,108.0,30.0,Female,2.0,52738.72,4.0,4.0
8159518,32.0,394.0,50.5,Female,2.0,158454.02999999997,3.0,3.0
908405,7.0,88.0,55.5,Unknown,2.0,53834.92,6.0,6.0
2072493,4.0,56.0,23.0,Unknown,2.0,21271.97,3.0,3.0
6381875,14.0,170.0,33.5,Male,3.0,131044.16,7.0,7.0
5363779,7.0,86.0,61.5,Unknown,2.0,39489.62,3.0,3.0
477316,14.0,171.0,29.5,Male,2.0,19658.31,1.0,1.0
4185553,30.0,367.0,41.5,Male,3.0,82119.28,1.0,1.0
6869391,24.0,296.0,66.0,Male,2.0,668107.54,2.0,2.0
3251289,6.0,82.0,31.0,Unknown,2.0,48487.83,4.0,4.0
6172466,21.0,253.0,64.0,Male,3.0,77768.73,7.0,7.0
8243862,23.0,285.0,62.5,Female,3.0,104761.94,7.0,7.0
3578984,14.0,175.0,70.0,Male,2.0,194810.79,4.0,4.0
5294017,10.0,120.0,48.5,Female,2.0,77988.58,2.0,2.0
1581977,5.0,60.0,28.5,Female,3.0,135043.37,6.0,6.0
6247841,9.0,109.0,34.5,Male,3.0,22347.79,1.0,1.0
6533181,6.0,80.0,36.5,Unknown,2.0,59218.26999999999,3.0,3.0
5690018,4.0,58.0,33.0,Unknown,2.0,30535.11,2.0,2.0
856660,8.0,107.0,35.5,Female,2.0,63015.45999999999,1.0,1.0
1423798,11.0,140.0,23.5,Female,3.0,95222.06,7.0,7.0
2596809,5.0,71.0,30.5,Unknown,2.0,62499.22,1.0,1.0
5310950,9.0,109.0,58.5,Male,2.0,43966.42999999999,7.0,7.0
2614036,7.0,94.0,55.5,Female,2.0,269448.41,6.0,6.0
4772553,5.0,69.0,33.0,Unknown,2.0,19545.91,5.0,5.0
2319816,5.0,65.0,56.5,Unknown,2.0,315485.33,7.0,7.0
9647952,13.0,166.0,28.5,Female,2.0,136051.7,3.0,3.0
5635526,13.0,165.0,52.5,Female,3.0,79078.04999999999,1.0,1.0
7851637,14.0,178.0,49.0,Female,2.0,259997.13,2.0,2.0
1615596,24.0,295.0,46.5,Female,2.0,183200.11,2.0,2.0
9141458,21.0,258.0,64.0,Male,3.0,224433.51,2.0,2.0
421303,8.0,96.0,64.5,Female,2.0,24815.14,6.0,6.0
8509909,7.0,84.0,47.5,Unknown,2.0,66189.64,7.0,7.0
2041240,15.0,190.0,64.0,Male,2.0,229102.44,7.0,7.0
4833475,5.0,71.0,22.0,Unknown,3.0,102887.53,5.0,5.0
7611636,13.0,159.0,47.5,Male,3.0,477183.4,7.0,7.0
8536553,6.0,82.0,22.5,Unknown,2.0,54996.1,1.0,1.0
5154905,5.0,68.0,26.5,Unknown,3.0,40472.22,7.0,7.0
5358355,14.0,174.0,38.5,Male,2.0,51028.83,7.0,7.0
1449750,25.0,310.0,36.0,Male,6.0,861387.78,7.0,7.0
8069904,5.0,70.0,48.5,Unknown,2.0,53149.3,6.0,6.0
9923554,8.0,100.0,35.0,Unknown,2.0,46856.85,2.0,2.0
921889,6.0,72.0,40.5,Female,2.0,29345.98,2.0,2.0
2322699,6.0,82.0,36.5,Unknown,2.0,35710.81,7.0,7.0
5528801,9.0,117.0,58.0,Male,2.0,371988.26,1.0,1.0
2946575,4.0,51.0,58.0,Unknown,2.0,50201.26,5.0,5.0
6964678,16.0,202.0,32.5,Male,2.0,30494.509999999995,1.0,1.0
3407765,17.0,204.0,33.5,Female,2.0,131019.66999999998,7.0,7.0
7360544,9.0,108.0,28.5,Female,3.0,116692.96,1.0,2.0
5722629,7.0,86.0,59.0,Unknown,2.0,84656.91,1.0,1.0
9561961,9.0,116.0,49.0,Female,2.0,34074.97,6.0,6.0
2922698,25.0,304.0,70.0,Female,3.0,318859.0,3.0,3.0
6371368,24.0,296.0,63.5,Male,3.0,296522.34,2.0,3.0
4425926,19.0,238.0,40.5,Female,2.0,213876.83,1.0,1.0
7680970,18.0,226.0,78.5,Female,3.0,153376.83000000002,7.0,7.0
5010357,15.0,189.0,54.5,Male,2.0,35253.34,3.0,3.0
7901005,8.0,100.0,42.5,Unknown,2.0,48190.29,7.0,7.0
738395,7.0,93.0,46.5,Unknown,2.0,18256.98,5.0,5.0
9239917,9.0,118.0,46.5,Female,2.0,85189.67,1.0,1.0
7739015,10.0,130.0,25.0,Female,2.0,18874.63,2.0,2.0
169234,7.0,95.0,38.0,Unknown,2.0,52187.36,2.0,2.0
6033314,7.0,95.0,29.0,Unknown,2.0,27789.67,2.0,2.0
874190,12.0,154.0,55.0,Female,2.0,24297.84,5.0,5.0
5201652,6.0,78.0,28.5,Unknown,2.0,104200.26,1.0,1.0
1552597,7.0,87.0,41.5,Unknown,2.0,14392.23,7.0,7.0
7389462,12.0,155.0,31.5,Female,2.0,17423.69,1.0,1.0
321912,6.0,82.0,26.5,Unknown,2.0,51440.93,4.0,4.0
5348593,5.0,71.0,56.0,Unknown,2.0,29620.91,4.0,4.0
4401537,15.0,191.0,38.5,Female,2.0,22083.65,1.0,1.0
9698180,13.0,164.0,54.0,Female,2.0,51891.61,3.0,3.0
1821741,23.0,287.0,58.5,Female,3.0,182477.21,3.0,3.0
4471823,22.0,265.0,42.0,Male,2.0,17387.829999999998,4.0,4.0
1651514,21.0,252.0,60.5,Male,3.0,267931.43,3.0,3.0
2903135,20.0,241.0,58.5,Female,2.0,203432.18,5.0,5.0
4654709,14.0,174.0,28.5,Female,2.0,31411.410000000003,1.0,1.0
3334287,6.0,76.0,24.5,Unknown,2.0,31220.75,7.0,7.0
8642200,6.0,79.0,41.5,Unknown,2.0,707780.7100000001,2.0,2.0
5521985,11.0,132.0,49.0,Male,2.0,209186.1,6.0,6.0
3002466,7.0,87.0,61.0,Unknown,2.0,220428.64,1.0,1.0
4116317,15.0,182.0,45.5,Female,2.0,54365.88,1.0,1.0
5578708,19.0,232.0,50.0,Male,2.0,38698.77,7.0,7.0
5657564,11.0,141.0,47.5,Female,2.0,37779.17,1.0,1.0
5151385,4.0,59.0,44.0,Unknown,2.0,35903.07,7.0,7.0
1695652,4.0,58.0,23.0,Unknown,2.0,23988.17,1.0,1.0
4589095,7.0,93.0,58.5,Unknown,2.0,125491.71,7.0,7.0
5124286,12.0,155.0,25.5,Male,3.0,90628.8,4.0,4.0
4138874,8.0,100.0,39.0,Male,2.0,120481.02,3.0,3.0
8720809,6.0,82.0,45.0,Male,3.0,23088.14,4.0,4.0
588369,23.0,280.0,63.5,Female,3.0,496349.42,2.0,2.0
7960736,22.0,275.0,16.0,Female,2.0,21703.25,2.0,2.0
7189536,19.0,228.0,48.5,Male,2.0,168216.26,7.0,7.0
4000658,28.0,347.0,59.0,Female,2.0,42293.81,3.0,3.0
1722967,7.0,92.0,27.0,Unknown,2.0,66061.08,3.0,3.0
8526981,4.0,58.0,28.5,Unknown,2.0,34322.64,1.0,1.0
1929360,17.0,206.0,43.5,Male,2.0,20270.74,2.0,2.0
7322422,4.0,52.0,63.5,Female,2.0,590511.8500000001,7.0,7.0
8801014,8.0,96.0,66.0,Unknown,3.0,58583.98999999999,5.0,5.0
8634317,9.0,118.0,24.5,Male,2.0,30316.759999999995,2.0,2.0
8091739,4.0,58.0,26.0,Unknown,2.0,15043.149999999998,1.0,1.0
2125756,11.0,142.0,57.5,Male,2.0,64462.5,3.0,3.0
8154097,21.0,257.0,16.5,Male,2.0,16545.6,4.0,4.0
57744,20.0,250.0,53.5,Unknown,4.0,925403.27,7.0,7.0
7012842,20.0,242.0,55.0,Female,2.0,350305.36,4.0,4.0
8877748,12.0,151.0,61.0,Female,2.0,143670.5,6.0,6.0
727092,16.0,193.0,39.0,Male,2.0,38873.31,2.0,2.0
5714755,21.0,252.0,46.0,Female,2.0,192299.85,3.0,3.0
5644559,6.0,80.0,47.5,Unknown,2.0,27248.46,7.0,7.0
9919482,8.0,99.0,19.0,Unknown,2.0,16792.949999999997,1.0,1.0
6442078,13.0,167.0,41.5,Male,2.0,85165.89,5.0,5.0
7524707,7.0,95.0,23.5,Unknown,2.0,38250.37,5.0,5.0
9624683,3.0,41.0,57.0,Unknown,2.0,31688.5,1.0,3.0
7209449,6.0,72.0,31.5,Unknown,2.0,38620.49,6.0,6.0
4722853,11.0,143.0,44.0,Female,2.0,33154.67999999999,7.0,7.0
8859638,6.0,76.0,28.0,Unknown,2.0,42179.77,4.0,4.0
5098265,7.0,90.0,27.0,Unknown,2.0,21856.06,2.0,2.0
3652519,7.0,92.0,29.0,Male,2.0,25203.19,3.0,3.0
1703373,5.0,71.0,57.0,Unknown,2.0,34775.82,2.0,2.0
5831536,7.0,87.0,61.5,Unknown,2.0,39812.31,7.0,7.0
9106282,5.0,68.0,30.0,Female,2.0,49138.55,5.0,5.0
6237846,6.0,74.0,45.0,Unknown,2.0,75834.23999999999,4.0,4.0
3346752,4.0,59.0,16.5,Unknown,2.0,20718.2,4.0,4.0
6822730,5.0,60.0,40.0,Unknown,2.0,123005.68,1.0,1.0
3041383,10.0,131.0,38.5,Unknown,2.0,26686.91,3.0,3.0
3049565,11.0,133.0,35.0,Female,2.0,38302.92999999999,2.0,2.0
5329555,31.0,378.0,30.5,Female,3.0,180430.52,4.0,4.0
9772503,6.0,82.0,50.5,Female,2.0,62457.54999999999,1.0,1.0
6909820,11.0,141.0,49.0,Male,2.0,90929.24,3.0,3.0
8984039,7.0,87.0,32.0,Unknown,2.0,46476.35,2.0,2.0
3722014,12.0,150.0,44.0,Male,4.0,729685.3200000001,4.0,4.0
975489,5.0,70.0,26.5,Unknown,2.0,29398.009999999995,2.0,2.0
1560840,8.0,106.0,53.5,Male,2.0,54915.64,2.0,2.0
5808268,5.0,71.0,59.0,Unknown,2.0,300361.11,7.0,7.0
2304774,4.0,58.0,47.0,Unknown,2.0,44561.32,3.0,3.0
8185256,14.0,169.0,53.5,Male,2.0,255223.65,7.0,7.0
8979240,4.0,59.0,20.5,Unknown,2.0,24115.34,7.0,7.0
7592314,17.0,206.0,49.5,Female,2.0,56833.98999999999,7.0,7.0
3950692,6.0,78.0,33.0,Male,2.0,17458.199999999997,2.0,2.0
6026257,14.0,174.0,49.5,Male,2.0,50336.77,2.0,2.0
6387033,13.0,165.0,32.0,Female,2.0,17928.76,3.0,3.0
412984,5.0,60.0,30.5,Unknown,3.0,37386.75,1.0,1.0
5117705,13.0,167.0,52.0,Female,2.0,30637.64,5.0,5.0
5258442,9.0,109.0,36.5,Female,2.0,62632.58,3.0,3.0
7912585,11.0,140.0,46.0,Male,2.0,51470.68,7.0,7.0
6920675,13.0,161.0,64.5,Female,2.0,34235.48,3.0,3.0
252360,15.0,189.0,51.0,Female,2.0,26089.35,7.0,7.0
3414714,8.0,98.0,42.0,Unknown,2.0,20960.97,4.0,4.0
8986584,6.0,73.0,27.0,Unknown,2.0,150556.51,1.0,1.0
2034725,15.0,188.0,43.5,Female,2.0,29807.58,7.0,7.0
8479480,15.0,190.0,53.0,Female,2.0,144325.18,4.0,4.0
2956995,11.0,137.0,31.5,Male,3.0,142755.86,7.0,7.0
5823726,6.0,76.0,30.0,Male,2.0,82011.4,7.0,7.0
82676,14.0,179.0,25.0,Male,2.0,132732.0,2.0,2.0
4879546,10.0,131.0,64.0,Male,2.0,298960.11,7.0,7.0
9952605,9.0,114.0,55.0,Female,2.0,205392.66,7.0,7.0
3048739,13.0,160.0,31.0,Female,2.0,21770.04,2.0,2.0
8737225,4.0,58.0,51.0,Unknown,2.0,41621.57,7.0,7.0
3903436,15.0,191.0,46.0,Male,2.0,37824.09,1.0,1.0
836231,13.0,157.0,50.0,Male,2.0,68257.13,3.0,3.0
4852087,19.0,234.0,50.5,Female,3.0,48749.07,7.0,7.0
1561833,22.0,268.0,67.0,Female,2.0,113334.24,5.0,5.0
889065,19.0,238.0,39.5,Female,3.0,28607.83,3.0,3.0
1444914,10.0,126.0,63.5,Male,2.0,228499.97,2.0,2.0
6367070,28.0,347.0,48.0,Female,3.0,109286.21,3.0,3.0
1067336,13.0,166.0,73.5,Male,2.0,64532.23,6.0,6.0
9786008,11.0,136.0,49.0,Male,2.0,21713.27,7.0,7.0
1711186,8.0,96.0,44.0,Female,2.0,70973.22,4.0,4.0
5721288,13.0,166.0,39.5,Male,2.0,25914.99,2.0,2.0
3550795,15.0,186.0,35.0,Male,2.0,44037.57,4.0,4.0
6053449,6.0,73.0,51.5,Female,2.0,200273.62,2.0,2.0
5066918,9.0,110.0,51.5,Male,2.0,65476.5,3.0,3.0
5604747,5.0,68.0,27.5,Unknown,2.0,40129.1,7.0,7.0
6709477,16.0,202.0,53.0,Male,2.0,96394.8,1.0,1.0
1879414,9.0,119.0,66.0,Male,2.0,24857.78,4.0,4.0
8419803,6.0,82.0,43.5,Unknown,2.0,19533.2,1.0,1.0
4210692,15.0,190.0,30.5,Male,2.0,131885.34,3.0,3.0
2908345,9.0,118.0,24.0,Male,2.0,24369.78,1.0,1.0
7764337,4.0,58.0,54.5,Female,2.0,16168.629999999996,1.0,1.0
8359430,20.0,240.0,46.0,Unknown,3.0,292463.1,6.0,6.0
667365,5.0,66.0,58.5,Unknown,2.0,58213.37,5.0,5.0
3128193,7.0,87.0,51.0,Unknown,2.0,22354.44,2.0,2.0
8350825,8.0,97.0,41.5,Unknown,3.0,67269.68,1.0,1.0
7370460,8.0,107.0,28.5,Male,2.0,76783.98,3.0,3.0
3412203,15.0,188.0,56.0,Female,2.0,135831.05,1.0,1.0
4861645,5.0,71.0,21.0,Unknown,3.0,54820.82,3.0,3.0
2854656,11.0,142.0,59.5,Female,2.0,386002.41,7.0,7.0
5016244,17.0,214.0,67.5,Male,2.0,36602.39,6.0,6.0
4351170,5.0,60.0,41.0,Female,2.0,25897.07,1.0,1.0
5460309,14.0,179.0,48.5,Male,3.0,627946.9,5.0,5.0
6571961,8.0,97.0,56.0,Female,2.0,676868.2200000001,5.0,5.0
884356,3.0,47.0,24.5,Unknown,2.0,25927.56,7.0,7.0
5454354,5.0,70.0,20.0,Male,2.0,36072.4,4.0,4.0
1371399,8.0,106.0,28.0,Male,2.0,65935.81,2.0,2.0
3864729,6.0,82.0,61.5,Unknown,2.0,30240.36,4.0,4.0
758633,13.0,159.0,40.5,Male,3.0,343715.94,5.0,5.0
9465745,22.0,270.0,43.5,Male,2.0,96903.03,3.0,3.0
9512564,22.0,269.0,62.5,Female,3.0,85258.59999999999,5.0,5.0
137064,6.0,75.0,67.5,Unknown,2.0,142139.51,4.0,5.0
6480823,11.0,135.0,65.5,Male,2.0,78361.36,7.0,7.0
5961872,16.0,199.0,43.0,Male,3.0,78267.31,4.0,4.0
3399654,5.0,63.0,24.5,Male,2.0,60424.39,3.0,3.0
1782790,12.0,147.0,36.0,Female,2.0,42057.39,1.0,1.0
2236492,16.0,199.0,34.5,Female,2.0,16246.079999999998,1.0,1.0
7221472,10.0,129.0,56.5,Male,2.0,88882.34999999999,7.0,7.0
4630098,7.0,88.0,30.0,Unknown,3.0,132651.59,6.0,6.0
3086622,6.0,73.0,30.5,Unknown,2.0,104725.74,1.0,1.0
4187257,12.0,155.0,33.5,Male,3.0,67322.01,2.0,2.0
7678330,6.0,74.0,48.5,Male,2.0,40607.89,4.0,4.0
3153688,8.0,105.0,50.5,Male,2.0,20316.54,1.0,1.0
766899,15.0,189.0,48.5,Female,2.0,48475.58,3.0,3.0
5973089,5.0,66.0,28.5,Unknown,3.0,75595.4,1.0,1.0
526154,8.0,106.0,26.5,Male,2.0,46221.34,2.0,2.0
2374997,9.0,108.0,59.0,Male,2.0,755102.74,5.0,5.0
1812275,10.0,120.0,52.0,Male,2.0,124865.49,7.0,7.0
2743453,15.0,185.0,50.5,Female,2.0,75176.44,2.0,2.0
6854217,6.0,73.0,22.0,Female,2.0,49379.39,1.0,1.0
8639773,3.0,42.0,15.0,Unknown,2.0,19338.54,6.0,6.0
3546452,27.0,329.0,69.5,Male,2.0,29424.9,1.0,1.0
6643202,4.0,49.0,64.0,Unknown,2.0,69807.06,7.0,7.0
4001714,6.0,82.0,32.0,Unknown,2.0,30708.09,2.0,2.0
7068479,5.0,65.0,59.0,Unknown,3.0,149758.46000000002,3.0,3.0
2643816,10.0,130.0,31.5,Female,2.0,61205.01999999999,5.0,5.0
7162515,9.0,116.0,70.0,Male,2.0,25860.869999999995,1.0,1.0
107052,19.0,239.0,43.5,Unknown,3.0,55444.63,6.0,6.0
4233486,8.0,98.0,41.5,Unknown,2.0,67262.79000000001,3.0,3.0
5617657,11.0,136.0,32.0,Male,3.0,136674.5,6.0,6.0
9433983,6.0,72.0,57.5,Male,2.0,179743.5,3.0,3.0
523595,7.0,85.0,71.5,Unknown,2.0,21104.52,4.0,4.0
2864436,6.0,76.0,27.5,Unknown,3.0,150487.97999999998,7.0,7.0
5664336,6.0,74.0,25.5,Unknown,2.0,44713.41,1.0,1.0
9598338,18.0,225.0,37.5,Female,2.0,141816.63,2.0,3.0
8416164,6.0,82.0,18.0,Unknown,2.0,24364.3,1.0,1.0
6376292,5.0,61.0,49.0,Unknown,3.0,285282.15,1.0,1.0
3177362,27.0,326.0,80.0,Female,3.0,507804.07,3.0,3.0
7813592,5.0,71.0,69.0,Unknown,3.0,105703.26,7.0,7.0
305834,8.0,102.0,32.0,Unknown,2.0,51558.86,6.0,6.0
8679064,24.0,296.0,36.5,Male,2.0,34067.48,1.0,2.0
1423307,16.0,196.0,55.0,Male,2.0,20100.79,1.0,1.0
9123907,12.0,147.0,62.0,Male,2.0,18190.54,3.0,3.0
6291977,9.0,108.0,63.0,Female,2.0,24778.31,7.0,7.0
9611715,19.0,230.0,56.0,Male,2.0,17218.64,6.0,6.0
6273589,17.0,204.0,55.0,Female,2.0,46718.17,2.0,2.0
5947357,6.0,81.0,28.5,Unknown,2.0,15983.419999999998,7.0,7.0
8350762,5.0,69.0,64.0,Unknown,2.0,47947.95,5.0,6.0
244711,13.0,163.0,32.0,Male,2.0,15678.46,5.0,5.0
9822835,5.0,68.0,22.5,Unknown,2.0,21909.21,1.0,1.0
6659816,4.0,57.0,21.5,Unknown,2.0,36156.19,1.0,1.0
1026617,15.0,189.0,47.5,Female,2.0,19084.46,3.0,3.0
2994899,15.0,189.0,36.5,Male,2.0,32187.369999999995,7.0,7.0
1387408,7.0,84.0,26.5,Unknown,2.0,51453.5,5.0,5.0
3937961,6.0,79.0,53.5,Unknown,3.0,163605.57,7.0,7.0
3898618,12.0,149.0,68.0,Female,2.0,197031.59000000003,6.0,6.0
1762859,8.0,105.0,58.5,Male,2.0,92740.48,1.0,1.0
6717754,8.0,107.0,29.5,Female,2.0,23763.57,5.0,5.0
9629174,7.0,93.0,18.0,Unknown,2.0,15738.929999999997,1.0,1.0
5321923,13.0,157.0,45.5,Male,2.0,188939.27,7.0,7.0
5625321,14.0,177.0,64.0,Male,2.0,282022.56,7.0,7.0
5727789,14.0,176.0,29.5,Unknown,2.0,46814.28,1.0,1.0
9685145,21.0,262.0,51.5,Male,3.0,56978.69,3.0,3.0
2866361,15.0,189.0,44.0,Unknown,2.0,15961.28,3.0,3.0
2520726,8.0,102.0,21.5,Female,2.0,20111.51,2.0,2.0
2489546,8.0,106.0,37.0,Female,2.0,19951.83,1.0,1.0
2256069,7.0,94.0,19.5,Unknown,3.0,103538.58,3.0,3.0
7009746,12.0,151.0,40.5,Female,2.0,28624.09,5.0,5.0
9457839,5.0,68.0,33.5,Female,2.0,38714.92999999999,7.0,7.0
6384884,11.0,142.0,52.0,Male,3.0,125550.55,7.0,7.0
6469775,15.0,184.0,41.0,Male,2.0,90457.15,2.0,2.0
6584696,21.0,258.0,17.0,Male,2.0,22718.94,6.0,6.0
3446948,5.0,70.0,63.0,Unknown,2.0,118677.41,6.0,6.0
9144878,5.0,67.0,45.0,Male,3.0,104891.75,7.0,7.0
9225634,9.0,115.0,36.5,Female,2.0,80990.13,2.0,2.0
5730185,5.0,67.0,48.0,Unknown,2.0,428487.6,7.0,7.0
9912273,26.0,322.0,56.5,Female,3.0,74158.91,4.0,4.0
7344485,7.0,89.0,31.0,Unknown,2.0,47510.08,4.0,4.0
2026724,4.0,58.0,33.5,Unknown,2.0,20753.36,2.0,2.0
433932,20.0,245.0,48.5,Female,3.0,18978.65,1.0,1.0
3633959,20.0,244.0,22.0,Unknown,2.0,22637.06,1.0,1.0
8882293,35.0,422.0,61.0,Female,2.0,147619.53999999998,2.0,2.0
1906193,4.0,59.0,18.0,Male,3.0,31141.759999999995,5.0,5.0
5192091,12.0,145.0,74.0,Female,2.0,24672.06,3.0,3.0
2553299,9.0,118.0,68.5,Female,2.0,174427.09000000003,3.0,3.0
9996478,11.0,139.0,23.0,Female,2.0,33813.33,6.0,6.0
6715030,10.0,123.0,25.0,Male,2.0,26459.22,4.0,4.0
3414465,14.0,171.0,58.0,Female,2.0,133800.26,1.0,1.0
8015728,13.0,161.0,61.0,Male,2.0,204695.76,2.0,2.0
7330584,6.0,80.0,22.5,Unknown,2.0,21129.5,1.0,1.0
581273,4.0,59.0,29.0,Unknown,2.0,41533.35,5.0,5.0
477014,5.0,68.0,23.5,Unknown,2.0,19056.29,7.0,7.0
931674,6.0,81.0,48.0,Unknown,2.0,53888.54,6.0,6.0
1871815,9.0,119.0,70.0,Male,2.0,456334.01,1.0,1.0
8505302,9.0,113.0,55.5,Female,2.0,399919.77,5.0,5.0
7633820,22.0,271.0,53.0,Unknown,2.0,30639.17,1.0,1.0
4129580,20.0,242.0,35.5,Female,2.0,24456.81,3.0,3.0
6036744,13.0,163.0,60.0,Male,2.0,138375.16999999998,7.0,7.0
9515874,29.0,357.0,48.5,Female,2.0,120673.44,7.0,7.0
2151210,6.0,83.0,60.0,Unknown,2.0,20203.86,3.0,3.0
7944799,13.0,157.0,44.0,Female,2.0,43921.0,7.0,7.0
2916076,14.0,179.0,46.5,Female,2.0,64238.130000000005,4.0,4.0
2240650,6.0,72.0,44.0,Unknown,3.0,79618.42,5.0,5.0
7536376,5.0,66.0,53.0,Male,2.0,13916.469999999998,2.0,2.0
3125941,4.0,59.0,56.0,Unknown,2.0,24021.58,2.0,2.0
5705288,11.0,142.0,59.0,Male,2.0,52019.88,4.0,4.0
1936582,13.0,166.0,44.0,Male,2.0,35484.6,1.0,2.0
7216558,5.0,71.0,22.5,Unknown,2.0,56366.76999999999,7.0,7.0
9396142,12.0,155.0,55.5,Female,2.0,108133.26,3.0,3.0
7779886,9.0,109.0,30.5,Female,2.0,24050.53,2.0,2.0
2876006,6.0,83.0,52.0,Unknown,2.0,262663.33,6.0,6.0
2643498,34.0,408.0,58.5,Female,3.0,3574882.5,3.0,4.0
8447327,8.0,103.0,24.0,Unknown,2.0,27315.17,1.0,1.0
5031859,14.0,179.0,53.5,Female,2.0,56843.36,1.0,1.0
6875104,16.0,193.0,29.0,Male,2.0,46273.61,2.0,2.0
6964334,9.0,109.0,41.0,Female,2.0,55259.02,6.0,6.0
8307954,5.0,69.0,24.0,Unknown,2.0,28079.88,7.0,7.0
9408668,33.0,406.0,32.5,Male,3.0,172174.24,6.0,6.0
6319572,4.0,58.0,48.5,Unknown,2.0,16212.37,3.0,3.0
2493662,22.0,269.0,57.0,Female,4.0,451033.6,7.0,7.0
2071279,22.0,264.0,47.0,Male,5.0,343530.85,5.0,5.0
7901176,18.0,219.0,46.0,Female,2.0,22489.06,1.0,1.0
8920159,15.0,188.0,68.5,Male,3.0,337412.68,7.0,7.0
7811243,14.0,171.0,33.0,Male,2.0,20980.23,7.0,7.0
3239293,6.0,80.0,58.5,Male,3.0,332079.0,5.0,6.0
3177664,22.0,268.0,24.0,Female,2.0,20913.16,6.0,6.0
2568199,15.0,189.0,70.0,Male,2.0,1330339.46,7.0,7.0
7918023,12.0,144.0,35.5,Male,3.0,55507.69,6.0,6.0
7862849,8.0,96.0,31.0,Unknown,3.0,47105.89,2.0,2.0
3487435,7.0,94.0,49.5,Unknown,2.0,46953.29,4.0,4.0
992900,7.0,85.0,31.0,Unknown,2.0,47986.87,7.0,7.0
1077195,9.0,116.0,47.5,Female,2.0,135759.22999999998,7.0,7.0
8524380,6.0,82.0,57.0,Unknown,2.0,66163.25,7.0,7.0
5345636,10.0,129.0,70.5,Male,2.0,212957.76,5.0,5.0
6117769,7.0,90.0,25.5,Unknown,2.0,56390.87,5.0,5.0
1567564,7.0,84.0,30.5,Unknown,2.0,48260.68,2.0,2.0
3935890,4.0,59.0,28.5,Female,2.0,20166.53,1.0,1.0
9223656,6.0,79.0,41.0,Female,2.0,100536.44,3.0,3.0
4720115,7.0,94.0,43.5,Unknown,3.0,169127.51,7.0,7.0
8859050,16.0,194.0,49.0,Female,2.0,19769.92,2.0,2.0
706721,13.0,166.0,55.5,Male,2.0,32213.18,2.0,3.0
5495565,12.0,144.0,47.0,Female,2.0,61340.14,1.0,1.0
3357352,21.0,253.0,50.5,Male,2.0,306791.4,4.0,4.0
4267633,18.0,219.0,69.5,Male,3.0,245876.18,7.0,7.0
2946522,7.0,87.0,31.5,Unknown,2.0,20129.94,2.0,2.0
4641817,6.0,75.0,80.5,Unknown,4.0,245269.75,7.0,7.0
7645852,15.0,189.0,51.0,Female,2.0,179294.14,4.0,4.0
4103488,16.0,197.0,40.0,Female,2.0,56617.62,7.0,7.0
4466142,9.0,118.0,67.5,Male,2.0,324696.84,7.0,7.0
8550073,15.0,189.0,27.0,Female,3.0,94430.56,7.0,7.0
4380886,5.0,70.0,24.5,Unknown,2.0,18125.39,1.0,1.0
4649620,6.0,83.0,48.5,Unknown,2.0,50081.8,1.0,1.0
3092681,9.0,108.0,45.0,Male,2.0,36552.95,1.0,1.0
8346843,5.0,70.0,49.5,Unknown,2.0,22572.28,1.0,1.0
927364,7.0,86.0,68.0,Unknown,2.0,37201.13,4.0,4.0
514177,6.0,81.0,56.0,Unknown,2.0,47967.51,4.0,4.0
282630,8.0,99.0,60.5,Unknown,2.0,22287.88,1.0,1.0
5218492,5.0,71.0,22.5,Unknown,2.0,48606.09,1.0,1.0
5415771,8.0,100.0,58.0,Male,2.0,15323.87,5.0,5.0
8793738,5.0,60.0,22.0,Unknown,2.0,38547.42999999999,5.0,5.0
5523015,12.0,150.0,26.5,Female,2.0,17452.909999999996,1.0,1.0
5730112,9.0,119.0,18.5,Male,2.0,24192.81,7.0,7.0
2813968,10.0,124.0,52.0,Male,2.0,20929.3,2.0,2.0
4941972,25.0,303.0,22.5,Unknown,2.0,24523.66,7.0,7.0
9814415,23.0,286.0,52.0,Unknown,2.0,115709.29,1.0,1.0
4312937,21.0,252.0,46.5,Female,2.0,43664.07,2.0,2.0
6598788,20.0,250.0,33.0,Unknown,4.0,320627.47,7.0,7.0
3847990,19.0,231.0,41.5,Male,3.0,280441.52,7.0,7.0
233613,17.0,210.0,39.0,Male,3.0,47946.95,7.0,7.0
4396969,4.0,58.0,34.0,Unknown,3.0,126568.03,7.0,7.0
2794852,10.0,127.0,58.0,Male,4.0,1348672.5699999998,5.0,7.0
7991417,11.0,143.0,59.0,Female,3.0,36333.71,1.0,1.0
6154858,7.0,93.0,50.0,Unknown,2.0,108856.74,2.0,2.0
9190958,11.0,138.0,46.0,Female,2.0,48512.9,7.0,7.0
3424467,10.0,120.0,48.5,Male,2.0,217536.35,7.0,7.0
1493471,5.0,70.0,53.5,Male,2.0,28633.759999999995,1.0,1.0
8707802,6.0,73.0,24.0,Unknown,2.0,55444.23,4.0,4.0
7371303,6.0,73.0,34.0,Unknown,2.0,60156.0,6.0,6.0
2860304,15.0,190.0,35.5,Female,2.0,211359.66,4.0,4.0
1364266,13.0,162.0,45.0,Female,3.0,29299.33,3.0,3.0
8301806,6.0,83.0,60.5,Unknown,2.0,28108.13,3.0,3.0
8904427,4.0,57.0,17.0,Unknown,3.0,14528.919999999998,2.0,2.0
5422752,9.0,109.0,63.0,Female,2.0,30885.53,6.0,6.0
3751069,19.0,238.0,37.5,Female,2.0,87556.03,2.0,2.0
5612879,5.0,69.0,43.0,Unknown,2.0,17125.339999999997,1.0,1.0
1138065,14.0,169.0,41.0,Male,2.0,35265.14,4.0,4.0
456458,13.0,165.0,53.5,Female,2.0,20549.64,1.0,2.0
2524168,16.0,197.0,79.0,Female,2.0,190592.28,4.0,4.0
123764,21.0,254.0,36.0,Female,2.0,76006.86,4.0,4.0
682590,9.0,111.0,29.5,Male,2.0,45810.11,2.0,2.0
3271405,5.0,71.0,20.0,Unknown,3.0,21983.73,7.0,7.0
6014856,4.0,57.0,21.0,Unknown,3.0,74884.79999999999,4.0,4.0
1515805,7.0,89.0,49.5,Male,2.0,161977.62,3.0,3.0
4445843,14.0,172.0,60.5,Unknown,3.0,374116.51,2.0,2.0
2419715,13.0,161.0,57.5,Male,2.0,58340.850000000006,1.0,1.0
1241970,6.0,78.0,55.5,Unknown,2.0,209208.76,7.0,7.0
7725395,4.0,57.0,20.0,Unknown,2.0,22330.36,4.0,4.0
7856,11.0,140.0,29.5,Male,3.0,177223.3,6.0,6.0
9234770,5.0,60.0,74.5,Unknown,2.0,67907.54999999999,1.0,1.0
6972892,6.0,82.0,72.0,Unknown,2.0,211794.8,7.0,7.0
8189001,8.0,99.0,37.0,Unknown,2.0,45696.05,1.0,1.0
1020893,17.0,209.0,79.0,Male,2.0,106698.87,6.0,6.0
6489436,23.0,278.0,17.5,Female,2.0,24245.35,3.0,3.0
126903,21.0,262.0,52.5,Female,4.0,127186.53999999998,2.0,2.0
8932006,21.0,253.0,46.0,Male,3.0,110597.54,7.0,7.0
3212219,17.0,215.0,35.5,Female,3.0,50114.04,2.0,2.0
5263251,3.0,43.0,18.0,Unknown,2.0,30642.65,6.0,6.0
602490,6.0,72.0,19.5,Unknown,2.0,43811.64,7.0,7.0
3496915,4.0,58.0,34.0,Unknown,2.0,27805.869999999995,3.0,3.0
3466890,15.0,190.0,41.0,Female,2.0,97809.62,7.0,7.0
739542,13.0,156.0,26.0,Male,2.0,28544.4,6.0,6.0
864687,7.0,91.0,29.5,Unknown,2.0,21106.75,4.0,4.0
8295348,6.0,72.0,59.0,Male,2.0,54820.61,7.0,7.0
8204444,6.0,74.0,41.0,Female,2.0,14813.449999999995,1.0,1.0
6246047,9.0,116.0,49.5,Female,2.0,307005.04,1.0,1.0
26747,6.0,73.0,19.5,Unknown,2.0,29421.31,7.0,7.0
6758104,8.0,102.0,54.0,Unknown,2.0,73104.36,5.0,5.0
5593456,25.0,309.0,43.5,Female,2.0,193786.97,1.0,2.0
7623213,14.0,175.0,55.5,Female,2.0,40411.32,1.0,1.0
3675333,8.0,106.0,59.5,Male,2.0,72129.34,3.0,3.0
9573090,10.0,124.0,20.5,Unknown,2.0,103532.02,6.0,6.0
8466542,11.0,142.0,57.0,Female,2.0,28588.509999999995,1.0,1.0
3413387,11.0,141.0,30.5,Male,2.0,47593.15,7.0,7.0
976948,5.0,71.0,42.5,Unknown,3.0,39017.39,7.0,7.0
1298012,27.0,325.0,83.0,Male,3.0,881370.88,6.0,6.0
5914764,33.0,407.0,56.5,Male,2.0,73586.12,1.0,1.0
2627729,9.0,109.0,40.5,Unknown,3.0,195091.62,1.0,1.0
2414948,16.0,202.0,57.0,Female,2.0,16079.75,3.0,3.0
8706559,23.0,283.0,63.0,Female,4.0,806649.0700000001,5.0,5.0
4869596,5.0,70.0,58.5,Unknown,2.0,43370.27,4.0,4.0
9118949,4.0,57.0,59.5,Unknown,2.0,15022.57,3.0,3.0
5321581,15.0,190.0,63.0,Male,2.0,603319.8,6.0,6.0
2451976,15.0,188.0,40.0,Male,3.0,30279.9,1.0,3.0
7676611,10.0,126.0,60.0,Male,3.0,49485.13,3.0,3.0
3156829,6.0,82.0,63.0,Unknown,2.0,19892.95,1.0,1.0
1919648,10.0,122.0,53.0,Male,2.0,41745.71,7.0,7.0
3217483,7.0,87.0,28.0,Unknown,2.0,55773.04000000001,1.0,1.0
927793,33.0,396.0,52.0,Male,2.0,219631.09000000003,4.0,4.0
5014104,7.0,90.0,41.0,Unknown,2.0,50161.6,2.0,2.0
5342536,8.0,96.0,37.0,Unknown,2.0,138542.9,2.0,2.0
5084025,25.0,311.0,60.5,Female,2.0,121899.88,6.0,6.0
3554877,7.0,92.0,52.5,Unknown,2.0,73010.41,4.0,4.0
763333,12.0,153.0,24.0,Unknown,2.0,18510.4,1.0,1.0
398829,21.0,263.0,43.0,Female,2.0,162481.89,2.0,2.0
3770892,19.0,232.0,43.0,Male,3.0,52572.1,1.0,1.0
3978406,16.0,203.0,56.5,Female,3.0,94744.08,7.0,7.0
9790153,4.0,59.0,29.0,Unknown,2.0,36265.97,1.0,1.0
4173360,6.0,81.0,28.5,Male,3.0,129982.31,5.0,5.0
9761536,5.0,65.0,63.5,Unknown,2.0,33005.47,7.0,7.0
3786254,4.0,58.0,54.0,Female,2.0,39166.71,2.0,5.0
3772588,12.0,155.0,27.5,Male,3.0,188993.33,3.0,3.0
1818496,5.0,66.0,30.0,Unknown,2.0,20282.65,5.0,5.0
4987813,27.0,328.0,65.5,Male,2.0,47842.53,7.0,7.0
8665675,4.0,59.0,24.5,Female,3.0,181471.23,1.0,1.0
2803962,8.0,103.0,31.0,Male,2.0,16968.69,7.0,7.0
1865831,9.0,111.0,25.0,Female,3.0,67324.67,2.0,2.0
3337716,12.0,153.0,55.0,Male,2.0,66086.18,1.0,1.0
4298050,8.0,105.0,54.5,Male,2.0,480013.62,2.0,2.0
5548134,7.0,87.0,24.0,Unknown,2.0,61737.19,4.0,4.0
9879173,15.0,190.0,50.0,Male,2.0,38335.32,2.0,2.0
361457,5.0,70.0,15.5,Unknown,2.0,33963.45,3.0,4.0
2875590,21.0,258.0,45.5,Male,2.0,680217.87,7.0,7.0
6961537,21.0,255.0,72.0,Female,2.0,84768.20999999999,1.0,2.0
4559828,17.0,215.0,52.5,Female,2.0,20033.42,4.0,4.0
7778258,14.0,178.0,29.5,Female,2.0,16119.78,2.0,2.0
3178082,9.0,108.0,21.0,Male,2.0,20360.4,3.0,3.0
3714181,12.0,150.0,49.5,Female,2.0,21771.12,3.0,3.0
572025,4.0,57.0,46.0,Unknown,2.0,17542.53,4.0,4.0
3301073,8.0,96.0,37.5,Unknown,2.0,22518.15,1.0,1.0
9295569,5.0,71.0,25.5,Unknown,2.0,47279.98,4.0,4.0
2414028,6.0,74.0,64.5,Unknown,3.0,71066.0,4.0,4.0
8022687,8.0,106.0,57.0,Female,2.0,26742.57,2.0,2.0
6178107,28.0,340.0,74.0,Male,2.0,27922.09,1.0,2.0
4851064,15.0,184.0,30.5,Male,4.0,128981.72,7.0,7.0
83999,8.0,100.0,30.5,Unknown,2.0,55309.35,7.0,7.0
904167,14.0,172.0,20.5,Female,2.0,14099.399999999998,4.0,4.0
3883982,11.0,133.0,77.5,Male,2.0,464588.38,2.0,2.0
9397155,8.0,106.0,32.5,Male,2.0,54709.87,2.0,2.0
8783593,5.0,70.0,47.0,Unknown,2.0,52938.53,6.0,6.0
39043,7.0,88.0,44.0,Unknown,2.0,210836.88,3.0,3.0
6633516,15.0,181.0,50.0,Male,2.0,343121.88,7.0,7.0
8306195,15.0,188.0,51.0,Unknown,2.0,15905.359999999995,4.0,4.0
9386404,8.0,107.0,32.0,Male,2.0,79613.25,7.0,7.0
8371691,11.0,136.0,50.0,Female,2.0,943041.38,7.0,7.0
4693400,24.0,291.0,50.0,Female,2.0,64108.29000000001,2.0,2.0
8920272,22.0,264.0,63.5,Female,2.0,463695.65,4.0,5.0
2729726,21.0,261.0,50.0,Unknown,2.0,23888.99,2.0,2.0
2800504,20.0,243.0,48.5,Female,4.0,585243.14,7.0,7.0
497220,13.0,163.0,45.0,Male,2.0,83100.39,3.0,3.0
6005504,6.0,78.0,22.0,Unknown,2.0,22543.51,7.0,7.0
8016050,18.0,227.0,53.5,Male,2.0,40011.97,7.0,7.0
6903449,6.0,77.0,25.5,Unknown,2.0,65410.95999999999,1.0,1.0
7331514,4.0,59.0,48.0,Unknown,2.0,45378.63,2.0,2.0
5865462,13.0,157.0,31.5,Female,2.0,25176.16,2.0,2.0
6805037,15.0,191.0,60.0,Male,2.0,35626.36,1.0,1.0
8340741,13.0,161.0,51.0,Unknown,3.0,457723.01,6.0,6.0
7666057,7.0,86.0,55.5,Unknown,2.0,233358.78,5.0,5.0
4151905,12.0,153.0,66.0,Female,2.0,33423.95,3.0,3.0
1712565,10.0,122.0,30.5,Female,2.0,31567.53,2.0,2.0
2137068,12.0,148.0,30.5,Female,2.0,77835.76999999999,3.0,3.0
130269,11.0,135.0,21.0,Male,2.0,74983.65,1.0,1.0
8726521,4.0,59.0,21.5,Unknown,2.0,20038.87,2.0,2.0
3531351,14.0,179.0,31.5,Male,2.0,65206.600000000006,7.0,7.0
8602665,10.0,129.0,27.5,Male,2.0,20197.2,2.0,2.0
4244962,5.0,64.0,54.5,Female,2.0,131978.44,2.0,2.0
8613599,6.0,83.0,30.5,Unknown,2.0,65741.42,6.0,6.0
7042202,24.0,288.0,33.5,Female,4.0,430956.66,4.0,4.0
1280624,21.0,253.0,43.0,Female,3.0,63939.75,1.0,1.0
2391446,43.0,516.0,45.0,Male,4.0,434994.56,7.0,7.0
8371251,16.0,195.0,63.5,Male,2.0,635927.14,7.0,7.0
2926712,6.0,73.0,24.5,Male,2.0,26192.56,7.0,7.0
3300425,3.0,46.0,56.0,Unknown,2.0,21503.68,5.0,5.0
3968196,15.0,188.0,70.0,Female,2.0,141799.22,2.0,2.0
3701830,13.0,167.0,61.5,Female,2.0,36611.14,1.0,1.0
8398865,3.0,47.0,34.0,Unknown,2.0,25694.99,6.0,6.0
3162386,24.0,297.0,62.5,Female,2.0,426760.85,7.0,7.0
3718015,6.0,82.0,44.0,Unknown,2.0,32568.300000000003,6.0,6.0
1883943,9.0,109.0,21.0,Male,2.0,23550.19,4.0,4.0
6765030,8.0,101.0,28.0,Unknown,2.0,58807.31,5.0,5.0
1900436,4.0,59.0,37.5,Unknown,2.0,124902.26,1.0,1.0
5198656,6.0,79.0,62.5,Unknown,2.0,76479.66,3.0,4.0
9757438,13.0,166.0,69.5,Female,2.0,55193.56,2.0,2.0
9748873,9.0,118.0,60.5,Male,2.0,80765.11,5.0,5.0
5319910,4.0,59.0,25.0,Unknown,2.0,405684.68,7.0,7.0
5268030,5.0,69.0,24.5,Unknown,2.0,48167.06,7.0,7.0
3761013,6.0,79.0,49.0,Unknown,2.0,84435.36,5.0,5.0
9170332,12.0,148.0,26.5,Male,2.0,134900.64,7.0,7.0
2230104,5.0,68.0,64.5,Unknown,2.0,85358.56999999999,5.0,5.0
4107065,8.0,102.0,18.5,Unknown,2.0,16206.57,7.0,7.0
3960146,4.0,59.0,32.5,Male,2.0,34387.08,4.0,4.0
9596794,5.0,68.0,38.5,Unknown,2.0,408451.21,7.0,7.0
4043026,17.0,212.0,63.5,Female,2.0,84537.87,4.0,4.0
3260005,23.0,283.0,20.0,Female,2.0,36651.75,2.0,3.0
289209,18.0,223.0,44.5,Male,2.0,75917.51,2.0,2.0
604295,12.0,152.0,41.0,Female,2.0,160455.64,7.0,7.0
1825699,12.0,155.0,39.0,Female,2.0,106639.82,1.0,1.0
9231638,9.0,115.0,49.5,Female,2.0,48668.97,1.0,1.0
5535990,4.0,58.0,15.5,Unknown,2.0,34152.2,3.0,3.0
7642951,12.0,146.0,62.0,Female,2.0,74161.78,5.0,5.0
1166632,6.0,75.0,23.5,Unknown,2.0,39931.58,1.0,1.0
3738129,12.0,153.0,47.0,Male,2.0,113621.83,3.0,3.0
4254888,18.0,216.0,41.5,Male,2.0,214546.64,3.0,4.0
6786752,12.0,145.0,40.5,Male,2.0,106694.94,7.0,7.0
6002436,15.0,182.0,31.5,Female,3.0,89016.54,7.0,7.0
1555282,12.0,144.0,25.5,Female,2.0,16466.01,1.0,1.0
6921691,4.0,59.0,15.5,Unknown,2.0,20470.69,2.0,4.0
5672526,33.0,406.0,67.5,Male,3.0,69889.54999999999,7.0,7.0
737182,23.0,286.0,47.0,Female,2.0,195440.59000000003,3.0,3.0
9487092,20.0,248.0,59.0,Female,3.0,95517.99,4.0,5.0
5011122,19.0,238.0,44.5,Unknown,2.0,40206.85,4.0,4.0
1792490,16.0,203.0,44.5,Female,2.0,538978.88,2.0,2.0
6023595,5.0,71.0,23.0,Unknown,2.0,21922.18,7.0,7.0
3519662,5.0,64.0,20.5,Unknown,2.0,27103.85,4.0,4.0
4796212,9.0,118.0,28.5,Male,2.0,75046.25,7.0,7.0
2095353,7.0,85.0,59.0,Unknown,2.0,80696.16,1.0,1.0
1009141,14.0,173.0,42.0,Male,2.0,62064.79999999999,3.0,3.0
6544802,5.0,64.0,29.0,Unknown,2.0,38870.44,3.0,3.0
9050439,4.0,57.0,22.0,Unknown,2.0,18297.28,3.0,4.0
4306517,13.0,159.0,41.0,Male,2.0,145106.94,7.0,7.0
6851282,10.0,131.0,61.0,Female,3.0,162322.16999999998,3.0,3.0
8075987,4.0,58.0,28.0,Unknown,2.0,30538.14,1.0,1.0
602618,14.0,169.0,47.0,Male,2.0,116034.8,4.0,4.0
8994450,3.0,46.0,73.0,Unknown,3.0,305980.61,7.0,7.0
8980419,16.0,194.0,67.5,Male,2.0,555830.04,6.0,6.0
693711,7.0,94.0,43.5,Unknown,3.0,84395.33,7.0,7.0
8564411,7.0,93.0,46.0,Female,2.0,61168.79999999999,7.0,7.0
7040196,13.0,159.0,51.5,Male,2.0,35385.6,5.0,5.0
4324163,7.0,88.0,35.5,Unknown,2.0,38078.67999999999,3.0,3.0
9614529,13.0,160.0,52.0,Female,2.0,44488.16,1.0,1.0
6487898,14.0,168.0,36.0,Female,2.0,56855.630000000005,5.0,5.0
6200258,16.0,197.0,61.5,Male,3.0,87962.45999999999,7.0,7.0
9713788,23.0,286.0,60.0,Female,2.0,205229.39,7.0,7.0
8579358,21.0,263.0,56.5,Male,3.0,145145.62,5.0,5.0
3490851,21.0,261.0,51.5,Female,4.0,775224.4600000001,1.0,1.0
4922223,20.0,245.0,17.0,Male,3.0,36686.33,3.0,3.0
6787537,20.0,246.0,50.0,Male,2.0,39206.03,6.0,6.0
8764649,19.0,229.0,23.5,Male,3.0,182293.6,7.0,7.0
7757948,6.0,83.0,64.5,Unknown,2.0,193441.81,3.0,3.0
1643817,5.0,61.0,18.5,Female,2.0,35607.24,7.0,7.0
6844574,9.0,108.0,52.5,Female,2.0,32088.93,2.0,2.0
4408648,15.0,180.0,30.0,Female,2.0,70746.9,3.0,3.0
7718849,9.0,109.0,27.0,Male,4.0,222081.18,6.0,6.0
468854,26.0,321.0,47.0,Female,3.0,926146.03,7.0,7.0
4241668,33.0,402.0,64.5,Female,2.0,17437.85,6.0,6.0
489789,7.0,86.0,25.5,Male,2.0,57330.12,5.0,5.0
3066450,15.0,182.0,72.0,Female,2.0,23440.15,3.0,3.0
121710,13.0,167.0,43.0,Female,2.0,43539.97,7.0,7.0
6644943,15.0,189.0,43.0,Female,2.0,46279.95,4.0,4.0
7408206,5.0,70.0,33.5,Unknown,2.0,21250.22,2.0,2.0
6180348,7.0,84.0,42.0,Unknown,2.0,55057.15,1.0,1.0
9858635,6.0,77.0,30.0,Unknown,2.0,15052.289999999995,7.0,7.0
1389488,5.0,60.0,19.5,Unknown,2.0,47126.89,3.0,3.0
4150550,23.0,278.0,91.5,Male,3.0,156220.72999999998,7.0,7.0
3503098,23.0,277.0,53.0,Female,2.0,20467.73,7.0,7.0
400547,22.0,274.0,55.0,Female,2.0,17158.829999999998,4.0,4.0
7003614,20.0,251.0,72.5,Male,2.0,61065.61,7.0,7.0
8859423,17.0,215.0,51.0,Male,3.0,81432.74,3.0,3.0
6444045,15.0,185.0,27.0,Female,2.0,23581.16,4.0,4.0
3318572,10.0,121.0,27.5,Male,2.0,100934.37,5.0,5.0
6179714,12.0,144.0,41.0,Male,2.0,33853.99,7.0,7.0
1092425,15.0,189.0,43.5,Male,2.0,107662.93,7.0,7.0
835045,15.0,188.0,35.5,Female,2.0,14182.16,7.0,7.0
7365004,10.0,129.0,27.0,Female,2.0,21396.49,3.0,3.0
3936916,28.0,341.0,61.0,Female,2.0,343356.78,7.0,7.0
7935708,7.0,86.0,50.0,Unknown,2.0,109667.54,5.0,5.0
4193722,16.0,203.0,69.5,Male,3.0,1340280.41,4.0,5.0
3801390,4.0,58.0,55.5,Female,2.0,456322.05,1.0,1.0
8517194,47.0,569.0,38.5,Male,2.0,189727.49,3.0,3.0
4526193,15.0,189.0,55.5,Male,2.0,108229.72,3.0,3.0
3780204,38.0,459.0,63.0,Female,2.0,199414.63,5.0,5.0
3357437,35.0,426.0,61.5,Male,2.0,173691.89,3.0,3.0
8343285,9.0,111.0,65.5,Female,2.0,248853.5,1.0,1.0
9297471,30.0,370.0,62.0,Male,2.0,113496.29,3.0,3.0
659992,7.0,86.0,57.0,Unknown,2.0,32098.550000000003,2.0,2.0
7963992,21.0,256.0,65.0,Male,2.0,106661.21,5.0,5.0
7192825,27.0,334.0,65.5,Male,2.0,152158.75,3.0,3.0
7052802,12.0,152.0,29.0,Female,2.0,118528.84,3.0,3.0
7879257,9.0,112.0,57.5,Male,3.0,355741.27,6.0,6.0
5173671,12.0,155.0,35.0,Female,2.0,16146.129999999996,4.0,4.0
2865666,15.0,185.0,62.0,Female,2.0,31876.119999999995,7.0,7.0
4724195,10.0,125.0,28.0,Male,2.0,50907.57,7.0,7.0
9474123,5.0,69.0,19.5,Unknown,2.0,19662.24,7.0,7.0
4259580,11.0,136.0,41.5,Male,2.0,105209.67,7.0,7.0
9119576,10.0,120.0,57.5,Female,2.0,23620.74,1.0,1.0
1664782,12.0,145.0,38.0,Female,2.0,26096.509999999995,3.0,3.0
6066612,14.0,176.0,75.5,Female,2.0,37415.26,3.0,3.0
5707003,15.0,180.0,61.0,Female,2.0,44266.73,2.0,2.0
2889734,5.0,60.0,27.0,Unknown,2.0,27198.05,3.0,3.0
9004158,12.0,155.0,33.5,Female,2.0,74529.95,7.0,7.0
2727295,18.0,227.0,48.5,Male,2.0,642950.9700000001,3.0,3.0
4294246,8.0,102.0,55.0,Unknown,2.0,74971.9,2.0,2.0
847996,14.0,178.0,49.0,Male,2.0,33518.399999999994,1.0,1.0
1893533,13.0,160.0,37.0,Male,2.0,76811.64,7.0,7.0
2976725,14.0,178.0,56.0,Female,2.0,31650.67,3.0,5.0
5019418,5.0,69.0,23.5,Unknown,2.0,33080.67,7.0,7.0
1828893,26.0,316.0,62.5,Male,2.0,152990.64,2.0,2.0
3053288,14.0,176.0,58.5,Female,2.0,94985.3,7.0,7.0
3043310,15.0,183.0,41.0,Male,2.0,33037.509999999995,5.0,5.0
533487,7.0,85.0,21.0,Unknown,4.0,63666.79999999999,4.0,4.0
339683,4.0,55.0,18.0,Unknown,2.0,17591.37,5.0,5.0
4563916,7.0,84.0,65.0,Unknown,2.0,295327.91,3.0,3.0
6653962,5.0,70.0,20.0,Male,2.0,21330.64,6.0,6.0
7300645,11.0,134.0,64.0,Male,2.0,70414.28,7.0,7.0
7062741,8.0,106.0,60.0,Female,2.0,97296.57,4.0,4.0
1888919,5.0,66.0,26.0,Unknown,2.0,28365.55,7.0,7.0
8899945,4.0,57.0,55.0,Unknown,2.0,418772.46,7.0,7.0
4611140,17.0,211.0,59.5,Female,3.0,344990.51,2.0,3.0
787430,6.0,72.0,54.5,Unknown,2.0,38285.06,4.0,4.0
7473086,16.0,193.0,63.0,Male,2.0,128811.19,6.0,6.0
832692,24.0,289.0,50.5,Male,2.0,111578.71,5.0,5.0
2053573,23.0,277.0,45.5,Male,2.0,213787.82,1.0,1.0
6323759,20.0,250.0,43.0,Male,2.0,72370.2,5.0,5.0
4619166,17.0,215.0,57.5,Male,3.0,166027.31,4.0,4.0
3650900,12.0,154.0,55.5,Female,2.0,167036.25,2.0,2.0
4447022,5.0,66.0,44.0,Male,3.0,319170.87,2.0,2.0
8102978,15.0,189.0,56.5,Male,2.0,46340.17,4.0,4.0
1401694,11.0,132.0,28.5,Male,2.0,98153.74,7.0,7.0
6396587,15.0,188.0,29.0,Unknown,2.0,36083.59,7.0,7.0
3497014,8.0,101.0,46.5,Unknown,2.0,421615.61,1.0,1.0
9991190,9.0,108.0,24.5,Male,2.0,25580.68,5.0,5.0
3280860,3.0,41.0,25.5,Unknown,2.0,74476.04999999999,7.0,7.0
1119998,5.0,63.0,23.5,Unknown,2.0,24219.81,5.0,5.0
9712277,5.0,71.0,66.0,Unknown,2.0,118676.43,7.0,7.0
3138733,6.0,83.0,52.5,Female,3.0,211925.65,6.0,6.0
5097536,6.0,77.0,51.0,Unknown,2.0,158717.31,7.0,7.0
7693998,22.0,266.0,46.0,Female,2.0,19850.52,1.0,1.0
4016335,22.0,265.0,55.5,Female,2.0,284670.61,1.0,1.0
8399792,19.0,238.0,24.5,Female,2.0,27201.36,7.0,7.0
7625974,7.0,95.0,61.0,Unknown,2.0,148069.56,7.0,7.0
3190764,5.0,67.0,22.5,Unknown,2.0,67113.69,6.0,6.0
6551670,12.0,149.0,26.0,Male,2.0,27599.15,4.0,4.0
6464099,4.0,58.0,22.0,Unknown,2.0,17974.87,3.0,3.0
6261274,4.0,59.0,23.0,Unknown,3.0,126723.0,6.0,6.0
9367846,17.0,212.0,65.5,Female,2.0,167312.86,5.0,5.0
5475458,10.0,129.0,27.5,Female,2.0,19999.2,2.0,2.0
7018781,15.0,189.0,58.0,Male,2.0,1855432.12,2.0,2.0
4194288,8.0,106.0,34.0,Male,3.0,94211.49,7.0,7.0
237705,8.0,107.0,49.5,Female,2.0,64918.22,5.0,5.0
8088206,15.0,190.0,63.0,Male,2.0,35125.23,6.0,6.0
6511344,17.0,204.0,25.0,Male,2.0,19946.7,4.0,4.0
7475384,10.0,128.0,29.5,Female,2.0,64553.76,1.0,1.0
1550253,15.0,180.0,44.0,Male,2.0,179624.71999999997,7.0,7.0
3249047,9.0,108.0,31.0,Male,2.0,67996.98999999999,2.0,2.0
550198,11.0,142.0,22.0,Unknown,3.0,51831.01,6.0,6.0
4163322,15.0,186.0,42.0,Male,2.0,35046.07,1.0,1.0
2554827,25.0,301.0,66.0,Male,3.0,232655.66,7.0,7.0
1317156,25.0,301.0,61.0,Male,3.0,1149870.39,3.0,3.0
2276527,22.0,273.0,75.0,Male,3.0,168131.06,6.0,6.0
4968325,21.0,255.0,51.0,Female,2.0,693386.06,5.0,5.0
9394844,16.0,194.0,65.5,Male,3.0,102608.76,6.0,6.0
3818912,16.0,193.0,24.5,Male,2.0,17777.32,2.0,2.0
4951427,14.0,172.0,39.5,Female,2.0,46007.67,3.0,3.0
9163132,9.0,118.0,41.5,Female,2.0,22602.21,6.0,6.0
5595627,13.0,166.0,53.0,Female,2.0,147859.81,5.0,5.0
5227386,6.0,80.0,20.0,Female,2.0,22347.8,5.0,5.0
182755,11.0,142.0,21.0,Male,2.0,15792.429999999997,4.0,4.0
5757011,13.0,165.0,61.5,Male,2.0,89844.93,1.0,3.0
6739107,5.0,66.0,51.0,Unknown,2.0,72700.04000000001,1.0,1.0
1302308,6.0,74.0,22.5,Unknown,2.0,29197.1,6.0,6.0
5570988,6.0,79.0,19.5,Unknown,2.0,91199.5,2.0,2.0
7726538,4.0,57.0,59.5,Female,2.0,127920.96,6.0,6.0
8493095,12.0,145.0,41.0,Male,2.0,22644.07,2.0,2.0
3077729,4.0,57.0,25.0,Unknown,2.0,24182.3,7.0,7.0
7409093,24.0,294.0,86.0,Male,3.0,322703.85,7.0,7.0
5399604,21.0,254.0,23.5,Unknown,2.0,24779.56,1.0,1.0
477802,20.0,250.0,40.5,Male,2.0,77552.73,2.0,2.0
1231477,21.0,260.0,57.5,Female,2.0,283967.88,2.0,2.0
2362543,17.0,210.0,47.5,Male,2.0,33409.94,3.0,3.0
3240563,6.0,79.0,62.5,Unknown,2.0,33406.5,4.0,4.0
3592537,7.0,87.0,58.5,Unknown,2.0,231155.93,3.0,3.0
6064386,9.0,108.0,41.0,Male,2.0,15459.199999999995,7.0,7.0
1276035,7.0,85.0,54.0,Unknown,2.0,39172.99,6.0,6.0
6314283,14.0,176.0,36.0,Female,3.0,97539.33,7.0,7.0
4023213,12.0,144.0,36.5,Unknown,2.0,64099.15,3.0,3.0
707360,9.0,108.0,54.0,Male,2.0,177190.90999999997,4.0,4.0
9870670,17.0,215.0,37.0,Male,2.0,15297.62,5.0,5.0
6760386,5.0,70.0,40.5,Unknown,2.0,41140.21,1.0,1.0
2838924,13.0,163.0,51.5,Female,2.0,30608.31,6.0,6.0
9156086,12.0,149.0,31.0,Female,2.0,22489.06,1.0,1.0
1807302,17.0,204.0,60.5,Female,2.0,122606.53,3.0,4.0
2975171,7.0,93.0,24.0,Unknown,3.0,19985.87,2.0,2.0
5529695,28.0,346.0,57.5,Female,2.0,349442.5,7.0,7.0
7740977,10.0,128.0,41.0,Male,2.0,49773.68,4.0,4.0
9852017,14.0,177.0,34.0,Male,4.0,69901.51,5.0,5.0
276452,7.0,84.0,64.5,Unknown,2.0,310851.74,6.0,6.0
9479361,13.0,163.0,56.5,Female,2.0,27910.93,2.0,2.0
3487807,7.0,86.0,49.5,Unknown,2.0,57415.54999999999,5.0,5.0
7837273,4.0,58.0,39.0,Unknown,2.0,374869.55,7.0,7.0
9486451,9.0,119.0,63.0,Female,2.0,39339.58,3.0,3.0
1441284,5.0,60.0,39.5,Unknown,2.0,15585.05,2.0,2.0
2403477,8.0,105.0,57.0,Unknown,2.0,78665.31,2.0,2.0
7032958,15.0,185.0,75.0,Male,2.0,150011.58000000002,6.0,6.0
3982378,18.0,218.0,74.0,Male,2.0,1155791.96,7.0,7.0
5977874,8.0,106.0,64.5,Female,3.0,202858.56,6.0,6.0
9916060,24.0,288.0,56.5,Male,3.0,637051.3200000001,6.0,6.0
5362294,21.0,254.0,57.5,Male,3.0,289884.06,7.0,7.0
7056545,19.0,231.0,35.0,Female,3.0,198595.54,5.0,5.0
6420448,18.0,222.0,47.5,Male,3.0,428157.29,7.0,7.0
5997984,16.0,193.0,69.0,Female,2.0,103479.69,6.0,6.0
9381309,13.0,156.0,31.0,Female,2.0,75964.32,3.0,4.0
2379059,14.0,169.0,62.0,Male,2.0,39785.21,1.0,1.0
6719237,12.0,149.0,33.5,Unknown,2.0,76505.1,1.0,1.0
4855549,8.0,102.0,38.0,Unknown,2.0,245519.17,7.0,7.0
6437650,7.0,94.0,57.0,Unknown,3.0,43892.78,7.0,7.0
4893326,8.0,97.0,66.5,Unknown,2.0,128840.91999999998,3.0,4.0
6965962,18.0,217.0,37.5,Female,2.0,71847.92,4.0,4.0
765731,5.0,71.0,49.0,Unknown,3.0,53679.04,3.0,3.0
7730369,9.0,113.0,27.5,Female,3.0,182825.78,5.0,5.0
8360677,11.0,140.0,25.5,Female,2.0,49475.21,3.0,3.0
7797004,4.0,52.0,27.0,Unknown,2.0,17279.659999999996,1.0,1.0
7486755,15.0,191.0,44.0,Female,2.0,41809.51,2.0,2.0
23400,4.0,58.0,21.0,Unknown,2.0,33051.99,1.0,1.0
2279710,13.0,161.0,35.0,Female,4.0,128518.26,2.0,2.0
71754,15.0,190.0,32.0,Female,3.0,100049.68,3.0,3.0
6436426,4.0,59.0,21.5,Unknown,2.0,18752.91,4.0,4.0
5899110,21.0,256.0,54.5,Female,2.0,59427.25,5.0,5.0
6859124,9.0,108.0,27.0,Male,2.0,26200.65,7.0,7.0
4385248,5.0,66.0,31.5,Male,2.0,76694.23,4.0,4.0
5059332,4.0,58.0,40.5,Unknown,3.0,52444.0,2.0,2.0
6990701,8.0,107.0,35.0,Male,2.0,41697.24,2.0,2.0
2060902,11.0,134.0,56.5,Female,2.0,36006.31,2.0,2.0
2539141,15.0,181.0,37.0,Unknown,2.0,32167.5,2.0,2.0
2442032,15.0,190.0,57.5,Female,2.0,22357.82,6.0,6.0
2209916,5.0,60.0,20.0,Unknown,3.0,19778.35,6.0,6.0
823117,6.0,81.0,56.5,Unknown,3.0,139087.52000000002,7.0,7.0
7631843,7.0,94.0,37.0,Unknown,2.0,64502.94,4.0,4.0
6181362,11.0,140.0,29.5,Female,2.0,80019.4,1.0,1.0
7826976,17.0,209.0,25.0,Female,2.0,37889.3,2.0,2.0
8321648,6.0,77.0,56.5,Male,2.0,187413.12,6.0,6.0
6115271,14.0,177.0,58.0,Male,2.0,566893.13,6.0,6.0
1132428,5.0,70.0,63.0,Female,2.0,345059.11,5.0,5.0
1276023,14.0,173.0,48.0,Female,2.0,53098.34,3.0,3.0
7778501,9.0,112.0,54.5,Female,3.0,74707.76999999999,4.0,4.0
5896515,8.0,98.0,21.5,Unknown,2.0,80220.04,3.0,3.0
6014022,13.0,156.0,48.5,Male,4.0,252989.51,7.0,7.0
2500030,15.0,185.0,29.0,Male,2.0,20356.73,6.0,6.0
1921447,9.0,117.0,26.0,Male,2.0,70389.95,2.0,2.0
8240107,7.0,89.0,51.5,Unknown,2.0,18418.02,1.0,1.0
8680214,6.0,83.0,33.0,Unknown,3.0,96711.29,7.0,7.0
9021608,16.0,200.0,73.5,Female,2.0,71860.95999999999,2.0,3.0
1428255,21.0,259.0,60.5,Male,2.0,56131.600000000006,1.0,1.0
7200545,21.0,254.0,48.5,Male,3.0,62414.25,2.0,2.0
7943196,20.0,246.0,64.0,Male,2.0,233829.84000000003,7.0,7.0
3248418,20.0,243.0,54.5,Male,2.0,148701.59999999998,4.0,4.0
3797045,18.0,219.0,52.0,Male,2.0,14439.199999999995,3.0,3.0
7447213,30.0,363.0,33.5,Female,2.0,19091.19,2.0,2.0
3165345,6.0,72.0,37.5,Unknown,2.0,15163.6,1.0,1.0
4020253,10.0,120.0,65.5,Male,2.0,119900.81,7.0,7.0
2207309,14.0,176.0,38.5,Female,2.0,59256.78,6.0,6.0
8938299,7.0,88.0,64.0,Unknown,2.0,77905.97,4.0,4.0
90337,7.0,84.0,31.5,Unknown,2.0,37592.64,2.0,2.0
4082958,13.0,167.0,54.0,Female,2.0,20134.87,6.0,6.0
966041,8.0,98.0,47.5,Unknown,2.0,16822.5,3.0,3.0
8567672,12.0,152.0,63.0,Female,2.0,18400.57,3.0,3.0
1848798,5.0,60.0,15.5,Unknown,2.0,18942.36,1.0,1.0
111711,8.0,97.0,53.0,Female,2.0,176217.62,2.0,2.0
6958726,10.0,123.0,18.0,Male,2.0,35978.5,4.0,4.0
3472995,5.0,65.0,30.0,Female,2.0,77268.54000000001,3.0,3.0
1754785,7.0,85.0,41.5,Unknown,2.0,32726.53,5.0,5.0
4169078,4.0,59.0,26.5,Unknown,2.0,33905.92999999999,4.0,4.0
9666433,19.0,232.0,42.5,Male,3.0,580900.89,4.0,4.0
5744822,6.0,83.0,46.0,Unknown,2.0,211143.85,7.0,7.0
4439739,14.0,169.0,57.0,Unknown,2.0,45996.92,3.0,3.0
3571568,6.0,81.0,34.0,Male,2.0,17519.809999999998,6.0,6.0
5093629,9.0,117.0,45.0,Male,2.0,20953.81,7.0,7.0
8784942,28.0,345.0,65.0,Male,4.0,252446.82,6.0,6.0
3232463,6.0,74.0,54.5,Unknown,2.0,22239.92,4.0,4.0
9748249,15.0,189.0,75.5,Female,2.0,49303.58,5.0,5.0
3292361,5.0,64.0,58.5,Male,4.0,392349.36,7.0,7.0
4369989,12.0,147.0,67.0,Female,2.0,67183.73999999999,3.0,4.0
2381363,11.0,142.0,47.0,Male,2.0,322137.27,1.0,1.0
1539306,12.0,154.0,33.5,Male,2.0,92874.61,2.0,2.0
7916721,6.0,72.0,27.5,Unknown,2.0,18677.43,1.0,1.0
6919274,14.0,171.0,47.5,Female,2.0,56918.70999999999,4.0,4.0
7943692,4.0,59.0,24.0,Unknown,2.0,17555.699999999997,5.0,5.0
8512879,4.0,57.0,21.5,Unknown,2.0,15012.199999999995,2.0,2.0
9084188,14.0,168.0,48.5,Female,2.0,58426.54000000001,6.0,6.0
4483784,16.0,194.0,62.0,Male,2.0,374333.58,4.0,4.0
8483093,5.0,70.0,23.5,Unknown,3.0,52162.0,5.0,5.0
1114488,4.0,48.0,19.5,Female,4.0,113007.85,7.0,7.0
7940929,13.0,161.0,54.5,Male,2.0,23279.89,2.0,2.0
5065307,12.0,153.0,33.5,Female,3.0,34908.47,1.0,1.0
2063458,34.0,408.0,52.5,Female,2.0,175932.52000000002,4.0,4.0
4745365,7.0,91.0,20.5,Unknown,2.0,19187.56,7.0,7.0
2754352,6.0,73.0,40.5,Unknown,2.0,19389.25,7.0,7.0
7671616,20.0,240.0,49.0,Male,2.0,512214.62,2.0,3.0
3445139,10.0,126.0,28.0,Female,2.0,42941.77,4.0,4.0
3789553,25.0,306.0,50.5,Male,3.0,636977.4800000001,6.0,6.0
7485848,21.0,262.0,39.5,Male,3.0,222562.54,7.0,7.0
4878184,6.0,82.0,52.5,Unknown,2.0,47334.62,1.0,1.0
3709305,12.0,151.0,59.0,Female,2.0,100407.19,6.0,6.0
2252155,10.0,121.0,24.0,Female,3.0,60385.32000000001,7.0,7.0
1348785,14.0,178.0,45.0,Female,2.0,45344.17,5.0,5.0
2764199,23.0,278.0,42.5,Female,2.0,69811.87,5.0,5.0
3489826,4.0,56.0,61.5,Unknown,3.0,83630.86,6.0,6.0
2297530,12.0,150.0,51.0,Male,2.0,65915.86,3.0,3.0
4686045,11.0,142.0,25.5,Female,2.0,111083.24,3.0,3.0
211208,12.0,155.0,44.5,Female,2.0,172894.62,4.0,4.0
3293370,12.0,150.0,30.0,Female,2.0,24922.09,3.0,3.0
3591229,7.0,84.0,55.0,Unknown,2.0,85483.34,7.0,7.0
2997911,15.0,180.0,61.5,Female,2.0,98560.99,1.0,2.0
6783551,16.0,193.0,63.5,Male,2.0,51456.75,5.0,5.0
3988073,7.0,85.0,35.5,Unknown,2.0,27636.82,4.0,4.0
3095445,21.0,261.0,61.0,Female,2.0,17658.909999999996,2.0,2.0
8456229,7.0,91.0,28.0,Unknown,2.0,47022.34,4.0,4.0
9594042,7.0,94.0,37.5,Unknown,2.0,78829.5,7.0,7.0
6325685,15.0,189.0,62.5,Male,2.0,192879.1,2.0,3.0
4509669,15.0,182.0,50.5,Male,2.0,97185.91,1.0,1.0
7534507,17.0,212.0,38.5,Male,2.0,24388.94,6.0,6.0
268746,7.0,94.0,52.0,Unknown,2.0,22223.39,3.0,3.0
9725781,8.0,106.0,65.0,Female,2.0,272188.36,4.0,4.0
2911793,13.0,159.0,40.0,Female,2.0,135070.09,4.0,4.0
6673346,4.0,56.0,23.0,Unknown,2.0,43168.34,3.0,3.0
8882811,12.0,154.0,17.0,Male,3.0,55762.41,7.0,7.0
747225,5.0,71.0,45.5,Unknown,2.0,23958.36,3.0,3.0
6160479,13.0,166.0,37.0,Male,2.0,22400.79,1.0,1.0
2953905,11.0,143.0,21.5,Female,3.0,72184.48999999999,5.0,5.0
3431569,12.0,154.0,28.5,Female,2.0,70680.29999999999,3.0,3.0
3644810,9.0,117.0,44.5,Male,2.0,132938.47,3.0,3.0
6448462,5.0,69.0,21.0,Unknown,2.0,20838.95,2.0,2.0
5125049,6.0,75.0,24.5,Unknown,3.0,119121.5,2.0,2.0
4690158,6.0,76.0,54.5,Female,3.0,298978.72,4.0,4.0
1105225,21.0,262.0,45.5,Male,2.0,20188.76,4.0,4.0
1941355,20.0,251.0,61.0,Female,4.0,310149.42,7.0,7.0
7096472,9.0,111.0,60.0,Female,3.0,227223.88,1.0,1.0
3335405,30.0,370.0,63.5,Male,4.0,2928877.94,3.0,4.0
4606624,4.0,58.0,29.5,Unknown,4.0,66339.93,3.0,3.0
5037817,7.0,92.0,21.0,Unknown,2.0,58584.31,4.0,4.0
3851929,11.0,141.0,34.0,Female,2.0,53488.5,3.0,3.0
5587639,6.0,80.0,46.0,Unknown,2.0,14315.48,5.0,5.0
3828829,5.0,69.0,24.5,Unknown,2.0,19303.72,6.0,6.0
7238643,13.0,167.0,43.5,Female,3.0,532217.21,7.0,7.0
3625257,9.0,109.0,49.5,Male,2.0,44754.81,4.0,4.0
5759725,4.0,58.0,60.0,Unknown,3.0,65829.98999999999,3.0,3.0
836667,5.0,66.0,31.5,Male,2.0,74216.44,3.0,3.0
6158517,13.0,167.0,68.0,Female,2.0,31256.27,1.0,1.0
2012084,13.0,157.0,52.0,Male,2.0,107971.1,7.0,7.0
6064747,4.0,59.0,47.5,Unknown,2.0,1214332.41,3.0,3.0
5293748,9.0,110.0,47.5,Female,2.0,47487.46,4.0,4.0
2227164,4.0,58.0,25.0,Male,2.0,31478.65,2.0,2.0
8950816,13.0,166.0,66.5,Female,2.0,22409.5,5.0,5.0
4408726,9.0,111.0,30.5,Female,2.0,70647.79000000001,6.0,6.0
2061229,6.0,73.0,26.0,Unknown,2.0,29736.94,5.0,5.0
9580585,32.0,385.0,61.0,Female,2.0,165557.62,7.0,7.0
808944,9.0,113.0,30.0,Female,2.0,22396.24,2.0,2.0
7514624,9.0,112.0,22.5,Male,2.0,40645.14,6.0,6.0
7681602,11.0,142.0,32.5,Male,2.0,113955.58,2.0,2.0
8103423,24.0,289.0,57.0,Male,2.0,22279.06,5.0,5.0
9785928,22.0,275.0,63.0,Female,2.0,332016.9,6.0,6.0
7413459,22.0,270.0,46.5,Female,4.0,202407.56,6.0,6.0
2319474,21.0,260.0,52.0,Female,3.0,502720.33,4.0,4.0
9907305,20.0,241.0,50.5,Female,2.0,43335.09,3.0,3.0
647162,16.0,202.0,73.0,Female,2.0,49833.8,7.0,7.0
3384359,16.0,199.0,39.0,Male,4.0,678284.06,6.0,6.0
7908009,15.0,186.0,54.5,Male,2.0,201974.86,3.0,3.0
7695645,13.0,162.0,24.0,Male,2.0,26259.77,2.0,2.0
9559129,12.0,151.0,60.0,Male,2.0,18919.1,4.0,4.0
5956486,5.0,70.0,29.0,Male,2.0,41335.9,7.0,7.0
3604756,4.0,59.0,15.5,Unknown,2.0,33146.53999999999,3.0,3.0
238595,4.0,59.0,19.0,Unknown,2.0,41083.47,4.0,4.0
60327,15.0,183.0,29.5,Female,2.0,129029.43,2.0,2.0
3466860,10.0,121.0,61.5,Unknown,2.0,66303.22,1.0,1.0
5299163,8.0,106.0,26.0,Male,2.0,16410.039999999997,1.0,1.0
3672301,26.0,321.0,74.5,Male,2.0,92117.55,3.0,3.0
9692458,12.0,154.0,29.5,Male,2.0,80116.56999999999,2.0,2.0
3868355,4.0,57.0,19.0,Male,2.0,29693.44,4.0,4.0
3881521,5.0,69.0,60.0,Female,3.0,428563.91,7.0,7.0
4919327,4.0,56.0,31.5,Unknown,3.0,33470.399999999994,4.0,4.0
8560268,13.0,159.0,34.5,Male,4.0,147990.59999999998,6.0,6.0
3552807,5.0,70.0,54.5,Unknown,2.0,28082.59,3.0,3.0
8182784,33.0,406.0,71.5,Male,3.0,2102026.89,7.0,7.0
1076575,5.0,66.0,33.0,Unknown,2.0,26259.92,4.0,4.0
1326159,4.0,58.0,28.5,Male,3.0,68266.83,4.0,4.0
4380448,10.0,125.0,46.0,Male,3.0,15778.169999999998,7.0,7.0
1687105,9.0,110.0,38.0,Male,2.0,53055.97,1.0,1.0
7919554,21.0,259.0,18.0,Female,2.0,19701.8,1.0,1.0
948175,21.0,257.0,54.5,Female,2.0,24144.56,4.0,4.0
3153543,17.0,214.0,28.0,Female,3.0,60601.58,7.0,7.0
9052030,29.0,359.0,77.0,Male,4.0,381986.45,7.0,7.0
2081578,10.0,120.0,59.5,Female,2.0,64015.75,7.0,7.0
3946836,3.0,39.0,18.0,Unknown,2.0,20067.47,4.0,4.0
8728320,5.0,69.0,24.0,Unknown,2.0,31798.56,7.0,7.0
3097163,22.0,273.0,49.0,Female,2.0,66213.73999999999,3.0,3.0
4122618,5.0,61.0,20.5,Unknown,2.0,34390.17,1.0,1.0
7823133,19.0,231.0,51.0,Female,2.0,103806.82,4.0,4.0
9819244,6.0,72.0,58.0,Unknown,2.0,22546.95,7.0,7.0
9146064,20.0,242.0,57.0,Male,3.0,80007.37,7.0,7.0
7384266,11.0,136.0,50.0,Male,2.0,53925.67,3.0,3.0
2455910,4.0,57.0,21.5,Unknown,3.0,19754.71,3.0,3.0
5710628,6.0,82.0,25.5,Unknown,3.0,24362.33,7.0,7.0
3368380,11.0,141.0,42.0,Female,2.0,27986.53,3.0,3.0
1416483,8.0,103.0,55.5,Unknown,2.0,130130.53,3.0,3.0
7781858,6.0,72.0,64.5,Female,2.0,117254.27,1.0,1.0
6588886,13.0,156.0,58.0,Female,2.0,100092.56,4.0,4.0
9830081,5.0,64.0,50.0,Unknown,2.0,22526.84,6.0,6.0
5706975,23.0,285.0,46.0,Female,2.0,180953.83,7.0,7.0
5672404,20.0,251.0,30.0,Female,2.0,59392.26999999999,3.0,3.0
1448304,18.0,216.0,57.5,Female,2.0,179048.27999999997,1.0,1.0
8833300,9.0,110.0,60.5,Female,2.0,175341.0,1.0,1.0
1733179,8.0,101.0,53.5,Unknown,2.0,85832.25,1.0,1.0
7055267,11.0,139.0,39.5,Unknown,2.0,28723.95,1.0,1.0
6516861,8.0,104.0,64.0,Female,2.0,190001.21,7.0,7.0
4892391,5.0,66.0,35.0,Unknown,3.0,83568.12,7.0,7.0
6855360,20.0,242.0,56.5,Male,4.0,61382.36,7.0,7.0
3266955,24.0,293.0,56.0,Male,2.0,22893.56,3.0,3.0
704135,6.0,73.0,39.0,Male,2.0,38011.7,7.0,7.0
9932901,19.0,235.0,53.0,Unknown,2.0,44488.52,7.0,7.0
8101422,3.0,43.0,30.0,Unknown,2.0,125677.34,4.0,4.0
7403214,5.0,61.0,54.0,Female,2.0,22973.59,3.0,3.0
7653253,6.0,83.0,37.5,Unknown,2.0,390026.57,3.0,3.0
8996115,5.0,71.0,37.0,Unknown,2.0,38891.42999999999,1.0,1.0
2534639,12.0,154.0,38.5,Female,2.0,24126.21,1.0,1.0
65700,21.0,254.0,21.5,Male,3.0,82065.4,5.0,5.0
5158131,10.0,130.0,48.5,Male,3.0,436853.8,7.0,7.0
1940422,15.0,190.0,37.5,Male,2.0,130812.31,7.0,7.0
1750487,12.0,145.0,63.0,Female,2.0,146845.46999999997,2.0,2.0
4677780,12.0,149.0,37.0,Male,2.0,251826.57,4.0,4.0
8218712,15.0,180.0,50.0,Male,2.0,1207000.68,5.0,5.0
8839070,6.0,72.0,34.0,Unknown,3.0,80411.92,7.0,7.0
9423748,21.0,253.0,67.5,Male,3.0,1290226.27,7.0,7.0
4338326,8.0,101.0,36.0,Unknown,3.0,58039.2,7.0,7.0
4505152,12.0,154.0,64.5,Male,2.0,332471.22,7.0,7.0
9132167,8.0,106.0,48.5,Male,2.0,84495.92,4.0,4.0
6295225,4.0,57.0,23.5,Unknown,2.0,28157.22,1.0,1.0
7082851,7.0,95.0,47.5,Unknown,2.0,53634.45,6.0,6.0
3562193,5.0,69.0,65.5,Unknown,2.0,99365.76,2.0,2.0
3699560,11.0,141.0,44.5,Female,2.0,49680.4,2.0,2.0
3259585,14.0,176.0,37.0,Female,2.0,121868.03,2.0,2.0
7983325,7.0,88.0,21.5,Unknown,2.0,24743.42,7.0,7.0
4680632,6.0,73.0,23.5,Unknown,2.0,27069.18,7.0,7.0
9855852,15.0,191.0,56.0,Female,2.0,89390.15,4.0,4.0
6562297,13.0,160.0,29.5,Male,2.0,37428.19,1.0,1.0
3919711,9.0,109.0,71.5,Female,2.0,38289.98,5.0,5.0
2529508,13.0,161.0,49.0,Male,2.0,174042.69,4.0,4.0
4385054,27.0,333.0,47.5,Female,2.0,97122.61,3.0,3.0
3573733,6.0,78.0,69.0,Unknown,2.0,100262.17,4.0,4.0
9575246,24.0,295.0,43.0,Unknown,2.0,59207.31,3.0,3.0
5437081,19.0,234.0,23.5,Male,2.0,30482.7,4.0,4.0
1099247,17.0,214.0,53.5,Male,3.0,86335.26,3.0,3.0
9974065,17.0,208.0,59.0,Female,2.0,84061.06,7.0,7.0
8707827,16.0,203.0,57.0,Male,2.0,118844.74,1.0,1.0
9350571,8.0,99.0,60.0,Unknown,2.0,34794.39,1.0,1.0
7386503,16.0,199.0,30.0,Male,3.0,66520.33,2.0,2.0
5498440,14.0,168.0,36.0,Male,2.0,48221.1,1.0,1.0
9494268,15.0,189.0,48.5,Female,2.0,105629.97,3.0,3.0
3737583,13.0,167.0,45.0,Male,2.0,13805.05,4.0,4.0
6657524,16.0,192.0,65.0,Male,2.0,149849.34999999998,3.0,3.0
9233111,6.0,76.0,66.5,Unknown,2.0,100017.97,7.0,7.0
9265119,38.0,466.0,75.5,Female,2.0,94738.86,6.0,6.0
8968976,8.0,99.0,35.5,Unknown,2.0,360547.86,2.0,2.0
5542586,5.0,70.0,44.0,Unknown,2.0,84202.29,3.0,3.0
8065543,13.0,166.0,29.0,Male,4.0,697374.3200000001,6.0,6.0
8524836,6.0,73.0,39.5,Unknown,2.0,27129.31,2.0,2.0
8940130,15.0,180.0,30.0,Unknown,2.0,26487.509999999995,1.0,1.0
200638,5.0,71.0,55.0,Unknown,2.0,18986.18,1.0,1.0
741123,33.0,403.0,67.0,Female,2.0,68923.23999999999,3.0,3.0
2494046,12.0,152.0,56.0,Female,2.0,66725.78,1.0,1.0
6058354,8.0,106.0,35.0,Female,2.0,120647.85,1.0,1.0
1365225,8.0,106.0,52.0,Female,2.0,35258.19,1.0,1.0
5602904,21.0,262.0,44.0,Male,2.0,182380.18,4.0,4.0
5233320,20.0,250.0,37.0,Female,2.0,85804.03,3.0,3.0
4187697,20.0,242.0,65.5,Male,2.0,756625.9500000001,4.0,4.0
4568630,19.0,234.0,37.0,Male,3.0,89799.92,7.0,7.0
3797407,15.0,183.0,41.5,Female,2.0,44250.01,5.0,5.0
9226528,16.0,198.0,38.5,Female,2.0,48604.44,1.0,1.0
6982174,10.0,121.0,53.5,Female,2.0,14365.03,4.0,4.0
5786643,13.0,166.0,36.5,Male,2.0,258524.44,2.0,2.0
9169586,12.0,148.0,37.0,Male,2.0,27538.94,3.0,3.0
8818621,16.0,202.0,49.0,Female,2.0,196162.11,5.0,5.0
6992460,13.0,156.0,26.0,Male,2.0,46641.51,1.0,1.0
1039765,13.0,166.0,22.0,Female,2.0,73967.95,1.0,1.0
6151436,6.0,83.0,49.0,Unknown,2.0,61426.73999999999,2.0,2.0
4333837,5.0,66.0,40.5,Female,2.0,164975.51,1.0,1.0
5978781,6.0,74.0,26.0,Unknown,2.0,238748.61,7.0,7.0
6200563,12.0,147.0,44.0,Female,2.0,110919.08,4.0,4.0
9896895,5.0,66.0,21.5,Unknown,2.0,18242.72,1.0,1.0
8274938,12.0,146.0,29.5,Male,3.0,2328811.42,5.0,5.0
186646,4.0,59.0,32.5,Unknown,5.0,142244.31,4.0,4.0
659154,13.0,156.0,71.0,Female,2.0,21381.97,3.0,3.0
1698849,9.0,109.0,22.5,Female,2.0,33000.23,1.0,1.0
6722673,24.0,289.0,52.5,Male,4.0,88435.04,7.0,7.0
8122474,14.0,174.0,45.5,Female,2.0,123266.72,2.0,2.0
6866218,15.0,181.0,60.5,Female,3.0,503917.89,7.0,7.0
5927319,6.0,82.0,32.5,Female,4.0,324781.54,6.0,6.0
2345451,4.0,58.0,21.0,Unknown,2.0,39497.56,3.0,3.0
88709,24.0,296.0,56.0,Female,2.0,68461.51,4.0,4.0
360629,22.0,270.0,16.0,Unknown,2.0,36546.28999999999,3.0,3.0
3482460,21.0,258.0,75.0,Male,2.0,123376.15,4.0,4.0
6993020,21.0,254.0,18.0,Female,2.0,56121.86,7.0,7.0
4553212,14.0,178.0,27.5,Female,2.0,31633.64,1.0,1.0
8269919,29.0,357.0,76.5,Male,4.0,93016.39,3.0,3.0
7489766,5.0,64.0,19.0,Unknown,3.0,47920.98,2.0,2.0
4953494,16.0,195.0,76.0,Male,2.0,284121.12,5.0,5.0
5597914,26.0,317.0,62.5,Female,2.0,244223.48,4.0,4.0
3514232,6.0,72.0,24.5,Male,3.0,28642.46,6.0,6.0
3220295,4.0,56.0,27.5,Unknown,2.0,31178.11,5.0,5.0
3595807,5.0,71.0,54.0,Female,2.0,31434.42,5.0,5.0
8937438,6.0,82.0,57.5,Unknown,2.0,23197.63,2.0,2.0
804478,7.0,86.0,31.0,Unknown,3.0,78917.29999999999,4.0,4.0
6063313,5.0,64.0,35.0,Unknown,2.0,49345.26,4.0,4.0
5272363,7.0,94.0,44.5,Unknown,2.0,22073.99,3.0,3.0
6690652,14.0,174.0,64.5,Female,2.0,30151.61,7.0,7.0
9786291,8.0,101.0,52.0,Unknown,2.0,132110.72,1.0,1.0
5038431,21.0,263.0,45.0,Male,3.0,302590.96,3.0,3.0
2490437,10.0,130.0,52.5,Female,2.0,20161.01,7.0,7.0
2937185,9.0,110.0,39.0,Male,2.0,80469.74,5.0,5.0
9539539,7.0,88.0,32.5,Unknown,2.0,32115.99,4.0,4.0
6292208,4.0,58.0,25.5,Unknown,2.0,20804.19,1.0,1.0
3980404,8.0,101.0,25.0,Unknown,3.0,70433.5,7.0,7.0
3446412,4.0,56.0,16.5,Unknown,3.0,88492.98,7.0,7.0
6388653,17.0,210.0,46.0,Male,2.0,321918.24,6.0,6.0
2878614,5.0,60.0,61.5,Unknown,2.0,86426.62,3.0,3.0
5996235,5.0,60.0,20.5,Unknown,5.0,56225.600000000006,7.0,7.0
350393,15.0,186.0,41.0,Female,2.0,16594.37,1.0,1.0
4467904,8.0,105.0,32.0,Male,2.0,15651.3,1.0,1.0
6507985,15.0,183.0,68.0,Female,2.0,682825.39,5.0,5.0
2254196,4.0,59.0,19.0,Unknown,2.0,17505.25,3.0,3.0
6900564,4.0,58.0,51.5,Unknown,3.0,157537.46999999997,4.0,4.0
2799227,6.0,79.0,46.0,Female,2.0,47943.73,2.0,2.0
6270940,25.0,307.0,18.0,Male,2.0,17953.14,1.0,1.0
2531870,22.0,273.0,60.5,Unknown,2.0,140509.82,2.0,2.0
8785644,22.0,269.0,60.0,Male,3.0,970773.79,7.0,7.0
5380749,15.0,191.0,24.5,Male,2.0,23165.16,3.0,3.0
279774,16.0,195.0,17.5,Female,2.0,25119.93,4.0,4.0
910422,5.0,69.0,48.5,Female,2.0,24643.45,2.0,2.0
3225047,13.0,157.0,20.5,Female,2.0,15238.879999999996,3.0,3.0
4292677,4.0,58.0,19.5,Unknown,2.0,17485.3,7.0,7.0
387435,8.0,105.0,54.0,Female,2.0,155191.52000000002,3.0,3.0
4598940,28.0,337.0,42.5,Male,2.0,13836.949999999995,3.0,3.0
1819908,9.0,109.0,24.0,Male,2.0,342147.78,7.0,7.0
6341503,14.0,179.0,26.5,Male,2.0,15962.519999999997,7.0,7.0
198714,16.0,203.0,29.5,Male,2.0,65272.76999999999,1.0,1.0
1218042,6.0,75.0,75.0,Unknown,2.0,40672.28,3.0,3.0
5643685,25.0,308.0,70.0,Male,2.0,106978.07,3.0,3.0
3182136,24.0,291.0,54.5,Male,2.0,37569.55,4.0,4.0
5890198,21.0,256.0,63.0,Female,4.0,344859.92,3.0,3.0
5249288,21.0,253.0,50.5,Male,2.0,27404.78,5.0,5.0
2546358,13.0,165.0,26.0,Male,2.0,23118.71,4.0,4.0
4420907,4.0,58.0,49.0,Unknown,2.0,56162.06,6.0,6.0
1684341,15.0,187.0,30.5,Female,2.0,19885.72,1.0,1.0
858040,15.0,183.0,33.5,Female,2.0,57929.64,7.0,7.0
5403462,27.0,325.0,49.5,Male,3.0,160546.8,3.0,4.0
7419351,15.0,180.0,36.0,Male,2.0,480873.81,7.0,7.0
8854492,9.0,108.0,34.0,Female,2.0,69702.38,7.0,7.0
6901597,23.0,278.0,19.0,Male,2.0,48249.57,6.0,6.0
3275569,8.0,107.0,40.5,Male,2.0,53873.34,1.0,1.0
2318433,24.0,296.0,71.5,Male,2.0,35233.67,1.0,1.0
4596411,21.0,254.0,24.0,Male,2.0,39938.13,3.0,3.0
8009251,23.0,282.0,49.5,Male,3.0,4147829.56,7.0,7.0
6974182,16.0,197.0,64.0,Male,2.0,30415.96,4.0,4.0
1168138,13.0,157.0,45.5,Male,2.0,61282.72,5.0,5.0
5884902,7.0,94.0,65.0,Unknown,2.0,221586.65,7.0,7.0
9048720,6.0,83.0,66.0,Unknown,2.0,37722.76,2.0,3.0
437609,12.0,150.0,34.0,Male,2.0,50273.22,3.0,3.0
5038817,16.0,203.0,57.5,Male,2.0,24255.77,3.0,3.0
6619878,5.0,66.0,32.5,Unknown,2.0,34798.59,1.0,1.0
4383252,5.0,69.0,22.0,Unknown,2.0,26236.59,7.0,7.0
8278209,4.0,58.0,62.5,Female,2.0,96307.68,5.0,5.0
4199286,16.0,193.0,65.0,Female,2.0,78179.73,1.0,1.0
6598368,13.0,157.0,75.5,Female,2.0,67267.16,1.0,1.0
9312853,5.0,62.0,61.5,Unknown,2.0,44547.67,2.0,2.0
3644708,10.0,128.0,32.5,Male,2.0,130175.15,5.0,5.0
7160977,16.0,196.0,39.0,Female,2.0,45351.69,2.0,2.0
2314077,10.0,127.0,49.0,Female,2.0,53581.11,5.0,5.0
5401867,10.0,125.0,42.0,Female,2.0,105624.81,7.0,7.0
6818868,4.0,57.0,22.5,Unknown,3.0,37293.52,4.0,4.0
9562920,4.0,52.0,63.0,Male,2.0,322597.03,3.0,3.0
644800,24.0,293.0,52.5,Female,2.0,462520.41,7.0,7.0
113022,55.0,667.0,68.0,Female,4.0,441358.56,3.0,3.0
1994073,21.0,263.0,55.5,Male,3.0,162081.59999999998,6.0,6.0
4517160,21.0,256.0,53.5,Male,2.0,933271.37,4.0,4.0
6228667,26.0,316.0,68.5,Female,2.0,37087.9,6.0,6.0
2048733,29.0,349.0,57.5,Female,2.0,17314.989999999998,4.0,4.0
8526152,19.0,228.0,64.5,Male,2.0,526055.78,7.0,7.0
8891070,23.0,287.0,29.0,Female,3.0,248591.55,7.0,7.0
1555531,15.0,190.0,43.5,Male,2.0,48554.01,7.0,7.0
8676765,13.0,156.0,42.0,Male,3.0,1065228.01,7.0,7.0
5144392,11.0,142.0,27.0,Female,2.0,60837.95999999999,3.0,3.0
5452359,7.0,86.0,62.5,Unknown,2.0,28546.8,5.0,5.0
7761317,12.0,145.0,55.5,Male,2.0,173543.75,3.0,3.0
9015073,15.0,189.0,50.5,Unknown,2.0,45888.96,4.0,4.0
2360789,16.0,196.0,60.5,Unknown,2.0,18107.68,4.0,4.0
8534824,7.0,91.0,32.0,Unknown,2.0,62971.0,2.0,2.0
1669756,16.0,193.0,55.0,Male,2.0,64570.06,7.0,7.0
8025105,8.0,104.0,42.5,Male,2.0,261068.0,1.0,1.0
1339584,15.0,189.0,35.5,Female,2.0,30236.02,1.0,1.0
5732558,10.0,121.0,33.0,Male,2.0,35520.25,3.0,3.0
174111,15.0,182.0,80.5,Female,2.0,53690.38,6.0,6.0
4588174,27.0,335.0,51.0,Female,2.0,243415.25,2.0,2.0
6553561,26.0,319.0,56.0,Male,2.0,124351.93,5.0,5.0
2763453,13.0,165.0,23.0,Male,3.0,142309.86,7.0,7.0
7247154,17.0,204.0,34.5,Male,3.0,112844.13,4.0,4.0
9924161,13.0,157.0,52.0,Unknown,2.0,23373.93,1.0,1.0
9988490,15.0,182.0,50.0,Male,2.0,885306.43,1.0,1.0
289182,13.0,161.0,75.0,Female,2.0,106749.28,3.0,3.0
2331054,7.0,91.0,20.5,Unknown,4.0,40181.02,7.0,7.0
5951041,43.0,516.0,24.5,Male,4.0,257539.33,7.0,7.0
6468782,21.0,252.0,52.0,Female,3.0,57451.23,4.0,4.0
9183356,19.0,232.0,66.0,Female,2.0,223656.67,6.0,6.0
4907502,18.0,221.0,40.0,Female,4.0,90637.99,5.0,5.0
1851561,9.0,111.0,67.5,Female,2.0,88968.45999999999,3.0,3.0
1629024,13.0,163.0,26.5,Female,2.0,118531.89,6.0,6.0
3276542,6.0,73.0,53.0,Female,2.0,86599.92,5.0,5.0
7760432,8.0,103.0,45.5,Male,2.0,17602.059999999998,2.0,2.0
4121995,11.0,142.0,42.0,Male,2.0,46607.66,2.0,2.0
3585437,13.0,157.0,36.0,Female,2.0,93161.33,2.0,2.0
3307681,22.0,265.0,37.0,Male,2.0,258598.55,2.0,2.0
2330645,15.0,180.0,44.5,Male,2.0,33729.57,2.0,2.0
7648466,20.0,246.0,44.5,Male,2.0,54505.31,1.0,1.0
5898853,5.0,71.0,59.5,Female,2.0,114936.49,1.0,1.0
8972568,14.0,168.0,41.5,Unknown,3.0,116461.14,3.0,3.0
3569793,7.0,89.0,53.5,Unknown,2.0,140209.91,2.0,2.0
4179950,10.0,125.0,27.5,Female,3.0,166338.55,2.0,2.0
7152676,14.0,179.0,48.5,Female,2.0,30225.86,1.0,1.0
6150939,13.0,156.0,41.5,Female,3.0,98468.17,7.0,7.0
7437182,12.0,148.0,29.0,Female,2.0,77179.36,7.0,7.0
9565989,8.0,101.0,34.5,Unknown,2.0,54739.5,2.0,2.0
3095964,7.0,89.0,60.0,Unknown,3.0,349599.06,7.0,7.0
3640679,11.0,133.0,38.0,Female,2.0,28417.52,6.0,6.0
2806204,11.0,142.0,69.0,Female,2.0,38311.66,5.0,5.0
3329074,4.0,59.0,14.5,Unknown,3.0,37138.97,4.0,4.0
5057483,7.0,89.0,58.5,Unknown,2.0,53663.83,6.0,6.0
548687,5.0,70.0,29.0,Unknown,3.0,42328.41,6.0,7.0
2760529,17.0,213.0,37.0,Female,2.0,39680.52,2.0,2.0
3541532,6.0,78.0,22.0,Male,2.0,15897.03,3.0,3.0
9497505,12.0,153.0,57.5,Male,2.0,215974.99,6.0,6.0
9989367,34.0,409.0,57.0,Male,2.0,29945.21,2.0,2.0
7364386,12.0,147.0,59.0,Male,3.0,99317.05,4.0,4.0
734528,22.0,267.0,47.5,Unknown,3.0,257606.2,6.0,6.0
5485053,22.0,265.0,44.5,Female,2.0,141129.93,6.0,6.0
8341017,21.0,253.0,66.5,Female,2.0,1217959.11,6.0,6.0
1537745,6.0,73.0,25.5,Unknown,2.0,42858.15,6.0,6.0
3708170,6.0,72.0,28.0,Unknown,3.0,86502.26,7.0,7.0
5600611,5.0,68.0,28.0,Unknown,2.0,21540.85,7.0,7.0
4825442,15.0,184.0,70.5,Male,2.0,239466.14,3.0,3.0
853029,6.0,83.0,27.5,Unknown,2.0,23645.5,7.0,7.0
2510782,14.0,177.0,29.0,Female,2.0,18509.44,3.0,3.0
5260359,15.0,180.0,68.5,Male,3.0,2222999.26,5.0,5.0
5831887,10.0,130.0,20.5,Female,2.0,13929.899999999998,5.0,5.0
3731827,10.0,128.0,25.0,Female,2.0,38606.42999999999,1.0,1.0
438222,18.0,221.0,47.5,Female,2.0,15051.19,4.0,4.0
6817389,15.0,187.0,38.5,Male,3.0,171464.43,3.0,3.0
5739597,7.0,88.0,57.5,Unknown,2.0,32324.22,1.0,1.0
9897450,7.0,92.0,60.5,Unknown,3.0,176053.33000000002,4.0,4.0
3595133,5.0,71.0,18.0,Unknown,2.0,28014.95,2.0,2.0
6057065,5.0,60.0,61.0,Male,4.0,626516.0900000001,7.0,7.0
3724184,21.0,253.0,49.0,Male,2.0,16387.289999999997,3.0,3.0
2892417,17.0,210.0,26.5,Female,2.0,39156.15,2.0,2.0
4052085,8.0,97.0,39.5,Unknown,2.0,28355.84,3.0,3.0
1135365,15.0,189.0,40.0,Female,2.0,52251.74,1.0,1.0
612768,7.0,86.0,33.0,Unknown,2.0,69557.0,7.0,7.0
92119,5.0,65.0,67.0,Unknown,2.0,1019179.34,6.0,6.0
9962023,6.0,74.0,25.5,Unknown,2.0,28425.54,1.0,1.0
6105748,7.0,92.0,17.5,Unknown,4.0,117927.05,5.0,5.0
9962450,11.0,136.0,27.0,Male,2.0,47089.73,3.0,3.0
2292046,13.0,156.0,33.0,Male,2.0,95509.03,7.0,7.0
566948,8.0,100.0,56.5,Unknown,2.0,128452.16,5.0,5.0
6396134,9.0,108.0,26.0,Female,2.0,31008.49,4.0,4.0
9276363,15.0,191.0,27.5,Female,2.0,32762.82,7.0,7.0
7923606,12.0,155.0,70.0,Female,2.0,17473.82,1.0,1.0
9814142,6.0,77.0,24.5,Unknown,2.0,24067.85,2.0,2.0
9255478,19.0,230.0,44.5,Male,2.0,94391.75,6.0,6.0
253984,33.0,404.0,53.0,Female,3.0,46323.77,1.0,1.0
7412491,14.0,179.0,27.5,Male,2.0,28420.39,2.0,2.0
5138965,6.0,83.0,46.5,Unknown,2.0,69188.39,3.0,3.0
8650177,10.0,123.0,39.5,Female,2.0,17834.12,2.0,2.0
4781122,24.0,288.0,23.0,Male,3.0,48279.26,6.0,6.0
1273908,20.0,245.0,73.0,Female,4.0,842468.88,7.0,7.0
3600833,19.0,228.0,50.5,Female,2.0,78150.47,7.0,7.0
4127511,4.0,51.0,44.0,Unknown,2.0,20822.67,1.0,1.0
2005987,8.0,107.0,44.0,Male,2.0,29951.94,3.0,3.0
1427670,6.0,81.0,59.5,Unknown,4.0,502797.71,7.0,7.0
5422375,20.0,250.0,34.0,Unknown,2.0,117818.16,3.0,3.0
8603463,9.0,115.0,59.5,Unknown,2.0,45878.15,1.0,1.0
630598,5.0,71.0,32.0,Unknown,4.0,104519.99,7.0,7.0
2348469,13.0,158.0,50.5,Male,2.0,21917.57,2.0,2.0
9915658,19.0,238.0,67.0,Male,2.0,26242.63,7.0,7.0
4062070,6.0,74.0,15.5,Unknown,2.0,20380.05,3.0,3.0
453492,5.0,70.0,50.5,Male,2.0,22678.48,7.0,7.0
4938149,14.0,174.0,32.0,Female,2.0,41340.48,2.0,2.0
8371065,13.0,156.0,43.0,Male,2.0,271375.91,1.0,1.0
6290401,14.0,171.0,51.0,Female,2.0,70507.06,4.0,4.0
6144484,11.0,133.0,63.5,Male,2.0,146390.75,6.0,6.0
6962590,12.0,153.0,68.5,Female,2.0,169477.87,5.0,5.0
9471297,27.0,334.0,50.0,Female,4.0,428131.81,6.0,6.0
6666166,9.0,119.0,49.5,Female,2.0,46918.31,7.0,7.0
7490568,7.0,87.0,35.0,Female,3.0,87062.42,2.0,2.0
2011005,4.0,59.0,39.0,Unknown,2.0,21472.28,2.0,2.0
3594754,5.0,63.0,29.5,Unknown,2.0,21047.43,1.0,1.0
9478207,3.0,47.0,59.5,Unknown,3.0,84409.98,4.0,4.0
5665962,6.0,72.0,23.5,Unknown,2.0,35560.67,7.0,7.0
7849600,19.0,231.0,41.5,Female,2.0,54585.13,1.0,1.0
8263960,6.0,79.0,31.0,Female,2.0,27387.82,3.0,3.0
7229425,8.0,104.0,41.5,Male,2.0,63776.03,2.0,2.0
482780,8.0,104.0,62.5,Female,2.0,76457.70999999999,1.0,1.0
750080,7.0,85.0,47.5,Unknown,3.0,17625.12,6.0,6.0
9150129,7.0,86.0,36.5,Unknown,2.0,59350.64,1.0,1.0
6626756,9.0,119.0,48.0,Female,2.0,17916.43,1.0,1.0
7087909,15.0,190.0,73.0,Female,2.0,80410.87,5.0,5.0
8212798,11.0,143.0,35.5,Male,2.0,88783.41,7.0,7.0
4582840,7.0,94.0,69.0,Unknown,2.0,53104.95,5.0,5.0
9039269,17.0,212.0,57.0,Male,2.0,214856.71,2.0,2.0
9075303,14.0,178.0,28.0,Male,2.0,51294.21,4.0,4.0
6830023,9.0,116.0,26.5,Male,3.0,66614.69,6.0,6.0
7676596,6.0,82.0,16.5,Unknown,2.0,19983.41,3.0,3.0
4734895,7.0,91.0,22.5,Unknown,2.0,19618.69,7.0,7.0
2967411,4.0,59.0,20.0,Male,2.0,72159.2,6.0,6.0
4658847,21.0,262.0,42.0,Female,2.0,105574.67,1.0,1.0
9365512,28.0,339.0,60.0,Male,2.0,189267.09000000003,4.0,4.0
2891726,18.0,225.0,41.5,Female,2.0,2538363.09,4.0,4.0
1859005,5.0,60.0,40.5,Unknown,2.0,26772.41,4.0,4.0
3396435,7.0,84.0,37.5,Unknown,2.0,100912.23,1.0,1.0
8296634,4.0,57.0,18.0,Male,3.0,57515.45999999999,7.0,7.0
5534958,15.0,184.0,48.0,Male,2.0,42706.03,7.0,7.0
8954431,5.0,69.0,28.5,Unknown,2.0,20522.37,2.0,2.0
6544530,7.0,84.0,63.5,Unknown,2.0,36702.88,7.0,7.0
219927,16.0,192.0,42.0,Male,2.0,48591.06,2.0,2.0
6068910,29.0,356.0,62.5,Female,2.0,54705.04,1.0,2.0
6593130,6.0,79.0,30.5,Unknown,2.0,56557.72,7.0,7.0
3437011,16.0,195.0,72.5,Female,2.0,97888.93,6.0,6.0
3131104,6.0,82.0,40.5,Female,2.0,535959.5,1.0,1.0
2297198,11.0,141.0,33.0,Male,2.0,79222.17,7.0,7.0
9212825,7.0,94.0,55.0,Unknown,2.0,164339.58000000002,2.0,2.0
7918350,7.0,84.0,49.5,Unknown,2.0,15319.899999999998,1.0,1.0
6524237,11.0,142.0,74.0,Female,2.0,30593.71,2.0,2.0
4600823,7.0,89.0,18.5,Female,3.0,113522.96,7.0,7.0
9487026,4.0,57.0,37.5,Unknown,2.0,33772.78999999999,6.0,6.0
4300924,5.0,60.0,56.5,Unknown,2.0,25207.99,1.0,1.0
9437427,26.0,318.0,50.5,Male,3.0,346358.65,7.0,7.0
6115837,14.0,170.0,30.5,Male,2.0,99872.56,4.0,4.0
6079975,11.0,138.0,54.5,Female,2.0,21995.65,5.0,5.0
6990718,7.0,84.0,42.0,Male,4.0,119293.68,3.0,4.0
6508361,6.0,83.0,24.5,Unknown,2.0,42072.21,2.0,2.0
8843566,9.0,116.0,57.5,Male,2.0,32210.14,4.0,4.0
1430596,13.0,164.0,61.0,Female,3.0,91979.71,3.0,4.0
5435217,28.0,345.0,63.0,Female,3.0,60623.95999999999,7.0,7.0
4082961,6.0,76.0,33.5,Unknown,2.0,40008.38,2.0,2.0
6196523,15.0,188.0,81.5,Female,2.0,22932.5,3.0,3.0
5413134,23.0,287.0,73.0,Female,2.0,107329.74,5.0,5.0
4054099,22.0,267.0,71.5,Unknown,2.0,169242.66999999998,5.0,5.0
976303,20.0,250.0,73.5,Male,3.0,45920.48,5.0,5.0
6391213,17.0,209.0,46.5,Female,2.0,283666.79,5.0,5.0
5788838,16.0,192.0,39.5,Unknown,3.0,2244831.45,6.0,6.0
1261526,17.0,214.0,61.0,Female,2.0,128854.21,5.0,5.0
974969,5.0,71.0,28.5,Unknown,2.0,17147.69,1.0,1.0
91190,15.0,187.0,30.5,Female,2.0,16574.28,1.0,1.0
9645282,11.0,143.0,29.0,Male,3.0,31157.57,3.0,3.0
6429352,9.0,111.0,58.0,Female,2.0,112807.0,3.0,3.0
667285,10.0,130.0,54.5,Male,2.0,77254.6,5.0,5.0
8906304,11.0,142.0,45.0,Female,2.0,46460.85,1.0,1.0
8493682,9.0,113.0,25.0,Male,2.0,55020.23,7.0,7.0
3685334,11.0,140.0,21.0,Female,4.0,37006.65,5.0,5.0
3018078,4.0,58.0,46.5,Unknown,2.0,27404.27,1.0,1.0
6180273,27.0,328.0,75.0,Female,2.0,103686.81,1.0,1.0
816063,8.0,107.0,46.0,Female,2.0,19697.83,3.0,3.0
6345026,9.0,115.0,72.0,Male,2.0,945466.63,7.0,7.0
2043146,26.0,314.0,44.5,Male,2.0,343377.79,7.0,7.0
3877891,16.0,192.0,51.5,Male,2.0,252902.56,4.0,4.0
7490311,21.0,263.0,59.5,Female,2.0,48073.89,2.0,2.0
9731096,21.0,252.0,65.5,Male,2.0,36827.53999999999,5.0,5.0
2289110,20.0,251.0,48.0,Female,3.0,36542.74,1.0,1.0
938234,19.0,233.0,40.5,Male,3.0,45548.6,4.0,4.0
7725098,18.0,223.0,45.0,Female,2.0,22461.22,1.0,1.0
4283880,13.0,157.0,57.0,Male,2.0,65791.89,2.0,2.0
9774072,13.0,163.0,52.0,Unknown,3.0,50555.46,5.0,5.0
4723876,7.0,87.0,54.0,Unknown,2.0,69616.04999999999,3.0,3.0
6898981,14.0,174.0,31.0,Male,2.0,65031.56,7.0,7.0
3605892,15.0,184.0,30.5,Male,2.0,64841.48,7.0,7.0
2817689,4.0,59.0,21.5,Unknown,4.0,33064.55,7.0,7.0
5986444,8.0,99.0,50.5,Unknown,2.0,94279.07,4.0,4.0
1329509,8.0,107.0,19.5,Male,2.0,71725.76999999999,5.0,5.0
6985272,4.0,59.0,66.5,Unknown,2.0,74695.83,7.0,7.0
5567096,8.0,103.0,34.0,Unknown,2.0,50535.01,2.0,2.0
8829625,35.0,424.0,65.0,Female,3.0,288064.73,2.0,2.0
7009232,11.0,141.0,22.5,Male,2.0,19794.01,7.0,7.0
1266900,6.0,73.0,57.0,Male,2.0,21693.58,2.0,2.0
8672025,8.0,102.0,30.5,Unknown,2.0,61984.51,5.0,5.0
3245966,5.0,63.0,26.5,Male,2.0,21512.7,2.0,2.0
8578394,6.0,74.0,42.5,Unknown,2.0,28676.92,1.0,1.0
4834607,24.0,295.0,58.5,Female,2.0,90436.58,1.0,1.0
5106664,22.0,267.0,46.0,Male,3.0,1087402.14,7.0,7.0
671187,28.0,338.0,62.5,Unknown,2.0,410766.63,7.0,7.0
9712165,18.0,221.0,29.5,Male,3.0,120148.83,6.0,6.0
2781476,22.0,265.0,45.0,Female,2.0,129377.38,1.0,1.0
4315663,11.0,142.0,50.5,Female,2.0,65772.34,1.0,1.0
5123505,9.0,112.0,24.5,Male,2.0,57695.86,7.0,7.0
650523,15.0,189.0,50.0,Male,2.0,52325.75,1.0,1.0
8461018,11.0,135.0,30.0,Unknown,5.0,235615.89,7.0,7.0
960606,21.0,253.0,52.0,Female,2.0,15504.769999999997,7.0,7.0
3712821,15.0,185.0,29.5,Unknown,3.0,92515.2,1.0,1.0
9966960,14.0,178.0,63.0,Female,2.0,80813.66,3.0,3.0
684035,12.0,144.0,47.5,Male,2.0,20567.18,2.0,2.0
8252699,7.0,85.0,22.0,Unknown,2.0,48808.48,2.0,2.0
7867140,5.0,61.0,26.0,Unknown,2.0,37937.4,6.0,6.0
5144750,9.0,119.0,48.5,Male,2.0,144768.68,7.0,7.0
7026949,8.0,97.0,47.0,Unknown,2.0,86417.0,3.0,3.0
2405302,4.0,58.0,57.0,Unknown,2.0,49232.02,3.0,3.0
4653720,5.0,68.0,61.5,Unknown,3.0,42043.61,5.0,5.0
3575846,15.0,190.0,59.5,Unknown,2.0,76855.92,7.0,7.0
3150084,48.0,576.0,40.0,Female,4.0,949682.15,7.0,7.0
4364837,6.0,82.0,36.0,Unknown,2.0,58715.51,6.0,6.0
9846441,9.0,110.0,58.5,Male,2.0,29248.88,1.0,1.0
7361122,16.0,195.0,65.0,Female,3.0,177075.94,6.0,6.0
6531695,10.0,124.0,35.5,Unknown,2.0,75259.54000000001,4.0,4.0
7934250,14.0,179.0,56.5,Male,2.0,32877.8,7.0,7.0
8333658,14.0,168.0,53.5,Female,2.0,47777.98,6.0,6.0
3565563,7.0,92.0,57.5,Unknown,2.0,60775.14,3.0,3.0
6190665,15.0,186.0,62.0,Female,4.0,172475.44,3.0,3.0
5651377,8.0,102.0,20.5,Unknown,2.0,29176.22,7.0,7.0
1026266,15.0,188.0,69.0,Female,2.0,297987.47,3.0,3.0
1002748,12.0,147.0,36.5,Male,2.0,28861.28,2.0,2.0
2041067,14.0,178.0,58.0,Unknown,2.0,22064.72,3.0,3.0
3203095,12.0,153.0,55.0,Female,2.0,176482.46999999997,4.0,4.0
1665474,6.0,72.0,31.0,Unknown,3.0,61163.0,7.0,7.0
8847234,7.0,89.0,50.5,Unknown,3.0,79470.18,3.0,3.0
5050284,11.0,141.0,25.5,Male,2.0,22207.97,5.0,5.0
5979192,7.0,87.0,67.0,Unknown,2.0,36144.14,1.0,1.0
1404819,5.0,67.0,38.5,Female,2.0,194594.06,3.0,3.0
6445756,4.0,59.0,22.0,Unknown,2.0,36362.22,1.0,1.0
9717685,30.0,361.0,52.5,Female,2.0,1211093.28,3.0,3.0
9894012,10.0,120.0,57.0,Male,3.0,924893.82,6.0,6.0
9267358,6.0,77.0,22.5,Unknown,2.0,20958.71,7.0,7.0
7123888,12.0,145.0,28.0,Female,2.0,16329.219999999998,2.0,2.0
7140664,6.0,79.0,45.5,Unknown,3.0,44996.82,7.0,7.0
2915110,17.0,204.0,66.0,Male,2.0,41539.22,3.0,3.0
7243076,26.0,323.0,52.5,Male,2.0,24656.07,2.0,3.0
4633772,13.0,158.0,62.0,Male,2.0,86510.93,6.0,6.0
5464185,5.0,67.0,21.5,Unknown,2.0,17631.899999999998,7.0,7.0
2948424,12.0,152.0,36.5,Female,2.0,401493.91,5.0,5.0
2142742,20.0,241.0,55.5,Male,3.0,1197592.41,6.0,6.0
2377201,17.0,214.0,49.5,Male,2.0,15296.89,3.0,3.0
4723012,11.0,138.0,24.5,Male,2.0,72604.6,6.0,6.0
8510238,6.0,82.0,28.0,Unknown,3.0,39418.56,2.0,2.0
7077447,6.0,78.0,58.0,Unknown,2.0,38920.15,7.0,7.0
9780762,7.0,86.0,60.5,Unknown,2.0,38479.38,2.0,2.0
7131427,12.0,154.0,30.0,Female,3.0,80384.45999999999,5.0,5.0
1239089,15.0,188.0,71.0,Male,3.0,915078.35,7.0,7.0
435618,15.0,184.0,43.5,Female,2.0,52546.95,1.0,1.0
434452,13.0,166.0,46.0,Male,3.0,1236980.51,7.0,7.0
6653188,10.0,130.0,35.5,Male,2.0,124257.99,2.0,2.0
6751239,15.0,186.0,56.5,Female,2.0,45924.59,1.0,1.0
6371787,3.0,47.0,27.0,Unknown,2.0,40518.38,7.0,7.0
9722009,24.0,296.0,41.5,Male,3.0,1576305.37,7.0,7.0
5793246,23.0,276.0,39.5,Female,3.0,115741.96,4.0,4.0
4706443,21.0,257.0,15.5,Male,2.0,69067.13,7.0,7.0
3499464,14.0,171.0,26.0,Male,2.0,22871.59,1.0,1.0
1592858,16.0,198.0,42.5,Male,2.0,22905.58,1.0,1.0
4188858,5.0,64.0,59.0,Unknown,2.0,21039.18,7.0,7.0
4973384,12.0,147.0,34.5,Unknown,2.0,80519.52,7.0,7.0
2307697,5.0,64.0,24.0,Unknown,3.0,222988.53,7.0,7.0
4112892,15.0,181.0,55.0,Female,3.0,123550.82,1.0,1.0
8510786,3.0,42.0,30.0,Unknown,2.0,61257.45,2.0,2.0
9936028,6.0,83.0,23.0,Unknown,3.0,60984.97,7.0,7.0
1578515,8.0,106.0,48.0,Male,2.0,55126.33,2.0,2.0
6215339,10.0,121.0,48.5,Female,2.0,115372.18,3.0,3.0
8235482,13.0,167.0,24.5,Female,2.0,25480.46,2.0,2.0
9507724,11.0,140.0,31.0,Female,2.0,67231.94,3.0,3.0
9194881,4.0,59.0,57.0,Unknown,2.0,47627.32,7.0,7.0
4698700,8.0,100.0,40.0,Unknown,2.0,305994.72,2.0,2.0
4448219,9.0,117.0,75.0,Female,2.0,68233.68,2.0,2.0
9502169,12.0,154.0,57.0,Female,2.0,88216.9,3.0,3.0
5564978,20.0,251.0,60.5,Female,2.0,107336.59,1.0,1.0
8257847,19.0,239.0,51.5,Unknown,3.0,134202.71,2.0,2.0
8634941,5.0,70.0,20.0,Unknown,3.0,54896.85,3.0,3.0
1459183,9.0,108.0,54.5,Female,2.0,78957.91,6.0,6.0
1137265,14.0,179.0,39.0,Male,3.0,178643.34999999998,2.0,2.0
2862309,5.0,70.0,30.5,Unknown,2.0,51467.32,7.0,7.0
8052684,10.0,123.0,81.5,Female,2.0,112343.48,3.0,3.0
1539244,6.0,81.0,30.5,Unknown,2.0,40569.83,6.0,6.0
5223495,11.0,140.0,60.0,Male,2.0,178582.65999999997,2.0,2.0
6842848,6.0,82.0,18.5,Unknown,2.0,54586.22,4.0,4.0
7422651,5.0,67.0,19.0,Unknown,2.0,15115.28,3.0,3.0
3132517,14.0,178.0,49.5,Female,2.0,105555.87,7.0,7.0
8138046,5.0,61.0,41.0,Male,3.0,257042.14,4.0,4.0
4771892,7.0,93.0,48.5,Unknown,2.0,18489.74,4.0,4.0
9756315,12.0,155.0,81.0,Female,3.0,101861.96,1.0,3.0
3270953,19.0,234.0,42.5,Male,2.0,42154.15,7.0,7.0
8776527,6.0,80.0,32.5,Unknown,3.0,109718.12,3.0,3.0
8088588,8.0,97.0,42.0,Unknown,2.0,226021.9,7.0,7.0
6645040,24.0,290.0,18.5,Female,2.0,18086.39,7.0,7.0
9006601,22.0,270.0,46.0,Male,3.0,1009734.4,5.0,5.0
6557891,21.0,259.0,43.5,Male,2.0,494321.38,4.0,4.0
5846595,20.0,243.0,29.0,Male,2.0,45600.59,2.0,2.0
4480941,19.0,234.0,56.5,Female,2.0,53467.12,3.0,3.0
6826674,18.0,227.0,42.0,Female,2.0,26166.45,7.0,7.0
2409492,8.0,97.0,21.0,Unknown,2.0,17003.67,5.0,5.0
6433603,5.0,61.0,37.5,Female,2.0,95784.83,2.0,2.0
3886027,9.0,112.0,27.5,Male,2.0,69923.78,4.0,4.0
739037,15.0,189.0,49.0,Female,2.0,54603.46,2.0,3.0
7625824,6.0,72.0,39.0,Male,2.0,22979.509999999995,1.0,2.0
1912396,15.0,189.0,33.0,Female,2.0,18014.3,1.0,1.0
4601422,9.0,119.0,18.5,Male,2.0,111108.32,3.0,3.0
4186692,16.0,195.0,20.0,Female,2.0,26149.03,3.0,3.0
8533102,12.0,148.0,28.0,Male,4.0,115470.66,5.0,5.0
9349990,14.0,169.0,49.5,Male,2.0,46286.38,4.0,4.0
5748398,4.0,58.0,47.0,Unknown,2.0,21616.55,2.0,2.0
538413,6.0,76.0,36.5,Unknown,2.0,33191.11,5.0,5.0
1127936,23.0,277.0,68.5,Female,3.0,183700.13,6.0,6.0
9299684,21.0,252.0,53.0,Female,2.0,32057.49,2.0,2.0
4982762,4.0,51.0,50.0,Unknown,2.0,52525.74,5.0,5.0
3317346,8.0,107.0,40.5,Male,2.0,133571.26,3.0,3.0
4185463,10.0,123.0,35.5,Male,3.0,39078.48,7.0,7.0
6982155,30.0,365.0,25.5,Female,2.0,13857.129999999996,1.0,1.0
6772855,11.0,142.0,26.5,Female,2.0,86443.4,1.0,1.0
7839835,8.0,96.0,41.5,Unknown,2.0,73856.58,7.0,7.0
4384500,16.0,203.0,40.0,Male,3.0,265079.9,7.0,7.0
5909116,9.0,114.0,69.0,Female,2.0,65042.81,5.0,5.0
618073,8.0,106.0,52.0,Male,2.0,58536.08,4.0,4.0
3876184,8.0,107.0,63.0,Female,2.0,124873.89,7.0,7.0
3430997,13.0,157.0,30.0,Female,2.0,45095.03999999999,4.0,4.0
3576200,10.0,131.0,78.0,Male,2.0,1732304.8299999998,7.0,7.0
5860117,4.0,58.0,48.5,Unknown,2.0,21664.22,2.0,2.0
1479429,5.0,67.0,22.5,Unknown,2.0,41323.92,7.0,7.0
9373167,5.0,64.0,47.0,Unknown,2.0,432065.66,7.0,7.0
7181055,15.0,190.0,37.5,Male,2.0,42771.13,1.0,1.0
7596912,16.0,192.0,37.5,Male,4.0,126497.28,6.0,6.0
5310557,32.0,388.0,50.5,Female,3.0,610542.04,3.0,3.0
6417741,10.0,130.0,49.5,Female,2.0,96792.76,4.0,4.0
1273597,11.0,137.0,27.5,Female,2.0,15744.3,1.0,1.0
6900332,10.0,126.0,43.5,Male,2.0,18415.87,6.0,6.0
4861791,22.0,274.0,40.0,Female,3.0,169852.41999999998,4.0,4.0
2612331,21.0,259.0,71.0,Female,2.0,389556.29,2.0,3.0
1596619,28.0,340.0,66.0,Female,2.0,410206.74,7.0,7.0
4134918,18.0,226.0,34.0,Female,2.0,93035.64,1.0,1.0
5735037,4.0,58.0,16.5,Unknown,2.0,19792.48,5.0,5.0
6423338,12.0,155.0,44.5,Female,2.0,80840.84,1.0,1.0
8542920,15.0,187.0,71.0,Female,2.0,48763.48,1.0,1.0
6007592,16.0,196.0,38.5,Male,2.0,19090.09,1.0,1.0
8918943,7.0,86.0,24.5,Female,2.0,50923.2,7.0,7.0
2638411,9.0,118.0,57.0,Female,2.0,15754.62,1.0,1.0
6174846,11.0,142.0,38.5,Male,2.0,47003.39,1.0,1.0
5976187,6.0,74.0,47.5,Unknown,2.0,30806.23,5.0,5.0
8090789,5.0,70.0,21.0,Male,3.0,46746.36,4.0,4.0
558624,8.0,99.0,23.0,Unknown,3.0,28784.759999999995,7.0,7.0
5732403,33.0,396.0,86.5,Female,3.0,386063.4,1.0,2.0
7830503,6.0,79.0,21.5,Unknown,3.0,134800.81,4.0,4.0
7573884,8.0,101.0,28.0,Unknown,2.0,50263.91,7.0,7.0
6856296,12.0,144.0,30.5,Female,2.0,23477.32,1.0,1.0
3040948,32.0,392.0,76.5,Male,3.0,426217.15,6.0,6.0
5072266,4.0,52.0,39.0,Unknown,2.0,15232.71,1.0,1.0
3075361,8.0,106.0,54.5,Female,2.0,19903.38,1.0,1.0
4780620,8.0,97.0,62.5,Unknown,2.0,143167.58000000002,3.0,3.0
3697201,6.0,73.0,23.5,Unknown,3.0,37894.58,4.0,4.0
5887165,6.0,75.0,16.0,Male,2.0,14959.399999999998,5.0,5.0
946518,12.0,154.0,23.0,Male,2.0,30243.28,1.0,1.0
4904088,22.0,267.0,59.5,Male,2.0,35308.52,4.0,4.0
1486220,21.0,252.0,62.5,Unknown,2.0,200838.39,6.0,6.0
8471909,16.0,203.0,66.0,Male,2.0,43580.3,1.0,1.0
6338284,29.0,352.0,50.5,Male,2.0,48668.35,4.0,4.0
8339582,28.0,342.0,66.0,Male,3.0,147252.14,7.0,7.0
9568539,12.0,154.0,46.0,Male,2.0,53946.67,4.0,4.0
3692107,5.0,66.0,16.5,Unknown,2.0,15867.62,2.0,2.0
6499748,5.0,70.0,39.5,Unknown,2.0,34856.31,7.0,7.0
5538081,32.0,394.0,51.5,Female,4.0,297444.79,7.0,7.0
8765507,4.0,56.0,34.5,Female,2.0,120828.61,7.0,7.0
4870565,6.0,79.0,65.5,Male,2.0,82657.61,3.0,3.0
5542923,13.0,164.0,55.5,Female,2.0,47585.18,1.0,1.0
1071403,9.0,111.0,20.5,Male,2.0,19464.89,7.0,7.0
6217094,15.0,183.0,51.0,Male,4.0,1149727.39,5.0,5.0
8719010,13.0,159.0,31.5,Male,2.0,100289.18,3.0,3.0
4960023,15.0,186.0,29.0,Male,2.0,44388.92,1.0,1.0
3973333,12.0,152.0,50.5,Male,2.0,111283.96,7.0,7.0
3546252,7.0,94.0,34.0,Unknown,2.0,144711.69,1.0,1.0
5720845,9.0,118.0,28.5,Male,2.0,23758.82,2.0,2.0
4148262,23.0,287.0,57.5,Female,3.0,701554.9600000001,7.0,7.0
5891493,21.0,253.0,43.0,Female,2.0,21034.2,7.0,7.0
3436021,18.0,226.0,38.5,Male,4.0,215490.92,7.0,7.0
320418,15.0,189.0,57.5,Male,2.0,276880.34,7.0,7.0
1454623,14.0,168.0,41.0,Male,2.0,14139.929999999997,7.0,7.0
516381,14.0,176.0,49.0,Unknown,2.0,52178.81,7.0,7.0
7703792,5.0,60.0,25.5,Unknown,2.0,29469.92,3.0,3.0
4297094,7.0,89.0,40.5,Male,2.0,66012.45,2.0,2.0
9946065,9.0,119.0,23.5,Female,2.0,20525.88,2.0,2.0
5240461,7.0,89.0,27.5,Unknown,2.0,22410.39,2.0,2.0
15708,5.0,66.0,55.5,Unknown,2.0,86343.04,6.0,6.0
981090,4.0,59.0,22.5,Unknown,2.0,31464.49,7.0,7.0
3671791,14.0,178.0,30.5,Male,2.0,51938.34,3.0,3.0
5208914,35.0,430.0,51.5,Male,3.0,1124952.78,7.0,7.0
9389537,2.0,35.0,17.0,Unknown,2.0,66328.2,5.0,5.0
3887465,9.0,116.0,61.0,Female,2.0,75627.54999999999,5.0,5.0
1423473,6.0,79.0,29.0,Unknown,2.0,50639.16,2.0,2.0
1491704,8.0,106.0,25.0,Male,4.0,888229.93,7.0,7.0
7463533,5.0,70.0,58.5,Female,2.0,13896.199999999995,3.0,3.0
5052911,7.0,94.0,49.0,Unknown,2.0,22265.45,6.0,6.0
7160618,23.0,277.0,43.0,Female,2.0,83843.06,3.0,3.0
9538398,14.0,178.0,57.0,Female,2.0,21596.07,3.0,3.0
3668112,9.0,114.0,30.5,Female,2.0,36951.08,1.0,1.0
145067,5.0,71.0,22.5,Unknown,2.0,22154.55,2.0,2.0
5273723,7.0,87.0,39.0,Unknown,2.0,21872.71,7.0,7.0
7507324,6.0,72.0,23.5,Unknown,4.0,84490.08,7.0,7.0
2350809,6.0,75.0,26.5,Unknown,2.0,34837.97,7.0,7.0
9261309,6.0,80.0,29.5,Male,2.0,208697.48,7.0,7.0
9907509,7.0,93.0,63.5,Unknown,2.0,264340.09,4.0,4.0
5790698,9.0,110.0,30.0,Male,2.0,20639.44,1.0,1.0
7917801,7.0,95.0,18.5,Unknown,2.0,61790.29000000001,6.0,6.0
389004,14.0,178.0,66.0,Female,2.0,22271.71,7.0,7.0
9113877,4.0,58.0,20.0,Unknown,2.0,17135.98,3.0,4.0
5849403,22.0,266.0,40.0,Male,2.0,176546.66999999998,2.0,2.0
8349891,14.0,174.0,26.5,Male,2.0,39260.45,2.0,2.0
9359980,7.0,90.0,51.5,Unknown,4.0,192416.65,7.0,7.0
1311275,27.0,327.0,63.5,Male,4.0,155981.43,6.0,6.0
7149744,5.0,70.0,19.0,Unknown,3.0,58576.73,7.0,7.0
8872302,11.0,142.0,32.5,Female,2.0,90778.81,1.0,1.0
7918013,14.0,169.0,59.5,Female,2.0,125249.89,3.0,3.0
8770909,7.0,91.0,45.0,Unknown,2.0,36945.52,2.0,2.0
513814,9.0,108.0,60.0,Female,2.0,269295.63,5.0,5.0
4384869,6.0,78.0,24.5,Unknown,2.0,34835.83,5.0,5.0
7020562,15.0,183.0,63.5,Female,2.0,18854.73,2.0,2.0
7414301,8.0,98.0,21.0,Female,4.0,42546.81,4.0,4.0
3124541,22.0,271.0,61.5,Male,3.0,80092.99,3.0,4.0
2489149,6.0,79.0,70.5,Unknown,2.0,17346.879999999997,1.0,1.0
5844462,8.0,100.0,26.5,Unknown,2.0,57395.72,7.0,7.0
5194357,15.0,189.0,61.0,Male,2.0,187305.95,7.0,7.0
8820777,11.0,135.0,60.5,Male,2.0,38942.78,1.0,1.0
5563898,15.0,189.0,29.0,Unknown,2.0,68502.73,6.0,6.0
5641292,9.0,111.0,61.5,Male,2.0,160335.41999999998,3.0,3.0
525888,12.0,145.0,27.5,Male,2.0,43787.19,3.0,3.0
8079749,21.0,260.0,69.5,Male,3.0,36711.24,7.0,7.0
2551539,21.0,253.0,39.5,Male,3.0,690812.49,6.0,6.0
3243814,20.0,251.0,67.0,Female,2.0,20326.82,2.0,3.0
6297073,20.0,245.0,40.0,Unknown,3.0,203848.08,7.0,7.0
4539263,19.0,233.0,65.5,Male,3.0,920738.35,4.0,4.0
3925641,17.0,215.0,40.5,Female,3.0,502856.16,2.0,2.0
6348760,17.0,214.0,39.5,Male,3.0,159435.74,5.0,5.0
2621356,17.0,213.0,36.5,Female,2.0,61263.01,1.0,1.0
8143131,4.0,59.0,35.0,Unknown,2.0,21539.25,1.0,1.0
6484059,6.0,75.0,28.5,Unknown,2.0,52810.34,7.0,7.0
2161854,5.0,71.0,25.0,Unknown,2.0,49096.99,4.0,4.0
687818,4.0,58.0,25.0,Unknown,2.0,38452.9,6.0,6.0
553988,11.0,142.0,22.5,Female,2.0,24504.46,7.0,7.0
8528794,5.0,62.0,55.5,Female,2.0,60231.47,2.0,2.0
916369,6.0,72.0,53.0,Unknown,2.0,1153501.04,3.0,3.0
5804511,16.0,193.0,38.5,Unknown,3.0,207911.32,4.0,4.0
814644,11.0,141.0,55.5,Female,2.0,74421.28,1.0,1.0
237742,23.0,281.0,23.0,Male,2.0,20881.59,2.0,2.0
2278467,7.0,84.0,35.5,Unknown,2.0,21332.7,2.0,2.0
7412886,13.0,167.0,56.0,Female,2.0,96144.76,3.0,3.0
3566736,3.0,44.0,60.0,Unknown,2.0,26362.32,5.0,5.0
8397163,5.0,63.0,29.5,Female,2.0,17111.51,2.0,2.0
8889494,7.0,85.0,53.0,Unknown,2.0,214885.17,3.0,4.0
3734493,4.0,58.0,31.5,Unknown,2.0,14999.839999999997,1.0,1.0
7737407,7.0,92.0,51.5,Unknown,2.0,32221.48,3.0,3.0
7055123,4.0,57.0,24.5,Unknown,2.0,20107.63,7.0,7.0
4883049,7.0,95.0,55.5,Unknown,2.0,73512.86,3.0,3.0
9829679,4.0,58.0,26.5,Male,3.0,42836.81,7.0,7.0
4745576,4.0,58.0,47.5,Female,2.0,78167.54999999999,1.0,1.0
788657,7.0,89.0,57.5,Unknown,2.0,62131.130000000005,1.0,1.0
6601009,8.0,103.0,23.0,Unknown,2.0,64963.15,7.0,7.0
460199,9.0,116.0,65.5,Female,2.0,186769.73,6.0,6.0
1444604,15.0,189.0,43.0,Male,2.0,81221.66,1.0,1.0
3685240,5.0,71.0,68.5,Unknown,2.0,73340.54000000001,3.0,3.0
3703925,15.0,188.0,32.0,Female,2.0,22038.61,2.0,2.0
1449803,4.0,58.0,45.5,Unknown,2.0,17419.339999999997,1.0,1.0
6855941,6.0,72.0,32.5,Unknown,2.0,572870.87,7.0,7.0
6235491,23.0,280.0,42.5,Female,2.0,83817.98,1.0,1.0
4756738,15.0,190.0,53.0,Male,3.0,126695.84999999998,1.0,2.0
7963630,13.0,166.0,39.0,Female,2.0,29732.6,3.0,3.0
8865110,29.0,354.0,52.5,Male,2.0,79596.27,5.0,5.0
3753416,15.0,189.0,51.0,Female,2.0,354966.07,1.0,1.0
1519840,11.0,137.0,59.0,Female,2.0,30687.84,1.0,1.0
5423767,9.0,119.0,58.0,Male,2.0,44819.45,2.0,2.0
9680189,10.0,131.0,34.5,Male,2.0,98656.79,4.0,4.0
2026364,4.0,54.0,19.0,Unknown,2.0,16159.73,4.0,4.0
4352519,14.0,168.0,63.5,Male,2.0,122822.07,5.0,5.0
4803622,6.0,83.0,52.5,Unknown,2.0,21509.59,4.0,4.0
7153757,13.0,165.0,44.5,Male,2.0,129670.26,7.0,7.0
9673647,4.0,56.0,25.5,Unknown,2.0,16214.989999999998,5.0,5.0
3227428,6.0,82.0,31.0,Unknown,3.0,200192.64,5.0,6.0
2465798,8.0,107.0,20.5,Female,2.0,40046.21,2.0,2.0
7524286,15.0,183.0,31.5,Female,2.0,37401.21,4.0,4.0
9262378,4.0,58.0,45.0,Unknown,2.0,44251.74,7.0,7.0
4649448,12.0,150.0,60.0,Male,2.0,288930.04,7.0,7.0
9237954,24.0,289.0,26.5,Female,2.0,66016.16,2.0,2.0
4127833,24.0,288.0,50.5,Female,4.0,420312.98,5.0,6.0
2253011,19.0,233.0,61.0,Female,2.0,83032.59999999999,4.0,4.0
7764268,17.0,213.0,77.0,Female,3.0,98365.23,7.0,7.0
1028026,8.0,99.0,20.5,Unknown,2.0,27928.04,6.0,6.0
3337811,5.0,60.0,18.5,Female,4.0,138777.95,7.0,7.0
1553692,26.0,317.0,47.5,Male,3.0,188173.93,7.0,7.0
5765120,8.0,106.0,56.0,Female,2.0,34421.84,3.0,3.0
3787295,6.0,73.0,61.5,Unknown,2.0,51244.87,3.0,3.0
9678820,6.0,77.0,61.5,Female,2.0,103548.29,2.0,2.0
2815164,13.0,166.0,34.0,Male,2.0,84152.5,2.0,2.0
1127095,13.0,156.0,36.0,Unknown,2.0,115716.44,2.0,2.0
8725606,17.0,214.0,58.5,Male,2.0,37957.03,5.0,5.0
4587698,4.0,56.0,53.0,Unknown,2.0,16770.089999999997,1.0,1.0
171619,13.0,157.0,28.5,Male,2.0,142206.13,7.0,7.0
2118975,8.0,106.0,53.0,Female,2.0,209625.41,7.0,7.0
3898516,11.0,143.0,43.0,Male,2.0,18969.85,3.0,3.0
5248082,6.0,77.0,48.5,Unknown,2.0,31577.85,2.0,2.0
192546,7.0,90.0,65.5,Unknown,2.0,507082.51,3.0,3.0
730500,7.0,86.0,20.5,Unknown,2.0,191983.49,2.0,2.0
6550963,5.0,67.0,44.0,Unknown,2.0,39121.47,4.0,4.0
1113381,9.0,109.0,40.0,Male,2.0,24469.93,3.0,3.0
8520711,23.0,285.0,55.5,Unknown,2.0,84322.49,5.0,5.0
3561946,22.0,271.0,16.5,Female,3.0,329278.99,6.0,6.0
142185,22.0,268.0,45.5,Unknown,2.0,106379.41,3.0,3.0
9296668,27.0,324.0,44.0,Female,2.0,224854.74,1.0,1.0
1543279,15.0,189.0,54.5,Male,2.0,50262.01,1.0,1.0
3786711,14.0,175.0,28.5,Male,2.0,41979.7,2.0,2.0
9179979,5.0,64.0,59.0,Female,2.0,94524.81,7.0,7.0
3979895,6.0,75.0,52.5,Unknown,2.0,22642.56,2.0,2.0
9845392,14.0,168.0,52.0,Male,2.0,68077.44,1.0,2.0
1549583,9.0,113.0,48.0,Female,2.0,175445.32,7.0,7.0
2063732,13.0,160.0,49.0,Female,2.0,46611.88,4.0,4.0
6093376,12.0,149.0,70.0,Female,2.0,123798.61,1.0,1.0
5237843,15.0,190.0,33.5,Male,4.0,190611.95,7.0,7.0
1163761,6.0,72.0,23.5,Unknown,2.0,39125.09,7.0,7.0
2813929,7.0,84.0,57.5,Unknown,2.0,58665.12,6.0,6.0
450365,16.0,194.0,42.5,Male,3.0,135710.96,7.0,7.0
3966673,13.0,156.0,39.5,Female,2.0,124830.0,4.0,4.0
6573985,27.0,333.0,69.0,Male,2.0,200181.93,6.0,6.0
7991681,9.0,109.0,45.5,Male,3.0,38712.99,6.0,6.0
7706384,8.0,97.0,24.0,Unknown,3.0,48561.57,5.0,5.0
1504089,27.0,327.0,68.0,Unknown,2.0,30869.79,7.0,7.0
3772270,15.0,188.0,62.5,Female,2.0,15366.929999999997,7.0,7.0
2891527,8.0,97.0,53.0,Unknown,2.0,398067.5,1.0,1.0
867457,5.0,65.0,46.5,Unknown,2.0,202372.7,6.0,6.0
2814439,20.0,250.0,34.5,Male,2.0,111697.18,1.0,1.0
4214251,20.0,240.0,70.5,Male,2.0,64426.42999999999,6.0,6.0
4006675,18.0,227.0,20.5,Male,3.0,100943.3,6.0,6.0
3409931,17.0,209.0,57.0,Male,2.0,382420.67,1.0,1.0
1289877,12.0,152.0,43.0,Female,4.0,448393.41,5.0,5.0
7527143,16.0,195.0,43.0,Male,2.0,31391.77,3.0,3.0
7591168,7.0,95.0,49.5,Unknown,2.0,63244.2,2.0,2.0
8101356,13.0,159.0,47.0,Male,2.0,72575.33,7.0,7.0
8035812,14.0,169.0,44.5,Female,3.0,342343.13,7.0,7.0
2153659,7.0,87.0,59.5,Unknown,2.0,63954.17,4.0,4.0
5069078,6.0,83.0,40.5,Unknown,2.0,50429.22,3.0,3.0
6001729,7.0,92.0,16.5,Unknown,3.0,63279.880000000005,2.0,2.0
8073823,10.0,120.0,32.5,Female,2.0,51066.21,6.0,6.0
8928582,6.0,73.0,38.5,Unknown,2.0,15150.16,2.0,2.0
49451,14.0,178.0,14.5,Male,2.0,15487.91,2.0,2.0
1898278,12.0,147.0,63.0,Male,2.0,231367.14,2.0,2.0
9856880,15.0,191.0,38.5,Male,2.0,37811.16,1.0,1.0
6946752,12.0,151.0,28.5,Female,2.0,21237.85,1.0,1.0
5359559,9.0,118.0,31.0,Male,2.0,32073.7,4.0,4.0
2352066,6.0,74.0,29.5,Unknown,2.0,36424.31,1.0,1.0
4619301,6.0,74.0,21.5,Female,2.0,16464.519999999997,7.0,7.0
156163,8.0,102.0,67.5,Unknown,2.0,83705.56,2.0,2.0
5064108,15.0,181.0,69.5,Male,2.0,47775.72,3.0,3.0
7358248,7.0,90.0,48.5,Male,2.0,514176.89,6.0,6.0
8222492,21.0,252.0,22.0,Male,2.0,16390.219999999998,2.0,2.0
3796141,20.0,242.0,59.0,Male,2.0,27854.14,6.0,6.0
2432771,20.0,241.0,49.5,Male,4.0,944055.04,7.0,7.0
9342313,17.0,212.0,43.5,Female,3.0,182298.54,2.0,2.0
7313912,7.0,88.0,62.0,Unknown,2.0,539915.77,7.0,7.0
5286398,6.0,72.0,35.0,Unknown,2.0,49645.2,1.0,1.0
1336253,8.0,99.0,61.5,Unknown,2.0,72541.54999999999,5.0,5.0
8082216,6.0,73.0,46.0,Unknown,2.0,29885.8,1.0,1.0
687702,5.0,64.0,64.0,Male,2.0,2735989.41,6.0,6.0
3796483,5.0,69.0,61.0,Male,2.0,49410.2,7.0,7.0
4033030,8.0,102.0,48.0,Unknown,2.0,120092.86,7.0,7.0
1188784,13.0,164.0,36.0,Female,2.0,14189.879999999996,2.0,2.0
7617589,5.0,71.0,31.0,Unknown,2.0,28029.64,3.0,3.0
6514910,17.0,207.0,58.5,Male,2.0,757403.9,5.0,5.0
5939169,6.0,80.0,52.0,Unknown,4.0,619637.4700000001,7.0,7.0
5111843,7.0,95.0,59.0,Female,2.0,205601.75,7.0,7.0
5860994,11.0,134.0,39.0,Female,2.0,107416.72,2.0,2.0
5656239,6.0,80.0,27.0,Unknown,3.0,68740.5,2.0,2.0
1121927,8.0,102.0,55.5,Unknown,2.0,145809.93,5.0,5.0
4732985,16.0,192.0,67.5,Male,5.0,771860.36,7.0,7.0
8035283,5.0,66.0,30.0,Unknown,2.0,42261.78999999999,7.0,7.0
9156914,7.0,92.0,59.0,Unknown,2.0,224214.61,7.0,7.0
1694838,8.0,100.0,51.5,Unknown,2.0,151558.26,3.0,3.0
5284894,7.0,85.0,48.5,Unknown,3.0,66081.38,5.0,5.0
8045639,25.0,303.0,64.5,Unknown,2.0,232113.39,7.0,7.0
8586057,21.0,253.0,39.5,Male,2.0,34946.77,5.0,5.0
1363979,17.0,214.0,57.0,Female,3.0,28357.98,1.0,1.0
2079131,12.0,155.0,61.5,Female,2.0,604725.3500000001,4.0,4.0
2160984,9.0,119.0,57.5,Male,2.0,242979.12,1.0,1.0
8158733,13.0,156.0,52.0,Male,2.0,39012.05,7.0,7.0
3832075,9.0,112.0,60.0,Male,2.0,1960097.17,3.0,3.0
2273948,11.0,141.0,28.0,Unknown,3.0,42190.81,1.0,1.0
6083995,5.0,71.0,32.0,Unknown,5.0,270608.97,7.0,7.0
4452460,7.0,87.0,60.5,Unknown,3.0,338321.34,5.0,5.0
9395097,15.0,182.0,45.0,Female,2.0,32188.050000000003,6.0,6.0
5931154,6.0,81.0,54.0,Unknown,2.0,34930.89,3.0,3.0
1478668,4.0,57.0,43.5,Unknown,3.0,159306.26,4.0,4.0
3418677,12.0,154.0,39.0,Male,2.0,37383.51,2.0,3.0
2542470,4.0,58.0,35.0,Unknown,2.0,16068.339999999997,2.0,2.0
6745535,12.0,154.0,27.0,Female,2.0,21609.33,1.0,1.0
9195485,15.0,189.0,40.0,Male,2.0,72569.9,5.0,5.0
763662,21.0,260.0,65.5,Male,4.0,1689382.8099999998,7.0,7.0
2861931,17.0,212.0,32.0,Female,2.0,32489.73,7.0,7.0
3679636,14.0,176.0,29.5,Female,2.0,16563.93,3.0,3.0
4745606,6.0,78.0,27.5,Unknown,2.0,14913.809999999998,1.0,1.0
8238520,9.0,115.0,62.5,Female,2.0,36959.11,1.0,1.0
5359525,16.0,195.0,54.0,Female,2.0,74043.06,5.0,5.0
7867656,21.0,252.0,33.5,Female,2.0,107155.42,7.0,7.0
9333183,17.0,206.0,53.0,Female,2.0,22119.59,4.0,4.0
5967584,17.0,209.0,44.0,Female,2.0,20272.13,4.0,4.0
1124723,12.0,146.0,61.0,Female,4.0,390396.65,7.0,7.0
6571402,6.0,73.0,23.5,Female,2.0,22623.65,7.0,7.0
2845906,3.0,37.0,50.5,Unknown,2.0,65984.81,7.0,7.0
206328,6.0,83.0,54.5,Unknown,2.0,104872.76,1.0,1.0
4900077,24.0,296.0,55.0,Male,2.0,224300.08,7.0,7.0
9597219,23.0,283.0,78.0,Female,2.0,63514.94,6.0,6.0
9283438,22.0,275.0,52.0,Female,2.0,81383.06,3.0,3.0
7200386,22.0,267.0,48.5,Male,3.0,127102.82,5.0,5.0
5024641,26.0,321.0,62.5,Male,2.0,207758.4,7.0,7.0
6197769,18.0,216.0,36.5,Female,2.0,71242.97,1.0,1.0
3483208,6.0,75.0,31.0,Female,3.0,73432.82,6.0,6.0
4668533,13.0,161.0,44.0,Male,2.0,19877.36,1.0,1.0
7725116,3.0,44.0,44.5,Female,2.0,60530.70999999999,7.0,7.0
6234329,6.0,72.0,24.5,Unknown,2.0,34710.92,3.0,3.0
3997439,6.0,73.0,31.0,Unknown,2.0,15962.5,1.0,1.0
6332734,9.0,117.0,34.5,Male,2.0,27515.509999999995,1.0,1.0
1145949,4.0,58.0,23.0,Unknown,2.0,27855.72,2.0,2.0
4521001,8.0,97.0,26.0,Unknown,4.0,88507.17,7.0,7.0
3846774,8.0,103.0,48.5,Unknown,2.0,206493.5,2.0,2.0
8557344,7.0,92.0,57.0,Unknown,2.0,117576.53,7.0,7.0
123015,10.0,128.0,30.0,Male,2.0,37220.03999999999,3.0,3.0
2760568,9.0,108.0,21.0,Female,2.0,20764.25,1.0,1.0
4858870,2.0,35.0,59.0,Male,2.0,749528.64,1.0,1.0
6584814,12.0,148.0,64.0,Male,2.0,16487.359999999997,5.0,5.0
950209,13.0,162.0,29.0,Male,2.0,29072.58,4.0,4.0
8662847,7.0,94.0,38.0,Unknown,2.0,59487.22,1.0,1.0
894571,9.0,109.0,25.0,Male,2.0,32620.29,4.0,4.0
8813623,14.0,179.0,24.0,Male,2.0,92056.09,1.0,1.0
3381604,29.0,358.0,69.5,Male,3.0,1123063.5599999998,2.0,2.0
4274634,15.0,184.0,50.0,Female,2.0,46471.5,1.0,1.0
8010055,10.0,131.0,58.5,Male,2.0,120362.35,7.0,7.0
8935244,20.0,248.0,60.5,Female,4.0,67103.79999999999,7.0,7.0
3001624,20.0,241.0,66.5,Male,3.0,84625.59,7.0,7.0
4470145,20.0,240.0,34.5,Male,3.0,118604.04,3.0,3.0
2965258,17.0,207.0,39.5,Female,2.0,32116.18,7.0,7.0
1215507,4.0,58.0,17.0,Unknown,2.0,25557.73,5.0,5.0
2002749,28.0,345.0,65.0,Male,2.0,21354.55,5.0,5.0
6677751,6.0,79.0,30.5,Unknown,2.0,32957.59,3.0,3.0
8503123,27.0,324.0,52.5,Unknown,4.0,2277347.85,7.0,7.0
8302798,11.0,143.0,62.0,Male,2.0,307046.19,6.0,6.0
6273977,6.0,73.0,46.5,Unknown,3.0,147674.82,5.0,5.0
8067900,13.0,166.0,45.5,Male,2.0,132662.61,3.0,3.0
1565509,35.0,429.0,64.0,Male,2.0,271920.3,7.0,7.0
2446167,16.0,202.0,60.5,Female,2.0,23727.08,1.0,1.0
5918498,22.0,273.0,36.5,Male,2.0,161003.3,7.0,7.0
2422844,12.0,150.0,42.0,Female,2.0,41512.73,1.0,1.0
7133367,12.0,144.0,70.0,Female,3.0,133237.87,3.0,3.0
2445363,23.0,276.0,55.5,Male,2.0,48092.07,2.0,3.0
7242414,22.0,269.0,21.5,Female,2.0,92955.35,2.0,3.0
5283210,21.0,263.0,40.0,Male,3.0,143615.99,6.0,6.0
9007998,20.0,250.0,52.5,Female,2.0,93619.2,6.0,6.0
8760105,13.0,160.0,54.5,Female,2.0,23427.63,2.0,2.0
7909698,15.0,184.0,53.0,Female,2.0,53381.2,2.0,2.0
4713110,7.0,91.0,40.0,Unknown,2.0,20463.94,2.0,2.0
8765787,16.0,198.0,43.0,Male,2.0,38553.31,5.0,5.0
8137416,6.0,73.0,36.0,Unknown,2.0,43965.13,6.0,6.0
9608288,4.0,58.0,21.5,Unknown,3.0,21545.78,3.0,3.0
2127417,25.0,300.0,73.0,Male,4.0,275218.55,7.0,7.0
8553252,21.0,253.0,39.0,Female,3.0,83712.76,2.0,3.0
7655436,19.0,238.0,44.5,Male,2.0,17600.989999999998,4.0,4.0
4852632,5.0,64.0,65.5,Unknown,2.0,103400.67,6.0,6.0
3089995,15.0,187.0,28.5,Male,2.0,111513.43,4.0,4.0
4244718,8.0,96.0,34.5,Unknown,3.0,76960.54000000001,7.0,7.0
5963390,8.0,99.0,54.5,Unknown,2.0,26021.4,2.0,2.0
2273117,4.0,59.0,27.5,Unknown,2.0,25592.369999999995,7.0,7.0
2930018,6.0,76.0,56.0,Female,2.0,89587.53,5.0,5.0
6456769,16.0,193.0,63.5,Male,3.0,166380.41999999998,7.0,7.0
2552433,14.0,178.0,64.5,Male,2.0,215485.92,3.0,4.0
7043997,16.0,198.0,43.5,Female,2.0,89302.78,1.0,1.0
9191911,15.0,189.0,52.5,Female,2.0,276111.65,3.0,3.0
9331678,14.0,169.0,63.0,Female,2.0,74079.01999999999,2.0,2.0
8031997,9.0,111.0,32.5,Male,2.0,103150.82,7.0,7.0
7726889,5.0,70.0,40.0,Unknown,2.0,23669.46,3.0,3.0
1296741,5.0,71.0,26.5,Male,3.0,62992.70999999999,7.0,7.0
8729261,6.0,74.0,22.5,Unknown,2.0,40176.81,4.0,4.0
8081335,12.0,144.0,45.5,Male,3.0,95482.36,7.0,7.0
1803871,10.0,120.0,55.5,Male,3.0,357451.1,7.0,7.0
9581473,12.0,155.0,31.0,Male,2.0,27740.369999999995,3.0,3.0
3863783,22.0,271.0,64.0,Female,2.0,37943.22,1.0,1.0
8281109,17.0,214.0,62.5,Male,3.0,451800.98,3.0,3.0
409628,23.0,276.0,35.5,Unknown,2.0,48211.76,7.0,7.0
6518906,9.0,113.0,39.5,Male,2.0,17115.62,1.0,1.0
4830132,5.0,60.0,46.0,Male,3.0,1644010.63,2.0,2.0
9423344,11.0,141.0,29.5,Male,2.0,107211.64,7.0,7.0
9827687,34.0,418.0,72.5,Female,2.0,33385.67,3.0,3.0
8855614,5.0,67.0,51.5,Unknown,2.0,20963.09,2.0,2.0
6574253,5.0,62.0,57.5,Male,2.0,18535.66,1.0,1.0
8339240,6.0,80.0,26.5,Male,2.0,12838418.01,3.0,3.0
9194473,5.0,71.0,26.0,Unknown,2.0,45434.67,4.0,4.0
5273996,6.0,76.0,33.0,Unknown,2.0,50831.14,5.0,5.0
5467950,7.0,94.0,61.5,Unknown,2.0,22002.28,3.0,3.0
3362004,9.0,117.0,54.5,Unknown,2.0,21209.15,6.0,6.0
2689246,10.0,123.0,43.5,Female,2.0,166722.26,3.0,3.0
1825974,14.0,177.0,53.5,Female,3.0,494644.65,4.0,4.0
5999126,16.0,194.0,43.5,Male,2.0,41586.42,3.0,3.0
4856289,6.0,81.0,59.5,Unknown,2.0,47296.68,3.0,3.0
733678,13.0,166.0,50.5,Female,3.0,172798.52999999997,6.0,6.0
831529,21.0,257.0,33.5,Male,2.0,54537.42,4.0,4.0
8975815,5.0,71.0,59.5,Female,2.0,39202.9,7.0,7.0
5764071,16.0,194.0,59.0,Male,2.0,35757.2,5.0,5.0
3322546,7.0,85.0,69.0,Unknown,2.0,116397.23,4.0,4.0
3766118,12.0,154.0,38.0,Female,2.0,126877.15,7.0,7.0
6378429,12.0,145.0,64.0,Female,2.0,51799.52,6.0,6.0
7742066,10.0,131.0,30.5,Female,2.0,33646.0,7.0,7.0
4345189,9.0,109.0,41.5,Male,2.0,122848.97999999998,4.0,4.0
3453782,8.0,106.0,58.0,Female,2.0,19801.52,1.0,1.0
6970612,21.0,260.0,55.5,Male,3.0,49784.65,4.0,4.0
3181930,8.0,107.0,24.0,Female,3.0,58491.86,6.0,6.0
1009177,10.0,130.0,42.0,Female,2.0,36975.0,7.0,7.0
4245552,21.0,262.0,64.0,Male,3.0,2441323.23,7.0,7.0
2536452,7.0,95.0,49.0,Unknown,2.0,23804.65,2.0,2.0
3438119,13.0,156.0,36.0,Female,2.0,36087.81,4.0,4.0
3470703,6.0,79.0,62.0,Unknown,2.0,561871.0800000001,6.0,6.0
3207056,13.0,157.0,35.0,Male,2.0,71181.66,1.0,1.0
6867425,5.0,65.0,51.0,Male,2.0,92736.2,3.0,3.0
685500,4.0,58.0,68.0,Unknown,2.0,69166.54000000001,4.0,4.0
2094066,5.0,69.0,65.0,Unknown,3.0,624995.62,7.0,7.0
9156989,6.0,72.0,22.0,Unknown,2.0,15198.469999999998,1.0,1.0
1753931,16.0,193.0,51.0,Male,2.0,255977.87,4.0,4.0
1606155,11.0,136.0,29.5,Female,2.0,65893.33,6.0,6.0
7062848,3.0,47.0,22.0,Male,2.0,15627.98,7.0,7.0
4425103,16.0,195.0,51.5,Female,2.0,82197.15,7.0,7.0
8056743,13.0,160.0,63.0,Male,3.0,5745578.16,7.0,7.0
4721969,24.0,288.0,20.0,Male,2.0,91079.82,1.0,1.0
7185633,21.0,252.0,43.0,Male,2.0,154725.77000000002,3.0,3.0
2207403,6.0,72.0,33.5,Female,2.0,68907.48999999999,1.0,1.0
397654,6.0,72.0,59.5,Male,2.0,415107.75,1.0,1.0
7961043,14.0,178.0,64.5,Female,3.0,65317.37,4.0,4.0
7443789,5.0,60.0,47.5,Female,2.0,46572.81,7.0,7.0
344633,9.0,111.0,24.0,Female,2.0,40869.65,2.0,2.0
9493426,8.0,99.0,57.5,Unknown,3.0,134822.84999999998,4.0,4.0
2121218,16.0,200.0,54.5,Male,2.0,21014.41,4.0,4.0
4721231,8.0,104.0,37.5,Male,2.0,71743.15,1.0,1.0
7179716,21.0,262.0,59.5,Female,2.0,341952.85,5.0,5.0
129997,12.0,144.0,25.5,Male,2.0,53848.19,7.0,7.0
484512,10.0,121.0,60.5,Female,2.0,30998.07,4.0,4.0
3302543,8.0,106.0,58.0,Female,2.0,53234.81,7.0,7.0
1706343,26.0,321.0,18.5,Male,2.0,205924.08,3.0,3.0
1106517,12.0,150.0,56.5,Male,2.0,129170.97999999998,2.0,2.0
5565968,12.0,145.0,30.5,Male,2.0,22724.82,2.0,2.0
9051253,8.0,98.0,31.5,Unknown,2.0,24726.96,1.0,1.0
9973226,11.0,132.0,26.0,Male,2.0,81765.17,7.0,7.0
535899,8.0,102.0,31.5,Female,2.0,24259.4,2.0,2.0
4845878,16.0,194.0,61.5,Male,3.0,1527338.36,7.0,7.0
2044023,5.0,67.0,24.0,Unknown,2.0,42027.01,7.0,7.0
9368783,5.0,60.0,69.5,Male,3.0,32480.5,4.0,4.0
5454928,7.0,88.0,54.0,Unknown,2.0,54012.11,2.0,2.0
2192331,4.0,58.0,51.0,Unknown,2.0,29680.07,2.0,2.0
6879450,4.0,59.0,15.0,Unknown,2.0,27648.85,1.0,1.0
7978639,14.0,169.0,35.5,Male,2.0,53471.75,4.0,4.0
2304715,15.0,190.0,49.5,Female,2.0,15977.96,1.0,1.0
8111272,7.0,87.0,46.0,Unknown,2.0,169736.97999999998,7.0,7.0
5338633,22.0,266.0,57.5,Female,2.0,496827.59,7.0,7.0
9401313,11.0,143.0,65.5,Male,3.0,56304.17,7.0,7.0
45252,5.0,68.0,23.0,Female,2.0,25109.88,7.0,7.0
862624,12.0,154.0,49.0,Male,2.0,51520.91,4.0,4.0
7661878,5.0,70.0,45.0,Unknown,2.0,35204.91,4.0,4.0
3620034,6.0,72.0,55.5,Male,4.0,4422127.11,6.0,7.0
3159267,4.0,57.0,29.0,Unknown,4.0,108005.52,6.0,6.0
3398597,6.0,79.0,16.5,Unknown,2.0,15269.48,6.0,6.0
5427078,14.0,179.0,47.0,Male,3.0,205355.31,6.0,6.0
7265376,9.0,110.0,60.5,Male,2.0,34806.88,1.0,1.0
360955,15.0,188.0,68.0,Female,3.0,424864.34,4.0,4.0
9413535,6.0,77.0,25.5,Unknown,3.0,70452.79999999999,5.0,5.0
6184287,5.0,68.0,57.5,Male,2.0,218285.02,5.0,5.0
8198767,14.0,178.0,60.5,Male,3.0,1087667.17,7.0,7.0
6926482,3.0,46.0,24.0,Unknown,2.0,24622.72,5.0,5.0
8242221,25.0,305.0,72.5,Male,3.0,82437.87,5.0,5.0
5678853,25.0,301.0,68.0,Unknown,2.0,82021.25,7.0,7.0
3506017,22.0,274.0,48.5,Male,3.0,1804258.64,7.0,7.0
451941,21.0,254.0,58.5,Unknown,2.0,157475.40999999997,4.0,4.0
8973768,17.0,205.0,65.5,Male,2.0,182132.38,6.0,6.0
6632926,10.0,121.0,33.5,Female,2.0,78384.84,2.0,2.0
6516263,14.0,170.0,35.5,Female,2.0,63102.72,7.0,7.0
6437236,8.0,102.0,27.0,Unknown,2.0,34461.24,7.0,7.0
5842728,14.0,179.0,55.0,Female,2.0,50420.9,1.0,1.0
3708534,7.0,85.0,34.5,Unknown,3.0,46912.23,6.0,6.0
3251258,15.0,189.0,60.5,Male,2.0,56031.54000000001,3.0,3.0
3647847,14.0,179.0,50.0,Female,2.0,627895.42,6.0,6.0
1497476,5.0,70.0,41.5,Unknown,2.0,52484.02,1.0,1.0
7039393,5.0,64.0,19.5,Unknown,3.0,35905.16,7.0,7.0
7059957,10.0,121.0,28.0,Male,2.0,45427.27,6.0,6.0
9447002,9.0,109.0,45.5,Male,3.0,276813.76,3.0,3.0
3431113,6.0,82.0,33.5,Unknown,2.0,32390.869999999995,1.0,1.0
9694673,5.0,67.0,50.5,Unknown,2.0,37545.95,6.0,6.0
1996860,20.0,242.0,56.5,Female,3.0,129166.99,5.0,5.0
7199081,23.0,276.0,79.5,Male,3.0,190611.82,1.0,1.0
3201322,20.0,240.0,17.5,Male,2.0,29040.0,2.0,2.0
9693418,19.0,232.0,66.0,Unknown,2.0,33807.49,7.0,7.0
3171033,16.0,199.0,55.0,Female,2.0,20476.47,2.0,2.0
2741058,12.0,148.0,43.5,Female,2.0,19514.13,1.0,1.0
1473666,8.0,106.0,52.5,Female,2.0,33329.33,6.0,6.0
9090891,8.0,107.0,44.0,Female,2.0,20502.51,3.0,3.0
250834,7.0,86.0,33.5,Unknown,2.0,50608.63,1.0,1.0
9111393,15.0,180.0,32.5,Male,2.0,118876.61,6.0,6.0
3709359,5.0,69.0,19.0,Unknown,2.0,22969.34,5.0,5.0
8337749,4.0,58.0,60.5,Unknown,2.0,38700.53999999999,4.0,4.0
7252241,15.0,181.0,40.5,Female,3.0,55655.73999999999,7.0,7.0
5369556,5.0,63.0,44.5,Unknown,2.0,551995.0800000001,1.0,1.0
2253942,15.0,189.0,81.0,Female,2.0,33089.3,4.0,4.0
4595629,11.0,143.0,49.0,Unknown,3.0,82939.31,3.0,3.0
1262951,7.0,87.0,46.5,Unknown,2.0,77738.67,1.0,1.0
5398979,8.0,107.0,56.0,Male,2.0,116529.99,3.0,3.0
2432194,6.0,78.0,34.0,Unknown,2.0,25780.57,2.0,2.0
5733638,15.0,189.0,41.5,Female,2.0,20081.94,1.0,1.0
2858425,14.0,171.0,50.5,Female,3.0,74346.51,3.0,3.0
7735358,22.0,272.0,55.5,Male,2.0,113685.36,3.0,3.0
7452830,21.0,262.0,72.5,Male,3.0,116329.89,6.0,6.0
6587140,19.0,230.0,34.5,Female,2.0,13802.41,1.0,1.0
8244000,12.0,144.0,64.0,Male,2.0,76970.04000000001,4.0,4.0
3992747,15.0,181.0,56.0,Male,3.0,93764.34,6.0,6.0
184969,21.0,252.0,67.0,Male,2.0,90197.39,3.0,3.0
8318197,15.0,189.0,50.5,Male,2.0,21621.03,2.0,2.0
129249,14.0,173.0,42.0,Female,2.0,182970.66,1.0,1.0
2297570,12.0,151.0,71.0,Female,2.0,37055.3,1.0,1.0
5814926,18.0,219.0,44.0,Male,2.0,54804.85,5.0,5.0
7849785,7.0,91.0,26.5,Unknown,2.0,257984.19,7.0,7.0
6365025,14.0,168.0,61.0,Female,2.0,57264.95999999999,4.0,4.0
5003309,11.0,132.0,33.5,Male,3.0,72787.38,7.0,7.0
7383799,19.0,234.0,41.0,Female,4.0,308234.17,6.0,6.0
4301705,5.0,67.0,23.0,Unknown,2.0,21949.21,7.0,7.0
3758516,13.0,166.0,41.0,Unknown,2.0,44483.72,2.0,2.0
2253583,5.0,66.0,21.5,Unknown,2.0,35585.149999999994,4.0,4.0
3110469,29.0,358.0,70.0,Unknown,3.0,68468.72,1.0,1.0
8944310,8.0,97.0,53.5,Unknown,2.0,23821.77,3.0,3.0
8834389,26.0,315.0,62.0,Female,2.0,80303.98,6.0,6.0
3708895,8.0,104.0,50.5,Male,2.0,54532.35,5.0,5.0
9905090,4.0,58.0,41.5,Male,2.0,406474.43,2.0,2.0
4295927,16.0,202.0,45.5,Female,2.0,83905.17,2.0,2.0
6324940,6.0,72.0,54.0,Unknown,2.0,28655.96,6.0,6.0
8288361,11.0,132.0,27.5,Female,3.0,42326.03,7.0,7.0
824153,8.0,104.0,53.0,Female,2.0,96421.65,2.0,2.0
5473883,5.0,63.0,59.5,Unknown,3.0,116967.4,3.0,3.0
4288568,9.0,118.0,46.5,Female,2.0,114321.64,4.0,4.0
9317701,5.0,71.0,54.5,Unknown,3.0,150147.02999999997,5.0,5.0
9533846,28.0,341.0,71.5,Male,2.0,357971.07,6.0,6.0
8616402,6.0,81.0,51.0,Unknown,2.0,182710.94,6.0,6.0
3799420,24.0,292.0,44.5,Female,2.0,19944.47,6.0,6.0
7129926,21.0,256.0,63.5,Male,4.0,366664.17,4.0,4.0
7328199,6.0,76.0,26.5,Male,2.0,43170.57,5.0,5.0
7550199,13.0,158.0,45.0,Female,2.0,44884.66,1.0,1.0
8305246,13.0,165.0,36.0,Female,2.0,97232.69,7.0,7.0
2374103,5.0,68.0,54.0,Unknown,2.0,78036.12,3.0,3.0
7387027,7.0,95.0,40.5,Unknown,2.0,39981.09,7.0,7.0
7100592,6.0,73.0,27.0,Unknown,2.0,18200.45,4.0,4.0
3286655,8.0,107.0,41.5,Female,2.0,53873.34,4.0,4.0
1925250,29.0,353.0,76.5,Female,2.0,28541.14,5.0,5.0
3428685,6.0,78.0,60.0,Unknown,2.0,15683.149999999998,1.0,1.0
7615301,5.0,71.0,25.0,Unknown,2.0,26241.7,3.0,3.0
4111592,13.0,160.0,41.5,Male,2.0,91341.49,4.0,4.0
5917854,19.0,228.0,55.5,Female,3.0,248364.06,7.0,7.0
5817706,5.0,66.0,16.0,Female,2.0,25733.68,2.0,2.0
8188584,5.0,70.0,59.5,Male,2.0,108812.26,2.0,2.0
5131666,23.0,283.0,53.5,Female,3.0,143874.47,1.0,1.0
6451222,22.0,268.0,65.0,Female,2.0,42923.7,5.0,5.0
9078596,21.0,262.0,54.5,Female,3.0,30095.95,2.0,2.0
5365223,24.0,288.0,46.0,Male,2.0,63044.12,3.0,3.0
2901140,37.0,451.0,58.5,Female,3.0,109567.05,5.0,5.0
351352,21.0,252.0,39.0,Female,3.0,333484.75,3.0,3.0
7940455,6.0,81.0,52.0,Unknown,2.0,128031.62,6.0,6.0
2452228,5.0,64.0,36.0,Unknown,4.0,70609.6,7.0,7.0
1918191,8.0,107.0,28.5,Female,2.0,45835.53999999999,6.0,6.0
6986433,9.0,119.0,37.5,Female,2.0,47057.28,1.0,1.0
2811728,5.0,60.0,56.0,Unknown,2.0,29333.63,2.0,2.0
8460412,13.0,156.0,27.0,Female,2.0,62745.600000000006,7.0,7.0
8131285,9.0,117.0,30.0,Female,2.0,49367.62,3.0,3.0
5050556,26.0,322.0,52.5,Female,3.0,149567.19,1.0,1.0
2825460,6.0,83.0,43.5,Unknown,2.0,24878.54,7.0,7.0
8263837,22.0,274.0,52.0,Male,2.0,14592.23,3.0,3.0
1674378,12.0,147.0,39.5,Male,3.0,92819.95,7.0,7.0
5037544,16.0,197.0,18.0,Male,2.0,50024.04,2.0,2.0
7441857,9.0,110.0,47.0,Male,2.0,68923.97,2.0,2.0
1635818,22.0,271.0,62.5,Female,2.0,19143.29,4.0,4.0
4185410,29.0,351.0,57.0,Female,2.0,85232.69,5.0,5.0
944571,9.0,108.0,58.5,Male,2.0,52061.47,3.0,3.0
3988928,12.0,152.0,60.0,Female,4.0,382461.22,7.0,7.0
8713124,12.0,155.0,57.0,Female,2.0,73244.76,4.0,4.0
4389998,16.0,201.0,62.0,Female,2.0,26851.78,2.0,2.0
6755632,10.0,131.0,32.5,Female,2.0,104198.91,7.0,7.0
6931124,15.0,190.0,60.0,Unknown,2.0,45605.69,3.0,3.0
1529231,6.0,72.0,64.5,Female,2.0,143330.76,7.0,7.0
1583311,4.0,51.0,64.0,Male,2.0,305819.46,6.0,6.0
8083999,8.0,99.0,19.5,Unknown,2.0,20445.75,6.0,6.0
9988641,7.0,91.0,58.5,Unknown,3.0,78014.62,7.0,7.0
7320428,14.0,178.0,39.0,Female,2.0,15573.69,4.0,4.0
9888512,6.0,77.0,60.0,Unknown,2.0,119760.33,5.0,5.0
4309127,9.0,111.0,66.0,Male,2.0,92679.63,7.0,7.0
2932799,13.0,160.0,48.0,Female,3.0,311826.91,5.0,5.0
2404563,22.0,265.0,52.0,Male,2.0,25090.48,7.0,7.0
862811,21.0,260.0,44.0,Female,2.0,35640.83,2.0,2.0
5686264,14.0,175.0,22.5,Male,3.0,71417.41,7.0,7.0
4129067,5.0,71.0,44.0,Unknown,2.0,17669.92,4.0,4.0
3499141,6.0,81.0,63.5,Unknown,2.0,118997.04,5.0,6.0
7588266,4.0,58.0,55.5,Unknown,2.0,22520.75,2.0,2.0
2431602,6.0,79.0,43.0,Unknown,2.0,24393.27,5.0,5.0
1462335,14.0,171.0,36.0,Male,2.0,18007.339999999997,1.0,1.0
8394458,16.0,193.0,39.5,Male,2.0,99566.63,2.0,2.0
4766038,4.0,58.0,26.5,Unknown,2.0,21978.01,1.0,1.0
8702828,13.0,156.0,46.5,Male,2.0,54813.26,4.0,4.0
9409100,14.0,177.0,38.5,Male,2.0,59686.5,1.0,1.0
5292716,6.0,83.0,49.0,Unknown,2.0,35605.02,7.0,7.0
1254673,15.0,180.0,35.5,Male,2.0,60105.130000000005,3.0,3.0
8565822,9.0,113.0,58.5,Female,2.0,173865.84000000003,1.0,1.0
2041208,10.0,125.0,41.0,Male,2.0,339946.86,7.0,7.0
666277,21.0,259.0,46.5,Unknown,2.0,79526.75,1.0,1.0
6801483,17.0,215.0,42.0,Male,3.0,248530.23,6.0,6.0
6040569,13.0,165.0,67.0,Female,2.0,80756.19,3.0,3.0
5090408,10.0,123.0,24.5,Male,2.0,110502.25,4.0,4.0
6744229,13.0,156.0,49.0,Female,2.0,13949.73,2.0,2.0
1559255,4.0,56.0,60.5,Unknown,3.0,1253016.14,1.0,1.0
8810471,14.0,168.0,33.0,Male,2.0,540929.93,2.0,2.0
8327268,7.0,84.0,20.5,Unknown,2.0,42775.41,7.0,7.0
3988369,6.0,76.0,32.5,Unknown,3.0,226228.67,7.0,7.0
7648674,4.0,56.0,40.0,Unknown,2.0,61649.26999999999,4.0,4.0
9333378,7.0,85.0,49.5,Unknown,2.0,433377.32,5.0,5.0
5945107,8.0,101.0,25.5,Female,3.0,346550.34,7.0,7.0
6742260,14.0,172.0,51.0,Male,2.0,64743.880000000005,4.0,4.0
9895236,15.0,180.0,62.5,Female,2.0,34067.53999999999,5.0,5.0
8860318,12.0,145.0,24.0,Male,2.0,42716.25,3.0,3.0
278423,6.0,72.0,37.0,Unknown,4.0,314494.6,7.0,7.0
7278899,4.0,58.0,61.0,Unknown,2.0,28364.509999999995,4.0,4.0
378543,5.0,71.0,57.5,Female,2.0,25951.97,2.0,2.0
2038252,17.0,215.0,40.5,Male,3.0,164632.07,4.0,4.0
3341675,12.0,145.0,34.5,Male,3.0,89693.55,5.0,5.0
2005669,16.0,198.0,29.5,Male,2.0,63111.45999999999,1.0,1.0
1418419,9.0,111.0,51.0,Female,2.0,40080.78999999999,4.0,4.0
5713099,16.0,197.0,46.0,Female,2.0,92493.33,7.0,7.0
4153906,5.0,70.0,33.0,Unknown,2.0,14187.359999999995,4.0,5.0
7837265,6.0,79.0,24.5,Unknown,2.0,266663.04,4.0,4.0
9194400,13.0,156.0,42.5,Male,2.0,26222.99,7.0,7.0
8809919,6.0,82.0,59.5,Unknown,2.0,101939.31,7.0,7.0
8150502,4.0,58.0,47.0,Unknown,2.0,84204.41,3.0,3.0
9950882,21.0,262.0,47.5,Female,2.0,149890.39,2.0,2.0
4822261,15.0,187.0,47.0,Female,2.0,33488.3,3.0,3.0
4121658,5.0,70.0,31.5,Unknown,2.0,18488.08,4.0,4.0
4333225,17.0,213.0,62.0,Male,2.0,81200.7,4.0,4.0
9270648,6.0,80.0,31.5,Unknown,2.0,45413.52,2.0,2.0
1543272,7.0,84.0,76.5,Unknown,2.0,120525.57,1.0,1.0
7722747,14.0,171.0,26.0,Female,2.0,14835.359999999995,1.0,1.0
9978396,6.0,83.0,28.0,Male,2.0,60545.7,7.0,7.0
8477882,9.0,118.0,46.0,Male,2.0,128184.89,5.0,5.0
4077507,3.0,45.0,41.0,Unknown,2.0,23186.27,1.0,1.0
6325926,5.0,70.0,30.0,Unknown,2.0,16860.039999999997,1.0,1.0
6957824,17.0,205.0,62.5,Male,2.0,20350.81,4.0,4.0
9536533,15.0,187.0,33.5,Female,2.0,33803.56,1.0,1.0
5854892,22.0,270.0,64.5,Female,2.0,85016.34999999999,7.0,7.0
8728125,20.0,249.0,64.0,Male,2.0,213209.27,4.0,4.0
1518973,6.0,82.0,25.0,Unknown,2.0,49362.58,6.0,6.0
8758287,13.0,157.0,37.0,Male,2.0,76560.68,3.0,3.0
8545060,8.0,106.0,37.5,Female,2.0,36442.14,1.0,1.0
3139808,7.0,85.0,41.5,Unknown,2.0,19033.81,6.0,6.0
8321061,5.0,62.0,74.0,Female,2.0,161209.02999999997,7.0,7.0
807726,4.0,48.0,62.0,Unknown,3.0,78341.85,6.0,7.0
338209,13.0,167.0,34.0,Female,2.0,124569.07,5.0,5.0
3917764,19.0,235.0,49.5,Unknown,2.0,126694.27000000002,3.0,3.0
9160487,7.0,88.0,46.0,Unknown,2.0,59352.94,6.0,6.0
2925139,10.0,120.0,32.0,Female,2.0,43563.62,7.0,7.0
456428,14.0,168.0,34.0,Female,2.0,69126.5,7.0,7.0
9513653,15.0,189.0,39.5,Female,2.0,17620.85,3.0,3.0
6579271,26.0,321.0,82.0,Female,2.0,55905.42999999999,5.0,5.0
6375907,7.0,92.0,62.0,Female,2.0,33568.759999999995,1.0,1.0
3623497,9.0,117.0,42.0,Female,2.0,74158.09,4.0,5.0
3312874,5.0,68.0,54.5,Female,2.0,216747.68,7.0,7.0
7978061,15.0,182.0,44.0,Male,3.0,127212.0,3.0,3.0
4372358,7.0,94.0,64.0,Unknown,2.0,136919.55,7.0,7.0
8582746,27.0,325.0,74.5,Male,3.0,2098404.68,3.0,3.0
1496507,5.0,61.0,21.0,Male,2.0,16418.5,1.0,1.0
2887058,7.0,94.0,46.5,Unknown,3.0,177239.81,4.0,4.0
5152733,15.0,185.0,34.0,Female,2.0,30548.68,2.0,2.0
6882788,18.0,221.0,40.0,Male,2.0,18787.39,3.0,3.0
6161290,17.0,206.0,51.5,Female,4.0,526125.68,7.0,7.0
3969217,38.0,466.0,69.5,Female,2.0,402848.37,7.0,7.0
3936478,12.0,146.0,44.5,Female,2.0,41871.03,2.0,2.0
2174975,29.0,358.0,40.0,Male,3.0,315657.64,4.0,4.0
9768260,9.0,111.0,49.0,Male,2.0,18824.97,2.0,2.0
1206834,7.0,85.0,24.0,Unknown,2.0,56883.95,4.0,4.0
7778012,11.0,142.0,56.5,Female,2.0,50344.17,2.0,2.0
8390330,7.0,84.0,54.0,Unknown,2.0,171762.33000000002,7.0,7.0
1599447,7.0,93.0,70.0,Female,2.0,222002.95,4.0,4.0
4707924,11.0,142.0,31.0,Female,2.0,15687.169999999998,2.0,2.0
6693488,6.0,79.0,28.0,Unknown,3.0,65937.09,2.0,2.0
1234321,6.0,81.0,47.5,Unknown,2.0,58729.37,7.0,7.0
9367549,19.0,230.0,54.5,Male,2.0,323047.67,7.0,7.0
8087930,6.0,79.0,22.0,Unknown,2.0,23717.38,7.0,7.0
508102,12.0,153.0,51.5,Male,2.0,47588.69,3.0,3.0
9947047,4.0,57.0,34.0,Female,2.0,45787.01,1.0,1.0
6126148,15.0,189.0,45.0,Male,2.0,49752.38,7.0,7.0
4648264,16.0,202.0,32.0,Female,3.0,27802.52,1.0,2.0
3972286,12.0,145.0,57.0,Female,2.0,59144.28,3.0,3.0
5076168,6.0,72.0,62.0,Male,2.0,24150.4,5.0,5.0
8930140,20.0,244.0,48.5,Female,2.0,44889.11,1.0,1.0
3440176,5.0,69.0,58.5,Unknown,2.0,510721.11,2.0,2.0
2901933,4.0,58.0,55.0,Unknown,2.0,33152.23,1.0,1.0
3937703,7.0,86.0,27.5,Unknown,2.0,61755.33,4.0,4.0
8135222,7.0,85.0,37.5,Unknown,2.0,40936.4,1.0,3.0
9590169,16.0,202.0,39.5,Male,3.0,79976.13,7.0,7.0
8553798,6.0,73.0,46.5,Unknown,2.0,36616.67999999999,6.0,6.0
7026881,13.0,167.0,27.5,Female,2.0,119693.98,4.0,4.0
8938465,16.0,192.0,39.0,Male,2.0,101415.12,5.0,5.0
1427349,5.0,61.0,58.0,Unknown,3.0,47913.19,3.0,4.0
1678790,7.0,84.0,49.0,Unknown,3.0,103184.62,7.0,7.0
3312915,6.0,78.0,66.5,Female,2.0,143130.0,3.0,3.0
6025964,8.0,98.0,34.0,Female,2.0,18546.61,1.0,1.0
7690469,24.0,294.0,43.5,Female,2.0,29396.14,6.0,6.0
1710579,21.0,255.0,52.5,Female,2.0,100135.58,7.0,7.0
5427946,19.0,229.0,63.5,Female,2.0,373356.5,2.0,2.0
8826392,18.0,226.0,37.5,Unknown,2.0,19736.16,2.0,2.0
6295863,5.0,71.0,57.0,Unknown,2.0,131408.69,7.0,7.0
8929729,5.0,67.0,61.5,Unknown,2.0,74864.18,5.0,5.0
964715,5.0,60.0,31.0,Unknown,2.0,18458.24,2.0,2.0
3628023,28.0,345.0,47.5,Unknown,3.0,165025.05,6.0,6.0
4305440,7.0,91.0,46.0,Unknown,2.0,39795.09,6.0,6.0
1149237,34.0,416.0,75.0,Female,2.0,48397.46,2.0,2.0
8121681,6.0,72.0,35.5,Unknown,2.0,34719.259999999995,5.0,5.0
9775621,7.0,95.0,26.5,Female,2.0,86692.27,2.0,2.0
7247313,12.0,148.0,63.0,Female,2.0,25474.38,1.0,1.0
6797004,14.0,170.0,24.5,Female,5.0,183559.53,7.0,7.0
9841972,16.0,193.0,42.0,Female,2.0,913133.55,6.0,6.0
7470412,12.0,152.0,29.0,Male,2.0,86305.7,1.0,1.0
4651056,18.0,223.0,65.0,Female,3.0,13969.449999999995,2.0,2.0
3773979,14.0,175.0,43.0,Female,2.0,24919.63,1.0,1.0
2138757,9.0,118.0,26.5,Female,2.0,65002.26999999999,5.0,5.0
921766,8.0,103.0,42.5,Unknown,2.0,26284.8,3.0,3.0
6499244,4.0,58.0,55.5,Unknown,2.0,21190.76,3.0,3.0
5305679,6.0,80.0,24.0,Female,2.0,269735.78,7.0,7.0
1555244,23.0,281.0,57.5,Male,3.0,1060902.15,6.0,6.0
5823078,23.0,277.0,72.5,Female,3.0,93076.97,3.0,3.0
9317361,22.0,272.0,37.5,Female,3.0,90688.61,6.0,6.0
9069824,21.0,259.0,51.0,Female,2.0,151602.46999999997,5.0,5.0
8347270,4.0,59.0,55.5,Unknown,2.0,23544.92,7.0,7.0
5290799,11.0,132.0,70.0,Female,2.0,95187.79,7.0,7.0
4872546,19.0,231.0,53.0,Male,2.0,448545.38,7.0,7.0
9047448,28.0,347.0,20.5,Female,2.0,90763.12,3.0,3.0
4909029,8.0,96.0,22.5,Unknown,2.0,41366.81,1.0,1.0
7271099,10.0,120.0,30.5,Female,2.0,64807.97,7.0,7.0
8989652,6.0,78.0,42.0,Unknown,2.0,15557.679999999997,3.0,3.0
1364799,13.0,167.0,36.5,Female,2.0,101823.69,3.0,3.0
9313513,6.0,72.0,30.0,Unknown,2.0,48546.7,5.0,5.0
2900506,15.0,181.0,35.5,Male,2.0,80133.2,3.0,3.0
4210208,12.0,144.0,53.0,Male,2.0,30655.75,5.0,5.0
4828377,15.0,191.0,37.0,Male,4.0,226211.79,6.0,6.0
4089762,8.0,104.0,28.5,Female,2.0,17676.35,7.0,7.0
9499875,10.0,121.0,27.5,Male,3.0,197395.65,3.0,3.0
2465100,31.0,373.0,62.5,Male,2.0,1058676.19,7.0,7.0
2611419,17.0,211.0,48.0,Female,2.0,22469.87,6.0,6.0
9597190,10.0,125.0,29.0,Female,2.0,69859.51,4.0,4.0
5835112,24.0,292.0,56.5,Unknown,2.0,644413.14,7.0,7.0
8492297,23.0,284.0,52.0,Male,2.0,71659.51999999999,6.0,6.0
3594674,20.0,247.0,59.5,Male,3.0,199825.83,7.0,7.0
6571733,17.0,215.0,36.5,Male,3.0,302748.83,6.0,6.0
7609515,15.0,190.0,49.5,Male,2.0,59249.59,4.0,4.0
9767428,4.0,58.0,57.5,Unknown,2.0,84767.81999999999,6.0,6.0
1305866,15.0,184.0,54.0,Male,2.0,56106.69,2.0,2.0
6176943,16.0,197.0,29.5,Male,2.0,55070.13,5.0,5.0
3719155,13.0,156.0,38.0,Female,2.0,168745.18,1.0,1.0
6653657,5.0,70.0,54.5,Unknown,2.0,78775.62,3.0,3.0
2967766,14.0,169.0,43.0,Male,2.0,123379.14,2.0,2.0
6373443,5.0,60.0,42.5,Unknown,2.0,28654.39,5.0,5.0
4133248,10.0,131.0,31.5,Male,3.0,290670.23,6.0,6.0
5621155,15.0,183.0,41.0,Female,2.0,42270.46,4.0,4.0
5185655,11.0,132.0,23.5,Female,2.0,74503.13,1.0,1.0
3912005,6.0,73.0,16.5,Unknown,2.0,18455.82,7.0,7.0
3688019,6.0,83.0,29.0,Unknown,2.0,48151.71,4.0,4.0
1471334,19.0,237.0,39.5,Male,2.0,36410.16,7.0,7.0
5182675,7.0,91.0,59.5,Unknown,3.0,555502.54,6.0,6.0
9501785,18.0,217.0,63.5,Male,2.0,247045.85,3.0,3.0
8242327,27.0,333.0,61.0,Male,4.0,2418230.48,7.0,7.0
2747209,12.0,144.0,63.0,Male,2.0,54634.95,6.0,6.0
5898876,8.0,99.0,46.5,Unknown,3.0,274391.54,4.0,4.0
1434832,15.0,190.0,26.5,Female,2.0,103409.57,1.0,2.0
7340571,23.0,281.0,20.0,Male,2.0,367151.3,7.0,7.0
4310581,17.0,206.0,51.0,Male,2.0,35600.09,7.0,7.0
1805613,7.0,92.0,41.5,Unknown,2.0,78455.03,2.0,2.0
8510711,9.0,118.0,32.5,Male,2.0,64408.28,1.0,1.0
1799023,15.0,181.0,56.0,Female,2.0,14943.259999999998,1.0,1.0
6714301,15.0,183.0,45.0,Female,4.0,279467.73,7.0,7.0
1891684,4.0,57.0,57.0,Unknown,2.0,43823.51,4.0,4.0
4986505,5.0,65.0,21.0,Unknown,2.0,62833.81,7.0,7.0
2128499,7.0,95.0,37.5,Unknown,4.0,206128.19,6.0,6.0
7951453,16.0,194.0,44.5,Female,3.0,243963.93,5.0,5.0
3991263,9.0,119.0,27.0,Male,2.0,15753.539999999995,7.0,7.0
1307640,6.0,74.0,61.0,Female,2.0,784928.9400000001,6.0,6.0
4566173,15.0,187.0,28.5,Male,4.0,103150.16,7.0,7.0
1517508,10.0,125.0,52.0,Female,2.0,46005.53,5.0,5.0
4055905,15.0,188.0,40.0,Male,2.0,63559.92999999999,7.0,7.0
6119311,7.0,86.0,25.0,Unknown,2.0,37346.36,1.0,1.0
6118228,24.0,299.0,61.0,Male,2.0,239481.13,7.0,7.0
7146048,4.0,56.0,44.5,Unknown,3.0,50736.2,5.0,5.0
1996488,5.0,63.0,60.0,Unknown,2.0,37520.37,2.0,2.0
4611604,7.0,90.0,23.0,Unknown,3.0,59219.45999999999,5.0,6.0
2546074,16.0,192.0,61.0,Male,2.0,105699.79,3.0,3.0
7801962,10.0,120.0,70.0,Female,2.0,306714.57,7.0,7.0
7382119,18.0,227.0,52.0,Male,2.0,909194.82,4.0,4.0
318805,12.0,149.0,52.0,Male,2.0,105610.39,1.0,1.0
6708538,10.0,127.0,25.0,Male,2.0,18111.77,7.0,7.0
5578264,14.0,178.0,27.0,Female,2.0,22580.1,1.0,1.0
7490051,16.0,195.0,43.0,Male,2.0,19174.69,1.0,1.0
6197266,7.0,86.0,59.5,Male,2.0,166681.65000000002,6.0,6.0
1552628,28.0,338.0,49.5,Male,4.0,319008.85,7.0,7.0
9055700,6.0,72.0,19.5,Unknown,3.0,28598.19,3.0,3.0
4122000,11.0,142.0,65.0,Female,2.0,204888.47,7.0,7.0
7945588,6.0,80.0,66.0,Unknown,3.0,60770.33,1.0,1.0
9048016,7.0,87.0,24.0,Unknown,2.0,18392.47,5.0,5.0
4172429,50.0,602.0,70.5,Female,2.0,17958.42,3.0,3.0
745799,14.0,178.0,31.5,Male,2.0,99027.76,1.0,1.0
665686,4.0,59.0,46.5,Female,2.0,25591.79,2.0,2.0
3810663,4.0,59.0,38.0,Unknown,2.0,27768.84,1.0,1.0
1735505,5.0,65.0,63.0,Unknown,2.0,47289.87,2.0,2.0
9114511,13.0,156.0,42.5,Female,2.0,15777.5,1.0,1.0
7457647,7.0,94.0,50.0,Unknown,2.0,46920.22,3.0,3.0
5913331,11.0,133.0,52.0,Male,2.0,391823.29,3.0,3.0
1116605,12.0,149.0,38.0,Female,2.0,26951.22,6.0,6.0
8873332,12.0,151.0,22.5,Female,2.0,16050.589999999997,3.0,3.0
1506119,5.0,67.0,43.0,Unknown,2.0,33080.09,6.0,6.0
4629227,9.0,119.0,25.0,Unknown,2.0,96240.27,7.0,7.0
3050345,23.0,283.0,65.0,Female,2.0,53030.78,4.0,4.0
4055294,21.0,254.0,32.5,Female,2.0,33059.59,7.0,7.0
8011595,18.0,226.0,27.5,Female,2.0,71507.28,1.0,1.0
4662839,8.0,98.0,29.0,Unknown,2.0,64467.76,4.0,4.0
8555627,6.0,73.0,64.0,Unknown,2.0,497437.82,7.0,7.0
445104,14.0,169.0,69.0,Female,2.0,40246.53,5.0,5.0
411035,6.0,80.0,39.0,Male,2.0,18262.4,7.0,7.0
4289405,5.0,65.0,79.0,Unknown,2.0,50034.03,7.0,7.0
7428749,5.0,70.0,17.5,Unknown,2.0,16516.93,1.0,1.0
4062362,15.0,188.0,38.5,Male,3.0,145428.46999999997,7.0,7.0
9969450,18.0,223.0,62.0,Unknown,2.0,167212.11,1.0,1.0
4900320,14.0,176.0,64.5,Male,2.0,571044.9600000001,7.0,7.0
2398729,13.0,164.0,32.0,Male,2.0,98540.6,7.0,7.0
3519964,15.0,183.0,46.5,Female,2.0,123710.94,2.0,2.0
6460528,12.0,151.0,40.0,Female,2.0,69692.87,7.0,7.0
2198977,11.0,142.0,28.0,Male,2.0,20376.52,5.0,5.0
5064014,8.0,96.0,24.5,Unknown,3.0,147986.76,5.0,5.0
1063117,23.0,278.0,59.0,Male,3.0,419791.66,6.0,7.0
3170867,17.0,214.0,59.0,Male,2.0,22202.72,3.0,3.0
2674090,17.0,214.0,61.0,Female,3.0,77538.68,5.0,5.0
2133760,12.0,151.0,36.5,Male,3.0,112339.27,6.0,6.0
1354498,14.0,179.0,35.5,Female,3.0,185232.87,7.0,7.0
9149503,26.0,322.0,47.0,Unknown,3.0,2340629.71,7.0,7.0
6391126,5.0,66.0,53.0,Unknown,3.0,340464.39,6.0,6.0
3016455,14.0,168.0,66.5,Female,2.0,54393.46,5.0,5.0
270436,13.0,162.0,57.0,Male,2.0,150693.94,3.0,3.0
8024481,5.0,65.0,60.0,Unknown,2.0,34658.36,5.0,5.0
5196221,9.0,119.0,61.0,Male,2.0,129973.41999999998,4.0,4.0
1394140,6.0,72.0,37.0,Unknown,2.0,22657.93,4.0,5.0
6832834,8.0,97.0,59.0,Unknown,2.0,40651.0,2.0,2.0
5924495,12.0,145.0,26.0,Female,3.0,114604.97,7.0,7.0
7968300,23.0,277.0,45.0,Female,2.0,53260.17,5.0,5.0
9854223,11.0,143.0,31.0,Female,2.0,87301.84,5.0,5.0
6891179,23.0,285.0,44.0,Female,2.0,38910.86,1.0,1.0
2827221,21.0,252.0,37.0,Female,2.0,174531.68,4.0,4.0
2971769,19.0,229.0,51.5,Female,3.0,377824.15,4.0,4.0
3914988,6.0,80.0,37.5,Unknown,2.0,63953.59,7.0,7.0
5469691,7.0,94.0,28.5,Unknown,3.0,58213.86,3.0,3.0
2389665,6.0,77.0,60.5,Unknown,2.0,44490.62,1.0,1.0
1002108,3.0,44.0,57.0,Female,2.0,43565.82,2.0,2.0
7285900,12.0,145.0,39.5,Male,2.0,88685.17,6.0,6.0
6069026,6.0,75.0,16.5,Unknown,4.0,18251.1,2.0,2.0
1242683,7.0,86.0,55.5,Unknown,2.0,24632.869999999995,5.0,5.0
2407979,11.0,142.0,35.0,Male,2.0,40343.53999999999,2.0,2.0
2076652,6.0,73.0,44.0,Unknown,2.0,42186.28999999999,7.0,7.0
9983468,20.0,242.0,58.5,Male,2.0,19181.7,7.0,7.0
8563223,3.0,38.0,65.5,Unknown,2.0,17269.269999999997,4.0,5.0
6610030,5.0,62.0,52.5,Unknown,4.0,307609.21,6.0,6.0
7795103,15.0,180.0,41.0,Male,2.0,1186392.73,7.0,7.0
191738,13.0,166.0,28.0,Female,2.0,63021.61,2.0,2.0
7645931,25.0,301.0,55.5,Female,2.0,85142.67,1.0,1.0
2164715,7.0,90.0,79.0,Unknown,2.0,20274.2,7.0,7.0
8820829,5.0,67.0,27.5,Unknown,2.0,53280.38,2.0,2.0
2112398,6.0,73.0,53.0,Unknown,2.0,117161.36,1.0,1.0
5022581,12.0,146.0,32.0,Male,2.0,54484.34,3.0,3.0
5252424,15.0,184.0,45.5,Female,2.0,40859.6,4.0,4.0
502296,32.0,390.0,56.5,Male,2.0,65129.100000000006,5.0,5.0
3619392,7.0,84.0,20.5,Unknown,2.0,33700.34,7.0,7.0
5715725,8.0,100.0,51.5,Female,2.0,54076.98,6.0,6.0
4901100,10.0,126.0,61.5,Female,2.0,47340.64,2.0,2.0
8715522,6.0,73.0,30.5,Unknown,2.0,35626.94,1.0,1.0
4663615,32.0,395.0,49.5,Female,2.0,23838.57,2.0,2.0
6220997,4.0,59.0,31.5,Unknown,2.0,16322.94,1.0,1.0
7184958,6.0,82.0,29.5,Female,2.0,48255.81,7.0,7.0
8102036,21.0,253.0,63.5,Male,2.0,481101.5,7.0,7.0
7299046,9.0,119.0,38.0,Female,2.0,57898.130000000005,1.0,1.0
1699723,12.0,154.0,41.5,Male,3.0,103022.77,7.0,7.0
1793808,10.0,129.0,33.0,Male,2.0,56510.67,7.0,7.0
4376548,22.0,264.0,81.5,Male,2.0,50972.57,7.0,7.0
3878810,21.0,259.0,64.0,Female,2.0,70237.12,1.0,2.0
8033745,19.0,231.0,64.5,Male,3.0,593257.05,6.0,6.0
9678592,18.0,227.0,67.5,Male,4.0,2747427.56,6.0,6.0
7289887,18.0,226.0,57.0,Female,2.0,372137.39,2.0,2.0
6257495,18.0,222.0,71.0,Male,2.0,35742.6,4.0,4.0
9606695,16.0,198.0,62.0,Male,2.0,182468.0,4.0,4.0
4028636,16.0,195.0,69.0,Female,2.0,89414.88,6.0,6.0
2842127,11.0,137.0,37.0,Female,3.0,61155.9,4.0,4.0
9443591,10.0,126.0,51.0,Female,2.0,84067.95999999999,4.0,4.0
6656738,12.0,146.0,23.0,Female,2.0,47257.96,7.0,7.0
466390,8.0,107.0,43.0,Female,2.0,37738.06,1.0,1.0
9003297,12.0,151.0,48.0,Male,2.0,27208.46,2.0,2.0
859668,4.0,58.0,29.5,Unknown,2.0,34509.369999999995,2.0,2.0
3232569,5.0,65.0,17.5,Female,2.0,19846.36,7.0,7.0
2375966,9.0,113.0,46.0,Male,2.0,67851.01,3.0,3.0
2516707,6.0,72.0,18.5,Unknown,2.0,15301.21,2.0,2.0
8124001,15.0,182.0,29.5,Female,2.0,77532.66,6.0,6.0
3915292,13.0,167.0,39.5,Female,2.0,56318.42,4.0,4.0
9799769,15.0,190.0,34.0,Female,2.0,46519.64,3.0,3.0
7913717,6.0,73.0,59.5,Unknown,2.0,21046.99,3.0,3.0
519315,7.0,92.0,60.0,Male,2.0,448325.97,6.0,6.0
3436412,11.0,142.0,26.5,Male,2.0,61315.51999999999,2.0,2.0
1371029,15.0,183.0,82.0,Female,2.0,152783.08000000002,5.0,5.0
2545223,16.0,197.0,41.5,Female,2.0,159182.2,5.0,5.0
695518,6.0,78.0,25.0,Unknown,2.0,49720.15,3.0,3.0
7672589,4.0,57.0,61.0,Unknown,2.0,88145.19,3.0,3.0
2512520,6.0,73.0,58.5,Female,2.0,235628.96,3.0,3.0
3218233,15.0,188.0,57.0,Female,2.0,55347.03,1.0,1.0
531079,7.0,87.0,50.0,Male,2.0,39071.46,5.0,5.0
2447704,6.0,80.0,40.0,Unknown,2.0,29611.06,5.0,5.0
7361218,21.0,260.0,40.0,Female,4.0,276023.35,7.0,7.0
4582863,11.0,141.0,22.0,Male,4.0,355480.37,7.0,7.0
5686451,6.0,80.0,64.0,Unknown,2.0,29323.97,7.0,7.0
5206802,27.0,332.0,55.0,Male,3.0,79567.42,1.0,1.0
590886,9.0,114.0,29.0,Female,3.0,45564.37,4.0,4.0
6031380,25.0,301.0,42.0,Male,3.0,423976.31,4.0,4.0
788388,13.0,164.0,24.0,Female,2.0,56114.69,7.0,7.0
389560,3.0,37.0,67.0,Unknown,2.0,23666.61,7.0,7.0
6288250,5.0,63.0,18.5,Female,2.0,23004.75,2.0,2.0
1879066,5.0,62.0,56.5,Unknown,2.0,15025.14,4.0,4.0
7020230,23.0,279.0,47.5,Male,2.0,35109.78999999999,1.0,1.0
9713015,21.0,262.0,62.5,Unknown,2.0,152485.36,3.0,3.0
8921005,21.0,254.0,60.0,Female,3.0,375956.45,6.0,6.0
672617,21.0,252.0,44.0,Male,2.0,46174.88,3.0,3.0
5779947,6.0,75.0,25.5,Unknown,2.0,39964.92999999999,5.0,5.0
8064377,8.0,105.0,50.0,Female,2.0,65585.19,6.0,6.0
5235064,14.0,178.0,40.0,Unknown,2.0,28813.77,4.0,4.0
8487990,4.0,59.0,45.0,Unknown,2.0,127024.66,3.0,3.0
4060682,5.0,68.0,59.5,Unknown,2.0,29263.04,1.0,1.0
1799706,13.0,163.0,66.0,Female,2.0,52953.31,3.0,3.0
2518515,8.0,103.0,45.5,Unknown,2.0,77600.51999999999,3.0,3.0
9565676,15.0,181.0,47.0,Male,3.0,35147.25,5.0,5.0
1794940,10.0,125.0,37.5,Female,2.0,42045.2,2.0,2.0
1979219,8.0,106.0,61.5,Male,2.0,38379.33,6.0,6.0
2562944,9.0,109.0,27.5,Male,2.0,324670.5,4.0,4.0
2079443,8.0,97.0,37.5,Unknown,2.0,53141.36,1.0,1.0
5958854,5.0,69.0,26.5,Unknown,2.0,15127.239999999998,4.0,4.0
6125413,5.0,65.0,21.0,Unknown,2.0,35129.78,5.0,5.0
2192884,15.0,183.0,57.5,Female,2.0,94973.75,5.0,5.0
8109879,7.0,91.0,23.5,Male,2.0,54682.15,4.0,4.0
6855298,12.0,145.0,70.5,Female,2.0,176346.32,3.0,3.0
7338718,6.0,77.0,63.0,Unknown,2.0,149205.16999999998,3.0,3.0
4200777,8.0,97.0,26.5,Unknown,3.0,82222.98,7.0,7.0
5098477,22.0,264.0,64.5,Male,4.0,618296.6900000001,7.0,7.0
7046425,21.0,262.0,41.5,Unknown,2.0,66283.26999999999,3.0,3.0
8827644,15.0,190.0,55.5,Male,2.0,1228272.78,6.0,6.0
8159827,8.0,101.0,71.0,Unknown,2.0,52228.07,7.0,7.0
7198395,12.0,145.0,22.5,Female,3.0,255709.5,3.0,3.0
8214501,14.0,173.0,60.5,Female,2.0,231842.95,1.0,1.0
5188441,4.0,58.0,48.5,Unknown,2.0,30161.91,5.0,5.0
4524671,11.0,143.0,51.0,Female,2.0,57769.41,4.0,4.0
6224726,6.0,73.0,25.5,Unknown,2.0,38221.01,7.0,7.0
919962,14.0,178.0,58.5,Male,2.0,18181.52,1.0,1.0
8162050,17.0,214.0,50.0,Male,2.0,13859.719999999998,6.0,6.0
4370762,6.0,79.0,54.0,Unknown,2.0,94950.91,2.0,2.0
8016539,4.0,59.0,16.5,Unknown,2.0,36801.67999999999,3.0,3.0
6400650,8.0,106.0,57.0,Male,2.0,58512.0,1.0,1.0
4353099,6.0,79.0,41.0,Unknown,2.0,29862.35,2.0,2.0
669095,12.0,149.0,28.5,Male,3.0,44727.2,7.0,7.0
9923095,14.0,174.0,44.0,Female,2.0,172132.03999999998,7.0,7.0
1272593,7.0,85.0,38.0,Unknown,2.0,16691.989999999998,1.0,1.0
803856,15.0,189.0,35.5,Male,2.0,183166.08,3.0,3.0
1325283,6.0,83.0,35.0,Unknown,2.0,45596.83,7.0,7.0
9088444,13.0,162.0,31.0,Female,2.0,39636.14,6.0,6.0
4061320,9.0,119.0,48.0,Unknown,2.0,17939.269999999997,1.0,1.0
1246310,12.0,146.0,53.0,Female,2.0,105664.18,4.0,4.0
1558536,15.0,188.0,51.0,Male,2.0,110939.85,3.0,3.0
1917150,12.0,151.0,48.5,Male,2.0,17853.969999999998,3.0,3.0
9882959,4.0,57.0,61.5,Male,2.0,95831.92,6.0,6.0
5049735,7.0,93.0,46.5,Unknown,2.0,17241.199999999997,1.0,1.0
3685697,5.0,67.0,50.5,Unknown,2.0,431768.58,6.0,6.0
6371873,5.0,61.0,67.5,Male,3.0,1558224.5499999998,7.0,7.0
3348260,23.0,283.0,53.5,Male,4.0,911742.0,7.0,7.0
7923996,16.0,200.0,56.0,Female,2.0,1281974.27,7.0,7.0
2209974,5.0,65.0,46.0,Unknown,2.0,38849.89,1.0,1.0
7155135,16.0,202.0,66.5,Female,2.0,79999.59999999999,6.0,6.0
1584897,6.0,80.0,27.5,Unknown,2.0,27686.07,7.0,7.0
7806379,6.0,80.0,16.5,Unknown,2.0,14434.179999999997,3.0,3.0
9512143,7.0,94.0,49.5,Unknown,2.0,57641.08,7.0,7.0
8145627,6.0,72.0,19.5,Unknown,2.0,52991.83,2.0,2.0
455158,6.0,80.0,57.0,Male,3.0,69393.45,7.0,7.0
5782952,7.0,85.0,42.0,Female,2.0,16823.1,2.0,2.0
7668019,6.0,72.0,24.5,Unknown,2.0,33010.42,2.0,2.0
2078,14.0,179.0,51.0,Female,2.0,66250.16,4.0,4.0
206150,8.0,96.0,47.5,Unknown,2.0,29430.75,4.0,4.0
5587486,13.0,161.0,27.5,Male,2.0,27768.86,5.0,5.0
6966697,7.0,91.0,59.0,Unknown,2.0,120200.09,2.0,2.0
4767921,7.0,86.0,28.0,Unknown,2.0,43952.58,3.0,3.0
1211251,27.0,334.0,64.5,Female,3.0,333756.52,7.0,7.0
2313537,6.0,76.0,45.0,Male,2.0,538242.2200000001,7.0,7.0
8659838,18.0,224.0,39.5,Male,2.0,30380.89,2.0,2.0
338289,18.0,223.0,33.0,Female,2.0,156422.2,3.0,3.0
6050454,13.0,164.0,28.0,Female,3.0,107544.65,6.0,6.0
6507118,13.0,166.0,58.0,Unknown,2.0,25116.41,1.0,1.0
998188,4.0,59.0,52.0,Unknown,2.0,21584.26,4.0,4.0
3700594,10.0,130.0,28.0,Male,2.0,103123.48,2.0,2.0
1303474,9.0,112.0,65.5,Female,2.0,110119.34,1.0,1.0
8176472,13.0,166.0,38.5,Male,2.0,46097.78999999999,7.0,7.0
5981402,5.0,67.0,31.0,Male,2.0,37442.03999999999,2.0,2.0
8578898,16.0,203.0,41.5,Male,2.0,109730.37,7.0,7.0
3145255,13.0,160.0,59.0,Female,2.0,39426.07,4.0,4.0
2784379,10.0,127.0,69.5,Female,2.0,36012.22,2.0,2.0
569109,4.0,59.0,56.5,Unknown,2.0,38512.26,1.0,1.0
2727578,5.0,70.0,24.0,Unknown,3.0,64151.83,6.0,6.0
7397769,21.0,260.0,40.5,Female,3.0,222835.79,4.0,4.0
683921,18.0,219.0,31.5,Female,4.0,168664.24,5.0,5.0
4899665,21.0,263.0,57.5,Male,3.0,841599.81,5.0,5.0
7643881,10.0,129.0,47.5,Male,3.0,47529.67,7.0,7.0
2576487,7.0,85.0,33.5,Unknown,3.0,53305.11,2.0,2.0
1342563,10.0,121.0,43.0,Male,2.0,110561.67,2.0,2.0
3454915,15.0,189.0,55.0,Male,2.0,67966.41,1.0,1.0
4504751,5.0,64.0,42.5,Male,2.0,15782.149999999998,4.0,4.0
8540769,9.0,108.0,50.0,Female,2.0,55326.98,3.0,3.0
3124839,5.0,68.0,20.0,Female,2.0,33950.91,4.0,4.0
2792171,12.0,150.0,68.0,Male,2.0,404771.93,3.0,3.0
4796179,17.0,204.0,49.5,Male,2.0,63419.41,2.0,2.0
2633533,26.0,316.0,63.5,Female,2.0,114695.06,7.0,7.0
5973754,5.0,64.0,52.0,Female,2.0,102287.62,1.0,1.0
4905606,5.0,70.0,38.5,Unknown,2.0,47346.6,1.0,1.0
4970716,15.0,183.0,69.0,Male,2.0,59607.79999999999,2.0,2.0
6397737,27.0,325.0,60.0,Male,2.0,87445.2,7.0,7.0
9349826,13.0,156.0,60.0,Female,2.0,120128.76,2.0,2.0
3322548,26.0,321.0,63.0,Male,3.0,370703.32,4.0,4.0
9461101,9.0,113.0,28.5,Male,3.0,82539.06999999999,7.0,7.0
2807654,8.0,97.0,41.0,Female,2.0,46023.86,1.0,1.0
8985011,6.0,77.0,37.5,Unknown,2.0,163553.97999999998,7.0,7.0
2760587,4.0,59.0,55.0,Unknown,2.0,34478.899999999994,3.0,3.0
599193,23.0,282.0,30.0,Male,2.0,27433.69,1.0,1.0
7441855,23.0,276.0,35.0,Female,2.0,25121.16,7.0,7.0
2004461,22.0,264.0,62.5,Male,4.0,254919.24,4.0,4.0
9095092,19.0,239.0,59.0,Male,2.0,664632.54,4.0,4.0
1891561,19.0,234.0,64.5,Female,2.0,84196.67,3.0,3.0
2694362,13.0,165.0,51.5,Female,2.0,19144.71,2.0,2.0
371583,16.0,193.0,35.0,Female,2.0,18688.18,3.0,3.0
9792572,6.0,73.0,20.0,Unknown,2.0,41186.62,3.0,3.0
9457132,6.0,77.0,19.0,Unknown,2.0,29219.8,7.0,7.0
3428369,11.0,141.0,50.5,Female,3.0,25795.99,1.0,1.0
4615761,18.0,217.0,52.5,Male,2.0,34025.85,3.0,3.0
8074564,15.0,188.0,38.0,Male,2.0,23457.67,3.0,3.0
2058393,8.0,100.0,23.0,Male,2.0,44879.81,7.0,7.0
9079525,15.0,188.0,58.0,Female,2.0,162482.96999999997,7.0,7.0
6791514,12.0,149.0,26.0,Male,2.0,16446.629999999997,7.0,7.0
8190190,11.0,139.0,33.0,Female,2.0,34412.99,2.0,2.0
8374772,7.0,86.0,56.5,Unknown,3.0,96139.03,7.0,7.0
6103909,13.0,166.0,53.0,Male,2.0,113445.11,7.0,7.0
5428164,8.0,101.0,23.5,Unknown,3.0,26203.71,7.0,7.0
8391245,12.0,146.0,76.5,Female,2.0,384060.6,4.0,4.0
5041193,11.0,143.0,48.5,Female,3.0,24208.69,4.0,4.0
6273129,20.0,248.0,23.0,Female,2.0,187456.06,1.0,1.0
6533828,18.0,219.0,42.0,Male,2.0,26909.45,1.0,1.0
6314455,6.0,82.0,36.0,Unknown,3.0,43947.19,2.0,2.0
153066,11.0,137.0,39.5,Female,2.0,21002.18,5.0,5.0
1839340,20.0,250.0,40.0,Female,2.0,80638.17,3.0,3.0
9363624,7.0,84.0,29.0,Unknown,2.0,19681.39,3.0,3.0
5989877,10.0,130.0,36.5,Male,2.0,160546.97999999998,5.0,5.0
6407239,4.0,59.0,25.5,Unknown,2.0,22054.95,3.0,3.0
2905955,9.0,113.0,46.5,Female,2.0,49161.93,7.0,7.0
4060788,4.0,58.0,19.0,Unknown,2.0,33829.259999999995,3.0,3.0
3586532,15.0,189.0,56.5,Male,2.0,936084.23,7.0,7.0
93571,9.0,109.0,20.0,Male,2.0,49327.77,2.0,2.0
65388,6.0,73.0,38.5,Unknown,2.0,29540.02,3.0,3.0
1489849,5.0,67.0,67.5,Unknown,2.0,111322.31,5.0,5.0
1515112,9.0,110.0,46.0,Female,2.0,13994.55,1.0,1.0
1709800,15.0,188.0,59.0,Female,2.0,75991.20999999999,6.0,6.0
8122733,5.0,66.0,27.5,Unknown,2.0,21119.84,4.0,4.0
8721242,6.0,82.0,34.5,Unknown,2.0,33982.81,6.0,6.0
1748647,21.0,260.0,72.0,Female,2.0,145799.11,2.0,3.0
3246400,21.0,253.0,62.5,Male,2.0,351527.57,6.0,6.0
3788532,6.0,75.0,17.0,Unknown,2.0,54259.39,7.0,7.0
4448328,4.0,56.0,58.5,Unknown,2.0,286974.5,1.0,1.0
2173009,15.0,187.0,56.0,Male,2.0,81407.88,4.0,4.0
2790783,2.0,35.0,64.5,Unknown,2.0,51442.01,2.0,2.0
5968480,4.0,56.0,21.5,Unknown,2.0,23627.759999999995,7.0,7.0
3275356,6.0,80.0,33.0,Unknown,2.0,48155.77,7.0,7.0
6595190,12.0,154.0,25.5,Unknown,2.0,15170.399999999998,4.0,4.0
651694,7.0,92.0,25.0,Unknown,2.0,38382.15,5.0,6.0
3264328,7.0,92.0,32.5,Unknown,2.0,41024.94,1.0,1.0
4279852,9.0,109.0,22.5,Male,2.0,56819.92,7.0,7.0
8677117,6.0,82.0,56.0,Unknown,2.0,70996.79999999999,6.0,6.0
7102997,15.0,190.0,69.0,Male,2.0,20186.92,1.0,1.0
112797,36.0,442.0,77.5,Female,3.0,46409.28,2.0,3.0
3610305,12.0,150.0,38.5,Female,2.0,35450.14,6.0,6.0
7126204,9.0,118.0,37.0,Male,3.0,282606.9,7.0,7.0
3759636,7.0,89.0,61.0,Unknown,2.0,168319.02999999997,7.0,7.0
9964378,15.0,190.0,64.5,Female,2.0,121176.59999999998,7.0,7.0
4541450,7.0,92.0,58.0,Unknown,2.0,322911.59,5.0,5.0
3799401,29.0,357.0,50.0,Male,2.0,114818.26,6.0,6.0
6325900,15.0,189.0,38.5,Male,3.0,31578.97,6.0,6.0
6966949,7.0,92.0,40.5,Unknown,2.0,23885.71,1.0,1.0
825139,18.0,225.0,55.0,Unknown,2.0,335585.52,2.0,2.0
5992473,11.0,142.0,64.5,Male,2.0,84692.04,4.0,4.0
2797246,7.0,85.0,54.0,Unknown,2.0,88345.8,7.0,7.0
4241345,24.0,292.0,77.5,Male,3.0,202107.88,7.0,7.0
5811393,24.0,290.0,19.0,Male,2.0,33683.66,2.0,2.0
3205362,22.0,264.0,54.0,Female,2.0,27244.06,4.0,4.0
6692969,22.0,264.0,65.0,Female,3.0,196122.45,1.0,7.0
157059,12.0,155.0,27.5,Male,2.0,59139.36,1.0,1.0
7777453,12.0,147.0,48.0,Male,2.0,507883.53,4.0,5.0
9725632,8.0,104.0,24.5,Female,2.0,27974.16,2.0,2.0
1343880,6.0,80.0,21.5,Unknown,2.0,37276.53,5.0,5.0
5500620,4.0,53.0,47.0,Female,2.0,31819.18,6.0,6.0
649873,13.0,160.0,42.0,Female,3.0,24839.89,3.0,3.0
9344140,5.0,65.0,16.0,Male,2.0,32975.399999999994,2.0,2.0
2443830,4.0,58.0,30.0,Unknown,2.0,19216.53,2.0,2.0
2225975,4.0,59.0,75.0,Unknown,3.0,208184.19,7.0,7.0
6149652,10.0,122.0,31.5,Male,2.0,21595.06,2.0,2.0
3313306,7.0,84.0,60.5,Unknown,2.0,237423.82,7.0,7.0
374171,4.0,59.0,53.0,Unknown,2.0,36339.74,3.0,3.0
8814766,3.0,47.0,60.5,Female,2.0,279647.06,7.0,7.0
4819173,14.0,168.0,54.0,Male,2.0,29711.48,1.0,1.0
3882303,11.0,139.0,38.0,Male,2.0,57891.41,3.0,3.0
6702048,4.0,58.0,19.0,Unknown,2.0,21547.5,4.0,4.0
6349865,12.0,150.0,47.5,Female,2.0,41597.85,2.0,2.0
7135358,6.0,76.0,37.0,Female,3.0,159181.56,7.0,7.0
4500718,11.0,136.0,26.5,Male,2.0,17418.649999999998,3.0,3.0
7531377,23.0,285.0,69.5,Male,3.0,84219.8,3.0,4.0
9390833,23.0,276.0,34.5,Female,2.0,19158.59,2.0,2.0
229450,16.0,200.0,55.0,Female,3.0,123597.33000000002,1.0,1.0
821304,13.0,159.0,26.5,Male,2.0,62179.0,2.0,2.0
9104745,6.0,75.0,26.0,Unknown,2.0,28172.75,6.0,6.0
3263154,5.0,69.0,27.0,Unknown,2.0,26536.52,3.0,3.0
4626860,9.0,109.0,24.0,Female,2.0,17902.239999999998,3.0,3.0
4641411,7.0,86.0,55.5,Unknown,2.0,105312.18,3.0,3.0
248148,9.0,118.0,25.5,Female,2.0,74916.45999999999,5.0,5.0
8684412,5.0,65.0,28.5,Female,2.0,21407.04,7.0,7.0
7806761,5.0,71.0,20.0,Unknown,3.0,16141.259999999998,1.0,1.0
7052463,5.0,67.0,19.5,Male,2.0,33939.92,7.0,7.0
3480574,20.0,241.0,43.5,Male,2.0,30301.97,5.0,5.0
9980699,28.0,339.0,43.0,Male,2.0,19111.98,3.0,3.0
8884443,7.0,91.0,20.5,Unknown,3.0,233785.87,7.0,7.0
282471,5.0,69.0,68.0,Unknown,2.0,47343.6,3.0,6.0
8918147,19.0,238.0,63.0,Male,2.0,395395.27,7.0,7.0
4212467,13.0,159.0,30.0,Male,2.0,44195.96,7.0,7.0
4442987,24.0,290.0,22.0,Female,2.0,25624.57,7.0,7.0
2824087,21.0,252.0,39.5,Female,3.0,37527.53,7.0,7.0
709961,20.0,249.0,48.0,Male,3.0,47763.93,3.0,3.0
6477337,3.0,45.0,63.0,Unknown,2.0,84397.45,3.0,3.0
8717581,17.0,206.0,57.5,Male,2.0,873964.13,7.0,7.0
3961504,6.0,83.0,50.5,Unknown,2.0,39750.75,3.0,3.0
9464976,13.0,167.0,51.5,Male,2.0,17722.769999999997,1.0,1.0
7884435,14.0,171.0,45.0,Male,2.0,56172.94,3.0,3.0
9261676,4.0,58.0,52.0,Unknown,2.0,24456.61,7.0,7.0
4227164,6.0,74.0,37.0,Unknown,3.0,166869.91999999998,6.0,6.0
7488506,4.0,58.0,44.0,Unknown,3.0,88015.05,3.0,3.0
1264944,9.0,109.0,23.0,Male,2.0,73579.01,7.0,7.0
5764392,6.0,80.0,51.0,Unknown,2.0,351842.66,7.0,7.0
3058863,5.0,70.0,45.0,Unknown,2.0,60177.08,2.0,2.0
1015320,5.0,62.0,48.5,Male,2.0,141046.78,5.0,5.0
7120862,4.0,59.0,26.5,Unknown,2.0,30684.259999999995,7.0,7.0
191574,21.0,263.0,53.0,Male,2.0,150162.34000000003,7.0,7.0
2395695,21.0,262.0,55.0,Male,2.0,2540085.09,6.0,6.0
3946594,20.0,244.0,60.5,Female,2.0,202457.31,4.0,4.0
8204140,18.0,222.0,42.5,Male,3.0,1612509.61,5.0,5.0
7610950,16.0,202.0,31.0,Female,2.0,50526.54,5.0,5.0
371067,15.0,190.0,62.5,Male,2.0,14090.23,1.0,1.0
4319654,9.0,117.0,51.0,Male,2.0,307019.66,2.0,2.0
194397,14.0,179.0,40.5,Male,2.0,59627.01999999999,1.0,2.0
9300167,7.0,94.0,50.5,Unknown,2.0,38037.01,2.0,2.0
3151909,16.0,197.0,64.0,Female,2.0,44465.6,2.0,2.0
9635162,8.0,97.0,32.0,Unknown,2.0,37641.53,7.0,7.0
141079,4.0,58.0,27.5,Unknown,3.0,51095.73,2.0,2.0
1486919,6.0,77.0,25.5,Unknown,3.0,98179.25,7.0,7.0
8826251,27.0,335.0,53.0,Male,3.0,100830.11,6.0,6.0
9019139,15.0,190.0,41.5,Male,2.0,62902.14,1.0,1.0
7529849,14.0,178.0,49.5,Female,2.0,29234.92,5.0,5.0
5401275,9.0,118.0,55.5,Female,2.0,63275.98999999999,2.0,2.0
6673162,28.0,338.0,58.5,Female,3.0,55652.04999999999,1.0,1.0
1978301,7.0,84.0,40.0,Unknown,2.0,57093.380000000005,7.0,7.0
410601,6.0,81.0,36.0,Unknown,2.0,239997.53,3.0,3.0
8323731,4.0,55.0,26.0,Female,3.0,38233.74,7.0,7.0
1060447,12.0,145.0,21.5,Female,2.0,22551.99,2.0,2.0
5117428,6.0,82.0,24.0,Unknown,2.0,28415.57,2.0,2.0
5966207,8.0,102.0,21.5,Unknown,2.0,59358.44,7.0,7.0
5737414,10.0,126.0,67.0,Female,7.0,143495.55,7.0,7.0
5454123,12.0,155.0,40.5,Male,4.0,175757.64,7.0,7.0
4107645,4.0,59.0,55.5,Unknown,3.0,24935.54,6.0,6.0
9067990,34.0,418.0,69.0,Male,3.0,531802.36,4.0,4.0
3407343,12.0,146.0,37.0,Female,2.0,35979.56,7.0,7.0
7534385,16.0,198.0,27.5,Male,2.0,109782.61,6.0,6.0
9225371,23.0,276.0,47.5,Male,4.0,674888.52,7.0,7.0
2149920,22.0,270.0,18.5,Female,2.0,30071.11,2.0,2.0
3123840,22.0,265.0,51.0,Female,2.0,272430.31,3.0,3.0
4507213,4.0,58.0,27.0,Unknown,2.0,23175.42,2.0,2.0
6946127,14.0,177.0,49.5,Female,4.0,762713.81,2.0,2.0
3472833,5.0,68.0,61.5,Unknown,3.0,118441.99,7.0,7.0
8576402,15.0,190.0,28.5,Male,2.0,33665.78999999999,2.0,3.0
8922066,9.0,116.0,27.5,Female,2.0,41316.57,1.0,1.0
1858650,5.0,70.0,17.5,Unknown,2.0,42150.88,2.0,2.0
591203,23.0,286.0,45.0,Female,2.0,47658.8,6.0,6.0
3282985,29.0,348.0,59.0,Female,2.0,43950.99,6.0,6.0
862005,12.0,144.0,56.5,Female,2.0,165385.39,1.0,1.0
1774280,21.0,253.0,24.0,Unknown,3.0,47011.98,7.0,7.0
6795926,10.0,121.0,26.5,Male,3.0,162789.34000000003,5.0,5.0
5237022,6.0,83.0,45.0,Unknown,3.0,108781.1,2.0,2.0
9201950,11.0,142.0,36.0,Male,2.0,21886.2,2.0,2.0
9299581,4.0,59.0,20.5,Unknown,2.0,18184.63,4.0,4.0
6988183,7.0,94.0,62.0,Unknown,2.0,304586.6,6.0,6.0
3500323,6.0,72.0,21.5,Unknown,3.0,39756.45,3.0,3.0
2752846,23.0,277.0,51.5,Male,3.0,168619.56,1.0,1.0
714602,19.0,230.0,54.5,Male,2.0,154767.84000000003,2.0,2.0
1905292,18.0,226.0,52.0,Female,3.0,33869.49,4.0,4.0
1284560,16.0,195.0,56.0,Female,3.0,129150.16,6.0,6.0
7548292,13.0,167.0,63.0,Female,2.0,14344.719999999998,7.0,7.0
688851,7.0,90.0,27.5,Unknown,2.0,35216.08,1.0,1.0
1957409,5.0,70.0,23.0,Unknown,2.0,44162.45,1.0,1.0
2224835,5.0,70.0,23.5,Unknown,2.0,81594.95999999999,7.0,7.0
6417841,11.0,132.0,26.5,Unknown,2.0,82582.52,7.0,7.0
3824748,15.0,180.0,41.5,Male,2.0,67852.88,1.0,2.0
1593463,12.0,153.0,29.5,Male,2.0,91774.3,7.0,7.0
425910,15.0,185.0,40.5,Unknown,2.0,75374.03,3.0,3.0
2050747,6.0,81.0,62.0,Female,3.0,146503.08000000002,7.0,7.0
9893143,4.0,57.0,42.5,Unknown,2.0,26461.57,3.0,3.0
3280816,8.0,106.0,26.0,Female,2.0,21776.63,1.0,1.0
6633124,29.0,354.0,46.0,Female,2.0,76603.44,1.0,1.0
6913916,6.0,73.0,30.0,Unknown,3.0,427455.17,5.0,5.0
8615836,9.0,118.0,54.0,Female,2.0,59253.64,7.0,7.0
6312781,6.0,79.0,53.5,Unknown,2.0,33186.31,2.0,4.0
3030405,16.0,193.0,50.5,Female,2.0,34196.1,3.0,3.0
2250741,21.0,253.0,30.5,Male,3.0,27458.369999999995,7.0,7.0
3170084,20.0,250.0,36.5,Male,3.0,171743.91999999998,2.0,2.0
4287721,18.0,220.0,46.5,Male,4.0,354472.47,7.0,7.0
4817944,2.0,33.0,29.0,Unknown,2.0,23887.17,1.0,1.0
711575,26.0,323.0,59.0,Female,3.0,909533.7,7.0,7.0
4203076,9.0,109.0,19.0,Male,2.0,16219.089999999997,2.0,2.0
1103571,15.0,185.0,23.0,Unknown,3.0,21011.12,1.0,1.0
2522799,8.0,99.0,51.0,Unknown,2.0,21501.2,2.0,2.0
6171983,5.0,71.0,41.5,Unknown,2.0,18653.73,5.0,5.0
9896548,6.0,83.0,61.0,Unknown,3.0,236105.08,2.0,2.0
1706290,15.0,181.0,34.0,Female,2.0,23319.5,2.0,2.0
9790523,5.0,68.0,35.0,Unknown,2.0,146247.34000000003,4.0,4.0
1286153,10.0,121.0,64.0,Male,2.0,122697.34,4.0,4.0
4773983,7.0,86.0,37.5,Unknown,2.0,19071.13,6.0,6.0
4403780,10.0,121.0,36.0,Female,2.0,1694023.85,6.0,6.0
120699,8.0,105.0,27.0,Female,2.0,82299.84,1.0,1.0
7663416,6.0,82.0,52.5,Unknown,2.0,57273.72,1.0,1.0
4575369,9.0,112.0,34.5,Male,3.0,50612.68,7.0,7.0
4028383,6.0,75.0,59.0,Female,3.0,67884.91,3.0,3.0
6830530,22.0,269.0,63.5,Female,2.0,42558.27,1.0,2.0
1971846,21.0,252.0,60.5,Unknown,2.0,226610.2,1.0,1.0
9676768,27.0,324.0,70.5,Male,3.0,513525.8,6.0,6.0
763013,5.0,65.0,36.5,Male,2.0,77564.70999999999,2.0,2.0
8169044,6.0,79.0,39.5,Unknown,2.0,74398.01999999999,1.0,1.0
5680152,15.0,186.0,52.5,Female,2.0,62967.98,7.0,7.0
5741359,13.0,160.0,30.0,Female,2.0,16102.25,7.0,7.0
3051265,9.0,109.0,34.0,Male,3.0,89469.24,7.0,7.0
892069,8.0,98.0,49.5,Unknown,2.0,37520.89,1.0,1.0
643833,13.0,167.0,24.0,Male,3.0,94747.46,4.0,4.0
5730816,16.0,202.0,41.0,Female,2.0,123815.52000000002,3.0,3.0
7275150,12.0,154.0,21.0,Female,2.0,50154.17,2.0,2.0
1771799,5.0,71.0,22.0,Unknown,2.0,25075.88,2.0,2.0
6352266,7.0,89.0,62.5,Unknown,2.0,221780.99,3.0,3.0
3145694,4.0,59.0,17.5,Unknown,3.0,52486.56,6.0,6.0
9784122,5.0,63.0,24.0,Unknown,2.0,42108.19,1.0,1.0
1446805,8.0,106.0,48.5,Female,3.0,54976.26,7.0,7.0
4792047,9.0,108.0,62.5,Female,2.0,86226.5,1.0,1.0
9926515,10.0,125.0,67.5,Female,2.0,152856.97999999998,6.0,6.0
474794,5.0,69.0,32.0,Unknown,3.0,49191.64,7.0,7.0
2760473,7.0,84.0,23.5,Unknown,2.0,37916.69,4.0,4.0
2754549,5.0,70.0,23.0,Unknown,2.0,41935.38,1.0,1.0
2868939,15.0,189.0,58.5,Male,2.0,1313107.86,3.0,3.0
9544949,5.0,60.0,68.5,Male,2.0,84877.48,7.0,7.0
2454114,22.0,269.0,52.5,Female,3.0,55650.76999999999,7.0,7.0
5614711,21.0,252.0,60.0,Female,2.0,187413.78,1.0,1.0
5790181,13.0,166.0,32.0,Male,2.0,91257.52,3.0,3.0
8816758,5.0,70.0,35.5,Unknown,2.0,21469.09,3.0,3.0
5267867,8.0,106.0,61.5,Female,2.0,94903.52,7.0,7.0
6657093,6.0,74.0,20.5,Unknown,2.0,24477.869999999995,5.0,5.0
8267575,7.0,92.0,51.0,Female,2.0,50555.98,6.0,6.0
6554595,26.0,322.0,68.0,Female,3.0,170436.83000000002,7.0,7.0
6463031,17.0,205.0,59.5,Male,2.0,236271.72,4.0,4.0
8608715,9.0,111.0,42.5,Male,2.0,108479.8,5.0,5.0
4787879,7.0,94.0,56.0,Unknown,2.0,23783.83,1.0,1.0
3032514,17.0,204.0,37.0,Male,2.0,169890.3,2.0,2.0
9855033,6.0,82.0,25.5,Unknown,4.0,115079.43,6.0,6.0
8173771,12.0,147.0,46.5,Male,2.0,339968.98,3.0,3.0
5551110,7.0,91.0,52.0,Unknown,2.0,347462.25,5.0,5.0
2748605,15.0,189.0,34.5,Unknown,2.0,16642.829999999998,2.0,2.0
2681398,6.0,83.0,37.0,Unknown,2.0,43157.26,3.0,3.0
8988966,11.0,142.0,60.0,Female,2.0,24061.48,1.0,1.0
3685399,4.0,51.0,18.0,Unknown,3.0,36882.81,7.0,7.0
2274648,15.0,180.0,56.5,Male,4.0,986084.52,5.0,5.0
5215910,23.0,278.0,58.0,Male,2.0,23902.34,5.0,5.0
6409045,22.0,264.0,40.0,Male,4.0,550518.39,6.0,6.0
2438393,21.0,262.0,24.5,Male,2.0,13927.989999999998,1.0,1.0
1619391,18.0,225.0,54.0,Male,4.0,290215.91,6.0,6.0
5689597,12.0,144.0,55.0,Male,3.0,45311.59,7.0,7.0
7333489,15.0,191.0,58.0,Male,2.0,73354.53,6.0,6.0
2563108,11.0,142.0,37.0,Female,2.0,72579.48999999999,6.0,6.0
490416,15.0,181.0,44.5,Female,2.0,86276.84,7.0,7.0
2988791,4.0,59.0,27.0,Unknown,2.0,93246.64,3.0,3.0
7017185,14.0,170.0,24.0,Male,2.0,44072.06,1.0,1.0
1759462,7.0,85.0,26.5,Unknown,2.0,41610.17,4.0,4.0
9073652,5.0,60.0,41.5,Unknown,2.0,21293.85,7.0,7.0
1789853,6.0,73.0,26.0,Female,4.0,106662.77,5.0,5.0
3036658,12.0,154.0,62.0,Unknown,2.0,25654.369999999995,1.0,1.0
5315602,9.0,118.0,57.5,Male,2.0,72322.37,2.0,2.0
6283657,4.0,58.0,20.5,Unknown,2.0,19743.79,7.0,7.0
186892,9.0,109.0,44.5,Female,3.0,28777.43,2.0,2.0
1102697,5.0,70.0,20.5,Unknown,3.0,76942.95,7.0,7.0
3790708,15.0,190.0,30.5,Male,2.0,79909.66,5.0,5.0
1038570,8.0,97.0,22.5,Male,2.0,76248.54999999999,7.0,7.0
3852012,37.0,448.0,60.5,Male,2.0,157705.8,3.0,3.0
5003185,6.0,80.0,62.0,Unknown,2.0,110836.81,5.0,5.0
3107935,6.0,82.0,53.5,Unknown,2.0,20230.53,3.0,3.0
8418218,20.0,242.0,88.0,Female,2.0,59354.73999999999,4.0,6.0
9925292,6.0,81.0,21.5,Unknown,3.0,61703.130000000005,3.0,3.0
6273631,25.0,301.0,46.5,Female,5.0,464487.84,7.0,7.0
5922132,23.0,280.0,61.5,Male,3.0,303723.96,6.0,6.0
7207463,27.0,325.0,66.5,Female,2.0,17151.18,2.0,2.0
2157581,19.0,232.0,26.5,Male,3.0,162960.68,7.0,7.0
1339989,17.0,215.0,28.5,Female,2.0,18054.98,2.0,2.0
2718387,11.0,143.0,22.5,Female,2.0,31940.97,7.0,7.0
4580474,16.0,193.0,33.5,Male,2.0,30704.009999999995,5.0,5.0
6295809,11.0,136.0,57.5,Female,2.0,33144.369999999995,1.0,1.0
2168058,28.0,345.0,63.0,Female,2.0,32433.800000000003,4.0,4.0
3597893,6.0,78.0,31.5,Unknown,2.0,35692.45,6.0,6.0
8959884,8.0,96.0,25.0,Unknown,2.0,18538.34,5.0,5.0
2564011,12.0,155.0,27.5,Male,2.0,70166.29000000001,1.0,1.0
524759,6.0,73.0,20.5,Unknown,3.0,79539.36,6.0,7.0
3898422,11.0,141.0,54.5,Female,2.0,136642.41999999998,1.0,1.0
3728448,4.0,58.0,57.5,Unknown,3.0,225571.56,3.0,3.0
96688,5.0,70.0,24.5,Unknown,2.0,45001.91,1.0,1.0
2630854,5.0,64.0,19.0,Unknown,2.0,21024.87,4.0,4.0
1870899,5.0,70.0,33.5,Unknown,2.0,43883.1,1.0,1.0
2629734,4.0,57.0,24.0,Unknown,3.0,33296.83,7.0,7.0
4725411,6.0,78.0,35.5,Unknown,2.0,20309.62,2.0,2.0
1903462,14.0,169.0,42.0,Male,3.0,89070.04,7.0,7.0
357409,62.0,749.0,51.0,Female,2.0,317681.78,4.0,4.0
3732864,5.0,71.0,30.5,Unknown,2.0,49510.26,2.0,2.0
5719782,30.0,365.0,48.0,Female,3.0,129039.26,7.0,7.0
9082651,14.0,178.0,43.5,Female,3.0,115928.95,2.0,2.0
8230656,25.0,304.0,66.0,Female,2.0,33314.47,7.0,7.0
3615120,6.0,82.0,60.0,Unknown,2.0,310031.47,7.0,7.0
6538589,17.0,204.0,46.0,Female,2.0,453465.75,3.0,3.0
3768377,7.0,85.0,28.5,Unknown,3.0,78879.93,4.0,4.0
7082666,11.0,142.0,41.0,Female,2.0,21541.47,5.0,5.0
9306767,5.0,71.0,23.0,Unknown,2.0,22220.22,7.0,7.0
2709749,24.0,297.0,48.0,Female,2.0,54227.29,6.0,6.0
6249661,23.0,285.0,55.5,Male,2.0,31506.85,5.0,5.0
1686221,23.0,280.0,62.5,Female,2.0,70416.35,7.0,7.0
9815243,21.0,261.0,49.5,Female,2.0,113648.83,1.0,1.0
6399272,20.0,249.0,24.5,Female,2.0,13861.469999999998,2.0,2.0
6049492,5.0,71.0,70.0,Unknown,2.0,15133.66,1.0,1.0
8322257,14.0,178.0,24.0,Male,2.0,107172.28,7.0,7.0
5910048,5.0,68.0,22.0,Unknown,2.0,15118.91,1.0,1.0
2514430,12.0,151.0,51.5,Male,3.0,618779.5,7.0,7.0
1968960,16.0,194.0,51.5,Male,2.0,170403.59000000003,7.0,7.0
433027,6.0,83.0,26.5,Unknown,2.0,38481.88,1.0,1.0
4183021,5.0,70.0,18.0,Male,3.0,60528.92,2.0,3.0
1546775,14.0,175.0,53.0,Female,2.0,15190.98,1.0,1.0
3069074,8.0,101.0,18.5,Unknown,2.0,15581.07,3.0,3.0
5907922,15.0,181.0,33.5,Male,2.0,140840.63,4.0,4.0
1281630,8.0,106.0,59.5,Female,2.0,40769.42,2.0,2.0
5785016,10.0,123.0,34.0,Male,3.0,62873.91,6.0,6.0
4397177,8.0,104.0,29.5,Male,3.0,51505.98,5.0,5.0
6918007,7.0,95.0,51.5,Unknown,2.0,38691.73,7.0,7.0
5542046,6.0,81.0,38.5,Unknown,3.0,87177.9,6.0,6.0
8084575,12.0,148.0,35.5,Male,3.0,850152.01,2.0,2.0
9566607,5.0,70.0,21.5,Unknown,2.0,103733.79,5.0,5.0
5922261,6.0,83.0,32.0,Unknown,2.0,30128.45,2.0,2.0
6855320,22.0,272.0,26.5,Male,2.0,50497.47,7.0,7.0
6771196,22.0,267.0,57.5,Female,2.0,102018.46,4.0,4.0
6737611,19.0,238.0,33.5,Male,4.0,2079657.1,6.0,6.0
9626770,6.0,77.0,50.5,Unknown,2.0,17957.879999999997,1.0,1.0
7292922,14.0,173.0,29.0,Male,2.0,29813.52,7.0,7.0
8253461,15.0,189.0,47.5,Male,4.0,108856.41,7.0,7.0
3418403,4.0,57.0,20.0,Unknown,3.0,77476.69,4.0,4.0
7116608,15.0,190.0,55.0,Male,2.0,66661.2,2.0,2.0
3094085,27.0,324.0,67.5,Male,2.0,63381.0,2.0,2.0
898985,7.0,85.0,59.5,Unknown,2.0,34074.21,4.0,4.0
5205542,5.0,66.0,26.5,Unknown,3.0,62698.97,7.0,7.0
8891028,11.0,135.0,45.0,Female,2.0,47254.36,1.0,1.0
4495880,5.0,70.0,36.0,Unknown,2.0,35110.78,1.0,1.0
3192341,13.0,156.0,33.0,Male,2.0,68660.18,3.0,3.0
1243433,13.0,167.0,58.5,Male,2.0,32867.97,4.0,4.0
1477772,13.0,156.0,30.0,Male,2.0,50745.4,1.0,1.0
9017481,23.0,285.0,39.5,Male,4.0,347654.54,7.0,7.0
6903520,21.0,254.0,38.5,Unknown,3.0,50659.98,4.0,4.0
7234764,20.0,248.0,63.5,Male,3.0,467400.25,7.0,7.0
7996054,5.0,61.0,47.0,Unknown,2.0,29836.36,5.0,5.0
6823522,10.0,124.0,31.0,Male,2.0,72246.08,7.0,7.0
5878909,12.0,145.0,32.5,Female,2.0,42155.4,3.0,3.0
593358,10.0,126.0,55.0,Female,2.0,44957.92999999999,7.0,7.0
347568,14.0,173.0,38.0,Female,2.0,46652.24,3.0,3.0
8130197,26.0,319.0,59.0,Female,2.0,32073.06,7.0,7.0
437907,11.0,142.0,53.0,Female,2.0,25572.68,1.0,1.0
155934,7.0,89.0,29.5,Unknown,2.0,133807.39,7.0,7.0
1469872,6.0,78.0,20.5,Unknown,3.0,25081.15,7.0,7.0
9081703,22.0,275.0,66.0,Male,3.0,429541.58,5.0,5.0
146324,10.0,125.0,52.0,Female,3.0,59934.04000000001,5.0,5.0
6983978,13.0,159.0,31.5,Female,2.0,36186.07,1.0,1.0
9506212,9.0,112.0,26.0,Female,3.0,39287.83,1.0,1.0
3321427,5.0,63.0,59.0,Female,3.0,211514.48,7.0,7.0
7657139,12.0,148.0,58.5,Female,2.0,24841.68,7.0,7.0
4002010,6.0,77.0,60.5,Unknown,2.0,74880.29000000001,3.0,3.0
3821399,7.0,94.0,65.0,Unknown,2.0,22633.79,6.0,6.0
3533488,6.0,72.0,21.5,Unknown,2.0,16008.89,1.0,1.0
773363,13.0,159.0,64.0,Female,2.0,140388.34999999998,6.0,6.0
9591486,8.0,106.0,51.0,Female,2.0,172962.39,4.0,4.0
7311958,12.0,148.0,33.0,Male,2.0,23272.54,7.0,7.0
4263359,3.0,46.0,50.0,Unknown,2.0,20553.88,4.0,4.0
2185462,13.0,164.0,60.0,Male,2.0,39736.08,7.0,7.0
7266183,21.0,256.0,38.5,Female,3.0,255343.6,6.0,6.0
4685832,20.0,240.0,20.5,Male,2.0,31027.33,2.0,3.0
3306649,17.0,208.0,44.5,Male,4.0,265234.34,7.0,7.0
9353090,4.0,58.0,45.0,Unknown,4.0,423551.37,3.0,3.0
8732533,27.0,332.0,53.0,Male,3.0,743341.29,7.0,7.0
2988195,16.0,194.0,62.0,Female,2.0,65264.32000000001,7.0,7.0
6751153,29.0,357.0,51.0,Male,3.0,3981706.33,7.0,7.0
3202007,6.0,77.0,22.0,Unknown,3.0,58404.23999999999,7.0,7.0
272697,14.0,170.0,62.5,Male,2.0,166145.02999999997,1.0,1.0
898755,15.0,189.0,46.5,Male,2.0,66076.29000000001,2.0,2.0
7582271,6.0,83.0,41.0,Unknown,2.0,19593.07,4.0,4.0
6596244,6.0,83.0,46.5,Unknown,2.0,42014.1,1.0,1.0
4639235,14.0,177.0,40.0,Female,2.0,118315.66,2.0,2.0
9418165,13.0,156.0,37.0,Male,2.0,121560.02000000002,2.0,2.0
4939017,9.0,118.0,25.0,Male,2.0,35353.05,7.0,7.0
13183,14.0,173.0,39.0,Male,3.0,335677.42,7.0,7.0
5354846,18.0,222.0,44.0,Male,2.0,46003.66,1.0,1.0
2505094,16.0,192.0,45.5,Female,2.0,21629.58,1.0,1.0
4446892,25.0,308.0,70.0,Male,2.0,114328.82,6.0,6.0
7820208,21.0,260.0,62.0,Male,2.0,88558.12,4.0,4.0
6207137,21.0,259.0,37.0,Female,2.0,169927.62,7.0,7.0
3784915,4.0,59.0,36.5,Female,3.0,28503.85,7.0,7.0
1971135,6.0,79.0,31.5,Unknown,2.0,64436.92999999999,2.0,2.0
3779104,16.0,195.0,44.0,Female,2.0,62530.47,5.0,5.0
2284862,16.0,197.0,47.0,Female,2.0,43743.2,7.0,7.0
1536052,12.0,150.0,75.5,Female,2.0,193772.24,1.0,1.0
3741977,14.0,168.0,55.5,Female,2.0,33558.88,3.0,3.0
4742772,11.0,136.0,64.0,Female,2.0,43568.33,7.0,7.0
9306894,14.0,169.0,62.0,Female,2.0,303689.3,3.0,3.0
1946622,14.0,172.0,41.0,Female,2.0,102992.5,1.0,1.0
5790563,4.0,58.0,38.5,Unknown,2.0,20072.3,7.0,7.0
4912053,12.0,153.0,59.0,Male,2.0,45940.39,7.0,7.0
5675011,26.0,323.0,72.0,Male,3.0,511634.3,5.0,5.0
9001438,6.0,82.0,40.5,Unknown,2.0,104626.6,4.0,4.0
6669075,9.0,119.0,25.0,Male,2.0,53589.32,7.0,7.0
4317348,8.0,98.0,49.0,Unknown,2.0,41893.19,6.0,6.0
2478028,10.0,121.0,69.0,Female,2.0,73939.45,7.0,7.0
9388989,8.0,102.0,38.0,Unknown,2.0,253412.46,6.0,6.0
395641,5.0,71.0,21.5,Unknown,3.0,53343.22,2.0,2.0
472130,5.0,66.0,18.5,Unknown,2.0,27440.64,2.0,2.0
2580185,4.0,57.0,24.5,Unknown,2.0,37894.38,7.0,7.0
4503438,7.0,86.0,27.0,Unknown,2.0,62882.67,5.0,5.0
1570183,16.0,199.0,66.5,Female,2.0,192046.29,4.0,4.0
5798503,21.0,263.0,43.0,Female,2.0,114353.27,1.0,1.0
7238014,21.0,261.0,42.5,Female,3.0,39196.17,4.0,4.0
8444570,21.0,253.0,51.5,Male,4.0,512323.98,7.0,7.0
626627,20.0,249.0,52.0,Female,3.0,614099.4400000001,3.0,3.0
4059559,20.0,246.0,49.5,Male,3.0,531944.71,1.0,1.0
6349133,20.0,251.0,59.5,Male,2.0,116009.65,5.0,5.0
2641035,11.0,139.0,69.0,Female,2.0,51046.77,1.0,1.0
5985376,5.0,67.0,14.5,Male,2.0,29471.79,2.0,2.0
5897698,22.0,268.0,62.5,Female,2.0,148151.71999999997,3.0,3.0
3316178,13.0,157.0,43.5,Female,2.0,29619.24,1.0,1.0
9530531,14.0,176.0,30.0,Female,2.0,33590.34,2.0,2.0
1454996,15.0,180.0,47.0,Unknown,2.0,20657.16,4.0,5.0
3596546,8.0,104.0,64.5,Female,2.0,195545.06,7.0,7.0
1478257,13.0,165.0,61.5,Female,2.0,20367.92,1.0,1.0
5296443,6.0,81.0,45.5,Female,3.0,24255.94,5.0,5.0
2788654,13.0,162.0,57.5,Female,2.0,365307.87,3.0,3.0
5946121,6.0,76.0,31.5,Unknown,3.0,52031.34,6.0,6.0
6692997,5.0,64.0,29.5,Unknown,2.0,26411.18,7.0,7.0
4480071,15.0,188.0,23.0,Male,2.0,14450.649999999998,1.0,1.0
8502193,29.0,358.0,25.0,Male,2.0,63660.76999999999,7.0,7.0
4179485,19.0,238.0,36.5,Male,2.0,23671.07,2.0,2.0
9466832,6.0,82.0,27.0,Unknown,2.0,22647.54,1.0,1.0
7426045,4.0,59.0,21.0,Unknown,3.0,101725.11,7.0,7.0
3867829,4.0,58.0,21.5,Unknown,3.0,100039.42,7.0,7.0
1219492,4.0,59.0,30.5,Unknown,2.0,27530.34,5.0,5.0
3089185,4.0,59.0,48.5,Unknown,2.0,54929.57,3.0,3.0
8310163,12.0,148.0,38.5,Female,2.0,53616.69,3.0,3.0
1643154,21.0,263.0,40.5,Female,3.0,46095.74,3.0,3.0
4897439,21.0,261.0,57.0,Male,3.0,611244.03,7.0,7.0
7362008,21.0,252.0,49.5,Female,4.0,533826.33,7.0,7.0
5002164,20.0,244.0,56.5,Male,3.0,378521.54,4.0,4.0
6458413,14.0,168.0,40.0,Unknown,2.0,90246.52,2.0,2.0
4668870,14.0,178.0,51.5,Female,3.0,250201.4,6.0,6.0
7108325,12.0,155.0,54.0,Female,2.0,13799.449999999995,3.0,3.0
1488917,10.0,127.0,38.5,Female,2.0,29920.11,1.0,1.0
84971,7.0,87.0,35.0,Unknown,2.0,27528.43,5.0,5.0
2873575,13.0,157.0,31.0,Male,2.0,19517.64,1.0,1.0
8163023,15.0,187.0,36.5,Male,2.0,17703.05,4.0,4.0
4468580,10.0,130.0,67.5,Male,2.0,31875.69,6.0,7.0
2310063,9.0,109.0,56.0,Female,2.0,27470.43,1.0,1.0
463251,13.0,156.0,23.5,Female,2.0,26134.27,3.0,3.0
6955280,13.0,160.0,20.5,Unknown,2.0,39729.17,4.0,4.0
6850805,26.0,323.0,47.0,Male,2.0,30192.83,2.0,2.0
4968217,6.0,75.0,25.0,Unknown,3.0,136628.22999999998,4.0,4.0
4699530,6.0,80.0,70.5,Unknown,3.0,232920.62,7.0,7.0
4423932,12.0,144.0,33.5,Female,2.0,121827.74,2.0,2.0
1044554,13.0,166.0,32.0,Male,3.0,58668.95,7.0,7.0
4794879,15.0,186.0,29.5,Male,2.0,16026.399999999998,1.0,1.0
4723224,14.0,178.0,57.5,Male,2.0,124204.65,3.0,3.0
7177768,5.0,71.0,27.5,Unknown,2.0,35473.399999999994,1.0,1.0
1110193,15.0,181.0,36.5,Female,2.0,28767.369999999995,7.0,7.0
3978711,15.0,188.0,46.0,Female,2.0,589816.11,7.0,7.0
4881348,5.0,66.0,57.0,Unknown,3.0,250066.05,1.0,1.0
8584024,9.0,110.0,73.0,Male,2.0,161155.96000000002,7.0,7.0
5333014,7.0,86.0,28.5,Unknown,2.0,22226.69,4.0,4.0
4928170,12.0,153.0,22.5,Male,2.0,124056.37,7.0,7.0
3365427,9.0,108.0,55.5,Male,2.0,606196.37,2.0,2.0
9814865,14.0,168.0,58.0,Male,2.0,275219.36,5.0,5.0
8385065,7.0,94.0,28.0,Male,3.0,25885.02,4.0,4.0
7685336,21.0,256.0,55.0,Female,2.0,30185.619999999995,1.0,1.0
4659664,18.0,224.0,35.5,Female,2.0,46540.17,2.0,2.0
2514705,17.0,212.0,32.0,Female,3.0,129623.89,1.0,1.0
8533976,7.0,93.0,36.0,Unknown,2.0,42873.65,3.0,3.0
7131893,9.0,113.0,27.5,Female,2.0,31920.84,7.0,7.0
5386689,6.0,80.0,55.0,Unknown,2.0,19097.49,4.0,4.0
1962906,4.0,57.0,33.5,Unknown,2.0,33840.96,3.0,3.0
9832241,5.0,69.0,16.0,Unknown,2.0,18277.19,1.0,1.0
23538,15.0,186.0,25.5,Female,2.0,20669.41,1.0,1.0
9560188,9.0,116.0,51.5,Male,2.0,458109.74,6.0,6.0
7249412,14.0,174.0,40.5,Male,2.0,34832.63,2.0,2.0
6719435,4.0,57.0,64.0,Female,2.0,160224.31,1.0,2.0
538026,11.0,137.0,33.0,Male,2.0,94838.3,6.0,6.0
1981393,6.0,78.0,68.5,Unknown,2.0,205274.68,5.0,5.0
6712700,20.0,251.0,58.5,Female,2.0,72253.1,3.0,3.0
2530266,18.0,225.0,79.0,Female,2.0,352813.88,7.0,7.0
6249482,18.0,220.0,61.5,Female,2.0,14522.66,1.0,1.0
4026738,21.0,253.0,77.0,Male,2.0,244182.95,7.0,7.0
8536029,29.0,349.0,46.5,Male,3.0,162476.71999999997,6.0,6.0
4601357,8.0,96.0,63.0,Unknown,2.0,29160.1,4.0,4.0
5286865,16.0,194.0,53.5,Female,2.0,1595394.34,4.0,4.0
6210819,6.0,77.0,81.0,Unknown,2.0,82436.16,4.0,5.0
3586602,6.0,81.0,57.5,Unknown,4.0,1078258.66,5.0,5.0
8490586,13.0,160.0,25.5,Male,2.0,26641.73,1.0,1.0
4831893,13.0,157.0,42.5,Unknown,2.0,84155.0,7.0,7.0
1902734,6.0,81.0,59.5,Unknown,2.0,62331.62,5.0,6.0
9003459,12.0,146.0,39.5,Female,2.0,52943.7,1.0,1.0
3779512,9.0,118.0,28.0,Male,2.0,25370.45,2.0,2.0
7856704,10.0,121.0,69.5,Male,3.0,637954.7200000001,7.0,7.0
1325556,15.0,183.0,39.5,Female,2.0,28687.54,3.0,3.0
2687249,16.0,194.0,44.5,Female,2.0,49368.7,6.0,6.0
3010335,6.0,72.0,22.5,Unknown,2.0,48843.53,7.0,7.0
3882926,32.0,394.0,61.0,Female,2.0,39710.17,7.0,7.0
7710383,6.0,82.0,41.0,Male,2.0,42913.17999999999,7.0,7.0
6519626,23.0,282.0,46.0,Female,3.0,201942.86,7.0,7.0
5463705,22.0,272.0,69.0,Unknown,2.0,19354.49,4.0,4.0
291980,21.0,261.0,21.5,Female,2.0,20587.51,1.0,1.0
7900050,20.0,241.0,68.0,Female,2.0,33041.73,1.0,1.0
7602372,20.0,240.0,38.5,Female,2.0,21813.44,1.0,1.0
620993,17.0,210.0,58.0,Female,2.0,438994.98,7.0,7.0
7378917,6.0,83.0,57.0,Unknown,2.0,398492.58,1.0,1.0
9786596,12.0,154.0,31.0,Female,4.0,284089.65,5.0,5.0
9593767,5.0,61.0,64.0,Female,2.0,30567.44,3.0,3.0
3177022,15.0,189.0,68.5,Female,2.0,74560.36,1.0,1.0
8941430,4.0,58.0,27.5,Unknown,2.0,34025.84,1.0,1.0
4029128,25.0,304.0,50.0,Female,4.0,233699.2,7.0,7.0
3536855,7.0,93.0,51.0,Unknown,2.0,43464.36,7.0,7.0
2159337,40.0,480.0,56.0,Male,2.0,23539.009999999995,7.0,7.0
8910076,12.0,146.0,46.5,Female,2.0,807062.05,7.0,7.0
1199281,8.0,101.0,63.5,Unknown,2.0,58441.79000000001,6.0,6.0
3230499,14.0,172.0,70.0,Male,2.0,694026.8300000001,7.0,7.0
6149133,9.0,110.0,27.5,Female,4.0,81086.59999999999,6.0,6.0
5717971,7.0,90.0,31.0,Male,2.0,121805.0,1.0,1.0
7868031,32.0,395.0,79.0,Male,2.0,103141.73,7.0,7.0
7799816,31.0,383.0,54.5,Female,4.0,167653.14,5.0,6.0
8825168,9.0,108.0,55.5,Female,2.0,58967.630000000005,2.0,2.0
3447857,24.0,290.0,58.0,Female,2.0,79420.13,3.0,3.0
2920563,30.0,371.0,59.0,Female,2.0,53629.67,2.0,2.0
3498602,18.0,222.0,49.5,Female,2.0,68505.48999999999,2.0,3.0
4432521,15.0,189.0,55.5,Female,2.0,32145.88,1.0,1.0
9873173,31.0,373.0,27.5,Male,2.0,294499.11,3.0,3.0
4982531,11.0,132.0,29.0,Female,2.0,69115.51999999999,3.0,3.0
7375105,6.0,74.0,64.0,Unknown,2.0,76094.34,7.0,7.0
8994088,8.0,107.0,34.5,Female,2.0,31717.67,7.0,7.0
2932748,18.0,219.0,38.0,Female,2.0,31731.050000000003,2.0,2.0
9973746,7.0,91.0,24.5,Unknown,3.0,81476.05,6.0,6.0
5904635,10.0,125.0,25.5,Female,2.0,44162.99,1.0,1.0
1058054,6.0,77.0,28.5,Unknown,2.0,50603.81,3.0,3.0
4719748,8.0,105.0,51.0,Female,2.0,313919.28,4.0,4.0
9253434,8.0,103.0,46.5,Unknown,3.0,32093.29,7.0,7.0
5706373,22.0,265.0,51.5,Female,2.0,132978.66,1.0,1.0
3940404,20.0,250.0,68.0,Female,2.0,127619.55,7.0,7.0
8158489,15.0,185.0,42.5,Male,2.0,48720.41,3.0,3.0
1592590,16.0,199.0,46.0,Female,2.0,80718.45,1.0,1.0
5053260,31.0,379.0,73.5,Male,2.0,91966.59,7.0,7.0
5008671,4.0,53.0,32.0,Unknown,3.0,75740.47,5.0,5.0
614149,9.0,116.0,52.0,Male,2.0,518068.97,3.0,3.0
1848835,8.0,101.0,50.5,Unknown,4.0,165167.74,7.0,7.0
7352514,5.0,68.0,44.5,Unknown,2.0,14972.789999999995,2.0,2.0
9493719,9.0,114.0,60.0,Unknown,2.0,127830.21,7.0,7.0
9228446,4.0,57.0,55.5,Unknown,2.0,107382.05,3.0,3.0
3614700,4.0,57.0,20.5,Unknown,2.0,34902.57,7.0,7.0
5380989,6.0,83.0,25.0,Female,2.0,47822.99,3.0,3.0
3260671,4.0,57.0,19.5,Unknown,2.0,15392.05,7.0,7.0
9568143,22.0,264.0,32.5,Male,3.0,792722.1000000001,7.0,7.0
60119,21.0,253.0,35.5,Male,4.0,136478.78999999998,7.0,7.0
4696993,7.0,95.0,53.0,Unknown,2.0,66732.38,5.0,5.0
6197690,8.0,105.0,53.5,Male,2.0,38156.39,1.0,1.0
4228483,14.0,177.0,36.5,Female,2.0,23969.71,1.0,1.0
6568446,8.0,101.0,64.5,Unknown,3.0,91126.92,2.0,2.0
6569373,16.0,194.0,50.0,Male,2.0,976838.86,7.0,7.0
3271286,14.0,178.0,40.5,Female,2.0,95634.79,3.0,3.0
4221777,21.0,260.0,16.0,Male,3.0,30961.46,3.0,3.0
5776700,3.0,37.0,55.5,Unknown,2.0,74976.82,7.0,7.0
2123870,5.0,68.0,67.5,Male,2.0,211756.97,2.0,2.0
8881027,16.0,196.0,52.0,Female,2.0,34315.95,4.0,4.0
1816154,15.0,189.0,55.0,Male,3.0,237181.26,3.0,3.0
7814808,4.0,58.0,23.0,Unknown,2.0,27828.04,7.0,7.0
1208211,6.0,77.0,61.5,Unknown,2.0,42190.45,4.0,4.0
5017314,28.0,337.0,68.0,Male,2.0,137079.59,7.0,7.0
2080161,13.0,158.0,23.0,Female,3.0,121352.84999999998,5.0,6.0
4315022,15.0,181.0,54.5,Female,2.0,411896.5,7.0,7.0
6346567,12.0,146.0,54.0,Male,2.0,22104.15,1.0,1.0
4081712,25.0,301.0,58.0,Female,2.0,538259.03,5.0,5.0
9304254,24.0,289.0,29.5,Male,2.0,65355.31,5.0,5.0
941063,22.0,272.0,54.5,Male,2.0,2629450.18,7.0,7.0
8208814,20.0,248.0,53.5,Male,2.0,96674.34,2.0,2.0
6698160,20.0,241.0,49.5,Male,2.0,287999.45,7.0,7.0
8420303,6.0,78.0,61.5,Unknown,2.0,69640.33,4.0,4.0
1474385,16.0,194.0,61.5,Male,2.0,99809.61,5.0,5.0
8033008,15.0,188.0,31.0,Unknown,2.0,141754.16999999998,3.0,4.0
3056491,6.0,72.0,38.0,Unknown,4.0,178057.62,2.0,2.0
1575244,4.0,53.0,51.5,Unknown,3.0,57423.95999999999,7.0,7.0
2315165,12.0,149.0,31.0,Female,2.0,70456.36,1.0,1.0
5560058,6.0,79.0,51.0,Unknown,2.0,18718.3,5.0,5.0
8011848,7.0,86.0,60.5,Female,2.0,34052.41,4.0,4.0
4928857,5.0,67.0,50.0,Female,2.0,61542.850000000006,3.0,3.0
6389203,6.0,83.0,47.5,Unknown,2.0,566576.1000000001,6.0,6.0
8043495,4.0,59.0,45.0,Unknown,3.0,121452.87,7.0,7.0
1140320,6.0,73.0,53.5,Unknown,2.0,46847.9,7.0,7.0
6272841,6.0,81.0,63.0,Unknown,2.0,77833.63,7.0,7.0
4712332,15.0,191.0,61.5,Female,3.0,64748.0,7.0,7.0
7059323,19.0,232.0,54.0,Male,2.0,15243.169999999998,1.0,1.0
3030371,19.0,230.0,60.5,Female,2.0,106253.64,4.0,4.0
4507992,18.0,218.0,55.5,Male,3.0,176478.94,7.0,7.0
5689493,15.0,191.0,40.5,Female,2.0,40691.22,1.0,1.0
8201517,6.0,82.0,50.5,Unknown,2.0,22293.86,5.0,5.0
9858755,14.0,168.0,36.5,Male,2.0,24087.93,5.0,5.0
7319057,5.0,62.0,33.0,Female,2.0,29717.19,1.0,1.0
7002562,26.0,315.0,52.0,Male,2.0,35184.94,2.0,2.0
5535383,35.0,426.0,63.5,Male,2.0,184039.05,7.0,7.0
7244464,9.0,111.0,45.0,Female,2.0,46566.16,1.0,2.0
8001600,6.0,82.0,50.0,Unknown,2.0,31263.81,3.0,3.0
196077,13.0,165.0,64.5,Female,2.0,23695.16,3.0,3.0
3311593,29.0,353.0,64.5,Male,2.0,99253.14,7.0,7.0
5407949,7.0,86.0,28.5,Unknown,2.0,59271.78,3.0,3.0
3470694,6.0,74.0,21.5,Unknown,2.0,22524.38,4.0,4.0
3080371,5.0,66.0,56.0,Female,2.0,56076.92,3.0,3.0
4326810,11.0,143.0,60.0,Female,2.0,17093.25,1.0,1.0
4067275,5.0,65.0,27.5,Male,3.0,88711.39,5.0,5.0
6124789,15.0,188.0,57.5,Male,2.0,33537.2,2.0,2.0
6194831,5.0,64.0,33.5,Unknown,2.0,42645.19,3.0,3.0
6364762,8.0,106.0,31.5,Male,2.0,35698.77,5.0,5.0
1580743,5.0,71.0,29.0,Unknown,2.0,122284.01,6.0,6.0
8836806,11.0,141.0,61.5,Unknown,4.0,507002.13,1.0,1.0
1401649,11.0,143.0,28.5,Unknown,4.0,87256.95,7.0,7.0
2830010,10.0,122.0,55.5,Male,2.0,43199.09,5.0,5.0
2717600,5.0,63.0,52.5,Male,2.0,44415.44,1.0,1.0
5913517,15.0,183.0,66.5,Female,2.0,352443.37,3.0,4.0
5906900,9.0,110.0,35.5,Female,2.0,61404.98,7.0,7.0
8731950,32.0,384.0,78.5,Male,3.0,491160.41,7.0,7.0
5780451,8.0,99.0,55.5,Unknown,2.0,478605.3,5.0,5.0
7198857,24.0,289.0,45.0,Female,3.0,416119.5,6.0,6.0
7956463,21.0,255.0,36.5,Female,3.0,33012.17999999999,5.0,5.0
9459101,21.0,252.0,56.5,Male,4.0,568072.8500000001,7.0,7.0
3709922,12.0,154.0,33.5,Unknown,2.0,265939.78,7.0,7.0
3270572,13.0,167.0,49.5,Male,2.0,110696.98,4.0,4.0
645571,9.0,108.0,38.5,Female,2.0,22050.42,1.0,1.0
3667968,9.0,115.0,24.0,Male,2.0,32815.13,4.0,4.0
7517684,4.0,56.0,68.5,Unknown,2.0,24787.69,3.0,3.0
8745422,16.0,195.0,45.0,Male,3.0,20956.31,2.0,2.0
3523913,5.0,67.0,21.0,Unknown,2.0,38897.83,6.0,6.0
3318386,25.0,311.0,64.5,Male,2.0,121951.74,5.0,5.0
8354908,5.0,69.0,35.0,Unknown,2.0,101888.37,7.0,7.0
7228159,7.0,94.0,18.5,Unknown,2.0,42503.99,1.0,1.0
7516657,7.0,91.0,26.0,Unknown,2.0,24453.31,1.0,1.0
9319585,8.0,106.0,26.5,Male,3.0,75642.34,7.0,7.0
8827367,17.0,211.0,56.5,Male,2.0,20150.36,2.0,2.0
3323638,22.0,273.0,37.5,Male,2.0,198612.36,7.0,7.0
3442409,21.0,261.0,19.0,Male,3.0,43743.85,5.0,5.0
1885166,21.0,252.0,53.0,Male,2.0,91975.72,7.0,7.0
2446327,20.0,243.0,57.5,Female,2.0,115950.61,3.0,3.0
2984905,23.0,285.0,57.0,Male,3.0,1221520.37,6.0,6.0
4974054,8.0,106.0,56.5,Male,2.0,54730.37,3.0,3.0
9790871,3.0,45.0,24.0,Unknown,2.0,21033.09,4.0,4.0
4949275,8.0,103.0,65.0,Female,2.0,47458.47,3.0,4.0
1328470,8.0,106.0,30.0,Female,2.0,46695.2,1.0,1.0
173501,7.0,89.0,35.5,Unknown,2.0,56097.64,3.0,3.0
5208936,7.0,95.0,59.0,Unknown,2.0,67157.20999999999,7.0,7.0
550214,15.0,186.0,57.0,Male,2.0,329495.71,7.0,7.0
9910008,15.0,183.0,43.0,Female,2.0,71015.69,3.0,3.0
9687991,8.0,100.0,23.0,Male,3.0,17599.92,6.0,6.0
3648779,24.0,294.0,80.5,Male,2.0,217000.26,7.0,7.0
9099951,10.0,121.0,62.0,Male,2.0,42547.11,2.0,2.0
5701435,4.0,58.0,21.0,Unknown,2.0,41578.6,7.0,7.0
3346166,14.0,175.0,40.5,Male,2.0,62754.380000000005,2.0,2.0
3851749,13.0,166.0,36.5,Male,2.0,48853.97,2.0,2.0
8473955,13.0,165.0,42.5,Female,2.0,14856.82,1.0,1.0
4079476,13.0,160.0,53.5,Female,2.0,74859.78,4.0,4.0
153808,24.0,291.0,54.0,Male,2.0,55971.91,2.0,2.0
7325549,24.0,290.0,53.0,Female,3.0,196183.04,7.0,7.0
3650089,24.0,288.0,41.5,Female,3.0,377860.46,5.0,5.0
2242744,21.0,262.0,49.5,Male,3.0,134617.91,7.0,7.0
4520568,20.0,248.0,47.0,Female,2.0,140045.34999999998,5.0,5.0
1692673,19.0,228.0,44.5,Male,2.0,149574.99,7.0,7.0
780860,8.0,96.0,33.0,Unknown,2.0,162516.64,2.0,2.0
9194393,9.0,109.0,28.0,Male,2.0,32024.68,7.0,7.0
2612148,17.0,210.0,46.5,Male,2.0,185447.19,6.0,6.0
5739740,16.0,193.0,59.5,Female,2.0,30261.6,2.0,2.0
1000409,27.0,331.0,68.0,Female,2.0,87346.05,5.0,5.0
9343536,8.0,106.0,53.0,Male,2.0,81058.41,4.0,4.0
5034983,14.0,171.0,41.5,Male,2.0,83634.18,7.0,7.0
8701942,7.0,84.0,29.0,Unknown,2.0,50734.14,1.0,1.0
3125684,17.0,207.0,56.5,Male,2.0,95076.98,6.0,6.0
544992,12.0,144.0,30.0,Unknown,2.0,20189.63,1.0,1.0
2050179,7.0,95.0,61.0,Unknown,2.0,68083.79999999999,7.0,7.0
7124350,9.0,110.0,53.5,Male,2.0,36105.06,7.0,7.0
809221,6.0,76.0,22.5,Unknown,2.0,44772.25,3.0,3.0
3965512,13.0,162.0,44.5,Female,2.0,192679.08,6.0,6.0
6981722,6.0,73.0,26.0,Unknown,2.0,32097.31,5.0,5.0
7589535,21.0,262.0,26.0,Female,2.0,287623.1,6.0,6.0
4926665,18.0,225.0,46.5,Male,2.0,92937.56,7.0,7.0
2077637,6.0,83.0,45.0,Unknown,3.0,40035.99,4.0,4.0
4733524,6.0,76.0,64.0,Female,2.0,183420.29,2.0,3.0
6123046,6.0,77.0,60.0,Unknown,3.0,174347.65999999997,2.0,2.0
9904816,4.0,59.0,29.5,Unknown,2.0,33648.03999999999,4.0,4.0
4013546,13.0,167.0,48.5,Male,2.0,46474.97,4.0,4.0
5221874,3.0,47.0,61.5,Female,2.0,174209.99,3.0,3.0
6656791,14.0,168.0,47.5,Female,2.0,29393.78,2.0,2.0
4804111,13.0,166.0,46.5,Male,2.0,29433.3,2.0,2.0
354532,11.0,140.0,63.5,Male,2.0,967848.76,7.0,7.0
3732403,12.0,150.0,20.0,Female,2.0,17550.609999999997,4.0,4.0
8665218,26.0,322.0,48.5,Female,2.0,55882.880000000005,2.0,2.0
1246521,15.0,188.0,55.5,Female,2.0,274102.15,6.0,6.0
9240142,8.0,97.0,62.0,Unknown,2.0,32452.2,2.0,2.0
7334063,6.0,75.0,49.0,Female,3.0,703304.7000000001,4.0,4.0
4942018,6.0,78.0,24.5,Unknown,2.0,22960.31,3.0,3.0
8422412,20.0,246.0,55.5,Female,2.0,423264.81,2.0,2.0
6928271,6.0,74.0,38.5,Unknown,2.0,17995.149999999998,7.0,7.0
4481015,14.0,173.0,38.0,Male,3.0,199003.22,1.0,2.0
2879353,15.0,180.0,54.0,Male,2.0,141152.71,1.0,1.0
9263839,6.0,78.0,55.0,Unknown,2.0,61515.84,2.0,2.0
9643778,14.0,170.0,67.0,Male,2.0,146299.84999999998,7.0,7.0
5664933,11.0,137.0,28.0,Male,2.0,39066.89,2.0,2.0
2373179,4.0,59.0,21.5,Unknown,3.0,22681.03,4.0,4.0
9553253,14.0,173.0,66.0,Male,2.0,22561.04,4.0,4.0
4968219,16.0,194.0,51.5,Male,2.0,248299.35,5.0,5.0
9726192,17.0,213.0,63.0,Male,2.0,563262.26,6.0,6.0
6335055,22.0,271.0,36.0,Male,2.0,178232.53999999998,6.0,6.0
1376633,22.0,270.0,48.5,Female,2.0,118995.74,5.0,5.0
3304425,27.0,327.0,56.5,Male,2.0,341605.23,7.0,7.0
2430092,10.0,127.0,26.0,Male,2.0,17391.149999999998,3.0,3.0
941211,7.0,84.0,55.0,Unknown,2.0,48516.53,6.0,6.0
2054674,12.0,150.0,69.0,Female,2.0,46795.78,1.0,1.0
6527250,5.0,66.0,50.5,Male,2.0,58074.850000000006,4.0,4.0
740753,10.0,126.0,25.5,Male,2.0,39217.03999999999,7.0,7.0
7474588,5.0,71.0,33.0,Male,3.0,114065.01,5.0,5.0
1973673,14.0,173.0,56.0,Female,2.0,135643.05,4.0,4.0
5679488,33.0,407.0,33.0,Female,2.0,42166.39,2.0,2.0
6049307,10.0,120.0,34.0,Unknown,2.0,70772.03,2.0,2.0
3781128,5.0,60.0,37.5,Unknown,3.0,163608.96999999997,7.0,7.0
1863796,7.0,84.0,23.5,Unknown,2.0,19621.01,3.0,3.0
1264866,15.0,181.0,44.5,Male,2.0,27679.33,6.0,6.0
2610519,5.0,68.0,17.0,Unknown,2.0,31257.32,6.0,6.0
6687375,4.0,57.0,51.0,Unknown,2.0,225253.51,7.0,7.0
6435863,4.0,59.0,25.5,Unknown,2.0,22653.11,1.0,1.0
6933736,16.0,194.0,45.0,Male,2.0,30925.42,4.0,4.0
1943699,8.0,107.0,36.5,Female,2.0,47773.36,7.0,7.0
9282720,21.0,262.0,39.5,Male,3.0,198994.07,7.0,7.0
3274645,20.0,241.0,42.0,Male,3.0,131881.95,3.0,3.0
444713,19.0,232.0,23.0,Female,2.0,53229.75,5.0,6.0
4503161,16.0,203.0,64.5,Female,2.0,31702.24,3.0,3.0
1122158,30.0,361.0,51.5,Male,3.0,258892.27,7.0,7.0
9610577,14.0,178.0,69.5,Male,2.0,89813.08,6.0,6.0
1635213,5.0,60.0,54.5,Unknown,3.0,421450.13,3.0,3.0
4399108,13.0,160.0,60.5,Female,2.0,99246.75,1.0,1.0
456391,14.0,169.0,37.5,Female,2.0,249533.34000000003,3.0,3.0
2079252,13.0,161.0,27.5,Female,2.0,21360.3,2.0,2.0
8327899,6.0,72.0,29.0,Female,2.0,17323.28,7.0,7.0
7590790,8.0,106.0,45.5,Male,2.0,75786.75,2.0,2.0
5897870,16.0,193.0,69.5,Female,2.0,275497.82,7.0,7.0
9606677,16.0,202.0,28.0,Male,2.0,110338.65,7.0,7.0
1721705,10.0,120.0,37.5,Female,2.0,25536.39,1.0,1.0
913770,6.0,82.0,47.5,Female,3.0,440273.85,4.0,4.0
8467773,12.0,145.0,31.5,Male,2.0,15268.71,4.0,4.0
417927,10.0,120.0,63.5,Male,2.0,15282.19,1.0,1.0
929298,16.0,196.0,35.5,Male,2.0,159598.51,7.0,7.0
1873744,16.0,193.0,84.0,Female,2.0,288734.47,2.0,2.0
5466224,23.0,280.0,26.0,Male,2.0,31375.79,1.0,1.0
5709425,23.0,282.0,61.0,Female,3.0,255565.87,1.0,1.0
3878975,22.0,274.0,55.5,Male,3.0,643114.04,4.0,4.0
8509963,21.0,262.0,74.5,Female,2.0,226090.64,7.0,7.0
5626255,19.0,238.0,30.5,Male,2.0,63989.98,4.0,4.0
335509,9.0,119.0,45.0,Male,2.0,98892.61,4.0,4.0
7609752,9.0,118.0,52.5,Male,2.0,69675.45,2.0,2.0
141539,8.0,106.0,57.5,Female,2.0,41910.91,3.0,3.0
8540016,8.0,97.0,41.5,Male,2.0,19711.96,2.0,2.0
3066764,4.0,58.0,50.5,Male,2.0,16190.589999999997,1.0,2.0
1984946,11.0,134.0,64.5,Male,2.0,214452.16,2.0,2.0
2197005,7.0,85.0,25.0,Unknown,2.0,58525.64,3.0,4.0
5145279,15.0,180.0,49.5,Female,2.0,17152.46,3.0,3.0
3562659,25.0,303.0,62.0,Female,2.0,58173.22,3.0,3.0
772058,11.0,142.0,48.5,Female,2.0,78429.17,1.0,1.0
406746,12.0,154.0,51.5,Male,2.0,40928.34,3.0,3.0
8797712,15.0,192.0,38.0,Female,2.0,43231.52,2.0,2.0
7316507,7.0,86.0,61.0,Unknown,2.0,67542.03,3.0,3.0
6714704,15.0,181.0,46.0,Female,2.0,47323.18,3.0,3.0
191001,13.0,161.0,39.0,Female,2.0,316111.27,6.0,6.0
7940076,28.0,342.0,72.5,Male,3.0,838993.52,7.0,7.0
7855455,14.0,170.0,47.0,Female,2.0,25263.18,3.0,3.0
9924046,9.0,118.0,58.5,Male,3.0,21625.09,7.0,7.0
8241012,5.0,65.0,21.5,Female,2.0,43416.53,5.0,5.0
1653243,24.0,295.0,53.0,Female,3.0,86141.12,3.0,3.0
1912537,19.0,238.0,55.0,Female,2.0,139698.93,3.0,3.0
432837,15.0,183.0,38.5,Female,2.0,69090.88,1.0,1.0
9203661,11.0,141.0,40.5,Male,2.0,78296.64,3.0,3.0
1747018,4.0,57.0,57.5,Female,2.0,97258.51,7.0,7.0
4964612,6.0,72.0,22.0,Unknown,2.0,24115.19,2.0,2.0
8358707,31.0,383.0,57.5,Female,2.0,20357.46,3.0,3.0
1229941,9.0,117.0,31.0,Male,2.0,73720.01,1.0,1.0
4750361,26.0,322.0,53.0,Male,3.0,239874.75,7.0,7.0
3585519,6.0,72.0,51.5,Female,2.0,106984.58,6.0,6.0
6967859,10.0,124.0,52.5,Female,2.0,113987.07,2.0,2.0
1435940,7.0,94.0,27.0,Unknown,2.0,55839.45,3.0,3.0
5311434,9.0,114.0,59.5,Male,2.0,16992.559999999998,2.0,2.0
1227248,15.0,180.0,61.5,Female,2.0,31447.32,2.0,2.0
6542808,25.0,310.0,67.0,Female,2.0,194485.18,3.0,3.0
7902927,15.0,190.0,64.5,Male,2.0,112722.74,1.0,1.0
2583132,19.0,233.0,61.0,Male,3.0,301184.13,7.0,7.0
1793740,15.0,191.0,26.5,Female,3.0,179194.19,3.0,3.0
5715981,5.0,68.0,37.5,Unknown,2.0,46687.2,7.0,7.0
3474918,27.0,328.0,51.5,Female,2.0,136624.03,4.0,4.0
2015745,23.0,277.0,59.0,Male,2.0,28332.1,5.0,5.0
3135393,21.0,253.0,67.5,Male,2.0,633566.4800000001,4.0,4.0
4251942,19.0,229.0,66.0,Female,2.0,312554.77,6.0,6.0
8550044,16.0,199.0,33.5,Male,2.0,26827.25,1.0,1.0
1133292,15.0,181.0,56.0,Female,2.0,135427.36,5.0,5.0
7413062,15.0,182.0,30.0,Male,2.0,33549.96,4.0,4.0
7546599,12.0,152.0,41.0,Male,2.0,45607.03,7.0,7.0
5635448,16.0,194.0,47.5,Female,2.0,197409.31,3.0,3.0
4268727,20.0,242.0,67.0,Female,2.0,27317.05,7.0,7.0
6206909,16.0,195.0,56.5,Female,4.0,434559.84,7.0,7.0
6914767,5.0,69.0,17.5,Unknown,3.0,73333.64,6.0,6.0
5350086,4.0,56.0,36.5,Unknown,2.0,27597.75,5.0,5.0
7453152,27.0,327.0,61.0,Female,2.0,257198.25,4.0,4.0
9445989,9.0,109.0,25.0,Male,2.0,33954.78,7.0,7.0
2313674,6.0,77.0,59.5,Female,2.0,257126.11,1.0,1.0
7729386,4.0,58.0,20.0,Unknown,2.0,26071.3,2.0,2.0
8815099,21.0,258.0,59.5,Female,2.0,219032.41,4.0,4.0
8068491,26.0,314.0,60.0,Male,2.0,87990.14,7.0,7.0
7883301,20.0,240.0,34.5,Female,2.0,47371.97,5.0,5.0
8088097,19.0,239.0,70.0,Male,2.0,202908.16,7.0,7.0
6084648,14.0,172.0,37.5,Male,2.0,18725.42,7.0,7.0
6780719,4.0,54.0,63.0,Female,2.0,69418.91,5.0,5.0
8955196,6.0,76.0,21.0,Unknown,2.0,21513.8,2.0,2.0
4533418,13.0,163.0,22.5,Male,2.0,37744.23,1.0,1.0
9267139,16.0,193.0,68.0,Male,2.0,56919.47,7.0,7.0
4654509,8.0,106.0,52.0,Female,2.0,41610.11,3.0,3.0
4093610,6.0,83.0,60.5,Unknown,2.0,58752.33,4.0,4.0
5825373,28.0,342.0,61.0,Female,2.0,49320.54,2.0,2.0
8362528,4.0,58.0,32.5,Unknown,2.0,33700.7,2.0,2.0
2908423,13.0,161.0,70.0,Female,2.0,18435.75,2.0,2.0
2579056,34.0,419.0,27.5,Male,2.0,26134.93,1.0,1.0
686383,5.0,67.0,49.0,Unknown,2.0,142011.03999999998,7.0,7.0
8908550,12.0,150.0,39.5,Female,2.0,113326.74,6.0,6.0
4290102,5.0,65.0,52.5,Unknown,2.0,104689.45,7.0,7.0
6667164,13.0,157.0,29.0,Male,3.0,48931.0,6.0,7.0
9049043,5.0,71.0,57.0,Unknown,2.0,37771.88,2.0,2.0
7934317,6.0,72.0,51.5,Male,2.0,58774.44,1.0,1.0
3965920,9.0,110.0,57.0,Male,2.0,100780.37,1.0,1.0
3795503,15.0,187.0,70.5,Female,2.0,21988.39,5.0,5.0
4751952,4.0,59.0,16.5,Unknown,2.0,19475.75,2.0,2.0
6217706,23.0,285.0,46.0,Female,2.0,726273.66,5.0,5.0
1579264,21.0,262.0,50.5,Female,2.0,132935.74,7.0,7.0
5802123,21.0,262.0,45.0,Male,3.0,224570.83,1.0,1.0
8374531,20.0,251.0,45.5,Female,2.0,83264.74,5.0,5.0
4064154,18.0,218.0,18.0,Female,2.0,19655.26,2.0,2.0
9027852,18.0,217.0,44.0,Male,2.0,50365.94,7.0,7.0
3395867,15.0,190.0,54.5,Male,2.0,15418.98,7.0,7.0
2265837,27.0,325.0,23.5,Female,2.0,16632.01,5.0,5.0
2141508,35.0,423.0,58.5,Female,2.0,495771.01,2.0,2.0
2025400,7.0,95.0,40.5,Unknown,2.0,33713.66,4.0,4.0
9710630,16.0,195.0,48.5,Female,2.0,62596.850000000006,1.0,1.0
9511606,15.0,189.0,61.0,Male,2.0,233993.17,7.0,7.0
4514969,11.0,140.0,36.0,Male,2.0,24298.06,2.0,2.0
8015119,7.0,90.0,30.5,Unknown,2.0,140614.82,2.0,2.0
3838044,4.0,59.0,50.5,Unknown,2.0,21026.84,1.0,1.0
6562416,14.0,172.0,52.0,Male,3.0,257776.34000000003,3.0,3.0
4473080,16.0,194.0,32.0,Male,2.0,14051.05,2.0,2.0
3973916,15.0,181.0,45.5,Female,2.0,91506.69,5.0,5.0
8010933,11.0,138.0,21.5,Male,2.0,15602.739999999998,2.0,3.0
8905970,5.0,70.0,42.5,Unknown,2.0,53979.97,5.0,5.0
7647022,5.0,64.0,48.5,Female,2.0,33747.619999999995,7.0,7.0
445736,7.0,92.0,42.0,Unknown,2.0,16625.559999999998,2.0,2.0
1688788,24.0,291.0,60.5,Male,2.0,196903.87,5.0,5.0
4654965,22.0,272.0,56.0,Unknown,2.0,29566.28,5.0,5.0
1918019,21.0,253.0,52.5,Female,2.0,77722.45999999999,3.0,3.0
5232074,20.0,247.0,24.5,Female,2.0,27970.15,7.0,7.0
4377638,20.0,246.0,52.5,Unknown,3.0,198313.85,7.0,7.0
9670311,9.0,111.0,21.0,Male,2.0,15151.419999999998,4.0,4.0
493267,15.0,180.0,41.5,Female,2.0,51215.31,2.0,2.0
364291,14.0,168.0,55.0,Female,2.0,30286.759999999995,1.0,1.0
4550496,12.0,154.0,60.0,Female,2.0,46433.42999999999,3.0,3.0
4123096,5.0,66.0,62.0,Unknown,2.0,70504.26,7.0,7.0
888304,6.0,81.0,64.5,Unknown,2.0,248355.59000000003,4.0,4.0
9898993,12.0,154.0,56.0,Female,2.0,81319.98,1.0,1.0
2459337,16.0,192.0,30.0,Female,4.0,42346.72,2.0,2.0
8327657,14.0,178.0,34.0,Male,2.0,50946.26,4.0,4.0
5393420,9.0,115.0,37.0,Unknown,4.0,643669.4600000001,5.0,5.0
7183730,12.0,153.0,58.0,Male,2.0,95009.12,3.0,3.0
671410,9.0,108.0,42.5,Male,2.0,92328.0,2.0,2.0
4561430,14.0,174.0,47.0,Female,2.0,81251.02,5.0,5.0
988914,5.0,68.0,31.0,Unknown,2.0,35032.47,3.0,3.0
9082147,7.0,95.0,30.5,Unknown,2.0,51080.94,7.0,7.0
5468848,16.0,200.0,59.5,Male,3.0,147202.86,3.0,3.0
1152690,7.0,95.0,59.5,Unknown,2.0,21411.19,3.0,3.0
6826093,14.0,178.0,68.5,Male,2.0,23082.59,4.0,4.0
5795574,5.0,68.0,29.5,Female,2.0,22562.63,1.0,1.0
7674259,15.0,183.0,62.0,Female,2.0,38162.96,4.0,4.0
1853300,4.0,57.0,62.0,Male,2.0,257450.16,2.0,2.0
6776966,6.0,81.0,61.0,Unknown,2.0,34094.64,7.0,7.0
409181,6.0,80.0,17.5,Unknown,2.0,16664.649999999998,1.0,1.0
4678147,9.0,109.0,42.0,Female,3.0,138243.8,7.0,7.0
8188290,4.0,58.0,43.5,Unknown,2.0,33171.34,2.0,2.0
2979771,10.0,131.0,24.5,Male,3.0,186754.42,7.0,7.0
3376087,5.0,63.0,52.0,Male,2.0,61682.81,7.0,7.0
8679832,12.0,155.0,23.5,Male,2.0,55074.4,1.0,1.0
8332486,5.0,67.0,18.5,Unknown,2.0,28546.64,6.0,6.0
9619138,6.0,81.0,39.5,Unknown,3.0,135406.93,7.0,7.0
1719895,7.0,92.0,32.0,Unknown,2.0,55564.78,7.0,7.0
6856829,13.0,167.0,37.0,Unknown,2.0,28993.6,2.0,2.0
5708708,14.0,172.0,42.5,Female,2.0,22412.5,3.0,3.0
9089001,7.0,92.0,27.5,Male,2.0,20936.56,7.0,7.0
5686202,12.0,155.0,31.5,Male,2.0,41070.07,1.0,1.0
830479,10.0,121.0,40.0,Male,2.0,44881.13,7.0,7.0
3966114,14.0,171.0,36.5,Male,4.0,428684.85,7.0,7.0
8436967,7.0,88.0,50.5,Unknown,2.0,84130.22,3.0,3.0
3438785,13.0,157.0,40.5,Male,2.0,35815.86,3.0,3.0
1141064,4.0,57.0,17.0,Unknown,2.0,16924.01,1.0,1.0
5216810,4.0,58.0,22.5,Male,3.0,51994.13,7.0,7.0
6889096,4.0,58.0,32.0,Unknown,2.0,19950.3,2.0,2.0
6167699,20.0,250.0,46.0,Male,2.0,18329.94,2.0,3.0
5521102,8.0,105.0,40.5,Female,2.0,16841.68,4.0,4.0
5102279,4.0,59.0,35.0,Unknown,2.0,17933.87,1.0,1.0
7964845,10.0,122.0,57.0,Male,2.0,97604.8,3.0,3.0
3029761,4.0,57.0,48.0,Unknown,2.0,16907.51,3.0,3.0
4136796,16.0,203.0,52.5,Female,2.0,267058.41,1.0,1.0
4652501,13.0,157.0,34.5,Female,2.0,108231.06,7.0,7.0
1648439,14.0,178.0,31.0,Female,2.0,108955.41,2.0,2.0
9849897,5.0,66.0,46.0,Unknown,2.0,115760.3,3.0,3.0
4861182,15.0,180.0,81.5,Male,2.0,63181.66,1.0,1.0
3947447,8.0,106.0,32.0,Unknown,3.0,46553.31,5.0,5.0
8331461,4.0,58.0,44.5,Unknown,2.0,34198.58,1.0,1.0
3131866,14.0,172.0,61.0,Female,2.0,69242.29999999999,5.0,5.0
1753726,5.0,70.0,31.0,Unknown,2.0,49963.8,1.0,2.0
3751181,6.0,82.0,52.5,Unknown,2.0,66369.59,2.0,2.0
1823378,33.0,406.0,56.5,Female,3.0,161879.5,4.0,4.0
142741,23.0,280.0,48.0,Male,3.0,544869.87,6.0,6.0
6974179,23.0,277.0,59.0,Male,3.0,337522.59,7.0,7.0
5626244,4.0,58.0,17.5,Unknown,2.0,16292.719999999998,2.0,2.0
9536,7.0,88.0,36.5,Unknown,2.0,30735.94,7.0,7.0
6193108,5.0,70.0,58.5,Unknown,2.0,24728.8,1.0,1.0
3061083,12.0,145.0,40.5,Male,2.0,23920.84,1.0,1.0
1494699,16.0,195.0,50.5,Male,2.0,50509.26,7.0,7.0
7473636,6.0,72.0,44.0,Unknown,2.0,37447.65,1.0,1.0
8022868,4.0,58.0,24.0,Unknown,2.0,43368.8,1.0,1.0
9633622,4.0,58.0,59.0,Unknown,2.0,22756.24,1.0,1.0
8264827,10.0,123.0,53.5,Female,2.0,70333.98,1.0,1.0
4114966,9.0,114.0,20.0,Male,2.0,27446.27,2.0,2.0
4064411,5.0,71.0,27.5,Unknown,2.0,38422.51,2.0,2.0
6724145,6.0,82.0,60.5,Unknown,2.0,37318.31,6.0,6.0
1886877,15.0,181.0,29.5,Unknown,2.0,21148.28,1.0,1.0
7547946,8.0,104.0,32.0,Male,2.0,17279.18,7.0,7.0
1283767,14.0,172.0,50.5,Male,2.0,17681.339999999997,2.0,2.0
8201761,25.0,302.0,25.5,Male,2.0,19048.57,1.0,1.0
8170493,22.0,274.0,73.0,Female,2.0,15927.539999999995,6.0,6.0
6367253,21.0,263.0,51.5,Male,2.0,26212.759999999995,4.0,4.0
2739309,20.0,240.0,29.0,Female,2.0,74016.0,6.0,6.0
6968908,19.0,237.0,43.5,Female,2.0,19810.53,3.0,3.0
3835135,19.0,228.0,74.5,Male,3.0,424343.82,5.0,6.0
3156243,7.0,88.0,47.0,Unknown,2.0,21306.01,2.0,2.0
3827163,15.0,189.0,58.0,Female,2.0,33954.92,3.0,3.0
14638,24.0,299.0,77.5,Female,2.0,15725.469999999998,4.0,4.0
8478253,12.0,148.0,72.0,Female,2.0,57634.2,1.0,1.0
9407605,14.0,178.0,24.0,Female,2.0,94268.45,3.0,3.0
6096,15.0,190.0,25.5,Male,3.0,106609.24,3.0,3.0
6094497,9.0,109.0,32.5,Male,2.0,22949.8,7.0,7.0
7051411,4.0,59.0,19.5,Unknown,2.0,16625.559999999998,1.0,1.0
7306574,16.0,192.0,34.0,Female,2.0,57825.67,1.0,1.0
2558954,33.0,397.0,73.5,Male,2.0,152705.62,7.0,7.0
6637272,5.0,65.0,26.0,Male,2.0,655046.36,5.0,5.0
1838067,7.0,84.0,23.0,Male,2.0,15151.12,1.0,1.0
1303742,6.0,74.0,24.5,Unknown,2.0,49501.34,1.0,1.0
7025811,12.0,149.0,37.5,Male,2.0,219103.09000000003,7.0,7.0
933291,11.0,142.0,42.0,Male,2.0,208573.31,1.0,1.0
9176270,6.0,82.0,34.0,Unknown,3.0,251822.96,7.0,7.0
3143392,6.0,72.0,43.5,Unknown,2.0,27053.64,1.0,1.0
6620064,23.0,287.0,56.5,Female,2.0,70193.14,1.0,1.0
4975663,21.0,260.0,55.0,Female,2.0,49213.88,5.0,5.0
2594072,21.0,254.0,17.5,Female,2.0,21943.8,7.0,7.0
5133015,33.0,399.0,65.5,Male,2.0,29523.05,1.0,1.0
8403119,18.0,227.0,60.5,Male,4.0,321089.03,7.0,7.0
9889744,18.0,227.0,64.0,Female,3.0,58401.01999999999,7.0,7.0
9947468,11.0,142.0,26.0,Male,2.0,18382.48,1.0,1.0
8262190,6.0,78.0,54.0,Unknown,2.0,120395.15,7.0,7.0
6491316,10.0,120.0,53.5,Female,2.0,164455.52000000002,6.0,6.0
7738499,5.0,69.0,41.5,Unknown,2.0,2542825.4,7.0,7.0
4846209,6.0,72.0,48.0,Unknown,3.0,51984.5,6.0,6.0
7668948,4.0,58.0,31.5,Male,2.0,235984.64,7.0,7.0
2917506,48.0,576.0,37.5,Female,2.0,396601.29,4.0,4.0
575776,18.0,219.0,32.5,Male,2.0,15024.1,3.0,3.0
6635056,8.0,97.0,49.5,Unknown,2.0,77193.62,1.0,1.0
2273228,12.0,144.0,53.0,Male,3.0,187451.57,3.0,4.0
8934620,8.0,107.0,32.0,Female,2.0,69357.08,2.0,2.0
3867294,10.0,130.0,61.5,Male,2.0,432775.96,6.0,6.0
2384757,6.0,80.0,29.0,Female,2.0,77566.04999999999,5.0,5.0
9095063,4.0,58.0,17.0,Male,2.0,22286.08,3.0,3.0
7741658,21.0,253.0,64.0,Male,2.0,15252.859999999995,7.0,7.0
4431815,17.0,206.0,46.0,Female,2.0,468895.04,4.0,4.0
1076389,16.0,198.0,59.0,Female,2.0,77811.57,7.0,7.0
3507622,6.0,74.0,28.5,Unknown,2.0,33706.899999999994,7.0,7.0
1107600,9.0,119.0,33.5,Male,3.0,285418.61,7.0,7.0
4278174,7.0,93.0,26.5,Unknown,2.0,73690.19,2.0,2.0
2375392,8.0,97.0,60.5,Unknown,2.0,121322.58000000002,1.0,1.0
4618606,21.0,253.0,40.5,Male,2.0,30257.009999999995,7.0,7.0
389899,7.0,93.0,63.0,Unknown,2.0,274201.55,7.0,7.0
8724165,6.0,73.0,45.5,Unknown,2.0,92241.56,1.0,1.0
2417584,24.0,288.0,59.5,Female,2.0,19154.07,7.0,7.0
925764,12.0,150.0,55.5,Male,2.0,161464.40999999997,7.0,7.0
4904884,5.0,71.0,28.5,Unknown,2.0,17103.339999999997,7.0,7.0
1594634,11.0,138.0,28.0,Male,2.0,57084.67999999999,6.0,6.0
9289143,14.0,170.0,30.0,Unknown,2.0,21180.32,2.0,2.0
9802384,5.0,65.0,51.5,Male,2.0,17625.309999999998,4.0,4.0
2725801,5.0,60.0,28.0,Unknown,4.0,345050.08,5.0,5.0
7944503,12.0,144.0,58.0,Male,2.0,118552.9,1.0,1.0
2585682,11.0,138.0,47.0,Male,2.0,69930.29000000001,5.0,5.0
3736525,6.0,72.0,44.5,Female,2.0,29927.009999999995,1.0,1.0
5954555,6.0,74.0,45.5,Female,2.0,85752.31999999999,1.0,1.0
973808,5.0,69.0,51.0,Female,2.0,33837.99,1.0,1.0
7991473,5.0,71.0,28.5,Unknown,2.0,111572.97,4.0,4.0
1116446,13.0,160.0,50.0,Male,4.0,219156.25,5.0,5.0
599409,14.0,178.0,45.5,Female,3.0,56231.66,7.0,7.0
5720250,5.0,70.0,45.5,Unknown,2.0,46452.48,4.0,5.0
5040210,27.0,325.0,78.5,Female,3.0,243196.49,1.0,1.0
195846,15.0,189.0,52.5,Male,2.0,58799.03,1.0,1.0
8262544,38.0,461.0,60.5,Male,3.0,92461.68,3.0,3.0
2322641,16.0,202.0,52.5,Female,2.0,18966.46,3.0,3.0
6351635,11.0,142.0,55.5,Male,3.0,134315.65,4.0,4.0
7230210,10.0,126.0,46.0,Female,2.0,31632.050000000003,2.0,2.0
7674801,19.0,230.0,46.0,Male,2.0,15498.419999999998,4.0,4.0
4688947,9.0,108.0,55.0,Male,2.0,84743.18,7.0,7.0
9805776,5.0,71.0,18.0,Unknown,3.0,113275.83,2.0,2.0
1715204,22.0,265.0,55.5,Female,2.0,161567.25,4.0,4.0
3743995,5.0,69.0,51.0,Unknown,2.0,24487.19,5.0,5.0
2883889,5.0,68.0,55.0,Unknown,4.0,101954.71,3.0,3.0
4396957,10.0,125.0,63.0,Female,2.0,84354.49,1.0,1.0
1606403,6.0,82.0,53.0,Unknown,2.0,36031.88,1.0,1.0
9076564,29.0,348.0,63.0,Female,2.0,104102.76,2.0,2.0
2517434,6.0,75.0,60.0,Male,2.0,411472.01,7.0,7.0
3959526,14.0,169.0,40.5,Female,2.0,35805.84,5.0,5.0
3008701,5.0,65.0,51.5,Unknown,2.0,18155.49,3.0,3.0
9335915,9.0,113.0,40.5,Female,2.0,14730.589999999997,2.0,2.0
1141926,15.0,181.0,43.0,Male,2.0,442931.13,6.0,6.0
5732039,7.0,94.0,44.0,Unknown,2.0,27772.2,7.0,7.0
9457906,5.0,68.0,54.0,Unknown,2.0,41651.73,4.0,4.0
8643222,12.0,145.0,39.0,Female,2.0,30744.57,1.0,1.0
9746408,5.0,68.0,64.5,Female,2.0,18871.07,2.0,2.0
9981648,6.0,72.0,20.5,Unknown,3.0,37486.62,6.0,6.0
1966706,23.0,277.0,64.0,Male,2.0,573727.04,7.0,7.0
7597653,17.0,214.0,56.5,Unknown,2.0,78536.54000000001,4.0,4.0
9192974,13.0,162.0,51.5,Female,2.0,34298.83,3.0,3.0
5967608,5.0,70.0,28.0,Unknown,3.0,37197.96,5.0,5.0
5627834,6.0,82.0,59.0,Male,2.0,78546.03,7.0,7.0
2224260,6.0,76.0,31.5,Male,2.0,132996.62,2.0,2.0
9436766,14.0,171.0,62.0,Female,2.0,36824.8,4.0,4.0
8844416,4.0,59.0,51.5,Unknown,3.0,24072.56,6.0,6.0
7122346,14.0,178.0,61.5,Female,2.0,103962.75,1.0,1.0
5339444,4.0,58.0,23.0,Unknown,2.0,34320.45,1.0,1.0
8804193,6.0,77.0,53.0,Unknown,2.0,18573.78,6.0,6.0
8380943,8.0,106.0,45.5,Male,2.0,110716.72,3.0,3.0
890430,8.0,106.0,57.5,Male,3.0,697237.1900000001,5.0,5.0
1051457,9.0,119.0,28.0,Female,2.0,53505.74,7.0,7.0
9817359,4.0,58.0,34.5,Unknown,2.0,29532.18,1.0,1.0
3461127,7.0,86.0,50.5,Unknown,2.0,120269.88,3.0,3.0
2030780,13.0,167.0,23.0,Male,2.0,21962.84,7.0,7.0
1257756,11.0,142.0,58.0,Female,2.0,20652.15,3.0,3.0
7564489,19.0,235.0,51.0,Male,2.0,51931.88,3.0,3.0
9777089,23.0,284.0,19.0,Male,3.0,41663.75,4.0,4.0
5651595,22.0,267.0,28.5,Male,2.0,101601.66,2.0,2.0
6008233,21.0,252.0,65.0,Female,5.0,134750.03,7.0,7.0
1968956,6.0,80.0,16.0,Unknown,2.0,16411.0,1.0,1.0
317813,5.0,70.0,24.5,Unknown,2.0,21419.46,1.0,1.0
4785213,13.0,164.0,23.5,Male,2.0,64276.31,7.0,7.0
1314066,27.0,326.0,19.5,Male,2.0,446069.12,5.0,5.0
8720859,6.0,76.0,61.0,Unknown,2.0,76278.29000000001,3.0,3.0
7259846,21.0,253.0,41.5,Male,2.0,35836.82,7.0,7.0
412134,16.0,192.0,36.5,Male,2.0,85586.55,2.0,2.0
4601674,4.0,58.0,45.5,Unknown,2.0,23243.63,2.0,2.0
5786372,7.0,95.0,27.0,Unknown,2.0,17691.32,7.0,7.0
5269523,14.0,173.0,66.0,Male,2.0,186061.23,4.0,4.0
5083741,31.0,379.0,56.5,Female,2.0,15990.589999999997,4.0,5.0
1647566,6.0,74.0,46.5,Male,2.0,373817.59,5.0,5.0
353002,14.0,179.0,32.5,Male,2.0,59593.26999999999,7.0,7.0
6807831,14.0,174.0,50.5,Male,2.0,83085.56,7.0,7.0
6042483,13.0,156.0,48.0,Male,2.0,108556.78,1.0,1.0
5229797,12.0,151.0,72.0,Male,2.0,415011.11,3.0,3.0
6037800,23.0,285.0,61.5,Unknown,3.0,525445.29,6.0,6.0
2901184,21.0,258.0,50.0,Male,4.0,90800.5,5.0,5.0
5700930,21.0,252.0,47.0,Male,2.0,90679.81,1.0,1.0
388348,4.0,58.0,55.5,Unknown,2.0,20113.88,3.0,3.0
739090,4.0,52.0,59.5,Female,3.0,42698.62,1.0,1.0
3555680,7.0,94.0,21.5,Unknown,2.0,28564.79,1.0,1.0
1319792,11.0,136.0,65.0,Male,2.0,19697.86,2.0,2.0
9461549,7.0,88.0,44.5,Unknown,2.0,80646.22,7.0,7.0
2212895,5.0,66.0,60.0,Unknown,2.0,48210.28,3.0,3.0
4760296,7.0,86.0,50.0,Unknown,2.0,156996.2,4.0,4.0
5267072,8.0,96.0,39.5,Unknown,2.0,68510.82,7.0,7.0
9513480,5.0,68.0,17.5,Unknown,2.0,25101.73,7.0,7.0
8662527,11.0,136.0,48.0,Male,2.0,65766.09,1.0,1.0
998460,17.0,214.0,48.0,Male,2.0,23946.92,3.0,3.0
9270417,5.0,62.0,19.0,Unknown,2.0,55459.7,4.0,4.0
3656567,8.0,98.0,23.5,Unknown,3.0,29029.67,2.0,2.0
8670432,4.0,58.0,31.0,Female,2.0,93269.16,2.0,2.0
7368496,6.0,79.0,57.0,Female,2.0,21788.7,2.0,2.0
9958206,7.0,85.0,33.0,Unknown,2.0,28281.2,6.0,6.0
2326211,6.0,73.0,65.0,Female,2.0,69708.06,5.0,5.0
8110966,12.0,151.0,57.5,Male,2.0,29772.259999999995,1.0,1.0
7619330,7.0,84.0,55.0,Unknown,2.0,54892.67,5.0,5.0
9529174,8.0,103.0,48.5,Unknown,2.0,179728.59999999998,2.0,2.0
3234513,14.0,179.0,70.0,Female,2.0,23995.31,1.0,1.0
2768742,8.0,106.0,47.0,Female,2.0,19772.72,1.0,1.0
6435492,13.0,164.0,52.0,Male,2.0,115891.54,3.0,3.0
8686748,7.0,88.0,41.0,Unknown,2.0,65795.62,1.0,1.0
8023997,5.0,66.0,29.0,Unknown,2.0,15089.66,1.0,1.0
1678331,20.0,242.0,61.5,Male,2.0,1715940.03,7.0,7.0
3131177,8.0,105.0,49.5,Female,2.0,49707.33,2.0,2.0
402904,23.0,277.0,56.0,Male,3.0,891203.14,4.0,5.0
567982,17.0,212.0,56.5,Male,2.0,47579.69,4.0,4.0
3696574,16.0,202.0,63.0,Female,2.0,59691.98,7.0,7.0
3280467,5.0,70.0,31.0,Unknown,2.0,17792.18,2.0,2.0
1082656,4.0,55.0,39.0,Male,2.0,22452.39,4.0,5.0
9245897,13.0,159.0,52.0,Female,2.0,22192.92,1.0,1.0
6513708,5.0,65.0,36.5,Unknown,2.0,106988.3,1.0,1.0
1494085,7.0,90.0,52.0,Male,2.0,929334.69,7.0,7.0
5091787,11.0,139.0,30.0,Female,2.0,21338.16,6.0,6.0
7993765,10.0,121.0,44.5,Male,2.0,68075.73999999999,2.0,2.0
3772007,13.0,156.0,50.5,Male,2.0,298206.66,3.0,3.0
4802709,11.0,134.0,37.0,Female,2.0,23721.7,1.0,1.0
7266661,11.0,136.0,58.5,Female,2.0,38534.82,4.0,4.0
6502313,8.0,103.0,53.5,Unknown,2.0,30991.99,4.0,4.0
9791468,7.0,95.0,54.0,Unknown,2.0,48402.68,3.0,3.0
9264508,5.0,65.0,27.0,Unknown,3.0,135617.84999999998,7.0,7.0
7105013,9.0,108.0,69.5,Female,2.0,233331.65,5.0,5.0
6101041,15.0,191.0,41.0,Male,3.0,302460.02,4.0,4.0
5218445,14.0,176.0,39.0,Female,3.0,62124.630000000005,4.0,4.0
667138,20.0,246.0,19.0,Male,2.0,41212.53999999999,2.0,2.0
8409686,17.0,205.0,47.0,Unknown,3.0,133216.01,2.0,2.0
4666280,6.0,83.0,28.5,Unknown,2.0,42262.96,7.0,7.0
3636687,7.0,91.0,45.5,Unknown,2.0,52849.28,5.0,6.0
3286220,8.0,97.0,64.5,Unknown,2.0,460161.3,7.0,7.0
2584569,6.0,79.0,69.0,Unknown,2.0,113035.68,5.0,5.0
381514,7.0,86.0,28.5,Unknown,2.0,33813.0,6.0,6.0
4497111,16.0,193.0,63.0,Male,3.0,1601579.11,7.0,7.0
6602794,8.0,107.0,29.5,Female,2.0,44905.65,6.0,6.0
6791889,11.0,142.0,29.5,Male,4.0,73427.43,7.0,7.0
816180,5.0,67.0,55.5,Male,2.0,226652.75,1.0,1.0
616765,11.0,142.0,64.5,Male,2.0,222046.22,7.0,7.0
1424632,8.0,106.0,31.5,Male,2.0,29156.86,3.0,3.0
6361935,13.0,159.0,54.5,Male,2.0,45602.06,2.0,2.0
7910368,4.0,58.0,44.5,Unknown,2.0,31949.27,4.0,4.0
7083258,11.0,136.0,46.0,Male,2.0,177904.61,1.0,1.0
7856700,5.0,66.0,50.5,Unknown,2.0,30884.759999999995,1.0,1.0
2646772,15.0,191.0,68.5,Male,3.0,1942807.16,7.0,7.0
4472408,9.0,109.0,44.5,Female,2.0,43017.85,3.0,3.0
6124668,13.0,166.0,24.5,Female,3.0,105892.26,7.0,7.0
7341808,11.0,142.0,46.0,Female,2.0,14348.89,1.0,1.0
5803942,12.0,148.0,51.0,Male,2.0,24206.92,1.0,2.0
5306038,21.0,258.0,31.0,Male,2.0,47330.26,5.0,5.0
2497400,17.0,214.0,53.0,Female,2.0,56050.98,1.0,1.0
6768853,17.0,209.0,58.5,Female,2.0,52490.94,7.0,7.0
9002888,15.0,186.0,67.0,Male,2.0,265283.92,2.0,2.0
6224526,6.0,76.0,58.5,Unknown,2.0,83367.31999999999,3.0,3.0
4538011,16.0,201.0,65.0,Male,2.0,337879.76,4.0,5.0
9998750,13.0,158.0,28.0,Female,2.0,19917.53,1.0,1.0
84730,15.0,183.0,55.0,Male,2.0,47814.11,2.0,2.0
3197861,10.0,123.0,40.0,Female,4.0,234880.84000000003,5.0,5.0
5972910,9.0,119.0,53.5,Male,2.0,24413.25,1.0,1.0
8640466,8.0,99.0,34.0,Unknown,2.0,42711.85,5.0,5.0
9800927,11.0,138.0,59.5,Female,2.0,293460.65,7.0,7.0
3413589,6.0,82.0,21.5,Unknown,2.0,48856.25,2.0,2.0
2148133,7.0,94.0,39.0,Unknown,3.0,156323.18,7.0,7.0
4468919,3.0,36.0,18.5,Unknown,2.0,17090.89,1.0,1.0
9521685,13.0,166.0,36.5,Male,2.0,115313.48,2.0,2.0
341393,5.0,68.0,67.5,Unknown,2.0,685526.91,3.0,3.0
715643,12.0,154.0,29.0,Male,2.0,21092.33,1.0,1.0
9198765,8.0,102.0,22.5,Unknown,2.0,231791.37,7.0,7.0
8305438,9.0,110.0,54.0,Female,2.0,73571.88,7.0,7.0
7089067,18.0,226.0,61.0,Female,2.0,186335.8,5.0,5.0
8532213,5.0,65.0,63.5,Unknown,2.0,107156.56,3.0,3.0
7309969,9.0,115.0,30.0,Male,2.0,182344.48,3.0,3.0
8316887,13.0,162.0,36.5,Male,2.0,131938.72,1.0,1.0
4969732,10.0,131.0,26.5,Male,2.0,103060.63,3.0,3.0
5412290,12.0,154.0,44.0,Male,2.0,23086.85,1.0,1.0
1911451,7.0,84.0,20.0,Unknown,2.0,26911.45,2.0,2.0
7892915,5.0,70.0,55.5,Male,2.0,108343.22,1.0,1.0
8990744,5.0,67.0,43.5,Male,3.0,63304.58,7.0,7.0
5641681,3.0,46.0,36.5,Unknown,2.0,33533.44,6.0,6.0
8162910,6.0,76.0,26.0,Female,2.0,23387.02,6.0,6.0
2631816,7.0,84.0,20.0,Unknown,2.0,50547.76,1.0,1.0
5681684,5.0,66.0,60.0,Male,2.0,60300.72,7.0,7.0
5527611,7.0,94.0,43.5,Unknown,2.0,21865.79,7.0,7.0
6070496,15.0,190.0,59.0,Female,2.0,26569.44,1.0,1.0
6403093,8.0,96.0,66.5,Male,2.0,97464.65,7.0,7.0
4001810,6.0,80.0,38.0,Unknown,2.0,15021.69,4.0,4.0
7748372,15.0,190.0,23.5,Male,2.0,31892.25,1.0,1.0
9982074,13.0,167.0,32.0,Male,3.0,90611.12,2.0,2.0
9025224,11.0,142.0,41.0,Female,2.0,108788.72,2.0,2.0
193444,23.0,277.0,47.5,Male,5.0,484734.75,7.0,7.0
6573136,22.0,269.0,49.5,Male,3.0,169445.34999999998,2.0,2.0
8974943,22.0,265.0,39.0,Male,2.0,29271.74,7.0,7.0
113703,21.0,263.0,50.5,Male,3.0,266406.75,6.0,6.0
5967588,19.0,228.0,27.0,Male,2.0,50322.05,6.0,6.0
6623853,5.0,69.0,20.0,Unknown,2.0,23469.39,7.0,7.0
2083773,15.0,189.0,77.0,Female,2.0,312049.8,7.0,7.0
7214346,7.0,85.0,28.5,Unknown,2.0,93999.62,2.0,2.0
8054579,11.0,141.0,27.5,Male,3.0,817210.8500000001,7.0,7.0
756024,11.0,139.0,34.0,Female,2.0,23123.369999999995,6.0,6.0
4704300,11.0,134.0,22.5,Male,3.0,144223.49,7.0,7.0
5053956,10.0,131.0,26.0,Female,2.0,52744.95,7.0,7.0
6459547,6.0,72.0,30.0,Unknown,2.0,78319.81,7.0,7.0
1429924,8.0,96.0,46.0,Unknown,2.0,47670.37,3.0,3.0
6418090,5.0,65.0,27.5,Unknown,2.0,56494.630000000005,2.0,2.0
4689053,17.0,204.0,57.5,Female,2.0,203424.97,4.0,4.0
4810657,7.0,85.0,39.0,Unknown,2.0,54609.01,5.0,5.0
4235679,13.0,166.0,32.0,Female,2.0,75612.22,2.0,2.0
3263478,4.0,59.0,53.5,Unknown,2.0,17560.159999999996,7.0,7.0
2516816,5.0,66.0,20.5,Unknown,2.0,23042.99,2.0,2.0
929903,8.0,106.0,27.0,Female,2.0,24938.73,7.0,7.0
6078787,5.0,60.0,28.0,Unknown,3.0,61617.82000000001,6.0,6.0
8177555,23.0,286.0,44.5,Male,2.0,75077.07,7.0,7.0
5979789,21.0,253.0,47.0,Male,3.0,159073.18,2.0,2.0
5875817,21.0,252.0,30.0,Female,2.0,15999.03,4.0,4.0
5593881,20.0,246.0,45.5,Female,3.0,307142.85,5.0,5.0
183518,4.0,58.0,20.5,Unknown,2.0,104354.97,7.0,7.0
8674435,5.0,63.0,57.5,Unknown,2.0,18583.51,3.0,3.0
150741,6.0,72.0,36.0,Male,3.0,65967.16,3.0,3.0
371084,5.0,71.0,54.0,Unknown,2.0,36356.8,4.0,4.0
5748622,15.0,180.0,33.5,Male,2.0,70962.89,5.0,5.0
5102330,4.0,52.0,47.5,Unknown,2.0,106471.29,7.0,7.0
1859805,7.0,84.0,23.5,Unknown,2.0,57580.41,7.0,7.0
1420562,12.0,146.0,26.5,Male,2.0,21717.76,7.0,7.0
1711858,12.0,154.0,55.0,Female,2.0,176366.65999999997,1.0,1.0
1267559,20.0,240.0,62.0,Male,2.0,293417.19,7.0,7.0
5460876,5.0,68.0,47.0,Female,2.0,40605.4,3.0,3.0
1386902,12.0,147.0,58.5,Male,2.0,413900.07,7.0,7.0
5340845,11.0,136.0,19.5,Male,4.0,22601.78,7.0,7.0
4963005,16.0,192.0,43.0,Unknown,2.0,691372.4600000001,2.0,2.0
2381520,4.0,59.0,24.5,Unknown,2.0,42035.4,1.0,1.0
1129405,6.0,76.0,58.0,Unknown,2.0,54394.95,2.0,2.0
2786873,7.0,95.0,18.5,Unknown,2.0,28171.07,4.0,4.0
4104344,10.0,130.0,39.0,Female,2.0,23956.22,7.0,7.0
3420517,32.0,394.0,65.5,Female,2.0,241313.72,6.0,6.0
6879176,5.0,65.0,60.0,Unknown,2.0,43598.17,5.0,5.0
8573740,23.0,283.0,68.0,Male,2.0,48514.41,5.0,5.0
9544671,19.0,239.0,44.0,Male,4.0,72681.58,7.0,7.0
1428819,18.0,226.0,63.5,Male,3.0,194758.24,6.0,6.0
1347696,6.0,81.0,41.5,Unknown,2.0,69621.01999999999,4.0,4.0
6364095,6.0,74.0,21.0,Unknown,2.0,41683.01,1.0,1.0
6782752,15.0,187.0,47.0,Male,2.0,23602.07,7.0,7.0
2224062,5.0,70.0,37.5,Unknown,2.0,739141.1900000001,4.0,4.0
9463737,5.0,68.0,20.5,Unknown,2.0,48662.41,6.0,6.0
1535901,13.0,160.0,32.0,Male,2.0,20055.41,4.0,4.0
2081122,31.0,378.0,65.0,Female,2.0,80948.9,3.0,3.0
6089406,6.0,75.0,69.0,Unknown,2.0,24755.27,3.0,3.0
3476699,7.0,90.0,20.5,Unknown,2.0,46256.8,7.0,7.0
9789234,6.0,74.0,22.5,Unknown,3.0,188157.39,7.0,7.0
6983895,9.0,118.0,45.5,Female,2.0,116476.78,1.0,1.0
3656549,11.0,141.0,31.5,Male,2.0,24682.4,3.0,3.0
5570172,14.0,170.0,69.5,Female,2.0,18751.38,1.0,1.0
5870670,13.0,159.0,39.5,Male,2.0,437978.79,3.0,3.0
3251274,8.0,100.0,27.0,Female,2.0,69937.12,2.0,2.0
7922520,4.0,58.0,14.5,Unknown,2.0,15011.69,3.0,3.0
3272304,9.0,118.0,55.5,Female,2.0,47131.37,1.0,1.0
412075,6.0,80.0,21.0,Female,2.0,19350.41,3.0,3.0
9400019,5.0,68.0,18.5,Unknown,2.0,28579.75,2.0,2.0
1197336,12.0,148.0,59.0,Male,4.0,77124.41,4.0,4.0
9245434,12.0,151.0,32.0,Female,2.0,177283.86,3.0,3.0
1078436,6.0,72.0,40.0,Unknown,2.0,15497.55,6.0,6.0
9066186,16.0,192.0,26.5,Male,2.0,22442.42,3.0,3.0
7540824,7.0,89.0,41.0,Unknown,2.0,127429.86,2.0,2.0
1840391,9.0,115.0,68.0,Female,4.0,165690.65000000002,7.0,7.0
2252755,8.0,102.0,27.5,Male,3.0,252426.34000000003,7.0,7.0
1215042,34.0,409.0,60.5,Female,2.0,620069.77,7.0,7.0
4645729,10.0,125.0,28.0,Female,2.0,91234.67,6.0,6.0
8270059,13.0,166.0,53.0,Female,2.0,79400.0,4.0,4.0
9970452,13.0,167.0,62.5,Male,3.0,725934.11,4.0,4.0
8946199,6.0,82.0,42.5,Unknown,2.0,47512.27,5.0,5.0
434393,12.0,152.0,40.0,Female,3.0,129870.62,4.0,4.0
1996957,7.0,84.0,32.0,Unknown,2.0,76601.56,2.0,2.0
4042650,22.0,274.0,76.0,Male,3.0,397270.67,6.0,6.0
7601629,21.0,259.0,58.0,Unknown,3.0,120115.71,5.0,5.0
4848259,21.0,252.0,53.5,Male,4.0,141664.65,7.0,7.0
395127,20.0,242.0,60.5,Male,2.0,53871.52,7.0,7.0
2130,19.0,231.0,63.5,Male,2.0,55392.34,4.0,4.0
3439674,5.0,62.0,57.5,Male,2.0,48296.49,5.0,5.0
8500659,12.0,152.0,51.0,Male,2.0,31596.71,6.0,6.0
8386564,27.0,333.0,64.0,Male,3.0,579377.38,2.0,2.0
9513738,14.0,178.0,55.0,Unknown,2.0,17249.809999999998,3.0,3.0
805185,15.0,182.0,53.0,Female,2.0,284259.34,7.0,7.0
8433016,15.0,190.0,65.5,Male,2.0,122202.05,1.0,1.0
6274606,15.0,180.0,31.0,Male,3.0,341247.54,7.0,7.0
1530055,4.0,58.0,52.5,Unknown,2.0,34130.39,7.0,7.0
2286602,13.0,157.0,34.0,Unknown,3.0,97854.61,1.0,1.0
7770942,15.0,187.0,65.0,Male,2.0,132773.06,7.0,7.0
5908613,32.0,391.0,76.0,Female,4.0,710741.27,2.0,2.0
8651987,12.0,155.0,62.5,Female,2.0,132266.94,7.0,7.0
8513847,7.0,94.0,19.5,Unknown,2.0,24545.59,7.0,7.0
3150033,21.0,255.0,47.0,Male,2.0,146869.64,5.0,5.0
888578,13.0,167.0,34.0,Unknown,2.0,96550.21,1.0,1.0
7661569,7.0,95.0,57.5,Unknown,2.0,287813.68,3.0,3.0
6302108,15.0,191.0,25.5,Female,2.0,16096.37,7.0,7.0
4663452,13.0,162.0,68.5,Male,2.0,121432.16,1.0,1.0
9670797,10.0,131.0,48.0,Male,2.0,111246.62,5.0,5.0
9643296,11.0,136.0,30.0,Female,3.0,178528.03999999998,4.0,4.0
8139001,9.0,119.0,56.5,Female,2.0,38083.89,6.0,6.0
1817250,4.0,57.0,52.5,Unknown,2.0,24547.92,5.0,5.0
4820766,8.0,98.0,25.5,Unknown,2.0,222428.5,2.0,2.0
8931325,13.0,160.0,49.0,Female,3.0,365961.67,6.0,6.0
6872633,4.0,57.0,63.5,Unknown,2.0,406652.49,6.0,6.0
4086443,35.0,420.0,56.5,Female,3.0,454025.31,5.0,5.0
9278953,9.0,109.0,64.5,Female,2.0,198226.85,5.0,5.0
7521220,20.0,244.0,46.5,Male,2.0,376926.21,5.0,5.0
7783532,4.0,59.0,15.5,Unknown,2.0,17375.039999999997,5.0,5.0
2996211,5.0,66.0,34.5,Unknown,3.0,35861.41,6.0,6.0
4996497,5.0,65.0,30.0,Unknown,2.0,37107.22,6.0,6.0
6741702,13.0,156.0,56.5,Male,2.0,174985.86,3.0,3.0
725337,24.0,295.0,34.5,Male,2.0,100676.42,3.0,3.0
7167080,23.0,278.0,71.0,Male,2.0,45302.89,3.0,3.0
4114254,14.0,168.0,53.5,Male,2.0,13937.769999999997,7.0,7.0
5980414,11.0,142.0,40.0,Male,2.0,444569.07,3.0,3.0
8992277,6.0,72.0,58.0,Female,2.0,515241.93000000005,1.0,1.0
5340575,13.0,161.0,44.5,Female,2.0,39776.85,1.0,1.0
4105580,7.0,85.0,21.0,Unknown,2.0,58113.28,6.0,6.0
4336816,11.0,141.0,49.5,Female,2.0,66095.92,6.0,6.0
3148793,4.0,57.0,28.5,Unknown,2.0,24210.54,5.0,5.0
8302916,15.0,190.0,41.5,Male,2.0,21521.7,3.0,3.0
3814838,6.0,72.0,20.5,Unknown,3.0,33520.259999999995,4.0,4.0
1289337,5.0,70.0,64.5,Male,2.0,148183.63,3.0,3.0
257370,14.0,173.0,60.0,Male,2.0,1716008.95,7.0,7.0
9866971,11.0,141.0,80.0,Male,2.0,23862.85,2.0,2.0
3738526,4.0,50.0,61.0,Unknown,2.0,80659.63,5.0,5.0
1834939,5.0,71.0,24.0,Unknown,3.0,32756.759999999995,5.0,5.0
8414665,7.0,94.0,58.5,Unknown,2.0,26506.72,1.0,1.0
7796450,5.0,60.0,20.0,Unknown,2.0,41879.75,7.0,7.0
9332315,10.0,124.0,67.0,Female,2.0,46663.31,5.0,5.0
2734328,5.0,71.0,43.5,Unknown,2.0,53726.93,1.0,1.0
1232261,29.0,354.0,55.0,Male,2.0,121889.4,1.0,1.0
6160683,23.0,277.0,17.0,Female,2.0,22780.61,2.0,2.0
4183731,20.0,244.0,19.5,Unknown,2.0,17401.98,7.0,7.0
7251458,7.0,93.0,26.5,Unknown,2.0,22361.9,7.0,7.0
1290636,4.0,58.0,60.0,Female,2.0,64703.94,3.0,3.0
8031284,6.0,83.0,34.5,Unknown,4.0,188428.91,3.0,3.0
8422230,5.0,70.0,22.5,Unknown,2.0,27332.96,3.0,3.0
20108,6.0,81.0,20.0,Unknown,3.0,91691.19,3.0,3.0
9495152,7.0,90.0,17.0,Unknown,3.0,76732.92,7.0,7.0
5330760,13.0,158.0,39.5,Male,2.0,16425.37,7.0,7.0
7827884,14.0,178.0,20.5,Female,2.0,17564.44,2.0,2.0
4548234,12.0,148.0,31.0,Male,2.0,70318.98,3.0,3.0
8118079,14.0,179.0,50.0,Male,2.0,102136.34,7.0,7.0
1530379,7.0,84.0,63.5,Unknown,2.0,15043.769999999997,7.0,7.0
8603811,33.0,401.0,66.5,Female,2.0,70521.33,2.0,2.0
5421613,38.0,466.0,56.5,Unknown,2.0,1256580.27,5.0,5.0
3025737,5.0,64.0,24.5,Unknown,2.0,18013.17,1.0,1.0
7173223,5.0,69.0,54.0,Unknown,2.0,54191.37,6.0,6.0
1121428,6.0,75.0,28.5,Unknown,3.0,162567.46999999997,7.0,7.0
2884017,30.0,365.0,23.0,Female,2.0,51200.12,3.0,3.0
6958655,12.0,144.0,67.5,Male,2.0,162187.84000000003,4.0,4.0
4884215,12.0,144.0,27.0,Female,2.0,73966.98999999999,1.0,1.0
2386858,6.0,82.0,63.5,Unknown,2.0,52802.72,5.0,5.0
9757363,7.0,86.0,52.0,Unknown,2.0,18488.76,2.0,2.0
412092,13.0,156.0,59.0,Male,2.0,89630.26,7.0,7.0
5173380,21.0,253.0,49.5,Female,3.0,336667.74,7.0,7.0
8708949,18.0,224.0,56.0,Male,2.0,41674.13,3.0,3.0
4385464,6.0,74.0,26.0,Unknown,2.0,18794.19,6.0,6.0
8993362,8.0,105.0,35.0,Male,2.0,24286.98,2.0,2.0
6866813,5.0,65.0,17.5,Male,2.0,15092.219999999998,1.0,1.0
8559713,8.0,98.0,47.0,Unknown,3.0,71942.01999999999,4.0,4.0
3326743,12.0,145.0,46.5,Female,2.0,36271.62,2.0,2.0
972381,12.0,154.0,36.0,Male,3.0,264271.6,4.0,4.0
4422328,6.0,82.0,56.0,Unknown,2.0,364881.14,6.0,6.0
6847873,10.0,121.0,24.5,Male,2.0,22053.4,4.0,4.0
7779142,6.0,75.0,53.0,Unknown,3.0,220444.67,6.0,6.0
7369230,16.0,196.0,23.0,Male,2.0,38408.27,2.0,2.0
1135216,6.0,82.0,26.5,Unknown,2.0,57097.59,3.0,3.0
439452,4.0,58.0,42.5,Unknown,2.0,35152.23,1.0,1.0
9939987,7.0,85.0,38.0,Unknown,2.0,20453.11,4.0,4.0
1103405,8.0,107.0,23.5,Female,2.0,366393.3,7.0,7.0
4382733,4.0,59.0,30.5,Unknown,2.0,19610.12,7.0,7.0
7486503,20.0,244.0,21.0,Female,4.0,78759.53,6.0,6.0
29716,18.0,218.0,56.5,Female,3.0,322247.44,7.0,7.0
7682518,4.0,58.0,23.5,Unknown,2.0,38901.92999999999,7.0,7.0
2727983,5.0,70.0,54.0,Unknown,2.0,19392.89,5.0,5.0
4698982,13.0,156.0,30.0,Unknown,2.0,33613.78999999999,1.0,1.0
7033730,6.0,80.0,46.0,Unknown,2.0,19223.56,1.0,1.0
2120421,12.0,154.0,62.0,Female,2.0,23634.71,1.0,1.0
6308316,5.0,62.0,50.0,Female,2.0,157298.08000000002,4.0,4.0
2035632,11.0,141.0,47.0,Male,2.0,363369.66,7.0,7.0
9740788,8.0,101.0,54.0,Unknown,2.0,275930.76,6.0,6.0
3149872,14.0,168.0,56.5,Male,2.0,143392.66,4.0,4.0
8758901,6.0,80.0,57.5,Unknown,2.0,330070.64,4.0,4.0
3400213,10.0,123.0,24.5,Male,2.0,64391.66,7.0,7.0
77391,11.0,132.0,60.0,Male,2.0,17944.46,7.0,7.0
4299606,4.0,56.0,14.5,Unknown,2.0,15055.25,7.0,7.0
6107490,4.0,58.0,52.0,Unknown,2.0,22580.44,3.0,3.0
2617995,14.0,177.0,25.0,Female,2.0,28340.88,2.0,2.0
577852,7.0,90.0,24.0,Unknown,2.0,45880.07,7.0,7.0
7431260,15.0,189.0,60.5,Male,2.0,33072.17999999999,1.0,1.0
6881841,13.0,159.0,29.0,Male,3.0,167765.82,7.0,7.0
3159743,8.0,103.0,24.0,Unknown,2.0,19324.79,1.0,1.0
484586,5.0,64.0,43.0,Unknown,2.0,44852.99,4.0,4.0
8879236,15.0,187.0,50.5,Male,2.0,73489.59,7.0,7.0
3792889,14.0,177.0,40.0,Female,2.0,73513.91,1.0,2.0
5414063,22.0,275.0,47.0,Male,2.0,87855.18,3.0,3.0
2622455,22.0,267.0,62.0,Male,2.0,94452.98,2.0,2.0
8499995,21.0,259.0,52.0,Male,2.0,208489.79,1.0,1.0
7867181,18.0,217.0,39.0,Unknown,3.0,253395.85,4.0,4.0
6788086,6.0,83.0,55.0,Unknown,2.0,69903.04999999999,1.0,1.0
6910468,6.0,83.0,24.5,Unknown,2.0,54611.8,7.0,7.0
8702815,6.0,82.0,44.5,Unknown,3.0,33858.23,5.0,5.0
259474,28.0,337.0,30.5,Unknown,2.0,30089.63,3.0,3.0
5827803,8.0,106.0,41.5,Female,2.0,71052.12,4.0,4.0
8903488,30.0,365.0,63.5,Male,3.0,969312.47,7.0,7.0
7579593,6.0,78.0,35.0,Unknown,3.0,43242.28,3.0,3.0
9139601,6.0,78.0,22.0,Unknown,2.0,18684.89,7.0,7.0
2718654,15.0,191.0,49.5,Male,2.0,21015.0,1.0,1.0
4481131,2.0,33.0,76.0,Unknown,2.0,35427.7,4.0,4.0
3354788,6.0,81.0,23.0,Unknown,2.0,50622.66,7.0,7.0
7451411,5.0,65.0,24.0,Unknown,3.0,83458.54,7.0,7.0
5548917,6.0,78.0,21.0,Unknown,2.0,24341.0,7.0,7.0
4011664,16.0,192.0,34.0,Male,2.0,113100.57,6.0,6.0
1540819,11.0,141.0,61.5,Male,2.0,23910.55,6.0,6.0
4164130,7.0,87.0,52.5,Unknown,2.0,156301.93,3.0,3.0
6381902,16.0,193.0,68.0,Female,2.0,62103.25,1.0,1.0
1045585,9.0,119.0,45.5,Female,2.0,36725.78999999999,1.0,1.0
5278620,16.0,192.0,20.0,Female,3.0,16427.449999999997,4.0,4.0
3467249,14.0,178.0,55.0,Male,2.0,29026.59,1.0,1.0
8428947,11.0,138.0,56.5,Male,2.0,24309.93,4.0,4.0
9045095,16.0,201.0,53.0,Female,2.0,24067.119999999995,7.0,7.0
1766088,8.0,98.0,25.0,Unknown,2.0,15307.929999999997,3.0,3.0
9944523,30.0,363.0,53.5,Female,4.0,203292.33,7.0,7.0
4127622,6.0,76.0,64.0,Female,2.0,103405.71,1.0,1.0
4628513,4.0,57.0,63.0,Unknown,2.0,65250.25,5.0,5.0
7801774,4.0,50.0,23.0,Unknown,2.0,23605.71,2.0,2.0
7054676,15.0,189.0,68.0,Male,2.0,24911.869999999995,5.0,5.0
499561,10.0,128.0,26.0,Female,2.0,44888.58,4.0,4.0
4613145,10.0,120.0,57.5,Male,2.0,119372.84,4.0,4.0
6802321,6.0,81.0,20.0,Unknown,3.0,17997.07,1.0,1.0
6110023,24.0,289.0,19.0,Female,2.0,29024.71,5.0,5.0
9160969,18.0,220.0,56.0,Female,2.0,127102.64,2.0,2.0
6561540,9.0,110.0,40.5,Male,2.0,24811.56,1.0,1.0
7511399,34.0,417.0,72.0,Male,3.0,35068.509999999995,7.0,7.0
7371674,6.0,78.0,73.0,Unknown,2.0,200391.94,3.0,3.0
7885028,4.0,58.0,57.5,Unknown,2.0,21245.01,1.0,1.0
4783865,8.0,99.0,41.0,Unknown,2.0,18792.6,1.0,1.0
9288251,12.0,147.0,53.0,Female,2.0,262628.31,7.0,7.0
8188314,15.0,183.0,40.5,Male,2.0,87099.25,1.0,1.0
4354167,7.0,95.0,69.5,Unknown,2.0,165536.77999999997,7.0,7.0
7781100,21.0,253.0,62.5,Male,2.0,124528.5,7.0,7.0
8619571,16.0,192.0,42.0,Male,2.0,125854.18,2.0,2.0
8109877,5.0,65.0,24.5,Unknown,3.0,70185.73999999999,6.0,6.0
2500939,8.0,102.0,56.5,Unknown,2.0,230387.03,6.0,6.0
272519,21.0,261.0,42.5,Unknown,2.0,85056.31,7.0,7.0
5736168,21.0,253.0,51.5,Unknown,3.0,74320.16,6.0,6.0
176044,20.0,245.0,68.5,Female,2.0,85821.06,6.0,6.0
7496617,16.0,201.0,63.0,Male,3.0,129070.68,1.0,4.0
7947974,27.0,334.0,59.5,Male,3.0,1163620.49,7.0,7.0
2171018,5.0,65.0,55.0,Unknown,2.0,50450.9,3.0,3.0
7376696,6.0,79.0,30.5,Unknown,2.0,137881.57,7.0,7.0
5244515,12.0,145.0,47.0,Male,3.0,77353.59,6.0,6.0
9869173,35.0,430.0,78.5,Female,2.0,186182.18,1.0,1.0
1378392,4.0,58.0,17.5,Unknown,2.0,17594.769999999997,2.0,2.0
3885785,21.0,253.0,43.5,Male,2.0,20634.03,7.0,7.0
2512061,4.0,48.0,20.0,Unknown,2.0,25472.93,2.0,2.0
3390418,13.0,160.0,32.5,Female,2.0,112814.68,1.0,1.0
6540951,15.0,189.0,64.5,Male,2.0,498518.18,3.0,3.0
975548,4.0,58.0,27.5,Unknown,2.0,28236.24,4.0,4.0
4768225,15.0,189.0,56.0,Male,2.0,41332.78999999999,1.0,1.0
1938979,8.0,100.0,55.0,Unknown,2.0,95080.33,6.0,7.0
7712712,6.0,74.0,41.5,Unknown,2.0,48370.02,3.0,3.0
961633,8.0,96.0,33.5,Male,3.0,104294.7,3.0,3.0
1704093,9.0,113.0,60.5,Male,3.0,107468.63,5.0,5.0
6177704,4.0,55.0,54.5,Unknown,2.0,82469.4,1.0,1.0
6116551,11.0,136.0,46.5,Male,2.0,31830.910000000003,2.0,2.0
8523808,15.0,182.0,52.5,Male,2.0,75001.07,7.0,7.0
8370834,7.0,87.0,22.5,Male,2.0,21127.92,7.0,7.0
6427377,4.0,58.0,26.5,Unknown,2.0,27863.74,7.0,7.0
755595,12.0,147.0,35.5,Female,3.0,31615.42,7.0,7.0
2337860,6.0,73.0,24.0,Unknown,2.0,21682.11,4.0,4.0
6814028,16.0,203.0,37.5,Male,2.0,110130.18,1.0,1.0
4191494,15.0,184.0,69.0,Male,2.0,93734.18,7.0,7.0
4893474,5.0,71.0,28.0,Unknown,2.0,26681.07,5.0,5.0
2471405,9.0,110.0,54.5,Female,3.0,156261.91999999998,7.0,7.0
2084442,7.0,84.0,45.0,Male,2.0,15346.879999999996,2.0,2.0
4681990,9.0,109.0,48.5,Male,2.0,21770.63,2.0,2.0
8337907,9.0,119.0,63.5,Female,2.0,20041.79,3.0,3.0
1898674,7.0,94.0,23.5,Unknown,2.0,76131.29999999999,3.0,3.0
244617,4.0,58.0,48.0,Unknown,2.0,21087.24,4.0,4.0
9359678,15.0,186.0,44.0,Female,2.0,922719.95,3.0,3.0
1515809,6.0,82.0,17.0,Unknown,2.0,30797.25,4.0,4.0
2242477,3.0,47.0,49.5,Female,4.0,59576.64,7.0,7.0
1402119,6.0,78.0,55.0,Unknown,3.0,137866.99,5.0,5.0
5485551,6.0,82.0,26.5,Unknown,3.0,28639.78,1.0,1.0
3963163,13.0,167.0,29.0,Male,2.0,136059.84,7.0,7.0
4271564,24.0,289.0,39.5,Male,2.0,183352.54,5.0,5.0
7000590,21.0,258.0,30.0,Male,2.0,22117.01,7.0,7.0
2885818,26.0,314.0,44.0,Male,2.0,26785.43,1.0,1.0
448857,8.0,107.0,30.0,Unknown,3.0,89436.0,2.0,2.0
8219032,15.0,190.0,25.5,Male,2.0,71564.4,7.0,7.0
7274256,11.0,136.0,42.0,Male,2.0,51694.52,1.0,1.0
8141488,12.0,147.0,55.0,Unknown,2.0,63564.380000000005,3.0,3.0
3989734,14.0,175.0,60.0,Female,2.0,152783.49,5.0,5.0
1174873,6.0,83.0,28.5,Unknown,2.0,50476.53,3.0,3.0
2912329,4.0,58.0,36.5,Unknown,2.0,23741.19,5.0,5.0
9307114,11.0,136.0,38.5,Female,3.0,131165.28999999998,3.0,3.0
2370567,15.0,189.0,69.5,Female,2.0,164694.24,4.0,4.0
8463616,5.0,68.0,34.0,Unknown,2.0,35828.17,7.0,7.0
9971275,8.0,96.0,46.5,Unknown,2.0,68101.68,1.0,1.0
2146950,17.0,209.0,49.0,Female,2.0,90930.69,7.0,7.0
6013509,12.0,145.0,34.0,Male,2.0,97499.31,6.0,6.0
8911263,13.0,166.0,32.5,Female,2.0,130620.95,1.0,1.0
4485060,9.0,119.0,27.0,Female,2.0,56605.06,1.0,1.0
7500155,12.0,145.0,53.0,Female,2.0,18943.08,2.0,2.0
7305245,4.0,58.0,45.0,Unknown,3.0,32605.32,2.0,2.0
2796873,14.0,175.0,35.5,Female,2.0,61234.87,6.0,6.0
522016,7.0,94.0,34.5,Unknown,2.0,19252.77,2.0,2.0
2323744,4.0,59.0,39.0,Unknown,3.0,33940.72,5.0,5.0
7227443,13.0,166.0,51.0,Female,2.0,33701.649999999994,1.0,1.0
2327789,9.0,110.0,24.5,Male,2.0,22766.54,4.0,4.0
3046079,16.0,198.0,51.0,Male,2.0,86750.26,1.0,1.0
496416,15.0,191.0,27.5,Female,2.0,70642.84,2.0,2.0
660843,10.0,121.0,55.5,Male,2.0,77552.38,7.0,7.0
2769510,7.0,89.0,26.0,Unknown,4.0,53319.43,7.0,7.0
2177210,7.0,95.0,69.0,Unknown,2.0,54154.29,2.0,3.0
3254243,10.0,130.0,52.0,Female,2.0,33610.96,1.0,1.0
7809031,21.0,259.0,55.0,Female,3.0,182300.92,7.0,7.0
7504359,21.0,252.0,69.0,Male,2.0,39705.53999999999,6.0,6.0
2005457,16.0,194.0,57.5,Female,2.0,121602.66999999998,6.0,6.0
3124385,8.0,107.0,44.5,Female,2.0,38119.01,4.0,4.0
8121547,8.0,102.0,26.0,Unknown,2.0,49818.24,7.0,7.0
7035460,15.0,190.0,62.0,Male,3.0,65079.130000000005,6.0,6.0
7396208,17.0,204.0,71.0,Female,2.0,13921.839999999997,7.0,7.0
1487927,9.0,111.0,58.0,Female,2.0,63378.66,4.0,4.0
3420708,5.0,70.0,26.5,Unknown,3.0,41543.48,1.0,1.0
9129723,4.0,59.0,17.5,Unknown,2.0,15071.55,2.0,2.0
802986,12.0,147.0,33.0,Female,2.0,76173.06,7.0,7.0
8194866,10.0,131.0,35.0,Female,3.0,297840.5,3.0,3.0
3874325,15.0,186.0,47.0,Female,4.0,53624.49,6.0,6.0
2888159,12.0,144.0,30.0,Female,2.0,44877.84,6.0,6.0
6528231,9.0,115.0,36.0,Male,2.0,207422.43,4.0,4.0
4391533,7.0,87.0,31.5,Unknown,2.0,195711.9,3.0,3.0
5363913,24.0,299.0,59.5,Female,3.0,90626.04,3.0,3.0
5842524,20.0,250.0,35.5,Male,3.0,122987.16,7.0,7.0
7860280,19.0,229.0,50.0,Female,3.0,185828.43,6.0,6.0
2711436,17.0,214.0,34.0,Male,2.0,53668.57,6.0,6.0
5391623,7.0,87.0,19.5,Unknown,2.0,48920.6,4.0,4.0
8441443,4.0,58.0,21.0,Unknown,2.0,27457.05,1.0,1.0
4936161,18.0,218.0,50.5,Male,2.0,16746.339999999997,4.0,4.0
7863121,14.0,174.0,64.5,Female,3.0,1271768.6,4.0,4.0
6508814,6.0,83.0,32.5,Unknown,3.0,38139.09,2.0,2.0
1060836,14.0,168.0,51.5,Female,2.0,39578.96,4.0,4.0
5836355,4.0,58.0,31.0,Unknown,2.0,23520.92,4.0,4.0
6793464,6.0,80.0,65.5,Unknown,2.0,27107.59,2.0,2.0
2681668,15.0,184.0,35.0,Female,2.0,46385.67999999999,2.0,2.0
5391375,4.0,58.0,21.0,Unknown,2.0,22829.57,6.0,6.0
131784,10.0,124.0,43.5,Female,2.0,47320.45,6.0,6.0
3168458,35.0,431.0,74.0,Male,3.0,544154.03,5.0,5.0
9450311,6.0,73.0,49.5,Unknown,2.0,21575.08,4.0,4.0
3580046,10.0,128.0,51.5,Female,4.0,233922.97,5.0,5.0
6341350,14.0,178.0,44.0,Male,2.0,64960.23,6.0,6.0
2028129,10.0,121.0,24.5,Female,5.0,241404.54,7.0,7.0
6186155,19.0,239.0,75.5,Male,3.0,2820617.36,5.0,5.0
9838946,6.0,72.0,25.5,Unknown,2.0,30500.69,7.0,7.0
8327692,14.0,178.0,43.5,Male,2.0,83566.54,1.0,1.0
2230359,11.0,135.0,23.5,Male,2.0,21108.64,1.0,1.0
8184483,11.0,143.0,29.5,Female,2.0,41760.49,6.0,6.0
9785779,8.0,97.0,26.5,Unknown,2.0,25964.74,7.0,7.0
683084,12.0,147.0,35.5,Female,3.0,80261.45999999999,3.0,3.0
88880,9.0,108.0,19.5,Unknown,2.0,58278.7,4.0,4.0
4085446,6.0,83.0,41.0,Unknown,3.0,24748.31,2.0,2.0
1874571,8.0,106.0,33.0,Male,2.0,60132.59,2.0,2.0
6080879,13.0,158.0,31.5,Male,2.0,21917.15,1.0,1.0
3184528,5.0,70.0,25.0,Unknown,2.0,24572.94,1.0,1.0
1619392,7.0,84.0,26.0,Unknown,2.0,16864.05,7.0,7.0
3825108,14.0,177.0,65.5,Female,2.0,116952.71,1.0,3.0
1719469,15.0,181.0,25.0,Female,3.0,62551.51,6.0,6.0
2320921,4.0,58.0,40.5,Unknown,3.0,50801.77,5.0,5.0
65146,11.0,136.0,58.5,Female,2.0,271947.39,3.0,3.0
289042,5.0,71.0,64.0,Female,2.0,136207.34999999998,3.0,3.0
4107864,16.0,192.0,51.5,Female,2.0,74552.31,1.0,1.0
1075300,10.0,123.0,38.5,Female,2.0,69956.37,6.0,6.0
8480794,5.0,64.0,74.5,Unknown,2.0,94696.37,3.0,3.0
5923230,24.0,296.0,23.5,Male,2.0,59124.51,7.0,7.0
7512436,23.0,284.0,20.0,Unknown,2.0,94520.19,4.0,4.0
4128254,48.0,576.0,44.5,Male,4.0,1084066.72,7.0,7.0
6974618,5.0,70.0,60.0,Unknown,3.0,36454.56,4.0,4.0
4256073,9.0,116.0,50.5,Female,3.0,29117.36,7.0,7.0
1568911,3.0,42.0,23.0,Female,3.0,28803.75,7.0,7.0
9606647,5.0,60.0,26.5,Unknown,3.0,43070.92,7.0,7.0
2605346,4.0,53.0,24.5,Unknown,2.0,21195.59,3.0,3.0
5356604,4.0,58.0,35.5,Unknown,2.0,21365.71,1.0,1.0
9027653,6.0,77.0,49.5,Unknown,2.0,101211.92,5.0,5.0
1573026,14.0,179.0,30.5,Male,2.0,50047.55,1.0,1.0
6649252,12.0,144.0,45.5,Female,3.0,538415.01,4.0,4.0
4925371,10.0,130.0,60.5,Female,2.0,130141.09999999998,6.0,6.0
8673913,4.0,56.0,67.5,Unknown,3.0,1037408.5,7.0,7.0
5283724,18.0,220.0,50.0,Male,2.0,551654.3400000001,5.0,5.0
6986275,15.0,189.0,43.0,Male,2.0,15264.32,6.0,6.0
6714563,14.0,175.0,58.5,Male,2.0,354252.59,2.0,2.0
4410702,10.0,127.0,47.5,Male,2.0,17771.01,2.0,2.0
7678493,6.0,83.0,24.0,Unknown,3.0,24656.36,7.0,7.0
2981550,13.0,167.0,46.5,Female,2.0,17135.239999999998,1.0,1.0
3831319,24.0,292.0,70.5,Male,3.0,1168027.8099999998,6.0,6.0
4443839,23.0,277.0,56.5,Female,2.0,71984.44,2.0,2.0
9062227,21.0,252.0,58.0,Male,2.0,501308.7,5.0,5.0
6128137,19.0,236.0,61.0,Female,3.0,105366.58,3.0,3.0
9618541,5.0,67.0,62.5,Unknown,2.0,22973.77,7.0,7.0
9844106,4.0,58.0,18.5,Unknown,2.0,35541.1,7.0,7.0
857740,21.0,252.0,29.0,Female,3.0,146975.65000000002,1.0,1.0
9860728,24.0,298.0,71.5,Female,2.0,248394.25,2.0,2.0
6820378,35.0,420.0,55.0,Male,3.0,703866.49,5.0,5.0
6290974,20.0,250.0,34.0,Female,2.0,41543.07,1.0,1.0
4726503,14.0,178.0,57.0,Male,2.0,57348.0,2.0,2.0
7483250,13.0,167.0,25.5,Female,2.0,24681.58,5.0,5.0
3749789,10.0,129.0,55.0,Female,2.0,44767.9,4.0,4.0
4382983,4.0,57.0,20.0,Unknown,2.0,21043.56,2.0,2.0
8358146,5.0,71.0,50.0,Unknown,2.0,31988.800000000003,3.0,3.0
985589,14.0,177.0,66.5,Female,2.0,35596.369999999995,7.0,7.0
106157,16.0,192.0,25.5,Female,2.0,60483.19,5.0,5.0
8215018,17.0,204.0,49.5,Male,3.0,74894.44,4.0,4.0
2164226,13.0,156.0,41.0,Male,2.0,141493.76,3.0,3.0
1283669,7.0,90.0,22.0,Unknown,2.0,23383.56,6.0,6.0
4109046,6.0,74.0,22.5,Male,2.0,39722.03999999999,7.0,7.0
7186548,3.0,46.0,20.5,Unknown,2.0,20632.26,1.0,1.0
4100037,23.0,276.0,48.5,Female,2.0,32019.99,7.0,7.0
3723876,4.0,57.0,49.0,Unknown,2.0,61945.73999999999,7.0,7.0
6482075,13.0,164.0,58.5,Male,2.0,39724.6,6.0,6.0
4912724,9.0,118.0,26.5,Male,2.0,96717.14,4.0,4.0
3174946,8.0,106.0,60.5,Female,2.0,36029.31,6.0,6.0
9218393,19.0,230.0,55.0,Male,2.0,13861.05,3.0,3.0
6027009,8.0,107.0,20.0,Male,2.0,43327.84,5.0,5.0
1474883,15.0,190.0,44.0,Female,2.0,147968.15999999997,7.0,7.0
179176,6.0,72.0,49.0,Unknown,2.0,192936.57,1.0,1.0
2089149,9.0,108.0,20.0,Male,2.0,54884.53,3.0,3.0
4397334,7.0,85.0,33.0,Unknown,2.0,59248.23999999999,4.0,4.0
1662046,22.0,275.0,46.5,Male,2.0,13914.759999999998,1.0,1.0
7843725,22.0,274.0,43.5,Male,2.0,67747.41,5.0,5.0
8785733,21.0,258.0,56.5,Unknown,2.0,29847.259999999995,7.0,7.0
3688119,11.0,143.0,34.0,Female,3.0,38565.19,3.0,3.0
8153091,14.0,168.0,70.5,Female,2.0,25333.91,4.0,4.0
873322,16.0,198.0,45.5,Male,2.0,29033.86,6.0,6.0
2960405,10.0,120.0,21.0,Female,2.0,54748.33,4.0,4.0
7803995,5.0,65.0,25.5,Unknown,4.0,167245.71000000002,7.0,7.0
8711784,10.0,130.0,35.5,Female,2.0,16391.26,1.0,1.0
7285045,4.0,59.0,31.5,Unknown,2.0,190811.58,6.0,6.0
3469406,15.0,186.0,33.5,Male,2.0,201431.72,2.0,2.0
9882425,9.0,113.0,51.0,Female,3.0,53160.15,5.0,5.0
7563139,4.0,58.0,28.0,Unknown,2.0,21459.5,6.0,6.0
4150465,12.0,148.0,29.0,Male,2.0,57256.26,3.0,3.0
5679356,27.0,325.0,22.0,Female,2.0,123848.76,3.0,3.0
3034693,5.0,67.0,41.0,Unknown,2.0,23082.259999999995,2.0,2.0
5519256,5.0,61.0,17.5,Male,3.0,49873.42,5.0,5.0
1086048,21.0,263.0,49.5,Male,3.0,79790.31999999999,6.0,6.0
9978333,19.0,233.0,30.5,Male,2.0,39695.15,4.0,4.0
2937869,7.0,94.0,55.5,Unknown,2.0,24756.92,3.0,3.0
7741380,3.0,42.0,51.5,Unknown,2.0,65759.33,3.0,3.0
1872346,8.0,101.0,52.0,Male,3.0,342288.52,7.0,7.0
2932615,12.0,145.0,48.0,Male,2.0,67584.35,6.0,6.0
4182085,5.0,61.0,20.5,Male,3.0,58155.04999999999,7.0,7.0
8052717,16.0,196.0,70.5,Female,2.0,33722.5,2.0,2.0
5614979,8.0,99.0,50.5,Unknown,2.0,118432.39,4.0,4.0
9580863,12.0,153.0,48.0,Male,3.0,1157870.0,7.0,7.0
6104643,8.0,103.0,37.5,Unknown,2.0,60230.73,7.0,7.0
5761611,5.0,60.0,24.0,Unknown,2.0,18832.78,2.0,2.0
4301635,25.0,310.0,54.5,Male,2.0,41168.97,1.0,1.0
9002863,12.0,153.0,33.5,Female,2.0,31256.63,2.0,2.0
8192379,17.0,205.0,42.5,Male,2.0,174170.34999999998,7.0,7.0
4212517,22.0,271.0,51.5,Female,2.0,17225.909999999996,2.0,2.0
1561693,18.0,227.0,37.0,Female,3.0,78122.01,3.0,3.0
7844692,18.0,220.0,28.5,Male,3.0,99222.53,7.0,7.0
8660649,18.0,218.0,40.5,Female,3.0,199565.03,6.0,6.0
9450250,15.0,182.0,23.5,Female,2.0,30195.21,4.0,4.0
7039388,32.0,385.0,54.0,Male,2.0,428875.49,6.0,6.0
8005782,10.0,120.0,40.0,Male,3.0,428916.16,2.0,2.0
4406526,8.0,103.0,28.5,Unknown,2.0,70691.89,7.0,7.0
160786,11.0,134.0,25.5,Male,2.0,25590.03,1.0,1.0
8658124,15.0,185.0,37.5,Male,4.0,321857.02,2.0,2.0
903436,6.0,76.0,18.0,Unknown,2.0,20170.33,7.0,7.0
1613418,5.0,60.0,83.0,Unknown,2.0,120597.32,3.0,3.0
2514469,4.0,58.0,16.5,Unknown,2.0,35432.66,4.0,4.0
2458330,6.0,74.0,15.5,Male,2.0,30742.67,2.0,2.0
3978257,15.0,183.0,25.5,Male,3.0,297176.97,6.0,6.0
6769959,8.0,107.0,27.5,Male,2.0,20365.05,4.0,4.0
316976,9.0,118.0,33.0,Female,5.0,116333.4,4.0,4.0
559244,21.0,255.0,69.0,Unknown,2.0,33112.73,2.0,2.0
2138744,20.0,245.0,38.5,Male,3.0,37978.94,7.0,7.0
2771910,19.0,231.0,61.5,Female,4.0,229858.87,3.0,3.0
4960213,7.0,94.0,44.5,Unknown,2.0,333307.25,5.0,5.0
2896300,9.0,118.0,56.0,Female,2.0,94129.11,6.0,6.0
7079975,5.0,67.0,31.0,Unknown,2.0,54565.58,7.0,7.0
1153011,13.0,166.0,63.0,Female,3.0,32483.33,6.0,6.0
9182657,6.0,80.0,51.0,Unknown,2.0,96318.83,4.0,4.0
2363119,9.0,118.0,43.5,Female,2.0,25924.45,3.0,3.0
3714840,5.0,63.0,41.5,Unknown,2.0,40451.45,4.0,4.0
4751003,15.0,189.0,53.5,Male,2.0,26960.57,6.0,6.0
1942594,8.0,101.0,43.5,Unknown,2.0,53587.05,7.0,7.0
819966,5.0,70.0,62.5,Unknown,2.0,16383.809999999998,3.0,3.0
9864924,10.0,130.0,59.0,Male,2.0,111201.65,2.0,2.0
2442727,5.0,69.0,19.5,Female,3.0,33210.22,6.0,6.0
8871287,15.0,191.0,21.5,Unknown,3.0,28498.08,5.0,5.0
5584042,15.0,191.0,50.5,Female,2.0,95552.82,4.0,4.0
1056980,5.0,69.0,60.0,Unknown,2.0,337703.65,7.0,7.0
5290102,15.0,188.0,53.0,Male,2.0,16742.94,1.0,1.0
3162303,10.0,125.0,42.0,Female,2.0,71756.19,2.0,2.0
8097198,21.0,253.0,48.0,Unknown,3.0,195931.6,7.0,7.0
9319965,11.0,143.0,29.5,Female,2.0,100492.86,4.0,4.0
1829719,13.0,156.0,33.0,Female,2.0,342450.27,3.0,3.0
3718178,22.0,274.0,56.5,Female,3.0,493318.01,4.0,4.0
4576299,19.0,230.0,19.0,Female,3.0,321645.73,1.0,1.0
6516909,3.0,42.0,75.5,Unknown,2.0,127327.03999999998,4.0,4.0
8262039,4.0,59.0,24.0,Unknown,2.0,18992.87,2.0,2.0
4674387,28.0,340.0,46.5,Male,3.0,82317.26,5.0,5.0
7231496,14.0,175.0,59.0,Male,2.0,21136.08,1.0,1.0
9014017,6.0,81.0,63.5,Unknown,2.0,20622.53,1.0,1.0
5527220,6.0,80.0,47.5,Unknown,2.0,72135.87,7.0,7.0
7998113,18.0,218.0,50.0,Male,2.0,158037.71000000002,2.0,2.0
8028268,6.0,74.0,43.0,Unknown,3.0,105467.94,7.0,7.0
3806837,14.0,172.0,34.0,Female,2.0,66309.9,2.0,2.0
4050414,10.0,125.0,30.5,Female,3.0,42491.03999999999,7.0,7.0
907675,10.0,126.0,24.5,Male,2.0,20431.42,7.0,7.0
24586,6.0,76.0,42.0,Unknown,2.0,95080.45,7.0,7.0
8362002,11.0,142.0,27.0,Female,3.0,18954.06,7.0,7.0
1847880,4.0,59.0,55.5,Unknown,2.0,38508.83,2.0,2.0
7363262,5.0,68.0,34.5,Male,2.0,130127.56,1.0,3.0
685028,26.0,316.0,17.5,Male,2.0,33647.72,4.0,4.0
5976173,5.0,66.0,21.0,Unknown,2.0,22902.759999999995,1.0,1.0
7059470,8.0,103.0,46.0,Unknown,2.0,52864.54,3.0,3.0
2939814,6.0,82.0,46.0,Unknown,2.0,30662.07,2.0,2.0
6901901,12.0,154.0,56.0,Male,2.0,15788.539999999995,1.0,1.0
7868163,7.0,95.0,62.5,Unknown,2.0,543255.79,3.0,3.0
7836137,15.0,185.0,25.0,Male,2.0,22826.03,2.0,2.0
4009960,8.0,101.0,62.0,Unknown,2.0,44967.99,5.0,5.0
499258,5.0,69.0,34.0,Male,2.0,29466.35,3.0,3.0
1220745,4.0,58.0,19.0,Unknown,3.0,42125.38,4.0,4.0
4219295,5.0,64.0,38.5,Female,2.0,20615.45,2.0,2.0
1179325,9.0,117.0,49.5,Female,2.0,91507.42,2.0,2.0
5280536,7.0,84.0,44.0,Unknown,2.0,205220.69,3.0,3.0
903290,7.0,85.0,60.5,Unknown,3.0,44068.45,3.0,3.0
1759310,14.0,173.0,39.5,Female,3.0,161766.5,3.0,3.0
3527685,22.0,264.0,59.5,Male,2.0,824253.2100000001,7.0,7.0
3185324,26.0,312.0,72.0,Female,2.0,115149.54,3.0,3.0
6052699,5.0,71.0,28.5,Unknown,2.0,22073.29,3.0,3.0
1442360,14.0,173.0,78.5,Female,2.0,35748.78999999999,5.0,5.0
1656682,15.0,186.0,25.5,Female,2.0,27804.72,7.0,7.0
7096871,13.0,165.0,31.0,Male,3.0,104714.83,5.0,5.0
8175699,5.0,67.0,32.0,Unknown,2.0,80668.34,6.0,6.0
2089278,5.0,68.0,41.5,Unknown,3.0,56550.03,7.0,7.0
2924191,6.0,81.0,62.5,Unknown,2.0,17072.57,4.0,4.0
7552274,27.0,327.0,58.5,Male,2.0,171146.09999999998,7.0,7.0
7744179,9.0,109.0,53.0,Female,2.0,15445.69,4.0,4.0
7773608,21.0,260.0,19.0,Female,2.0,32473.21,1.0,1.0
7410832,19.0,239.0,15.0,Male,4.0,111140.26,4.0,4.0
5962870,18.0,224.0,46.5,Female,2.0,106079.44,4.0,4.0
9277135,11.0,142.0,49.5,Male,2.0,54209.92,6.0,6.0
1301103,5.0,70.0,22.0,Unknown,2.0,18068.64,1.0,1.0
4995969,11.0,132.0,48.0,Unknown,2.0,93125.06,2.0,2.0
9753975,8.0,96.0,62.5,Female,3.0,274697.32,5.0,5.0
8470474,15.0,189.0,69.0,Female,2.0,43536.08,2.0,2.0
5442277,15.0,189.0,49.5,Male,2.0,329283.91,2.0,2.0
2904523,4.0,52.0,18.5,Unknown,2.0,15373.589999999997,2.0,2.0
2379467,8.0,98.0,70.0,Unknown,2.0,499918.31,7.0,7.0
2571760,9.0,115.0,36.5,Male,2.0,16839.53,5.0,5.0
6631202,6.0,73.0,34.0,Unknown,2.0,38655.05,3.0,3.0
4217708,13.0,165.0,55.5,Male,3.0,574258.05,3.0,3.0
4424776,8.0,105.0,80.5,Female,2.0,172974.09999999998,3.0,3.0
654536,16.0,192.0,33.0,Male,2.0,29321.16,6.0,6.0
3034005,11.0,132.0,26.0,Unknown,2.0,51480.32,6.0,6.0
7891013,25.0,309.0,46.5,Female,2.0,118006.68,7.0,7.0
265401,7.0,84.0,37.0,Unknown,2.0,42275.37,1.0,1.0
7611266,16.0,199.0,39.5,Female,2.0,232686.32,2.0,2.0
8586176,8.0,102.0,53.0,Male,2.0,48632.69,7.0,7.0
8068214,10.0,123.0,54.5,Female,2.0,48911.54,5.0,5.0
7318866,23.0,277.0,46.5,Female,2.0,164852.59000000003,6.0,6.0
5556349,23.0,282.0,46.0,Female,3.0,1051661.08,7.0,7.0
3087281,22.0,267.0,45.5,Female,2.0,33201.13,5.0,5.0
3735525,12.0,145.0,59.0,Female,3.0,332005.16,6.0,6.0
8174273,6.0,78.0,43.5,Unknown,2.0,21782.17,1.0,1.0
2020176,6.0,80.0,27.0,Unknown,2.0,25184.77,2.0,2.0
1838956,25.0,311.0,33.5,Male,3.0,231625.9,7.0,7.0
6371728,5.0,65.0,49.0,Unknown,2.0,17298.149999999998,4.0,5.0
2353604,29.0,357.0,58.0,Female,3.0,461054.52,3.0,3.0
8030959,30.0,370.0,73.5,Male,3.0,256465.43,6.0,6.0
430937,5.0,70.0,16.0,Unknown,2.0,20781.98,1.0,1.0
3356719,9.0,113.0,44.5,Male,2.0,198027.2,3.0,3.0
3488274,4.0,57.0,49.0,Unknown,2.0,59494.54000000001,5.0,5.0
9992739,35.0,423.0,54.5,Male,4.0,258537.93,5.0,5.0
4234768,16.0,195.0,63.0,Male,2.0,36394.63,2.0,2.0
9569796,6.0,76.0,45.5,Unknown,2.0,39348.92,4.0,4.0
1431000,23.0,280.0,47.5,Female,2.0,240200.59000000003,7.0,7.0
6013097,22.0,267.0,53.5,Female,2.0,89403.81,7.0,7.0
430304,20.0,250.0,72.5,Male,3.0,584483.9700000001,3.0,3.0
1359500,16.0,198.0,45.5,Female,3.0,167075.96999999997,1.0,1.0
8850255,5.0,68.0,35.5,Unknown,2.0,236715.77,7.0,7.0
3972038,5.0,60.0,20.5,Unknown,2.0,17332.219999999998,5.0,5.0
9150636,6.0,79.0,60.5,Unknown,2.0,33227.42,7.0,7.0
6299788,6.0,81.0,57.5,Unknown,2.0,20479.26,2.0,2.0
7590047,5.0,70.0,23.0,Unknown,3.0,65482.04999999999,4.0,4.0
7226626,7.0,94.0,31.0,Unknown,2.0,19537.25,7.0,7.0
101345,8.0,99.0,55.5,Unknown,2.0,189849.88,7.0,7.0
942584,5.0,61.0,24.0,Unknown,2.0,31834.0,3.0,3.0
2036511,14.0,175.0,45.0,Male,2.0,68449.1,6.0,6.0
7229610,5.0,60.0,19.0,Unknown,3.0,15253.87,4.0,4.0
5075371,5.0,66.0,20.5,Male,2.0,37905.33,3.0,3.0
3054903,16.0,192.0,74.5,Male,2.0,160173.95,1.0,1.0
4984673,5.0,60.0,31.5,Unknown,2.0,30792.06,2.0,2.0
1868997,25.0,301.0,35.5,Female,3.0,265853.7,7.0,7.0
3849971,23.0,276.0,50.5,Female,5.0,335430.65,7.0,7.0
6833430,12.0,155.0,67.0,Male,2.0,201431.4,3.0,3.0
9683222,6.0,74.0,23.5,Male,4.0,218140.45,7.0,7.0
9877031,11.0,142.0,28.5,Male,2.0,91682.41,4.0,4.0
1422269,26.0,323.0,20.0,Male,4.0,83390.34,5.0,5.0
1674384,12.0,150.0,36.0,Female,2.0,27269.42,2.0,2.0
8918901,5.0,60.0,69.5,Unknown,3.0,86011.05,4.0,4.0
5896757,12.0,146.0,47.0,Female,2.0,58841.29999999999,6.0,6.0
6863568,8.0,107.0,56.0,Male,2.0,66751.26999999999,2.0,2.0
8726714,6.0,77.0,20.0,Unknown,2.0,51411.87,3.0,3.0
8506687,4.0,59.0,30.5,Unknown,2.0,29980.21,4.0,4.0
7512901,6.0,82.0,22.0,Male,2.0,47675.83,2.0,2.0
4130440,29.0,348.0,61.0,Female,2.0,491226.34,3.0,3.0
572464,11.0,136.0,28.0,Male,3.0,155584.08000000002,6.0,6.0
4148850,15.0,190.0,30.0,Female,3.0,75786.29000000001,3.0,3.0
5380045,20.0,241.0,53.5,Female,2.0,108583.43,4.0,4.0
4046252,10.0,128.0,46.5,Male,2.0,33665.49,4.0,4.0
7540554,6.0,78.0,20.0,Unknown,2.0,15616.589999999997,1.0,1.0
662275,15.0,184.0,36.0,Female,2.0,33175.259999999995,2.0,2.0
8528555,6.0,77.0,17.5,Unknown,2.0,29176.29,3.0,3.0
6629741,23.0,282.0,49.5,Female,4.0,58146.11,5.0,5.0
7856983,21.0,252.0,55.5,Male,2.0,129368.13,3.0,4.0
5771794,21.0,253.0,47.5,Male,2.0,139116.13,5.0,5.0
7423793,19.0,237.0,29.0,Male,2.0,60689.87,1.0,1.0
7180438,15.0,181.0,37.0,Female,2.0,80059.56999999999,1.0,2.0
631244,7.0,86.0,64.0,Unknown,2.0,377818.95,3.0,6.0
5102676,10.0,120.0,28.5,Female,4.0,91836.36,7.0,7.0
5423901,5.0,60.0,48.5,Unknown,2.0,14987.94,7.0,7.0
7498978,15.0,190.0,55.0,Male,2.0,79596.84,4.0,4.0
4618497,7.0,84.0,52.5,Unknown,2.0,147916.49,1.0,1.0
5896927,13.0,166.0,38.5,Female,2.0,182740.42,6.0,6.0
9086421,7.0,85.0,32.5,Unknown,2.0,154258.66999999998,7.0,7.0
168267,13.0,162.0,63.0,Male,3.0,3617156.74,7.0,7.0
2672699,16.0,193.0,64.0,Female,2.0,93841.75,2.0,3.0
9156406,8.0,105.0,49.5,Male,2.0,29211.68,7.0,7.0
1046079,5.0,70.0,51.5,Unknown,2.0,92153.93,7.0,7.0
7838697,5.0,67.0,60.5,Male,2.0,120235.83,5.0,5.0
2107674,12.0,154.0,61.5,Female,2.0,42653.08,1.0,1.0
3346947,16.0,198.0,59.0,Male,3.0,1090371.19,6.0,6.0
3477460,13.0,157.0,32.0,Male,3.0,78078.48999999999,5.0,5.0
5592748,15.0,188.0,25.0,Unknown,2.0,44253.42999999999,4.0,4.0
7247758,6.0,81.0,29.5,Unknown,3.0,139217.72,7.0,7.0
7170225,9.0,110.0,28.5,Female,2.0,23835.71,1.0,1.0
5715156,5.0,70.0,54.5,Unknown,2.0,15732.3,1.0,1.0
9689619,7.0,85.0,72.5,Unknown,4.0,129067.68,7.0,7.0
2076926,6.0,80.0,42.0,Unknown,3.0,101474.13,4.0,4.0
9827523,14.0,171.0,40.0,Male,2.0,34587.89,1.0,1.0
7689349,5.0,70.0,53.5,Unknown,2.0,24103.55,4.0,4.0
8908152,5.0,65.0,25.5,Male,3.0,71679.68,7.0,7.0
8494374,8.0,97.0,62.5,Unknown,2.0,423515.32,2.0,2.0
1059350,10.0,121.0,64.5,Female,2.0,87979.94,3.0,3.0
7320970,12.0,145.0,48.5,Female,2.0,40585.12,2.0,2.0
7714382,17.0,210.0,52.0,Female,2.0,135171.53999999998,5.0,5.0
7529275,15.0,189.0,38.5,Unknown,2.0,28595.869999999995,2.0,2.0
6678033,5.0,60.0,22.0,Unknown,3.0,18636.69,2.0,2.0
7577637,13.0,166.0,24.5,Male,2.0,25288.73,1.0,1.0
8228150,9.0,114.0,24.0,Male,2.0,21007.14,7.0,7.0
1817414,10.0,129.0,62.5,Male,2.0,83101.29,7.0,7.0
8506946,9.0,117.0,47.5,Male,2.0,116198.61,4.0,4.0
3480898,5.0,66.0,50.0,Unknown,3.0,61103.15,3.0,3.0
3796027,4.0,57.0,31.5,Male,2.0,19256.56,1.0,1.0
1559358,19.0,238.0,44.0,Male,2.0,346519.78,7.0,7.0
3859216,15.0,189.0,41.0,Unknown,2.0,19771.58,1.0,1.0
9975795,6.0,72.0,23.0,Unknown,2.0,17973.269999999997,2.0,2.0
5440518,11.0,134.0,45.5,Unknown,2.0,20686.94,2.0,2.0
197431,6.0,82.0,24.0,Unknown,2.0,43798.72,3.0,3.0
867317,6.0,78.0,24.5,Unknown,2.0,39660.55,1.0,1.0
988127,4.0,57.0,64.5,Unknown,2.0,25376.95,7.0,7.0
5904463,16.0,202.0,59.5,Female,3.0,148621.32,3.0,3.0
7161950,17.0,206.0,61.5,Female,6.0,1000432.75,3.0,3.0
2283903,16.0,192.0,45.5,Female,2.0,24168.92,1.0,1.0
1758700,12.0,147.0,31.0,Female,4.0,119780.2,7.0,7.0
1324577,17.0,208.0,19.5,Male,3.0,46121.65,7.0,7.0
7322208,24.0,292.0,54.5,Male,2.0,35649.6,3.0,3.0
4230407,15.0,189.0,64.0,Male,2.0,126598.53999999998,6.0,6.0
9168763,5.0,62.0,41.5,Unknown,2.0,76225.03,3.0,3.0
9221180,4.0,58.0,29.0,Unknown,2.0,20165.18,2.0,2.0
2515145,8.0,97.0,73.0,Female,2.0,1606693.41,4.0,5.0
9102362,3.0,37.0,42.5,Unknown,2.0,23878.34,5.0,5.0
463619,4.0,59.0,56.5,Unknown,2.0,16925.769999999997,2.0,2.0
176524,23.0,280.0,49.0,Female,2.0,142074.64,7.0,7.0
9979446,10.0,128.0,54.0,Male,3.0,553672.3200000001,7.0,7.0
1336142,12.0,144.0,58.5,Male,2.0,73782.01,7.0,7.0
9182267,5.0,60.0,23.0,Unknown,2.0,38222.8,7.0,7.0
2675477,4.0,57.0,41.0,Unknown,3.0,27973.009999999995,7.0,7.0
2666636,12.0,155.0,40.5,Female,2.0,85833.78,7.0,7.0
3582028,4.0,57.0,33.5,Unknown,2.0,30171.46,2.0,2.0
8502153,7.0,87.0,40.0,Unknown,2.0,27684.41,5.0,5.0
2118848,5.0,69.0,72.5,Unknown,2.0,118777.26,6.0,6.0
239789,4.0,58.0,21.0,Unknown,2.0,16299.519999999997,1.0,1.0
6755838,30.0,361.0,53.5,Female,3.0,744188.68,7.0,7.0
3632397,4.0,57.0,69.0,Unknown,2.0,47506.51,1.0,1.0
970928,8.0,97.0,29.0,Male,2.0,25290.2,1.0,1.0
1461145,5.0,69.0,31.0,Unknown,2.0,18484.5,5.0,5.0
7023041,8.0,106.0,31.0,Female,2.0,28523.31,3.0,3.0
5304112,9.0,116.0,26.0,Male,4.0,123477.45,7.0,7.0
4851048,30.0,370.0,58.0,Male,2.0,456960.58,5.0,5.0
5314137,21.0,259.0,32.0,Male,2.0,95621.06,6.0,6.0
5762513,19.0,229.0,63.0,Male,3.0,1709645.94,7.0,7.0
2039327,15.0,183.0,38.0,Female,3.0,129204.41999999998,3.0,3.0
6638722,8.0,106.0,29.5,Female,2.0,16934.239999999998,6.0,6.0
7439107,9.0,114.0,68.5,Male,3.0,598724.78,7.0,7.0
9951343,16.0,196.0,63.5,Female,2.0,69785.2,6.0,6.0
6618636,7.0,84.0,29.5,Unknown,2.0,17197.449999999997,3.0,3.0
5345295,17.0,215.0,35.5,Female,2.0,144894.32,7.0,7.0
3133919,12.0,154.0,52.5,Female,4.0,230058.48,7.0,7.0
298773,16.0,193.0,31.0,Female,2.0,97567.83,1.0,1.0
3468850,28.0,336.0,54.0,Male,2.0,55251.18,4.0,4.0
5850312,15.0,183.0,76.5,Female,2.0,73329.22,1.0,1.0
9862353,17.0,205.0,59.0,Male,2.0,13792.98,7.0,7.0
690761,24.0,288.0,68.0,Female,2.0,199381.93,2.0,2.0
9902744,23.0,283.0,52.5,Male,3.0,278585.83,7.0,7.0
6516865,22.0,271.0,55.5,Female,2.0,91329.65,3.0,3.0
3910038,22.0,264.0,29.5,Unknown,3.0,255013.7,6.0,6.0
2331018,21.0,262.0,85.0,Male,2.0,30516.28,2.0,2.0
3992664,21.0,256.0,21.5,Male,2.0,228210.59000000003,6.0,6.0
1758387,5.0,67.0,28.0,Unknown,2.0,97008.15,3.0,3.0
3144951,6.0,75.0,47.5,Unknown,2.0,19885.64,3.0,3.0
5670048,5.0,61.0,50.0,Female,2.0,18735.07,1.0,1.0
3730720,4.0,58.0,48.0,Unknown,2.0,18842.21,3.0,3.0
6667471,14.0,173.0,33.0,Female,2.0,20456.23,1.0,1.0
1245858,15.0,180.0,33.0,Female,3.0,393503.78,4.0,4.0
9372709,12.0,149.0,27.0,Male,2.0,53300.63,7.0,7.0
7981691,4.0,58.0,42.5,Unknown,2.0,58638.70999999999,7.0,7.0
681498,5.0,68.0,38.5,Male,2.0,691623.7000000001,7.0,7.0
6609821,15.0,190.0,28.0,Male,3.0,222212.22,3.0,3.0
5907862,5.0,60.0,20.0,Unknown,2.0,35888.99,3.0,3.0
3882434,5.0,69.0,61.5,Female,2.0,392698.09,2.0,2.0
403974,16.0,198.0,50.0,Male,3.0,253359.05,5.0,5.0
8260789,18.0,221.0,39.0,Female,2.0,120236.4,3.0,3.0
1758062,24.0,299.0,61.5,Male,3.0,461840.94,7.0,7.0
6506786,23.0,286.0,29.0,Male,3.0,402521.26,7.0,7.0
639894,22.0,270.0,49.0,Female,2.0,238487.1,1.0,1.0
5885558,21.0,256.0,37.0,Male,3.0,87704.89,2.0,2.0
5997976,18.0,226.0,51.0,Female,2.0,118051.24,6.0,6.0
186402,5.0,70.0,26.5,Unknown,2.0,34484.09,6.0,6.0
9235172,11.0,138.0,17.0,Male,3.0,94076.74,4.0,4.0
735316,34.0,410.0,56.0,Male,2.0,1872837.46,6.0,7.0
4199417,11.0,142.0,41.5,Male,3.0,86022.0,4.0,4.0
3040364,14.0,170.0,28.5,Male,3.0,61323.04999999999,6.0,6.0
3117106,5.0,68.0,21.5,Unknown,2.0,22318.11,5.0,5.0
2019293,6.0,78.0,20.5,Unknown,2.0,27767.68,2.0,2.0
172734,6.0,76.0,21.0,Female,2.0,20446.99,2.0,2.0
4591093,15.0,183.0,38.5,Male,2.0,220525.93,3.0,3.0
6400310,6.0,72.0,31.5,Unknown,2.0,62777.06,7.0,7.0
2732252,6.0,83.0,25.5,Unknown,2.0,47105.13,7.0,7.0
1425960,7.0,95.0,33.0,Unknown,2.0,47296.04,7.0,7.0
5744347,6.0,73.0,21.0,Unknown,2.0,43320.31,3.0,3.0
7316870,5.0,62.0,58.0,Unknown,2.0,245693.69,4.0,4.0
8569916,16.0,195.0,56.5,Female,2.0,20903.9,5.0,5.0
239792,4.0,58.0,45.5,Unknown,2.0,24987.61,1.0,1.0
1852462,21.0,257.0,46.0,Female,2.0,106130.86,4.0,4.0
5373653,20.0,251.0,57.5,Female,4.0,1164927.61,7.0,7.0
1063314,18.0,227.0,38.0,Female,2.0,78723.97,3.0,3.0
4656508,6.0,80.0,27.5,Unknown,2.0,37949.46,4.0,4.0
8753519,5.0,63.0,42.0,Female,2.0,29024.69,4.0,4.0
6884467,7.0,84.0,42.0,Unknown,2.0,17885.92,1.0,1.0
1702087,8.0,103.0,60.0,Unknown,2.0,38570.91,7.0,7.0
8524066,7.0,95.0,31.5,Female,3.0,57359.76,2.0,2.0
7456903,27.0,330.0,67.5,Male,2.0,28959.21,7.0,7.0
2923153,7.0,88.0,58.0,Unknown,2.0,345048.95,7.0,7.0
5147563,8.0,96.0,39.5,Unknown,2.0,18484.68,2.0,2.0
5942589,6.0,81.0,46.0,Unknown,2.0,76300.51999999999,4.0,4.0
267118,5.0,70.0,55.5,Unknown,3.0,182315.83,3.0,3.0
7488149,8.0,96.0,64.5,Unknown,3.0,700490.2100000001,6.0,6.0
1947983,12.0,145.0,47.0,Unknown,2.0,167225.47999999998,2.0,2.0
3371799,15.0,189.0,61.5,Male,2.0,40773.19,4.0,4.0
9624268,20.0,250.0,45.0,Male,2.0,121745.16,4.0,5.0
3905360,19.0,238.0,49.0,Female,2.0,236515.46,7.0,7.0
4384612,7.0,84.0,64.5,Unknown,2.0,111088.32,3.0,4.0
9022480,21.0,262.0,32.0,Male,3.0,104404.2,7.0,7.0
4712734,9.0,113.0,62.5,Male,2.0,182829.1,4.0,4.0
4668963,13.0,156.0,28.5,Female,2.0,48503.49,3.0,3.0
8209073,9.0,111.0,30.5,Female,2.0,23637.95,1.0,1.0
9158854,11.0,140.0,43.5,Female,2.0,24196.08,5.0,5.0
2586715,14.0,168.0,30.0,Male,2.0,50260.27,1.0,1.0
5355348,9.0,113.0,66.5,Female,2.0,54742.25,7.0,7.0
4645302,11.0,134.0,28.0,Female,2.0,115112.09,1.0,1.0
5935696,16.0,203.0,52.0,Female,3.0,67554.16,4.0,4.0
4569113,3.0,42.0,17.5,Unknown,2.0,32716.81,7.0,7.0
9874244,15.0,185.0,23.0,Male,2.0,40005.61,7.0,7.0
1652667,14.0,177.0,46.0,Male,2.0,49193.87,6.0,6.0
6122146,9.0,119.0,35.0,Male,3.0,53028.87,4.0,4.0
2088404,12.0,154.0,59.5,Male,2.0,174015.03999999998,1.0,1.0
9261563,13.0,161.0,46.0,Female,2.0,33226.8,1.0,1.0
2492509,30.0,367.0,46.5,Female,3.0,118450.95,3.0,3.0
3938120,22.0,274.0,60.5,Male,3.0,1717467.2999999998,7.0,7.0
4026959,21.0,260.0,58.0,Male,2.0,42956.77,6.0,6.0
7168888,18.0,220.0,71.0,Female,3.0,51369.72,7.0,7.0
4090201,15.0,180.0,59.0,Female,3.0,113891.6,6.0,6.0
7261596,10.0,121.0,26.0,Male,3.0,803878.7000000001,6.0,6.0
4225402,10.0,123.0,68.0,Female,2.0,582015.99,2.0,3.0
5688624,17.0,214.0,67.0,Male,2.0,249089.7,2.0,2.0
879686,6.0,79.0,65.5,Unknown,3.0,84445.31999999999,4.0,4.0
7434940,15.0,180.0,54.5,Female,5.0,440189.55,5.0,5.0
4179838,5.0,70.0,29.0,Unknown,2.0,33221.8,7.0,7.0
8147700,9.0,108.0,53.5,Male,2.0,481791.45,2.0,2.0
2167991,4.0,58.0,57.5,Female,2.0,21429.88,7.0,7.0
9262736,6.0,82.0,23.0,Unknown,2.0,18049.95,6.0,6.0
1668635,14.0,176.0,34.5,Female,2.0,32521.18,1.0,2.0
293115,5.0,66.0,37.5,Unknown,2.0,36884.83,2.0,2.0
70856,4.0,59.0,48.5,Unknown,2.0,21732.6,1.0,1.0
411546,10.0,121.0,25.0,Unknown,2.0,17653.339999999997,7.0,7.0
9048056,6.0,83.0,23.5,Male,4.0,53367.67,7.0,7.0
6012900,8.0,98.0,31.0,Unknown,2.0,49985.76,3.0,3.0
2280585,22.0,265.0,18.0,Male,3.0,133019.53999999998,4.0,4.0
8565698,21.0,252.0,71.0,Female,3.0,210797.02,7.0,7.0
542244,26.0,313.0,32.0,Female,2.0,22565.31,2.0,2.0
4184752,14.0,178.0,52.0,Male,2.0,53434.83,7.0,7.0
4379046,22.0,270.0,23.5,Male,2.0,25570.05,1.0,1.0
4816645,5.0,64.0,62.0,Male,3.0,50353.16,5.0,5.0
5435141,11.0,133.0,51.0,Female,2.0,84608.92,2.0,2.0
3404609,14.0,172.0,53.5,Male,2.0,162043.7,7.0,7.0
2741470,6.0,73.0,40.5,Unknown,4.0,309570.05,7.0,7.0
9368733,5.0,66.0,61.5,Unknown,2.0,174873.84000000003,7.0,7.0
4454211,14.0,169.0,39.5,Male,2.0,50244.33,1.0,1.0
2833846,5.0,65.0,32.5,Unknown,2.0,25075.97,5.0,5.0
3160186,8.0,97.0,29.5,Unknown,2.0,43227.78,7.0,7.0
7166061,6.0,82.0,52.5,Unknown,2.0,45162.0,3.0,3.0
670162,8.0,105.0,61.0,Female,2.0,95936.05,2.0,2.0
6702875,11.0,132.0,63.0,Female,2.0,238975.71,7.0,7.0
7710243,6.0,83.0,63.0,Unknown,2.0,44377.59,7.0,7.0
6560550,14.0,176.0,87.5,Female,2.0,15095.759999999998,3.0,3.0
1225611,26.0,316.0,42.5,Male,3.0,115723.36,3.0,3.0
7292177,16.0,197.0,64.5,Female,2.0,739964.8,7.0,7.0
2722762,15.0,189.0,42.0,Unknown,2.0,95180.38,1.0,1.0
1814518,21.0,263.0,33.0,Female,2.0,266461.99,3.0,3.0
6390428,19.0,233.0,53.0,Male,3.0,157949.72999999998,3.0,3.0
9437174,9.0,111.0,28.5,Female,2.0,57556.130000000005,7.0,7.0
3813239,6.0,75.0,62.0,Unknown,2.0,54272.01,3.0,3.0
4462344,6.0,80.0,35.5,Female,2.0,37945.12,3.0,3.0
7515643,11.0,137.0,47.0,Male,3.0,81500.04,2.0,2.0
2124860,10.0,130.0,44.5,Male,2.0,70407.17,4.0,4.0
168104,10.0,122.0,16.5,Male,2.0,28010.74,6.0,6.0
2663078,5.0,66.0,27.5,Unknown,3.0,59715.78,5.0,5.0
5221357,7.0,92.0,27.5,Unknown,2.0,58341.82000000001,3.0,3.0
5535675,14.0,173.0,63.0,Male,2.0,75926.61,1.0,1.0
4921593,5.0,71.0,28.0,Unknown,2.0,46271.13,2.0,2.0
2806720,6.0,81.0,63.5,Unknown,3.0,1181924.28,7.0,7.0
6048661,11.0,138.0,38.5,Female,3.0,69136.33,4.0,4.0
6946437,7.0,86.0,58.5,Unknown,2.0,21846.0,1.0,1.0
7009842,12.0,153.0,26.0,Male,2.0,15600.75,7.0,7.0
5852330,6.0,72.0,27.5,Unknown,3.0,28996.759999999995,2.0,2.0
4237191,16.0,198.0,56.5,Female,2.0,41839.21,2.0,2.0
4237645,14.0,178.0,62.0,Female,2.0,45641.47,1.0,1.0
1110092,10.0,121.0,73.5,Male,2.0,292730.05,7.0,7.0
3822502,4.0,59.0,48.5,Unknown,3.0,132059.43,3.0,3.0
9755235,15.0,186.0,37.0,Male,2.0,34321.259999999995,1.0,1.0
8754237,16.0,192.0,36.5,Male,2.0,22693.67,4.0,4.0
5400286,20.0,250.0,79.0,Male,2.0,254039.32,7.0,7.0
8378670,5.0,60.0,35.5,Unknown,2.0,23396.66,2.0,2.0
9739178,7.0,85.0,25.5,Unknown,3.0,42876.64,7.0,7.0
9972968,5.0,63.0,16.0,Female,2.0,17082.93,4.0,4.0
6131954,4.0,58.0,25.5,Unknown,2.0,23463.009999999995,7.0,7.0
5667012,6.0,83.0,20.0,Male,2.0,14004.53,7.0,7.0
3712120,8.0,104.0,39.5,Male,2.0,66940.76999999999,4.0,4.0
7602471,7.0,95.0,25.5,Unknown,3.0,109907.36,7.0,7.0
2065075,15.0,183.0,47.0,Male,2.0,226239.69,4.0,4.0
6626166,10.0,122.0,63.5,Male,2.0,13966.219999999998,4.0,4.0
3808307,7.0,88.0,46.5,Unknown,2.0,347417.68,2.0,2.0
9104247,7.0,89.0,18.5,Unknown,2.0,16861.789999999997,5.0,5.0
831534,5.0,63.0,22.0,Unknown,2.0,25329.7,4.0,4.0
6590265,15.0,190.0,54.5,Female,2.0,25352.18,7.0,7.0
754154,6.0,82.0,45.5,Female,2.0,52623.89,5.0,5.0
7982291,16.0,194.0,42.5,Male,2.0,238468.45,6.0,6.0
2033605,21.0,252.0,36.5,Unknown,4.0,49515.67,3.0,3.0
9366061,6.0,81.0,23.5,Unknown,2.0,52945.89,7.0,7.0
4942957,6.0,79.0,17.5,Unknown,2.0,40428.99,2.0,2.0
2484364,7.0,86.0,53.5,Unknown,2.0,34099.74,2.0,2.0
7359039,21.0,252.0,57.0,Female,3.0,450667.98,7.0,7.0
783897,12.0,154.0,41.0,Female,2.0,29109.85,4.0,4.0
7528266,16.0,200.0,52.0,Female,2.0,29247.86,7.0,7.0
4658940,33.0,406.0,66.5,Male,3.0,2190889.03,4.0,5.0
240038,4.0,58.0,40.0,Unknown,2.0,33820.44,1.0,1.0
933623,13.0,156.0,68.0,Male,2.0,299429.07,7.0,7.0
1724774,4.0,58.0,16.0,Unknown,2.0,35220.48,2.0,2.0
6466773,4.0,59.0,46.0,Unknown,2.0,25273.99,2.0,2.0
7687882,8.0,101.0,54.5,Unknown,2.0,1371729.42,7.0,7.0
8250019,5.0,71.0,33.5,Unknown,2.0,36119.14,2.0,2.0
5115243,15.0,188.0,42.0,Female,2.0,14368.489999999998,1.0,1.0
7731611,15.0,189.0,69.5,Female,2.0,40909.55,3.0,3.0
399044,12.0,144.0,37.5,Male,2.0,74850.23,3.0,3.0
5656535,6.0,74.0,39.5,Unknown,2.0,18468.8,1.0,1.0
7030035,30.0,370.0,53.5,Female,4.0,584118.8300000001,7.0,7.0
5207482,9.0,109.0,41.0,Female,2.0,53447.53,1.0,1.0
5980992,9.0,112.0,61.0,Female,2.0,57187.08,7.0,7.0
3710240,27.0,329.0,64.5,Female,2.0,19856.77,2.0,2.0
3621813,13.0,166.0,57.0,Female,3.0,62243.11,6.0,6.0
7134511,13.0,166.0,52.5,Female,3.0,351992.73,5.0,5.0
2180135,17.0,204.0,60.5,Male,2.0,32822.41,3.0,3.0
3738383,4.0,59.0,31.5,Unknown,2.0,50012.58,5.0,5.0
2564105,22.0,269.0,37.5,Male,3.0,255271.81,7.0,7.0
6582868,17.0,205.0,38.0,Unknown,2.0,30407.14,1.0,1.0
1572703,7.0,85.0,29.0,Unknown,2.0,36899.01,4.0,4.0
3629915,27.0,330.0,75.0,Female,2.0,146046.57,7.0,7.0
1354254,3.0,47.0,24.0,Unknown,2.0,50778.93,7.0,7.0
4723705,15.0,180.0,35.5,Female,2.0,29924.92,3.0,3.0
4873656,5.0,67.0,22.0,Unknown,2.0,16972.329999999998,7.0,7.0
9994145,5.0,70.0,76.5,Unknown,2.0,38597.72,7.0,7.0
5241999,4.0,58.0,27.0,Unknown,2.0,29370.42,1.0,1.0
563769,8.0,107.0,50.5,Female,2.0,77437.37,1.0,1.0
6204465,6.0,76.0,22.0,Male,3.0,30879.59,7.0,7.0
599630,5.0,68.0,29.5,Male,2.0,51717.77,7.0,7.0
927494,12.0,146.0,37.5,Male,2.0,53528.85,2.0,2.0
9285418,5.0,69.0,46.0,Unknown,3.0,235668.23,4.0,4.0
2491145,10.0,126.0,23.5,Female,2.0,32981.53999999999,1.0,1.0
5514239,8.0,101.0,28.0,Unknown,2.0,20171.32,7.0,7.0
2284403,15.0,180.0,57.0,Male,4.0,337236.75,7.0,7.0
8425892,15.0,189.0,49.0,Male,2.0,30517.11,7.0,7.0
1983066,23.0,276.0,60.0,Female,3.0,347173.7,7.0,7.0
8692536,20.0,242.0,49.5,Female,3.0,90259.62,2.0,2.0
3774671,18.0,217.0,20.5,Female,3.0,74177.09,7.0,7.0
6499349,17.0,207.0,34.0,Female,2.0,64617.83,1.0,1.0
7410380,6.0,78.0,69.5,Unknown,2.0,51873.61,1.0,1.0
774421,5.0,71.0,28.0,Unknown,3.0,47293.21,4.0,4.0
362135,6.0,82.0,15.0,Unknown,2.0,43860.55,1.0,1.0
1572187,17.0,208.0,46.5,Male,2.0,224426.34000000003,3.0,3.0
913883,15.0,189.0,50.5,Unknown,2.0,41304.9,4.0,4.0
7578057,5.0,60.0,42.5,Unknown,3.0,39237.49,4.0,4.0
9482995,7.0,92.0,29.5,Unknown,3.0,103482.94,5.0,5.0
2879026,13.0,166.0,51.0,Male,2.0,23943.65,2.0,2.0
937068,8.0,97.0,29.5,Unknown,2.0,30848.11,1.0,1.0
2481752,15.0,181.0,28.5,Unknown,2.0,16010.219999999998,5.0,5.0
9600025,15.0,191.0,52.5,Male,2.0,72682.62,3.0,3.0
9341426,6.0,75.0,62.0,Unknown,2.0,206772.53,1.0,1.0
2886879,5.0,66.0,43.5,Male,3.0,265385.13,7.0,7.0
6343658,12.0,151.0,48.0,Female,2.0,45360.57,7.0,7.0
3741777,5.0,66.0,53.5,Unknown,2.0,55399.2,3.0,3.0
4638370,19.0,235.0,52.5,Male,2.0,157400.07,7.0,7.0
5040538,6.0,79.0,17.5,Unknown,2.0,23812.4,1.0,1.0
7787174,15.0,189.0,46.0,Male,2.0,30701.4,3.0,3.0
5044374,14.0,169.0,40.0,Male,2.0,119701.01,7.0,7.0
6443573,26.0,315.0,72.5,Female,2.0,28262.43,1.0,2.0
5489258,12.0,144.0,32.5,Male,4.0,248837.79,7.0,7.0
161722,34.0,411.0,52.5,Male,3.0,432807.74,7.0,7.0
1011666,16.0,194.0,36.0,Male,2.0,39440.39,1.0,1.0
4266570,4.0,58.0,19.5,Unknown,2.0,27586.85,2.0,2.0
425382,7.0,89.0,48.0,Unknown,2.0,281537.98,4.0,4.0
6188646,19.0,235.0,20.0,Female,3.0,38989.47,3.0,3.0
7134706,3.0,44.0,41.5,Unknown,2.0,14296.07,3.0,3.0
1429743,34.0,416.0,60.0,Male,4.0,363821.74,3.0,3.0
6805410,5.0,65.0,61.0,Unknown,2.0,225426.62,7.0,7.0
5567749,19.0,237.0,52.5,Female,2.0,147138.34999999998,1.0,1.0
7327012,15.0,191.0,76.5,Male,2.0,251485.18,3.0,3.0
8384229,10.0,121.0,64.5,Male,2.0,131050.63,6.0,7.0
1569676,4.0,59.0,73.5,Unknown,2.0,72924.14,7.0,7.0
8296305,11.0,138.0,51.0,Male,2.0,99846.61,7.0,7.0
7072970,4.0,59.0,16.5,Unknown,2.0,40725.14,4.0,4.0
4295649,16.0,195.0,40.0,Female,3.0,51515.04,7.0,7.0
9711584,5.0,71.0,16.5,Unknown,3.0,93307.73,4.0,4.0
4887763,19.0,232.0,39.5,Male,2.0,13987.769999999997,5.0,5.0
7570545,14.0,179.0,32.0,Male,3.0,51174.54,4.0,4.0
3890068,11.0,137.0,65.5,Male,2.0,15843.89,1.0,1.0
7012685,13.0,159.0,39.5,Female,2.0,313946.67,4.0,4.0
5060049,9.0,109.0,23.5,Male,3.0,34615.58,7.0,7.0
6009282,15.0,189.0,26.5,Female,2.0,38065.16,5.0,5.0
6052234,4.0,48.0,20.0,Unknown,2.0,31429.550000000003,5.0,5.0
3709542,6.0,74.0,31.0,Unknown,2.0,34966.46,1.0,1.0
3615426,6.0,74.0,23.5,Female,3.0,35484.85,2.0,2.0
4206004,4.0,58.0,65.0,Unknown,2.0,36355.73,2.0,2.0
7879373,7.0,90.0,42.0,Female,3.0,137391.46,7.0,7.0
9916557,25.0,307.0,48.0,Male,3.0,68750.25,4.0,4.0
4825277,4.0,58.0,46.0,Unknown,2.0,375565.97,5.0,5.0
1388116,15.0,182.0,69.0,Female,2.0,165006.39,5.0,5.0
8489007,12.0,149.0,48.0,Female,2.0,52171.49,4.0,4.0
9968775,13.0,157.0,47.5,Female,2.0,24062.31,1.0,1.0
6568353,12.0,154.0,54.5,Female,2.0,59296.83,2.0,2.0
3443850,9.0,110.0,19.5,Female,2.0,40076.26,4.0,4.0
5507150,12.0,148.0,53.0,Female,2.0,44706.03,3.0,3.0
8263141,11.0,142.0,56.5,Female,3.0,525854.99,4.0,4.0
3316035,11.0,136.0,28.0,Female,3.0,100816.22,3.0,3.0
6392631,12.0,151.0,25.5,Female,3.0,117894.11,4.0,4.0
368657,6.0,82.0,37.5,Unknown,2.0,22506.1,1.0,1.0
1105222,6.0,83.0,31.0,Unknown,2.0,24473.38,4.0,4.0
3653201,7.0,94.0,62.5,Unknown,2.0,60781.01999999999,2.0,2.0
5030206,14.0,179.0,44.0,Female,2.0,37122.35,2.0,2.0
2876164,32.0,384.0,73.0,Male,3.0,489047.36,7.0,7.0
4117739,11.0,137.0,38.0,Unknown,2.0,53248.62,1.0,1.0
3766261,6.0,72.0,58.0,Unknown,2.0,18404.09,2.0,2.0
7037323,9.0,118.0,36.5,Male,2.0,23493.009999999995,1.0,1.0
1570900,4.0,50.0,20.0,Unknown,3.0,31149.71,5.0,6.0
7006903,4.0,58.0,61.5,Unknown,2.0,24006.02,2.0,2.0
9611542,5.0,66.0,22.5,Unknown,2.0,18443.39,1.0,1.0
4538370,7.0,91.0,31.5,Unknown,2.0,19312.01,5.0,5.0
1543,11.0,139.0,51.5,Male,4.0,569096.6000000001,3.0,3.0
1977784,16.0,195.0,42.5,Male,2.0,29038.04,6.0,6.0
1884258,12.0,146.0,54.0,Female,2.0,81560.29,3.0,3.0
248750,5.0,71.0,16.5,Unknown,2.0,29507.47,3.0,3.0
9154262,8.0,98.0,25.0,Unknown,2.0,27348.57,2.0,2.0
1307770,9.0,109.0,45.5,Female,2.0,13794.219999999998,1.0,1.0
5798674,6.0,83.0,48.5,Unknown,2.0,62229.04000000001,7.0,7.0
5050357,20.0,241.0,17.0,Female,2.0,19554.79,4.0,4.0
2472853,18.0,222.0,48.0,Female,3.0,165399.05,3.0,3.0
4664116,14.0,178.0,60.0,Female,2.0,16443.57,2.0,2.0
2095704,5.0,62.0,24.5,Female,2.0,15178.789999999995,5.0,5.0
2884892,6.0,78.0,27.5,Unknown,2.0,45998.78,3.0,3.0
8348476,5.0,69.0,41.0,Unknown,2.0,70464.48,5.0,5.0
2881723,4.0,58.0,19.5,Unknown,2.0,20639.39,1.0,1.0
228375,10.0,129.0,45.5,Male,2.0,51739.96,4.0,4.0
6627354,16.0,193.0,65.0,Female,2.0,232353.17,5.0,6.0
9674708,13.0,159.0,56.5,Male,3.0,280401.72,7.0,7.0
141389,5.0,65.0,40.0,Male,3.0,34518.58,6.0,6.0
7489768,9.0,119.0,64.5,Male,2.0,18716.32,5.0,5.0
499715,10.0,130.0,30.0,Male,2.0,37222.77,7.0,7.0
8552454,11.0,142.0,58.5,Female,2.0,55212.34,1.0,1.0
9440564,3.0,45.0,66.5,Unknown,2.0,35090.16,4.0,4.0
9670044,6.0,76.0,33.5,Unknown,2.0,124220.95,1.0,1.0
1341830,5.0,66.0,48.5,Unknown,2.0,28711.57,5.0,5.0
1647926,14.0,179.0,24.0,Female,2.0,39994.07,3.0,3.0
4083454,18.0,219.0,30.0,Male,3.0,54223.32,7.0,7.0
1147303,12.0,151.0,63.5,Female,2.0,23272.34,1.0,2.0
9893191,12.0,144.0,33.5,Male,2.0,474728.63,5.0,5.0
3995138,6.0,73.0,29.5,Unknown,2.0,45031.33,7.0,7.0
672171,5.0,67.0,24.0,Unknown,3.0,83808.47,7.0,7.0
7387988,8.0,106.0,48.0,Female,2.0,118781.63,3.0,3.0
3967304,6.0,82.0,69.5,Male,2.0,56642.11,2.0,2.0
5210694,12.0,148.0,35.5,Female,2.0,119666.15,4.0,4.0
1379818,5.0,70.0,35.5,Unknown,2.0,21118.93,1.0,1.0
1200258,5.0,60.0,27.0,Unknown,3.0,130925.22999999998,7.0,7.0
5786228,11.0,142.0,61.0,Male,3.0,255530.76,2.0,3.0
4246408,12.0,147.0,30.5,Male,2.0,34700.1,4.0,4.0
1484854,6.0,83.0,55.5,Unknown,2.0,28277.759999999995,3.0,3.0
6544793,13.0,163.0,26.0,Male,3.0,539517.79,5.0,5.0
4248905,15.0,190.0,59.0,Female,2.0,28575.77,2.0,2.0
9839584,7.0,94.0,32.5,Unknown,2.0,17533.989999999998,3.0,3.0
7689911,8.0,105.0,55.5,Male,2.0,20722.99,6.0,6.0
2070765,11.0,137.0,29.5,Male,2.0,50933.77,7.0,7.0
8508139,5.0,70.0,32.0,Unknown,2.0,27693.64,7.0,7.0
8694552,23.0,281.0,58.5,Female,2.0,78295.15,1.0,2.0
8877064,21.0,263.0,67.5,Male,2.0,65104.98999999999,3.0,3.0
2070147,20.0,251.0,43.0,Unknown,2.0,24303.64,1.0,1.0
6959197,17.0,214.0,59.0,Male,2.0,30166.95,1.0,1.0
5280156,8.0,101.0,26.5,Unknown,2.0,65606.41,2.0,2.0
8611316,29.0,359.0,53.5,Female,2.0,98658.97,5.0,5.0
7442271,5.0,66.0,21.0,Unknown,2.0,45464.17999999999,7.0,7.0
4049405,15.0,188.0,54.5,Male,2.0,227887.65,1.0,1.0
7788198,28.0,337.0,61.5,Female,2.0,43196.7,6.0,6.0
8803055,21.0,253.0,60.0,Male,3.0,312770.64,7.0,7.0
4027835,7.0,95.0,42.5,Unknown,4.0,76626.66,1.0,2.0
3451031,15.0,191.0,23.5,Female,2.0,28424.54,2.0,2.0
8129471,14.0,170.0,41.5,Male,2.0,19499.37,2.0,3.0
6713335,11.0,143.0,68.0,Female,2.0,211136.54,7.0,7.0
739829,9.0,110.0,34.5,Male,2.0,53979.66,1.0,2.0
6542681,12.0,149.0,43.0,Male,3.0,296793.04,6.0,6.0
1695983,7.0,89.0,48.5,Unknown,2.0,38712.74,3.0,3.0
3385120,8.0,102.0,27.5,Unknown,2.0,19506.77,7.0,7.0
7493150,6.0,74.0,73.0,Unknown,2.0,59950.19,7.0,7.0
1100208,8.0,104.0,69.0,Female,2.0,64390.11,2.0,2.0
7705153,27.0,333.0,55.5,Male,4.0,202063.8,5.0,5.0
1979200,14.0,178.0,72.0,Male,2.0,20702.86,2.0,2.0
3916153,13.0,164.0,52.5,Unknown,2.0,160559.47999999998,1.0,1.0
7502768,8.0,101.0,27.0,Unknown,2.0,21806.15,6.0,6.0
4061008,22.0,270.0,42.0,Unknown,3.0,857034.7200000001,7.0,7.0
5892452,27.0,325.0,29.0,Female,3.0,138222.75,3.0,3.0
5514910,14.0,179.0,17.0,Male,2.0,37803.85,2.0,2.0
7070722,12.0,151.0,65.0,Male,2.0,19903.53,5.0,5.0
145491,9.0,118.0,65.5,Female,2.0,47226.16,4.0,4.0
148169,13.0,158.0,39.5,Male,2.0,58912.73999999999,1.0,1.0
2260517,5.0,64.0,59.5,Unknown,2.0,560328.2300000001,1.0,1.0
8941812,6.0,74.0,68.5,Unknown,2.0,49867.88,4.0,4.0
9287480,6.0,82.0,58.5,Male,2.0,27132.73,6.0,6.0
8038932,9.0,108.0,21.0,Female,2.0,24904.42,4.0,4.0
7989824,11.0,143.0,58.5,Female,2.0,57049.48,1.0,1.0
4185381,11.0,140.0,54.5,Male,2.0,128403.34,6.0,6.0
6252771,8.0,105.0,60.5,Male,2.0,175268.59000000003,7.0,7.0
7344223,7.0,95.0,35.5,Unknown,2.0,113482.57,4.0,4.0
6285378,7.0,84.0,64.0,Unknown,3.0,373702.35,4.0,4.0
3350848,21.0,254.0,40.0,Male,2.0,27265.81,2.0,2.0
2074603,20.0,240.0,51.5,Male,2.0,56021.03,1.0,1.0
8415451,10.0,128.0,27.0,Female,2.0,15990.14,3.0,3.0
2810555,5.0,70.0,26.5,Unknown,2.0,23152.15,7.0,7.0
5242296,9.0,108.0,58.0,Unknown,3.0,204562.86,3.0,3.0
8620829,8.0,107.0,29.0,Male,2.0,40507.08,5.0,5.0
2040936,12.0,146.0,51.5,Unknown,3.0,61818.16,4.0,4.0
3578390,10.0,125.0,29.5,Male,2.0,88434.62,1.0,1.0
2711903,12.0,144.0,58.0,Male,2.0,109901.11,7.0,7.0
9477251,8.0,97.0,61.5,Unknown,2.0,506410.98,7.0,7.0
4041280,13.0,162.0,52.0,Female,2.0,36366.72,7.0,7.0
1269572,10.0,130.0,35.5,Female,2.0,111989.69,1.0,1.0
4101565,10.0,121.0,37.5,Male,2.0,17503.649999999998,1.0,1.0
7180549,12.0,155.0,34.0,Female,2.0,73560.2,1.0,1.0
7523094,13.0,157.0,54.5,Female,2.0,38915.7,7.0,7.0
3091637,14.0,170.0,30.0,Female,2.0,121761.25,1.0,1.0
9604348,5.0,67.0,29.0,Male,2.0,15798.929999999997,3.0,3.0
6282667,5.0,64.0,39.0,Male,2.0,273897.33,2.0,2.0
7582165,13.0,158.0,57.5,Male,2.0,47342.15,7.0,7.0
4519734,4.0,58.0,20.0,Unknown,2.0,38349.25,3.0,3.0
2211186,23.0,277.0,23.0,Male,2.0,35414.39,1.0,1.0
9458016,23.0,276.0,51.5,Male,2.0,95961.76,7.0,7.0
1963115,22.0,268.0,50.0,Unknown,4.0,156713.52999999997,7.0,7.0
5295374,20.0,245.0,50.5,Female,3.0,269181.11,7.0,7.0
4615452,7.0,94.0,64.5,Unknown,2.0,24370.009999999995,7.0,7.0
2066836,5.0,67.0,28.5,Unknown,2.0,21750.54,1.0,1.0
9658756,11.0,138.0,30.5,Male,2.0,33877.78,7.0,7.0
9061125,15.0,182.0,47.0,Female,2.0,75964.09,4.0,4.0
9104703,11.0,136.0,59.0,Male,2.0,23746.72,7.0,7.0
6490556,5.0,71.0,25.0,Unknown,2.0,31554.27,1.0,1.0
7193345,7.0,94.0,31.5,Unknown,2.0,22298.45,7.0,7.0
6779553,6.0,83.0,23.5,Unknown,2.0,16241.969999999998,3.0,3.0
3313366,4.0,56.0,62.0,Unknown,2.0,266173.25,6.0,6.0
9761287,4.0,55.0,58.5,Unknown,3.0,1970474.36,7.0,7.0
9663519,25.0,301.0,69.5,Female,2.0,95814.56,2.0,2.0
7123482,10.0,131.0,32.0,Male,2.0,231632.11,6.0,6.0
5456623,9.0,116.0,52.0,Female,3.0,378892.67,3.0,3.0
6055841,7.0,90.0,23.0,Unknown,3.0,45425.96,5.0,5.0
5115808,7.0,94.0,18.5,Unknown,2.0,17535.12,1.0,1.0
2316392,5.0,68.0,41.5,Unknown,2.0,59606.67,2.0,2.0
928168,12.0,144.0,64.5,Female,2.0,13885.98,2.0,2.0
5400480,4.0,59.0,43.5,Unknown,3.0,31018.04,7.0,7.0
9311423,13.0,159.0,52.0,Male,3.0,29894.41,5.0,5.0
6234969,9.0,114.0,32.5,Female,2.0,42467.92999999999,2.0,2.0
5155678,5.0,64.0,24.0,Unknown,2.0,30960.52,6.0,6.0
7948504,9.0,110.0,25.0,Female,3.0,73502.83,5.0,5.0
7418591,16.0,197.0,37.0,Female,2.0,36938.51,2.0,2.0
2869091,7.0,86.0,62.5,Unknown,2.0,26423.78,4.0,4.0
6945946,6.0,83.0,51.0,Unknown,2.0,742569.29,3.0,3.0
2706771,6.0,82.0,44.5,Unknown,2.0,21245.44,2.0,2.0
519680,10.0,130.0,56.5,Female,2.0,91890.52,7.0,7.0
5562814,4.0,58.0,28.5,Unknown,2.0,44165.01,7.0,7.0
7663730,5.0,60.0,21.5,Unknown,2.0,27655.7,1.0,1.0
3271373,8.0,97.0,41.5,Unknown,2.0,45448.96,2.0,2.0
3883675,10.0,120.0,60.5,Female,2.0,232098.83,1.0,1.0
5775595,24.0,289.0,47.5,Female,2.0,390783.16,5.0,5.0
252241,22.0,275.0,53.5,Female,2.0,1073075.03,5.0,5.0
689690,19.0,235.0,37.5,Female,2.0,96367.77,7.0,7.0
6245084,29.0,350.0,40.5,Male,3.0,73438.19,2.0,2.0
9754698,4.0,58.0,26.5,Unknown,3.0,73420.07,4.0,4.0
2930277,9.0,108.0,63.5,Male,2.0,31661.869999999995,3.0,3.0
6580505,12.0,155.0,28.5,Female,2.0,67515.81,1.0,1.0
7008153,6.0,81.0,58.5,Unknown,2.0,17929.789999999997,1.0,1.0
7867364,28.0,338.0,50.5,Female,2.0,27256.35,3.0,3.0
5642417,6.0,80.0,37.0,Unknown,2.0,19723.52,4.0,4.0
2032970,16.0,195.0,42.0,Male,2.0,21436.07,2.0,2.0
4052809,8.0,102.0,47.5,Unknown,2.0,200035.96,3.0,3.0
8003737,4.0,52.0,69.0,Male,2.0,20846.24,2.0,2.0
155721,16.0,192.0,38.0,Male,2.0,30991.77,4.0,4.0
9433512,15.0,180.0,41.0,Male,3.0,156303.15000000002,5.0,5.0
5146253,15.0,188.0,31.0,Male,2.0,58855.09,6.0,6.0
3100678,5.0,66.0,49.0,Male,2.0,39120.13,3.0,6.0
4842480,12.0,148.0,59.0,Female,2.0,111223.41,6.0,6.0
1247597,13.0,157.0,57.5,Male,2.0,21075.32,6.0,6.0
1003842,16.0,196.0,63.5,Male,2.0,67207.45,2.0,2.0
2526468,4.0,59.0,54.0,Unknown,2.0,94575.46,3.0,3.0
1323304,16.0,193.0,36.0,Male,2.0,86896.12,7.0,7.0
1556508,4.0,59.0,42.0,Female,2.0,50771.51,1.0,1.0
5908055,11.0,132.0,56.5,Female,2.0,198525.64,2.0,2.0
7854190,21.0,258.0,58.0,Female,2.0,95671.58,6.0,6.0
8557688,4.0,59.0,20.0,Unknown,2.0,34965.03,1.0,1.0
1091914,14.0,171.0,35.5,Female,2.0,16141.949999999995,4.0,5.0
1473921,6.0,76.0,28.5,Unknown,2.0,54140.33,3.0,3.0
2143072,6.0,78.0,26.5,Unknown,2.0,29409.63,7.0,7.0
7963933,5.0,66.0,21.0,Unknown,2.0,13820.07,3.0,3.0
7016359,10.0,125.0,33.5,Female,2.0,55447.99,7.0,7.0
7533708,15.0,182.0,39.5,Female,2.0,142160.22999999998,1.0,1.0
4590638,8.0,106.0,47.0,Male,2.0,20784.01,4.0,4.0
3590826,27.0,327.0,53.5,Female,4.0,1492864.42,5.0,5.0
388202,10.0,129.0,39.5,Female,2.0,17622.07,1.0,1.0
9520312,6.0,73.0,64.0,Male,2.0,722665.06,7.0,7.0
996917,10.0,124.0,38.0,Male,2.0,27244.77,3.0,3.0
3877590,12.0,144.0,30.0,Female,2.0,55321.2,3.0,3.0
6003478,6.0,73.0,16.5,Unknown,3.0,19339.97,1.0,1.0
2721490,4.0,58.0,26.5,Unknown,3.0,33287.369999999995,7.0,7.0
6451069,23.0,280.0,16.5,Male,2.0,25955.009999999995,3.0,3.0
1211531,28.0,344.0,53.5,Male,3.0,494885.56,5.0,5.0
7202854,23.0,276.0,28.0,Male,3.0,82932.51,1.0,1.0
5533620,21.0,259.0,52.0,Male,4.0,35883.58,4.0,4.0
384077,21.0,263.0,59.0,Female,2.0,40129.39,3.0,3.0
8658856,14.0,168.0,32.5,Female,2.0,22570.76,2.0,2.0
9103011,34.0,409.0,25.5,Female,2.0,81476.25,3.0,3.0
3886433,9.0,115.0,24.5,Female,2.0,24075.39,4.0,4.0
3050785,12.0,155.0,50.0,Male,2.0,80951.53,7.0,7.0
9395627,5.0,70.0,53.5,Unknown,2.0,28986.94,2.0,2.0
8586512,16.0,198.0,64.0,Male,2.0,861167.89,1.0,1.0
3208199,5.0,69.0,47.5,Male,2.0,26431.009999999995,1.0,1.0
3735587,5.0,67.0,31.0,Unknown,2.0,19750.27,1.0,1.0
4933872,25.0,311.0,69.0,Unknown,2.0,15179.699999999995,6.0,6.0
7543934,14.0,168.0,33.0,Male,2.0,45804.8,3.0,3.0
5925726,12.0,155.0,40.0,Female,3.0,404622.69,3.0,3.0
4210939,15.0,190.0,42.0,Male,2.0,13872.75,2.0,2.0
2214292,7.0,84.0,59.5,Unknown,2.0,70970.56,2.0,2.0
9317528,10.0,125.0,57.0,Unknown,2.0,31678.27,4.0,4.0
7602019,5.0,69.0,22.0,Unknown,2.0,16634.3,7.0,7.0
3913501,5.0,70.0,46.5,Unknown,2.0,27145.14,7.0,7.0
4071213,10.0,128.0,41.0,Female,2.0,23906.77,6.0,6.0
8769929,13.0,158.0,72.5,Male,2.0,395194.93,2.0,3.0
1803988,9.0,117.0,24.0,Female,2.0,28148.92,7.0,7.0
9903678,24.0,290.0,20.0,Female,2.0,48731.44,1.0,1.0
3388905,24.0,288.0,72.0,Female,2.0,115992.95,7.0,7.0
869035,21.0,254.0,15.0,Male,2.0,33336.8,1.0,1.0
6638633,20.0,247.0,47.0,Female,3.0,71524.54999999999,7.0,7.0
7687137,31.0,372.0,79.0,Unknown,2.0,86703.43,1.0,1.0
7559832,19.0,236.0,37.5,Female,2.0,170992.55,2.0,2.0
6543087,19.0,228.0,23.5,Female,2.0,23679.25,7.0,7.0
1264795,8.0,104.0,55.0,Male,2.0,104902.09,7.0,7.0
1628925,5.0,66.0,50.5,Male,2.0,235730.11,3.0,3.0
1698203,4.0,59.0,68.5,Male,2.0,74076.68,7.0,7.0
5831775,15.0,187.0,27.5,Female,2.0,16271.339999999997,2.0,2.0
9398410,9.0,115.0,58.5,Female,2.0,101919.77,4.0,4.0
9724251,28.0,337.0,53.5,Female,2.0,122761.96,7.0,7.0
5323807,6.0,73.0,24.0,Unknown,2.0,54117.85,6.0,6.0
4083351,9.0,118.0,55.0,Male,2.0,28778.86,1.0,1.0
4536331,8.0,104.0,64.0,Female,2.0,41233.4,5.0,5.0
8315206,16.0,193.0,31.5,Female,2.0,58258.06,2.0,2.0
3725409,13.0,158.0,60.0,Female,2.0,34292.94,2.0,2.0
32084,15.0,189.0,65.5,Male,2.0,23100.759999999995,7.0,7.0
6869472,7.0,85.0,52.0,Unknown,2.0,89255.44,2.0,2.0
1726480,11.0,142.0,64.0,Female,2.0,45318.44,1.0,1.0
7519664,4.0,58.0,44.5,Unknown,2.0,42546.07,3.0,3.0
2562108,13.0,166.0,53.5,Female,2.0,111339.24,5.0,5.0
4487500,4.0,58.0,30.5,Unknown,2.0,32679.11,7.0,7.0
3554442,21.0,261.0,61.0,Female,2.0,469406.91,7.0,7.0
7312575,21.0,253.0,54.0,Male,3.0,54651.37,6.0,6.0
8620086,20.0,241.0,51.0,Male,3.0,241048.38,4.0,4.0
3635114,19.0,235.0,52.0,Female,2.0,67858.63,7.0,7.0
3232727,11.0,142.0,58.5,Male,2.0,62639.20999999999,4.0,4.0
2119015,14.0,171.0,49.5,Female,2.0,76719.32,3.0,3.0
4036533,12.0,147.0,31.5,Male,2.0,179259.96000000002,6.0,6.0
2232836,5.0,70.0,20.5,Unknown,3.0,58372.08,7.0,7.0
8031528,7.0,95.0,59.0,Unknown,2.0,27866.05,3.0,3.0
5953534,7.0,85.0,46.5,Female,2.0,34837.42,4.0,4.0
3124516,15.0,189.0,34.5,Female,2.0,16800.26,2.0,2.0
3119316,3.0,47.0,58.5,Female,2.0,296548.94,7.0,7.0
7531030,4.0,59.0,42.5,Unknown,2.0,29631.4,3.0,3.0
3142797,7.0,84.0,42.0,Unknown,2.0,47720.87,5.0,5.0
5286601,13.0,156.0,27.5,Male,2.0,34344.53,3.0,3.0
4685479,4.0,58.0,22.0,Unknown,2.0,29760.22,4.0,4.0
8562363,13.0,158.0,70.0,Male,2.0,227566.85,6.0,6.0
714587,5.0,61.0,15.5,Unknown,2.0,109426.77,4.0,4.0
1155864,8.0,106.0,59.0,Male,2.0,36980.62,1.0,1.0
3651028,8.0,96.0,37.0,Unknown,2.0,349666.79,4.0,4.0
4934279,18.0,226.0,44.0,Male,2.0,48401.19,3.0,3.0
5733213,12.0,153.0,51.0,Female,3.0,484590.9,4.0,4.0
5679276,24.0,298.0,48.0,Female,3.0,112609.74,2.0,3.0
2996252,20.0,250.0,25.5,Female,2.0,26423.35,7.0,7.0
7356082,20.0,241.0,32.5,Male,3.0,34007.0,6.0,6.0
3455339,16.0,200.0,29.0,Male,3.0,70428.97,7.0,7.0
1847600,11.0,142.0,27.5,Female,2.0,66384.94,4.0,4.0
8673,6.0,78.0,22.5,Unknown,2.0,22290.84,2.0,2.0
7947732,4.0,58.0,64.0,Male,2.0,21965.75,3.0,3.0
4813782,7.0,94.0,47.0,Unknown,2.0,61873.92,2.0,2.0
5543857,4.0,57.0,52.5,Male,3.0,290316.18,7.0,7.0
2736351,13.0,156.0,27.0,Female,2.0,87723.81,5.0,5.0
3784908,5.0,66.0,38.0,Unknown,3.0,45654.87,7.0,7.0
7654044,14.0,178.0,17.5,Male,3.0,30109.619999999995,6.0,6.0
7785290,4.0,58.0,14.5,Unknown,2.0,20301.65,1.0,1.0
5768750,7.0,91.0,31.0,Unknown,2.0,74385.01999999999,6.0,6.0
6272221,14.0,176.0,32.0,Male,4.0,1572517.98,7.0,7.0
4360604,12.0,150.0,29.5,Female,3.0,29555.03,4.0,4.0
4438591,8.0,105.0,61.5,Male,2.0,77301.28,3.0,3.0
6569107,5.0,63.0,55.0,Female,2.0,23741.86,7.0,7.0
4962428,15.0,181.0,33.5,Female,2.0,21665.57,1.0,1.0
3930981,9.0,117.0,65.0,Male,2.0,41678.74,3.0,3.0
2853168,11.0,133.0,25.0,Female,2.0,26501.92,2.0,2.0
5300234,12.0,155.0,57.5,Female,2.0,31652.24,2.0,3.0
7329478,14.0,179.0,37.5,Male,2.0,49929.5,3.0,3.0
703095,7.0,95.0,63.5,Unknown,2.0,27211.25,2.0,2.0
1387244,12.0,154.0,24.5,Male,2.0,19064.48,2.0,2.0
2715187,6.0,75.0,47.0,Unknown,2.0,102686.27,7.0,7.0
5584938,4.0,51.0,54.0,Unknown,2.0,158623.96999999997,6.0,6.0
4426374,9.0,114.0,58.5,Female,2.0,13924.66,3.0,3.0
8730104,4.0,58.0,23.0,Unknown,2.0,17825.44,7.0,7.0
8206138,7.0,95.0,31.0,Unknown,2.0,50636.72,3.0,3.0
2840917,10.0,123.0,24.5,Female,2.0,39625.95,7.0,7.0
2393073,9.0,118.0,35.0,Female,2.0,83804.73,1.0,1.0
1512743,4.0,48.0,49.5,Unknown,2.0,23909.5,2.0,2.0
3773092,5.0,68.0,66.5,Unknown,2.0,93596.62,7.0,7.0
5776844,23.0,276.0,39.0,Male,3.0,106655.37,4.0,4.0
6840202,15.0,186.0,50.0,Male,2.0,175989.94,4.0,4.0
3995329,8.0,103.0,28.0,Unknown,2.0,36199.22,3.0,3.0
2255980,16.0,194.0,21.0,Female,2.0,82830.13,4.0,4.0
4351951,4.0,59.0,28.5,Unknown,2.0,18205.67,3.0,3.0
8327571,12.0,155.0,60.0,Female,2.0,46743.97,1.0,1.0
1026446,5.0,66.0,35.0,Unknown,2.0,18861.31,2.0,2.0
2634966,14.0,177.0,25.5,Female,2.0,16231.989999999998,2.0,2.0
3498815,5.0,70.0,50.5,Unknown,2.0,55040.46,7.0,7.0
9967328,4.0,50.0,42.5,Male,2.0,18188.44,2.0,2.0
7343899,13.0,157.0,40.0,Male,3.0,269627.02,7.0,7.0
3416057,12.0,153.0,66.0,Female,2.0,43933.92999999999,3.0,3.0
3164206,14.0,173.0,63.5,Female,2.0,162793.76,2.0,2.0
7440237,15.0,189.0,46.5,Male,2.0,223849.18,1.0,1.0
7281895,13.0,157.0,23.5,Female,2.0,76752.70999999999,7.0,7.0
8956750,6.0,81.0,21.5,Male,2.0,15600.339999999997,1.0,1.0
222066,18.0,227.0,55.0,Male,2.0,13917.359999999995,6.0,6.0
1735702,5.0,69.0,42.0,Unknown,2.0,19682.6,3.0,3.0
3124866,24.0,296.0,69.0,Male,3.0,194680.66,5.0,5.0
1783447,22.0,270.0,63.5,Male,2.0,852515.68,7.0,7.0
3103622,21.0,263.0,58.0,Male,2.0,293604.7,7.0,7.0
9836235,14.0,178.0,44.0,Male,2.0,130256.89,7.0,7.0
6559823,5.0,60.0,50.5,Unknown,2.0,539872.79,2.0,2.0
7329402,12.0,155.0,29.5,Unknown,2.0,19951.05,1.0,1.0
5870801,5.0,67.0,69.0,Unknown,2.0,173466.77000000002,4.0,4.0
8920491,7.0,89.0,65.5,Unknown,2.0,114949.77,6.0,6.0
1109679,12.0,144.0,22.5,Female,2.0,27577.369999999995,5.0,5.0
2588790,8.0,97.0,38.5,Male,2.0,47656.98,7.0,7.0
7693784,6.0,74.0,38.5,Unknown,2.0,238364.73,3.0,3.0
3053804,13.0,163.0,36.5,Male,4.0,1268544.42,6.0,6.0
2413731,21.0,262.0,70.0,Male,3.0,14312.41,2.0,2.0
9147003,18.0,226.0,53.0,Male,3.0,165062.13,7.0,7.0
3159450,12.0,154.0,38.0,Female,2.0,21624.78,1.0,1.0
9654575,15.0,180.0,39.5,Female,3.0,325943.83,7.0,7.0
3865391,5.0,60.0,19.0,Unknown,2.0,25184.119999999995,2.0,2.0
4391967,8.0,105.0,56.5,Female,2.0,16770.37,2.0,2.0
3372434,13.0,156.0,37.5,Female,2.0,33875.96,7.0,7.0
750386,7.0,86.0,26.5,Unknown,3.0,128042.91999999998,7.0,7.0
4840741,12.0,150.0,54.5,Male,3.0,285809.3,7.0,7.0
3057924,14.0,170.0,47.0,Male,2.0,150726.25,4.0,4.0
5565435,13.0,166.0,20.5,Male,2.0,21070.58,1.0,2.0
7060828,18.0,221.0,32.5,Male,2.0,82997.67,7.0,7.0
2051973,15.0,189.0,29.0,Female,2.0,16394.35,6.0,6.0
4919065,6.0,72.0,21.0,Unknown,3.0,101015.38,6.0,6.0
4728025,5.0,68.0,22.5,Unknown,3.0,46042.26,7.0,7.0
2848668,5.0,62.0,30.5,Female,2.0,13878.73,1.0,1.0
8106654,7.0,95.0,31.5,Unknown,3.0,141228.18,4.0,4.0
7303667,5.0,70.0,53.0,Unknown,3.0,127689.28999999998,7.0,7.0
8182185,7.0,90.0,26.0,Unknown,2.0,63348.81,7.0,7.0
968291,9.0,117.0,46.0,Male,2.0,22764.53,2.0,2.0
949120,13.0,164.0,31.0,Female,2.0,21986.32,1.0,1.0
6350214,12.0,155.0,45.5,Female,2.0,33697.78999999999,2.0,2.0
6896571,20.0,251.0,51.0,Male,5.0,249809.38,7.0,7.0
8753479,6.0,80.0,26.5,Male,2.0,35019.649999999994,2.0,2.0
4105796,27.0,333.0,62.5,Female,2.0,14943.769999999997,4.0,4.0
2230488,19.0,232.0,62.0,Female,2.0,798863.37,7.0,7.0
2916886,7.0,89.0,52.5,Unknown,2.0,371554.62,4.0,4.0
1357882,27.0,325.0,72.5,Male,2.0,485445.0,5.0,5.0
5683020,6.0,75.0,24.0,Unknown,4.0,73394.44,5.0,5.0
3354035,6.0,73.0,16.0,Unknown,2.0,19233.87,1.0,1.0
653448,11.0,132.0,63.0,Male,3.0,1628717.62,6.0,6.0
6266083,13.0,156.0,36.5,Male,2.0,4419093.17,2.0,2.0
6031055,14.0,178.0,71.0,Male,2.0,1307551.44,2.0,2.0
7831045,4.0,56.0,45.0,Unknown,2.0,166682.96999999997,1.0,1.0
701540,10.0,123.0,62.5,Male,2.0,56411.350000000006,3.0,3.0
195496,14.0,178.0,57.5,Unknown,2.0,21118.92,3.0,3.0
8400056,23.0,280.0,52.0,Female,3.0,76588.14,1.0,1.0
1331776,21.0,253.0,53.5,Female,2.0,96611.81,4.0,4.0
3285464,15.0,189.0,51.5,Male,2.0,99754.78,4.0,4.0
9674184,10.0,124.0,46.5,Male,2.0,133709.22999999998,7.0,7.0
1944743,15.0,191.0,56.0,Female,2.0,116223.5,4.0,4.0
8105569,6.0,75.0,36.0,Unknown,2.0,41118.71,7.0,7.0
5539441,5.0,66.0,17.0,Unknown,2.0,25102.59,1.0,1.0
1132320,35.0,421.0,62.0,Male,2.0,234303.12,1.0,1.0
3790692,4.0,58.0,21.5,Unknown,2.0,24987.02,1.0,1.0
5827862,7.0,89.0,25.5,Unknown,2.0,18983.11,4.0,4.0
2972261,6.0,72.0,35.5,Female,2.0,206665.67,1.0,1.0
2319584,20.0,248.0,73.0,Female,2.0,107242.37,6.0,6.0
2805755,7.0,85.0,18.5,Unknown,2.0,49335.25,2.0,2.0
4877296,6.0,79.0,37.5,Unknown,2.0,241913.06,7.0,7.0
8011898,13.0,167.0,27.5,Male,2.0,53331.33,3.0,3.0
6744122,15.0,185.0,68.5,Male,2.0,212847.65,3.0,3.0
9095928,9.0,115.0,32.5,Female,2.0,51829.05,3.0,3.0
3736829,12.0,146.0,66.0,Male,2.0,14502.829999999998,5.0,5.0
7884731,5.0,63.0,35.0,Male,2.0,59345.44,2.0,2.0
7176700,19.0,229.0,55.5,Female,2.0,49086.64,6.0,6.0
9108379,6.0,82.0,55.0,Unknown,2.0,35915.53,2.0,2.0
2848373,12.0,155.0,64.5,Female,3.0,101073.08,7.0,7.0
5989471,14.0,178.0,37.0,Female,2.0,116632.23,6.0,6.0
7803475,10.0,130.0,33.5,Female,2.0,42308.78999999999,1.0,1.0
6491160,4.0,59.0,29.5,Unknown,2.0,14991.519999999997,1.0,1.0
5632346,6.0,72.0,57.5,Unknown,2.0,30201.52,2.0,2.0
9189432,15.0,189.0,34.0,Male,2.0,28080.28,4.0,5.0
5633180,10.0,126.0,30.0,Unknown,4.0,51279.82,4.0,4.0
4858201,5.0,62.0,15.0,Unknown,2.0,20487.52,1.0,1.0
9219054,10.0,131.0,67.5,Female,2.0,41089.06,3.0,3.0
7417414,4.0,59.0,34.5,Unknown,2.0,35491.95,5.0,5.0
7623424,12.0,154.0,45.0,Male,2.0,30938.99,7.0,7.0
1099711,5.0,68.0,59.0,Unknown,2.0,43333.48,4.0,4.0
973795,24.0,291.0,28.0,Male,3.0,89071.13,7.0,7.0
2570040,21.0,252.0,63.0,Female,3.0,157907.22999999998,5.0,5.0
9026420,20.0,240.0,62.5,Male,3.0,44393.69,1.0,2.0
7214313,16.0,203.0,56.0,Female,2.0,23727.96,7.0,7.0
8281529,10.0,121.0,53.0,Female,2.0,21680.92,2.0,2.0
8139401,14.0,168.0,60.5,Female,2.0,61692.15,4.0,4.0
8525205,14.0,177.0,16.0,Male,2.0,30673.61,4.0,4.0
7717247,16.0,195.0,15.5,Male,2.0,24752.13,4.0,5.0
5935137,15.0,189.0,76.0,Male,2.0,439585.7,7.0,7.0
6905197,32.0,385.0,77.0,Male,2.0,16454.539999999997,3.0,3.0
5920792,16.0,196.0,40.5,Female,2.0,27780.4,3.0,3.0
6221841,12.0,147.0,43.5,Male,2.0,41776.28,2.0,2.0
1534991,12.0,145.0,26.0,Female,2.0,20679.45,1.0,1.0
535742,9.0,119.0,55.5,Female,2.0,115836.74,4.0,4.0
4979124,7.0,85.0,30.5,Unknown,2.0,38983.37,4.0,4.0
7618545,15.0,190.0,53.0,Female,2.0,138147.91,7.0,7.0
7880435,16.0,197.0,49.5,Female,2.0,142594.19,3.0,3.0
7690501,15.0,181.0,41.0,Female,2.0,83318.14,6.0,6.0
8559702,14.0,174.0,56.0,Unknown,3.0,129974.5,6.0,6.0
3198337,12.0,152.0,36.0,Female,2.0,23011.05,3.0,3.0
6514728,6.0,72.0,20.0,Unknown,2.0,44779.53999999999,2.0,2.0
9005500,23.0,277.0,38.0,Male,2.0,74460.75,7.0,7.0
9887701,21.0,261.0,61.5,Female,2.0,15915.55,7.0,7.0
8439076,9.0,116.0,48.0,Female,2.0,41190.7,5.0,5.0
3604135,4.0,58.0,49.0,Unknown,2.0,16213.989999999998,4.0,4.0
1696772,5.0,66.0,20.5,Unknown,4.0,46028.72,5.0,5.0
7210798,11.0,143.0,70.0,Female,2.0,50401.81,5.0,5.0
5970661,13.0,166.0,30.5,Male,2.0,62789.0,7.0,7.0
4127532,9.0,114.0,72.5,Male,2.0,58254.9,7.0,7.0
5227327,8.0,100.0,25.5,Unknown,3.0,52079.99,7.0,7.0
6061531,9.0,118.0,34.5,Female,2.0,20082.06,1.0,1.0
3044408,13.0,167.0,29.5,Female,3.0,45763.94,4.0,4.0
363574,9.0,108.0,51.0,Male,2.0,90351.68,2.0,2.0
6824218,5.0,70.0,62.0,Unknown,2.0,35510.0,7.0,7.0
1822954,5.0,71.0,43.0,Unknown,3.0,61612.86,5.0,5.0
6979409,7.0,89.0,51.0,Unknown,2.0,91917.01,7.0,7.0
4000812,14.0,179.0,28.5,Female,2.0,82999.68,1.0,1.0
9913218,5.0,70.0,52.5,Unknown,2.0,40209.42999999999,1.0,1.0
4736684,16.0,194.0,24.5,Male,2.0,20760.77,2.0,2.0
9495603,8.0,103.0,49.0,Unknown,2.0,34550.88,3.0,3.0
7211276,7.0,95.0,53.5,Unknown,2.0,22029.28,1.0,1.0
4215432,5.0,69.0,62.0,Female,2.0,33823.69,4.0,4.0
1528942,9.0,117.0,21.5,Female,2.0,39234.46,2.0,2.0
8905524,7.0,84.0,23.0,Unknown,2.0,53369.27,3.0,3.0
89652,7.0,91.0,56.0,Unknown,2.0,85926.39,5.0,5.0
1641582,6.0,82.0,40.0,Female,2.0,40184.99,1.0,1.0
3020342,15.0,187.0,29.5,Male,2.0,37012.58,1.0,1.0
720123,5.0,60.0,23.5,Unknown,2.0,25159.4,3.0,3.0
3282463,9.0,109.0,23.5,Female,2.0,28236.09,5.0,5.0
75413,11.0,143.0,60.0,Male,2.0,81150.01,6.0,6.0
9891475,15.0,189.0,27.0,Male,3.0,21748.67,3.0,3.0
6218213,4.0,59.0,28.5,Unknown,2.0,29271.59,1.0,2.0
3712797,13.0,166.0,25.5,Female,2.0,18238.58,3.0,3.0
7329145,6.0,82.0,79.0,Male,2.0,215248.85,7.0,7.0
2012672,13.0,166.0,62.5,Female,2.0,122291.9,5.0,5.0
5688893,7.0,95.0,55.0,Unknown,3.0,231325.13,5.0,5.0
3570714,7.0,91.0,35.5,Unknown,2.0,43506.75,3.0,3.0
3120672,14.0,174.0,63.0,Female,2.0,257173.45,7.0,7.0
3832406,20.0,246.0,42.5,Male,3.0,140766.39,7.0,7.0
5095315,19.0,230.0,61.5,Male,2.0,567283.17,7.0,7.0
9154121,7.0,92.0,24.5,Unknown,2.0,16671.449999999997,2.0,2.0
3953298,5.0,68.0,65.5,Unknown,2.0,285993.18,1.0,1.0
8509224,6.0,82.0,36.0,Unknown,2.0,41631.92999999999,7.0,7.0
9883084,5.0,68.0,23.0,Female,2.0,21323.93,1.0,1.0
3779011,11.0,142.0,60.5,Female,2.0,25865.27,3.0,3.0
4171613,6.0,83.0,57.0,Unknown,2.0,78411.45,2.0,2.0
205205,27.0,330.0,64.5,Male,2.0,60901.23999999999,6.0,6.0
3878463,8.0,97.0,53.0,Unknown,2.0,23730.16,2.0,2.0
6487240,10.0,128.0,24.5,Male,4.0,229136.14,7.0,7.0
8915524,5.0,70.0,58.5,Female,2.0,37063.3,2.0,3.0
6693022,8.0,97.0,24.0,Unknown,2.0,50898.7,6.0,6.0
8363852,3.0,39.0,67.5,Unknown,2.0,44136.86,1.0,1.0
4632540,4.0,58.0,33.5,Unknown,2.0,184835.32,2.0,2.0
2632731,9.0,118.0,53.5,Female,2.0,114030.99,5.0,5.0
5245263,7.0,86.0,50.0,Unknown,2.0,26104.66,4.0,4.0
140006,8.0,96.0,26.0,Unknown,2.0,17649.309999999998,6.0,6.0
9222947,5.0,65.0,26.5,Unknown,2.0,48425.59,5.0,5.0
19573,6.0,74.0,54.5,Unknown,3.0,310368.83,5.0,5.0
7693472,13.0,157.0,59.5,Female,2.0,353169.68,3.0,3.0
7465841,6.0,76.0,24.5,Male,2.0,30981.02,7.0,7.0
4658442,4.0,57.0,26.0,Unknown,2.0,22387.38,2.0,2.0
6842105,10.0,126.0,34.0,Male,2.0,63449.78,5.0,5.0
9410386,13.0,157.0,51.5,Female,2.0,47225.28,2.0,2.0
85917,25.0,308.0,55.5,Female,2.0,260721.14,6.0,6.0
1599801,24.0,296.0,59.0,Female,2.0,69182.45,3.0,3.0
6544244,23.0,280.0,66.5,Unknown,2.0,155450.84999999998,5.0,5.0
9987177,21.0,260.0,47.5,Unknown,3.0,119417.62,7.0,7.0
7166087,21.0,254.0,34.0,Male,2.0,67956.51,3.0,3.0
2043365,18.0,224.0,47.0,Male,3.0,22652.97,6.0,6.0
6358276,5.0,70.0,29.0,Unknown,2.0,39112.62,6.0,6.0
4902815,6.0,78.0,16.5,Unknown,2.0,17014.909999999996,1.0,1.0
3177723,10.0,129.0,63.5,Male,3.0,118466.38,3.0,3.0
251091,8.0,103.0,60.5,Unknown,2.0,221285.26,6.0,6.0
2572109,13.0,164.0,55.5,Female,2.0,108516.71,1.0,1.0
1224127,4.0,57.0,24.5,Unknown,2.0,26978.11,5.0,5.0
3410136,8.0,104.0,23.5,Female,2.0,60162.73999999999,7.0,7.0
9958128,8.0,102.0,18.5,Unknown,2.0,24488.06,6.0,6.0
6934609,32.0,389.0,75.5,Female,2.0,229340.89,7.0,7.0
883763,7.0,84.0,53.5,Unknown,2.0,67303.98999999999,4.0,4.0
8391603,16.0,199.0,72.0,Male,2.0,76888.04000000001,7.0,7.0
3280292,15.0,190.0,51.5,Female,2.0,39032.23,1.0,1.0
8330146,7.0,93.0,30.0,Unknown,2.0,41241.53,1.0,1.0
2409508,15.0,181.0,27.0,Female,2.0,164217.51,3.0,3.0
3093551,7.0,94.0,23.5,Unknown,2.0,26922.16,7.0,7.0
8721979,15.0,181.0,75.0,Male,3.0,36784.53999999999,6.0,6.0
5041164,10.0,125.0,30.5,Male,2.0,39007.36,4.0,4.0
628844,7.0,94.0,34.0,Unknown,3.0,38535.19,4.0,4.0
8512184,9.0,117.0,51.5,Female,2.0,111206.49,1.0,1.0
9239023,22.0,267.0,65.5,Unknown,2.0,59971.91,3.0,3.0
4583248,17.0,208.0,30.5,Male,2.0,153356.49,7.0,7.0
775291,24.0,294.0,73.0,Male,2.0,1426949.66,3.0,3.0
6138876,4.0,58.0,23.5,Unknown,5.0,842884.26,7.0,7.0
7216922,9.0,112.0,33.5,Unknown,2.0,91937.93,2.0,2.0
5368273,6.0,73.0,47.0,Male,2.0,44874.94,2.0,2.0
3816520,6.0,78.0,23.5,Unknown,2.0,35348.649999999994,4.0,4.0
2022900,27.0,324.0,54.0,Male,3.0,349085.61,7.0,7.0
9114356,8.0,101.0,51.5,Unknown,2.0,47500.48,1.0,1.0
709112,4.0,58.0,30.5,Unknown,2.0,25830.41,1.0,1.0
6651043,5.0,71.0,52.0,Unknown,2.0,49538.94,4.0,4.0
8173859,6.0,76.0,23.0,Unknown,2.0,22364.66,6.0,6.0
7674410,8.0,106.0,49.0,Female,2.0,46166.63,1.0,1.0
8246765,7.0,88.0,53.0,Unknown,2.0,19826.31,7.0,7.0
9569814,7.0,91.0,42.5,Unknown,2.0,93947.18,3.0,3.0
73649,11.0,143.0,27.5,Male,2.0,25320.28,2.0,2.0
5723215,5.0,66.0,30.0,Unknown,2.0,31986.59,6.0,6.0
5580801,5.0,62.0,30.0,Male,3.0,94715.13,5.0,5.0
434961,6.0,83.0,28.0,Female,2.0,63658.59,7.0,7.0
1091167,19.0,237.0,73.0,Male,2.0,212290.64,7.0,7.0
6261504,10.0,128.0,28.0,Female,2.0,38867.03999999999,3.0,3.0
8633236,13.0,166.0,29.0,Male,2.0,92549.56,6.0,6.0
5827436,4.0,58.0,16.0,Unknown,2.0,15365.55,7.0,7.0
6921001,4.0,58.0,19.5,Unknown,2.0,16791.289999999997,5.0,5.0
2868701,13.0,160.0,28.0,Male,4.0,129567.7,4.0,4.0
7573542,13.0,157.0,33.0,Female,2.0,88121.72,5.0,5.0
8149963,8.0,103.0,47.0,Unknown,2.0,19128.48,3.0,4.0
5263907,4.0,51.0,49.0,Male,2.0,245498.03,1.0,1.0
4578185,11.0,142.0,20.5,Male,2.0,61427.28,1.0,1.0
3859913,14.0,179.0,37.0,Female,2.0,126236.77000000002,1.0,1.0
5295970,5.0,66.0,19.5,Unknown,4.0,35526.13,2.0,2.0
3151288,11.0,140.0,34.0,Unknown,2.0,103291.76,4.0,4.0
7608825,24.0,295.0,51.5,Male,3.0,917976.22,7.0,7.0
7108081,22.0,271.0,84.5,Male,2.0,76529.91,2.0,2.0
8941069,22.0,268.0,60.5,Female,2.0,131253.66,5.0,5.0
7251375,19.0,232.0,39.0,Female,2.0,20547.23,4.0,5.0
460049,22.0,269.0,56.5,Female,2.0,695397.1900000001,6.0,6.0
3374253,14.0,169.0,30.0,Female,2.0,77383.95999999999,3.0,3.0
2918855,13.0,165.0,55.5,Male,2.0,72074.45,1.0,1.0
4855873,16.0,194.0,68.5,Male,2.0,47468.7,3.0,3.0
3340207,11.0,139.0,22.0,Male,3.0,26317.92,7.0,7.0
7877344,8.0,107.0,49.0,Male,2.0,82646.31999999999,3.0,3.0
385606,5.0,70.0,54.0,Unknown,2.0,43983.42999999999,4.0,4.0
5612400,6.0,74.0,46.0,Unknown,3.0,228966.56,7.0,7.0
4118208,6.0,81.0,50.5,Unknown,2.0,46562.01,2.0,2.0
516153,6.0,82.0,32.5,Unknown,2.0,39851.28,2.0,2.0
6324708,5.0,69.0,50.0,Unknown,2.0,411386.44,5.0,5.0
3222808,10.0,129.0,35.5,Male,2.0,80822.37,5.0,5.0
1764373,9.0,111.0,75.0,Male,2.0,84750.66,3.0,3.0
825244,22.0,275.0,60.0,Female,3.0,195885.33,5.0,5.0
9767284,20.0,240.0,49.0,Male,3.0,33965.45,5.0,5.0
3645989,17.0,209.0,38.5,Male,2.0,192256.13,1.0,1.0
6467006,9.0,109.0,31.5,Female,2.0,113132.87,2.0,2.0
2765938,6.0,75.0,18.5,Unknown,2.0,15272.449999999995,3.0,4.0
7514945,5.0,64.0,22.0,Unknown,2.0,35176.46,7.0,7.0
9184871,7.0,94.0,26.5,Unknown,3.0,52764.9,7.0,7.0
2585085,16.0,198.0,35.5,Male,2.0,89817.81,5.0,5.0
8181596,12.0,154.0,26.5,Male,2.0,17575.519999999997,1.0,1.0
1630414,11.0,140.0,25.0,Male,2.0,63531.67999999999,4.0,4.0
9315851,12.0,149.0,20.0,Male,3.0,147844.65999999997,7.0,7.0
4863893,7.0,94.0,34.5,Unknown,2.0,57798.29000000001,1.0,1.0
1598993,4.0,50.0,42.0,Unknown,2.0,229147.21,7.0,7.0
629298,7.0,88.0,39.5,Unknown,2.0,38738.42999999999,2.0,2.0
4593296,12.0,153.0,26.5,Female,2.0,16252.769999999997,2.0,2.0
8076848,6.0,80.0,54.5,Unknown,2.0,15233.48,1.0,1.0
2935881,8.0,104.0,30.5,Male,4.0,82064.02,5.0,5.0
1706651,16.0,199.0,30.5,Male,4.0,68777.43,7.0,7.0
133389,5.0,66.0,20.5,Unknown,2.0,19045.53,3.0,3.0
2931756,18.0,223.0,39.5,Male,2.0,26621.77,7.0,7.0
1208437,7.0,85.0,38.5,Unknown,2.0,33408.7,3.0,3.0
3649810,18.0,217.0,54.5,Female,2.0,41539.31,2.0,2.0
4741440,8.0,106.0,41.5,Female,2.0,15575.589999999997,1.0,1.0
7779779,23.0,282.0,39.5,Male,3.0,53473.06,6.0,6.0
4585543,21.0,254.0,64.5,Male,4.0,281919.37,7.0,7.0
1610253,4.0,58.0,22.5,Unknown,2.0,16025.669999999998,4.0,4.0
629582,13.0,161.0,30.5,Male,2.0,86799.81,4.0,4.0
5898378,12.0,150.0,46.5,Male,3.0,17312.969999999998,7.0,7.0
3889562,7.0,84.0,29.5,Unknown,2.0,17050.12,1.0,1.0
3554053,6.0,72.0,75.5,Unknown,2.0,260472.56,6.0,6.0
5679636,5.0,71.0,57.5,Unknown,3.0,16848.489999999998,3.0,3.0
6701611,14.0,171.0,31.5,Male,3.0,129663.69,7.0,7.0
9512617,4.0,58.0,63.5,Unknown,2.0,29101.41,1.0,1.0
9178528,7.0,92.0,39.5,Unknown,2.0,34980.259999999995,3.0,3.0
4072704,7.0,96.0,29.5,Unknown,2.0,49764.17,2.0,2.0
101573,15.0,185.0,52.0,Male,3.0,82812.25,7.0,7.0
2753935,10.0,127.0,40.0,Female,2.0,24361.61,3.0,3.0
38854,6.0,75.0,26.0,Male,3.0,34555.73,6.0,6.0
6272871,23.0,285.0,64.5,Male,2.0,236030.6,4.0,5.0
3415483,23.0,278.0,26.5,Unknown,2.0,55709.67,2.0,2.0
932722,19.0,238.0,46.0,Male,2.0,115800.6,3.0,3.0
1898266,19.0,228.0,36.0,Male,3.0,118461.63,7.0,7.0
3417673,18.0,219.0,50.5,Male,2.0,127028.81,6.0,6.0
5974028,10.0,126.0,41.5,Male,2.0,25676.55,2.0,2.0
5966107,4.0,52.0,23.5,Unknown,3.0,46381.82,7.0,7.0
6067888,12.0,145.0,54.5,Male,2.0,120386.46,5.0,5.0
8807910,7.0,87.0,64.5,Unknown,2.0,32419.08,3.0,4.0
9496914,6.0,72.0,54.5,Male,2.0,133086.31,7.0,7.0
6485398,10.0,129.0,35.0,Female,2.0,63749.19,2.0,2.0
1812423,9.0,116.0,58.5,Male,2.0,41364.25,1.0,1.0
4555277,28.0,340.0,52.0,Female,3.0,87525.19,4.0,4.0
3902361,6.0,80.0,65.0,Unknown,3.0,66999.44,4.0,4.0
4192750,15.0,181.0,31.5,Male,2.0,119728.18,2.0,3.0
9037981,5.0,71.0,23.5,Unknown,2.0,35546.21,7.0,7.0
6646318,22.0,275.0,61.0,Female,4.0,136687.38,7.0,7.0
73496,7.0,94.0,55.0,Unknown,2.0,138775.89,2.0,2.0
5736018,17.0,209.0,57.5,Male,2.0,95228.95,7.0,7.0
4006026,8.0,98.0,55.0,Male,2.0,129770.11,7.0,7.0
9787920,15.0,180.0,53.0,Male,2.0,28879.52,7.0,7.0
1331718,20.0,241.0,35.0,Male,2.0,50365.28,7.0,7.0
9805628,8.0,101.0,77.5,Unknown,2.0,25221.0,7.0,7.0
3286969,7.0,93.0,27.5,Unknown,4.0,146174.13,7.0,7.0
9419331,7.0,94.0,41.5,Unknown,2.0,55350.92,2.0,2.0
9475539,14.0,178.0,27.5,Male,2.0,30400.300000000003,5.0,5.0
9089303,11.0,136.0,28.0,Male,2.0,18653.64,2.0,2.0
543613,4.0,57.0,52.5,Female,2.0,90935.45,1.0,1.0
3476528,21.0,261.0,40.0,Male,2.0,32784.44,1.0,1.0
2923831,4.0,57.0,30.5,Unknown,3.0,33146.27,6.0,6.0
1931783,6.0,82.0,26.5,Unknown,2.0,41916.67999999999,1.0,1.0
6602019,6.0,82.0,68.5,Unknown,2.0,363747.73,4.0,4.0
1671678,17.0,207.0,41.5,Male,2.0,29167.94,5.0,5.0
2328354,9.0,118.0,28.0,Male,3.0,68505.03,2.0,2.0
6643505,21.0,253.0,45.0,Female,3.0,161446.59999999998,3.0,3.0
9504951,14.0,176.0,32.5,Female,2.0,14240.519999999997,1.0,1.0
791403,11.0,136.0,73.0,Male,2.0,156058.99,1.0,1.0
5424893,25.0,306.0,62.5,Male,3.0,445813.67,5.0,6.0
5998234,12.0,144.0,30.5,Male,2.0,244294.33,7.0,7.0
1373379,8.0,106.0,43.5,Male,2.0,42609.87,1.0,1.0
2184737,10.0,121.0,64.0,Male,2.0,186192.04,1.0,1.0
3797507,5.0,67.0,71.5,Unknown,2.0,19720.9,1.0,1.0
6542063,6.0,82.0,58.5,Unknown,2.0,37790.4,7.0,7.0
5011275,6.0,77.0,35.5,Unknown,2.0,83582.86,7.0,7.0
1839899,9.0,116.0,55.0,Female,2.0,64225.73999999999,5.0,5.0
92017,5.0,70.0,24.0,Unknown,2.0,13857.699999999995,1.0,1.0
4125715,34.0,409.0,67.5,Male,3.0,481257.73,7.0,7.0
2918225,5.0,68.0,47.0,Female,2.0,23374.28,3.0,3.0
7967205,4.0,51.0,53.0,Unknown,2.0,160626.55,5.0,5.0
6808755,17.0,214.0,79.5,Female,2.0,117262.39,7.0,7.0
1801774,15.0,190.0,54.5,Male,2.0,108993.09,2.0,2.0
2768823,14.0,170.0,48.0,Female,2.0,51214.49,3.0,3.0
367527,7.0,85.0,58.5,Unknown,2.0,45542.28999999999,1.0,1.0
7376949,9.0,118.0,47.0,Male,2.0,17774.739999999998,6.0,6.0
2908200,10.0,131.0,57.0,Male,2.0,18088.69,2.0,2.0
8874460,2.0,34.0,52.5,Unknown,2.0,17939.62,7.0,7.0
3749610,5.0,66.0,61.5,Female,2.0,39623.47,1.0,1.0
7434087,31.0,374.0,52.0,Male,3.0,2633640.6,7.0,7.0
8443003,10.0,130.0,66.5,Female,2.0,67297.42,4.0,6.0
5172720,13.0,157.0,39.5,Female,2.0,25260.42,1.0,1.0
4221756,7.0,94.0,55.0,Unknown,2.0,71309.25,4.0,4.0
5211762,4.0,58.0,18.0,Unknown,2.0,24536.73,3.0,3.0
6636752,7.0,85.0,53.0,Unknown,2.0,428637.42,6.0,6.0
4743612,18.0,217.0,34.5,Male,2.0,25783.58,2.0,2.0
3712581,4.0,58.0,20.5,Unknown,3.0,27460.72,4.0,4.0
6797000,4.0,59.0,41.0,Male,2.0,113422.96,6.0,6.0
6222308,27.0,330.0,61.0,Male,2.0,283771.65,7.0,7.0
3337690,4.0,58.0,32.5,Unknown,2.0,38366.15,6.0,6.0
2874777,11.0,143.0,31.0,Male,2.0,42319.52,4.0,4.0
3367490,7.0,86.0,33.5,Unknown,2.0,68366.97,3.0,3.0
8331296,6.0,72.0,64.0,Unknown,2.0,49280.12,7.0,7.0
7326925,6.0,73.0,65.0,Female,2.0,36089.88,7.0,7.0
9030886,4.0,56.0,20.5,Unknown,2.0,28844.95,3.0,3.0
5717743,15.0,181.0,71.0,Male,2.0,27510.009999999995,3.0,3.0
8699217,13.0,165.0,70.0,Female,2.0,155407.61,3.0,3.0
5828755,12.0,151.0,51.0,Unknown,2.0,19779.03,2.0,2.0
8306138,6.0,81.0,48.0,Unknown,2.0,552842.3400000001,6.0,6.0
5564080,6.0,72.0,26.0,Unknown,2.0,62148.11,4.0,4.0
8505526,13.0,164.0,35.5,Male,2.0,65886.6,6.0,6.0
66071,12.0,155.0,44.5,Male,2.0,21543.64,5.0,5.0
6254411,14.0,179.0,35.0,Female,2.0,150730.66999999998,7.0,7.0
5807523,8.0,106.0,46.0,Male,2.0,444464.94,3.0,3.0
9997801,15.0,188.0,30.5,Male,2.0,185284.61,3.0,3.0
624334,27.0,335.0,54.5,Female,3.0,191641.9,2.0,2.0
2360725,24.0,288.0,25.0,Female,2.0,19497.17,3.0,3.0
8776424,22.0,264.0,59.5,Male,2.0,62259.62,7.0,7.0
8919247,21.0,262.0,44.0,Female,3.0,92180.23,6.0,6.0
3186076,17.0,212.0,36.0,Female,3.0,862155.55,5.0,5.0
5184497,17.0,209.0,61.5,Male,2.0,20236.5,5.0,5.0
4437024,15.0,180.0,36.5,Female,3.0,51128.09,3.0,3.0
983001,5.0,64.0,38.0,Unknown,2.0,23529.74,4.0,4.0
8674417,5.0,60.0,28.0,Male,2.0,47301.73,7.0,7.0
8480487,26.0,315.0,75.0,Male,3.0,44471.05,7.0,7.0
4577728,5.0,65.0,31.5,Unknown,2.0,33826.66,1.0,1.0
7319129,5.0,63.0,28.0,Female,2.0,15814.649999999998,3.0,3.0
8256341,17.0,204.0,42.0,Male,2.0,66102.95,2.0,2.0
6266903,15.0,191.0,63.5,Female,2.0,106927.51,7.0,7.0
9606756,27.0,328.0,65.5,Male,2.0,29807.16,3.0,3.0
6927449,7.0,94.0,54.0,Unknown,2.0,20329.73,2.0,2.0
1572704,7.0,94.0,24.0,Unknown,2.0,38933.17999999999,2.0,2.0
6339303,9.0,110.0,64.0,Male,2.0,504339.46,6.0,6.0
1075753,8.0,100.0,39.0,Unknown,3.0,73706.70999999999,7.0,7.0
686121,26.0,319.0,44.5,Male,2.0,16884.079999999998,2.0,2.0
9088363,21.0,259.0,60.0,Female,2.0,46706.1,4.0,4.0
7817249,18.0,223.0,50.5,Female,2.0,23916.39,1.0,1.0
2736134,15.0,185.0,41.5,Female,2.0,125039.13,1.0,1.0
7030235,13.0,157.0,44.5,Female,2.0,47050.23,3.0,3.0
9791390,8.0,97.0,62.5,Unknown,2.0,22001.96,2.0,2.0
7845558,6.0,83.0,53.5,Unknown,2.0,116803.37,6.0,6.0
6023031,6.0,72.0,28.0,Unknown,3.0,147957.56,5.0,5.0
5939700,6.0,77.0,56.5,Female,2.0,18990.38,4.0,4.0
5058986,15.0,182.0,41.5,Male,3.0,65490.62,7.0,7.0
3843888,17.0,214.0,33.5,Male,3.0,176137.21000000002,7.0,7.0
9776102,6.0,75.0,22.5,Unknown,2.0,53396.45,7.0,7.0
7074317,9.0,113.0,22.5,Female,2.0,27753.119999999995,1.0,1.0
7640733,5.0,64.0,20.5,Unknown,2.0,30221.03,4.0,4.0
96617,5.0,62.0,26.5,Unknown,3.0,155409.39,7.0,7.0
1004375,9.0,119.0,52.5,Male,2.0,59631.12,3.0,3.0
1933343,6.0,83.0,56.5,Unknown,2.0,23888.72,2.0,2.0
6507973,5.0,66.0,15.5,Unknown,2.0,15713.429999999997,3.0,3.0
7489444,18.0,216.0,45.5,Male,3.0,136226.14,6.0,6.0
4488443,15.0,190.0,69.5,Male,2.0,375343.96,6.0,6.0
7282265,15.0,189.0,42.5,Female,2.0,18963.95,1.0,1.0
7648782,4.0,57.0,24.0,Unknown,2.0,24195.77,1.0,1.0
3002499,16.0,195.0,37.5,Male,2.0,55574.64,2.0,2.0
602549,8.0,107.0,32.5,Male,2.0,73649.9,2.0,2.0
1488048,4.0,59.0,62.5,Unknown,2.0,24447.54,5.0,5.0
5882288,4.0,59.0,28.5,Unknown,2.0,27902.04,4.0,4.0
8395614,8.0,101.0,23.5,Unknown,2.0,25050.28,3.0,3.0
5618761,14.0,176.0,63.0,Male,2.0,213263.24,1.0,1.0
3511136,4.0,59.0,22.5,Unknown,2.0,28768.25,6.0,6.0
4672215,12.0,153.0,46.5,Male,2.0,61712.04000000001,7.0,7.0
1971124,5.0,70.0,43.5,Unknown,2.0,28081.9,1.0,1.0
8327715,5.0,71.0,62.0,Unknown,2.0,50437.21,3.0,3.0
7177496,34.0,408.0,57.5,Female,2.0,41348.69,2.0,2.0
3426149,20.0,241.0,75.0,Female,2.0,22910.56,2.0,2.0
7979867,5.0,66.0,23.0,Unknown,3.0,18708.7,4.0,4.0
9580734,6.0,82.0,64.0,Unknown,2.0,133817.56,3.0,3.0
7132164,13.0,160.0,43.5,Female,2.0,30986.64,3.0,3.0
8853042,4.0,58.0,32.5,Unknown,2.0,42449.05,4.0,4.0
1253080,7.0,88.0,23.0,Unknown,2.0,15615.149999999998,2.0,2.0
6689461,6.0,75.0,36.5,Unknown,2.0,26265.64,3.0,3.0
3183964,6.0,83.0,31.5,Unknown,4.0,78161.41,7.0,7.0
91131,16.0,201.0,29.5,Male,3.0,66048.82,7.0,7.0
8018041,14.0,171.0,56.5,Female,2.0,890031.15,3.0,3.0
5465577,6.0,81.0,23.5,Unknown,2.0,79009.70999999999,2.0,2.0
5481068,6.0,75.0,28.0,Unknown,2.0,34612.61,6.0,6.0
2872890,13.0,166.0,54.0,Female,2.0,18341.74,1.0,1.0
6369297,8.0,101.0,69.5,Unknown,3.0,167899.15000000002,7.0,7.0
1007424,24.0,296.0,71.5,Female,2.0,14807.3,1.0,2.0
1979088,20.0,250.0,33.0,Female,3.0,201530.48,6.0,6.0
8023692,4.0,58.0,60.5,Unknown,2.0,320780.75,2.0,2.0
8303741,5.0,70.0,51.5,Unknown,2.0,17983.93,4.0,4.0
7871880,12.0,154.0,47.5,Male,2.0,31373.509999999995,1.0,1.0
1758177,28.0,340.0,67.0,Male,2.0,386603.18,3.0,3.0
410160,16.0,193.0,58.0,Female,2.0,35054.42,2.0,2.0
5174895,12.0,150.0,46.5,Female,2.0,70348.01,1.0,1.0
1379952,5.0,68.0,62.5,Female,2.0,51084.85,3.0,3.0
8005074,7.0,85.0,51.0,Unknown,2.0,170018.8,4.0,4.0
4717728,10.0,120.0,38.0,Male,4.0,997286.55,6.0,6.0
3508452,7.0,96.0,61.5,Unknown,2.0,381818.37,7.0,7.0
779544,11.0,133.0,57.0,Female,2.0,303107.17,1.0,1.0
4955089,4.0,59.0,46.5,Female,2.0,47614.73,7.0,7.0
1278338,24.0,294.0,59.5,Female,2.0,86025.24,3.0,3.0
2297282,22.0,273.0,54.0,Male,3.0,482107.79,7.0,7.0
919449,21.0,261.0,40.0,Unknown,2.0,25162.509999999995,2.0,2.0
2544384,17.0,211.0,49.5,Male,2.0,24509.02,1.0,1.0
8917849,14.0,178.0,34.5,Female,2.0,90923.08,2.0,2.0
2679052,13.0,166.0,52.5,Male,2.0,111178.35,2.0,2.0
6336103,9.0,110.0,43.0,Male,2.0,35975.95,3.0,3.0
4109322,12.0,150.0,25.5,Male,2.0,21725.06,2.0,2.0
6388871,12.0,154.0,44.0,Male,2.0,38293.62,4.0,4.0
7514731,6.0,74.0,52.0,Unknown,2.0,85435.41,4.0,4.0
9764580,5.0,70.0,50.5,Unknown,2.0,22774.869999999995,6.0,6.0
1412574,12.0,149.0,41.5,Male,2.0,254939.61,3.0,3.0
9200862,4.0,58.0,54.0,Unknown,2.0,22999.78,1.0,1.0
9201060,8.0,98.0,52.0,Unknown,2.0,457371.58,1.0,1.0
4113295,7.0,84.0,45.0,Unknown,2.0,23971.58,1.0,1.0
3099308,5.0,65.0,24.5,Unknown,3.0,48008.9,5.0,5.0
6028563,10.0,120.0,37.0,Female,2.0,21210.88,3.0,3.0
5014592,7.0,88.0,23.5,Unknown,2.0,19016.77,7.0,7.0
1095537,14.0,178.0,57.5,Male,2.0,324047.16,6.0,6.0
4219943,14.0,179.0,48.5,Male,2.0,26937.24,1.0,1.0
847945,15.0,181.0,41.5,Female,2.0,33676.89,1.0,1.0
6055205,19.0,230.0,53.0,Male,2.0,74377.65,2.0,2.0
6700703,20.0,250.0,55.0,Female,3.0,386326.81,3.0,3.0
8651921,18.0,216.0,36.5,Female,4.0,399753.11,7.0,7.0
15688,16.0,200.0,30.5,Female,2.0,20889.02,3.0,3.0
9701010,9.0,112.0,43.0,Male,2.0,130345.32,1.0,1.0
5163553,11.0,136.0,43.0,Female,2.0,14296.239999999998,1.0,1.0
5061221,5.0,69.0,24.5,Unknown,2.0,68390.72,4.0,4.0
1696622,9.0,118.0,36.5,Female,2.0,90031.64,5.0,5.0
6769413,6.0,73.0,29.5,Male,3.0,26296.2,2.0,2.0
6118042,4.0,57.0,47.5,Unknown,2.0,75837.81,5.0,5.0
2639524,15.0,188.0,47.5,Unknown,2.0,65867.35,7.0,7.0
1504221,7.0,94.0,21.5,Unknown,2.0,29828.79,4.0,4.0
9435582,9.0,109.0,26.5,Male,2.0,51915.71,7.0,7.0
2446012,16.0,193.0,76.0,Female,2.0,94709.51,7.0,7.0
9876987,17.0,205.0,36.5,Female,2.0,25195.83,6.0,6.0
4779525,28.0,344.0,42.5,Male,2.0,26231.6,3.0,3.0
4382735,9.0,115.0,33.0,Male,2.0,41129.26,2.0,2.0
8436021,24.0,294.0,26.5,Female,2.0,26886.46,3.0,4.0
8998049,24.0,289.0,41.0,Male,3.0,164604.96999999997,2.0,2.0
1821563,23.0,279.0,70.0,Female,2.0,53025.82,3.0,3.0
6028593,22.0,270.0,62.0,Male,2.0,667288.75,7.0,7.0
357504,20.0,241.0,57.0,Male,2.0,136815.16999999998,3.0,3.0
401640,4.0,59.0,22.5,Unknown,3.0,302510.31,4.0,4.0
1665707,33.0,402.0,58.0,Male,3.0,276310.9,2.0,2.0
3545363,6.0,83.0,22.5,Unknown,2.0,27434.64,1.0,1.0
1691823,5.0,71.0,55.0,Female,2.0,20724.99,6.0,6.0
519780,16.0,195.0,45.0,Female,2.0,28071.43,1.0,1.0
4392976,5.0,71.0,60.5,Male,2.0,374814.38,4.0,4.0
151682,8.0,97.0,76.0,Unknown,2.0,68667.13,2.0,2.0
672239,16.0,193.0,48.0,Unknown,3.0,86609.95999999999,5.0,5.0
2586683,15.0,181.0,38.0,Female,2.0,27187.29,1.0,1.0
229473,9.0,113.0,55.5,Female,2.0,73646.93,5.0,5.0
431605,4.0,57.0,25.5,Unknown,2.0,22128.78,7.0,7.0
6771052,6.0,72.0,40.0,Female,2.0,50019.71,4.0,4.0
2422167,14.0,173.0,50.0,Male,2.0,97743.57,3.0,3.0
5407201,8.0,106.0,56.0,Male,2.0,43386.22,2.0,3.0
4664207,12.0,146.0,25.5,Female,2.0,31177.97,6.0,6.0
5563320,15.0,180.0,67.5,Female,2.0,28972.19,4.0,5.0
4701492,13.0,165.0,35.0,Female,3.0,80889.70999999999,5.0,6.0
1194227,6.0,75.0,27.5,Unknown,3.0,42330.42999999999,1.0,1.0
2603498,6.0,72.0,42.5,Unknown,2.0,29790.73,3.0,3.0
7982830,16.0,195.0,66.0,Female,2.0,38621.19,7.0,7.0
5183233,12.0,147.0,38.5,Male,2.0,64165.94,2.0,2.0
905323,9.0,110.0,63.0,Female,2.0,15010.719999999998,3.0,3.0
2545247,6.0,83.0,38.0,Unknown,2.0,164073.25,7.0,7.0
5019994,25.0,306.0,54.0,Female,3.0,86866.2,6.0,6.0
2361730,23.0,276.0,15.5,Female,2.0,33692.31,3.0,3.0
4340520,16.0,203.0,78.0,Female,2.0,52969.0,3.0,3.0
3786303,4.0,58.0,28.0,Unknown,2.0,16992.03,4.0,4.0
1517191,6.0,75.0,34.5,Unknown,2.0,27889.11,1.0,1.0
3806912,10.0,122.0,57.0,Female,2.0,163316.84999999998,2.0,2.0
4012395,6.0,83.0,26.5,Unknown,2.0,19545.44,1.0,1.0
3965319,8.0,106.0,26.5,Male,2.0,43362.47,1.0,3.0
4485861,13.0,167.0,21.5,Female,2.0,19038.97,3.0,3.0
1740643,11.0,133.0,72.5,Female,2.0,121634.25,7.0,7.0
1085689,12.0,152.0,67.5,Male,2.0,587575.79,5.0,5.0
30096,14.0,169.0,67.0,Male,2.0,54312.98,1.0,1.0
1438494,6.0,81.0,45.5,Unknown,2.0,34677.77,2.0,2.0
2467030,10.0,122.0,58.5,Female,2.0,29283.83,6.0,6.0
6658455,15.0,182.0,46.0,Female,2.0,29777.56,1.0,1.0
6557705,12.0,144.0,49.0,Female,2.0,27711.55,2.0,3.0
5260335,20.0,247.0,43.0,Male,2.0,48765.37,5.0,5.0
8905586,22.0,267.0,66.0,Unknown,5.0,427607.92,7.0,7.0
4007411,22.0,264.0,26.0,Female,2.0,345994.31,4.0,4.0
8055384,5.0,68.0,21.0,Unknown,2.0,17157.53,1.0,2.0
2243117,14.0,173.0,52.0,Unknown,3.0,91310.59,3.0,3.0
2244295,13.0,158.0,63.0,Female,2.0,76589.78,1.0,1.0
8200156,9.0,109.0,16.0,Male,2.0,18388.92,2.0,2.0
9967557,11.0,141.0,29.0,Unknown,4.0,112811.78,3.0,3.0
507061,16.0,196.0,54.0,Female,2.0,772796.6900000001,7.0,7.0
5116681,10.0,123.0,51.5,Female,2.0,27566.92,5.0,5.0
9652968,9.0,110.0,52.0,Female,2.0,34003.78999999999,2.0,2.0
7960996,5.0,65.0,21.0,Unknown,2.0,28197.75,7.0,7.0
93195,6.0,78.0,50.0,Male,2.0,19061.9,3.0,3.0
5754569,5.0,69.0,20.0,Unknown,2.0,160781.03999999998,4.0,4.0
9258234,15.0,189.0,54.0,Male,2.0,82234.97,2.0,2.0
4110049,9.0,109.0,32.5,Female,3.0,25015.94,1.0,1.0
3692443,15.0,185.0,47.0,Female,3.0,537474.43,2.0,2.0
5470379,6.0,83.0,52.5,Unknown,2.0,105436.18,1.0,1.0
4680299,5.0,70.0,23.0,Unknown,2.0,50489.83,3.0,3.0
3303169,6.0,83.0,62.0,Unknown,2.0,29178.78,2.0,2.0
3073838,14.0,174.0,31.0,Male,3.0,93844.59,7.0,7.0
6708278,6.0,76.0,48.0,Unknown,3.0,246246.53,7.0,7.0
2554026,6.0,72.0,20.0,Unknown,2.0,20777.88,5.0,5.0
3614090,5.0,70.0,25.5,Unknown,2.0,46547.19,4.0,4.0
1317942,5.0,71.0,38.5,Unknown,2.0,41746.85,1.0,1.0
8926613,23.0,277.0,58.0,Male,2.0,43912.47,7.0,7.0
5331024,21.0,256.0,57.5,Male,2.0,496057.97,3.0,3.0
3664780,17.0,215.0,68.0,Male,2.0,98986.81,2.0,3.0
8512747,12.0,144.0,45.0,Female,2.0,29578.82,1.0,1.0
6786595,5.0,68.0,64.0,Male,2.0,788731.56,2.0,3.0
478451,10.0,126.0,48.5,Female,2.0,45512.63,4.0,4.0
518737,12.0,144.0,42.0,Male,2.0,34015.57,1.0,1.0
3450006,6.0,80.0,39.5,Unknown,3.0,77040.26,3.0,4.0
2084022,16.0,194.0,55.5,Female,2.0,148442.62,3.0,3.0
3847857,8.0,106.0,56.5,Female,2.0,83752.29,4.0,4.0
9624624,13.0,157.0,33.5,Male,2.0,88524.18,7.0,7.0
711754,15.0,189.0,50.0,Male,3.0,144457.26,7.0,7.0
2084449,35.0,426.0,39.0,Male,2.0,52564.76,3.0,3.0
9497958,4.0,59.0,19.5,Unknown,3.0,72847.17,7.0,7.0
3380905,12.0,150.0,40.0,Female,2.0,281624.53,6.0,6.0
5956435,9.0,112.0,61.0,Female,2.0,76730.51,7.0,7.0
4714678,15.0,190.0,64.0,Female,2.0,43914.15,4.0,4.0
2265213,11.0,136.0,30.5,Female,3.0,54350.61,1.0,1.0
4042637,15.0,184.0,53.5,Female,2.0,19430.45,3.0,3.0
416556,23.0,277.0,59.0,Male,3.0,288867.01,7.0,7.0
9496169,17.0,205.0,21.5,Female,2.0,19376.41,2.0,2.0
7733101,7.0,94.0,49.5,Unknown,2.0,25501.06,3.0,3.0
6668426,21.0,253.0,45.5,Male,2.0,502136.96,7.0,7.0
1806087,4.0,54.0,57.0,Male,2.0,111121.64,7.0,7.0
5874073,7.0,92.0,39.5,Unknown,2.0,90640.86,2.0,2.0
2001922,4.0,58.0,46.5,Unknown,2.0,36074.85,2.0,2.0
4027434,7.0,96.0,57.0,Female,2.0,22694.65,1.0,1.0
4286550,11.0,143.0,37.5,Female,2.0,51975.92,2.0,2.0
5566401,33.0,407.0,85.0,Male,2.0,44383.15,3.0,3.0
6881986,20.0,243.0,58.5,Male,2.0,13906.94,4.0,4.0
4691164,6.0,74.0,39.0,Unknown,2.0,153098.34999999998,7.0,7.0
8177385,7.0,87.0,33.5,Unknown,2.0,64044.78,7.0,7.0
7006407,6.0,79.0,27.5,Unknown,2.0,32968.47,7.0,7.0
9918449,4.0,59.0,47.5,Unknown,2.0,29217.45,7.0,7.0
2624304,5.0,68.0,40.0,Female,2.0,76654.69,5.0,5.0
4651603,7.0,92.0,24.5,Unknown,2.0,39798.78999999999,7.0,7.0
2791557,22.0,275.0,76.0,Male,2.0,19229.15,1.0,1.0
8494224,14.0,170.0,63.0,Male,2.0,17728.93,1.0,1.0
1924536,10.0,129.0,22.5,Male,2.0,18116.13,4.0,4.0
4555858,11.0,133.0,27.5,Female,2.0,60215.23999999999,7.0,7.0
4925502,7.0,86.0,61.0,Unknown,2.0,33339.24,1.0,1.0
2027598,11.0,132.0,64.5,Female,2.0,23909.66,5.0,5.0
8150306,13.0,161.0,48.5,Female,2.0,139472.51,2.0,2.0
5878461,34.0,417.0,73.0,Male,2.0,44791.03,2.0,3.0
6277735,15.0,183.0,29.5,Male,2.0,127952.78999999998,4.0,4.0
4782846,5.0,64.0,25.5,Unknown,2.0,31141.08,3.0,3.0
5076183,3.0,38.0,19.0,Unknown,3.0,60177.45999999999,6.0,6.0
1962414,34.0,419.0,69.5,Male,2.0,388690.64,7.0,7.0
5816976,13.0,166.0,33.0,Male,2.0,29120.25,7.0,7.0
9939765,16.0,192.0,74.5,Male,2.0,21339.87,1.0,1.0
90539,14.0,168.0,26.0,Female,2.0,132616.47999999998,4.0,4.0
2633544,24.0,288.0,59.0,Male,2.0,242569.28,2.0,2.0
1049564,20.0,244.0,55.0,Male,3.0,47197.56,5.0,5.0
7472760,18.0,227.0,45.5,Female,2.0,90090.86,1.0,1.0
7975036,12.0,152.0,27.0,Male,2.0,34177.86,5.0,5.0
4401039,5.0,66.0,46.5,Unknown,2.0,18804.77,3.0,3.0
2127733,18.0,219.0,41.0,Unknown,2.0,23903.06,1.0,1.0
6699839,11.0,134.0,40.5,Male,2.0,23165.91,1.0,1.0
5103631,5.0,68.0,51.5,Unknown,2.0,40576.16,1.0,1.0
1970588,16.0,193.0,73.0,Male,2.0,180928.39,6.0,6.0
7115068,15.0,182.0,29.5,Female,2.0,94480.95,3.0,3.0
9444638,5.0,71.0,40.5,Unknown,2.0,345365.65,4.0,4.0
2502595,9.0,116.0,22.5,Male,2.0,16758.75,1.0,1.0
8675495,5.0,71.0,25.5,Unknown,2.0,16435.73,2.0,2.0
1653084,6.0,75.0,37.0,Unknown,2.0,451587.97,7.0,7.0
7153255,27.0,335.0,48.0,Male,2.0,298026.34,7.0,7.0
269594,10.0,123.0,49.0,Female,2.0,71412.0,3.0,3.0
2927488,6.0,76.0,60.0,Unknown,4.0,1094399.74,7.0,7.0
3563755,6.0,73.0,21.5,Unknown,3.0,50134.28,7.0,7.0
7106981,4.0,58.0,52.5,Unknown,2.0,21474.3,1.0,1.0
3751299,16.0,195.0,51.5,Male,2.0,127428.34999999998,5.0,5.0
7717942,6.0,74.0,45.5,Female,2.0,21250.5,3.0,3.0
9998820,15.0,186.0,34.0,Male,2.0,28808.6,5.0,5.0
5263899,21.0,253.0,58.5,Male,4.0,166038.55,3.0,3.0
1371993,21.0,254.0,62.0,Male,4.0,256453.19,5.0,5.0
9730346,6.0,77.0,22.0,Unknown,2.0,21537.07,3.0,3.0
4931289,16.0,194.0,78.0,Female,2.0,30550.29,3.0,3.0
4188799,14.0,179.0,26.5,Female,2.0,17916.32,5.0,5.0
7609057,12.0,154.0,31.0,Female,2.0,21662.04,1.0,1.0
3872706,14.0,174.0,42.0,Unknown,2.0,33638.92,4.0,4.0
6144508,6.0,74.0,27.0,Unknown,2.0,37391.86,3.0,3.0
8971065,7.0,85.0,23.5,Female,2.0,24995.03,4.0,4.0
9867629,7.0,85.0,59.5,Unknown,2.0,39131.31,2.0,2.0
2660681,12.0,150.0,51.0,Male,2.0,155560.15999999997,3.0,3.0
2781315,27.0,331.0,64.5,Male,3.0,3481206.88,3.0,3.0
2509908,6.0,77.0,43.5,Unknown,3.0,55114.25,5.0,5.0
6801576,13.0,164.0,72.0,Female,2.0,56214.7,1.0,1.0
637878,34.0,419.0,29.5,Female,3.0,253468.34000000003,4.0,4.0
9974333,15.0,186.0,56.0,Female,2.0,35162.73,4.0,4.0
5979319,5.0,63.0,45.5,Male,2.0,176044.83000000002,7.0,7.0
8857739,24.0,291.0,66.5,Female,2.0,46058.71,2.0,2.0
4775501,20.0,249.0,51.0,Male,3.0,292134.25,5.0,5.0
5063407,4.0,51.0,58.0,Unknown,2.0,62921.75,6.0,6.0
7624410,12.0,153.0,55.0,Female,2.0,63432.26,2.0,2.0
1630369,5.0,70.0,39.5,Unknown,2.0,67065.89,7.0,7.0
4760499,5.0,70.0,20.5,Unknown,3.0,20536.48,1.0,1.0
518261,15.0,187.0,29.0,Female,2.0,82067.81,2.0,2.0
2842227,16.0,194.0,59.0,Female,2.0,72828.9,2.0,2.0
3802343,9.0,110.0,62.5,Female,2.0,146760.13,7.0,7.0
4305665,12.0,149.0,51.5,Female,2.0,41002.98,7.0,7.0
695263,7.0,94.0,59.5,Unknown,2.0,328168.95,3.0,3.0
1547407,13.0,158.0,35.5,Male,2.0,27984.63,2.0,2.0
5022511,11.0,138.0,41.5,Male,2.0,23858.65,1.0,1.0
1825406,7.0,88.0,54.0,Unknown,2.0,135538.34,3.0,3.0
2685321,6.0,79.0,19.0,Female,3.0,56072.130000000005,6.0,6.0
485839,6.0,80.0,40.0,Unknown,2.0,789382.37,7.0,7.0
2935280,30.0,370.0,66.5,Male,4.0,4691835.72,7.0,7.0
815740,12.0,144.0,36.0,Female,2.0,29913.82,6.0,6.0
6101860,21.0,258.0,68.0,Female,3.0,510548.09,7.0,7.0
4765427,11.0,135.0,25.5,Male,3.0,50614.56,6.0,6.0
3196269,5.0,71.0,62.0,Unknown,2.0,676725.9400000001,7.0,7.0
652651,27.0,329.0,64.5,Female,3.0,239355.1,3.0,3.0
1049791,17.0,205.0,45.0,Male,2.0,488786.26,3.0,3.0
2045509,9.0,111.0,42.0,Female,2.0,122567.33000000002,4.0,4.0
3499628,19.0,237.0,61.5,Male,2.0,15535.07,1.0,1.0
5090869,5.0,65.0,43.5,Unknown,2.0,70770.33,3.0,3.0
1086773,8.0,107.0,60.0,Female,2.0,127619.34999999998,6.0,6.0
3605637,14.0,172.0,45.5,Female,3.0,45598.4,7.0,7.0
5452240,6.0,73.0,26.0,Unknown,2.0,52345.49,3.0,3.0
3294382,16.0,192.0,63.5,Male,2.0,130878.87,3.0,3.0
4966676,9.0,118.0,42.5,Female,2.0,41536.12,7.0,7.0
4439797,5.0,61.0,53.5,Male,3.0,43883.71,5.0,5.0
1026952,5.0,60.0,25.0,Unknown,2.0,21563.19,6.0,6.0
6283715,8.0,107.0,32.0,Male,2.0,48260.54,5.0,5.0
5664390,15.0,181.0,64.0,Female,2.0,175187.89,4.0,4.0
5493915,15.0,181.0,63.5,Female,2.0,266493.92,2.0,2.0
2873195,9.0,118.0,47.5,Male,2.0,285299.76,2.0,2.0
9398216,23.0,286.0,53.0,Female,2.0,88877.9,1.0,2.0
5088901,17.0,215.0,60.5,Female,2.0,206268.02,7.0,7.0
1001678,16.0,202.0,63.5,Female,2.0,16708.12,4.0,4.0
5304468,16.0,195.0,60.5,Male,2.0,103360.24,3.0,3.0
9585764,11.0,138.0,29.0,Female,2.0,46458.44,7.0,7.0
5328210,8.0,107.0,54.0,Female,2.0,28283.43,3.0,3.0
4245098,9.0,119.0,27.0,Female,2.0,80054.12,7.0,7.0
9045479,12.0,147.0,52.0,Male,2.0,19094.72,4.0,4.0
4918911,15.0,182.0,55.5,Male,2.0,287862.92,4.0,4.0
8723758,14.0,176.0,38.0,Female,2.0,30962.119999999995,1.0,2.0
4952185,5.0,64.0,65.0,Male,2.0,93129.36,6.0,6.0
7672634,8.0,96.0,52.5,Unknown,2.0,27886.83,2.0,2.0
6515573,13.0,161.0,52.5,Female,2.0,15820.46,4.0,4.0
4760640,4.0,58.0,14.5,Unknown,2.0,19896.06,2.0,2.0
6085508,14.0,179.0,62.0,Male,2.0,166060.34999999998,6.0,6.0
5301766,4.0,56.0,27.5,Unknown,2.0,68341.98,3.0,3.0
9270630,12.0,144.0,36.0,Male,2.0,44382.26,4.0,4.0
5028671,5.0,71.0,58.0,Unknown,3.0,51356.85,3.0,3.0
7192216,7.0,88.0,40.0,Unknown,2.0,33330.869999999995,2.0,2.0
508177,6.0,83.0,19.0,Unknown,2.0,31730.94,4.0,4.0
8234150,13.0,158.0,42.5,Male,2.0,17825.489999999998,7.0,7.0
1545300,14.0,176.0,51.5,Male,3.0,70215.39,3.0,3.0
6826027,16.0,200.0,36.5,Male,2.0,129037.12,3.0,3.0
2442750,7.0,84.0,28.0,Unknown,2.0,58783.70999999999,2.0,2.0
1833273,23.0,277.0,25.0,Female,2.0,22041.63,2.0,2.0
9832917,21.0,261.0,69.5,Female,2.0,25694.09,7.0,7.0
8736172,21.0,259.0,58.0,Male,2.0,135004.32,5.0,5.0
5364077,15.0,181.0,75.5,Male,2.0,52517.85,7.0,7.0
5339128,6.0,81.0,63.5,Unknown,3.0,92546.9,5.0,5.0
9155898,10.0,121.0,65.5,Male,2.0,253934.45,3.0,3.0
1783993,6.0,72.0,20.5,Unknown,4.0,98538.97,7.0,7.0
8852864,9.0,112.0,34.5,Female,2.0,17102.629999999997,1.0,1.0
9743578,10.0,131.0,30.5,Male,4.0,215040.98,4.0,4.0
332257,6.0,74.0,47.5,Unknown,2.0,67605.85,2.0,2.0
2283228,9.0,108.0,30.0,Female,2.0,26816.43,3.0,4.0
1422252,16.0,197.0,32.5,Female,2.0,124375.47,2.0,2.0
6739431,6.0,72.0,20.5,Unknown,2.0,17261.23,6.0,6.0
1265705,11.0,136.0,50.5,Male,2.0,40392.45,6.0,6.0
7203358,15.0,189.0,56.0,Female,2.0,88447.26,7.0,7.0
3498439,7.0,84.0,22.5,Unknown,2.0,52484.38,7.0,7.0
6620249,6.0,81.0,18.0,Male,3.0,37023.19,7.0,7.0
3842548,7.0,93.0,50.5,Male,2.0,690025.31,3.0,3.0
2437505,15.0,182.0,64.0,Male,2.0,35504.75,5.0,5.0
9890996,22.0,268.0,23.5,Female,2.0,18523.25,3.0,3.0
808997,12.0,154.0,27.5,Male,2.0,26383.04,2.0,2.0
9177141,7.0,84.0,23.5,Unknown,3.0,27632.42,5.0,5.0
1240542,6.0,75.0,61.5,Female,2.0,37803.87,2.0,2.0
6275973,13.0,157.0,26.0,Male,4.0,24650.6,3.0,3.0
9726931,8.0,102.0,49.0,Unknown,3.0,167453.25,7.0,7.0
1748519,11.0,142.0,57.5,Female,2.0,95490.14,6.0,6.0
6047331,5.0,63.0,27.5,Unknown,2.0,101307.63,2.0,2.0
1658572,9.0,118.0,24.0,Female,2.0,17715.489999999998,1.0,1.0
4540325,12.0,145.0,28.0,Male,2.0,168550.46999999997,2.0,2.0
5275502,7.0,94.0,22.5,Male,3.0,31453.23,1.0,1.0
9295948,23.0,279.0,45.5,Female,2.0,617017.76,6.0,6.0
363295,21.0,260.0,44.5,Female,3.0,240037.25,7.0,7.0
4887476,21.0,252.0,59.0,Female,2.0,113486.98,1.0,1.0
1270770,20.0,248.0,42.5,Female,4.0,698211.7300000001,6.0,6.0
3775926,19.0,239.0,46.0,Male,3.0,91636.5,1.0,1.0
2212021,18.0,216.0,49.0,Male,2.0,22135.07,5.0,5.0
7082550,16.0,198.0,57.5,Male,2.0,88860.15,1.0,1.0
433653,6.0,74.0,58.5,Male,2.0,232541.28,1.0,1.0
3225781,9.0,112.0,56.5,Female,2.0,60395.84,3.0,3.0
6832861,11.0,136.0,57.0,Male,2.0,119615.65,7.0,7.0
9327329,13.0,167.0,50.5,Female,2.0,18341.83,5.0,5.0
6897210,4.0,59.0,24.0,Unknown,2.0,310469.07,7.0,7.0
5786310,5.0,71.0,18.5,Unknown,2.0,80627.47,6.0,6.0
7696806,16.0,193.0,35.5,Female,4.0,131534.33000000002,6.0,6.0
3148634,5.0,67.0,23.0,Unknown,4.0,162129.24,7.0,7.0
2025762,29.0,354.0,48.0,Male,2.0,113047.57,3.0,3.0
3791569,3.0,42.0,75.5,Unknown,2.0,64864.03,7.0,7.0
8139367,26.0,323.0,25.0,Male,2.0,57619.69,7.0,7.0
6009880,8.0,96.0,45.0,Unknown,2.0,25103.48,5.0,5.0
3590716,5.0,66.0,26.5,Unknown,2.0,28379.16,7.0,7.0
3326986,5.0,64.0,55.5,Unknown,2.0,32656.49,1.0,1.0
9107292,15.0,191.0,60.0,Male,2.0,44138.33,3.0,3.0
3105221,10.0,126.0,58.0,Female,2.0,60647.67,1.0,3.0
6008065,12.0,154.0,27.0,Female,2.0,23293.58,5.0,5.0
836507,23.0,281.0,64.0,Male,3.0,870062.3,6.0,6.0
9692349,23.0,278.0,57.5,Female,3.0,655831.9800000001,7.0,7.0
5506352,26.0,323.0,52.0,Female,2.0,76927.45999999999,7.0,7.0
7104905,13.0,161.0,25.0,Male,2.0,85258.06999999999,6.0,6.0
2344892,6.0,78.0,36.0,Unknown,2.0,259897.43,3.0,3.0
5935126,15.0,190.0,37.0,Female,2.0,48641.62,3.0,3.0
7645918,10.0,124.0,25.0,Female,2.0,80318.81999999999,7.0,7.0
1779680,7.0,89.0,37.0,Unknown,2.0,47823.17,1.0,1.0
9271769,15.0,191.0,43.5,Female,3.0,245335.44,7.0,7.0
6295462,7.0,94.0,63.5,Unknown,2.0,41732.92999999999,5.0,5.0
5871236,12.0,148.0,61.5,Male,2.0,141316.01,3.0,3.0
7276997,15.0,181.0,29.0,Female,3.0,49514.07,2.0,2.0
3193322,6.0,83.0,68.5,Female,3.0,186935.7,6.0,6.0
8977244,26.0,316.0,18.0,Male,2.0,72700.08,5.0,5.0
4537550,15.0,185.0,42.5,Male,3.0,129692.18,3.0,3.0
992257,5.0,70.0,18.0,Unknown,2.0,31261.23,7.0,7.0
115021,12.0,151.0,47.5,Male,2.0,18276.35,4.0,4.0
2868341,11.0,133.0,68.5,Male,2.0,104947.61,1.0,1.0
2041432,10.0,131.0,43.5,Male,2.0,18770.08,1.0,1.0
8624248,18.0,218.0,44.5,Male,2.0,43383.94,1.0,1.0
3995669,4.0,58.0,60.0,Unknown,2.0,39051.86,1.0,1.0
5164588,16.0,196.0,52.0,Male,2.0,53068.01,4.0,4.0
4916958,15.0,183.0,48.0,Female,2.0,64545.54999999999,2.0,2.0
6026642,12.0,151.0,49.0,Male,2.0,16742.01,3.0,3.0
4004140,6.0,81.0,54.0,Unknown,2.0,45914.2,5.0,5.0
1739567,27.0,331.0,53.5,Female,3.0,2266770.07,6.0,6.0
3270621,5.0,67.0,22.5,Unknown,2.0,29314.91,7.0,7.0
4973033,9.0,113.0,28.0,Male,2.0,58932.45,7.0,7.0
9553455,10.0,123.0,64.0,Male,3.0,129981.46,7.0,7.0
4760034,13.0,156.0,47.5,Female,2.0,98893.87,7.0,7.0
7226463,7.0,87.0,34.0,Male,2.0,942839.79,1.0,1.0
3344127,7.0,90.0,60.0,Unknown,2.0,69676.53,7.0,7.0
9275373,15.0,189.0,42.5,Female,2.0,104490.41,1.0,1.0
396007,13.0,159.0,54.5,Female,2.0,39835.59,3.0,3.0
9802219,7.0,90.0,24.5,Unknown,3.0,68495.18,7.0,7.0
3816319,9.0,110.0,63.5,Female,2.0,436842.36,7.0,7.0
7111450,7.0,86.0,43.5,Unknown,2.0,32767.43,5.0,5.0
5686964,7.0,94.0,34.0,Unknown,2.0,29854.67,7.0,7.0
2153412,28.0,336.0,48.5,Female,3.0,160692.08000000002,7.0,7.0
1885172,22.0,275.0,38.5,Female,2.0,167091.78999999998,6.0,6.0
5643646,31.0,377.0,38.5,Male,3.0,629766.9500000001,5.0,5.0
7134363,5.0,65.0,19.5,Unknown,2.0,41281.59,7.0,7.0
4683790,9.0,109.0,54.0,Male,2.0,58061.56,5.0,5.0
7289191,5.0,71.0,21.5,Unknown,3.0,53558.61,7.0,7.0
1902707,11.0,136.0,65.0,Male,2.0,320722.27,7.0,7.0
8321547,10.0,120.0,46.5,Male,2.0,119606.79,2.0,2.0
9314589,16.0,199.0,34.5,Female,2.0,39523.53,4.0,4.0
9800363,6.0,79.0,26.0,Unknown,2.0,53689.04,3.0,3.0
9618311,5.0,71.0,59.5,Unknown,2.0,116110.44,6.0,6.0
583175,7.0,91.0,29.0,Unknown,2.0,87692.19,6.0,6.0
4373630,12.0,147.0,28.5,Male,3.0,91969.75,7.0,7.0
4737422,8.0,106.0,57.5,Female,2.0,24611.58,7.0,7.0
948412,5.0,71.0,47.5,Unknown,2.0,24811.869999999995,4.0,4.0
3575931,14.0,179.0,53.5,Male,2.0,44060.4,7.0,7.0
6129837,4.0,59.0,33.5,Unknown,2.0,34498.97,3.0,3.0
9579104,9.0,110.0,28.0,Male,2.0,98059.56,7.0,7.0
9573092,13.0,164.0,35.0,Female,2.0,18728.75,2.0,2.0
3601869,16.0,203.0,44.0,Male,2.0,43785.22,5.0,5.0
1371736,13.0,157.0,24.0,Male,2.0,53406.39,2.0,2.0
6128006,5.0,70.0,38.0,Unknown,2.0,28440.95,2.0,2.0
441781,16.0,197.0,45.5,Female,2.0,14167.079999999998,2.0,2.0
1413044,9.0,111.0,52.5,Female,2.0,90247.25,7.0,7.0
8331010,7.0,95.0,41.5,Unknown,2.0,20853.15,6.0,6.0
9922198,15.0,182.0,58.0,Male,2.0,426485.82,4.0,4.0
4507203,4.0,58.0,25.5,Unknown,2.0,28999.71,4.0,4.0
5590332,24.0,291.0,57.5,Female,2.0,162286.87,6.0,6.0
1042055,18.0,217.0,58.5,Female,2.0,19610.33,1.0,1.0
3304032,14.0,179.0,73.0,Female,2.0,129725.16,6.0,6.0
9345963,12.0,152.0,58.5,Male,2.0,21962.96,2.0,2.0
3754484,4.0,57.0,59.0,Unknown,2.0,48102.8,1.0,1.0
2285583,5.0,68.0,53.5,Male,2.0,224746.23,2.0,2.0
8757759,20.0,248.0,24.0,Male,2.0,28686.83,7.0,7.0
9277471,8.0,98.0,40.5,Unknown,2.0,86539.05,1.0,1.0
8855742,10.0,124.0,67.5,Female,2.0,15649.57,2.0,2.0
5736371,14.0,177.0,46.5,Male,2.0,22834.4,2.0,2.0
4334787,6.0,78.0,19.5,Unknown,3.0,44882.13,2.0,2.0
6491110,6.0,72.0,49.5,Unknown,3.0,58661.15,3.0,4.0
6206012,8.0,96.0,27.5,Unknown,2.0,28386.82,2.0,2.0
3275103,7.0,89.0,28.5,Male,2.0,41188.81,3.0,3.0
5730133,8.0,107.0,52.0,Male,2.0,90021.28,1.0,1.0
9680055,14.0,168.0,38.0,Female,3.0,38934.13,7.0,7.0
8610797,35.0,423.0,54.5,Female,2.0,120654.9,3.0,3.0
6250331,4.0,59.0,14.0,Unknown,2.0,19945.35,3.0,3.0
6379443,21.0,252.0,58.0,Male,2.0,24452.79,4.0,4.0
7979218,7.0,94.0,28.0,Unknown,2.0,65352.23999999999,7.0,7.0
2517223,7.0,85.0,17.5,Unknown,2.0,39105.17,2.0,2.0
3263252,8.0,107.0,56.5,Female,2.0,69673.69,3.0,3.0
6555379,14.0,178.0,54.0,Male,2.0,82834.81,4.0,4.0
9183056,8.0,102.0,37.5,Unknown,3.0,675040.76,7.0,7.0
652070,12.0,147.0,55.0,Female,2.0,99999.25,2.0,2.0
5128264,4.0,56.0,44.5,Unknown,2.0,68474.61,2.0,2.0
7465719,24.0,293.0,21.5,Male,2.0,19441.49,4.0,4.0
668813,22.0,275.0,57.0,Unknown,2.0,21630.33,1.0,2.0
3713433,22.0,264.0,19.5,Female,2.0,16420.3,3.0,3.0
7329527,20.0,241.0,67.0,Male,4.0,951979.25,4.0,4.0
5881309,12.0,153.0,66.5,Female,2.0,57026.64,6.0,6.0
3044082,14.0,174.0,32.5,Male,2.0,47702.1,4.0,4.0
1333956,16.0,202.0,34.0,Male,2.0,78246.81,3.0,3.0
8309046,5.0,70.0,63.5,Male,2.0,212904.06,6.0,6.0
7323657,9.0,119.0,37.5,Male,2.0,59769.97,7.0,7.0
9496366,4.0,58.0,24.5,Unknown,2.0,15170.059999999998,2.0,2.0
3102333,12.0,152.0,32.5,Male,3.0,139359.62,5.0,5.0
523772,6.0,79.0,58.5,Unknown,2.0,586638.78,7.0,7.0
4449228,6.0,73.0,17.5,Unknown,4.0,30874.050000000003,6.0,6.0
7779429,10.0,130.0,37.0,Female,2.0,41819.3,1.0,1.0
1493383,5.0,71.0,53.0,Female,2.0,18651.39,2.0,3.0
7394847,5.0,67.0,26.0,Unknown,2.0,21374.99,2.0,2.0
183922,28.0,339.0,62.0,Male,3.0,1154135.37,7.0,7.0
6222295,4.0,59.0,21.0,Unknown,2.0,34804.34,3.0,3.0
6124656,6.0,72.0,22.0,Unknown,2.0,15123.21,1.0,1.0
9465990,9.0,118.0,29.5,Male,2.0,94403.28,4.0,4.0
4545949,22.0,270.0,26.5,Male,2.0,37378.96,2.0,2.0
4646965,5.0,70.0,24.5,Unknown,2.0,43027.69,1.0,1.0
3768502,8.0,106.0,47.5,Female,3.0,29239.5,2.0,2.0
7058059,4.0,59.0,21.0,Unknown,3.0,50793.78,7.0,7.0
7701142,4.0,58.0,20.5,Unknown,2.0,41354.61,5.0,5.0
6882847,12.0,152.0,41.0,Female,3.0,322546.16,7.0,7.0
7318365,13.0,166.0,39.0,Male,2.0,45166.72,7.0,7.0
5795422,17.0,214.0,42.5,Male,2.0,89790.28,7.0,7.0
8046692,5.0,70.0,18.5,Male,2.0,19756.7,1.0,1.0
180509,4.0,59.0,26.0,Unknown,2.0,20848.95,2.0,2.0
5646145,7.0,87.0,34.5,Unknown,2.0,29065.2,1.0,1.0
9564537,12.0,145.0,62.5,Male,2.0,187608.96,3.0,3.0
6511647,14.0,175.0,45.5,Female,3.0,95002.21,3.0,3.0
8034205,6.0,74.0,51.5,Unknown,2.0,54444.41,7.0,7.0
8238928,15.0,190.0,65.5,Female,2.0,401989.29,2.0,2.0
1801214,27.0,329.0,72.0,Female,5.0,339896.47,6.0,6.0
6889644,5.0,71.0,48.5,Unknown,2.0,168857.75,5.0,5.0
5630789,6.0,83.0,57.0,Unknown,2.0,63193.87,1.0,1.0
8566757,21.0,262.0,38.5,Female,2.0,18566.63,6.0,6.0
8370633,21.0,259.0,27.0,Female,2.0,14169.57,7.0,7.0
6076852,11.0,142.0,24.0,Unknown,2.0,76746.86,3.0,3.0
8388393,27.0,334.0,48.5,Female,3.0,1005550.33,7.0,7.0
1155090,14.0,175.0,58.0,Female,2.0,14438.37,6.0,6.0
3468901,6.0,75.0,30.5,Unknown,3.0,53240.36,3.0,3.0
3193093,4.0,57.0,23.5,Unknown,2.0,26963.65,2.0,2.0
7332601,4.0,58.0,29.0,Unknown,2.0,29971.68,1.0,1.0
5320101,14.0,169.0,54.0,Female,2.0,52447.97,2.0,2.0
917147,6.0,72.0,23.5,Unknown,2.0,22313.88,1.0,1.0
2445955,11.0,132.0,62.0,Female,2.0,400732.15,2.0,2.0
2173200,15.0,190.0,38.0,Female,2.0,45300.42,1.0,1.0
3596522,12.0,148.0,33.5,Male,2.0,21736.16,1.0,1.0
2495563,9.0,117.0,65.0,Female,2.0,18966.13,5.0,6.0
1462397,6.0,82.0,16.5,Unknown,2.0,40726.92999999999,6.0,6.0
3583260,8.0,106.0,26.0,Male,2.0,21240.83,2.0,2.0
5768975,5.0,71.0,35.5,Unknown,2.0,30582.619999999995,1.0,1.0
3526392,6.0,79.0,58.5,Unknown,2.0,941014.55,3.0,3.0
3546056,22.0,264.0,47.0,Male,2.0,43524.91,5.0,5.0
7652365,4.0,59.0,23.5,Unknown,3.0,41797.13,6.0,6.0
4189490,5.0,60.0,38.5,Unknown,2.0,18879.57,2.0,2.0
5429718,14.0,179.0,25.5,Female,2.0,129284.78,1.0,1.0
1955320,4.0,58.0,46.0,Female,2.0,20350.51,3.0,3.0
4092432,22.0,266.0,58.5,Female,2.0,49892.29,2.0,2.0
3364257,5.0,71.0,26.5,Unknown,2.0,17382.64,7.0,7.0
8128178,9.0,113.0,66.0,Male,2.0,66655.95,2.0,2.0
3250058,6.0,73.0,31.0,Unknown,2.0,78675.59,5.0,5.0
6187587,8.0,107.0,31.0,Male,3.0,114955.35,4.0,4.0
836831,7.0,95.0,59.5,Unknown,2.0,241332.62,7.0,7.0
4915883,13.0,158.0,44.0,Male,3.0,57906.26,4.0,4.0
6470560,6.0,82.0,22.0,Unknown,2.0,18974.2,3.0,3.0
3323011,30.0,365.0,63.5,Female,2.0,117489.42,4.0,5.0
6283632,5.0,60.0,27.5,Female,2.0,25648.65,1.0,1.0
4874659,13.0,165.0,64.5,Male,3.0,294528.99,7.0,7.0
6524151,12.0,155.0,28.0,Male,3.0,94085.4,6.0,6.0
450867,6.0,72.0,19.0,Unknown,2.0,21293.81,7.0,7.0
8752316,7.0,93.0,34.5,Unknown,2.0,50249.72,7.0,7.0
5475034,14.0,178.0,59.5,Female,3.0,1071632.64,3.0,3.0
5976903,7.0,84.0,63.0,Unknown,4.0,349624.53,6.0,6.0
5272634,6.0,82.0,60.5,Unknown,2.0,48300.92,3.0,3.0
8189709,6.0,72.0,59.0,Female,2.0,370105.67,3.0,3.0
9008338,8.0,107.0,35.0,Female,2.0,79496.86,1.0,1.0
2679328,8.0,106.0,28.0,Male,2.0,72232.04000000001,6.0,6.0
227537,22.0,270.0,24.5,Male,2.0,107124.23,6.0,6.0
5634448,14.0,179.0,61.5,Male,2.0,16652.26,1.0,1.0
6365330,9.0,108.0,55.5,Male,2.0,61088.76999999999,3.0,3.0
258632,10.0,122.0,63.5,Female,2.0,868199.2200000001,3.0,3.0
3441746,6.0,73.0,72.5,Unknown,2.0,40533.86,7.0,7.0
5835342,14.0,175.0,61.5,Female,2.0,181407.39,6.0,6.0
5579936,10.0,120.0,67.5,Male,2.0,35840.03,6.0,6.0
7651617,8.0,97.0,58.5,Unknown,3.0,127161.57,7.0,7.0
888153,9.0,114.0,54.5,Female,2.0,20004.48,1.0,1.0
570903,5.0,67.0,22.0,Unknown,3.0,65687.23999999999,7.0,7.0
1337621,3.0,40.0,55.0,Unknown,2.0,23797.13,4.0,4.0
5225445,9.0,119.0,25.5,Male,2.0,80357.66,7.0,7.0
1591558,14.0,179.0,43.0,Female,3.0,82980.44,3.0,3.0
7870453,30.0,364.0,48.5,Male,3.0,818028.29,7.0,7.0
8773341,5.0,68.0,51.5,Unknown,2.0,23032.13,5.0,5.0
4545921,6.0,74.0,23.0,Unknown,2.0,19471.65,2.0,2.0
7481937,27.0,334.0,72.0,Female,2.0,125545.63,1.0,1.0
924942,6.0,78.0,21.5,Unknown,2.0,79150.25,3.0,3.0
5086193,6.0,77.0,58.0,Unknown,3.0,21370.78,2.0,2.0
5888385,34.0,416.0,29.0,Male,2.0,20167.67,4.0,4.0
2915763,22.0,275.0,46.5,Female,2.0,47128.14,1.0,1.0
6759034,21.0,262.0,67.5,Female,2.0,138128.32,6.0,6.0
7602478,20.0,250.0,54.5,Male,4.0,2015451.34,6.0,6.0
5248537,20.0,240.0,50.5,Female,2.0,614620.3300000001,1.0,1.0
6209159,8.0,107.0,29.5,Female,2.0,29457.4,2.0,2.0
1501879,13.0,157.0,29.5,Male,2.0,25418.15,3.0,3.0
6599443,4.0,59.0,31.5,Unknown,2.0,28209.7,5.0,5.0
9419716,7.0,87.0,27.5,Unknown,2.0,26881.39,6.0,6.0
5726541,8.0,101.0,18.5,Unknown,2.0,21329.58,1.0,1.0
6779450,5.0,62.0,23.0,Female,2.0,25524.48,3.0,3.0
3427853,4.0,59.0,44.5,Unknown,2.0,29944.71,1.0,1.0
3572951,8.0,97.0,59.5,Unknown,2.0,70811.69,2.0,3.0
9280793,10.0,120.0,44.5,Male,2.0,50653.31,4.0,4.0
4992336,5.0,60.0,20.0,Unknown,2.0,16002.3,3.0,3.0
9973679,6.0,74.0,28.0,Unknown,6.0,87019.39,7.0,7.0
1799874,15.0,181.0,32.0,Male,3.0,121249.31,7.0,7.0
861314,7.0,94.0,45.5,Unknown,3.0,123060.78999999998,7.0,7.0
6890394,12.0,147.0,22.5,Male,2.0,19459.11,7.0,7.0
2900008,13.0,160.0,51.5,Male,2.0,111634.06,3.0,3.0
9824731,6.0,77.0,23.5,Unknown,2.0,34395.619999999995,2.0,2.0
540607,7.0,84.0,18.0,Unknown,2.0,52953.12,3.0,3.0
5760147,10.0,130.0,59.5,Female,2.0,54332.26,1.0,1.0
8496486,11.0,142.0,58.0,Male,2.0,36107.45,2.0,2.0
2919507,14.0,170.0,31.0,Female,3.0,127577.37,4.0,4.0
6937371,7.0,94.0,51.5,Female,2.0,76280.18,2.0,2.0
3941521,24.0,289.0,71.5,Female,3.0,632675.2100000001,4.0,4.0
6584604,19.0,239.0,30.5,Female,4.0,241384.93,5.0,5.0
7019556,17.0,211.0,58.5,Female,3.0,139848.56,7.0,7.0
4569677,16.0,202.0,58.0,Male,3.0,127115.12,7.0,7.0
2816983,16.0,198.0,26.5,Female,3.0,48978.34,4.0,4.0
4866112,7.0,94.0,54.0,Unknown,2.0,63332.79000000001,1.0,1.0
5343141,5.0,65.0,56.0,Unknown,2.0,376977.24,5.0,5.0
9659458,8.0,99.0,28.0,Unknown,2.0,70413.26,7.0,7.0
7992690,6.0,82.0,40.0,Male,2.0,17610.039999999997,2.0,2.0
980535,10.0,131.0,70.5,Male,2.0,62671.82000000001,5.0,5.0
1970291,15.0,180.0,64.0,Female,2.0,112242.63,2.0,2.0
1661454,6.0,83.0,54.5,Unknown,2.0,23701.88,1.0,1.0
2254710,10.0,122.0,31.0,Female,2.0,58704.79000000001,1.0,1.0
9234390,5.0,67.0,55.5,Unknown,2.0,236537.25,1.0,1.0
547527,10.0,123.0,21.0,Female,2.0,17785.589999999997,3.0,3.0
6175942,9.0,110.0,70.5,Unknown,2.0,88242.97,2.0,2.0
5196787,14.0,176.0,51.5,Male,2.0,185538.74,3.0,3.0
9057829,4.0,49.0,24.5,Unknown,2.0,24087.98,3.0,3.0
2923146,5.0,67.0,43.0,Male,3.0,166771.77999999997,4.0,7.0
2944745,15.0,190.0,24.0,Male,2.0,49379.39,3.0,3.0
6112707,5.0,69.0,27.5,Unknown,2.0,47979.6,3.0,3.0
8354421,15.0,189.0,58.0,Female,2.0,83342.76,1.0,2.0
1678079,14.0,174.0,54.5,Male,2.0,127471.64,7.0,7.0
7075584,15.0,191.0,47.5,Female,2.0,217235.63,4.0,4.0
5706517,29.0,358.0,71.5,Male,2.0,27975.79,2.0,2.0
2590640,20.0,248.0,45.5,Female,2.0,170712.18,6.0,6.0
2715761,18.0,217.0,46.0,Female,2.0,41868.45,7.0,7.0
2228312,5.0,71.0,53.5,Unknown,2.0,30132.95,4.0,4.0
6810976,6.0,80.0,31.0,Unknown,2.0,204180.4,1.0,1.0
1616599,5.0,70.0,20.5,Unknown,2.0,30888.53,2.0,2.0
978311,10.0,130.0,41.5,Female,4.0,132782.63,2.0,3.0
8021175,5.0,70.0,38.5,Unknown,2.0,66300.76,4.0,4.0
8111736,11.0,141.0,62.0,Male,2.0,36834.34,1.0,1.0
8201053,7.0,87.0,41.0,Unknown,2.0,49021.46,1.0,1.0
3194958,7.0,87.0,23.0,Unknown,2.0,86217.8,5.0,5.0
4412947,11.0,141.0,45.0,Female,2.0,17792.82,2.0,2.0
463248,5.0,66.0,17.5,Unknown,2.0,18248.37,7.0,7.0
2033505,28.0,336.0,51.5,Male,3.0,202593.96,5.0,5.0
3935218,12.0,154.0,39.0,Male,3.0,535122.22,7.0,7.0
8874563,15.0,182.0,40.5,Male,2.0,45076.17,7.0,7.0
4088218,21.0,258.0,58.5,Female,3.0,217550.22,1.0,1.0
9936152,21.0,258.0,57.0,Female,3.0,109413.61,7.0,7.0
6991902,19.0,238.0,27.5,Male,3.0,105273.6,7.0,7.0
5416495,19.0,229.0,47.5,Male,2.0,70118.06,4.0,4.0
7144977,30.0,371.0,54.0,Female,3.0,104727.87,3.0,3.0
5228343,14.0,174.0,43.5,Male,2.0,90641.92,2.0,2.0
3270934,5.0,71.0,28.5,Unknown,2.0,58483.7,4.0,4.0
9155588,33.0,406.0,77.0,Female,2.0,132709.33000000002,1.0,3.0
6148642,12.0,152.0,45.0,Female,2.0,173389.05,7.0,7.0
3611879,16.0,195.0,56.0,Male,2.0,271878.35,7.0,7.0
8024412,7.0,94.0,24.0,Unknown,3.0,42998.75,1.0,1.0
114285,6.0,72.0,20.0,Unknown,2.0,49983.94,7.0,7.0
4419007,16.0,202.0,39.0,Male,2.0,137721.84999999998,3.0,3.0
3836301,8.0,101.0,28.5,Unknown,3.0,68821.34,7.0,7.0
8087769,25.0,304.0,18.0,Female,4.0,54380.24,4.0,5.0
6498249,18.0,225.0,25.5,Male,2.0,21870.17,7.0,7.0
5856876,13.0,157.0,45.0,Female,3.0,139393.95,6.0,6.0
9089559,7.0,84.0,33.5,Unknown,2.0,137264.09999999998,5.0,5.0
8718926,5.0,69.0,53.0,Unknown,2.0,528448.24,7.0,7.0
1660152,18.0,217.0,50.5,Female,2.0,279264.27,2.0,2.0
8644691,11.0,143.0,24.0,Male,2.0,51826.97,1.0,1.0
9886506,5.0,70.0,56.0,Unknown,2.0,23519.78,1.0,1.0
8619813,12.0,154.0,34.5,Male,2.0,203949.93,2.0,2.0
2698461,6.0,82.0,26.5,Unknown,2.0,16315.559999999998,3.0,3.0
3717169,9.0,118.0,37.5,Male,2.0,40558.59,4.0,4.0
8653009,12.0,146.0,39.5,Female,3.0,56878.850000000006,5.0,5.0
9841053,12.0,154.0,26.5,Male,3.0,87094.43,3.0,3.0
1934976,5.0,66.0,28.5,Unknown,3.0,15105.219999999998,3.0,3.0
8328240,6.0,78.0,21.5,Unknown,2.0,23966.24,7.0,7.0
9987008,15.0,189.0,62.0,Female,2.0,96415.49,3.0,3.0
7553301,5.0,71.0,35.5,Unknown,2.0,29506.82,6.0,6.0
9737229,24.0,289.0,20.5,Female,2.0,32574.81,3.0,3.0
4586145,14.0,174.0,50.0,Male,2.0,130370.22,4.0,4.0
9069054,8.0,97.0,17.5,Unknown,2.0,28491.36,3.0,3.0
3247874,6.0,83.0,27.0,Unknown,2.0,24125.04,7.0,7.0
4693395,7.0,88.0,22.0,Unknown,2.0,14000.989999999998,7.0,7.0
7551933,22.0,275.0,25.0,Male,2.0,17774.899999999998,3.0,3.0
6251973,21.0,260.0,50.5,Male,2.0,101881.73,1.0,1.0
5030745,10.0,121.0,53.5,Unknown,2.0,119007.95,3.0,3.0
2139613,15.0,181.0,59.0,Female,2.0,31611.32,3.0,3.0
3173416,7.0,85.0,26.5,Unknown,2.0,18425.53,1.0,1.0
8133969,14.0,170.0,70.5,Male,3.0,2332820.31,3.0,3.0
9357830,4.0,53.0,19.5,Unknown,2.0,34092.07,4.0,4.0
2710316,5.0,70.0,57.5,Female,2.0,25995.91,2.0,3.0
7961846,13.0,157.0,30.5,Female,2.0,70352.09,1.0,1.0
9761188,12.0,144.0,60.0,Male,2.0,40591.52,5.0,5.0
297909,13.0,156.0,67.0,Male,2.0,13822.53,2.0,2.0
6882875,12.0,146.0,22.0,Female,2.0,18370.47,7.0,7.0
275622,5.0,67.0,53.5,Unknown,2.0,21855.39,4.0,4.0
4410575,27.0,326.0,53.5,Female,3.0,115359.13,5.0,5.0
6577356,14.0,179.0,47.5,Female,2.0,57398.47,3.0,3.0
118539,16.0,194.0,60.5,Male,2.0,56266.0,5.0,5.0
9272480,8.0,99.0,32.0,Unknown,3.0,34642.17999999999,1.0,1.0
8079762,30.0,369.0,70.5,Female,2.0,216074.92,2.0,2.0
6595909,6.0,73.0,58.0,Female,3.0,209260.81,7.0,7.0
6778191,12.0,148.0,33.0,Female,2.0,96521.27,7.0,7.0
2805935,10.0,124.0,37.0,Male,2.0,61151.32000000001,1.0,1.0
1961921,15.0,184.0,61.0,Male,3.0,254243.56,4.0,4.0
119833,22.0,274.0,50.5,Male,2.0,106503.91,1.0,2.0
1673821,21.0,260.0,46.0,Female,2.0,22844.14,2.0,2.0
9689551,11.0,142.0,59.5,Male,2.0,20980.49,7.0,7.0
8083143,4.0,57.0,46.5,Unknown,2.0,42327.97,1.0,1.0
4692861,5.0,71.0,47.0,Unknown,2.0,39719.36,5.0,5.0
3474427,4.0,59.0,53.0,Unknown,2.0,49725.16,3.0,3.0
8536214,6.0,72.0,25.0,Unknown,3.0,74250.09,7.0,7.0
4613360,4.0,59.0,42.0,Unknown,2.0,20484.1,1.0,1.0
954812,16.0,198.0,68.0,Male,2.0,1115809.5699999998,1.0,2.0
3066405,5.0,64.0,20.0,Unknown,3.0,64596.95999999999,7.0,7.0
431749,12.0,144.0,32.0,Female,2.0,23393.77,3.0,3.0
289680,11.0,136.0,41.0,Female,2.0,147833.18,2.0,2.0
5962900,11.0,141.0,51.0,Female,2.0,21372.5,4.0,4.0
5426415,5.0,63.0,58.5,Female,2.0,186528.82,7.0,7.0
2448949,9.0,110.0,30.5,Female,2.0,27431.35,1.0,1.0
4987957,13.0,160.0,50.5,Female,2.0,51406.81,4.0,4.0
2536991,5.0,67.0,52.0,Unknown,2.0,80357.03,4.0,4.0
1318785,14.0,168.0,32.0,Male,2.0,78007.81,7.0,7.0
883289,14.0,179.0,64.5,Male,2.0,91256.41,7.0,7.0
5389608,15.0,183.0,82.5,Female,2.0,301686.74,7.0,7.0
3374181,16.0,202.0,39.5,Female,2.0,70547.97,3.0,4.0
5076315,5.0,70.0,59.5,Unknown,3.0,112140.34,5.0,5.0
8419963,10.0,129.0,45.5,Female,3.0,44056.8,7.0,7.0
6155003,9.0,110.0,39.5,Male,3.0,269894.71,7.0,7.0
5689127,8.0,107.0,42.5,Female,2.0,250919.57,3.0,3.0
5610598,23.0,280.0,42.0,Female,2.0,548964.5900000001,5.0,5.0
7607517,22.0,274.0,47.5,Male,2.0,20133.48,7.0,7.0
5426707,22.0,272.0,45.0,Female,2.0,19539.62,1.0,1.0
6665833,21.0,255.0,59.5,Female,3.0,439847.19,4.0,4.0
3371336,20.0,250.0,58.0,Male,3.0,273964.53,5.0,5.0
6638131,35.0,426.0,47.0,Female,2.0,118348.71,7.0,7.0
4469473,6.0,83.0,27.0,Unknown,3.0,74085.26,3.0,3.0
7612127,13.0,167.0,42.5,Male,2.0,54336.51,7.0,7.0
3338397,4.0,59.0,32.0,Unknown,2.0,38227.63,7.0,7.0
5209946,8.0,98.0,42.5,Unknown,3.0,163712.96000000002,6.0,6.0
2126963,6.0,75.0,63.5,Unknown,2.0,15899.019999999997,3.0,3.0
506625,5.0,67.0,33.5,Unknown,2.0,144166.18,3.0,3.0
236285,7.0,92.0,59.0,Male,2.0,15830.89,1.0,1.0
5459491,9.0,118.0,55.0,Male,2.0,64657.880000000005,1.0,1.0
9272560,14.0,168.0,50.5,Male,2.0,243982.73,3.0,3.0
3523037,5.0,67.0,33.0,Unknown,2.0,15109.079999999998,6.0,6.0
8110967,6.0,82.0,19.5,Unknown,2.0,24041.009999999995,2.0,3.0
5635922,4.0,59.0,23.5,Unknown,2.0,34275.009999999995,1.0,1.0
5134717,7.0,90.0,52.5,Unknown,2.0,116108.79,5.0,5.0
7104244,26.0,313.0,64.0,Male,2.0,32954.509999999995,2.0,2.0
6078467,22.0,265.0,62.0,Male,3.0,199153.92,6.0,6.0
7732856,13.0,160.0,65.0,Female,3.0,339923.62,6.0,6.0
2470928,42.0,507.0,76.0,Female,2.0,310946.0,5.0,5.0
2505682,12.0,144.0,54.0,Female,2.0,25905.5,5.0,5.0
3532591,15.0,187.0,68.0,Female,2.0,36030.53999999999,7.0,7.0
7824516,11.0,143.0,30.0,Male,2.0,56947.79999999999,7.0,7.0
7132409,4.0,57.0,51.5,Male,2.0,36171.97,3.0,3.0
1744120,15.0,191.0,45.0,Male,2.0,13942.949999999995,3.0,3.0
2064153,6.0,74.0,29.5,Female,3.0,141051.97999999998,3.0,3.0
3942696,4.0,58.0,49.0,Unknown,2.0,17997.26,5.0,5.0
4428494,12.0,149.0,30.0,Male,2.0,34744.73,1.0,1.0
7795894,5.0,70.0,58.5,Unknown,4.0,119740.03,3.0,3.0
4338378,16.0,195.0,71.0,Male,3.0,137521.33000000002,7.0,7.0
8592705,9.0,112.0,50.5,Female,2.0,42684.17999999999,6.0,6.0
6050872,14.0,169.0,58.5,Female,3.0,258747.38,7.0,7.0
2921382,24.0,289.0,67.5,Female,2.0,107488.66,6.0,6.0
8087145,22.0,270.0,15.0,Male,2.0,46645.85,6.0,6.0
9360671,15.0,189.0,59.0,Male,2.0,318572.34,6.0,6.0
9043457,7.0,84.0,30.5,Unknown,2.0,78320.58,3.0,3.0
4619371,7.0,94.0,54.0,Unknown,2.0,24686.67,3.0,3.0
8630501,21.0,262.0,53.0,Female,2.0,18040.66,1.0,1.0
2000291,5.0,64.0,44.5,Unknown,2.0,30961.58,1.0,1.0
6736177,4.0,59.0,29.5,Unknown,2.0,17939.399999999998,2.0,2.0
7906121,15.0,189.0,29.5,Unknown,2.0,29448.93,4.0,4.0
9035764,5.0,60.0,16.5,Unknown,2.0,20049.92,3.0,3.0
8989313,7.0,87.0,21.5,Unknown,2.0,19948.38,4.0,4.0
2288975,16.0,202.0,50.5,Male,4.0,413071.5,3.0,3.0
7302822,28.0,336.0,41.5,Female,4.0,102931.66,7.0,7.0
5191408,5.0,64.0,72.0,Male,2.0,546215.9,7.0,7.0
7603638,5.0,70.0,57.5,Unknown,2.0,19034.85,3.0,3.0
894781,7.0,94.0,54.0,Unknown,2.0,76189.48999999999,7.0,7.0
7120688,7.0,94.0,24.0,Unknown,2.0,63044.5,5.0,5.0
9566511,7.0,87.0,72.5,Unknown,2.0,29546.06,6.0,6.0
8735095,24.0,295.0,24.5,Male,2.0,71563.56,7.0,7.0
2705695,14.0,176.0,64.0,Female,2.0,16334.739999999998,2.0,2.0
8345538,4.0,56.0,27.0,Unknown,2.0,27804.369999999995,1.0,1.0
9396131,9.0,118.0,53.0,Female,2.0,43537.99,1.0,1.0
9730450,11.0,142.0,26.0,Female,2.0,31581.38,1.0,1.0
1651377,4.0,59.0,43.5,Unknown,2.0,32213.43,6.0,6.0
9812436,12.0,154.0,30.5,Male,3.0,347502.41,7.0,7.0
660803,5.0,64.0,58.5,Female,2.0,208018.21,4.0,4.0
7818982,12.0,152.0,65.5,Male,2.0,15914.5,2.0,2.0
7127035,14.0,177.0,68.5,Male,2.0,235458.96,2.0,2.0
7777087,6.0,78.0,65.5,Unknown,2.0,158932.15999999997,6.0,6.0
3123492,17.0,204.0,33.0,Male,3.0,243282.15,7.0,7.0
7591877,16.0,192.0,63.0,Female,2.0,28488.16,3.0,3.0
7179835,15.0,192.0,72.0,Male,2.0,275478.16,7.0,7.0
44437,12.0,144.0,32.5,Male,2.0,21630.17,4.0,4.0
9655660,7.0,94.0,25.0,Female,2.0,29723.36,3.0,3.0
583286,23.0,288.0,43.0,Male,3.0,318496.72,5.0,5.0
4400703,19.0,229.0,19.0,Female,2.0,37612.51,1.0,1.0
6125032,18.0,225.0,52.5,Female,2.0,173673.14,5.0,5.0
2057747,17.0,209.0,34.0,Male,3.0,237511.81,4.0,4.0
7691504,4.0,57.0,61.5,Unknown,2.0,23062.03,2.0,2.0
4507006,15.0,181.0,22.5,Male,2.0,16094.659999999996,3.0,3.0
9572599,7.0,93.0,45.0,Unknown,2.0,35962.11,3.0,3.0
6567,6.0,81.0,67.0,Unknown,2.0,52068.22,6.0,6.0
8442867,16.0,192.0,68.5,Female,2.0,68548.85,4.0,4.0
9194684,28.0,342.0,45.5,Male,2.0,3733367.1,7.0,7.0
5471645,15.0,183.0,30.0,Female,2.0,19490.99,2.0,2.0
1812344,6.0,77.0,60.5,Male,3.0,1258670.85,7.0,7.0
852033,6.0,75.0,22.5,Unknown,2.0,15515.37,1.0,1.0
739621,6.0,81.0,33.5,Unknown,2.0,36420.6,3.0,3.0
2724570,7.0,95.0,20.5,Unknown,2.0,61477.56,7.0,7.0
5775030,15.0,182.0,54.0,Male,2.0,25551.7,1.0,1.0
2150487,6.0,78.0,51.0,Unknown,3.0,523681.85,5.0,5.0
5398876,11.0,136.0,64.0,Male,2.0,1780955.66,1.0,2.0
7794924,11.0,134.0,24.5,Female,3.0,59686.94,3.0,3.0
2796149,23.0,281.0,46.0,Male,2.0,18951.95,2.0,2.0
6477706,16.0,198.0,66.5,Male,3.0,273138.32,7.0,7.0
2231683,15.0,184.0,48.0,Unknown,2.0,28081.74,4.0,4.0
393305,7.0,90.0,26.5,Unknown,2.0,34150.259999999995,3.0,3.0
9225081,13.0,167.0,38.5,Male,2.0,125958.08000000002,1.0,1.0
6461827,5.0,71.0,18.0,Unknown,2.0,31169.18,1.0,1.0
6786239,5.0,69.0,57.5,Female,2.0,29488.64,7.0,7.0
3358961,7.0,84.0,43.0,Unknown,2.0,113693.43,2.0,2.0
4623024,14.0,179.0,53.5,Male,2.0,26629.79,6.0,6.0
4087305,8.0,96.0,59.5,Unknown,2.0,487093.43,1.0,1.0
7695338,12.0,154.0,52.0,Male,2.0,97301.71,6.0,6.0
3592024,8.0,98.0,42.5,Unknown,2.0,236618.38,1.0,1.0
2089762,6.0,83.0,19.0,Unknown,2.0,24349.75,5.0,5.0
4419077,10.0,120.0,49.5,Female,2.0,631534.27,7.0,7.0
741546,15.0,180.0,62.5,Male,2.0,120128.07,6.0,6.0
2438996,8.0,107.0,29.5,Male,2.0,52842.23,2.0,2.0
7086441,15.0,191.0,56.5,Female,2.0,71004.7,4.0,4.0
5458944,15.0,181.0,29.5,Female,2.0,16994.28,1.0,1.0
4786537,10.0,129.0,25.5,Male,2.0,22012.68,1.0,1.0
5999548,22.0,268.0,67.0,Female,2.0,122066.4,3.0,3.0
4928179,21.0,262.0,63.5,Male,4.0,601904.81,4.0,4.0
3349862,20.0,241.0,73.0,Male,3.0,658186.41,7.0,7.0
4090580,7.0,95.0,31.5,Unknown,2.0,35907.41,6.0,6.0
9292443,12.0,151.0,56.5,Female,2.0,116751.75,4.0,4.0
321836,10.0,125.0,25.0,Male,3.0,37740.31,6.0,6.0
6720477,30.0,366.0,65.5,Unknown,2.0,288628.26,4.0,4.0
9290169,15.0,190.0,49.5,Male,3.0,177421.32,6.0,6.0
5328904,12.0,154.0,30.5,Female,2.0,15940.519999999997,6.0,6.0
1465438,8.0,106.0,25.5,Female,2.0,19327.82,5.0,5.0
3920089,15.0,188.0,69.0,Female,2.0,111623.54,2.0,2.0
9985389,14.0,172.0,54.5,Female,2.0,15732.129999999996,2.0,2.0
1718063,6.0,72.0,48.0,Unknown,2.0,33745.23,4.0,4.0
8400526,9.0,114.0,56.0,Male,2.0,207082.17,7.0,7.0
8320144,4.0,57.0,60.5,Unknown,2.0,670566.31,6.0,6.0
5513345,4.0,55.0,65.0,Male,2.0,313183.07,6.0,6.0
844461,17.0,213.0,57.5,Female,2.0,65895.58,2.0,2.0
9811435,26.0,313.0,55.0,Male,2.0,28181.32,3.0,3.0
7912282,13.0,166.0,28.0,Male,2.0,53431.83,6.0,6.0
8207688,32.0,393.0,60.5,Male,4.0,1490683.88,7.0,7.0
6833353,12.0,145.0,32.0,Female,3.0,150568.63,5.0,5.0
8744213,5.0,67.0,63.0,Unknown,4.0,479209.97,7.0,7.0
1296839,5.0,70.0,47.5,Unknown,2.0,49755.45,7.0,7.0
7249166,11.0,132.0,35.5,Female,2.0,27642.35,7.0,7.0
416622,5.0,64.0,22.0,Unknown,2.0,25169.29,6.0,6.0
8888132,13.0,158.0,69.0,Female,2.0,31145.97,6.0,6.0
9968657,16.0,202.0,42.5,Male,2.0,40100.61,2.0,2.0
6670092,6.0,81.0,23.5,Unknown,2.0,27405.42,7.0,7.0
4904331,7.0,85.0,39.5,Unknown,2.0,15816.53,2.0,2.0
5185720,34.0,413.0,85.5,Unknown,2.0,457414.39,1.0,1.0
5529593,6.0,79.0,16.5,Unknown,3.0,37284.16,3.0,5.0
8992867,6.0,82.0,49.5,Female,2.0,53075.79,1.0,1.0
3581203,21.0,258.0,65.0,Female,2.0,29683.9,4.0,4.0
9372280,18.0,220.0,42.0,Male,3.0,36389.41,1.0,1.0
4806731,5.0,64.0,61.0,Unknown,3.0,247762.08,7.0,7.0
2035873,6.0,72.0,48.5,Unknown,2.0,33218.5,7.0,7.0
9218349,16.0,195.0,31.5,Male,2.0,31620.32,5.0,5.0
2592594,9.0,113.0,29.5,Female,2.0,56908.09,4.0,4.0
6026887,10.0,128.0,32.5,Male,2.0,112891.24,7.0,7.0
9000912,32.0,393.0,61.5,Male,3.0,302299.99,7.0,7.0
6789362,5.0,68.0,40.5,Unknown,3.0,88578.83,6.0,6.0
4128373,25.0,311.0,66.0,Female,2.0,96862.99,2.0,2.0
6134519,14.0,169.0,63.5,Female,2.0,117791.24,7.0,7.0
6846619,9.0,108.0,65.0,Female,2.0,23697.58,5.0,5.0
3290796,11.0,140.0,24.5,Male,2.0,37756.22,2.0,2.0
1923919,13.0,166.0,64.5,Male,6.0,732407.26,5.0,5.0
4172256,9.0,118.0,54.0,Female,2.0,84460.65,1.0,1.0
400652,7.0,84.0,46.0,Unknown,2.0,150722.62,1.0,2.0
3866118,13.0,162.0,67.0,Male,3.0,120686.19,7.0,7.0
6940960,5.0,61.0,20.0,Unknown,2.0,27742.33,7.0,7.0
7203631,6.0,78.0,22.0,Unknown,2.0,15722.66,2.0,2.0
5899045,24.0,288.0,43.5,Female,2.0,464969.92,7.0,7.0
4945652,20.0,246.0,39.0,Male,3.0,218045.0,5.0,5.0
419572,20.0,245.0,62.5,Male,2.0,84418.56,4.0,4.0
5630558,19.0,233.0,40.5,Male,4.0,765986.41,7.0,7.0
3849464,18.0,226.0,69.0,Female,2.0,139111.26,3.0,3.0
7446067,17.0,204.0,46.0,Male,2.0,13912.48,7.0,7.0
6618019,6.0,82.0,31.0,Unknown,2.0,33952.95,7.0,7.0
4221631,13.0,162.0,46.5,Male,2.0,48333.14,3.0,3.0
5398354,9.0,112.0,37.0,Female,2.0,57467.11,4.0,4.0
8888501,14.0,179.0,41.5,Male,2.0,21510.44,1.0,1.0
2006285,15.0,190.0,57.5,Male,2.0,124151.96,1.0,1.0
9136918,14.0,168.0,52.0,Male,2.0,26461.48,5.0,5.0
9414408,10.0,125.0,23.0,Female,2.0,27091.119999999995,1.0,1.0
4716902,13.0,158.0,65.5,Male,2.0,306226.54,6.0,6.0
7361747,4.0,59.0,25.5,Unknown,3.0,39585.9,7.0,7.0
8478590,8.0,106.0,51.0,Male,2.0,48305.93,2.0,2.0
5137043,8.0,97.0,32.5,Unknown,2.0,37749.97,7.0,7.0
284950,7.0,87.0,48.0,Female,2.0,48701.76,6.0,6.0
5830774,7.0,91.0,27.5,Unknown,2.0,61070.29999999999,4.0,4.0
8403360,8.0,97.0,39.0,Unknown,2.0,36134.7,2.0,2.0
4120561,6.0,76.0,70.0,Female,3.0,22266.53,7.0,7.0
4836223,12.0,153.0,62.0,Female,2.0,97584.74,3.0,3.0
135734,8.0,96.0,26.0,Unknown,2.0,18972.54,3.0,3.0
2495744,15.0,180.0,57.0,Female,2.0,89130.53,3.0,3.0
9404757,8.0,96.0,31.0,Unknown,2.0,52925.02,7.0,7.0
2773966,6.0,75.0,69.0,Unknown,2.0,231365.98,7.0,7.0
1856423,18.0,222.0,33.5,Male,2.0,626381.36,7.0,7.0
7733026,15.0,190.0,46.0,Male,2.0,101379.44,3.0,3.0
3946673,14.0,168.0,21.0,Unknown,2.0,82597.06999999999,2.0,2.0
8082314,12.0,154.0,45.0,Female,3.0,164392.03999999998,4.0,4.0
4245422,25.0,306.0,50.5,Female,2.0,122352.93,2.0,2.0
703634,22.0,274.0,63.0,Male,3.0,250225.96,2.0,2.0
651731,21.0,254.0,54.0,Female,3.0,42915.3,7.0,7.0
4036022,21.0,253.0,56.0,Female,2.0,88355.78,3.0,3.0
5016239,20.0,247.0,53.5,Female,2.0,205366.57,7.0,7.0
1563186,17.0,213.0,62.0,Female,4.0,304462.31,7.0,7.0
3833226,6.0,77.0,22.5,Unknown,3.0,48355.31,6.0,6.0
5292304,14.0,179.0,73.5,Female,2.0,19990.68,2.0,2.0
765393,16.0,197.0,44.5,Unknown,3.0,105799.93,7.0,7.0
1004196,26.0,323.0,26.5,Female,2.0,26949.96,2.0,2.0
4241013,4.0,58.0,21.0,Unknown,2.0,20676.19,2.0,2.0
5353136,8.0,107.0,55.5,Female,2.0,53628.81,6.0,6.0
6818468,11.0,142.0,41.5,Male,2.0,31793.67,2.0,2.0
6098670,12.0,152.0,56.5,Female,2.0,87580.25,6.0,6.0
2014296,16.0,203.0,35.0,Male,2.0,30245.1,1.0,1.0
5377738,23.0,276.0,18.0,Female,2.0,15422.589999999997,1.0,1.0
743293,22.0,269.0,43.5,Unknown,2.0,54028.78,4.0,4.0
8575771,17.0,213.0,61.5,Male,2.0,184591.94,1.0,1.0
8653062,12.0,151.0,29.5,Male,2.0,24982.7,5.0,5.0
6882936,18.0,221.0,34.0,Male,3.0,163993.46000000002,4.0,4.0
5533169,20.0,246.0,59.5,Female,2.0,62414.42999999999,4.0,4.0
2814125,7.0,84.0,23.0,Unknown,2.0,24796.43,5.0,5.0
6909973,11.0,136.0,56.0,Male,2.0,136896.07,3.0,3.0
1658968,34.0,418.0,72.0,Female,2.0,94905.69,7.0,7.0
434442,10.0,122.0,29.0,Female,2.0,49196.4,6.0,6.0
1313219,11.0,144.0,37.5,Female,2.0,220316.27,5.0,5.0
9098888,7.0,94.0,44.5,Unknown,2.0,87156.76,6.0,6.0
9127265,8.0,96.0,27.0,Unknown,2.0,24237.369999999995,7.0,7.0
3042835,5.0,60.0,23.5,Unknown,2.0,17702.879999999997,1.0,1.0
9126386,6.0,81.0,24.0,Male,3.0,25482.59,5.0,5.0
5665641,5.0,60.0,24.5,Unknown,2.0,34523.86,3.0,3.0
9998453,5.0,70.0,32.0,Unknown,2.0,43797.75,3.0,3.0
1081053,16.0,198.0,27.5,Male,2.0,62542.82000000001,5.0,5.0
499495,4.0,56.0,64.0,Unknown,2.0,56247.48999999999,3.0,3.0
5274258,26.0,312.0,62.5,Male,2.0,103029.44,6.0,6.0
8972220,25.0,302.0,30.0,Female,3.0,268209.16,5.0,5.0
178297,22.0,270.0,51.5,Male,2.0,442231.67,7.0,7.0
2099209,55.0,667.0,67.0,Female,2.0,876213.9,6.0,6.0
3207187,15.0,185.0,66.0,Male,2.0,771121.01,7.0,7.0
6992481,32.0,390.0,60.0,Female,2.0,42358.4,5.0,5.0
342546,9.0,118.0,44.5,Female,2.0,82441.8,3.0,3.0
9992615,11.0,143.0,28.0,Male,2.0,50690.53,5.0,5.0
4384131,7.0,85.0,65.0,Unknown,2.0,156708.90000000002,1.0,1.0
301670,8.0,107.0,46.5,Unknown,2.0,14033.019999999997,2.0,2.0
941009,16.0,194.0,41.5,Unknown,2.0,81431.0,6.0,6.0
8419938,19.0,233.0,52.5,Female,2.0,15974.629999999996,7.0,7.0
6040295,6.0,82.0,26.0,Male,2.0,21325.82,3.0,3.0
8235486,13.0,167.0,52.0,Female,3.0,266555.51,1.0,1.0
1876279,4.0,58.0,29.5,Unknown,2.0,27608.16,2.0,2.0
584275,9.0,113.0,24.5,Female,2.0,37917.06,6.0,6.0
9662598,30.0,366.0,66.0,Male,3.0,88266.93,5.0,5.0
7184499,4.0,56.0,23.5,Unknown,2.0,15730.059999999998,7.0,7.0
7124281,14.0,178.0,73.0,Male,2.0,35342.59,2.0,2.0
9836552,22.0,264.0,41.0,Male,2.0,120633.98,4.0,4.0
7593029,20.0,251.0,50.5,Unknown,2.0,19868.88,2.0,2.0
9704866,20.0,246.0,23.0,Unknown,2.0,33898.39,3.0,3.0
237598,20.0,246.0,65.0,Female,2.0,207039.82,6.0,6.0
289583,18.0,216.0,46.0,Female,2.0,22338.81,2.0,2.0
2088763,18.0,221.0,49.0,Male,2.0,19058.27,2.0,2.0
3178316,12.0,154.0,58.5,Male,2.0,32170.29,5.0,5.0
3630202,5.0,71.0,54.0,Unknown,2.0,49513.05,5.0,5.0
3578279,10.0,124.0,42.0,Female,3.0,106204.32,7.0,7.0
1351696,12.0,154.0,50.0,Male,2.0,67648.54000000001,6.0,6.0
5276221,6.0,75.0,45.5,Unknown,2.0,46208.3,6.0,6.0
4515340,8.0,96.0,26.5,Unknown,4.0,65745.83,7.0,7.0
1578618,7.0,86.0,28.0,Unknown,4.0,42383.66,7.0,7.0
3863040,15.0,180.0,49.5,Female,2.0,209975.5,2.0,2.0
8590002,25.0,311.0,39.0,Male,2.0,69566.5,2.0,2.0
4886520,8.0,96.0,42.5,Unknown,2.0,33473.27,7.0,7.0
3111256,14.0,176.0,66.5,Female,2.0,86028.58,7.0,7.0
1371013,13.0,158.0,31.5,Female,2.0,35755.1,7.0,7.0
911310,24.0,292.0,46.5,Male,2.0,522690.15,4.0,4.0
226391,24.0,292.0,32.0,Female,2.0,24192.15,2.0,2.0
8569407,24.0,291.0,48.0,Female,3.0,213069.66,5.0,5.0
2957655,22.0,270.0,51.0,Female,3.0,268718.99,5.0,5.0
6014912,20.0,248.0,66.0,Male,3.0,165998.45,6.0,6.0
6364424,18.0,216.0,61.5,Male,2.0,23960.67,5.0,5.0
9528850,12.0,155.0,63.0,Female,2.0,45683.82,3.0,3.0
6680095,16.0,196.0,31.0,Male,2.0,41336.21,1.0,1.0
6066823,25.0,306.0,57.0,Unknown,2.0,23626.61,5.0,5.0
878343,6.0,80.0,39.0,Unknown,2.0,38658.31,7.0,7.0
2306148,7.0,95.0,36.0,Unknown,2.0,167042.45,7.0,7.0
5994878,13.0,158.0,32.5,Female,2.0,25687.1,7.0,7.0
3661844,5.0,69.0,19.0,Unknown,2.0,55365.79,6.0,6.0
441795,8.0,98.0,45.5,Unknown,2.0,72616.87,4.0,4.0
307640,9.0,116.0,57.0,Male,2.0,34196.35,3.0,3.0
2870072,14.0,178.0,63.0,Male,2.0,117299.83,1.0,1.0
1587306,7.0,88.0,65.0,Unknown,2.0,211361.46,7.0,7.0
5585345,7.0,90.0,41.0,Unknown,2.0,140501.24,4.0,4.0
7535821,6.0,72.0,46.5,Female,2.0,93461.72,2.0,2.0
3692600,15.0,182.0,64.0,Female,2.0,86016.95999999999,7.0,7.0
5989682,8.0,102.0,61.0,Unknown,2.0,41152.8,1.0,1.0
7265450,13.0,164.0,39.0,Female,2.0,97127.69,2.0,2.0
6075866,25.0,309.0,63.5,Female,2.0,86699.94,3.0,3.0
7230808,22.0,271.0,50.0,Male,2.0,68367.94,7.0,7.0
6038587,21.0,259.0,15.5,Female,3.0,32254.28,4.0,4.0
3220949,21.0,254.0,56.5,Female,2.0,77302.12,3.0,4.0
9049046,20.0,251.0,50.5,Male,3.0,80711.14,7.0,7.0
2038116,22.0,274.0,57.5,Female,2.0,210151.9,4.0,4.0
1319031,5.0,68.0,24.0,Unknown,2.0,21252.46,3.0,3.0
4399472,4.0,59.0,29.0,Unknown,2.0,23254.06,1.0,1.0
5793771,5.0,71.0,32.0,Unknown,2.0,19236.2,2.0,2.0
8787344,8.0,106.0,49.5,Female,2.0,33932.52,4.0,4.0
9985835,6.0,77.0,41.0,Unknown,2.0,68517.08,1.0,1.0
1987984,16.0,197.0,77.0,Male,2.0,17326.78,2.0,2.0
7583091,6.0,82.0,43.0,Unknown,2.0,19583.9,3.0,3.0
2611994,27.0,330.0,84.5,Male,2.0,631783.8,7.0,7.0
8171457,9.0,119.0,27.5,Male,2.0,31113.33,1.0,1.0
7157398,15.0,190.0,25.5,Female,2.0,55091.72,3.0,3.0
1367995,8.0,105.0,45.0,Male,2.0,33216.63,1.0,1.0
1630358,17.0,208.0,57.0,Male,2.0,42318.57,3.0,3.0
2741746,6.0,82.0,64.0,Unknown,2.0,25911.59,3.0,3.0
7017617,14.0,169.0,21.0,Female,3.0,52334.75,7.0,7.0
4991886,9.0,111.0,32.5,Male,2.0,50569.94,7.0,7.0
9309323,23.0,285.0,45.5,Female,3.0,322108.09,4.0,4.0
1440215,17.0,215.0,31.5,Female,3.0,143114.2,5.0,5.0
3520709,16.0,202.0,45.5,Female,3.0,52296.97,3.0,3.0
583254,10.0,124.0,52.0,Male,2.0,13849.19,1.0,1.0
787609,9.0,111.0,43.5,Unknown,2.0,68443.51,2.0,2.0
1878645,15.0,188.0,64.0,Male,2.0,541455.78,7.0,7.0
3642726,5.0,68.0,42.5,Unknown,3.0,352234.86,2.0,2.0
2705713,6.0,72.0,30.0,Unknown,2.0,31335.07,4.0,4.0
9376512,4.0,59.0,31.5,Unknown,2.0,22351.53,2.0,2.0
6204904,4.0,58.0,24.5,Unknown,2.0,32072.86,2.0,2.0
170616,8.0,99.0,19.5,Unknown,3.0,53013.97,2.0,2.0
7994889,25.0,300.0,75.5,Male,2.0,464330.81,4.0,4.0
1747278,5.0,65.0,72.0,Unknown,2.0,25528.58,2.0,2.0
8596143,14.0,179.0,54.0,Female,2.0,19066.86,3.0,3.0
4462423,5.0,61.0,28.5,Unknown,2.0,33889.94,7.0,7.0
9368162,6.0,75.0,49.0,Unknown,2.0,23671.119999999995,4.0,4.0
6120554,27.0,335.0,41.5,Male,2.0,63648.72,6.0,6.0
7663225,12.0,145.0,85.0,Female,3.0,55875.98,4.0,5.0
2014789,7.0,86.0,53.0,Unknown,2.0,25336.759999999995,4.0,4.0
940707,9.0,109.0,19.5,Male,2.0,42979.92999999999,5.0,5.0
4974875,8.0,107.0,31.0,Female,2.0,40699.53,1.0,1.0
3015609,6.0,72.0,23.5,Unknown,3.0,51792.56,6.0,7.0
562072,7.0,84.0,50.0,Unknown,2.0,39262.89,2.0,2.0
6908680,13.0,158.0,25.5,Female,3.0,26094.369999999995,6.0,6.0
6486211,22.0,265.0,24.5,Unknown,2.0,193123.58,5.0,5.0
5037703,20.0,251.0,70.0,Male,2.0,28408.4,6.0,6.0
3271548,20.0,250.0,69.5,Female,3.0,480931.9,7.0,7.0
2330218,20.0,240.0,36.5,Female,3.0,41663.53999999999,5.0,5.0
1233805,19.0,233.0,47.0,Female,2.0,30361.9,1.0,1.0
9383390,18.0,221.0,29.5,Male,2.0,127773.64,6.0,6.0
1839201,15.0,189.0,56.0,Male,2.0,68301.28,7.0,7.0
3161622,9.0,109.0,33.0,Male,2.0,16346.559999999998,2.0,2.0
8077520,7.0,93.0,59.5,Male,2.0,78332.94,7.0,7.0
1959676,10.0,124.0,47.0,Male,2.0,88727.45999999999,3.0,3.0
932342,6.0,83.0,23.0,Unknown,2.0,22590.02,1.0,1.0
6318332,9.0,115.0,28.0,Male,2.0,102582.49,1.0,1.0
2128341,12.0,153.0,52.5,Female,2.0,176731.71999999997,3.0,3.0
6851435,4.0,59.0,78.5,Unknown,2.0,151908.58000000002,7.0,7.0
7458669,8.0,105.0,22.5,Male,2.0,186851.16,4.0,4.0
9205380,14.0,176.0,44.5,Female,2.0,33616.91,4.0,4.0
9648941,10.0,122.0,43.5,Male,2.0,55277.66,1.0,1.0
1439766,10.0,130.0,27.0,Female,2.0,44520.3,1.0,1.0
2196362,29.0,355.0,70.0,Female,2.0,339078.07,2.0,3.0
7305982,5.0,71.0,35.5,Unknown,2.0,32075.89,4.0,4.0
6392963,5.0,60.0,22.0,Unknown,2.0,22745.29,2.0,2.0
7544315,5.0,64.0,28.5,Unknown,2.0,20989.81,4.0,4.0
1911741,13.0,164.0,31.0,Female,2.0,121874.53999999998,2.0,2.0
6530530,26.0,313.0,60.5,Male,4.0,390207.07,5.0,5.0
3630508,11.0,133.0,33.0,Female,2.0,55808.07000000001,2.0,2.0
1397301,22.0,265.0,55.5,Male,3.0,451747.78,7.0,7.0
3481504,16.0,192.0,61.5,Male,2.0,402838.73,5.0,5.0
5234229,5.0,67.0,51.0,Female,2.0,59121.62,7.0,7.0
2318635,8.0,98.0,50.0,Female,2.0,124955.27000000002,1.0,2.0
2672398,5.0,70.0,55.5,Unknown,2.0,24734.869999999995,1.0,1.0
624164,7.0,95.0,20.5,Unknown,2.0,39553.08,1.0,1.0
6891626,9.0,113.0,33.5,Male,2.0,72014.6,3.0,3.0
9866679,7.0,94.0,40.0,Male,2.0,18882.53,2.0,2.0
5484585,10.0,123.0,35.5,Female,2.0,24326.5,3.0,3.0
6117186,5.0,65.0,46.0,Male,2.0,740549.6000000001,2.0,2.0
1880874,11.0,137.0,40.0,Male,2.0,137274.94,7.0,7.0
9398854,9.0,113.0,27.0,Male,3.0,88342.75,4.0,4.0
7193272,16.0,194.0,77.5,Male,2.0,353378.44,7.0,7.0
2575177,13.0,164.0,66.5,Male,2.0,100873.34,7.0,7.0
4992477,6.0,79.0,55.0,Unknown,2.0,18450.89,2.0,2.0
3169098,5.0,71.0,30.0,Unknown,2.0,65316.36,2.0,2.0
2967596,31.0,383.0,39.5,Female,3.0,121152.16999999998,6.0,6.0
664905,20.0,248.0,66.0,Female,2.0,467172.81,3.0,3.0
5274334,16.0,192.0,62.0,Female,2.0,57628.7,4.0,4.0
7018949,7.0,92.0,62.5,Unknown,2.0,33552.96,5.0,5.0
505001,4.0,58.0,51.0,Unknown,4.0,265567.11,6.0,6.0
2610746,20.0,250.0,37.5,Female,3.0,245198.7,5.0,5.0
4624811,19.0,230.0,45.0,Female,4.0,418114.81,3.0,3.0
6560121,28.0,345.0,64.5,Unknown,2.0,395678.88,1.0,1.0
8828319,5.0,70.0,35.0,Unknown,2.0,145679.07,1.0,1.0
3806507,29.0,359.0,62.5,Male,2.0,136709.93,7.0,7.0
6899385,13.0,166.0,56.5,Male,2.0,24664.65,2.0,2.0
4971846,10.0,121.0,46.0,Female,2.0,53331.59,1.0,1.0
7175351,28.0,337.0,75.0,Female,2.0,45137.75,2.0,2.0
9042292,8.0,96.0,26.5,Unknown,2.0,20289.22,1.0,1.0
6044960,14.0,170.0,67.5,Female,2.0,350221.53,3.0,3.0
9410729,7.0,86.0,45.5,Unknown,2.0,31003.24,3.0,3.0
5658746,17.0,207.0,48.0,Male,2.0,714741.61,7.0,7.0
1521953,13.0,160.0,34.0,Male,2.0,98668.84,7.0,7.0
5142936,5.0,70.0,17.5,Unknown,2.0,15161.669999999998,1.0,1.0
8307445,7.0,89.0,51.5,Unknown,3.0,195592.75,7.0,7.0
5609514,6.0,82.0,33.0,Unknown,2.0,21155.45,2.0,2.0
7717905,5.0,68.0,22.0,Unknown,2.0,29607.58,1.0,1.0
3095971,15.0,189.0,49.0,Female,2.0,450785.86,4.0,4.0
4108854,7.0,93.0,58.0,Unknown,2.0,71133.48999999999,2.0,2.0
2638124,7.0,84.0,23.5,Unknown,2.0,16364.32,7.0,7.0
5620805,27.0,326.0,60.0,Female,2.0,31700.03,1.0,1.0
4436356,8.0,97.0,65.0,Unknown,2.0,26287.2,2.0,2.0
3033092,22.0,270.0,61.5,Female,2.0,76215.04000000001,7.0,7.0
7960718,21.0,263.0,66.5,Female,2.0,420360.97,6.0,6.0
4437418,28.0,343.0,26.5,Male,2.0,319987.58,7.0,7.0
3612708,26.0,315.0,74.5,Male,2.0,162321.93,5.0,5.0
9509087,15.0,187.0,29.5,Female,2.0,17238.35,1.0,1.0
7741338,5.0,68.0,48.0,Unknown,2.0,13966.96,1.0,1.0
1465995,6.0,72.0,22.0,Unknown,2.0,38995.2,5.0,5.0
7209492,15.0,189.0,61.5,Male,2.0,43536.49,6.0,6.0
8578495,8.0,101.0,45.5,Unknown,2.0,49128.4,7.0,7.0
7098629,13.0,160.0,25.5,Female,2.0,46736.53,1.0,1.0
6371091,9.0,118.0,22.5,Unknown,2.0,67821.72,7.0,7.0
2041745,13.0,162.0,59.5,Male,2.0,23397.68,1.0,1.0
2716517,13.0,157.0,45.0,Female,2.0,914694.12,6.0,6.0
8641304,5.0,66.0,31.0,Male,2.0,46621.24,4.0,5.0
4847587,9.0,111.0,35.0,Male,2.0,178042.72999999998,3.0,3.0
82901,6.0,74.0,57.0,Female,2.0,38370.14,7.0,7.0
55705,9.0,113.0,37.0,Female,2.0,24927.79,1.0,1.0
7561667,7.0,89.0,29.0,Unknown,4.0,143466.3,6.0,6.0
7150388,24.0,298.0,48.5,Unknown,2.0,68285.43,3.0,3.0
3406327,22.0,275.0,62.5,Male,2.0,58346.95,1.0,1.0
634220,16.0,203.0,25.5,Male,2.0,102537.73,4.0,4.0
5643944,16.0,192.0,59.5,Female,2.0,44134.03999999999,2.0,2.0
9438520,4.0,58.0,63.5,Unknown,2.0,21715.27,5.0,5.0
2212145,8.0,98.0,55.5,Unknown,2.0,99230.39,1.0,1.0
11922,6.0,83.0,28.0,Unknown,2.0,51037.38,2.0,2.0
1755371,5.0,60.0,26.5,Male,3.0,43531.71,7.0,7.0
7606811,5.0,71.0,53.0,Male,3.0,152213.19,3.0,3.0
6977695,19.0,229.0,41.5,Male,2.0,846856.87,5.0,5.0
1350705,20.0,249.0,40.0,Female,2.0,57017.86,7.0,7.0
152353,10.0,126.0,29.5,Unknown,2.0,61489.42,1.0,1.0
7950455,14.0,174.0,55.5,Female,2.0,161081.12,2.0,2.0
5825097,5.0,70.0,21.5,Unknown,2.0,42585.62,5.0,5.0
5939963,24.0,289.0,62.5,Male,3.0,6628686.47,5.0,5.0
4782993,22.0,272.0,21.0,Male,2.0,30108.75,2.0,2.0
369097,20.0,240.0,75.0,Male,2.0,98151.44,1.0,1.0
9068559,19.0,231.0,50.0,Female,3.0,154830.93,7.0,7.0
3416073,7.0,87.0,61.0,Unknown,2.0,113498.28,1.0,1.0
7579909,16.0,194.0,53.0,Female,3.0,57563.89,4.0,4.0
6623779,3.0,36.0,15.0,Unknown,2.0,15400.62,5.0,5.0
8923986,10.0,123.0,68.5,Female,2.0,33511.55,1.0,1.0
8403221,12.0,154.0,23.5,Female,2.0,47261.01,5.0,5.0
6498023,15.0,186.0,32.5,Male,2.0,116777.41,4.0,4.0
3195850,12.0,155.0,47.0,Male,2.0,43024.28999999999,1.0,1.0
5496886,9.0,112.0,42.5,Male,2.0,142197.27000000002,3.0,3.0
8030,8.0,106.0,30.5,Unknown,2.0,69285.98,7.0,7.0
3925946,5.0,66.0,23.5,Unknown,4.0,123675.16999999998,7.0,7.0
6059278,6.0,78.0,24.0,Female,2.0,16493.949999999997,3.0,4.0
4626116,4.0,58.0,22.0,Unknown,2.0,28856.56,3.0,3.0
5574812,15.0,181.0,61.0,Male,3.0,119848.7,5.0,5.0
2740839,11.0,139.0,55.5,Male,2.0,264032.43,1.0,1.0
434797,21.0,253.0,58.0,Male,2.0,15180.669999999998,3.0,3.0
9062898,7.0,85.0,72.0,Female,2.0,52524.77,5.0,5.0
4824633,29.0,351.0,66.5,Female,2.0,113817.35,7.0,7.0
8284765,5.0,71.0,19.5,Unknown,3.0,21797.94,7.0,7.0
1755602,4.0,59.0,24.0,Unknown,3.0,44148.03999999999,7.0,7.0
5420288,9.0,110.0,32.5,Male,4.0,526654.1900000001,4.0,4.0
4624346,32.0,385.0,70.5,Male,2.0,47277.26,1.0,1.0
1942001,14.0,171.0,39.0,Male,2.0,91731.82,4.0,4.0
760777,15.0,191.0,26.5,Female,3.0,93144.64,2.0,2.0
4324837,23.0,286.0,59.5,Female,2.0,260895.29,2.0,2.0
4598894,20.0,241.0,72.5,Male,3.0,236672.28,7.0,7.0
2513807,15.0,189.0,36.0,Female,2.0,40137.91,7.0,7.0
3799253,4.0,49.0,59.5,Unknown,2.0,768095.63,7.0,7.0
7447286,8.0,102.0,69.5,Unknown,2.0,37959.52,2.0,2.0
9694571,6.0,83.0,56.0,Unknown,2.0,140458.39,1.0,1.0
2796077,15.0,184.0,37.0,Female,2.0,52823.78,7.0,7.0
8602669,6.0,81.0,45.5,Unknown,2.0,74973.54000000001,6.0,6.0
4381900,16.0,192.0,62.0,Male,2.0,92285.27,6.0,6.0
1194309,14.0,179.0,51.5,Male,3.0,164114.96999999997,7.0,7.0
151529,6.0,81.0,39.0,Unknown,3.0,21593.74,5.0,6.0
2030387,14.0,171.0,54.0,Male,2.0,22792.91,1.0,1.0
4733987,5.0,71.0,44.5,Unknown,2.0,134875.61,5.0,5.0
8904854,5.0,60.0,25.5,Male,2.0,22225.75,3.0,3.0
9873579,6.0,79.0,59.5,Unknown,2.0,61074.17,5.0,5.0
2148461,16.0,194.0,64.5,Male,2.0,458480.02,5.0,5.0
2063568,5.0,70.0,45.0,Unknown,2.0,28664.19,2.0,2.0
3332569,5.0,60.0,19.5,Unknown,2.0,20675.64,7.0,7.0
5444934,8.0,101.0,26.0,Unknown,2.0,70772.03,5.0,5.0
6945092,22.0,270.0,28.0,Unknown,2.0,16776.519999999997,6.0,6.0
5904714,22.0,270.0,55.5,Female,2.0,766880.1000000001,2.0,2.0
6633813,21.0,260.0,52.0,Female,2.0,65206.01,7.0,7.0
138242,19.0,239.0,42.5,Female,2.0,127361.11,1.0,1.0
2694537,18.0,227.0,55.5,Unknown,2.0,86693.97,2.0,2.0
5954661,18.0,223.0,61.5,Unknown,2.0,48088.03,6.0,6.0
7558718,14.0,179.0,47.5,Male,3.0,2767879.3,3.0,3.0
3200653,4.0,56.0,32.0,Unknown,2.0,37131.01,2.0,2.0
5026762,6.0,73.0,54.0,Unknown,2.0,65662.32,1.0,1.0
5796961,10.0,130.0,31.5,Male,2.0,41294.28,2.0,2.0
5288730,6.0,83.0,22.0,Male,3.0,79858.72,7.0,7.0
9152430,10.0,126.0,23.5,Male,3.0,188871.72,5.0,5.0
7810842,9.0,118.0,52.0,Unknown,2.0,58815.73,2.0,2.0
5819683,4.0,54.0,49.5,Unknown,3.0,553468.8500000001,5.0,5.0
7885189,9.0,112.0,29.0,Male,2.0,51149.9,7.0,7.0
2086271,8.0,99.0,26.5,Unknown,2.0,90403.45,4.0,4.0
6061794,13.0,156.0,35.0,Female,2.0,56216.34,3.0,3.0
4438005,15.0,191.0,75.0,Male,2.0,16144.57,3.0,3.0
4314154,6.0,76.0,18.5,Unknown,2.0,41853.96,4.0,4.0
5407993,11.0,143.0,46.0,Male,2.0,421404.4,6.0,6.0
9209871,11.0,142.0,48.5,Male,2.0,46608.89,7.0,7.0
2365042,22.0,267.0,46.0,Unknown,3.0,1238766.98,7.0,7.0
7738779,21.0,253.0,46.5,Unknown,2.0,272842.41,7.0,7.0
4050562,21.0,253.0,71.0,Male,2.0,432329.01,7.0,7.0
8054409,19.0,231.0,41.5,Male,3.0,88880.83,7.0,7.0
5088721,28.0,337.0,79.5,Female,2.0,41507.95,4.0,4.0
181660,16.0,196.0,67.0,Male,2.0,111307.45,1.0,1.0
5151020,5.0,70.0,40.5,Unknown,2.0,21728.3,1.0,1.0
4231865,11.0,132.0,59.5,Female,3.0,44573.76,5.0,5.0
7908643,16.0,192.0,33.0,Female,2.0,58060.58,1.0,1.0
7465055,7.0,85.0,40.5,Unknown,2.0,100502.35,7.0,7.0
3953001,13.0,159.0,59.5,Female,2.0,255058.63,7.0,7.0
5131324,8.0,102.0,23.5,Unknown,3.0,121700.5,7.0,7.0
8248605,13.0,167.0,36.5,Female,3.0,44298.85,3.0,3.0
6339855,12.0,147.0,36.0,Female,2.0,98212.63,1.0,1.0
4486220,22.0,264.0,20.5,Female,2.0,49350.4,2.0,2.0
5856902,5.0,66.0,32.0,Female,2.0,75985.16,4.0,4.0
6416603,4.0,58.0,30.5,Unknown,4.0,85988.08,2.0,2.0
4189082,21.0,253.0,51.0,Male,2.0,15196.03,2.0,2.0
2821178,20.0,245.0,40.5,Male,2.0,16021.789999999995,5.0,5.0
2870430,20.0,243.0,45.5,Male,2.0,168529.15000000002,4.0,4.0
6580682,17.0,214.0,41.0,Female,3.0,147604.75,5.0,5.0
117566,16.0,202.0,69.0,Female,2.0,34034.63,2.0,2.0
3544009,10.0,129.0,59.0,Female,2.0,15289.719999999998,4.0,4.0
4031366,31.0,379.0,43.0,Male,4.0,286344.03,7.0,7.0
7771011,4.0,59.0,19.5,Unknown,3.0,296423.29,3.0,3.0
5285499,13.0,159.0,57.0,Female,3.0,42649.87,6.0,6.0
916071,7.0,86.0,37.5,Unknown,2.0,44238.6,6.0,6.0
3885421,9.0,114.0,42.0,Female,2.0,37283.16,2.0,2.0
9674037,5.0,66.0,19.5,Unknown,3.0,43401.89,7.0,7.0
5364745,12.0,146.0,25.5,Male,2.0,68801.13,4.0,4.0
1051183,11.0,139.0,63.5,Male,2.0,628075.8300000001,1.0,1.0
3201634,21.0,253.0,50.0,Male,2.0,549509.63,3.0,3.0
9524333,13.0,163.0,53.0,Male,2.0,29076.7,3.0,3.0
148428,25.0,304.0,54.5,Male,3.0,49383.56,5.0,5.0
7728833,6.0,75.0,55.0,Unknown,2.0,976495.96,7.0,7.0
7862269,13.0,156.0,31.5,Male,3.0,134130.3,4.0,4.0
8948424,15.0,189.0,45.0,Male,2.0,77743.14,4.0,4.0
2734931,7.0,85.0,34.5,Unknown,2.0,75207.94,3.0,3.0
2862368,7.0,85.0,26.0,Unknown,2.0,54265.43,3.0,3.0
3683187,26.0,320.0,70.0,Female,2.0,38900.6,6.0,6.0
6245136,23.0,277.0,73.0,Male,2.0,397177.91,3.0,3.0
2564501,21.0,259.0,33.5,Male,2.0,313836.96,2.0,2.0
6044368,21.0,257.0,31.5,Male,2.0,15121.899999999998,1.0,2.0
7515722,18.0,226.0,52.0,Male,3.0,164989.66999999998,7.0,7.0
5729853,16.0,201.0,37.0,Female,2.0,31192.83,1.0,1.0
5496844,14.0,175.0,69.0,Male,2.0,194879.83,3.0,3.0
4449188,4.0,56.0,29.5,Male,2.0,52221.57,7.0,7.0
4553237,7.0,85.0,22.5,Unknown,3.0,51056.84,7.0,7.0
4130851,16.0,198.0,47.5,Female,2.0,15782.57,2.0,2.0
242036,7.0,86.0,60.0,Unknown,2.0,256648.65,7.0,7.0
6692471,8.0,102.0,70.5,Unknown,2.0,231020.53,4.0,4.0
6930411,3.0,39.0,56.5,Unknown,3.0,369582.35,3.0,3.0
6717685,5.0,67.0,51.5,Female,3.0,256958.49,7.0,7.0
9783003,7.0,85.0,56.5,Unknown,2.0,77263.81,1.0,1.0
6291008,13.0,159.0,29.5,Male,3.0,57725.28,7.0,7.0
6786470,15.0,189.0,45.5,Unknown,2.0,59961.850000000006,1.0,1.0
841100,6.0,72.0,24.5,Unknown,2.0,122357.41999999998,6.0,6.0
6818336,15.0,191.0,49.5,Unknown,2.0,34038.52,2.0,2.0
9925831,7.0,94.0,46.5,Unknown,2.0,25455.98,2.0,2.0
7504998,16.0,193.0,63.5,Female,4.0,1112679.09,7.0,7.0
8787822,6.0,83.0,32.0,Unknown,2.0,38990.8,7.0,7.0
4229027,16.0,200.0,57.0,Female,2.0,117064.46,5.0,5.0
4959672,9.0,113.0,72.5,Female,2.0,129067.21,4.0,4.0
4805530,26.0,313.0,50.5,Male,3.0,213069.78,7.0,7.0
7496985,8.0,103.0,35.5,Unknown,2.0,57888.42999999999,3.0,3.0
2317244,14.0,178.0,48.5,Female,2.0,68317.38,5.0,5.0
1940182,7.0,95.0,56.5,Unknown,2.0,19003.98,7.0,7.0
3710585,9.0,111.0,45.5,Male,2.0,267579.95,2.0,2.0
6100963,23.0,276.0,29.0,Female,3.0,53834.56,3.0,3.0
8972684,21.0,259.0,38.5,Unknown,3.0,194577.34000000003,3.0,3.0
6634942,21.0,258.0,50.5,Male,2.0,201908.46,4.0,4.0
1059549,8.0,107.0,43.0,Male,2.0,61021.15,4.0,4.0
8957679,11.0,135.0,39.5,Female,2.0,39759.87,7.0,7.0
3874213,7.0,93.0,49.5,Unknown,2.0,77210.75,2.0,2.0
7032877,12.0,154.0,57.5,Female,2.0,51462.49,6.0,6.0
8346983,14.0,175.0,31.0,Male,2.0,33100.13,7.0,7.0
7910086,4.0,55.0,62.5,Male,2.0,59644.20999999999,1.0,1.0
7390491,7.0,84.0,71.0,Female,2.0,115854.44,3.0,3.0
4330260,5.0,67.0,27.0,Male,3.0,31702.83,3.0,3.0
3571949,7.0,90.0,61.5,Unknown,3.0,1375483.17,7.0,7.0
4752410,18.0,226.0,74.5,Female,2.0,61295.22,5.0,5.0
4082500,10.0,124.0,22.5,Female,2.0,47735.67,5.0,5.0
282673,22.0,273.0,63.5,Female,2.0,121322.97,7.0,7.0
5897570,21.0,258.0,25.0,Male,2.0,36075.07,2.0,2.0
9389598,21.0,256.0,52.5,Male,4.0,135259.3,6.0,6.0
26196,18.0,218.0,76.5,Male,3.0,522725.0,7.0,7.0
1498739,16.0,194.0,41.0,Male,2.0,58806.12,5.0,5.0
7912389,15.0,183.0,30.0,Female,2.0,15177.449999999995,1.0,1.0
9936986,7.0,94.0,43.0,Unknown,2.0,63012.2,3.0,3.0
5900972,7.0,90.0,64.5,Unknown,2.0,76498.57,6.0,6.0
8908470,4.0,48.0,38.5,Unknown,2.0,33886.98,6.0,6.0
9733741,8.0,96.0,27.5,Unknown,2.0,47493.02,7.0,7.0
4334095,12.0,155.0,23.5,Female,2.0,15553.41,1.0,1.0
5583326,9.0,114.0,57.5,Male,2.0,195922.21,5.0,5.0
5250969,5.0,69.0,36.0,Unknown,2.0,30929.36,2.0,2.0
3837652,30.0,371.0,52.5,Male,3.0,172914.59999999998,7.0,7.0
9086545,31.0,383.0,64.0,Female,4.0,188643.8,7.0,7.0
7623394,15.0,180.0,54.5,Female,2.0,33554.72,2.0,2.0
3899997,13.0,166.0,49.0,Female,2.0,22201.83,4.0,4.0
5765111,24.0,299.0,55.5,Female,2.0,184045.46,5.0,5.0
7638205,23.0,279.0,62.0,Male,2.0,517781.67,3.0,3.0
7257568,21.0,262.0,48.0,Male,3.0,221422.59000000003,3.0,3.0
5507491,20.0,251.0,60.5,Female,2.0,39820.41,2.0,2.0
1699788,10.0,130.0,51.0,Female,2.0,471292.17,1.0,1.0
6063717,7.0,95.0,25.5,Unknown,2.0,44021.42999999999,3.0,3.0
2461721,4.0,58.0,21.0,Unknown,2.0,16292.609999999995,1.0,1.0
3727458,7.0,94.0,30.5,Unknown,2.0,40103.39,2.0,2.0
199329,5.0,70.0,73.0,Unknown,2.0,49700.6,6.0,6.0
7078198,30.0,360.0,50.5,Female,2.0,30560.27,1.0,1.0
9164387,11.0,134.0,32.5,Unknown,2.0,37964.27,5.0,5.0
1164847,15.0,190.0,50.0,Female,2.0,32355.94,2.0,2.0
2893805,4.0,58.0,25.0,Unknown,2.0,25031.47,7.0,7.0
1183466,4.0,56.0,27.0,Female,3.0,21822.2,1.0,1.0
3539274,23.0,282.0,67.5,Male,4.0,2797594.12,7.0,7.0
9144174,8.0,98.0,48.0,Female,2.0,182807.71,2.0,2.0
6995133,13.0,167.0,28.5,Male,2.0,15912.989999999998,1.0,1.0
445479,15.0,190.0,34.0,Female,2.0,55604.53,7.0,7.0
4194797,11.0,140.0,28.5,Female,2.0,34607.91,3.0,3.0
9904496,21.0,252.0,65.5,Male,2.0,96165.83,1.0,1.0
9570731,20.0,247.0,15.5,Male,2.0,20587.92,1.0,1.0
1846643,20.0,247.0,20.0,Male,3.0,389883.6,7.0,7.0
3913526,19.0,239.0,38.5,Female,3.0,190872.59000000003,7.0,7.0
3956644,19.0,234.0,33.5,Male,3.0,793693.9600000001,7.0,7.0
9352035,7.0,94.0,72.5,Unknown,4.0,353014.57,6.0,6.0
2774787,5.0,67.0,70.0,Female,3.0,105700.41,4.0,4.0
856558,14.0,172.0,54.0,Female,3.0,367831.07,7.0,7.0
8260855,5.0,71.0,46.0,Unknown,2.0,109483.01,6.0,6.0
1005634,7.0,85.0,51.5,Unknown,2.0,22734.23,2.0,2.0
9591749,12.0,155.0,23.0,Male,2.0,28664.42,7.0,7.0
3341296,15.0,182.0,53.5,Male,3.0,500676.27,7.0,7.0
5803959,9.0,115.0,52.5,Female,2.0,113887.46,3.0,3.0
8467965,7.0,84.0,68.0,Unknown,2.0,41079.13,3.0,3.0
3997215,14.0,168.0,25.0,Male,2.0,73963.65,7.0,7.0
8360699,7.0,93.0,29.0,Unknown,2.0,42247.65,3.0,3.0
178131,21.0,261.0,52.0,Male,2.0,423859.94,6.0,6.0
905202,8.0,106.0,43.5,Female,2.0,35331.21,3.0,3.0
1130346,20.0,250.0,56.5,Female,4.0,486807.43,7.0,7.0
5494754,17.0,207.0,56.5,Male,2.0,36400.74,4.0,4.0
1331688,16.0,200.0,49.0,Male,2.0,133200.13,3.0,3.0
5158268,15.0,190.0,39.5,Female,2.0,1040829.84,7.0,7.0
7814206,5.0,68.0,32.5,Female,2.0,36343.97,5.0,5.0
8828816,16.0,192.0,51.0,Female,2.0,40862.13,5.0,5.0
7739905,8.0,99.0,23.5,Unknown,2.0,27419.03,3.0,3.0
9548905,5.0,69.0,29.5,Unknown,2.0,42437.91,1.0,1.0
7819973,6.0,72.0,22.0,Unknown,2.0,23235.55,5.0,5.0
2964887,12.0,152.0,32.0,Male,4.0,231223.53,6.0,6.0
483758,15.0,191.0,60.5,Female,2.0,41548.82,3.0,3.0
6369247,9.0,119.0,58.5,Female,2.0,50426.92,2.0,2.0
1626163,7.0,95.0,47.5,Unknown,2.0,51818.26,6.0,6.0
4465855,12.0,149.0,56.0,Female,2.0,72365.29000000001,6.0,6.0
2085983,5.0,60.0,59.5,Female,2.0,201845.78,2.0,3.0
8526323,5.0,60.0,42.5,Unknown,2.0,24953.41,2.0,3.0
690099,8.0,97.0,34.0,Unknown,2.0,96868.93,6.0,6.0
5965541,9.0,110.0,46.5,Female,2.0,46747.92,1.0,1.0
3710267,9.0,113.0,28.5,Female,2.0,51750.13,4.0,4.0
8441898,6.0,80.0,63.5,Unknown,2.0,74900.84,2.0,4.0
1857733,8.0,107.0,57.5,Male,2.0,117759.8,2.0,2.0
9570839,15.0,182.0,28.5,Male,2.0,22196.54,2.0,2.0
1466287,10.0,121.0,30.0,Female,2.0,31243.28,5.0,5.0
7776765,7.0,85.0,30.0,Female,2.0,48171.12,2.0,2.0
8340322,18.0,220.0,63.5,Unknown,4.0,572403.0900000001,7.0,7.0
3902248,17.0,215.0,33.5,Male,2.0,20370.22,5.0,5.0
5924796,14.0,170.0,32.0,Female,2.0,61133.600000000006,3.0,3.0
931695,7.0,85.0,28.5,Unknown,3.0,70493.7,6.0,6.0
7735547,14.0,168.0,73.0,Female,2.0,37683.35,4.0,4.0
1848751,15.0,184.0,49.0,Female,2.0,29101.3,5.0,5.0
9250935,15.0,185.0,47.0,Female,2.0,27839.93,2.0,2.0
9031413,14.0,174.0,37.0,Female,2.0,96432.25,7.0,7.0
3909487,26.0,318.0,58.5,Female,2.0,48802.68,3.0,3.0
6693543,9.0,118.0,53.0,Female,2.0,24697.35,4.0,4.0
1816353,4.0,58.0,62.5,Unknown,2.0,34778.31,4.0,4.0
4288116,8.0,103.0,50.5,Male,3.0,216692.71,5.0,5.0
6424857,14.0,178.0,63.0,Male,2.0,48622.21,1.0,1.0
5808297,12.0,153.0,40.0,Female,3.0,79103.64,3.0,3.0
6940814,8.0,107.0,71.0,Female,2.0,21702.85,4.0,4.0
4353052,15.0,185.0,29.0,Male,2.0,234298.39,7.0,7.0
692893,16.0,193.0,43.0,Female,2.0,89287.76,2.0,2.0
1511208,8.0,102.0,43.0,Unknown,2.0,243289.15,3.0,3.0
7283409,9.0,118.0,23.5,Female,2.0,47760.89,7.0,7.0
1333640,5.0,71.0,55.5,Unknown,2.0,39063.94,6.0,6.0
6798183,23.0,280.0,50.5,Female,3.0,20911.08,4.0,4.0
2514724,20.0,240.0,64.0,Female,3.0,52123.42,2.0,2.0
5182088,17.0,207.0,61.5,Female,3.0,258097.26,6.0,6.0
2612569,7.0,86.0,24.5,Male,2.0,22150.1,7.0,7.0
4032327,8.0,99.0,25.5,Unknown,2.0,25317.74,6.0,6.0
5915284,4.0,56.0,25.5,Unknown,3.0,37443.03,1.0,1.0
4244547,5.0,66.0,56.0,Female,2.0,35507.99,3.0,3.0
554667,25.0,305.0,58.0,Female,2.0,20891.93,1.0,1.0
3070427,12.0,154.0,65.0,Female,2.0,81381.39,2.0,2.0
3924019,7.0,94.0,38.5,Unknown,3.0,365246.12,7.0,7.0
3055529,4.0,58.0,36.0,Unknown,3.0,79094.95,7.0,7.0
9528801,11.0,133.0,64.5,Male,2.0,15177.149999999998,1.0,1.0
6994012,5.0,70.0,32.0,Unknown,2.0,16596.399999999998,7.0,7.0
9908061,12.0,155.0,40.0,Unknown,2.0,83585.33,4.0,4.0
6004434,11.0,137.0,25.0,Female,2.0,17532.329999999998,1.0,1.0
8451260,13.0,163.0,29.5,Male,2.0,41363.51,2.0,2.0
440970,4.0,58.0,36.0,Unknown,2.0,39022.57,1.0,1.0
7702888,5.0,70.0,53.5,Unknown,2.0,15449.96,1.0,1.0
7080736,6.0,78.0,20.0,Unknown,2.0,53551.11,6.0,6.0
1576277,16.0,199.0,24.5,Female,2.0,90985.24,6.0,6.0
3186667,6.0,77.0,22.0,Unknown,3.0,43752.36,6.0,6.0
4150697,9.0,110.0,91.0,Female,2.0,281665.95,4.0,4.0
4954381,14.0,170.0,30.5,Unknown,4.0,170565.19,7.0,7.0
2971838,10.0,122.0,73.0,Male,2.0,262508.7,4.0,4.0
4492440,8.0,102.0,45.5,Unknown,2.0,60986.98999999999,4.0,4.0
5011008,17.0,205.0,35.5,Male,2.0,56829.69,2.0,2.0
4659769,7.0,90.0,46.0,Unknown,2.0,48075.37,7.0,7.0
6107704,19.0,228.0,53.5,Male,2.0,50569.71,7.0,7.0
6651652,30.0,368.0,45.0,Female,4.0,368163.47,2.0,2.0
4554954,23.0,277.0,60.0,Female,3.0,418796.52,5.0,5.0
1959999,21.0,263.0,46.0,Female,2.0,90934.29,7.0,7.0
756858,19.0,228.0,73.5,Female,2.0,44823.51,2.0,2.0
7099048,18.0,226.0,43.0,Male,2.0,194364.66,5.0,5.0
4214571,18.0,222.0,74.0,Female,2.0,158833.75,2.0,3.0
8811422,16.0,198.0,41.0,Female,2.0,101174.5,2.0,2.0
8236479,8.0,102.0,50.0,Unknown,2.0,45265.71,7.0,7.0
8663573,6.0,77.0,23.5,Unknown,3.0,30571.98,7.0,7.0
4242740,16.0,196.0,41.0,Male,3.0,374859.55,7.0,7.0
1465527,8.0,103.0,25.5,Unknown,2.0,71697.20999999999,7.0,7.0
6935947,8.0,99.0,41.0,Unknown,2.0,138269.66,7.0,7.0
5913544,13.0,165.0,24.0,Male,3.0,37302.83,7.0,7.0
5335639,4.0,48.0,51.0,Unknown,2.0,25076.97,5.0,5.0
9973364,13.0,167.0,42.0,Male,2.0,39610.37,7.0,7.0
7002758,26.0,315.0,19.5,Male,2.0,22825.35,3.0,3.0
9866477,3.0,40.0,62.0,Unknown,2.0,152460.51,4.0,4.0
6917073,15.0,188.0,49.0,Male,2.0,105209.09,2.0,2.0
1296306,15.0,188.0,38.0,Female,2.0,28283.89,5.0,5.0
6533784,5.0,70.0,22.0,Unknown,2.0,29963.97,1.0,1.0
1087349,29.0,357.0,55.0,Male,3.0,113068.97,1.0,1.0
1304727,15.0,183.0,83.0,Female,2.0,44124.7,6.0,6.0
3240038,12.0,154.0,55.0,Female,3.0,157018.81,6.0,6.0
5799549,30.0,367.0,60.5,Female,4.0,1395636.51,6.0,6.0
1614531,7.0,84.0,50.0,Unknown,2.0,55681.81,5.0,5.0
926454,8.0,104.0,45.5,Female,2.0,33545.649999999994,1.0,1.0
6600630,5.0,71.0,73.0,Unknown,2.0,90442.67,2.0,2.0
5883729,9.0,110.0,60.5,Female,2.0,103689.9,7.0,7.0
9602607,8.0,106.0,49.0,Male,2.0,127458.01,1.0,1.0
6287355,7.0,94.0,34.5,Unknown,2.0,69662.85,7.0,7.0
9777679,13.0,156.0,67.0,Female,2.0,308125.5,1.0,1.0
9179336,12.0,154.0,29.0,Male,2.0,57370.42,1.0,1.0
7340810,18.0,225.0,73.0,Unknown,2.0,115443.63,4.0,4.0
5409640,15.0,190.0,50.0,Female,2.0,230160.79,6.0,6.0
436832,27.0,329.0,60.5,Female,2.0,26175.97,1.0,1.0
1394307,12.0,145.0,24.5,Male,2.0,26904.32,1.0,1.0
5012255,16.0,193.0,52.0,Male,2.0,13807.12,3.0,3.0
4407629,4.0,48.0,18.0,Male,3.0,81705.51,6.0,6.0
979023,15.0,189.0,52.5,Female,2.0,109973.99,3.0,3.0
9419922,12.0,145.0,34.0,Male,2.0,31920.75,3.0,3.0
6471316,14.0,168.0,42.0,Male,2.0,39712.45,2.0,2.0
4471431,9.0,108.0,27.0,Male,4.0,51118.14,7.0,7.0
8211062,14.0,176.0,33.5,Female,2.0,43798.34,3.0,3.0
2322628,11.0,142.0,71.0,Female,2.0,64908.78,2.0,2.0
7272069,19.0,239.0,56.5,Female,2.0,28442.85,7.0,7.0
944112,6.0,73.0,25.0,Unknown,2.0,21495.22,7.0,7.0
2451583,7.0,86.0,31.0,Unknown,2.0,53797.99,6.0,6.0
8174726,4.0,58.0,32.0,Unknown,2.0,34217.85,5.0,5.0
6513173,9.0,112.0,49.0,Female,2.0,140277.5,3.0,3.0
8430656,13.0,166.0,52.5,Female,2.0,146237.7,2.0,2.0
3835541,9.0,113.0,28.0,Female,2.0,18500.69,7.0,7.0
5384215,16.0,203.0,45.5,Male,2.0,65581.51999999999,1.0,1.0
5032045,5.0,66.0,48.0,Unknown,2.0,55470.81,2.0,2.0
7123625,16.0,193.0,15.5,Female,2.0,69508.57,3.0,3.0
2329647,22.0,273.0,54.5,Female,3.0,189446.89,6.0,6.0
4626849,31.0,373.0,55.0,Male,4.0,297736.36,4.0,4.0
7773993,20.0,250.0,56.5,Female,2.0,274085.48,4.0,4.0
498543,13.0,165.0,34.5,Male,2.0,104697.4,3.0,3.0
1825410,14.0,168.0,50.0,Female,3.0,336525.45,2.0,3.0
9160169,3.0,47.0,25.5,Unknown,2.0,22278.93,2.0,2.0
8490719,5.0,70.0,29.0,Unknown,2.0,25425.83,1.0,1.0
2524949,5.0,60.0,60.5,Unknown,2.0,24818.05,2.0,2.0
5802366,4.0,57.0,37.0,Unknown,2.0,28491.96,7.0,7.0
4518200,12.0,149.0,58.0,Male,2.0,490981.28,3.0,3.0
5486217,5.0,61.0,38.5,Unknown,2.0,67004.85,7.0,7.0
2901278,16.0,199.0,60.5,Female,2.0,27264.63,3.0,3.0
6060463,15.0,180.0,44.5,Male,2.0,336480.97,4.0,4.0
4014467,6.0,82.0,54.5,Unknown,2.0,305370.51,2.0,2.0
5373311,9.0,113.0,29.5,Male,2.0,28846.32,7.0,7.0
3199675,8.0,106.0,43.0,Female,2.0,62317.22,4.0,4.0
4177005,13.0,163.0,54.5,Female,2.0,60194.73999999999,5.0,5.0
5478419,7.0,87.0,69.5,Unknown,3.0,88357.04,6.0,6.0
468036,13.0,157.0,36.5,Male,2.0,73389.9,7.0,7.0
9198823,12.0,154.0,48.0,Male,2.0,240525.55,6.0,6.0
9760726,25.0,309.0,80.0,Female,2.0,80318.47,3.0,3.0
8017509,21.0,258.0,51.5,Female,2.0,352245.89,3.0,3.0
76574,21.0,257.0,45.5,Female,3.0,34303.21,3.0,3.0
2898249,5.0,64.0,57.0,Unknown,2.0,108672.68,6.0,6.0
115793,5.0,63.0,22.5,Unknown,2.0,32175.75,7.0,7.0
6927831,14.0,178.0,65.5,Female,4.0,103714.09,6.0,6.0
3606225,12.0,154.0,54.5,Female,2.0,28071.509999999995,2.0,2.0
5090119,5.0,68.0,29.5,Unknown,2.0,223898.32,3.0,3.0
3016975,5.0,70.0,34.5,Unknown,3.0,19985.3,3.0,3.0
7522801,6.0,72.0,21.0,Unknown,3.0,59088.04000000001,3.0,3.0
337364,4.0,59.0,50.5,Unknown,2.0,34233.57,3.0,3.0
6255660,5.0,65.0,24.0,Unknown,2.0,25782.41,7.0,7.0
5656414,5.0,70.0,51.5,Unknown,2.0,46012.0,4.0,4.0
2556991,6.0,76.0,59.5,Unknown,2.0,62693.07000000001,3.0,3.0
8319936,9.0,113.0,26.5,Female,2.0,54886.38,4.0,4.0
243868,11.0,142.0,20.5,Male,2.0,55653.53,6.0,6.0
6089597,7.0,89.0,47.0,Unknown,2.0,21175.84,7.0,7.0
2615856,13.0,157.0,63.5,Male,2.0,1343507.87,7.0,7.0
4007521,6.0,73.0,44.0,Unknown,2.0,29293.82,3.0,3.0
9167640,10.0,127.0,44.5,Female,2.0,283811.01,2.0,2.0
3609537,20.0,250.0,71.5,Female,2.0,302890.77,5.0,5.0
6863690,6.0,74.0,25.5,Unknown,2.0,25476.35,7.0,7.0
6293301,19.0,239.0,44.0,Female,3.0,843442.5800000001,5.0,5.0
7562886,14.0,178.0,52.5,Female,2.0,27188.95,2.0,2.0
4367468,5.0,65.0,29.0,Unknown,2.0,274252.01,3.0,3.0
3340879,13.0,167.0,23.5,Male,2.0,70055.31,4.0,4.0
5863279,15.0,182.0,60.0,Female,2.0,15580.37,1.0,1.0
8295013,9.0,112.0,18.0,Female,3.0,104011.1,7.0,7.0
2936929,15.0,189.0,34.5,Male,2.0,23665.83,2.0,2.0
3842140,7.0,90.0,44.0,Male,3.0,218648.07,7.0,7.0
3997595,15.0,189.0,60.0,Male,2.0,23425.02,4.0,4.0
3678420,12.0,152.0,26.5,Male,2.0,20435.51,7.0,7.0
121913,5.0,64.0,18.5,Male,3.0,42684.89,2.0,2.0
3373445,5.0,64.0,26.5,Unknown,3.0,36282.45,7.0,7.0
5971843,22.0,274.0,37.0,Male,2.0,43359.8,1.0,1.0
6426566,21.0,263.0,23.5,Male,2.0,117604.65,3.0,3.0
7190541,21.0,253.0,38.5,Male,3.0,672116.87,6.0,6.0
5056082,17.0,205.0,52.0,Female,3.0,77835.19,2.0,2.0
4719212,17.0,205.0,52.0,Male,2.0,40097.32,7.0,7.0
7496380,27.0,334.0,47.0,Male,3.0,178650.15999999997,6.0,6.0
1968280,20.0,251.0,35.5,Male,4.0,969381.28,3.0,3.0
2871793,12.0,152.0,71.5,Female,2.0,24221.96,4.0,4.0
5686002,6.0,76.0,34.5,Unknown,2.0,35693.39,5.0,5.0
5736416,4.0,58.0,28.0,Unknown,2.0,37942.65,5.0,5.0
572287,5.0,64.0,20.5,Unknown,3.0,72820.62,7.0,7.0
671205,15.0,188.0,49.5,Male,2.0,28125.619999999995,3.0,3.0
6190080,15.0,190.0,33.0,Male,2.0,32665.74,2.0,2.0
5178335,5.0,70.0,20.0,Unknown,2.0,34377.61,5.0,5.0
9398680,7.0,90.0,61.0,Unknown,2.0,549045.8300000001,7.0,7.0
2507820,10.0,121.0,45.5,Male,2.0,53586.59,3.0,3.0
5639328,26.0,313.0,25.0,Male,2.0,14766.109999999995,7.0,7.0
8016924,12.0,154.0,44.5,Male,2.0,60641.2,3.0,3.0
3438924,14.0,179.0,29.0,Female,2.0,37693.9,1.0,1.0
5594233,15.0,184.0,28.5,Female,3.0,114829.6,2.0,2.0
3878071,14.0,169.0,61.0,Female,2.0,27718.869999999995,2.0,2.0
1590558,4.0,59.0,19.5,Unknown,2.0,24989.58,2.0,2.0
9861389,24.0,298.0,52.5,Female,3.0,774035.54,7.0,7.0
234185,23.0,287.0,59.0,Male,3.0,23096.52,7.0,7.0
1153542,7.0,87.0,44.0,Male,4.0,158111.53999999998,7.0,7.0
8171347,5.0,67.0,18.0,Female,2.0,21540.78,5.0,5.0
2896858,29.0,359.0,49.5,Male,4.0,694531.1900000001,5.0,5.0
9319646,6.0,78.0,40.5,Unknown,2.0,29058.07,1.0,1.0
6773828,9.0,109.0,53.0,Female,2.0,65271.87,2.0,5.0
3175466,8.0,106.0,66.0,Female,2.0,40472.82,4.0,4.0
5182502,5.0,67.0,32.5,Female,2.0,283721.86,5.0,5.0
9942744,7.0,85.0,27.0,Unknown,2.0,44283.28,4.0,4.0
5028830,7.0,91.0,30.0,Unknown,2.0,97576.84,3.0,3.0
4236982,16.0,195.0,40.0,Female,2.0,130101.07,1.0,1.0
2042236,16.0,196.0,35.5,Male,2.0,20125.54,2.0,2.0
5483887,21.0,253.0,51.0,Male,2.0,342663.56,7.0,7.0
3206554,6.0,74.0,61.5,Female,2.0,118075.06,3.0,3.0
7566162,9.0,115.0,63.5,Female,2.0,19725.74,1.0,1.0
4845926,6.0,83.0,31.5,Unknown,2.0,213872.06,7.0,7.0
3806746,13.0,158.0,32.5,Female,2.0,32870.69,1.0,1.0
7844482,10.0,126.0,53.5,Male,2.0,422107.4,7.0,7.0
470656,15.0,189.0,67.0,Unknown,2.0,37327.09,7.0,7.0
7479322,27.0,333.0,61.5,Male,2.0,169171.59000000003,1.0,1.0
7924403,6.0,83.0,42.0,Unknown,2.0,17304.69,2.0,2.0
3837917,11.0,133.0,40.5,Female,2.0,18864.54,6.0,6.0
9262085,7.0,94.0,30.5,Unknown,2.0,35635.1,1.0,1.0
9915769,5.0,67.0,25.5,Unknown,2.0,21093.84,3.0,3.0
954245,16.0,193.0,42.0,Male,2.0,27188.23,6.0,6.0
8250484,4.0,58.0,42.5,Unknown,2.0,14937.129999999996,1.0,1.0
8602760,26.0,316.0,55.0,Male,3.0,77358.92,5.0,5.0
4757975,12.0,146.0,44.5,Male,2.0,58492.7,3.0,3.0
9823319,4.0,58.0,67.0,Unknown,2.0,36415.32,1.0,1.0
7342195,12.0,146.0,29.5,Unknown,3.0,46021.0,3.0,4.0
7204554,15.0,188.0,61.0,Male,2.0,565519.4800000001,4.0,4.0
6376579,12.0,150.0,21.5,Male,2.0,15726.679999999997,7.0,7.0
8464641,23.0,285.0,42.0,Male,2.0,564581.3500000001,3.0,3.0
1580466,22.0,269.0,63.0,Female,2.0,37809.67999999999,6.0,6.0
2070722,20.0,240.0,20.0,Female,2.0,32820.11,7.0,7.0
8398747,18.0,227.0,75.5,Male,3.0,2061804.64,7.0,7.0
8464079,6.0,73.0,36.5,Unknown,2.0,115665.61,6.0,6.0
340137,14.0,177.0,53.5,Female,2.0,22702.42,4.0,4.0
1460311,12.0,152.0,34.5,Female,2.0,15260.329999999998,5.0,5.0
7078481,7.0,94.0,39.5,Unknown,2.0,19901.81,7.0,7.0
3967937,11.0,135.0,43.0,Female,2.0,43176.81,3.0,3.0
2818853,16.0,192.0,35.0,Male,3.0,39892.57,7.0,7.0
1031296,2.0,34.0,54.5,Unknown,3.0,283738.46,7.0,7.0
5936624,6.0,76.0,19.0,Female,3.0,122428.18,4.0,4.0
8151104,8.0,99.0,54.5,Unknown,2.0,19362.8,1.0,1.0
9188516,5.0,70.0,43.0,Unknown,2.0,22197.32,3.0,4.0
6318645,7.0,90.0,27.5,Male,4.0,191289.21,7.0,7.0
4874630,12.0,147.0,57.5,Female,3.0,70287.64,6.0,6.0
2800529,5.0,64.0,23.5,Unknown,3.0,79797.03,1.0,1.0
2525273,11.0,133.0,24.0,Male,3.0,65816.9,4.0,4.0
1999416,24.0,295.0,79.0,Male,2.0,108811.46,5.0,5.0
2937920,11.0,132.0,39.5,Male,2.0,29804.22,4.0,4.0
8852856,6.0,76.0,42.0,Unknown,2.0,23423.36,2.0,2.0
8695834,10.0,124.0,40.5,Female,2.0,68169.79000000001,1.0,1.0
435650,15.0,189.0,47.0,Male,2.0,38402.34,7.0,7.0
7500955,13.0,156.0,88.0,Male,2.0,49617.56,2.0,2.0
527468,9.0,118.0,37.5,Female,2.0,73423.39,7.0,7.0
482339,12.0,152.0,60.5,Female,2.0,130641.22999999998,7.0,7.0
8668783,23.0,281.0,20.5,Female,2.0,25296.11,4.0,4.0
2417479,21.0,262.0,38.0,Male,2.0,117934.19,7.0,7.0
6113793,14.0,178.0,56.5,Male,2.0,39086.81,5.0,5.0
3393216,33.0,400.0,60.5,Female,3.0,322642.07,7.0,7.0
1267341,7.0,85.0,18.5,Unknown,2.0,53192.9,4.0,4.0
6298473,12.0,155.0,24.0,Male,2.0,15791.269999999997,2.0,2.0
5584451,8.0,98.0,48.0,Female,2.0,126529.71,7.0,7.0
6435894,8.0,97.0,31.5,Unknown,3.0,41400.14,3.0,3.0
8202396,16.0,194.0,30.5,Female,3.0,105729.9,3.0,3.0
2088387,15.0,183.0,62.0,Female,2.0,75044.03,1.0,1.0
2481065,4.0,56.0,19.0,Unknown,2.0,19045.8,6.0,6.0
9935516,22.0,266.0,49.5,Female,2.0,71952.29000000001,2.0,2.0
4365860,11.0,141.0,56.5,Female,2.0,44603.25,4.0,4.0
8031000,13.0,159.0,27.0,Female,3.0,46626.04,3.0,3.0
1498216,9.0,110.0,30.0,Male,2.0,37857.58,3.0,3.0
9352105,5.0,60.0,58.5,Unknown,3.0,734277.9400000001,7.0,7.0
9494780,15.0,180.0,49.0,Male,2.0,120237.01,7.0,7.0
9208203,15.0,183.0,46.5,Male,2.0,530868.98,4.0,4.0
1502999,11.0,139.0,35.5,Female,3.0,31995.050000000003,4.0,4.0
5742479,7.0,89.0,48.0,Male,4.0,61029.72,3.0,3.0
6744782,15.0,184.0,34.5,Female,3.0,288875.78,3.0,3.0
2804035,5.0,64.0,51.0,Female,2.0,55610.08,2.0,2.0
2042690,23.0,278.0,58.0,Unknown,2.0,316808.46,6.0,6.0
9810434,20.0,247.0,26.0,Female,2.0,39604.74,2.0,2.0
3526021,22.0,270.0,45.5,Female,4.0,491945.83,3.0,3.0
9368412,17.0,206.0,61.0,Female,2.0,126486.34,7.0,7.0
2737033,16.0,196.0,49.5,Female,2.0,48765.96,3.0,3.0
277538,5.0,71.0,22.5,Unknown,2.0,19676.35,4.0,4.0
1127018,11.0,143.0,59.5,Female,2.0,17316.359999999997,4.0,4.0
765431,8.0,107.0,29.5,Unknown,2.0,60693.130000000005,7.0,7.0
2989470,6.0,82.0,24.5,Unknown,2.0,16509.68,1.0,1.0
641842,11.0,137.0,67.0,Female,2.0,114618.16,7.0,7.0
673245,7.0,87.0,26.0,Unknown,2.0,22855.29,7.0,7.0
5088628,12.0,155.0,47.5,Male,2.0,1586735.59,2.0,2.0
656474,13.0,158.0,34.5,Male,2.0,41159.74,5.0,5.0
8761969,13.0,164.0,27.5,Female,2.0,72222.16,4.0,4.0
5337435,15.0,185.0,25.0,Male,2.0,81399.95999999999,7.0,7.0
6688844,7.0,86.0,40.0,Unknown,2.0,25543.14,4.0,4.0
5459747,16.0,193.0,40.0,Male,2.0,125294.61,7.0,7.0
1742563,23.0,277.0,67.0,Unknown,2.0,20213.94,5.0,5.0
4568836,21.0,261.0,72.0,Female,2.0,41986.53999999999,4.0,5.0
9685174,20.0,249.0,53.5,Male,2.0,139638.14,2.0,2.0
5348067,10.0,124.0,57.5,Female,2.0,160262.22999999998,4.0,4.0
2485096,5.0,66.0,65.5,Female,3.0,46214.72,2.0,2.0
5550321,7.0,92.0,71.0,Female,2.0,36616.06,5.0,5.0
5814821,7.0,86.0,48.5,Unknown,2.0,48369.33,1.0,1.0
611891,6.0,81.0,28.5,Unknown,3.0,26869.29,1.0,1.0
4406887,35.0,420.0,68.5,Male,2.0,230719.09000000003,6.0,6.0
7413719,8.0,97.0,59.5,Unknown,2.0,26880.119999999995,3.0,3.0
434619,6.0,76.0,34.5,Unknown,2.0,32217.03,7.0,7.0
3073254,6.0,76.0,33.0,Unknown,2.0,54087.07,6.0,6.0
3787193,7.0,86.0,61.0,Unknown,2.0,172384.15999999997,5.0,5.0
1038114,17.0,211.0,57.5,Female,2.0,60620.630000000005,3.0,3.0
1677,23.0,280.0,43.0,Male,2.0,152953.71000000002,7.0,7.0
7355772,23.0,277.0,45.5,Female,2.0,93370.94,3.0,3.0
5659932,23.0,276.0,58.5,Female,2.0,164752.7,1.0,1.0
8640933,21.0,263.0,37.5,Male,3.0,266959.38,4.0,4.0
1807525,11.0,142.0,35.5,Female,2.0,19896.29,2.0,2.0
7911216,15.0,190.0,44.0,Male,2.0,156708.91999999998,5.0,5.0
7573651,4.0,59.0,51.0,Unknown,2.0,19792.64,3.0,3.0
7056088,14.0,178.0,72.0,Male,2.0,360024.97,5.0,5.0
9533528,15.0,189.0,64.0,Male,2.0,54299.81,7.0,7.0
8198742,7.0,88.0,29.5,Unknown,3.0,225818.65,3.0,3.0
6332253,8.0,97.0,62.5,Female,2.0,379963.92,4.0,4.0
5282858,15.0,190.0,64.5,Female,2.0,42327.28999999999,2.0,2.0
9837220,4.0,56.0,55.0,Unknown,2.0,25010.69,7.0,7.0
5759789,4.0,59.0,25.5,Unknown,3.0,80877.24,7.0,7.0
2689273,5.0,64.0,55.5,Unknown,2.0,20905.18,5.0,5.0
4768151,4.0,58.0,22.0,Unknown,2.0,39305.22,6.0,6.0
8583,13.0,164.0,34.0,Male,2.0,16093.309999999998,7.0,7.0
8783898,7.0,89.0,23.5,Unknown,2.0,53269.92,4.0,4.0
8217656,9.0,108.0,55.0,Male,3.0,99417.15,7.0,7.0
7638375,26.0,317.0,59.5,Female,2.0,37997.83,4.0,4.0
3003220,15.0,180.0,35.0,Female,2.0,105241.21,6.0,6.0
28710,12.0,154.0,52.5,Male,2.0,47384.45,6.0,6.0
8443855,4.0,56.0,15.5,Unknown,2.0,68134.4,1.0,1.0
712005,16.0,193.0,64.0,Female,2.0,168728.37,3.0,3.0
751879,26.0,320.0,71.0,Male,2.0,36174.92999999999,1.0,1.0
2221700,16.0,192.0,49.5,Male,3.0,589235.55,7.0,7.0
1156407,14.0,178.0,26.0,Male,2.0,122380.52000000002,2.0,2.0
3848462,5.0,67.0,20.5,Unknown,3.0,190236.75,7.0,7.0
2404166,22.0,268.0,19.0,Male,2.0,16339.35,6.0,6.0
7100544,20.0,244.0,38.0,Female,2.0,50892.29,4.0,4.0
9841932,18.0,216.0,26.5,Unknown,2.0,55651.29000000001,2.0,2.0
9412178,26.0,316.0,74.5,Female,4.0,151132.12,7.0,7.0
2964596,9.0,118.0,23.0,Male,2.0,28007.0,2.0,3.0
7740410,4.0,58.0,29.5,Unknown,2.0,27014.25,3.0,3.0
9482480,15.0,191.0,47.5,Female,2.0,74912.48,5.0,5.0
1433387,15.0,184.0,44.0,Unknown,2.0,34028.17999999999,4.0,4.0
3688388,5.0,68.0,19.5,Unknown,2.0,20539.05,4.0,4.0
8686334,10.0,127.0,39.5,Unknown,2.0,90106.01,3.0,3.0
4054301,11.0,133.0,47.5,Female,2.0,47293.93,5.0,5.0
2899151,11.0,134.0,57.0,Male,2.0,45751.6,7.0,7.0
1776424,6.0,72.0,34.0,Unknown,4.0,336455.75,3.0,3.0
9983340,15.0,191.0,40.5,Male,2.0,89669.5,7.0,7.0
5686843,8.0,102.0,45.5,Male,2.0,195266.02,2.0,2.0
9314238,15.0,182.0,51.0,Male,2.0,142652.55,4.0,4.0
6291872,14.0,175.0,47.5,Female,2.0,32854.06,2.0,2.0
3472361,35.0,428.0,63.5,Male,3.0,1420121.39,7.0,7.0
8380590,4.0,58.0,28.0,Unknown,2.0,29810.259999999995,2.0,2.0
9259675,8.0,96.0,19.0,Unknown,3.0,53972.66,4.0,4.0
5786439,15.0,187.0,49.5,Male,2.0,113554.32,2.0,2.0
3618718,6.0,82.0,29.5,Unknown,2.0,61186.98999999999,1.0,1.0
5738433,14.0,171.0,31.5,Male,2.0,46770.75,5.0,5.0
5455726,32.0,393.0,64.5,Male,3.0,119775.66,6.0,6.0
2505758,8.0,106.0,26.5,Male,3.0,64452.78,7.0,7.0
6067994,20.0,249.0,57.5,Male,3.0,54146.27,4.0,4.0
8927870,20.0,249.0,36.0,Female,3.0,361750.4,6.0,6.0
8877151,17.0,212.0,41.0,Male,3.0,116724.76,6.0,6.0
8908913,11.0,136.0,67.0,Male,2.0,195252.69,6.0,6.0
364675,13.0,156.0,53.0,Male,2.0,48155.88,4.0,4.0
2505641,13.0,166.0,36.0,Female,2.0,115151.63,2.0,2.0
2822734,5.0,68.0,19.0,Unknown,3.0,20468.04,5.0,5.0
9253268,5.0,66.0,54.5,Unknown,2.0,86475.98,3.0,3.0
9917209,14.0,176.0,28.0,Female,2.0,23163.34,2.0,2.0
5815448,5.0,66.0,48.0,Unknown,2.0,466754.77,7.0,7.0
9141581,6.0,78.0,53.5,Unknown,2.0,20555.6,7.0,7.0
5124031,14.0,178.0,53.0,Male,2.0,41037.78999999999,3.0,3.0
4042429,9.0,114.0,34.5,Female,3.0,547831.13,5.0,5.0
6047936,14.0,171.0,47.5,Male,2.0,357063.58,5.0,5.0
9558900,5.0,64.0,29.0,Unknown,2.0,38497.23,5.0,5.0
6242444,4.0,53.0,18.5,Male,2.0,38004.96,5.0,5.0
8205240,10.0,130.0,50.0,Female,2.0,77446.58,3.0,3.0
4657217,5.0,70.0,19.0,Unknown,2.0,43669.35,7.0,7.0
1358618,30.0,369.0,50.0,Female,3.0,239967.57,2.0,2.0
2279678,21.0,261.0,36.5,Male,3.0,330437.68,7.0,7.0
3850705,17.0,211.0,43.5,Female,4.0,403506.35,7.0,7.0
2195508,8.0,97.0,33.5,Unknown,2.0,416942.49,5.0,5.0
1802115,5.0,60.0,50.5,Unknown,2.0,26351.4,2.0,2.0
5883917,4.0,59.0,55.5,Unknown,2.0,19830.6,3.0,3.0
4800817,13.0,166.0,60.5,Male,3.0,50424.84,7.0,7.0
613879,7.0,92.0,45.5,Female,2.0,21282.33,2.0,2.0
2301236,4.0,59.0,40.0,Unknown,2.0,39690.83,4.0,4.0
2565957,4.0,59.0,49.0,Unknown,2.0,87068.3,2.0,2.0
2232802,8.0,103.0,32.0,Unknown,2.0,38272.59,3.0,3.0
4256373,10.0,120.0,30.5,Male,2.0,89587.23,7.0,7.0
5273919,21.0,258.0,67.0,Female,2.0,20572.45,6.0,6.0
3313804,20.0,244.0,54.5,Male,2.0,21552.74,4.0,4.0
200757,16.0,193.0,25.5,Male,2.0,17852.719999999998,1.0,1.0
2503539,4.0,53.0,47.5,Unknown,2.0,18445.04,2.0,2.0
5053637,6.0,73.0,56.5,Unknown,2.0,52787.36,3.0,3.0
4305362,4.0,58.0,37.5,Unknown,2.0,107278.53,7.0,7.0
4700217,4.0,58.0,45.5,Unknown,2.0,33965.31,2.0,2.0
5143582,6.0,77.0,30.5,Unknown,2.0,48544.74,4.0,4.0
6367122,13.0,157.0,32.5,Unknown,2.0,86538.64,4.0,4.0
8789685,26.0,323.0,42.0,Female,2.0,46470.78,6.0,6.0
8150179,6.0,74.0,26.0,Unknown,2.0,21814.67,4.0,4.0
9755966,12.0,154.0,47.0,Female,2.0,28360.44,1.0,1.0
1307202,11.0,136.0,36.0,Male,2.0,85836.74,3.0,3.0
5946325,4.0,59.0,24.0,Unknown,2.0,22902.38,2.0,2.0
1174054,23.0,276.0,55.5,Male,2.0,60158.15,7.0,7.0
8218575,21.0,262.0,54.5,Male,2.0,25962.16,4.0,4.0
7535641,17.0,207.0,59.0,Male,3.0,151346.52000000002,3.0,3.0
5464297,10.0,126.0,55.0,Male,3.0,230664.33,7.0,7.0
148310,12.0,155.0,40.0,Female,2.0,28096.16,1.0,1.0
5523196,5.0,65.0,25.5,Unknown,2.0,32566.04,4.0,4.0
7651754,17.0,206.0,37.0,Male,2.0,75412.85,1.0,1.0
3057959,9.0,112.0,51.5,Female,2.0,27236.93,2.0,2.0
7498140,13.0,167.0,51.5,Female,2.0,40820.66,2.0,2.0
9765774,4.0,59.0,38.5,Unknown,2.0,15017.949999999995,1.0,1.0
5380759,15.0,182.0,30.0,Female,2.0,15316.259999999998,5.0,5.0
9227694,14.0,175.0,53.5,Male,2.0,44418.47,3.0,3.0
6893431,5.0,61.0,18.0,Male,2.0,29642.47,2.0,2.0
9859553,11.0,134.0,29.0,Female,2.0,25471.86,2.0,2.0
1829012,8.0,107.0,29.0,Female,2.0,33269.369999999995,1.0,2.0
8210100,5.0,70.0,55.5,Unknown,2.0,23491.48,2.0,2.0
2563302,7.0,92.0,33.0,Unknown,2.0,14034.39,1.0,1.0
2917284,14.0,179.0,39.5,Male,2.0,22065.43,2.0,2.0
8062346,11.0,139.0,60.0,Male,3.0,314105.64,7.0,7.0
2685470,6.0,79.0,19.0,Male,2.0,16585.64,5.0,5.0
6319736,4.0,55.0,52.5,Unknown,3.0,240789.48,5.0,5.0
5825992,34.0,408.0,55.5,Male,3.0,373236.35,7.0,7.0
1481057,22.0,274.0,45.5,Female,2.0,68385.66,4.0,4.0
1589683,21.0,252.0,61.0,Female,2.0,176033.82,4.0,4.0
1763235,20.0,245.0,49.0,Unknown,2.0,253224.77,7.0,7.0
1289161,7.0,90.0,68.5,Unknown,2.0,27768.57,4.0,4.0
933196,14.0,171.0,69.5,Female,2.0,895747.16,2.0,2.0
482195,18.0,219.0,58.5,Male,2.0,111515.51,6.0,6.0
4106072,17.0,210.0,43.5,Female,3.0,53253.23,3.0,3.0
5282316,6.0,80.0,27.0,Unknown,2.0,48288.03,6.0,6.0
5173296,4.0,57.0,24.5,Unknown,2.0,29779.65,5.0,5.0
1826879,13.0,165.0,58.5,Male,2.0,784216.24,3.0,3.0
3833750,13.0,164.0,57.5,Female,2.0,27358.29,7.0,7.0
9935500,7.0,93.0,53.5,Unknown,2.0,225559.07,3.0,3.0
1063436,12.0,144.0,25.5,Female,2.0,23779.23,7.0,7.0
862532,14.0,169.0,54.0,Female,2.0,278913.01,5.0,5.0
5915756,24.0,298.0,45.0,Female,2.0,239685.51,1.0,1.0
38384,22.0,268.0,66.0,Male,2.0,56443.9,4.0,5.0
871422,21.0,259.0,71.0,Male,3.0,178768.33000000002,1.0,1.0
8652373,20.0,245.0,54.0,Male,2.0,262773.9,7.0,7.0
5548845,20.0,241.0,54.0,Male,2.0,86244.34999999999,7.0,7.0
3700300,19.0,232.0,64.5,Male,3.0,36563.63,2.0,2.0
6243577,4.0,57.0,24.5,Unknown,2.0,26939.38,4.0,4.0
2681737,7.0,87.0,26.0,Female,2.0,20378.23,3.0,3.0
4630562,15.0,181.0,46.5,Male,2.0,370864.33,5.0,5.0
6507056,12.0,148.0,37.5,Male,2.0,87787.95999999999,5.0,5.0
8573899,6.0,80.0,51.0,Unknown,2.0,17722.989999999998,1.0,1.0
8331621,30.0,361.0,54.5,Female,3.0,447285.74,7.0,7.0
1708806,9.0,117.0,44.5,Female,2.0,181265.53,3.0,3.0
7778242,20.0,241.0,43.5,Female,3.0,1295897.7,6.0,6.0
5489439,13.0,158.0,43.5,Male,2.0,116695.74,4.0,4.0
4743257,15.0,186.0,52.0,Female,2.0,42348.92,6.0,6.0
8043576,7.0,88.0,30.0,Unknown,2.0,27588.08,1.0,1.0
5093610,14.0,173.0,54.5,Female,2.0,127800.64,1.0,1.0
8014419,14.0,175.0,27.5,Female,3.0,44589.91,7.0,7.0
7187967,10.0,120.0,25.0,Male,2.0,45459.6,3.0,3.0
4460031,26.0,321.0,64.0,Female,2.0,250646.08,5.0,5.0
489766,6.0,83.0,29.0,Unknown,4.0,68532.29000000001,7.0,7.0
23175,14.0,171.0,29.5,Female,2.0,38458.53,3.0,3.0
8736251,6.0,75.0,44.0,Unknown,2.0,15154.009999999998,1.0,1.0
6288301,20.0,243.0,46.0,Male,2.0,85284.69,7.0,7.0
2513043,14.0,174.0,73.0,Female,2.0,74663.83,5.0,5.0
7649998,6.0,83.0,26.0,Unknown,3.0,61304.380000000005,7.0,7.0
3325307,5.0,69.0,58.5,Male,2.0,226159.78,3.0,3.0
4536698,9.0,108.0,23.5,Female,2.0,19587.14,6.0,6.0
2937432,8.0,103.0,28.0,Unknown,2.0,54641.32,4.0,4.0
7289932,14.0,179.0,45.0,Female,2.0,15408.53,3.0,3.0
4715702,13.0,157.0,46.0,Male,2.0,36941.52,1.0,1.0
1883926,5.0,67.0,53.5,Unknown,2.0,45276.45,1.0,1.0
7497489,5.0,67.0,37.0,Unknown,2.0,29540.32,3.0,3.0
5211504,16.0,199.0,46.5,Female,2.0,172511.59000000003,5.0,5.0
7670038,11.0,142.0,34.0,Female,2.0,33398.34,2.0,2.0
1773272,6.0,73.0,23.0,Unknown,2.0,42784.48,6.0,6.0
4441156,4.0,59.0,24.0,Unknown,2.0,38725.3,2.0,2.0
1891038,12.0,152.0,28.5,Female,3.0,69902.69,4.0,4.0
4717812,7.0,94.0,21.5,Unknown,2.0,46814.54,7.0,7.0
6780317,6.0,77.0,20.5,Male,2.0,19635.22,1.0,1.0
5202539,18.0,226.0,54.5,Male,2.0,119338.3,1.0,2.0
1483645,16.0,192.0,40.5,Male,2.0,27122.13,5.0,5.0
6981566,14.0,170.0,27.0,Female,2.0,129553.16,2.0,2.0
6614101,5.0,60.0,29.5,Unknown,2.0,177638.93,2.0,2.0
6346639,21.0,252.0,50.5,Female,3.0,192402.96,2.0,3.0
8985717,21.0,252.0,49.0,Female,2.0,149075.49,1.0,1.0
6400630,18.0,218.0,44.0,Male,2.0,89696.84,6.0,6.0
6305720,5.0,66.0,28.0,Female,2.0,63986.850000000006,4.0,4.0
5976354,13.0,160.0,36.0,Female,2.0,18090.57,7.0,7.0
2687513,9.0,111.0,40.0,Female,2.0,57215.0,5.0,5.0
5928380,8.0,105.0,29.5,Male,3.0,82653.72,2.0,2.0
6141296,6.0,74.0,28.0,Unknown,2.0,22536.4,3.0,3.0
8032602,7.0,89.0,33.0,Unknown,2.0,69762.94,2.0,2.0
2650836,7.0,89.0,51.0,Unknown,2.0,36041.71,7.0,7.0
3972702,6.0,78.0,17.0,Unknown,3.0,41919.86,7.0,7.0
4851725,14.0,176.0,65.5,Male,2.0,82917.06999999999,2.0,2.0
7789345,4.0,59.0,20.5,Unknown,2.0,16843.469999999998,1.0,1.0
1404094,24.0,288.0,47.5,Unknown,3.0,102175.97,2.0,2.0
1649102,22.0,275.0,68.5,Male,5.0,857878.87,7.0,7.0
4839177,22.0,264.0,69.5,Male,3.0,425441.52,3.0,3.0
9978041,21.0,262.0,45.0,Male,2.0,49800.38,7.0,7.0
682579,12.0,150.0,30.5,Male,2.0,24973.56,3.0,3.0
7777696,12.0,154.0,69.0,Male,2.0,72721.98,2.0,2.0
170258,6.0,73.0,24.0,Unknown,2.0,38380.25,3.0,4.0
6399963,10.0,126.0,32.0,Female,2.0,16618.809999999998,3.0,3.0
8888655,16.0,192.0,65.0,Female,2.0,45050.82,6.0,6.0
9114729,15.0,181.0,38.5,Male,3.0,43228.42,3.0,3.0
7284905,7.0,86.0,47.0,Unknown,2.0,50352.71,2.0,2.0
9536595,17.0,210.0,50.0,Male,2.0,388421.79,7.0,7.0
2023248,16.0,201.0,55.0,Unknown,2.0,453559.59,7.0,7.0
1864777,31.0,382.0,57.0,Female,2.0,330105.67,6.0,6.0
9203521,5.0,65.0,52.0,Unknown,2.0,60348.70999999999,3.0,3.0
2475467,5.0,66.0,26.5,Unknown,2.0,40384.11,2.0,2.0
6990680,14.0,171.0,66.0,Male,2.0,180987.33,4.0,4.0
5642172,6.0,73.0,63.5,Male,2.0,1992854.18,7.0,7.0
3743275,11.0,133.0,66.0,Male,2.0,261946.72,2.0,2.0
8894592,6.0,78.0,81.0,Unknown,2.0,99045.89,6.0,6.0
3462887,7.0,94.0,56.0,Unknown,2.0,40267.33,1.0,1.0
5649009,7.0,95.0,50.0,Unknown,2.0,31474.43,2.0,2.0
932637,8.0,106.0,47.5,Male,3.0,54616.42,7.0,7.0
1551069,18.0,223.0,24.5,Unknown,2.0,52835.39,3.0,3.0
5434950,17.0,214.0,50.5,Female,3.0,431479.42,5.0,5.0
2995744,15.0,183.0,36.0,Male,2.0,40276.49,7.0,7.0
7551355,4.0,50.0,52.5,Female,3.0,401787.39,1.0,1.0
4385868,8.0,100.0,27.5,Unknown,3.0,42441.35,7.0,7.0
7468989,5.0,63.0,28.0,Unknown,2.0,23855.85,6.0,6.0
784421,10.0,122.0,26.5,Male,2.0,88383.62,4.0,4.0
8133410,7.0,94.0,22.5,Female,3.0,85669.67,6.0,6.0
6153681,5.0,68.0,31.5,Unknown,3.0,222127.67,2.0,2.0
2675494,7.0,94.0,45.0,Unknown,3.0,572663.87,7.0,7.0
6426024,10.0,121.0,56.0,Female,2.0,100058.22,7.0,7.0
9439199,7.0,94.0,49.5,Unknown,2.0,26124.509999999995,2.0,2.0
9925049,28.0,336.0,56.5,Female,2.0,318008.01,1.0,3.0
8240278,4.0,56.0,53.5,Unknown,2.0,91183.68,3.0,3.0
8331969,14.0,179.0,42.0,Male,2.0,132358.77000000002,1.0,1.0
1140154,6.0,83.0,37.5,Unknown,2.0,30970.61,4.0,4.0
5251069,7.0,90.0,49.0,Unknown,2.0,55255.73,2.0,3.0
5212163,8.0,106.0,63.5,Female,2.0,169362.90999999997,6.0,6.0
8305628,23.0,282.0,63.5,Male,3.0,488967.62,3.0,3.0
5779623,19.0,238.0,64.0,Unknown,3.0,227581.21,5.0,5.0
1889999,15.0,190.0,64.0,Female,2.0,108291.98,1.0,1.0
3203097,6.0,76.0,50.5,Unknown,2.0,25241.57,2.0,2.0
3595441,12.0,146.0,31.5,Female,2.0,23018.82,3.0,3.0
5148749,16.0,196.0,44.0,Male,2.0,195925.25,7.0,7.0
7973598,5.0,67.0,58.5,Unknown,3.0,69201.06,2.0,2.0
339520,12.0,154.0,89.0,Male,2.0,63107.7,3.0,3.0
5696269,7.0,89.0,36.5,Unknown,2.0,28753.71,5.0,5.0
7638871,8.0,105.0,27.0,Male,2.0,70683.0,7.0,7.0
6197277,15.0,181.0,46.0,Male,2.0,414598.73,7.0,7.0
4327818,5.0,71.0,22.5,Unknown,2.0,28252.32,2.0,2.0
8182025,11.0,134.0,66.5,Unknown,2.0,43706.0,5.0,5.0
4968869,7.0,93.0,33.5,Unknown,2.0,103411.0,1.0,1.0
2250624,15.0,188.0,29.5,Female,2.0,32250.56,2.0,2.0
3863196,8.0,96.0,21.5,Unknown,2.0,22797.119999999995,2.0,2.0
4546250,11.0,134.0,36.0,Male,2.0,96329.89,3.0,3.0
2010246,5.0,60.0,24.0,Unknown,2.0,22959.15,1.0,1.0
28076,23.0,282.0,39.0,Male,3.0,267856.79,7.0,7.0
3129903,22.0,268.0,30.5,Male,2.0,29806.04,4.0,4.0
9179199,20.0,250.0,18.0,Male,2.0,84843.67,7.0,7.0
8104430,19.0,239.0,43.0,Female,2.0,20516.71,1.0,2.0
2547430,17.0,214.0,74.0,Male,2.0,749169.8300000001,7.0,7.0
1443201,15.0,188.0,51.5,Male,2.0,29397.9,4.0,4.0
4325857,20.0,245.0,68.0,Male,2.0,263988.64,5.0,5.0
2132039,4.0,59.0,33.5,Unknown,2.0,20667.11,1.0,1.0
1894524,20.0,243.0,45.5,Female,2.0,17825.039999999997,7.0,7.0
8977486,12.0,154.0,27.0,Male,2.0,178072.15999999997,7.0,7.0
7144580,5.0,60.0,18.5,Unknown,2.0,44025.48,4.0,4.0
5581167,8.0,101.0,26.0,Unknown,3.0,59680.29000000001,7.0,7.0
5176736,16.0,201.0,55.5,Male,2.0,171800.96000000002,6.0,6.0
4556658,8.0,106.0,51.5,Male,2.0,40193.62,1.0,1.0
1880380,4.0,58.0,52.0,Unknown,2.0,69756.28,7.0,7.0
2142608,11.0,135.0,23.5,Male,4.0,131836.66999999998,7.0,7.0
7973645,12.0,154.0,36.5,Male,2.0,97539.73,4.0,5.0
8813443,15.0,191.0,60.5,Female,2.0,61656.79999999999,3.0,3.0
6616845,23.0,281.0,65.0,Male,3.0,466123.12,7.0,7.0
8187846,19.0,236.0,53.0,Female,2.0,26556.48,2.0,2.0
5696552,12.0,151.0,57.5,Female,2.0,161257.66999999998,4.0,4.0
1950917,9.0,111.0,57.0,Male,2.0,21779.85,1.0,1.0
7335790,8.0,106.0,33.0,Male,2.0,39216.72,1.0,1.0
6514768,5.0,71.0,68.0,Unknown,2.0,140167.65,5.0,6.0
4335066,12.0,145.0,59.0,Female,2.0,112566.96,2.0,2.0
832001,14.0,173.0,27.5,Female,2.0,77867.61,2.0,2.0
5825744,8.0,100.0,31.0,Unknown,3.0,82172.78,7.0,7.0
4621038,14.0,172.0,51.0,Male,2.0,33428.1,3.0,3.0
6378967,12.0,154.0,78.5,Male,2.0,572396.5700000001,7.0,7.0
9492150,12.0,145.0,69.0,Male,2.0,67522.73,7.0,7.0
1787760,15.0,183.0,55.5,Male,2.0,31759.92,7.0,7.0
5063440,6.0,81.0,25.5,Unknown,4.0,70715.26,5.0,5.0
8755434,14.0,175.0,28.0,Male,3.0,331318.53,7.0,7.0
5323118,6.0,79.0,21.5,Unknown,2.0,44991.69,3.0,4.0
9963921,7.0,84.0,55.5,Unknown,2.0,25893.22,5.0,6.0
8533835,23.0,278.0,73.0,Female,2.0,16698.89,3.0,4.0
6557071,21.0,254.0,21.5,Female,4.0,454456.0,4.0,4.0
4871726,21.0,253.0,35.0,Female,2.0,40739.97,6.0,6.0
2874623,22.0,268.0,58.0,Unknown,2.0,122362.0,2.0,2.0
8992442,10.0,129.0,62.5,Male,2.0,926097.56,7.0,7.0
635639,8.0,107.0,55.5,Female,3.0,33206.869999999995,7.0,7.0
4016560,8.0,98.0,36.5,Unknown,2.0,292387.15,1.0,1.0
3390580,5.0,65.0,64.0,Female,2.0,274645.45,4.0,5.0
8713340,10.0,121.0,20.5,Female,3.0,76190.81,3.0,3.0
5469254,7.0,88.0,31.5,Unknown,2.0,13825.1,1.0,1.0
6335295,10.0,130.0,35.5,Female,2.0,111625.78,6.0,6.0
9438169,26.0,321.0,51.5,Male,2.0,22656.23,6.0,6.0
7060654,16.0,193.0,34.0,Female,2.0,58139.94,2.0,2.0
6575774,28.0,344.0,45.5,Female,2.0,57743.26999999999,1.0,1.0
8971851,8.0,98.0,19.5,Unknown,2.0,45747.83,4.0,4.0
9062837,15.0,191.0,56.0,Male,2.0,68658.79999999999,2.0,2.0
3393682,8.0,106.0,23.0,Male,2.0,26328.73,3.0,3.0
8199499,12.0,155.0,52.5,Male,2.0,61950.04000000001,7.0,7.0
8903315,11.0,134.0,51.5,Male,2.0,16981.519999999997,3.0,3.0
7434907,6.0,80.0,27.0,Unknown,2.0,22045.49,4.0,4.0
6974996,12.0,155.0,31.0,Female,2.0,28769.21,4.0,4.0
3489672,5.0,64.0,24.0,Male,2.0,40886.64,5.0,5.0
3385867,4.0,59.0,15.5,Unknown,2.0,24697.58,4.0,4.0
7749742,4.0,58.0,19.0,Unknown,2.0,18607.21,3.0,3.0
1951697,23.0,276.0,57.5,Female,2.0,29059.66,3.0,3.0
1368871,22.0,274.0,43.0,Unknown,2.0,75856.26999999999,1.0,1.0
4306575,21.0,261.0,41.5,Male,2.0,78113.33,7.0,7.0
8871619,20.0,246.0,56.5,Female,3.0,29511.05,7.0,7.0
5640510,7.0,88.0,26.0,Unknown,3.0,116706.83,4.0,4.0
9067489,13.0,160.0,20.0,Male,2.0,47827.38,5.0,6.0
283737,9.0,119.0,33.5,Female,2.0,147082.65999999997,7.0,7.0
5405489,6.0,73.0,43.5,Female,3.0,27842.75,3.0,3.0
2110915,15.0,184.0,52.0,Female,2.0,19899.29,7.0,7.0
3424303,7.0,94.0,52.5,Unknown,2.0,32100.99,2.0,2.0
3742053,19.0,235.0,42.0,Male,2.0,26972.09,1.0,1.0
264553,5.0,71.0,49.0,Unknown,2.0,20922.24,2.0,4.0
8661143,10.0,120.0,32.5,Male,2.0,25294.85,3.0,3.0
4206280,14.0,169.0,41.0,Male,2.0,146781.44,5.0,5.0
9729135,13.0,161.0,34.5,Unknown,3.0,74072.20999999999,4.0,4.0
78370,15.0,181.0,41.0,Female,2.0,563586.7000000001,7.0,7.0
3213114,13.0,162.0,53.5,Female,2.0,669967.55,7.0,7.0
5842808,28.0,347.0,59.0,Female,2.0,336587.42,3.0,3.0
4820039,15.0,183.0,39.5,Male,2.0,101792.08,2.0,2.0
866400,13.0,164.0,62.0,Male,2.0,104228.68,3.0,3.0
9742604,9.0,114.0,29.0,Female,2.0,24833.97,1.0,1.0
8678345,24.0,289.0,58.0,Female,2.0,170624.52999999997,4.0,4.0
4740223,23.0,284.0,69.0,Male,2.0,19941.51,2.0,2.0
1619282,20.0,246.0,55.0,Male,3.0,264960.56,3.0,3.0
2949499,15.0,180.0,36.5,Female,2.0,64113.92,1.0,1.0
2105602,18.0,219.0,47.5,Female,2.0,54258.63,7.0,7.0
3091554,6.0,78.0,20.5,Unknown,2.0,50835.32,2.0,2.0
9112838,5.0,70.0,22.5,Unknown,2.0,43550.21,7.0,7.0
9414941,6.0,74.0,42.0,Unknown,3.0,46508.03999999999,6.0,6.0
805701,5.0,70.0,63.0,Unknown,2.0,38387.24,1.0,1.0
2370064,7.0,85.0,70.0,Unknown,2.0,63098.95,3.0,3.0
7062463,5.0,71.0,37.5,Unknown,2.0,40894.82,4.0,4.0
3544627,8.0,96.0,46.5,Unknown,2.0,303346.85,5.0,5.0
6972624,5.0,70.0,28.5,Unknown,2.0,62903.7,7.0,7.0
4165590,21.0,253.0,56.5,Female,3.0,37907.12,6.0,6.0
6868837,15.0,191.0,24.0,Male,2.0,13824.85,2.0,2.0
1669466,11.0,142.0,50.5,Female,2.0,21289.79,3.0,4.0
2570171,29.0,359.0,54.5,Male,2.0,61773.65,5.0,5.0
9425405,10.0,123.0,28.0,Male,2.0,70549.83,7.0,7.0
510362,6.0,77.0,40.0,Female,2.0,18094.62,2.0,3.0
2348415,6.0,73.0,21.5,Female,3.0,80523.26,7.0,7.0
5782820,6.0,73.0,23.5,Unknown,2.0,21043.41,1.0,1.0
9502356,21.0,262.0,36.5,Male,3.0,33310.85,3.0,3.0
6867826,20.0,251.0,70.5,Male,2.0,115981.17,5.0,5.0
5711310,18.0,226.0,66.0,Male,3.0,1176939.73,7.0,7.0
3153834,24.0,288.0,63.0,Female,2.0,30029.13,4.0,4.0
7989335,10.0,131.0,56.0,Female,2.0,49342.12,6.0,6.0
8712810,3.0,42.0,17.5,Unknown,2.0,42039.77,4.0,4.0
1610677,5.0,70.0,42.0,Unknown,2.0,513658.02,3.0,3.0
2961013,6.0,82.0,27.0,Unknown,2.0,57644.70999999999,2.0,2.0
836032,13.0,161.0,63.5,Female,2.0,82304.81999999999,2.0,2.0
9271576,15.0,190.0,63.0,Female,2.0,38028.46,1.0,1.0
7100799,13.0,164.0,37.5,Unknown,2.0,53523.91,2.0,2.0
7541380,10.0,120.0,30.5,Female,2.0,23303.73,1.0,1.0
8063789,10.0,125.0,55.0,Female,2.0,69550.7,3.0,3.0
720328,15.0,189.0,60.0,Female,2.0,544911.02,5.0,5.0
1627443,5.0,70.0,31.0,Unknown,2.0,41956.33,7.0,7.0
5867909,4.0,59.0,21.5,Unknown,2.0,40738.06,5.0,5.0
648119,11.0,142.0,37.5,Male,2.0,57962.44,7.0,7.0
2089580,22.0,270.0,51.5,Male,2.0,215027.33,7.0,7.0
4498140,21.0,255.0,42.0,Unknown,3.0,165402.82,5.0,5.0
2881970,18.0,223.0,56.5,Female,2.0,54818.02,3.0,3.0
3010085,13.0,163.0,47.5,Male,3.0,90645.04,7.0,7.0
6740554,25.0,310.0,66.0,Male,2.0,523594.27,7.0,7.0
7829030,15.0,189.0,63.0,Female,2.0,345103.64,7.0,7.0
5504162,20.0,240.0,51.0,Female,2.0,148781.44,4.0,4.0
3547844,17.0,211.0,61.0,Male,2.0,127465.27000000002,6.0,6.0
398002,5.0,68.0,61.5,Male,2.0,124381.19,4.0,4.0
5417518,5.0,60.0,51.0,Female,2.0,23516.63,5.0,5.0
4477283,9.0,118.0,43.5,Male,2.0,90380.6,2.0,2.0
1345858,7.0,88.0,27.0,Unknown,2.0,31353.45,1.0,1.0
5867567,10.0,125.0,51.0,Unknown,2.0,270431.2,2.0,2.0
3283370,15.0,183.0,55.0,Female,2.0,89104.74,3.0,3.0
6260619,6.0,83.0,47.5,Unknown,2.0,27100.759999999995,3.0,3.0
4197996,13.0,159.0,61.0,Male,2.0,32550.08,1.0,1.0
8870669,14.0,176.0,26.0,Female,2.0,60492.84,1.0,1.0
5556667,6.0,82.0,25.5,Unknown,2.0,32868.63,7.0,7.0
1196553,6.0,79.0,48.0,Unknown,2.0,91067.94,2.0,3.0
4307743,21.0,255.0,46.5,Female,2.0,36785.4,1.0,1.0
4679361,18.0,219.0,45.5,Male,2.0,86285.86,3.0,3.0
3075675,13.0,165.0,43.5,Male,2.0,52526.49,4.0,4.0
2572940,6.0,72.0,20.5,Unknown,2.0,35750.91,4.0,4.0
3495827,8.0,98.0,64.0,Unknown,2.0,275648.15,5.0,5.0
6948779,7.0,85.0,23.0,Unknown,2.0,120847.72,6.0,6.0
3866340,6.0,73.0,33.0,Female,2.0,17060.1,1.0,1.0
9704143,4.0,49.0,48.0,Unknown,2.0,50435.46,1.0,1.0
3716969,10.0,123.0,76.5,Male,3.0,91316.34,7.0,7.0
3231387,6.0,82.0,35.0,Unknown,2.0,325401.05,7.0,7.0
9088751,16.0,195.0,70.5,Female,2.0,383150.86,7.0,7.0
2599239,5.0,71.0,36.0,Female,2.0,14093.079999999998,5.0,5.0
6930502,8.0,97.0,39.5,Unknown,2.0,139511.87,1.0,1.0
4419380,8.0,102.0,41.5,Unknown,2.0,25484.85,7.0,7.0
6496194,12.0,154.0,32.0,Male,2.0,16818.44,6.0,6.0
2383282,6.0,74.0,27.0,Unknown,3.0,91926.44,4.0,4.0
6376685,15.0,189.0,68.5,Male,2.0,238460.01,4.0,4.0
6194422,20.0,247.0,24.0,Unknown,2.0,15300.519999999997,6.0,6.0
2625922,18.0,227.0,58.5,Male,3.0,88938.5,7.0,7.0
2348179,7.0,91.0,44.5,Unknown,2.0,98931.0,2.0,2.0
2306635,14.0,168.0,38.5,Unknown,4.0,551079.8400000001,7.0,7.0
6901832,6.0,80.0,52.0,Unknown,2.0,68054.54999999999,6.0,6.0
7335376,11.0,141.0,31.0,Female,2.0,47146.46,7.0,7.0
2612565,3.0,38.0,58.0,Female,2.0,25054.34,3.0,4.0
2553354,13.0,167.0,53.0,Male,2.0,60145.09,4.0,4.0
6662905,14.0,173.0,72.5,Male,2.0,290660.21,7.0,7.0
5032723,8.0,106.0,66.5,Male,2.0,50450.65,7.0,7.0
6928601,13.0,165.0,31.0,Male,2.0,61879.7,7.0,7.0
5761042,6.0,74.0,35.0,Unknown,2.0,79864.06999999999,5.0,5.0
313068,26.0,317.0,21.5,Male,2.0,132523.16,3.0,3.0
8619142,6.0,82.0,47.5,Unknown,2.0,56544.2,2.0,2.0
2749055,7.0,86.0,16.5,Unknown,3.0,112881.35,7.0,7.0
1802966,9.0,110.0,55.0,Female,2.0,378979.06,2.0,2.0
3836953,12.0,144.0,28.0,Female,2.0,62682.28,5.0,5.0
4896938,12.0,155.0,50.5,Male,3.0,38454.84,7.0,7.0
4685488,23.0,280.0,55.0,Male,6.0,772846.87,7.0,7.0
8618858,23.0,278.0,44.5,Male,2.0,95553.24,4.0,4.0
7911110,21.0,263.0,55.5,Female,5.0,121328.47999999998,3.0,3.0
304098,17.0,205.0,45.5,Female,2.0,20759.41,7.0,7.0
4626492,7.0,94.0,30.0,Unknown,2.0,15421.879999999996,7.0,7.0
3653295,4.0,59.0,26.5,Female,2.0,26372.17,2.0,2.0
1959444,14.0,168.0,60.0,Male,2.0,29507.74,7.0,7.0
9586865,8.0,100.0,53.5,Unknown,4.0,350666.14,7.0,7.0
6966624,10.0,127.0,73.0,Female,2.0,263256.02,1.0,1.0
2570623,5.0,67.0,23.5,Unknown,3.0,21066.39,3.0,3.0
8736532,10.0,121.0,33.0,Female,2.0,34445.399999999994,7.0,7.0
4183698,5.0,66.0,29.5,Unknown,2.0,20460.8,2.0,2.0
6755047,32.0,395.0,57.5,Female,2.0,65244.100000000006,6.0,6.0
5087226,28.0,339.0,62.5,Female,3.0,83949.86,7.0,7.0
3882318,5.0,71.0,26.0,Unknown,2.0,15895.059999999998,7.0,7.0
8979201,13.0,156.0,47.5,Male,2.0,496651.23,7.0,7.0
2134608,6.0,83.0,65.5,Unknown,2.0,142097.03,7.0,7.0
1446048,20.0,249.0,53.5,Female,2.0,30974.0,2.0,2.0
2510667,21.0,256.0,41.5,Female,2.0,78458.89,2.0,2.0
7480734,19.0,234.0,66.0,Unknown,2.0,24013.93,7.0,7.0
6391671,30.0,364.0,56.0,Male,3.0,733065.54,7.0,7.0
7454502,14.0,176.0,56.0,Female,2.0,57676.94,6.0,6.0
8682969,8.0,97.0,72.0,Unknown,2.0,185348.69,3.0,3.0
4845732,32.0,385.0,68.5,Female,4.0,371015.85,7.0,7.0
2119469,15.0,189.0,46.0,Female,2.0,35521.869999999995,2.0,2.0
14664,13.0,156.0,33.0,Female,2.0,88625.19,2.0,2.0
7916497,13.0,166.0,60.0,Male,2.0,51655.21,2.0,2.0
25378,7.0,89.0,37.0,Unknown,2.0,92792.31,5.0,5.0
5278712,8.0,107.0,24.5,Male,2.0,17213.309999999998,4.0,4.0
8999541,11.0,141.0,25.0,Male,2.0,15714.75,1.0,1.0
7428836,13.0,167.0,41.5,Male,2.0,49154.06,7.0,7.0
3184699,12.0,155.0,55.5,Female,2.0,24332.21,4.0,4.0
2450821,29.0,353.0,55.5,Male,3.0,250925.41,2.0,2.0
7474969,4.0,59.0,20.5,Unknown,3.0,28827.9,4.0,4.0
5401462,16.0,193.0,31.5,Female,2.0,32235.79,1.0,1.0
8000227,6.0,73.0,56.0,Unknown,3.0,68943.08,6.0,6.0
5925731,15.0,187.0,51.5,Female,2.0,21564.74,3.0,3.0
6525828,15.0,184.0,35.0,Female,2.0,25081.759999999995,1.0,1.0
9095438,7.0,86.0,29.5,Female,2.0,58461.47,5.0,5.0
7294626,9.0,115.0,33.5,Male,2.0,58853.65,6.0,6.0
7577611,18.0,221.0,38.5,Male,4.0,684718.62,7.0,7.0
3655868,8.0,100.0,43.0,Unknown,2.0,23920.36,2.0,2.0
6548408,12.0,152.0,28.0,Female,2.0,103215.15,2.0,2.0
4794357,11.0,143.0,30.5,Female,2.0,75183.03,7.0,7.0
3985909,18.0,222.0,34.5,Female,3.0,138850.99,4.0,4.0
7572328,6.0,83.0,23.5,Unknown,2.0,35716.149999999994,4.0,4.0
3984694,9.0,111.0,34.0,Female,2.0,17553.1,4.0,4.0
9024342,6.0,77.0,22.0,Unknown,2.0,17365.739999999998,1.0,1.0
7859549,16.0,194.0,70.5,Female,2.0,602945.88,6.0,6.0
2501056,4.0,58.0,21.0,Unknown,4.0,79069.6,7.0,7.0
4303970,9.0,119.0,66.5,Female,3.0,372027.93,6.0,6.0
333807,13.0,157.0,49.5,Female,2.0,30506.65,3.0,3.0
4440202,15.0,190.0,46.5,Male,2.0,132441.05,4.0,4.0
3248289,11.0,136.0,43.0,Male,2.0,177519.02999999997,6.0,6.0
2035058,16.0,192.0,50.5,Female,2.0,100710.8,7.0,7.0
4880891,32.0,388.0,62.0,Female,2.0,245482.24,1.0,1.0
6876882,11.0,142.0,29.5,Female,2.0,18451.56,7.0,7.0
2322957,17.0,204.0,71.0,Male,3.0,31533.64,7.0,7.0
8349760,20.0,248.0,67.5,Male,3.0,35896.27,4.0,4.0
9200720,12.0,154.0,58.0,Female,2.0,72264.70999999999,5.0,5.0
5742361,13.0,165.0,66.5,Male,2.0,151291.39,5.0,5.0
8434131,25.0,310.0,45.5,Female,2.0,18055.41,1.0,1.0
3627601,9.0,115.0,55.0,Female,2.0,24546.09,6.0,6.0
4935283,5.0,60.0,67.0,Unknown,2.0,83002.49,1.0,1.0
1488171,6.0,82.0,23.0,Unknown,2.0,22320.91,5.0,5.0
5451401,5.0,71.0,26.0,Male,2.0,41416.11,4.0,4.0
7909370,15.0,180.0,30.5,Female,2.0,63425.130000000005,7.0,7.0
6068894,8.0,106.0,48.5,Female,2.0,19203.41,3.0,3.0
9828011,34.0,414.0,68.5,Male,3.0,495289.81,6.0,6.0
5093890,5.0,66.0,57.5,Unknown,3.0,93718.91,2.0,2.0
7984695,5.0,70.0,31.0,Unknown,3.0,92062.09,7.0,7.0
439395,23.0,277.0,47.5,Male,2.0,77864.51999999999,3.0,3.0
8681801,20.0,251.0,36.5,Female,2.0,156526.25,7.0,7.0
6148990,19.0,231.0,53.0,Female,3.0,288829.93,2.0,2.0
2697419,4.0,58.0,46.0,Unknown,2.0,42126.03,1.0,1.0
2232788,15.0,191.0,39.0,Male,2.0,383077.23,4.0,4.0
7897147,7.0,85.0,52.5,Unknown,3.0,125115.15,7.0,7.0
6413745,7.0,94.0,50.0,Unknown,2.0,59448.73,3.0,3.0
9871624,6.0,80.0,22.0,Unknown,2.0,48191.27,7.0,7.0
8387108,8.0,100.0,25.5,Female,2.0,17328.199999999997,4.0,4.0
4554965,31.0,383.0,40.5,Male,2.0,221554.16,1.0,1.0
9243213,12.0,150.0,47.0,Male,2.0,43191.1,7.0,7.0
711890,16.0,194.0,49.5,Female,2.0,15535.98,3.0,3.0
5016228,15.0,187.0,28.0,Male,2.0,14258.969999999998,2.0,2.0
7045671,6.0,73.0,25.5,Unknown,2.0,39242.94,2.0,3.0
478380,13.0,165.0,49.0,Female,3.0,92254.89,6.0,6.0
746146,9.0,118.0,16.5,Female,2.0,72114.76999999999,4.0,4.0
8859846,22.0,264.0,46.0,Male,3.0,156877.05,7.0,7.0
8650780,21.0,262.0,45.0,Female,3.0,118556.61,7.0,7.0
8044856,21.0,259.0,35.5,Female,2.0,83495.88,1.0,1.0
7836199,20.0,250.0,55.5,Female,6.0,1267264.12,6.0,6.0
5868762,5.0,64.0,32.5,Unknown,2.0,130449.76,7.0,7.0
7764781,15.0,183.0,41.0,Male,2.0,35749.78,7.0,7.0
6731501,20.0,246.0,39.5,Male,2.0,377207.98,3.0,3.0
3802844,12.0,155.0,48.5,Male,2.0,43262.28,7.0,7.0
8658654,4.0,58.0,46.5,Unknown,2.0,20953.2,3.0,3.0
8428731,7.0,86.0,67.0,Female,2.0,238561.26,4.0,4.0
8428882,11.0,134.0,59.0,Male,2.0,178896.19,7.0,7.0
4902959,15.0,181.0,52.0,Male,2.0,29360.13,2.0,2.0
4296621,6.0,76.0,22.5,Unknown,2.0,34515.74,4.0,4.0
5278073,8.0,100.0,35.0,Female,2.0,36151.37,5.0,5.0
4069934,4.0,58.0,26.5,Unknown,2.0,34295.5,1.0,1.0
3313565,16.0,201.0,45.5,Male,2.0,48614.8,1.0,1.0
4965187,14.0,178.0,62.0,Male,2.0,48542.12,6.0,6.0
1351797,5.0,60.0,26.0,Unknown,3.0,126253.76,6.0,6.0
7936659,10.0,128.0,41.5,Unknown,3.0,101030.2,3.0,3.0
5884978,11.0,136.0,48.0,Male,2.0,25886.81,2.0,2.0
4103750,30.0,370.0,51.5,Female,2.0,100164.38,3.0,3.0
6529878,9.0,116.0,31.5,Female,2.0,74589.81,4.0,4.0
9881703,8.0,105.0,29.5,Male,3.0,28020.03,5.0,5.0
580642,12.0,153.0,37.5,Female,2.0,20767.44,1.0,1.0
1057076,15.0,188.0,32.5,Male,2.0,178156.71999999997,3.0,3.0
8248192,9.0,118.0,43.0,Unknown,4.0,224418.04,5.0,6.0
9965200,14.0,172.0,39.5,Female,2.0,96931.85,3.0,3.0
5490688,4.0,57.0,57.0,Unknown,2.0,93452.32,7.0,7.0
3597411,11.0,140.0,53.5,Female,2.0,139274.55,4.0,4.0
424755,10.0,123.0,30.0,Male,3.0,370660.43,7.0,7.0
6163569,11.0,132.0,33.5,Male,2.0,85096.86,7.0,7.0
3824176,12.0,150.0,67.5,Female,2.0,144390.41,6.0,6.0
4889531,14.0,176.0,60.0,Male,2.0,76061.7,6.0,6.0
6718228,8.0,98.0,21.0,Unknown,2.0,25697.56,7.0,7.0
4420239,8.0,96.0,31.5,Male,2.0,41354.67,1.0,1.0
8999795,13.0,159.0,24.5,Male,4.0,174423.31,6.0,6.0
8049408,8.0,106.0,31.0,Male,2.0,72050.11,2.0,2.0
8148130,4.0,58.0,72.0,Female,2.0,237943.06,3.0,4.0
1131285,6.0,82.0,22.0,Unknown,3.0,79452.58,7.0,7.0
9095606,14.0,178.0,32.0,Female,2.0,115448.36,7.0,7.0
8985500,6.0,83.0,33.5,Unknown,2.0,13894.339999999997,5.0,5.0
2245061,24.0,289.0,63.5,Female,2.0,267267.56,2.0,3.0
7381810,23.0,286.0,50.0,Male,2.0,59792.98999999999,1.0,1.0
619829,21.0,253.0,18.0,Female,5.0,44688.86,7.0,7.0
7470990,17.0,214.0,40.0,Male,3.0,140783.12,5.0,5.0
2356750,5.0,65.0,38.5,Male,2.0,35799.03,1.0,1.0
9813962,26.0,319.0,55.5,Female,3.0,542754.0800000001,3.0,3.0
6731063,4.0,59.0,53.5,Unknown,2.0,46058.97,6.0,6.0
3721869,15.0,180.0,28.5,Female,2.0,35864.78,7.0,7.0
6097736,8.0,97.0,23.0,Unknown,2.0,60174.36,4.0,4.0
2387072,6.0,75.0,32.0,Unknown,3.0,44017.28999999999,7.0,7.0
1963712,9.0,109.0,27.0,Male,3.0,105528.79,5.0,5.0
7856590,4.0,58.0,27.5,Unknown,2.0,26677.74,4.0,4.0
7018701,6.0,73.0,22.5,Unknown,2.0,37850.42999999999,5.0,5.0
5446567,13.0,157.0,60.0,Female,2.0,61982.31,7.0,7.0
2053385,7.0,84.0,23.5,Unknown,3.0,17347.35,7.0,7.0
2205219,4.0,59.0,48.0,Unknown,2.0,29273.93,1.0,1.0
5996027,18.0,225.0,57.0,Female,2.0,194786.5,7.0,7.0
8985169,5.0,65.0,68.0,Female,2.0,25150.13,2.0,2.0
9423543,6.0,78.0,58.0,Unknown,2.0,27911.59,2.0,2.0
7089352,7.0,93.0,28.0,Unknown,2.0,31147.509999999995,1.0,1.0
812529,7.0,84.0,53.5,Unknown,2.0,145151.46999999997,7.0,7.0
5947172,7.0,87.0,42.0,Unknown,2.0,50526.99,3.0,4.0
5847446,4.0,59.0,62.0,Unknown,2.0,63667.48999999999,2.0,2.0
559134,4.0,58.0,24.0,Unknown,2.0,18097.69,2.0,2.0
4903929,15.0,189.0,56.0,Female,2.0,97184.18,2.0,2.0
9316714,25.0,308.0,78.5,Female,3.0,350403.37,7.0,7.0
2236304,18.0,220.0,50.5,Female,2.0,48808.1,4.0,4.0
1090700,9.0,109.0,67.5,Female,2.0,90161.73,7.0,7.0
5667467,13.0,162.0,27.5,Male,2.0,93518.51,3.0,3.0
662648,32.0,394.0,53.0,Female,2.0,54034.56,6.0,6.0
7303467,5.0,60.0,30.5,Unknown,2.0,17374.48,1.0,1.0
994742,9.0,114.0,35.5,Male,2.0,92246.76,2.0,2.0
7529937,28.0,340.0,62.0,Female,2.0,18814.04,4.0,4.0
1104891,15.0,191.0,26.0,Female,3.0,92566.21,4.0,4.0
5325515,9.0,113.0,50.5,Female,2.0,114718.29,6.0,6.0
9954363,29.0,349.0,53.5,Male,3.0,229732.51,3.0,3.0
6243339,8.0,97.0,66.0,Unknown,2.0,85655.33,4.0,4.0
48493,3.0,44.0,31.5,Male,3.0,148845.81,7.0,7.0
884033,13.0,157.0,61.0,Female,2.0,90473.07,4.0,4.0
6277970,10.0,122.0,59.0,Male,2.0,55071.11,7.0,7.0
4540796,10.0,121.0,55.5,Female,2.0,80747.98,5.0,5.0
4419040,25.0,308.0,31.0,Female,2.0,71807.47,1.0,1.0
883744,24.0,292.0,86.0,Male,2.0,241953.55,7.0,7.0
3109986,24.0,288.0,64.0,Female,3.0,88422.81999999999,7.0,7.0
8859078,20.0,241.0,39.0,Male,2.0,42855.75,6.0,6.0
5950709,19.0,235.0,62.0,Male,2.0,24721.58,7.0,7.0
6525746,16.0,195.0,50.0,Female,2.0,83899.12,7.0,7.0
6352224,29.0,356.0,65.5,Female,4.0,1264161.0499999998,7.0,7.0
4783761,21.0,253.0,58.0,Male,2.0,43152.11,4.0,4.0
3911061,6.0,72.0,51.5,Unknown,2.0,45926.99,4.0,4.0
41127,12.0,144.0,49.5,Male,3.0,97944.65,3.0,3.0
7571999,7.0,87.0,24.5,Unknown,2.0,28342.85,4.0,4.0
2410343,9.0,115.0,28.5,Male,3.0,44789.74,5.0,5.0
7532384,4.0,51.0,42.5,Unknown,2.0,43548.44,7.0,7.0
7795434,9.0,114.0,21.5,Male,2.0,19267.63,7.0,7.0
8249855,14.0,179.0,61.5,Female,2.0,656505.3400000001,5.0,5.0
2288523,8.0,107.0,58.5,Female,2.0,51684.16,2.0,2.0
4347154,5.0,63.0,55.5,Unknown,2.0,307200.81,1.0,1.0
6204205,21.0,259.0,68.0,Female,2.0,291176.97,1.0,1.0
5532477,19.0,239.0,50.5,Unknown,3.0,219281.15,7.0,7.0
8427376,19.0,239.0,51.0,Male,3.0,42143.26,6.0,6.0
46298,8.0,106.0,33.0,Male,3.0,24204.13,7.0,7.0
5231037,13.0,164.0,44.5,Male,2.0,219632.05,7.0,7.0
4692335,9.0,109.0,54.5,Male,2.0,163641.59999999998,6.0,6.0
9580882,9.0,110.0,50.5,Unknown,2.0,29719.38,5.0,5.0
544139,5.0,62.0,61.0,Unknown,2.0,107235.23,5.0,5.0
8568776,6.0,74.0,28.5,Unknown,2.0,74526.53,3.0,3.0
4894210,12.0,147.0,63.5,Female,2.0,58274.62,7.0,7.0
3749793,3.0,36.0,58.5,Male,2.0,138244.84999999998,7.0,7.0
303427,9.0,114.0,59.5,Male,2.0,362824.4,7.0,7.0
7778495,11.0,143.0,31.5,Female,2.0,18101.5,6.0,6.0
9993293,10.0,122.0,28.0,Female,3.0,98879.43,7.0,7.0
1663409,6.0,82.0,24.5,Unknown,3.0,48487.81,4.0,4.0
9870871,13.0,167.0,48.0,Male,2.0,24490.9,2.0,2.0
2248203,6.0,78.0,37.5,Unknown,2.0,44713.47,5.0,5.0
444092,14.0,179.0,32.5,Male,2.0,82365.26,3.0,3.0
976646,6.0,74.0,27.0,Unknown,2.0,54171.84,7.0,7.0
505333,16.0,194.0,67.0,Female,2.0,19444.31,2.0,2.0
7401096,22.0,270.0,49.5,Female,2.0,36229.01,5.0,5.0
5352766,25.0,309.0,47.5,Male,2.0,112242.89,1.0,1.0
5130564,15.0,185.0,48.0,Male,2.0,153767.01,6.0,6.0
7761966,4.0,58.0,37.0,Male,2.0,40394.77,6.0,6.0
8079567,8.0,98.0,29.0,Unknown,2.0,35347.03,1.0,1.0
1921592,12.0,155.0,44.5,Female,2.0,55567.78,6.0,6.0
4221044,13.0,166.0,60.5,Unknown,2.0,41458.84,2.0,2.0
7130508,14.0,169.0,42.0,Male,2.0,22406.98,6.0,6.0
6902409,20.0,250.0,52.0,Male,3.0,197518.83,7.0,7.0
8455834,7.0,84.0,34.0,Unknown,2.0,1256979.65,7.0,7.0
8138174,26.0,313.0,50.5,Male,2.0,427265.61,2.0,2.0
8026614,5.0,71.0,60.5,Male,2.0,724368.3500000001,3.0,3.0
2559168,8.0,106.0,45.5,Male,3.0,180209.39,3.0,3.0
196492,10.0,126.0,30.0,Male,2.0,49942.49,2.0,2.0
3133245,5.0,60.0,23.0,Unknown,3.0,54418.72,7.0,7.0
2554224,5.0,70.0,24.0,Unknown,2.0,20580.59,3.0,3.0
5837271,6.0,74.0,33.5,Unknown,2.0,47755.65,5.0,5.0
9484095,12.0,146.0,49.0,Female,2.0,33698.67,1.0,1.0
9472722,4.0,57.0,21.5,Unknown,2.0,21675.57,3.0,3.0
4697546,13.0,156.0,53.0,Female,2.0,33631.06,1.0,1.0
9745705,24.0,289.0,37.5,Female,4.0,192150.74,7.0,7.0
4419184,23.0,287.0,46.5,Female,2.0,133158.65,6.0,6.0
5311800,21.0,259.0,31.0,Female,2.0,89543.39,3.0,3.0
7010418,19.0,235.0,48.0,Male,2.0,118606.26,7.0,7.0
2462732,7.0,85.0,55.5,Unknown,2.0,27151.6,3.0,3.0
9565777,13.0,159.0,48.0,Male,2.0,17495.289999999997,1.0,1.0
6543053,6.0,79.0,70.0,Unknown,3.0,222597.39,7.0,7.0
7836139,12.0,147.0,53.0,Male,2.0,21155.6,2.0,2.0
8279234,11.0,142.0,47.0,Male,2.0,133760.44,3.0,3.0
1659656,7.0,93.0,55.0,Unknown,2.0,64825.22,7.0,7.0
3667003,14.0,173.0,34.0,Female,3.0,204363.2,3.0,3.0
395673,14.0,172.0,49.0,Female,2.0,68726.35,4.0,4.0
4309229,3.0,44.0,48.0,Unknown,2.0,15360.719999999998,4.0,4.0
5559045,5.0,67.0,57.0,Male,3.0,327399.31,7.0,7.0
9559729,17.0,210.0,50.5,Female,2.0,83107.65,2.0,3.0
5430884,25.0,305.0,73.0,Male,2.0,298364.42,7.0,7.0
4421183,25.0,300.0,61.0,Female,2.0,24207.17,2.0,2.0
9204880,24.0,291.0,45.5,Female,3.0,68338.03,3.0,3.0
1631381,21.0,255.0,52.0,Female,4.0,199042.56,4.0,4.0
3400364,21.0,253.0,35.0,Male,4.0,221426.23,5.0,5.0
4660939,20.0,247.0,40.0,Female,3.0,189122.88,7.0,7.0
8181441,20.0,247.0,68.0,Male,3.0,471604.2,6.0,6.0
2243147,22.0,268.0,55.0,Female,3.0,588247.4,6.0,6.0
9688374,20.0,241.0,35.5,Female,2.0,208292.5,1.0,1.0
206908,5.0,70.0,46.5,Unknown,2.0,40723.91,6.0,6.0
3944612,13.0,167.0,44.5,Male,2.0,33750.81,5.0,5.0
1240101,6.0,83.0,28.0,Unknown,2.0,19471.56,4.0,4.0
5998019,12.0,146.0,36.5,Male,3.0,244619.43,7.0,7.0
6811264,16.0,192.0,59.0,Female,2.0,21652.91,6.0,6.0
7139336,8.0,100.0,53.5,Unknown,3.0,260352.79,4.0,4.0
2651531,5.0,70.0,20.5,Unknown,2.0,34053.92999999999,1.0,1.0
197468,11.0,142.0,40.0,Female,2.0,72097.83,2.0,2.0
1241897,8.0,98.0,34.5,Unknown,2.0,75221.97,4.0,4.0
2744343,6.0,76.0,48.5,Female,3.0,56932.59,7.0,7.0
8227960,17.0,204.0,58.0,Male,2.0,24631.869999999995,1.0,1.0
3068633,8.0,101.0,19.0,Unknown,2.0,15733.14,2.0,2.0
6040376,14.0,169.0,64.5,Female,2.0,30982.1,4.0,4.0
8708009,12.0,148.0,75.5,Female,2.0,32144.660000000003,2.0,3.0
5282214,7.0,94.0,47.5,Unknown,2.0,36884.75,2.0,2.0
7666622,17.0,209.0,66.5,Male,2.0,69659.5,7.0,7.0
534274,13.0,166.0,54.5,Male,2.0,31499.94,2.0,2.0
2990899,7.0,95.0,67.0,Unknown,2.0,61536.600000000006,3.0,3.0
1489797,21.0,255.0,32.0,Male,2.0,126140.66,1.0,1.0
7677849,6.0,81.0,35.0,Unknown,2.0,531348.28,7.0,7.0
6532632,7.0,88.0,37.5,Unknown,2.0,57890.76,3.0,3.0
1111577,24.0,298.0,58.5,Male,2.0,160992.09999999998,7.0,7.0
9708591,23.0,281.0,51.0,Female,2.0,134806.82,7.0,7.0
2149281,21.0,263.0,59.5,Male,2.0,192962.84000000003,5.0,5.0
3363390,21.0,253.0,64.5,Female,2.0,19204.66,1.0,1.0
6298600,8.0,97.0,39.0,Unknown,2.0,15672.789999999995,7.0,7.0
6412622,21.0,259.0,58.5,Male,3.0,521617.12,3.0,3.0
6529049,10.0,122.0,27.0,Unknown,2.0,16780.879999999997,1.0,1.0
488138,5.0,71.0,31.5,Unknown,2.0,24829.03,2.0,2.0
4434884,5.0,65.0,59.5,Male,2.0,117878.63,5.0,5.0
6092254,4.0,58.0,48.5,Unknown,3.0,85330.79,3.0,3.0
135828,4.0,59.0,37.0,Unknown,3.0,49810.94,5.0,5.0
7464189,15.0,181.0,54.0,Female,2.0,18860.0,1.0,1.0
9605398,5.0,70.0,56.0,Unknown,2.0,48918.54,6.0,6.0
4216841,5.0,63.0,25.5,Unknown,2.0,30478.89,2.0,2.0
4707327,8.0,106.0,30.5,Female,3.0,81211.11,7.0,7.0
2405088,8.0,102.0,31.5,Unknown,2.0,24301.31,2.0,2.0
2187926,6.0,72.0,24.5,Unknown,2.0,107289.85,4.0,4.0
3806311,7.0,88.0,46.0,Unknown,2.0,20017.74,2.0,2.0
1857879,8.0,106.0,22.0,Female,2.0,31100.21,1.0,1.0
7153094,8.0,106.0,47.0,Male,2.0,23057.84,5.0,5.0
5979212,5.0,64.0,78.0,Unknown,3.0,152994.81,6.0,6.0
6182742,16.0,194.0,67.0,Female,2.0,275141.69,3.0,3.0
6129580,16.0,202.0,49.5,Female,2.0,86708.91,2.0,2.0
6881159,22.0,274.0,45.0,Male,4.0,332274.26,4.0,4.0
8286380,22.0,264.0,48.0,Male,3.0,1112322.99,5.0,6.0
9829710,10.0,125.0,43.0,Female,2.0,45949.81,3.0,3.0
2876153,6.0,83.0,53.5,Unknown,2.0,36415.53,2.0,2.0
3469468,9.0,118.0,62.0,Male,2.0,25546.14,2.0,2.0
1961747,14.0,179.0,44.5,Male,3.0,816129.5800000001,7.0,7.0
2128271,35.0,429.0,67.0,Male,3.0,374768.7,7.0,7.0
638853,5.0,66.0,20.0,Unknown,2.0,50286.92,7.0,7.0
1574780,6.0,75.0,69.0,Male,2.0,346257.34,1.0,1.0
1765435,5.0,63.0,22.0,Unknown,2.0,42878.65,3.0,3.0
3422057,6.0,76.0,65.5,Unknown,2.0,35619.64,3.0,3.0
8596714,6.0,77.0,37.5,Unknown,3.0,188543.06,7.0,7.0
2907657,15.0,190.0,46.5,Male,2.0,92772.78,1.0,1.0
5017827,15.0,184.0,44.0,Male,2.0,35048.0,5.0,5.0
9990101,33.0,407.0,53.0,Unknown,2.0,272675.21,4.0,4.0
8177885,26.0,317.0,56.5,Female,3.0,68666.98,6.0,6.0
7585826,24.0,290.0,50.5,Male,2.0,16750.89,7.0,7.0
9226077,15.0,185.0,40.0,Female,2.0,84785.67,7.0,7.0
942268,7.0,95.0,27.5,Unknown,2.0,34855.39,3.0,3.0
7563776,21.0,256.0,52.5,Female,2.0,20059.68,6.0,6.0
1427870,20.0,246.0,53.0,Male,2.0,95035.57,7.0,7.0
126956,12.0,152.0,30.0,Male,2.0,19945.96,4.0,4.0
671680,7.0,95.0,40.5,Unknown,2.0,191299.86,5.0,5.0
3001874,16.0,202.0,49.5,Male,2.0,92909.08,5.0,5.0
5827424,9.0,119.0,43.0,Male,2.0,113376.26,5.0,5.0
1990480,8.0,106.0,54.5,Male,3.0,230143.47,3.0,3.0
3243570,6.0,73.0,44.0,Unknown,2.0,42003.38,3.0,3.0
3721552,11.0,142.0,59.5,Male,2.0,22726.17,4.0,4.0
3850261,14.0,178.0,67.5,Male,2.0,48415.51,5.0,5.0
5778980,16.0,197.0,16.0,Male,2.0,20425.97,4.0,4.0
4412035,10.0,122.0,62.5,Female,2.0,54791.29,3.0,3.0
5817398,5.0,68.0,14.5,Unknown,3.0,73762.45,1.0,1.0
3971084,12.0,155.0,53.0,Male,2.0,18494.21,7.0,7.0
1194978,6.0,79.0,19.0,Female,3.0,24784.08,5.0,5.0
6152261,18.0,219.0,54.5,Male,2.0,15915.169999999998,1.0,1.0
1052703,15.0,181.0,36.0,Unknown,2.0,47334.55,5.0,5.0
5249827,9.0,115.0,27.0,Female,2.0,78850.73999999999,1.0,1.0
7887749,5.0,65.0,59.0,Unknown,2.0,84335.65,1.0,1.0
2893041,15.0,192.0,56.5,Male,3.0,661455.52,7.0,7.0
6177193,6.0,82.0,28.5,Unknown,2.0,37885.69,2.0,2.0
7629955,9.0,108.0,23.5,Female,2.0,19384.82,7.0,7.0
9230111,8.0,98.0,35.5,Unknown,4.0,134040.5,7.0,7.0
9706380,13.0,162.0,25.0,Male,2.0,92687.23,6.0,6.0
9835783,6.0,72.0,28.5,Unknown,2.0,50979.05,3.0,3.0
3005040,25.0,301.0,46.5,Female,2.0,29829.34,3.0,3.0
8384744,4.0,58.0,24.5,Unknown,2.0,19668.05,3.0,3.0
7229663,9.0,118.0,64.5,Female,2.0,160160.91999999998,3.0,3.0
8892371,17.0,212.0,39.0,Female,2.0,13839.46,3.0,3.0
1146875,9.0,118.0,29.0,Male,3.0,341389.13,5.0,5.0
7959723,21.0,261.0,56.5,Male,3.0,6566425.13,7.0,7.0
8743288,3.0,36.0,50.0,Unknown,2.0,211865.03,7.0,7.0
5984359,11.0,142.0,55.0,Male,3.0,87918.16,5.0,5.0
1477976,15.0,189.0,47.0,Female,2.0,69055.01,4.0,4.0
8078204,6.0,77.0,44.5,Unknown,2.0,15549.469999999998,3.0,3.0
8824155,8.0,96.0,60.0,Unknown,3.0,266455.44,7.0,7.0
6695390,8.0,103.0,47.5,Unknown,2.0,179608.89,7.0,7.0
5615072,16.0,198.0,32.5,Male,3.0,58873.23999999999,3.0,3.0
3849896,11.0,141.0,31.5,Female,3.0,38705.85,1.0,1.0
7101923,4.0,58.0,57.0,Unknown,5.0,657081.65,4.0,4.0
2142717,17.0,204.0,63.0,Female,2.0,508677.68,7.0,7.0
7722098,5.0,62.0,57.0,Male,2.0,35795.08,3.0,3.0
28911,16.0,200.0,68.0,Female,2.0,250521.54,5.0,5.0
3533494,9.0,116.0,28.5,Female,2.0,42211.89,5.0,5.0
7302246,10.0,121.0,29.0,Female,3.0,82862.84,7.0,7.0
8928655,7.0,91.0,56.0,Unknown,2.0,861933.5700000001,1.0,1.0
7477926,15.0,187.0,42.5,Male,2.0,127408.93,4.0,4.0
778505,13.0,156.0,16.5,Male,2.0,15313.57,4.0,4.0
8062446,5.0,71.0,22.5,Unknown,2.0,72768.19,6.0,6.0
9385587,8.0,105.0,41.5,Male,4.0,149008.88,6.0,6.0
2297718,9.0,108.0,63.5,Male,2.0,286092.2,6.0,6.0
4475191,13.0,166.0,53.0,Female,2.0,29681.24,5.0,5.0
5112106,11.0,133.0,31.5,Male,3.0,22487.31,7.0,7.0
6237450,15.0,188.0,57.0,Female,2.0,14082.32,4.0,4.0
4909941,17.0,215.0,42.0,Male,2.0,267377.85,3.0,3.0
3139238,21.0,261.0,42.0,Female,2.0,62388.69,2.0,2.0
1463682,20.0,250.0,41.0,Male,2.0,416449.8,6.0,6.0
8204891,5.0,60.0,29.5,Unknown,4.0,56169.5,7.0,7.0
2726040,7.0,94.0,17.0,Unknown,3.0,43905.49,3.0,3.0
4589454,6.0,82.0,70.5,Unknown,2.0,29499.44,2.0,2.0
287746,8.0,102.0,34.5,Unknown,2.0,336099.87,5.0,5.0
7294682,12.0,152.0,59.0,Male,2.0,105365.91,1.0,1.0
6194506,7.0,93.0,35.0,Unknown,2.0,43004.38,1.0,1.0
4034147,5.0,70.0,58.0,Unknown,2.0,19011.97,5.0,5.0
9182415,16.0,199.0,49.5,Male,2.0,53316.28,4.0,4.0
32429,5.0,68.0,28.0,Unknown,4.0,95057.34,7.0,7.0
440497,12.0,148.0,46.0,Male,2.0,126805.53999999998,5.0,5.0
4135827,4.0,58.0,24.0,Unknown,2.0,15031.929999999997,3.0,3.0
5532409,5.0,60.0,24.5,Unknown,2.0,16514.089999999997,5.0,5.0
819691,5.0,65.0,63.0,Unknown,2.0,194237.39,7.0,7.0
4112547,13.0,157.0,30.0,Female,2.0,31174.11,1.0,1.0
1879255,11.0,142.0,53.5,Male,2.0,22161.39,1.0,1.0
5951822,14.0,170.0,55.0,Male,2.0,101466.35,2.0,2.0
1489908,12.0,145.0,33.5,Male,4.0,1184973.39,7.0,7.0
9937460,9.0,112.0,42.0,Male,2.0,58679.45,4.0,5.0
7757304,6.0,72.0,61.0,Unknown,2.0,21013.67,3.0,3.0
4183139,5.0,71.0,31.0,Male,2.0,53844.8,2.0,2.0
5403838,30.0,369.0,69.5,Male,2.0,223444.5,7.0,7.0
986915,6.0,78.0,46.5,Unknown,2.0,46872.54,1.0,1.0
4475806,25.0,302.0,51.0,Male,5.0,894971.7300000001,4.0,4.0
9825921,22.0,270.0,52.5,Female,3.0,246837.64,5.0,5.0
1275605,22.0,265.0,53.5,Male,2.0,862325.12,3.0,3.0
6293679,19.0,233.0,77.0,Male,2.0,21453.57,1.0,1.0
8629810,15.0,188.0,59.5,Female,2.0,111490.31,5.0,5.0
1391374,4.0,55.0,22.5,Female,3.0,26223.91,3.0,3.0
8427674,13.0,164.0,27.0,Female,2.0,36906.05,1.0,1.0
6716564,8.0,102.0,74.5,Unknown,2.0,52272.49,6.0,6.0
9206939,11.0,139.0,22.0,Male,2.0,18798.6,5.0,5.0
6034916,8.0,101.0,40.5,Unknown,3.0,49240.49,7.0,7.0
9619723,5.0,68.0,26.5,Unknown,3.0,72123.38,5.0,5.0
6776869,4.0,57.0,26.0,Unknown,2.0,16912.62,6.0,6.0
8443422,16.0,203.0,57.5,Male,2.0,73701.37,7.0,7.0
4692014,9.0,109.0,48.0,Male,3.0,116502.92,7.0,7.0
2178815,7.0,93.0,54.5,Unknown,2.0,31513.75,4.0,4.0
3123592,11.0,142.0,60.0,Male,2.0,48548.7,6.0,6.0
3186002,7.0,92.0,19.0,Unknown,2.0,31722.43,3.0,3.0
7547067,7.0,94.0,53.0,Unknown,2.0,535421.36,7.0,7.0
4847062,6.0,80.0,49.0,Unknown,2.0,39221.02,5.0,5.0
4551079,5.0,62.0,28.0,Male,2.0,21688.18,4.0,4.0
847493,13.0,162.0,42.0,Female,2.0,57139.92,2.0,2.0
9977954,6.0,72.0,18.5,Unknown,3.0,38343.7,4.0,4.0
7782718,7.0,84.0,26.0,Unknown,2.0,29200.34,5.0,5.0
1668249,5.0,67.0,21.5,Unknown,2.0,42388.33,5.0,5.0
3756251,13.0,156.0,48.5,Female,2.0,52102.2,4.0,4.0
5442018,21.0,261.0,46.5,Male,2.0,42908.67999999999,3.0,3.0
8010043,21.0,259.0,39.5,Male,4.0,410599.34,4.0,4.0
5776552,16.0,202.0,36.5,Female,3.0,28669.89,1.0,1.0
6346899,27.0,332.0,63.0,Female,2.0,635259.79,7.0,7.0
4877553,5.0,61.0,24.5,Unknown,2.0,40626.1,7.0,7.0
3077848,6.0,82.0,38.0,Unknown,2.0,159588.7,3.0,3.0
2272717,11.0,143.0,24.0,Male,2.0,59336.89,5.0,5.0
7845564,12.0,146.0,26.5,Male,3.0,45456.4,7.0,7.0
8114553,9.0,114.0,23.0,Female,2.0,24809.75,5.0,5.0
7601526,6.0,83.0,27.5,Unknown,2.0,22373.68,2.0,2.0
6924681,32.0,390.0,54.0,Female,2.0,253784.97,7.0,7.0
2897222,7.0,84.0,58.5,Unknown,2.0,30121.39,1.0,1.0
8889653,5.0,70.0,59.5,Unknown,2.0,17271.01,2.0,2.0
3710548,30.0,371.0,63.5,Male,3.0,89158.0,7.0,7.0
2844059,7.0,91.0,22.5,Unknown,2.0,24908.99,7.0,7.0
2767772,6.0,73.0,30.0,Unknown,3.0,173120.44,7.0,7.0
6637355,5.0,69.0,22.5,Female,3.0,42280.7,1.0,1.0
6963968,6.0,82.0,61.5,Unknown,2.0,29807.44,3.0,3.0
4954087,7.0,84.0,76.5,Unknown,2.0,17552.899999999998,4.0,4.0
8096830,11.0,136.0,41.0,Male,2.0,180639.75,6.0,6.0
8135315,13.0,164.0,65.0,Female,3.0,215564.37,7.0,7.0
8930897,17.0,205.0,46.5,Female,2.0,145643.45,6.0,6.0
9487113,17.0,212.0,47.0,Male,3.0,276342.05,7.0,7.0
6597905,21.0,252.0,44.0,Unknown,2.0,57046.08,6.0,6.0
9715307,8.0,102.0,21.5,Unknown,5.0,246951.8,6.0,6.0
5990558,15.0,190.0,48.0,Male,2.0,16923.089999999997,3.0,3.0
2635828,12.0,152.0,43.5,Female,2.0,72147.38,1.0,1.0
6375135,5.0,66.0,24.0,Unknown,2.0,27322.86,6.0,6.0
6555064,12.0,145.0,31.5,Male,2.0,81696.70999999999,7.0,7.0
5052653,28.0,336.0,53.0,Female,2.0,52241.32,7.0,7.0
588854,15.0,181.0,68.5,Male,2.0,238231.63,3.0,3.0
2016981,5.0,70.0,41.5,Unknown,2.0,19389.11,2.0,2.0
4314764,6.0,77.0,23.5,Unknown,2.0,27264.58,5.0,5.0
9106880,5.0,68.0,26.0,Unknown,2.0,45052.37,7.0,7.0
5345825,6.0,72.0,40.5,Unknown,2.0,17737.769999999997,3.0,3.0
4553251,26.0,321.0,58.5,Male,2.0,489597.29,4.0,4.0
5377351,25.0,303.0,42.5,Female,2.0,31028.63,7.0,7.0
2943479,12.0,150.0,77.5,Male,3.0,229435.93,7.0,7.0
3619497,6.0,83.0,92.5,Unknown,2.0,92792.9,3.0,3.0
2874475,19.0,239.0,57.5,Male,3.0,146747.18,6.0,6.0
3833150,5.0,60.0,52.5,Unknown,2.0,33593.98,1.0,1.0
4552993,12.0,146.0,33.5,Male,2.0,92273.16,7.0,7.0
4832997,36.0,432.0,69.5,Male,3.0,1877224.4,6.0,6.0
9805042,6.0,82.0,55.0,Female,2.0,313477.71,3.0,4.0
688068,5.0,67.0,45.0,Unknown,2.0,234044.2,7.0,7.0
3875777,8.0,107.0,39.0,Female,2.0,40626.6,4.0,4.0
3805484,13.0,160.0,37.0,Male,3.0,279072.33,2.0,2.0
940904,9.0,109.0,19.0,Male,2.0,82793.09999999999,5.0,5.0
1233133,6.0,75.0,48.0,Unknown,2.0,36963.39,1.0,1.0
8654963,7.0,89.0,20.0,Unknown,2.0,32875.899999999994,7.0,7.0
3286073,23.0,285.0,44.5,Female,3.0,66423.01999999999,6.0,6.0
6880322,14.0,168.0,38.0,Male,3.0,72082.75,7.0,7.0
919815,7.0,85.0,27.0,Unknown,2.0,35299.75,3.0,3.0
7231909,10.0,130.0,67.0,Male,2.0,86982.17,2.0,2.0
5989221,7.0,84.0,24.5,Unknown,3.0,57907.130000000005,7.0,7.0
9613972,13.0,167.0,23.0,Female,2.0,32886.25,6.0,6.0
671652,11.0,138.0,34.5,Male,2.0,40783.63,4.0,4.0
3954565,16.0,195.0,45.5,Male,2.0,19134.9,4.0,4.0
5745269,11.0,143.0,77.5,Male,2.0,109663.9,2.0,2.0
629829,16.0,197.0,49.5,Male,2.0,152224.51,5.0,5.0
9224019,6.0,83.0,47.5,Unknown,2.0,30270.96,1.0,1.0
3079801,7.0,84.0,33.0,Unknown,2.0,39108.34,2.0,2.0
2725895,17.0,210.0,58.0,Male,2.0,108677.51,2.0,5.0
1671036,11.0,136.0,52.5,Female,2.0,310254.85,7.0,7.0
3217541,15.0,180.0,42.0,Female,2.0,22286.62,2.0,2.0
8803244,14.0,169.0,32.5,Female,2.0,89947.02,1.0,1.0
9273347,14.0,169.0,49.0,Female,2.0,118944.36,7.0,7.0
4711145,12.0,148.0,29.5,Female,2.0,24820.34,7.0,7.0
1317390,5.0,70.0,51.5,Unknown,2.0,29201.59,1.0,1.0
6829286,20.0,243.0,36.5,Male,2.0,30837.67,2.0,2.0
7010805,19.0,239.0,55.5,Female,2.0,361443.1,2.0,2.0
230676,18.0,227.0,61.5,Female,2.0,21705.48,7.0,7.0
4403700,18.0,225.0,47.5,Male,3.0,56241.73,6.0,6.0
7821488,18.0,218.0,48.0,Male,2.0,31347.21,7.0,7.0
5337174,4.0,58.0,55.0,Female,2.0,40071.42999999999,1.0,1.0
7723350,9.0,112.0,32.5,Female,2.0,85907.29,3.0,3.0
1186694,8.0,97.0,60.0,Unknown,2.0,148182.94,5.0,5.0
735227,32.0,384.0,71.0,Female,2.0,131535.14,5.0,5.0
9562034,9.0,118.0,26.0,Male,2.0,47969.97,4.0,4.0
6991320,10.0,124.0,30.0,Female,4.0,171447.36,3.0,3.0
5257264,14.0,170.0,59.5,Male,2.0,162688.22999999998,6.0,6.0
1556497,5.0,69.0,35.0,Unknown,2.0,36482.53999999999,3.0,3.0
9073261,7.0,87.0,17.0,Unknown,2.0,21980.66,7.0,7.0
2231954,27.0,334.0,66.0,Female,3.0,113323.21,4.0,4.0
3559155,16.0,203.0,55.5,Male,3.0,30607.29,1.0,1.0
3913954,5.0,64.0,26.0,Unknown,2.0,43766.12,7.0,7.0
3024655,13.0,161.0,52.5,Male,3.0,136941.95,6.0,6.0
5886604,5.0,66.0,29.5,Unknown,3.0,57401.01999999999,7.0,7.0
81963,5.0,66.0,57.5,Unknown,2.0,51774.39,3.0,3.0
8793227,15.0,187.0,45.0,Female,2.0,24030.81,1.0,1.0
2861537,8.0,106.0,56.5,Female,3.0,82472.87,1.0,1.0
6670499,6.0,82.0,53.5,Unknown,3.0,41040.91,3.0,3.0
2837405,6.0,82.0,38.0,Unknown,2.0,267643.48,3.0,3.0
5327649,8.0,107.0,43.5,Male,2.0,32252.54,2.0,2.0
3059517,12.0,152.0,39.5,Male,4.0,1394994.62,4.0,4.0
4210055,6.0,79.0,55.0,Unknown,4.0,407387.14,5.0,5.0
9217141,4.0,57.0,33.0,Unknown,2.0,20553.27,1.0,1.0
4578231,26.0,322.0,45.0,Male,2.0,384474.38,7.0,7.0
4857863,5.0,66.0,19.5,Unknown,2.0,42671.11,7.0,7.0
3780824,4.0,56.0,44.5,Male,2.0,43135.96,2.0,2.0
9907329,15.0,181.0,22.0,Female,2.0,89430.39,5.0,5.0
4354772,6.0,73.0,27.0,Unknown,2.0,24094.71,6.0,6.0
1044484,8.0,103.0,57.0,Unknown,2.0,791770.86,2.0,2.0
4532219,31.0,375.0,56.5,Male,3.0,89450.54,7.0,7.0
874960,6.0,76.0,54.5,Male,2.0,49234.5,6.0,6.0
2659804,5.0,64.0,68.0,Unknown,2.0,16141.379999999996,7.0,7.0
2970993,17.0,204.0,26.0,Male,2.0,16570.71,5.0,5.0
7457430,9.0,118.0,22.0,Female,2.0,65925.45999999999,4.0,4.0
7572700,21.0,255.0,29.5,Male,2.0,52297.02,7.0,7.0
4484538,8.0,96.0,23.0,Unknown,3.0,90025.77,7.0,7.0
2190677,5.0,66.0,27.0,Unknown,2.0,58500.79000000001,6.0,6.0
1127518,14.0,172.0,68.5,Male,2.0,1000209.62,7.0,7.0
3931867,4.0,56.0,61.0,Unknown,2.0,361284.94,7.0,7.0
9705776,20.0,243.0,52.5,Male,2.0,490161.21,7.0,7.0
1719605,7.0,85.0,57.5,Unknown,3.0,70023.72,4.0,4.0
592202,4.0,57.0,49.0,Female,2.0,78887.51999999999,1.0,3.0
2667447,13.0,166.0,25.0,Male,2.0,57581.59,2.0,3.0
2669304,5.0,69.0,24.5,Unknown,3.0,29692.99,3.0,3.0
3396491,6.0,75.0,29.0,Unknown,2.0,13893.179999999997,1.0,1.0
2746296,17.0,205.0,68.0,Male,2.0,61594.01999999999,4.0,4.0
5946556,7.0,95.0,31.0,Unknown,3.0,45686.5,2.0,2.0
6928778,5.0,70.0,61.5,Female,2.0,243080.17,1.0,1.0
3496952,13.0,160.0,23.5,Female,3.0,26210.61,7.0,7.0
6284096,10.0,131.0,64.5,Male,2.0,208219.37,7.0,7.0
3206984,4.0,58.0,18.5,Unknown,2.0,42504.24,7.0,7.0
9848509,16.0,192.0,50.5,Female,2.0,34223.44,4.0,4.0
586047,14.0,173.0,55.0,Female,3.0,280190.78,7.0,7.0
2759931,15.0,190.0,45.0,Female,2.0,114283.9,4.0,4.0
5006105,6.0,77.0,53.0,Male,3.0,494297.19,1.0,3.0
4211787,4.0,57.0,36.5,Unknown,2.0,16898.559999999998,2.0,2.0
1987294,7.0,88.0,63.5,Unknown,2.0,42291.14,2.0,2.0
9975492,14.0,178.0,42.5,Male,2.0,31157.1,1.0,1.0
64420,5.0,66.0,14.5,Unknown,2.0,18408.77,3.0,3.0
6175950,14.0,173.0,60.5,Male,2.0,1512564.67,7.0,7.0
9903080,12.0,152.0,38.0,Female,2.0,28418.009999999995,7.0,7.0
8737431,6.0,72.0,50.0,Unknown,2.0,21055.56,4.0,4.0
8711762,14.0,169.0,32.5,Male,2.0,90626.23,1.0,1.0
3605038,7.0,90.0,25.0,Unknown,2.0,31143.63,6.0,6.0
838365,13.0,161.0,49.0,Male,2.0,89989.49,5.0,5.0
1069720,4.0,59.0,19.5,Unknown,2.0,33972.02,6.0,6.0
5975327,6.0,77.0,45.0,Unknown,2.0,18317.32,2.0,2.0
6470351,5.0,69.0,34.5,Unknown,2.0,27285.03,3.0,3.0
6671106,6.0,82.0,25.0,Unknown,2.0,41404.49,1.0,1.0
7242113,27.0,325.0,56.5,Female,2.0,496366.3,1.0,1.0
1069126,9.0,111.0,53.0,Male,2.0,24384.61,7.0,7.0
8886043,32.0,394.0,64.5,Male,3.0,797254.88,7.0,7.0
8377327,5.0,70.0,55.5,Unknown,2.0,60858.64,4.0,4.0
1204899,25.0,311.0,68.5,Female,2.0,39087.98,2.0,2.0
8309503,26.0,318.0,20.5,Female,2.0,18343.43,1.0,1.0
9346013,9.0,113.0,26.0,Male,2.0,73961.68,7.0,7.0
1996956,12.0,154.0,53.5,Female,2.0,18028.5,4.0,4.0
8211593,24.0,289.0,21.0,Male,2.0,321988.67,5.0,5.0
1810593,24.0,288.0,48.5,Female,2.0,183872.99,1.0,1.0
4573657,23.0,277.0,43.5,Female,3.0,19846.29,1.0,1.0
2910199,21.0,263.0,64.0,Female,2.0,162853.21999999997,7.0,7.0
6176024,23.0,283.0,68.5,Female,2.0,122083.96,3.0,3.0
3354075,24.0,297.0,59.5,Female,2.0,52260.08,4.0,4.0
3224721,26.0,313.0,19.0,Male,3.0,57774.66,2.0,2.0
437767,16.0,195.0,69.0,Male,2.0,1464489.96,4.0,5.0
6777694,6.0,80.0,18.5,Unknown,2.0,29109.22,5.0,5.0
1253153,15.0,181.0,55.0,Female,2.0,49532.52,6.0,6.0
5649422,6.0,78.0,24.0,Unknown,2.0,54639.57,6.0,6.0
355255,6.0,80.0,20.5,Unknown,3.0,30622.71,6.0,6.0
4695279,12.0,155.0,52.0,Male,2.0,68016.4,2.0,2.0
3364534,8.0,107.0,59.0,Male,2.0,40392.36,5.0,5.0
133536,12.0,145.0,29.0,Unknown,2.0,37029.92999999999,7.0,7.0
4182118,13.0,159.0,54.0,Male,3.0,317815.86,4.0,4.0
5549428,5.0,66.0,21.5,Unknown,3.0,25541.13,7.0,7.0
8378954,8.0,97.0,50.5,Male,2.0,569719.8400000001,4.0,4.0
4561365,12.0,152.0,26.5,Male,2.0,18006.579999999998,6.0,6.0
3130124,6.0,82.0,45.5,Unknown,2.0,27524.39,1.0,1.0
9190704,15.0,189.0,53.0,Male,2.0,272757.96,7.0,7.0
2860814,9.0,119.0,34.0,Male,2.0,40931.23,1.0,1.0
2580669,8.0,106.0,47.5,Male,2.0,26901.7,7.0,7.0
4366417,21.0,262.0,37.5,Male,3.0,96891.86,7.0,7.0
3977247,21.0,253.0,43.5,Male,2.0,25158.86,5.0,5.0
8116580,22.0,264.0,44.5,Male,4.0,1052730.95,6.0,6.0
1602840,19.0,238.0,33.0,Female,2.0,178289.07,3.0,3.0
2409918,4.0,57.0,35.5,Unknown,2.0,48441.15,5.0,5.0
7335764,27.0,325.0,23.0,Male,2.0,17791.12,4.0,4.0
2762513,26.0,316.0,66.5,Male,4.0,816876.65,3.0,3.0
4869565,9.0,112.0,32.5,Male,3.0,33650.49,2.0,2.0
9398030,16.0,192.0,51.0,Male,2.0,99894.78,7.0,7.0
2917344,5.0,60.0,25.5,Unknown,3.0,79468.11,3.0,3.0
1912353,4.0,56.0,56.5,Unknown,3.0,42918.72,3.0,3.0
3834087,3.0,47.0,46.5,Female,2.0,34111.11,1.0,1.0
9170350,4.0,58.0,26.0,Unknown,2.0,20693.8,2.0,2.0
8679430,6.0,76.0,23.5,Unknown,2.0,45880.49,5.0,5.0
6283464,16.0,192.0,47.0,Male,2.0,42719.66,3.0,3.0
8669400,16.0,194.0,47.0,Female,2.0,63960.23,3.0,3.0
1316519,14.0,173.0,30.5,Female,2.0,17537.629999999997,3.0,3.0
6066482,6.0,72.0,63.5,Unknown,2.0,28797.07,4.0,4.0
7380777,5.0,68.0,32.5,Unknown,2.0,25382.88,7.0,7.0
8355739,16.0,199.0,52.0,Female,2.0,13857.829999999998,6.0,6.0
2356565,9.0,109.0,23.0,Male,2.0,56431.630000000005,7.0,7.0
6272965,13.0,166.0,46.0,Male,2.0,24940.18,2.0,2.0
1392430,24.0,298.0,62.5,Male,3.0,605658.9,5.0,5.0
8222244,21.0,256.0,28.0,Female,5.0,161546.57,1.0,1.0
6737232,19.0,231.0,63.5,Female,2.0,126388.25,7.0,7.0
1517245,28.0,343.0,62.5,Male,2.0,1003170.71,4.0,4.0
8421877,15.0,190.0,54.5,Male,2.0,40235.36,2.0,2.0
5114206,13.0,160.0,29.0,Female,2.0,28102.2,2.0,2.0
7909815,5.0,70.0,29.0,Unknown,3.0,50248.82,7.0,7.0
9811617,6.0,76.0,32.0,Unknown,2.0,21585.94,1.0,1.0
9839005,7.0,94.0,23.0,Unknown,2.0,69398.59,6.0,6.0
8017628,13.0,167.0,38.5,Male,2.0,87567.79,6.0,6.0
850148,6.0,73.0,44.5,Male,2.0,177159.81,1.0,1.0
4887570,12.0,155.0,18.5,Unknown,2.0,115151.0,3.0,3.0
3741092,4.0,59.0,66.5,Male,2.0,29726.63,7.0,7.0
5355302,14.0,179.0,34.0,Female,2.0,71569.67,1.0,1.0
5338108,12.0,149.0,49.0,Female,2.0,56397.22,3.0,3.0
9217841,15.0,190.0,72.5,Male,2.0,30616.72,5.0,5.0
1807303,6.0,81.0,32.0,Unknown,2.0,17988.129999999997,7.0,7.0
5866547,13.0,167.0,45.5,Female,2.0,38768.87,1.0,1.0
157617,15.0,180.0,46.0,Female,2.0,15374.809999999998,1.0,1.0
9874291,18.0,219.0,43.5,Female,2.0,32271.36,4.0,4.0
1226975,18.0,224.0,76.5,Unknown,2.0,112153.77,6.0,6.0
2386655,18.0,227.0,47.0,Male,2.0,362463.33,2.0,2.0
3949983,14.0,170.0,80.0,Male,2.0,252231.08,6.0,6.0
9387992,6.0,72.0,21.5,Unknown,2.0,36036.89,7.0,7.0
6559638,8.0,98.0,62.5,Male,2.0,30073.22,2.0,2.0
8109889,21.0,253.0,55.0,Female,2.0,26136.05,1.0,1.0
9245717,12.0,148.0,29.0,Female,2.0,20381.92,3.0,3.0
8937250,10.0,121.0,30.0,Male,2.0,84948.88,7.0,7.0
8402833,30.0,368.0,61.0,Male,3.0,495199.17,7.0,7.0
2423597,8.0,97.0,44.0,Female,2.0,86137.09999999999,7.0,7.0
8964191,10.0,125.0,49.0,Female,2.0,80069.99,3.0,3.0
4024649,14.0,177.0,35.5,Female,2.0,48301.97,3.0,3.0
8182766,5.0,70.0,43.5,Unknown,2.0,130506.46,6.0,6.0
3972928,13.0,156.0,27.5,Male,2.0,20929.05,1.0,1.0
6310002,4.0,58.0,17.5,Unknown,3.0,92808.64,7.0,7.0
9819856,15.0,180.0,52.0,Male,3.0,22806.56,1.0,1.0
3903228,9.0,119.0,58.0,Female,2.0,44028.51,5.0,5.0
218517,8.0,107.0,60.5,Female,2.0,77554.76999999999,3.0,3.0
3500339,5.0,66.0,27.5,Unknown,2.0,42128.56,7.0,7.0
7476614,15.0,181.0,59.5,Male,2.0,401948.09,5.0,5.0
3836455,7.0,86.0,35.5,Unknown,2.0,19338.7,2.0,2.0
3130904,12.0,155.0,70.0,Female,2.0,145349.63,6.0,6.0
3988867,8.0,99.0,56.5,Unknown,2.0,27718.82,5.0,5.0
7815196,5.0,62.0,47.5,Unknown,3.0,74606.01999999999,1.0,1.0
5309040,4.0,56.0,35.5,Female,2.0,180967.25,1.0,1.0
1469874,24.0,292.0,18.5,Female,3.0,69240.93,7.0,7.0
171300,23.0,287.0,64.5,Female,2.0,96683.55,4.0,4.0
8111387,23.0,280.0,53.0,Unknown,2.0,176959.68,7.0,7.0
5622811,22.0,273.0,58.0,Female,3.0,189417.43,3.0,3.0
9505307,20.0,243.0,43.0,Male,3.0,166532.18,4.0,4.0
2830463,19.0,236.0,51.0,Male,2.0,47547.09,2.0,2.0
1386032,6.0,73.0,19.5,Unknown,2.0,44999.62,6.0,6.0
1769763,13.0,156.0,27.0,Female,2.0,26524.07,2.0,2.0
7939919,8.0,106.0,27.5,Female,2.0,25236.0,7.0,7.0
862355,5.0,71.0,36.5,Male,2.0,36115.3,1.0,1.0
3054309,10.0,130.0,57.0,Male,2.0,102470.45,4.0,4.0
8554021,6.0,76.0,18.0,Unknown,2.0,27737.61,1.0,1.0
446046,5.0,63.0,39.5,Unknown,3.0,134369.84,7.0,7.0
4370244,9.0,109.0,23.5,Male,3.0,150640.8,5.0,5.0
4556150,5.0,67.0,45.0,Female,2.0,14762.679999999997,1.0,1.0
8518655,7.0,90.0,55.0,Male,2.0,18494.64,3.0,3.0
735774,5.0,71.0,54.5,Unknown,3.0,148759.0,3.0,3.0
7508657,14.0,174.0,54.5,Female,2.0,14169.179999999997,1.0,1.0
2802647,18.0,218.0,61.0,Male,4.0,1456616.8299999998,6.0,6.0
8622020,11.0,132.0,49.5,Male,2.0,59265.79000000001,3.0,4.0
5380101,13.0,156.0,68.5,Male,2.0,19479.9,7.0,7.0
6791966,11.0,141.0,61.0,Male,2.0,88211.52,2.0,2.0
1405430,25.0,308.0,57.5,Female,3.0,263159.02,3.0,3.0
1202201,5.0,60.0,54.5,Unknown,2.0,238552.03,3.0,3.0
6084199,15.0,183.0,45.0,Male,2.0,14316.89,7.0,7.0
3257498,8.0,99.0,27.5,Unknown,2.0,19187.1,7.0,7.0
3727419,6.0,76.0,24.0,Unknown,2.0,21569.2,1.0,1.0
6143601,6.0,83.0,55.0,Unknown,2.0,54800.75,4.0,4.0
5991886,20.0,244.0,50.5,Female,4.0,264953.85,5.0,5.0
890469,19.0,235.0,43.5,Male,2.0,58655.9,1.0,1.0
865359,16.0,199.0,30.5,Female,3.0,35722.149999999994,1.0,1.0
3509028,5.0,70.0,25.0,Unknown,2.0,26416.32,7.0,7.0
667800,4.0,59.0,35.0,Male,4.0,414285.44,5.0,5.0
5316872,18.0,219.0,40.5,Male,2.0,63070.01999999999,5.0,5.0
7301441,16.0,197.0,39.0,Male,3.0,159745.81,2.0,2.0
1065199,4.0,59.0,64.5,Unknown,2.0,60855.92,7.0,7.0
8255672,9.0,115.0,47.5,Female,3.0,63809.58,5.0,5.0
8231495,7.0,94.0,47.5,Unknown,2.0,21192.11,2.0,2.0
3532678,12.0,147.0,33.0,Male,2.0,75481.81,7.0,7.0
6470748,10.0,121.0,54.0,Female,2.0,32921.369999999995,3.0,3.0
8736861,4.0,58.0,24.5,Male,2.0,30537.869999999995,5.0,5.0
6184480,6.0,76.0,46.5,Male,2.0,104953.5,1.0,2.0
7033076,9.0,109.0,36.0,Female,2.0,193753.77,5.0,5.0
6918782,15.0,184.0,36.5,Male,2.0,185457.7,6.0,6.0
4568794,4.0,59.0,22.0,Unknown,2.0,32827.869999999995,2.0,3.0
1238542,6.0,82.0,21.0,Unknown,2.0,19105.77,3.0,3.0
3555498,12.0,148.0,27.0,Male,2.0,16975.489999999998,1.0,1.0
2245796,6.0,72.0,39.5,Unknown,2.0,35282.08,1.0,1.0
8906473,14.0,171.0,76.0,Female,2.0,175073.62,7.0,7.0
7640149,9.0,119.0,42.5,Male,2.0,33010.42999999999,1.0,1.0
7559198,5.0,68.0,60.5,Female,2.0,30514.59,2.0,3.0
2595991,13.0,165.0,50.0,Male,2.0,27051.52,2.0,2.0
2543593,24.0,288.0,42.5,Female,4.0,117164.38,7.0,7.0
2969899,21.0,252.0,28.5,Female,2.0,21627.33,2.0,2.0
5081208,19.0,230.0,47.5,Male,2.0,1152161.99,7.0,7.0
4349787,26.0,319.0,57.0,Female,2.0,31694.95,1.0,1.0
2188067,16.0,197.0,64.5,Female,2.0,475579.38,3.0,4.0
2776318,11.0,137.0,52.5,Male,2.0,37745.08,1.0,3.0
9192968,8.0,101.0,64.0,Unknown,2.0,170062.78999999998,1.0,1.0
748321,5.0,68.0,62.5,Unknown,4.0,468668.15,7.0,7.0
1003265,13.0,159.0,48.0,Unknown,2.0,21601.07,1.0,1.0
1781072,7.0,90.0,23.0,Unknown,2.0,26686.91,7.0,7.0
4608303,11.0,132.0,42.5,Male,2.0,31935.74,1.0,1.0
4368974,8.0,104.0,26.5,Female,2.0,49817.46,5.0,5.0
1488283,16.0,195.0,39.0,Male,2.0,334466.65,7.0,7.0
3853958,14.0,174.0,60.5,Male,2.0,912135.13,2.0,2.0
4471913,6.0,77.0,48.0,Unknown,2.0,42481.56,6.0,6.0
5352232,6.0,79.0,60.0,Unknown,2.0,14146.039999999995,5.0,5.0
1493740,13.0,164.0,44.5,Male,2.0,144951.71999999997,7.0,7.0
7545470,16.0,202.0,50.5,Female,2.0,45962.24,4.0,4.0
2594186,19.0,236.0,31.5,Female,2.0,163022.66999999998,5.0,5.0
8097608,7.0,95.0,40.5,Unknown,2.0,31739.14,2.0,2.0
333642,17.0,205.0,29.5,Male,2.0,173948.01,3.0,3.0
3062662,9.0,118.0,42.0,Unknown,2.0,17622.879999999997,3.0,3.0
5481127,9.0,108.0,25.0,Male,3.0,176830.36,3.0,3.0
1842497,4.0,57.0,46.5,Male,2.0,136636.25,1.0,1.0
600816,7.0,95.0,53.5,Unknown,2.0,32630.95,4.0,4.0
1613934,15.0,188.0,25.0,Male,2.0,34622.97,1.0,1.0
3303360,10.0,121.0,49.0,Female,2.0,25076.31,1.0,1.0
2742696,9.0,108.0,62.5,Female,2.0,30912.81,2.0,2.0
6083311,5.0,69.0,58.5,Unknown,2.0,265211.13,6.0,6.0
7624602,10.0,124.0,25.0,Male,2.0,19914.11,1.0,1.0
3809756,6.0,79.0,47.0,Unknown,2.0,23567.74,5.0,5.0
3299160,16.0,194.0,55.5,Unknown,2.0,137470.15,1.0,1.0
1661772,7.0,87.0,27.0,Female,3.0,65812.35,7.0,7.0
7441013,14.0,171.0,50.0,Male,2.0,55519.27,4.0,4.0
2111589,6.0,75.0,47.0,Female,2.0,66289.25,1.0,1.0
3840781,6.0,82.0,57.0,Unknown,3.0,151705.15999999997,3.0,3.0
1175070,14.0,178.0,53.5,Male,2.0,37506.03999999999,1.0,1.0
1114751,15.0,182.0,57.0,Unknown,2.0,25414.73,4.0,4.0
9453951,6.0,80.0,46.5,Unknown,2.0,61408.73,2.0,2.0
8620811,14.0,178.0,60.5,Female,2.0,50588.47,2.0,2.0
6905861,5.0,70.0,46.5,Unknown,2.0,21610.4,5.0,5.0
3782907,25.0,305.0,26.0,Female,3.0,117858.49,7.0,7.0
2671272,6.0,77.0,26.0,Unknown,2.0,39193.76,7.0,7.0
8389527,16.0,197.0,51.0,Male,3.0,302208.65,7.0,7.0
9820311,15.0,189.0,58.5,Female,2.0,61301.72,1.0,1.0
4340004,14.0,176.0,42.5,Male,2.0,114100.3,7.0,7.0
880231,5.0,67.0,57.5,Unknown,2.0,37010.02,2.0,2.0
9887623,16.0,198.0,51.0,Male,3.0,278868.12,7.0,7.0
3493043,12.0,154.0,54.5,Female,2.0,43544.39,7.0,7.0
4157865,8.0,98.0,63.0,Unknown,2.0,254259.11,1.0,1.0
8325586,13.0,166.0,31.5,Female,2.0,42291.34,2.0,2.0
8408654,9.0,119.0,50.0,Male,2.0,85973.31,6.0,6.0
8663513,16.0,194.0,54.0,Female,3.0,607461.68,4.0,4.0
9341409,7.0,95.0,75.0,Unknown,2.0,19079.21,6.0,6.0
5727183,12.0,145.0,35.5,Male,2.0,15054.399999999998,3.0,3.0
2400295,6.0,75.0,58.5,Unknown,2.0,145342.08000000002,2.0,3.0
1568471,7.0,88.0,32.0,Unknown,3.0,19028.16,7.0,7.0
2159237,12.0,152.0,30.0,Male,2.0,43561.67999999999,4.0,4.0
6745860,30.0,368.0,50.5,Unknown,2.0,213862.46,2.0,2.0
5762277,7.0,86.0,20.5,Unknown,3.0,46731.18,7.0,7.0
700775,4.0,58.0,27.5,Unknown,2.0,22305.8,5.0,5.0
8479643,7.0,88.0,39.5,Unknown,2.0,198936.94,4.0,4.0
8792299,27.0,327.0,55.5,Male,2.0,1468124.42,2.0,2.0
5937475,20.0,250.0,45.5,Female,2.0,152884.71999999997,1.0,1.0
3762880,18.0,226.0,50.5,Male,2.0,23046.21,7.0,7.0
9220867,15.0,190.0,45.0,Male,2.0,179113.46000000002,1.0,1.0
769358,4.0,58.0,35.0,Unknown,2.0,55514.93,6.0,6.0
4562940,14.0,174.0,39.0,Male,2.0,42995.07,3.0,3.0
177788,6.0,72.0,58.5,Unknown,2.0,321913.76,2.0,2.0
1484641,6.0,82.0,69.0,Unknown,2.0,19202.99,4.0,4.0
7018137,5.0,68.0,33.5,Unknown,2.0,21192.44,1.0,1.0
6877173,17.0,206.0,31.0,Male,2.0,63252.20999999999,3.0,3.0
2032312,11.0,138.0,40.0,Female,2.0,168132.53999999998,6.0,6.0
7117503,5.0,70.0,38.5,Unknown,2.0,40897.47,4.0,4.0
56408,8.0,103.0,23.5,Male,2.0,17963.579999999998,3.0,3.0
1974134,10.0,131.0,68.5,Male,2.0,175998.83000000002,5.0,5.0
2264488,8.0,105.0,27.5,Male,2.0,101702.09,7.0,7.0
6400953,16.0,192.0,49.5,Female,3.0,69194.59,5.0,5.0
3475303,7.0,85.0,31.0,Unknown,3.0,66546.48,7.0,7.0
6723075,34.0,412.0,55.0,Male,4.0,198652.29,6.0,6.0
8373571,6.0,81.0,19.0,Unknown,2.0,20005.11,2.0,2.0
3295820,12.0,149.0,49.0,Female,2.0,56798.61,4.0,4.0
6517028,14.0,179.0,57.0,Male,2.0,79189.79000000001,4.0,4.0
3145396,21.0,252.0,49.5,Male,4.0,666184.37,4.0,4.0
5368232,20.0,241.0,36.5,Male,4.0,565734.91,7.0,7.0
6055254,19.0,228.0,63.0,Female,4.0,179521.88,4.0,4.0
3392524,6.0,72.0,66.0,Unknown,2.0,65269.31,3.0,3.0
1463776,13.0,167.0,62.0,Female,2.0,61945.47,1.0,2.0
6758856,4.0,59.0,27.0,Unknown,2.0,16843.469999999998,1.0,1.0
1285453,6.0,73.0,49.5,Unknown,2.0,57098.64,3.0,3.0
6091556,8.0,102.0,46.0,Unknown,3.0,32794.44,2.0,2.0
4445847,6.0,78.0,54.5,Male,3.0,200188.37,7.0,7.0
1079784,4.0,59.0,25.5,Unknown,2.0,22516.75,1.0,1.0
3701731,5.0,69.0,61.5,Male,2.0,141126.7,5.0,5.0
5228462,5.0,70.0,28.0,Unknown,2.0,52439.59,1.0,1.0
4397474,7.0,90.0,24.0,Unknown,2.0,26583.43,1.0,1.0
612844,7.0,93.0,62.5,Unknown,2.0,82410.38,7.0,7.0
2586913,13.0,161.0,58.0,Female,2.0,22105.45,1.0,1.0
6102433,14.0,169.0,53.0,Male,3.0,43809.16,6.0,7.0
6415043,15.0,189.0,54.0,Female,2.0,89339.79,7.0,7.0
639197,11.0,132.0,30.0,Unknown,2.0,140910.45,5.0,5.0
9689130,25.0,311.0,49.0,Male,4.0,2463829.54,7.0,7.0
7209307,12.0,148.0,35.0,Female,3.0,110177.48,4.0,5.0
2108591,24.0,294.0,47.0,Female,3.0,108153.04,3.0,3.0
2020148,21.0,263.0,50.5,Female,2.0,16383.909999999996,1.0,2.0
5401749,16.0,201.0,59.0,Female,2.0,22455.56,3.0,3.0
8058081,4.0,59.0,24.5,Unknown,2.0,20190.16,6.0,6.0
9307473,4.0,56.0,45.0,Unknown,2.0,19724.68,6.0,6.0
2464194,7.0,94.0,59.0,Unknown,2.0,43346.05,2.0,2.0
1160732,20.0,250.0,38.0,Male,2.0,101184.43,7.0,7.0
7212514,8.0,107.0,23.5,Female,2.0,26383.66,1.0,1.0
6880763,5.0,69.0,40.5,Unknown,2.0,35920.77,3.0,3.0
4151006,12.0,147.0,29.0,Male,3.0,299126.61,3.0,3.0
4952794,6.0,83.0,59.0,Unknown,2.0,42005.17,6.0,6.0
623089,12.0,153.0,71.0,Female,2.0,60288.62,4.0,4.0
2827814,15.0,190.0,44.0,Female,2.0,21406.86,3.0,3.0
7146313,10.0,127.0,21.0,Male,2.0,19514.16,4.0,4.0
5316529,8.0,106.0,54.0,Male,2.0,38636.39,1.0,1.0
7850704,23.0,277.0,46.5,Female,2.0,47518.35,3.0,3.0
4036854,23.0,285.0,70.0,Female,2.0,100810.2,6.0,6.0
2552958,13.0,156.0,29.5,Male,3.0,100798.71,4.0,4.0
1877202,12.0,148.0,27.5,Male,3.0,121271.97999999998,7.0,7.0
3291554,5.0,64.0,27.0,Unknown,2.0,28413.08,7.0,7.0
5752561,23.0,281.0,18.5,Female,2.0,24124.66,5.0,5.0
5829333,21.0,261.0,60.0,Female,2.0,17707.339999999997,4.0,4.0
5651125,21.0,254.0,67.5,Male,5.0,543794.93,5.0,5.0
2723635,20.0,248.0,29.5,Female,2.0,22674.58,2.0,2.0
2505221,21.0,262.0,63.0,Unknown,2.0,90521.98,3.0,3.0
4774374,18.0,225.0,68.0,Male,2.0,214772.81,5.0,5.0
2608536,17.0,211.0,53.5,Male,4.0,672829.7100000001,7.0,7.0
6639466,15.0,190.0,41.0,Male,2.0,82730.33,7.0,7.0
5831376,6.0,77.0,22.5,Unknown,3.0,67643.15,7.0,7.0
6796657,13.0,158.0,44.5,Female,2.0,33250.39,4.0,4.0
8597907,7.0,84.0,51.0,Unknown,2.0,23044.72,3.0,3.0
970594,6.0,78.0,26.0,Unknown,2.0,42974.63,4.0,4.0
1368930,3.0,45.0,54.5,Male,2.0,221523.54,7.0,7.0
8493054,10.0,120.0,43.5,Female,3.0,81097.92,2.0,2.0
8662396,5.0,66.0,55.5,Unknown,2.0,36853.11,4.0,4.0
7073719,13.0,159.0,31.5,Male,2.0,56734.78,7.0,7.0
2690993,13.0,159.0,33.0,Female,3.0,113621.38,1.0,1.0
4099097,12.0,155.0,34.0,Female,2.0,36464.17999999999,2.0,2.0
3064027,12.0,151.0,30.5,Male,2.0,17876.03,3.0,3.0
8346233,24.0,298.0,68.0,Female,2.0,159963.22999999998,7.0,7.0
7474375,24.0,295.0,55.5,Female,2.0,20710.31,3.0,3.0
295514,13.0,161.0,61.0,Female,2.0,46333.33,3.0,3.0
1746732,6.0,73.0,59.5,Unknown,2.0,274668.78,6.0,6.0
7881992,11.0,134.0,32.0,Female,2.0,23206.16,1.0,1.0
3686422,26.0,322.0,27.5,Male,2.0,18237.57,2.0,2.0
7500947,8.0,96.0,50.5,Male,3.0,20384.66,3.0,3.0
6926870,27.0,335.0,76.0,Female,2.0,146891.5,3.0,5.0
9173203,4.0,58.0,35.5,Unknown,2.0,34228.17999999999,7.0,7.0
5191893,13.0,161.0,52.5,Female,2.0,165500.77000000002,3.0,3.0
9713157,13.0,156.0,40.0,Male,2.0,62641.7,2.0,2.0
9356939,6.0,73.0,36.0,Female,2.0,88542.13,1.0,1.0
6187935,5.0,68.0,33.5,Unknown,2.0,16946.94,7.0,7.0
6895796,16.0,193.0,55.5,Male,3.0,223533.81,7.0,7.0
615840,6.0,72.0,26.5,Unknown,2.0,30926.53,4.0,4.0
9225474,7.0,85.0,32.0,Unknown,2.0,50237.16,7.0,7.0
3825494,11.0,142.0,33.5,Male,2.0,49243.89,4.0,4.0
9495327,6.0,77.0,51.5,Unknown,2.0,638665.5900000001,5.0,5.0
1635604,5.0,70.0,58.0,Unknown,2.0,21608.79,3.0,3.0
2002046,4.0,59.0,58.0,Unknown,2.0,107110.08,3.0,3.0
1110069,11.0,142.0,50.0,Male,2.0,63339.880000000005,2.0,2.0
9033408,16.0,192.0,51.0,Female,2.0,120883.31,3.0,3.0
7440318,15.0,189.0,50.5,Female,2.0,83433.09999999999,1.0,1.0
6672624,10.0,120.0,63.5,Female,2.0,80230.58,2.0,2.0
240677,5.0,70.0,18.5,Unknown,2.0,26855.03,2.0,2.0
5086513,15.0,189.0,43.0,Male,3.0,262638.24,7.0,7.0
3643086,6.0,74.0,67.0,Unknown,2.0,75410.85,7.0,7.0
1849221,6.0,77.0,24.0,Male,4.0,139441.76,4.0,4.0
4208941,16.0,192.0,33.0,Female,2.0,18787.72,1.0,1.0
3299585,14.0,174.0,71.5,Female,3.0,490447.41,5.0,5.0
1365690,16.0,194.0,43.0,Female,2.0,24184.369999999995,1.0,1.0
6532426,16.0,192.0,58.5,Male,2.0,23260.79,3.0,3.0
8352385,22.0,271.0,31.5,Female,4.0,115151.33,3.0,3.0
9501001,20.0,241.0,63.5,Male,3.0,202208.79,7.0,7.0
7472610,19.0,239.0,67.5,Male,2.0,136269.7,2.0,2.0
7036777,12.0,147.0,47.0,Male,2.0,302352.8,6.0,6.0
4125958,5.0,60.0,28.5,Unknown,2.0,36023.06,4.0,4.0
3365148,10.0,131.0,62.5,Female,2.0,45994.03,7.0,7.0
8267878,6.0,81.0,21.0,Unknown,3.0,106465.57,7.0,7.0
5929315,13.0,167.0,65.0,Male,3.0,362032.0,2.0,2.0
7727202,16.0,193.0,61.0,Female,2.0,138818.57,3.0,3.0
5417612,4.0,59.0,13.5,Unknown,2.0,24435.08,7.0,7.0
4357961,12.0,152.0,45.0,Female,3.0,165972.27999999997,4.0,4.0
9965617,6.0,82.0,54.5,Unknown,2.0,24700.65,3.0,3.0
2216310,9.0,118.0,21.5,Female,2.0,29134.45,4.0,4.0
4122250,7.0,85.0,57.5,Unknown,2.0,25580.06,2.0,2.0
3199861,14.0,179.0,34.0,Male,2.0,76877.82,4.0,4.0
2236573,14.0,168.0,31.0,Male,2.0,97113.96,3.0,3.0
8705222,15.0,183.0,36.0,Male,4.0,317372.15,7.0,7.0
3427434,12.0,155.0,67.0,Female,2.0,109689.55,5.0,5.0
7314955,7.0,88.0,40.5,Unknown,2.0,39625.49,3.0,3.0
8817017,5.0,60.0,42.5,Unknown,3.0,60685.66,2.0,2.0
8260557,12.0,151.0,76.5,Female,2.0,778439.92,3.0,3.0
2067162,5.0,68.0,46.5,Unknown,2.0,21754.17,1.0,1.0
554108,14.0,179.0,48.0,Female,2.0,41828.72,3.0,3.0
8743144,5.0,62.0,47.5,Unknown,2.0,41570.55,5.0,5.0
1355239,23.0,284.0,43.5,Male,5.0,858234.74,6.0,6.0
6979450,22.0,271.0,56.0,Female,3.0,180974.13,6.0,6.0
1809875,21.0,260.0,44.0,Female,2.0,86975.09,4.0,4.0
16291,20.0,242.0,41.5,Female,2.0,94617.2,7.0,7.0
6804023,17.0,215.0,47.5,Unknown,3.0,19458.52,4.0,4.0
6011703,7.0,90.0,28.0,Unknown,3.0,56120.07000000001,5.0,5.0
6839960,28.0,343.0,68.0,Female,3.0,732593.64,7.0,7.0
556377,7.0,89.0,56.5,Unknown,4.0,69883.15,7.0,7.0
8461186,6.0,72.0,34.0,Unknown,3.0,64436.54999999999,7.0,7.0
2672305,5.0,70.0,24.0,Unknown,2.0,29513.57,3.0,3.0
1863005,16.0,192.0,52.0,Male,2.0,114217.9,1.0,1.0
2289520,5.0,70.0,53.5,Unknown,2.0,30796.56,1.0,1.0
9232068,11.0,137.0,42.5,Male,4.0,650604.0800000001,5.0,6.0
8789465,13.0,162.0,44.5,Female,2.0,340139.07,4.0,4.0
6827041,4.0,58.0,22.5,Unknown,2.0,34013.58,7.0,7.0
6323009,9.0,118.0,45.5,Female,2.0,44673.58,3.0,3.0
1272739,22.0,264.0,66.5,Unknown,2.0,51663.45,7.0,7.0
3714248,31.0,374.0,56.5,Male,2.0,240776.66,7.0,7.0
5487439,4.0,57.0,18.5,Female,3.0,22164.07,6.0,6.0
560531,10.0,130.0,54.0,Female,2.0,20268.15,2.0,2.0
3834413,13.0,158.0,45.0,Unknown,2.0,120919.83,2.0,2.0
944850,6.0,80.0,24.5,Unknown,2.0,104679.61,2.0,2.0
6008725,4.0,59.0,69.5,Unknown,2.0,47970.18,1.0,1.0
5416500,6.0,72.0,21.0,Unknown,2.0,25990.36,7.0,7.0
7427953,12.0,151.0,30.0,Male,2.0,81330.04,5.0,5.0
5313070,8.0,101.0,22.0,Male,2.0,49592.7,6.0,6.0
6886949,16.0,197.0,34.0,Male,2.0,15715.149999999998,3.0,3.0
2506731,16.0,203.0,46.5,Female,2.0,87255.61,1.0,1.0
4916356,11.0,142.0,36.5,Male,2.0,22806.3,7.0,7.0
9690065,5.0,68.0,29.0,Unknown,2.0,41540.17999999999,2.0,2.0
6312777,21.0,262.0,52.0,Male,2.0,282481.35,1.0,1.0
6680664,33.0,400.0,54.5,Female,2.0,327940.61,1.0,1.0
1863012,21.0,255.0,90.5,Male,2.0,58558.98999999999,3.0,3.0
2548888,19.0,231.0,52.5,Female,3.0,178292.93,7.0,7.0
5613005,18.0,226.0,47.0,Female,2.0,19775.93,2.0,2.0
4187286,6.0,80.0,60.0,Unknown,2.0,56274.04999999999,1.0,3.0
556939,15.0,190.0,31.0,Female,2.0,53767.9,7.0,7.0
5892234,12.0,147.0,35.5,Male,4.0,37946.6,1.0,2.0
1986655,9.0,119.0,40.5,Female,3.0,303675.47,4.0,4.0
8967791,6.0,80.0,60.0,Unknown,2.0,14273.66,2.0,2.0
6867577,7.0,85.0,61.0,Male,2.0,332191.36,5.0,5.0
9415731,12.0,154.0,49.5,Female,2.0,387103.54,1.0,1.0
5205951,7.0,95.0,18.0,Unknown,2.0,17911.28,2.0,2.0
5668500,9.0,118.0,35.5,Male,2.0,69115.34,7.0,7.0
8333251,11.0,136.0,49.5,Male,2.0,46777.22,2.0,2.0
4270267,32.0,390.0,31.5,Male,2.0,228691.16,7.0,7.0
4054823,6.0,77.0,42.5,Unknown,2.0,16844.14,2.0,2.0
5591447,6.0,80.0,81.5,Unknown,2.0,14617.259999999998,7.0,7.0
4733504,8.0,107.0,50.0,Male,2.0,100745.92,6.0,6.0
9005023,11.0,142.0,54.5,Female,2.0,108915.37,5.0,5.0
8770938,5.0,71.0,56.5,Unknown,2.0,78886.19,1.0,1.0
1367745,22.0,270.0,50.0,Female,2.0,55831.01999999999,1.0,1.0
4380711,29.0,354.0,67.0,Male,2.0,744125.1900000001,7.0,7.0
1380518,11.0,142.0,51.0,Female,2.0,69710.2,6.0,6.0
9624402,15.0,191.0,61.0,Male,2.0,24553.84,3.0,3.0
9277235,12.0,152.0,32.5,Male,2.0,14705.469999999998,1.0,1.0
1967703,7.0,84.0,51.5,Unknown,2.0,22277.16,3.0,4.0
7241868,28.0,338.0,66.0,Female,3.0,170349.77000000002,7.0,7.0
3254425,19.0,228.0,60.0,Male,2.0,108321.49,7.0,7.0
8608072,15.0,190.0,65.0,Male,2.0,23928.64,2.0,3.0
7171599,10.0,125.0,64.5,Male,2.0,96870.28,4.0,4.0
1847030,9.0,108.0,73.0,Female,2.0,59586.81,1.0,1.0
180807,11.0,135.0,38.0,Female,2.0,136756.56,1.0,2.0
4408202,11.0,136.0,23.5,Male,4.0,506990.24,7.0,7.0
2355348,14.0,170.0,66.0,Female,2.0,101937.31,5.0,5.0
3558998,5.0,62.0,33.5,Unknown,2.0,17646.43,1.0,1.0
3410838,6.0,80.0,25.0,Male,2.0,30079.29,1.0,2.0
3168693,12.0,149.0,62.0,Male,2.0,41178.41,7.0,7.0
2272989,4.0,57.0,47.5,Unknown,2.0,97304.11,4.0,4.0
5888606,11.0,133.0,73.5,Male,2.0,66354.4,5.0,5.0
7967522,7.0,94.0,23.0,Unknown,2.0,15496.429999999997,1.0,1.0
1545827,12.0,148.0,26.5,Male,2.0,34602.99,3.0,3.0
415738,8.0,107.0,45.5,Female,2.0,76269.58,4.0,4.0
243199,6.0,78.0,64.0,Unknown,2.0,107421.0,6.0,6.0
3225452,30.0,371.0,66.5,Male,3.0,1123803.2,1.0,4.0
5633772,24.0,294.0,79.0,Male,2.0,149961.12,7.0,7.0
1828490,23.0,276.0,14.5,Male,2.0,30214.58,3.0,3.0
8736873,23.0,276.0,51.5,Male,3.0,90022.5,4.0,4.0
8438823,18.0,216.0,66.0,Female,2.0,198167.2,2.0,4.0
6240068,6.0,78.0,72.0,Male,2.0,130416.41999999998,6.0,6.0
3304144,5.0,68.0,29.5,Unknown,2.0,15497.419999999998,4.0,4.0
815306,4.0,58.0,30.5,Unknown,2.0,35505.22,2.0,2.0
8921710,13.0,156.0,62.5,Female,2.0,190842.67,2.0,2.0
9679287,4.0,58.0,40.0,Unknown,3.0,33926.66,6.0,6.0
8350626,14.0,179.0,39.5,Female,2.0,31921.53,1.0,1.0
3640804,10.0,130.0,29.0,Female,3.0,76885.31,5.0,5.0
7230690,14.0,169.0,58.0,Female,2.0,47662.9,6.0,6.0
2037308,11.0,143.0,26.5,Male,2.0,24150.91,2.0,2.0
6276676,4.0,56.0,56.5,Male,3.0,1085490.25,3.0,3.0
9276877,7.0,89.0,59.0,Unknown,2.0,316507.23,4.0,4.0
3264602,27.0,328.0,58.0,Female,2.0,47880.73,7.0,7.0
2453695,6.0,81.0,40.0,Unknown,2.0,84998.2,2.0,2.0
4887036,15.0,187.0,37.5,Female,2.0,142656.91,2.0,2.0
4171962,11.0,136.0,52.0,Female,2.0,189941.05,3.0,3.0
8778370,12.0,145.0,62.0,Female,2.0,31940.64,5.0,5.0
9773375,5.0,70.0,27.0,Unknown,3.0,146277.52000000002,5.0,5.0
1866718,12.0,151.0,34.0,Male,2.0,13858.469999999998,1.0,2.0
4340720,4.0,58.0,51.5,Unknown,2.0,19272.88,2.0,2.0
6277113,7.0,94.0,27.5,Unknown,2.0,22235.47,5.0,5.0
373302,23.0,285.0,30.0,Female,2.0,49191.9,5.0,5.0
8777262,20.0,245.0,36.5,Male,3.0,153783.45,7.0,7.0
4507321,5.0,64.0,58.5,Female,2.0,18910.63,2.0,2.0
9736074,6.0,82.0,57.0,Unknown,2.0,21103.37,3.0,3.0
386914,6.0,73.0,37.5,Unknown,2.0,39527.06,1.0,1.0
1540851,4.0,58.0,63.5,Unknown,2.0,42762.51,6.0,6.0
1363125,10.0,120.0,27.5,Male,2.0,30993.48,2.0,2.0
5944891,4.0,56.0,58.5,Unknown,2.0,217983.38,7.0,7.0
879715,32.0,394.0,65.0,Female,4.0,129292.82,3.0,3.0
9509825,6.0,81.0,58.5,Unknown,2.0,36399.24,1.0,4.0
5098993,7.0,94.0,58.5,Unknown,2.0,131092.19,6.0,6.0
7928140,16.0,193.0,40.5,Male,2.0,47957.79,3.0,3.0
998939,5.0,69.0,50.5,Unknown,2.0,108510.57,7.0,7.0
8126325,11.0,142.0,58.5,Male,3.0,135616.37,2.0,2.0
9347178,5.0,71.0,51.0,Unknown,2.0,52472.41,2.0,2.0
2005582,7.0,86.0,19.5,Unknown,2.0,33246.0,6.0,6.0
6611352,7.0,87.0,46.0,Unknown,2.0,66491.73,4.0,4.0
3564156,21.0,263.0,53.0,Male,2.0,1366202.6,7.0,7.0
5455118,20.0,250.0,48.5,Male,4.0,2573847.3,5.0,5.0
3827071,18.0,224.0,21.0,Male,2.0,74585.95,3.0,3.0
8558699,4.0,58.0,26.0,Unknown,3.0,25413.32,5.0,5.0
3385330,16.0,202.0,36.5,Male,2.0,25671.19,2.0,2.0
2819183,7.0,95.0,51.5,Unknown,2.0,95475.29,1.0,1.0
9287035,15.0,182.0,32.0,Female,2.0,30621.07,2.0,2.0
7726503,11.0,136.0,59.5,Female,2.0,37163.73,6.0,6.0
9081205,5.0,69.0,29.0,Unknown,2.0,40605.67,7.0,7.0
5176364,4.0,57.0,29.5,Unknown,2.0,15735.0,2.0,2.0
4795282,11.0,133.0,33.0,Male,2.0,122166.39,2.0,2.0
9255835,8.0,97.0,47.5,Unknown,2.0,49071.45,6.0,6.0
3205594,6.0,82.0,25.0,Unknown,2.0,37720.78999999999,5.0,5.0
9247315,21.0,253.0,61.5,Male,4.0,500638.99,7.0,7.0
3479973,18.0,227.0,33.5,Male,3.0,50311.82,1.0,1.0
9243276,4.0,56.0,54.5,Unknown,2.0,23166.48,3.0,3.0
8302880,16.0,195.0,30.5,Male,2.0,105189.26,7.0,7.0
150541,28.0,336.0,51.0,Male,2.0,38008.7,4.0,4.0
9197012,17.0,205.0,46.0,Female,2.0,15031.129999999996,5.0,5.0
9435861,12.0,155.0,31.5,Male,2.0,103031.84,4.0,4.0
4015999,4.0,53.0,63.0,Unknown,2.0,116023.05,1.0,1.0
8009777,5.0,69.0,22.0,Female,2.0,26411.46,2.0,2.0
2531325,5.0,70.0,47.5,Unknown,2.0,55770.54999999999,6.0,6.0
3652163,4.0,59.0,57.0,Unknown,3.0,58440.23,7.0,7.0
623995,15.0,189.0,52.0,Male,2.0,43769.15,7.0,7.0
883612,15.0,188.0,66.0,Male,2.0,197965.3,1.0,2.0
1762431,12.0,148.0,64.0,Female,3.0,363364.25,5.0,5.0
283681,24.0,298.0,51.0,Female,2.0,611168.64,7.0,7.0
394248,14.0,168.0,40.5,Female,2.0,195046.87,7.0,7.0
6256139,11.0,135.0,24.5,Male,2.0,69484.54999999999,6.0,6.0
5924261,7.0,94.0,25.5,Unknown,3.0,264175.59,7.0,7.0
895245,20.0,243.0,53.0,Female,3.0,45728.23,3.0,3.0
5322395,17.0,212.0,40.0,Male,2.0,269474.68,7.0,7.0
523467,4.0,48.0,52.0,Male,2.0,68020.29000000001,4.0,4.0
8408893,7.0,95.0,29.5,Unknown,2.0,36163.16,7.0,7.0
908666,12.0,148.0,51.5,Female,2.0,18047.92,3.0,3.0
1787178,7.0,86.0,41.5,Unknown,2.0,18979.57,2.0,2.0
9497001,12.0,153.0,51.0,Female,3.0,42813.76,1.0,1.0
3801215,8.0,96.0,20.0,Unknown,2.0,17786.39,7.0,7.0
3406237,8.0,103.0,49.5,Unknown,2.0,22086.58,1.0,1.0
7615846,5.0,65.0,40.5,Unknown,2.0,331401.59,5.0,5.0
5228535,14.0,173.0,33.0,Female,2.0,107830.14,3.0,3.0
940637,12.0,153.0,53.5,Male,2.0,63919.39,3.0,3.0
2545478,14.0,179.0,32.5,Female,2.0,143080.21,2.0,2.0
741808,11.0,143.0,53.5,Female,2.0,68461.11,4.0,4.0
9314284,5.0,70.0,55.5,Unknown,2.0,22626.09,3.0,3.0
8900222,6.0,74.0,51.0,Unknown,2.0,66032.59,7.0,7.0
2125111,14.0,175.0,20.5,Male,3.0,127338.91,7.0,7.0
9377947,4.0,57.0,19.5,Unknown,2.0,37383.84,2.0,2.0
2553247,6.0,75.0,26.0,Unknown,3.0,51344.1,1.0,1.0
8167246,16.0,203.0,45.5,Female,2.0,21764.77,4.0,5.0
9494606,16.0,202.0,55.0,Female,2.0,114471.73,5.0,5.0
8388019,15.0,184.0,31.5,Male,2.0,30305.67,6.0,6.0
4330277,3.0,47.0,28.5,Unknown,2.0,43612.11,3.0,3.0
1805030,7.0,92.0,24.0,Unknown,3.0,86659.86,7.0,7.0
4320445,14.0,169.0,69.5,Female,2.0,121398.88,3.0,3.0
5928706,5.0,71.0,25.0,Unknown,2.0,15176.579999999998,1.0,1.0
8711404,12.0,147.0,27.0,Male,2.0,93313.48,7.0,7.0
8604443,13.0,163.0,62.5,Female,2.0,504007.18,7.0,7.0
7156155,15.0,180.0,47.5,Male,4.0,311166.09,7.0,7.0
8762308,16.0,195.0,53.5,Male,2.0,32365.52,7.0,7.0
6838515,5.0,71.0,23.0,Unknown,2.0,35701.97,2.0,2.0
4751287,7.0,85.0,38.5,Unknown,2.0,19250.15,3.0,3.0
1704450,6.0,75.0,63.5,Unknown,2.0,398163.89,7.0,7.0
2578953,4.0,58.0,40.5,Unknown,2.0,19274.14,7.0,7.0
7377724,14.0,174.0,22.5,Female,3.0,71964.09,7.0,7.0
8121578,17.0,208.0,54.0,Male,3.0,353155.62,5.0,5.0
1380339,19.0,238.0,71.5,Male,2.0,149068.84999999998,2.0,2.0
533735,9.0,109.0,21.5,Female,3.0,33396.22,5.0,5.0
8971378,5.0,70.0,27.0,Unknown,2.0,55607.26999999999,4.0,4.0
5899253,9.0,110.0,53.0,Female,2.0,60309.94,3.0,3.0
9201171,13.0,163.0,58.0,Unknown,2.0,80686.53,6.0,6.0
2079791,4.0,58.0,26.0,Unknown,2.0,33232.75,2.0,2.0
6911362,30.0,361.0,23.0,Female,2.0,51142.87,3.0,3.0
1537456,14.0,171.0,36.5,Male,2.0,54976.61,7.0,7.0
4884392,8.0,104.0,57.0,Female,2.0,33579.74,7.0,7.0
8381538,23.0,287.0,36.0,Unknown,3.0,976717.04,4.0,4.0
8941097,16.0,202.0,50.5,Female,3.0,55633.66,7.0,7.0
589542,8.0,107.0,57.0,Male,2.0,722442.1000000001,2.0,2.0
7204937,17.0,215.0,68.0,Male,2.0,225370.95,5.0,5.0
2577085,7.0,87.0,21.5,Unknown,2.0,15336.559999999998,1.0,1.0
1273576,5.0,70.0,51.0,Unknown,3.0,62523.47,1.0,1.0
7803557,7.0,94.0,25.5,Unknown,2.0,24715.69,2.0,2.0
3991637,13.0,164.0,31.5,Male,3.0,51951.47,7.0,7.0
2084190,10.0,127.0,26.5,Female,3.0,28371.57,3.0,3.0
344073,7.0,93.0,39.0,Unknown,2.0,27359.74,7.0,7.0
6275931,6.0,79.0,31.5,Male,2.0,39153.16,1.0,1.0
8506966,7.0,85.0,28.0,Unknown,2.0,24038.52,5.0,5.0
2695234,28.0,336.0,63.0,Male,2.0,97063.12,3.0,3.0
9055099,16.0,194.0,64.0,Female,2.0,43730.27,2.0,2.0
699213,23.0,286.0,17.0,Male,2.0,29734.42,6.0,6.0
1804668,23.0,283.0,70.0,Male,2.0,175357.63,7.0,7.0
6672629,24.0,299.0,23.0,Unknown,4.0,91746.29,4.0,4.0
2506873,18.0,217.0,32.0,Female,2.0,29923.85,4.0,4.0
2052162,13.0,159.0,69.0,Female,2.0,648834.42,2.0,3.0
3248049,12.0,145.0,61.0,Female,2.0,48089.67,5.0,5.0
8639311,4.0,56.0,26.0,Unknown,2.0,20964.91,7.0,7.0
5051879,4.0,58.0,26.0,Unknown,3.0,32006.67,4.0,4.0
8553932,15.0,182.0,59.5,Male,4.0,302889.36,5.0,5.0
3087898,15.0,190.0,52.5,Male,2.0,46838.97,7.0,7.0
4918040,4.0,58.0,48.0,Male,2.0,254755.1,6.0,6.0
4441687,16.0,196.0,69.0,Female,2.0,29382.09,2.0,2.0
1656386,7.0,85.0,20.5,Unknown,3.0,81440.73,6.0,6.0
5482181,4.0,59.0,21.5,Unknown,3.0,101793.84,7.0,7.0
280923,8.0,101.0,32.0,Unknown,2.0,25912.759999999995,4.0,4.0
8199296,6.0,79.0,56.5,Unknown,3.0,420720.92,5.0,5.0
9962411,19.0,235.0,62.5,Male,3.0,348471.24,5.0,5.0
2167033,13.0,156.0,59.5,Female,2.0,89384.4,7.0,7.0
842423,11.0,132.0,21.5,Male,2.0,30607.82,5.0,5.0
6098284,13.0,164.0,32.5,Female,2.0,31427.77,7.0,7.0
3536515,25.0,310.0,29.5,Male,3.0,141813.83000000002,7.0,7.0
7233364,16.0,199.0,44.0,Female,2.0,61695.54000000001,1.0,1.0
9807052,13.0,167.0,29.5,Male,3.0,71273.58,7.0,7.0
2291739,11.0,140.0,38.5,Unknown,2.0,216157.53,7.0,7.0
8410980,12.0,151.0,43.0,Male,3.0,505674.76,7.0,7.0
4049963,14.0,178.0,66.0,Female,2.0,307035.84,7.0,7.0
5194987,17.0,214.0,42.5,Male,2.0,15313.55,5.0,5.0
9909366,9.0,111.0,32.0,Male,2.0,44038.4,7.0,7.0
4100825,15.0,180.0,32.5,Female,2.0,20034.37,2.0,2.0
6264897,6.0,73.0,51.5,Male,2.0,61323.89,7.0,7.0
4566250,12.0,144.0,29.0,Male,4.0,598573.9,5.0,5.0
8666980,5.0,67.0,25.0,Unknown,2.0,31864.22,4.0,4.0
3410862,10.0,120.0,50.0,Female,2.0,118597.17,2.0,2.0
2057455,8.0,106.0,57.5,Female,2.0,42016.71,2.0,2.0
3049453,7.0,88.0,49.0,Unknown,3.0,534080.02,7.0,7.0
3151729,4.0,58.0,62.5,Female,2.0,68754.0,1.0,1.0
5183016,11.0,141.0,37.5,Male,3.0,256893.02,4.0,4.0
5951060,7.0,84.0,45.5,Unknown,2.0,35120.28999999999,5.0,5.0
3373005,13.0,163.0,27.0,Male,2.0,18719.04,1.0,1.0
5349901,5.0,70.0,20.0,Unknown,3.0,17171.5,1.0,1.0
6376013,8.0,107.0,63.0,Male,2.0,256112.5,7.0,7.0
2226259,9.0,118.0,30.5,Female,2.0,68890.5,2.0,2.0
9696505,20.0,250.0,18.5,Female,2.0,15010.149999999998,2.0,2.0
8067480,17.0,207.0,73.0,Male,2.0,157236.84999999998,3.0,3.0
9951632,8.0,106.0,51.0,Female,2.0,20508.15,2.0,2.0
9071625,7.0,88.0,28.5,Unknown,2.0,22414.26,4.0,4.0
3596936,6.0,76.0,24.0,Male,2.0,38901.39,7.0,7.0
9666154,4.0,58.0,26.0,Unknown,2.0,32444.800000000003,2.0,2.0
4459565,5.0,69.0,60.0,Female,2.0,96150.73,3.0,3.0
9733503,4.0,59.0,55.0,Unknown,2.0,29986.36,2.0,2.0
6330572,16.0,202.0,51.0,Female,2.0,17676.8,3.0,3.0
1481271,4.0,59.0,34.0,Unknown,2.0,20598.84,1.0,1.0
1089502,12.0,147.0,39.0,Female,3.0,29478.95,7.0,7.0
9229977,5.0,60.0,62.5,Male,2.0,62997.17999999999,2.0,3.0
6559315,9.0,117.0,59.0,Female,2.0,67691.26999999999,5.0,5.0
1497467,5.0,67.0,35.0,Male,3.0,753728.3400000001,4.0,4.0
5437215,5.0,66.0,35.5,Male,2.0,191243.31,4.0,4.0
129474,4.0,57.0,18.0,Unknown,2.0,19631.58,7.0,7.0
249352,9.0,113.0,57.0,Male,2.0,406540.78,2.0,3.0
3184614,13.0,163.0,52.0,Male,3.0,410738.17,7.0,7.0
6293964,9.0,117.0,65.5,Female,2.0,39259.59,5.0,5.0
6177517,4.0,58.0,19.0,Unknown,2.0,42191.17,3.0,3.0
1419436,7.0,84.0,69.5,Unknown,3.0,161080.65000000002,7.0,7.0
9983965,8.0,101.0,61.5,Unknown,2.0,18467.32,4.0,4.0
752025,15.0,181.0,39.0,Female,2.0,58901.98,1.0,1.0
6616545,23.0,287.0,77.0,Unknown,3.0,18003.409999999996,2.0,2.0
5769416,21.0,259.0,67.0,Female,3.0,525909.52,4.0,4.0
2485180,9.0,116.0,64.5,Male,3.0,2125021.91,6.0,6.0
9536092,5.0,71.0,26.5,Unknown,4.0,62550.630000000005,6.0,6.0
9079686,14.0,179.0,32.5,Female,2.0,38960.89,3.0,3.0
8111543,8.0,105.0,52.0,Male,2.0,137911.59,7.0,7.0
8367317,7.0,88.0,22.5,Male,4.0,52284.27,7.0,7.0
7417100,11.0,137.0,49.5,Female,2.0,411157.32,5.0,5.0
962501,5.0,70.0,19.5,Unknown,3.0,23214.5,3.0,3.0
5532008,6.0,80.0,25.5,Unknown,2.0,30956.83,7.0,7.0
9943833,6.0,82.0,39.5,Unknown,3.0,88090.9,7.0,7.0
5438737,10.0,128.0,64.5,Male,2.0,13965.87,1.0,2.0
9691811,12.0,155.0,42.0,Female,2.0,20599.18,3.0,3.0
709449,11.0,143.0,31.0,Male,3.0,166652.18,7.0,7.0
5316419,14.0,175.0,30.0,Female,2.0,16190.48,2.0,2.0
6676844,15.0,186.0,57.5,Male,2.0,24306.31,7.0,7.0
1853345,6.0,77.0,54.5,Unknown,3.0,70992.29000000001,5.0,5.0
4805697,14.0,170.0,25.5,Male,2.0,24486.17,7.0,7.0
5840425,11.0,135.0,57.0,Male,2.0,41445.67999999999,7.0,7.0
6385793,17.0,210.0,37.0,Male,4.0,208941.45,2.0,2.0
4780974,12.0,148.0,82.0,Male,2.0,48298.53,7.0,7.0
4528562,10.0,123.0,48.0,Unknown,2.0,29928.39,2.0,2.0
9147180,31.0,374.0,24.0,Female,2.0,57062.45999999999,5.0,5.0
3015830,29.0,358.0,65.0,Female,2.0,77966.32,7.0,7.0
3652912,10.0,121.0,35.5,Female,2.0,16283.89,1.0,2.0
3665619,15.0,191.0,40.5,Female,2.0,61488.45,1.0,1.0
6441149,8.0,97.0,28.5,Unknown,2.0,15686.339999999997,4.0,4.0
2611372,17.0,204.0,63.5,Female,2.0,35983.09,3.0,3.0
9101745,4.0,58.0,22.5,Unknown,3.0,40956.74,7.0,7.0
3171164,8.0,104.0,21.0,Male,2.0,45158.17999999999,7.0,7.0
7775944,8.0,105.0,23.5,Male,2.0,45281.42,7.0,7.0
8135714,7.0,89.0,52.0,Unknown,2.0,55367.02,3.0,3.0
4058574,5.0,66.0,17.0,Unknown,2.0,31265.21,3.0,3.0
1069799,5.0,70.0,48.0,Unknown,3.0,663220.0700000001,4.0,4.0
6849538,7.0,89.0,50.0,Unknown,2.0,54564.85,7.0,7.0
6783463,21.0,256.0,44.0,Male,2.0,69328.88,3.0,3.0
1980540,13.0,167.0,31.0,Female,2.0,76035.36,2.0,2.0
8052300,16.0,193.0,38.0,Male,2.0,76565.73,4.0,4.0
2233246,22.0,272.0,50.5,Unknown,2.0,285708.44,5.0,5.0
2383325,19.0,230.0,62.0,Female,2.0,506462.17,7.0,7.0
3482514,18.0,222.0,24.0,Male,2.0,42671.11,7.0,7.0
8756113,5.0,65.0,29.5,Female,2.0,36694.72,1.0,1.0
3712688,11.0,133.0,31.5,Male,2.0,34992.33,1.0,1.0
2240477,11.0,140.0,27.5,Male,3.0,68519.59,4.0,4.0
2611903,10.0,122.0,26.5,Female,2.0,45011.69,1.0,1.0
9626030,6.0,74.0,29.0,Unknown,2.0,33798.49,1.0,1.0
8330390,6.0,83.0,77.5,Unknown,2.0,85897.11,1.0,1.0
3741852,6.0,80.0,25.5,Unknown,2.0,19441.77,2.0,2.0
3467092,12.0,155.0,47.5,Female,3.0,46212.84,3.0,3.0
9999333,6.0,81.0,65.5,Unknown,2.0,109932.1,7.0,7.0
6530501,4.0,58.0,35.5,Unknown,2.0,28650.869999999995,7.0,7.0
5350714,6.0,82.0,63.5,Male,3.0,962747.55,7.0,7.0
4015283,6.0,73.0,48.0,Female,2.0,139719.71,5.0,5.0
6147307,13.0,156.0,31.5,Female,2.0,108112.23,4.0,4.0
7355920,13.0,164.0,33.0,Female,2.0,53962.89,7.0,7.0
6426604,10.0,129.0,56.0,Male,2.0,30162.99,4.0,4.0
2260765,14.0,174.0,47.5,Male,3.0,122884.75,1.0,1.0
8896891,14.0,174.0,77.5,Female,2.0,64820.47,7.0,7.0
4162195,21.0,263.0,45.5,Male,2.0,147435.41999999998,7.0,7.0
2099034,19.0,229.0,24.5,Male,3.0,511391.26,7.0,7.0
9135105,17.0,208.0,39.0,Female,2.0,50958.03,7.0,7.0
8657314,13.0,160.0,40.0,Female,2.0,134529.44,2.0,2.0
519288,11.0,138.0,36.0,Male,2.0,131196.75,5.0,5.0
6045483,22.0,271.0,72.0,Female,2.0,26746.9,2.0,2.0
1394962,14.0,178.0,56.0,Male,2.0,133194.68,1.0,1.0
6092019,8.0,102.0,34.5,Unknown,2.0,132701.63,3.0,3.0
6329952,6.0,74.0,22.5,Unknown,2.0,41397.21,7.0,7.0
3952259,23.0,283.0,53.5,Male,2.0,547154.8500000001,6.0,6.0
5956489,5.0,70.0,27.5,Unknown,2.0,49152.26,1.0,1.0
3987156,4.0,53.0,53.0,Unknown,2.0,177851.21999999997,7.0,7.0
197859,9.0,112.0,52.5,Female,2.0,128650.26,1.0,1.0
2656587,11.0,138.0,50.0,Male,2.0,350260.24,6.0,6.0
5970314,15.0,191.0,18.0,Female,3.0,18782.48,4.0,4.0
8650568,11.0,135.0,26.0,Male,3.0,81293.54,7.0,7.0
2352946,14.0,169.0,17.0,Male,2.0,27022.35,4.0,4.0
4324637,9.0,108.0,37.0,Male,2.0,60768.45999999999,7.0,7.0
1371211,6.0,72.0,25.0,Unknown,2.0,38052.85,5.0,5.0
8392389,15.0,190.0,34.0,Male,2.0,99672.29,5.0,5.0
125139,22.0,269.0,43.0,Male,2.0,176868.90000000002,2.0,2.0
2184810,23.0,286.0,75.5,Male,4.0,2496314.67,7.0,7.0
9492592,14.0,168.0,56.5,Male,3.0,88040.87,4.0,4.0
441831,4.0,58.0,23.0,Unknown,2.0,34298.92,3.0,3.0
1018789,21.0,253.0,39.5,Male,2.0,81209.33,4.0,4.0
1331944,23.0,285.0,60.0,Male,2.0,34168.899999999994,1.0,1.0
8057076,10.0,120.0,24.5,Female,2.0,68218.85,7.0,7.0
424250,14.0,177.0,56.5,Male,2.0,135143.26,4.0,4.0
1997177,9.0,118.0,58.0,Male,2.0,25561.22,2.0,2.0
5624770,5.0,68.0,21.0,Unknown,3.0,41751.2,3.0,3.0
2721884,15.0,190.0,53.5,Female,2.0,32797.0,6.0,6.0
7939133,37.0,447.0,58.5,Female,2.0,375064.35,3.0,3.0
4277747,12.0,155.0,40.0,Male,3.0,36278.71,6.0,6.0
7217125,14.0,178.0,58.5,Unknown,2.0,319382.04,5.0,6.0
7953988,10.0,120.0,32.5,Male,2.0,41473.34,1.0,1.0
1196936,15.0,184.0,45.5,Female,2.0,482000.12,1.0,1.0
6716145,9.0,119.0,31.5,Male,2.0,56401.07000000001,4.0,4.0
4194308,10.0,130.0,55.5,Female,2.0,57840.48999999999,4.0,4.0
7807844,5.0,70.0,37.0,Unknown,2.0,493497.05,2.0,2.0
4851159,6.0,79.0,60.0,Unknown,2.0,74501.76,4.0,4.0
6746156,8.0,106.0,32.0,Female,2.0,19019.55,1.0,1.0
2690705,15.0,181.0,53.0,Female,2.0,24910.52,3.0,3.0
7979279,4.0,49.0,35.0,Female,2.0,40441.45,3.0,3.0
2489338,5.0,66.0,17.5,Unknown,2.0,17869.949999999997,4.0,4.0
7993686,4.0,56.0,38.5,Unknown,3.0,1411062.68,5.0,5.0
8981690,12.0,148.0,31.0,Male,2.0,101867.07,6.0,6.0
333913,16.0,198.0,61.5,Female,2.0,40745.0,3.0,3.0
1573142,21.0,255.0,68.0,Male,3.0,475114.69,4.0,4.0
5602139,21.0,254.0,59.5,Female,3.0,157498.72999999998,7.0,7.0
